45 339 38 161
45 405 45 157
45 330 44 160
46 351 40 155
53 392 42 153
48 373 40 154
47 313 37 165
47 315 37 164
46 327 37 166
51 364 36 165
47 344 36 166
49 325 45 160
54 334 39 159
44 349 38 160
46 347 36 172
42 337 42 167
49 358 39 158
50 348 39 158
42 353 42 162
50 378 46 153
44 339 44 161
47 339 38 160
50 357 46 154
46 341 40 156
46 326 40 160
43 318 40 163
43 346 43 161
44 342 44 159
45 340 37 164
49 343 36 169
44 346 36 173
44 334 37 171
44 318 38 163
45 340 40 159
51 331 38 161
44 346 44 158
55 338 45 156
46 343 37 163
44 324 38 162
46 357 39 159
52 342 36 168
48 326 45 158
47 328 40 158
48 323 40 161
47 335 39 159
48 311 38 164
56 340 36 172
49 387 36 165
55 353 40 154
45 335 37 167
45 353 36 166
44 351 36 167
