72 906 61 378
74 740 72 345
77 849 60 365
73 804 63 353
78 749 62 353
79 735 66 349
106 961 106 333
71 812 63 359
74 833 63 350
75 745 66 348
73 787 73 347
76 746 61 363
76 787 62 356
72 769 72 351
76 782 72 344
77 760 63 350
77 741 66 347
78 734 78 341
84 711 72 344
73 718 73 348
98 870 98 334
76 803 61 359
73 781 66 348
77 790 61 361
90 824 90 335
78 770 72 344
71 736 66 353
78 726 78 342
74 834 62 353
72 928 61 372
75 754 61 364
74 788 72 344
76 899 60 365
79 766 61 359
78 786 61 359
73 753 63 354
79 731 72 344
68 862 67 367
77 736 63 351
73 805 72 344
73 769 60 367
73 804 61 359
92 798 90 335
75 820 63 350
74 803 61 362
85 741 62 363
114 1054 114 332
79 781 60 365
84 747 84 338
71 893 61 379
81 725 66 347
90 820 90 336
74 722 63 352
78 739 66 347
77 768 62 356
76 776 63 350
72 793 62 356
74 734 72 347
110 945 106 333
76 753 66 347
98 796 90 336
76 815 62 353
121 1044 114 332
71 792 66 351
