77 714 76 359
76 682 72 362
81 700 59 387
76 675 70 363
79 686 67 366
77 699 67 366
77 682 65 369
81 737 70 362
75 654 60 378
75 649 61 376
75 649 60 379
77 716 58 390
81 711 72 360
75 652 63 373
74 642 67 369
77 671 69 364
80 710 76 356
75 661 65 370
80 714 77 355
74 661 70 365
85 735 80 351
77 671 70 363
77 675 56 395
75 665 60 377
77 671 71 362
76 688 67 367
82 716 77 354
84 763 82 349
77 680 73 360
86 782 84 347
78 693 75 357
88 798 86 345
73 643 64 372
73 643 62 375
78 688 74 358
78 690 68 365
79 689 68 365
73 646 68 367
77 657 55 405
90 822 88 342
81 728 78 353
77 659 55 398
73 644 66 369
77 657 56 402
83 718 76 355
77 658 56 397
78 692 57 393
81 719 76 355
83 736 80 351
77 658 57 395
84 740 80 350
73 646 67 368
77 657 58 399
73 651 68 366
74 650 68 366
77 657 54 407
83 731 79 352
77 657 57 400
71 620 65 377
84 730 79 352
79 702 59 387
77 658 58 394
80 710 74 357
85 739 80 350
77 675 71 361
71 618 64 378
91 838 90 341
75 661 69 365
83 772 82 350
71 617 60 384
71 617 62 380
74 666 70 364
78 674 71 361
71 617 63 379
72 634 65 371
77 662 55 397
77 661 56 396
71 617 61 381
74 666 69 365
75 665 70 364
85 792 84 348
71 623 63 377
72 627 64 375
77 661 58 393
84 727 78 353
77 661 57 394
77 684 58 391
78 683 58 391
71 623 64 376
77 658 54 402
72 634 61 377
75 665 62 374
71 624 65 375
71 625 65 374
77 663 54 399
72 626 62 377
72 628 66 373
72 626 63 376
72 632 63 374
72 632 64 373
71 629 66 373
77 658 55 400
73 644 68 368
85 758 56 393
72 639 66 370
96 830 90 341
94 810 88 342
93 811 88 342
77 660 54 400
95 831 90 341
77 678 59 389
78 685 59 388
89 792 86 344
89 786 85 345
72 625 62 378
93 832 90 341
90 770 84 346
78 678 54 398
72 633 65 372
91 791 86 344
77 680 58 392
92 790 86 344
72 625 60 381
91 812 88 342
72 626 61 378
90 785 85 345
90 796 86 343
86 756 82 348
75 667 64 371
81 717 77 354
87 766 83 347
77 661 59 391
87 755 82 348
91 795 86 343
88 765 83 347
89 771 84 346
87 772 84 346
83 721 70 362
85 752 82 349
82 722 70 362
72 625 61 379
79 696 55 395
78 678 73 360
77 681 67 367
77 658 59 392
71 621 64 377
78 682 73 359
79 681 73 359
78 692 67 366
76 675 69 364
71 621 62 379
76 672 66 368
72 627 62 376
73 635 66 370
78 693 56 394
87 803 86 345
78 701 58 390
72 629 63 375
71 621 63 378
71 620 61 380
78 694 57 392
