441 7891 348 2322
436 7749 339 2324
421 7626 319 2351
395 7307 307 2381
434 7538 320 2344
420 7563 331 2335
479 8685 323 2339
399 7218 315 2363
428 7840 319 2347
417 7516 320 2348
445 8055 312 2356
410 7412 307 2378
423 7639 320 2345
413 7066 336 2354
451 8077 343 2317
397 7023 315 2367
414 7200 307 2372
401 7388 315 2357
494 8724 343 2314
487 8578 323 2337
477 8770 312 2353
415 7470 331 2337
437 7859 337 2324
445 8002 337 2320
487 8740 337 2318
398 7138 307 2379
479 8237 336 2321
418 7515 324 2349
476 8399 336 2322
420 7598 315 2352
469 8516 321 2341
397 6968 356 2377
486 8756 320 2341
449 7894 352 2320
448 7997 343 2318
431 7773 325 2339
455 7940 343 2318
446 7967 312 2355
413 7259 323 2352
412 7187 315 2359
460 8290 307 2356
430 7637 319 2343
414 7178 315 2361
442 8088 312 2355
396 7189 310 2388
467 8459 328 2329
424 7699 328 2340
416 7520 320 2350
458 8157 319 2342
435 7339 328 2343
418 7628 315 2351
440 7727 331 2324
425 7401 315 2350
436 7851 323 2341
497 8657 320 2339
404 7335 312 2365
424 7541 331 2325
487 8897 352 2314
393 6964 320 2413
448 7957 325 2333
430 7366 315 2347
426 7715 328 2331
406 7428 307 2358
425 7469 323 2342
510 9454 312 2351
423 7596 321 2342
434 7868 315 2345
466 8226 336 2323
439 8045 344 2323
478 8647 328 2327
450 8037 312 2354
444 7655 325 2341
413 7490 325 2346
418 7468 323 2351
473 8481 354 2314
480 8340 343 2315
404 7198 315 2353
513 9094 352 2313
467 8336 331 2323
460 8288 307 2357
493 8545 323 2338
401 7171 344 2333
498 8924 339 2317
451 7931 348 2321
424 7335 319 2351
427 7360 319 2350
493 8538 312 2353
423 7834 331 2331
425 7522 328 2339
392 7092 328 2345
422 7549 315 2350
505 8416 328 2330
438 7844 315 2346
394 6998 320 2359
433 7897 325 2337
461 8360 343 2315
454 7937 337 2319
454 7942 323 2340
412 7245 337 2341
403 7004 339 2328
