608 11620 598 3255
571 10559 550 3288
566 9927 566 3277
702 12012 566 3271
575 9864 534 3317
582 10139 582 3264
676 13751 667 3236
641 12521 582 3257
636 12900 582 3257
555 9962 550 3294
568 9978 550 3290
553 10080 550 3290
555 10012 550 3290
644 11852 582 3262
566 10175 566 3275
641 12674 603 3250
561 10379 534 3312
587 10161 566 3275
579 10252 534 3303
544 9925 534 3317
661 12658 566 3271
627 11440 578 3271
536 11308 534 3341
625 12247 598 3251
663 12746 598 3247
699 13943 598 3242
550 9926 550 3303
588 10967 561 3286
536 11215 534 3352
655 12749 636 3246
560 9888 534 3317
548 10074 534 3316
595 10099 582 3274
581 10247 540 3291
593 10691 540 3289
705 14757 612 3240
543 10022 534 3317
660 13224 598 3249
534 11124 534 3366
540 10120 534 3317
669 14142 668 3235
541 10112 534 3317
534 11066 534 3370
614 11999 579 3270
672 13486 628 3238
717 14864 612 3228
542 10100 534 3317
626 12472 582 3258
673 14491 628 3233
688 12674 598 3250
681 13857 644 3236
699 14356 676 3216
626 11967 582 3260
724 13569 582 3247
640 12449 608 3248
712 14372 676 3215
677 13184 608 3245
702 14829 693 3213
570 10182 566 3273
582 10169 566 3273
723 14125 582 3249
566 9792 566 3286
675 14392 661 3217
582 10098 582 3276
681 13149 582 3255
699 14470 676 3215
695 13201 566 3270
694 14431 677 3215
687 14102 661 3217
570 9776 566 3277
630 11332 566 3272
568 9903 566 3277
673 13211 566 3264
697 14355 677 3215
678 14119 661 3217
710 14696 693 3213
534 11132 534 3356
800 15560 608 3239
566 9708 566 3287
692 14511 677 3215
671 13275 595 3244
537 11159 534 3352
544 10131 534 3316
575 9980 534 3316
550 9756 550 3304
739 14107 566 3258
566 9703 566 3290
708 13094 566 3261
687 13598 628 3228
670 13906 644 3219
561 9706 550 3304
740 14294 624 3236
698 14956 676 3215
550 10010 534 3316
676 14366 661 3217
662 12935 592 3256
560 9754 550 3304
677 14169 660 3217
729 12959 566 3263
705 14805 627 3226
761 14627 643 3220
587 10097 566 3276
575 10288 534 3302
732 14640 624 3229
735 14911 627 3221
698 14371 628 3221
570 10601 534 3302
706 14749 693 3213
566 9639 566 3291
685 13921 624 3242
