482 11744 440 4141
478 11733 447 4146
498 12052 436 4149
477 11182 452 4121
489 11375 450 4120
491 11274 450 4135
483 11390 440 4141
482 11247 452 4107
503 11717 436 4113
462 10839 459 4101
503 11430 440 4105
493 11995 436 4156
466 10922 459 4095
470 10801 459 4090
471 10771 459 4090
500 11954 436 4159
503 11569 440 4100
487 10944 487 4050
490 11146 487 4049
511 11338 487 4048
471 10969 458 4113
495 11940 447 4122
501 11808 436 4149
503 11161 503 4043
476 10654 475 4060
522 11938 519 4041
527 12002 519 4039
546 12684 429 4166
519 11901 519 4042
557 12175 519 4038
535 11919 503 4042
531 12224 519 4038
466 11122 459 4090
530 12165 440 4084
490 11049 464 4056
499 11193 447 4099
492 11420 452 4057
508 11399 440 4099
503 11334 440 4106
500 11323 442 4086
499 11513 442 4086
574 13175 429 4163
557 12338 503 4039
559 12666 519 4033
563 13059 429 4165
587 13166 519 4025
584 12878 519 4028
544 12433 519 4035
583 13821 431 4161
531 12800 431 4162
551 12519 523 4030
544 12610 535 4018
566 13155 507 4035
545 12136 507 4041
559 12648 429 4166
591 13594 500 4033
531 12317 429 4171
477 10788 459 4075
486 10785 475 4058
549 12576 431 4165
523 12479 475 4043
573 13550 507 4033
474 10739 459 4081
575 13836 430 4157
483 10651 452 4070
480 11043 459 4069
551 12853 535 4017
475 10597 475 4065
484 11150 475 4054
475 10662 475 4059
556 12689 523 4028
556 12717 535 4016
532 12344 491 4041
487 10828 452 4063
556 12998 523 4027
468 10804 459 4077
485 10824 459 4069
535 12700 519 4033
535 12048 472 4050
509 11878 491 4045
594 13256 503 4033
542 12533 523 4030
485 10864 475 4054
544 11694 475 4042
492 11033 491 4048
572 13093 491 4040
475 10554 475 4082
523 11628 475 4045
514 11357 442 4083
495 11018 452 4060
475 10559 475 4070
487 10838 468 4058
494 11079 452 4051
488 10769 475 4058
484 10971 459 4064
533 12274 491 4043
503 11522 440 4102
475 10681 459 4076
503 11403 475 4046
486 10943 475 4051
573 13589 503 4030
491 10650 491 4064
532 12585 507 4036
538 12305 436 4079
564 13169 519 4021
