437 10261 436 3714
437 10265 433 3715
440 10546 410 3734
478 10459 478 3664
446 10369 436 3692
448 10377 446 3683
446 10375 446 3690
437 10306 434 3714
445 10647 418 3703
437 10431 429 3712
440 10529 422 3708
439 10491 422 3722
446 10376 446 3686
437 10274 436 3713
439 10225 433 3715
446 10418 436 3690
445 10573 416 3714
440 10574 414 3715
446 10336 446 3693
442 10336 430 3696
494 10656 494 3651
446 10740 417 3711
437 10402 426 3729
446 10343 446 3692
451 10245 422 3727
447 10723 430 3693
449 10562 449 3679
446 10533 446 3682
439 10429 422 3725
446 10708 436 3686
437 10234 434 3715
446 10571 436 3688
494 10733 494 3650
446 10682 431 3692
449 10465 449 3680
437 10467 422 3728
444 10329 430 3696
460 10368 415 3740
437 10490 417 3729
446 10422 446 3684
446 10540 436 3689
440 10384 436 3698
441 10312 418 3710
437 10472 429 3710
477 10754 472 3660
449 10755 405 3734
444 10295 418 3710
440 10414 430 3698
440 10298 418 3721
440 10334 418 3710
439 10468 429 3710
440 10400 436 3697
449 10150 426 3730
494 10782 494 3648
445 10227 445 3706
442 10286 418 3721
440 10344 415 3753
442 10229 421 3747
447 10367 445 3692
439 10146 433 3718
448 10801 448 3679
459 10436 454 3675
437 10415 430 3717
450 10400 446 3682
440 10568 407 3727
482 10609 478 3654
450 10717 414 3714
440 10492 414 3726
441 10405 430 3696
461 10394 454 3675
441 10374 436 3697
462 10391 462 3670
448 10407 446 3682
440 10513 414 3722
491 11129 490 3646
442 10452 430 3694
442 10280 426 3713
461 10799 454 3672
442 10163 426 3730
448 10474 446 3680
458 10182 426 3729
468 10392 454 3675
478 10755 478 3654
451 10416 446 3681
439 10417 414 3729
445 10244 445 3703
463 10373 462 3670
442 10145 422 3744
478 10506 478 3658
467 10709 467 3665
453 10508 449 3679
450 10343 446 3683
462 10175 426 3729
442 10272 430 3698
478 10783 478 3653
448 10250 431 3695
448 10512 430 3693
449 10123 431 3732
442 10188 426 3729
443 10304 416 3743
441 10485 414 3715
463 10328 454 3676
459 10347 454 3676
493 10832 490 3648
443 10395 436 3691
479 10665 478 3654
477 10611 472 3661
492 11025 490 3646
478 10609 472 3661
454 10489 449 3679
442 10594 416 3712
510 11320 510 3632
494 11087 494 3640
510 11299 508 3638
439 10174 439 3714
509 11319 508 3638
492 10903 490 3647
448 10383 436 3687
448 10246 430 3700
440 10297 430 3699
542 11719 542 3620
558 11604 558 3616
439 10397 408 3745
441 10401 418 3704
437 10276 429 3719
449 10222 422 3732
442 10149 422 3733
488 10495 472 3663
545 11642 542 3620
462 10437 462 3669
443 10185 426 3729
526 11197 526 3629
437 10297 429 3718
510 11057 510 3635
448 10477 431 3692
450 10415 449 3681
449 10424 449 3681
439 10206 434 3715
479 10749 478 3653
441 10428 407 3746
448 10532 418 3703
495 10695 490 3651
510 11170 510 3634
450 10376 436 3687
526 11187 526 3631
445 10199 445 3708
542 11521 542 3621
448 10350 436 3689
450 10444 436 3686
442 10479 407 3727
444 10501 412 3725
460 10341 415 3743
558 12304 558 3612
444 10302 431 3695
558 11746 558 3614
542 11819 542 3619
468 10430 462 3669
443 10142 421 3747
440 10234 429 3723
443 10230 415 3753
495 10749 494 3645
440 10442 425 3709
439 10407 418 3727
443 10230 417 3741
443 10191 421 3737
491 10800 490 3649
441 10287 430 3698
455 10711 404 3745
560 11730 558 3614
440 10257 422 3727
542 11467 542 3622
452 10222 415 3753
560 11635 542 3620
438 10430 424 3730
481 10534 472 3661
446 10437 430 3694
452 10134 421 3747
503 11183 503 3639
448 10427 431 3693
463 10629 462 3666
510 11031 510 3636
545 12049 545 3618
440 10234 422 3735
448 10342 436 3694
437 10150 433 3718
446 10117 433 3720
495 10756 490 3650
477 10461 472 3664
462 10500 462 3667
439 10349 424 3724
440 10125 433 3720
491 10849 490 3648
437 10261 417 3731
558 11637 558 3615
574 11933 574 3609
441 10457 414 3722
450 10343 436 3689
491 10780 490 3651
455 10127 421 3747
558 11535 558 3619
466 10585 466 3666
441 10448 416 3720
441 10404 409 3735
463 10588 454 3672
441 10420 417 3719
477 10503 472 3662
494 10844 494 3644
442 10392 414 3722
494 10849 494 3643
481 10558 478 3655
491 10913 490 3647
562 11861 558 3613
441 10479 427 3701
495 11068 494 3640
526 11370 526 3627
459 10450 449 3679
504 11173 503 3639
506 10585 494 3652
560 11872 558 3613
448 10655 416 3711
451 10726 407 3726
448 10449 436 3686
526 11328 526 3628
558 11909 558 3613
590 12297 590 3601
471 10464 467 3666
441 10411 414 3723
574 11998 574 3607
499 10591 494 3652
479 10559 472 3661
474 11173 405 3731
510 11244 510 3633
448 10460 416 3715
480 10744 478 3653
441 10367 419 3702
453 10547 448 3679
606 12490 606 3596
524 11502 524 3631
439 10238 429 3712
559 11889 558 3613
479 10583 472 3660
478 10533 478 3656
495 10781 494 3644
446 10424 407 3746
478 10602 478 3655
606 12411 606 3597
442 10392 413 3734
526 11590 526 3625
440 10434 430 3697
440 10241 426 3724
470 10555 462 3666
517 10926 510 3638
510 11003 510 3637
510 10928 510 3638
464 10703 404 3740
437 10305 426 3730
606 12401 606 3600
447 10380 414 3734
442 10267 431 3700
470 10451 462 3667
485 10821 485 3652
437 10157 433 3717
460 10341 416 3733
574 11854 574 3610
453 10542 449 3678
566 12071 558 3612
447 10379 407 3746
437 10361 410 3741
452 10547 449 3678
494 10872 494 3642
494 10884 494 3641
439 10293 426 3730
526 11474 526 3626
443 10473 436 3690
527 11585 526 3625
574 12232 574 3606
450 10553 448 3679
442 10438 407 3739
453 10220 415 3753
450 10467 418 3702
471 10568 467 3665
463 10423 454 3673
442 10389 418 3704
542 11452 542 3625
479 10646 472 3659
461 10424 454 3673
446 10466 416 3715
561 12075 558 3612
450 10649 405 3732
450 10440 446 3680
441 10396 409 3740
590 12109 590 3602
437 10424 433 3713
457 10722 412 3724
440 10286 422 3711
574 11986 574 3608
494 10597 494 3652
