0,0.00466896,1
1,0.00692005,0.909635
2,0.00903281,0.909635
3,0.0112296,0.849371
5,0.0154655,0.849371
7,0.0201802,0.849371
8,0.0247588,0.849371
10,0.0321861,0.849371
12,0.0392688,0.849371
15,0.0504357,0.729165
18,0.0627736,0.729165
22,0.0788245,0.729165
27,0.0983003,0.729165
33,0.121737,0.729165
40,0.148962,0.729165
48,0.179264,0.729165
58,0.216777,0.729165
70,0.262763,0.729165
84,0.317232,0.729165
101,0.382248,0.668847
122,0.463397,0.668847
147,0.559087,0.668847
177,0.674731,0.668847
213,0.814345,0.668847
256,0.979143,0.667715
311,1.17866,0.667715
377,1.41671,0.667715
454,1.7032,0.666817
554,2.04603,0.513419
668,2.46032,0.513419
804,2.95643,0.326712
968,3.55329,0.284863
1162,4.26828,0.284863
1388,5.1294,0.227788
1657,6.16382,0.227707
1979,7.40444,0.218985
2378,8.89567,0.168157
2856,10.6845,0.103249
3440,12.8341,0.0970161
4096,15.4169,0.0728478
4909,18.5178,0.0694812
5899,22.2391,0.0694812
7095,26.7091,0.0512297
8568,32.0761,0.0506706
10373,38.522,0.0470552
12495,46.2637,0.0470552
14964,55.5576,0.0463722
17899,66.7192,0.0433605
21334,80.1218,0.0402582
25300,96.2156,0.0352856
29891,115.544,0.0333727
35554,138.755,0.0219039
42048,166.626,0.0219039
49606,200.097,0.018065
58943,240.286,0.0179139
69994,288.548,0.0176154
82958,346.503,0.0172878
98521,416.097,0.0161816
116492,499.664,0.0158717
138084,600.003,0.0158511
