0,0.0141139,0.00348411
1,0.036998,0.00272529
2,0.058607,0.00272529
3,0.087881,0.00272529
5,0.142233,0.00272529
8,0.222692,0.00272529
12,0.328732,0.00228423
18,0.49665,0.00228423
27,0.736003,0.00206957
40,1.0925,0.00186723
59,1.60592,0.00181628
86,2.34612,0.00140252
124,3.39905,0.00134485
179,4.92123,0.00116228
258,7.12151,0.00110873
373,10.3234,0.000832886
546,14.9488,0.000346089
795,21.6336,0.000345987
1152,31.2767,0.0002478
1672,45.2151,0.000247746
2416,65.383,0.000223115
3490,94.5207,0.000216278
5015,136.638,0.000169433
7221,197.506,0.000153338
10362,285.465,0.000149472
14928,412.587,0.000145423
21576,596.306,0.000123073
31099,861.815,0.000123041
44774,1245.52,0.000123041
73246,1800.01,0.000123032
