0,0.0174931,0.850902
10065,60.0226,0.107901
19777,120.024,0.0614135
32122,180.026,0.0614135
49408,240.027,0.0607179
65372,300.029,0.0586746
79760,360.032,0.0558235
94725,420.035,0.0550984
109183,480.035,0.0516207
124270,540.036,0.0470189
140414,600.037,0.0450065
156481,660.037,0.0448217
171953,720.038,0.0448217
187163,780.042,0.0409586
202407,840.045,0.0409586
217134,900.048,0.0409586
231736,960.049,0.0409586
246130,1020.05,0.0409586
260239,1080.05,0.0409433
273883,1140.06,0.0409433
287855,1200.06,0.0409416
301469,1260.06,0.0409416
315318,1320.06,0.0407812
329088,1380.06,0.0405376
343382,1440.07,0.0401201
358311,1500.07,0.0332508
373926,1560.07,0.0332508
389256,1620.07,0.0332508
404722,1680.07,0.0332508
420287,1740.07,0.0332326
435878,1800.08,0.0332326
451501,1860.08,0.0332326
467389,1920.08,0.0332326
484084,1980.08,0.0328769
500218,2040.08,0.0315758
516537,2100.08,0.0283491
532731,2160.08,0.0283491
548639,2220.09,0.0283491
564479,2280.09,0.0283491
579816,2340.09,0.0283491
595094,2400.09,0.0283491
610188,2460.1,0.0269025
625344,2520.1,0.0269025
640370,2580.1,0.0269025
655375,2640.1,0.0268096
670634,2700.1,0.026666
685842,2760.1,0.0265664
701108,2820.11,0.026537
716289,2880.11,0.026537
731215,2940.11,0.026537
745746,3000.11,0.026537
760157,3060.11,0.0265353
774412,3120.11,0.0265353
788279,3180.11,0.0242966
802854,3240.12,0.0242966
817365,3300.12,0.0242966
831667,3360.12,0.0242966
845956,3420.12,0.0242966
860203,3480.12,0.0242748
874407,3540.13,0.0242748
888466,3600,0.0242748
