0,0.0120195,0.891661
2275,60.0206,0.000389804
4463,120.046,0.000260274
6592,180.061,0.000214813
8669,240.081,0.000188588
10733,300.104,0.000173051
12759,360.121,0.000170073
14783,420.148,0.000160397
16810,480.169,0.000142851
18848,540.188,0.000137392
20877,600.202,0.000129944
22917,660.218,0.000118659
24978,720.246,0.00010449
27042,780.258,8.81866e-05
29102,840.262,8.60448e-05
31143,900.276,8.51445e-05
33158,960.288,8.39055e-05
35176,1020.31,8.36465e-05
37192,1080.32,7.8169e-05
39207,1140.32,7.74536e-05
41235,1200.34,7.7434e-05
43256,1260.36,7.54309e-05
45272,1320.37,7.46334e-05
47287,1380.38,7.45196e-05
49297,1440.38,7.45088e-05
51317,1500.4,7.19179e-05
53349,1560.43,7.19064e-05
55362,1620.45,7.05314e-05
57390,1680.47,6.78833e-05
59386,1740.47,6.07941e-05
61398,1800.5,5.31401e-05
63415,1860.53,5.26415e-05
65434,1920.53,5.24939e-05
67456,1980.55,4.68384e-05
69475,2040.58,4.67471e-05
71505,2100.61,4.66438e-05
73536,2160.63,4.66312e-05
75565,2220.64,4.65615e-05
77598,2280.66,4.34397e-05
79633,2340.69,4.34352e-05
81670,2400.69,4.31531e-05
83724,2460.69,4.25788e-05
85770,2520.69,4.25491e-05
87815,2580.72,4.2426e-05
89856,2640.74,3.93522e-05
91885,2700.75,3.92382e-05
93926,2760.77,3.91645e-05
95957,2820.77,3.91645e-05
97973,2880.77,3.91399e-05
99975,2940.78,3.90873e-05
101979,3000.8,3.90818e-05
103978,3060.81,3.88717e-05
105973,3120.81,3.78008e-05
107955,3180.84,3.74838e-05
109916,3240.86,3.53235e-05
111845,3300.86,3.45863e-05
113758,3360.89,3.44675e-05
115647,3420.89,3.30397e-05
117595,3480.89,3.20532e-05
119556,3540.92,3.19729e-05
121505,3600.02,3.19476e-05
