0,0.0121931,0.0622577
1,0.0398529,0.0601641
3,0.075146,0.0519539
5,0.109572,0.0483156
8,0.161489,0.0459843
12,0.229955,0.0403137
18,0.333094,0.0305184
27,0.486786,0.0236196
39,0.693019,0.0221241
56,0.981952,0.0177805
80,1.39118,0.0156852
114,1.96585,0.0134575
162,2.77058,0.011045
230,3.90271,0.00937156
326,5.49263,0.0076288
458,7.72609,0.00673812
642,10.8651,0.00581775
889,15.2801,0.00508873
1229,21.4779,0.0039187
1699,30.1832,0.00349497
2355,42.3881,0.00342038
3278,59.5253,0.00335066
4569,83.5919,0.0026737
6384,117.401,0.00267224
8895,164.875,0.00246786
12305,231.53,0.00246782
17028,325.117,0.00246722
23722,456.515,0.00246656
32242,641.005,0.00246568
40599,900.011,0.0024655
