0,0.0814075,0.0537949
1,0.164893,0.0495357
2,0.247851,0.0448114
4,0.411017,0.0448114
7,0.610764,0.040848
10,0.853916,0.0362835
14,1.1817,0.0326192
19,1.59256,0.0287987
26,2.17568,0.0264987
35,2.90532,0.0207692
48,3.92213,0.0148968
66,5.26005,0.0148931
91,7.07501,0.014889
123,9.42921,0.0139537
166,12.5632,0.0114479
222,16.7635,0.00924869
292,22.3169,0.00924755
386,29.6651,0.00924679
513,39.4768,0.00924656
684,52.5113,0.00924643
915,69.8277,0.00924629
1231,92.8253,0.00924614
1650,123.341,0.00924613
2208,163.846,0.00924603
2963,217.643,0.00924598
3973,289.141,0.00924591
5323,384.097,0.00924591
7103,510.225,0.0067118
9494,677.698,0.00398063
12680,900.021,0.00272131
