0,0.0290889,0.914391
1421,60.0692,0.149355
2847,120.082,0.142947
4261,180.118,0.114972
5632,240.122,0.113533
7022,300.144,0.0798311
8415,360.18,0.077708
9797,420.2,0.0776929
11188,480.213,0.0776795
12576,540.237,0.0751203
13961,600.245,0.0751203
15346,660.257,0.074886
16728,720.282,0.074886
18108,780.299,0.074886
19492,840.342,0.0748798
20874,900.348,0.0748798
22250,960.369,0.0743867
24135,1020.39,0.0671626
26094,1080.42,0.0660687
28057,1140.45,0.060656
30039,1200.45,0.0588314
32009,1260.47,0.0585382
33968,1320.48,0.0577733
35936,1380.49,0.0574981
37896,1440.51,0.0574981
39837,1500.54,0.0543446
41772,1560.55,0.0531931
43716,1620.58,0.0531918
45657,1680.58,0.0531918
47605,1740.6,0.0531917
49552,1800.61,0.0531881
51508,1860.64,0.0531881
53460,1920.65,0.0531881
55410,1980.65,0.0531881
57353,2040.67,0.0531881
59298,2100.69,0.0531881
61236,2160.71,0.0531881
63168,2220.73,0.0531881
65101,2280.74,0.0531881
67030,2340.76,0.0518247
68966,2400.79,0.0518247
70899,2460.81,0.0515017
72837,2520.83,0.0502793
74758,2580.83,0.0502791
76690,2640.85,0.0502652
78621,2700.87,0.0502652
80558,2760.9,0.0502652
82489,2820.92,0.0502652
84424,2880.92,0.0502652
86357,2940.95,0.0502652
88289,3000.96,0.0502652
90223,3060.96,0.0502652
92154,3120.98,0.0502652
94081,3180.98,0.0502652
96011,3240.98,0.0502652
97939,3301,0.0502652
99867,3361.01,0.0502652
101793,3421.02,0.0502652
103719,3481.03,0.0502652
105651,3541.06,0.0502652
107542,3600.02,0.0502652
