0,0.069849,0.744074
1,0.13212,0.744074
2,0.18859,0.690452
4,0.307126,0.667399
7,0.47837,0.521725
11,0.70279,0.43442
16,0.98792,0.348978
23,1.39702,0.214689
33,1.97064,0.14405
47,2.77181,0.0812796
67,3.83703,0.0348947
98,5.31743,0.0221995
150,7.38051,0.01333
221,10.2276,0.010779
319,14.1374,0.0104598
459,19.5536,0.0104592
656,27.0441,0.0104592
931,37.3706,0.010455
1311,51.6168,0.010455
1839,71.3071,0.0104496
2568,98.5098,0.00981714
3538,136.054,0.00887353
4884,187.895,0.0071812
6756,259.494,0.00357937
9249,358.375,0.00309714
12901,494.945,0.00240991
17997,683.535,0.00178363
25077,943.942,0.00177571
34853,1303.53,0.001563
48411,1800.02,0.00148004
