0,0.00656293,0.442241
1,0.0340283,0.481628
2,0.0577754,0.481628
4,0.10626,0.492674
6,0.155448,0.492674
9,0.227604,0.492674
13,0.323879,0.493823
19,0.468231,0.528316
28,0.683392,0.528316
40,0.969874,0.546438
57,1.37335,0.546438
81,1.94151,0.55672
115,2.74547,0.60029
162,3.86335,0.616369
228,5.43353,0.62006
321,7.64911,0.633333
453,10.7644,0.65538
638,15.1366,0.65538
898,21.2781,0.663782
1265,29.9239,0.68804
1780,42.0698,0.704422
2506,59.1487,0.709247
3526,83.1426,0.721603
4955,116.859,0.739643
6968,164.233,0.739643
9798,230.801,0.744964
13770,324.354,0.755839
19333,455.804,0.775655
27162,640.512,0.799614
38168,900.019,0.799614
