0,0.0169515,0.343007
1,0.0452734,0.355492
2,0.0735316,0.355492
4,0.130673,0.381105
7,0.217215,0.381105
11,0.335177,0.401659
16,0.48245,0.401659
24,0.71838,0.408138
35,1.04015,0.430549
51,1.50274,0.461609
73,2.14608,0.483666
105,3.0591,0.522185
152,4.38699,0.527425
217,6.25987,0.531872
309,8.94572,0.538225
439,12.7505,0.549477
623,18.1822,0.55823
884,25.9109,0.579779
1268,36.9017,0.589533
1810,52.5461,0.612427
2578,74.8212,0.637172
3672,106.563,0.646311
5175,151.736,0.661216
7325,216.07,0.675375
10341,307.663,0.684165
14625,438.075,0.694714
20606,623.726,0.7125
29070,888.044,0.723134
40962,1264.36,0.723134
57871,1800.01,0.723134
