0,0.015945,0.71978
4890,60.0183,1
9976,120.022,1
15175,180.025,1
20612,240.028,1
25878,300.029,1
31078,360.04,1
36367,420.049,1
41451,480.065,1
46588,540.066,1
51610,600.071,1
56425,660.078,1
61528,720.085,1
66488,780.091,1
71383,840.102,1
76003,900.106,1
80638,960.113,1
85242,1020.13,1
89684,1080.14,1
94209,1140.14,1
98683,1200.15,1
103257,1260.15,1
107798,1320.16,1
112362,1380.16,1
116830,1440.17,1
121351,1500.18,1
125869,1560.19,1
130428,1620.19,1
135040,1680.2,1
139500,1740.2,1
144032,1800.21,1
148594,1860.22,1
153215,1920.23,1
157779,1980.23,1
162320,2040.23,1
166910,2100.24,1
171364,2160.25,1
175715,2220.26,1
180029,2280.27,1
184349,2340.28,1
188650,2400.29,1
192902,2460.29,1
197182,2520.3,1
201505,2580.3,1
205826,2640.3,1
210010,2700.3,1
214649,2760.31,1
219662,2820.31,1
224725,2880.32,1
229581,2940.32,1
234666,3000.33,1
239623,3060.33,1
244544,3120.34,1
249486,3180.34,1
254425,3240.35,1
259354,3300.36,1
264182,3360.36,1
269070,3420.37,1
274008,3480.38,1
278840,3540.38,1
283689,3600.01,1
