0,0.0203303,0.603752
1,0.0559324,0.603752
2,0.0899552,0.603752
4,0.152802,0.611522
7,0.24415,0.618019
11,0.365967,0.669472
16,0.526275,0.669472
23,0.742767,0.669472
33,1.04823,0.694745
46,1.45873,0.697264
64,2.01672,0.705263
89,2.8085,0.717657
122,3.87587,0.717657
168,5.36805,0.717657
232,7.40634,0.717657
319,10.2234,0.717657
439,14.0974,0.726931
600,19.4248,0.7385
818,26.7496,0.7385
1115,36.8449,0.7385
1523,50.7496,0.7385
2078,69.8733,0.7385
2841,96.1924,0.7385
3886,132.426,0.7385
5324,182.296,0.747059
7297,250.908,0.748325
9979,345.333,0.748325
13622,475.276,0.758125
18616,654.086,0.758125
27792,900.01,0.758125
