0 0.00583099 16
6126 60.0111 10
12210 120.02 12
18245 180.029 12
24275 240.036 12
30295 300.039 12
36288 360.041 12
41848 420.045 12
45617 480.048 12
49381 540.058 12
53094 600.066 10
56810 660.073 10
60511 720.074 10
64199 780.079 10
67889 840.092 10
71569 900.105 6
75231 960.118 6
78894 1020.12 6
82544 1080.13 6
86201 1140.14 6
89847 1200.14 6
93489 1260.16 6
97130 1320.17 6
100784 1380.18 6
104389 1440.19 6
108014 1500.19 6
111641 1560.21 6
115263 1620.21 6
118881 1680.21 6
122491 1740.23 5
126046 1800.24 5
129609 1860.26 5
133182 1920.26 5
136752 1980.27 5
140319 2040.27 5
143888 2100.28 5
147443 2160.29 5
151013 2220.31 5
154581 2280.32 5
158145 2340.34 5
161706 2400.34 5
165285 2460.35 5
168853 2520.36 5
172424 2580.37 5
175977 2640.37 5
179549 2700.39 5
183123 2760.4 5
186693 2820.41 5
190267 2880.42 5
193854 2940.43 5
197439 3000.43 5
201038 3060.45 5
204636 3120.46 5
208227 3180.46 5
211835 3240.48 5
215423 3300.49 5
219032 3360.49 5
222646 3420.5 5
226249 3480.51 5
229851 3540.51 5
233415 3600.01 5
