0 0.00460819 15
1269 30.0056 20
2547 60.0139 19
3814 90.0252 19
5083 120.031 20
6351 150.045 18
7622 180.055 18
8889 210.077 18
10155 240.099 19
11417 270.101 19
12679 300.105 19
13952 330.117 19
15216 360.123 19
16495 390.138 19
17777 420.152 18
19056 450.154 20
20322 480.157 20
21600 510.168 17
22868 540.186 20
24144 570.187 17
25405 600.193 18
26674 630.198 18
27932 660.203 18
29203 690.208 18
30459 720.227 20
31715 750.25 20
32970 780.257 18
34228 810.258 19
35481 840.268 22
36733 870.27 18
37985 900.286 19
39249 930.299 19
40498 960.309 17
41746 990.312 17
42994 1020.34 21
44264 1050.35 18
45527 1080.37 21
46794 1110.39 19
48059 1140.41 17
49329 1170.41 19
50600 1200.43 19
51873 1230.44 18
53142 1260.44 19
54417 1290.46 20
55690 1320.48 20
56966 1350.49 18
58242 1380.51 17
59516 1410.53 20
60793 1440.54 17
62070 1470.54 17
63344 1500.56 21
64614 1530.58 18
65882 1560.61 18
67149 1590.61 20
68419 1620.61 21
69694 1650.62 19
70968 1680.62 18
72249 1710.64 20
73519 1740.65 18
74794 1770.67 17
76036 1800.02 18
