0 0.01038 13
1 0.0147834 8
2 0.0189642 6
3 0.0235763 4
4 0.0287034 3
6 0.0376918 2
9 0.0475214 2
13 0.0590685 2
17 0.0711457 1
22 0.0858058 1
28 0.103462 1
35 0.123506 1
44 0.148553 1
55 0.178403 1
64 0.215799 1
73 0.25823 1
84 0.311075 1
98 0.371489 1
115 0.44519 1
135 0.5322 1
159 0.637526 1
187 0.761501 1
221 0.911867 1
262 1.08857 1
310 1.29855 1
366 1.54911 1
430 1.84763 1
508 2.20577 1
599 2.62971 1
708 3.13373 1
838 3.73841 1
989 4.45772 1
1160 5.31274 1
1381 6.33353 1
1642 7.54533 1
1921 8.9922 1
2247 10.7142 1
2638 12.7647 1
3089 15.2079 2
3582 18.1182 1
4169 21.5867 1
4942 25.7163 1
5831 30.6392 1
6856 36.5014 1
8037 43.4864 1
9437 51.8029 1
11027 61.714 1
12806 73.5151 1
14934 87.575 1
17862 104.322 1
20996 124.271 1
24628 148.035 1
28708 176.339 1
33452 210.05 1
39187 250.205 1
45880 298.036 1
53597 355.014 1
62311 422.88 1
72672 503.724 1
84050 600.004 1
