0 0.0139086 12
7426 60.0194 18
13324 120.031 17
19245 180.04 18
25164 240.041 11
31056 300.048 15
37002 360.057 14
42711 420.066 13
48423 480.066 10
54118 540.07 16
59807 600.074 15
65465 660.081 12
71140 720.09 13
76839 780.1 14
82644 840.11 10
88419 900.118 14
94189 960.121 19
100036 1020.13 12
105959 1080.14 13
111827 1140.14 11
117771 1200.14 13
123582 1260.15 12
129286 1320.15 11
134925 1380.16 11
140541 1440.16 13
146144 1500.17 11
151772 1560.17 13
157443 1620.18 10
163110 1680.18 12
168798 1740.19 15
174455 1800.2 12
180103 1860.2 12
185773 1920.2 13
191395 1980.21 13
197035 2040.21 16
202731 2100.22 12
208397 2160.22 17
214024 2220.23 9
219625 2280.24 8
225282 2340.24 11
230955 2400.25 11
236726 2460.26 8
242490 2520.26 14
248271 2580.27 19
254021 2640.27 14
259648 2700.28 20
265498 2760.28 14
271359 2820.28 8
277118 2880.29 18
282963 2940.3 13
288789 3000.3 18
294629 3060.31 17
300458 3120.32 7
306253 3180.32 13
312123 3240.34 10
317976 3300.35 16
323865 3360.35 12
329656 3420.36 12
335475 3480.36 11
341293 3540.36 13
347195 3600 14
