0 0.0120744 12
3330 60.0184 1
6526 120.037 1
9704 180.049 1
12838 240.062 1
15928 300.066 1
19001 360.077 1
22051 420.094 1
25084 480.109 1
28068 540.111 1
30944 600.125 1
33827 660.13 1
36734 720.144 1
39613 780.163 1
42512 840.182 1
45439 900.197 1
48354 960.213 1
51369 1020.23 1
54424 1080.25 1
57501 1140.26 1
60614 1200.27 1
63732 1260.27 1
66833 1320.29 1
69922 1380.29 1
73005 1440.3 1
76096 1500.32 1
79178 1560.32 1
82269 1620.34 1
85360 1680.34 1
88449 1740.35 1
91577 1800.37 1
94687 1860.38 1
97776 1920.4 1
100859 1980.41 1
103961 2040.41 1
107060 2100.41 1
110162 2160.42 1
113272 2220.43 1
116370 2280.44 1
119475 2340.45 1
122612 2400.47 1
125738 2460.47 1
128866 2520.47 1
131960 2580.49 1
135051 2640.49 1
138159 2700.5 1
141255 2760.5 1
144329 2820.52 1
147429 2880.52 1
150529 2940.54 1
153624 3000.54 1
156670 3060.56 1
158663 3120.56 1
160651 3180.57 1
162630 3240.57 1
164607 3300.59 1
166593 3360.62 1
168573 3420.62 1
170556 3480.62 1
172553 3540.64 1
174520 3600 1
