0 0.199594 16
765 60.2064 9
1514 120.277 11
2057 180.285 14
2625 240.353 21
3217 300.397 20
4110 360.481 18
4879 420.486 17
5719 480.499 20
6548 540.507 29
7401 601.78 11
8248 661.832 14
9111 721.868 18
10001 782.14 14
10855 842.146 18
11720 902.174 9
12643 962.216 10
13601 1023.46 11
14541 1083.49 11
15467 1143.55 11
16401 1204 11
17348 1264.02 12
18183 1324.05 14
18985 1384.09 15
19827 1444.11 22
20701 1504.13 11
21584 1564.16 18
22474 1624.17 15
23341 1684.18 15
24201 1745.9 11
25079 1805.91 12
26001 1865.92 10
26876 1925.95 15
27635 1985.97 20
28422 2046.18 14
29201 2106.44 23
30001 2167.06 18
30803 2227.09 19
31660 2287.11 9
32583 2347.14 14
33427 2407.19 10
34280 2467.2 15
35163 2527.2 18
35980 2587.22 15
36777 2647.29 13
37524 2707.35 15
38342 2767.36 11
39101 2827.4 12
39932 2887.45 13
40706 2947.46 12
41542 3007.48 11
42436 3067.48 8
43359 3127.49 10
44271 3187.54 10
45202 3247.56 10
46075 3307.57 10
46951 3367.61 9
47864 3427.64 9
48811 3487.69 12
49769 3547.73 12
50551 3600.05 12
