0 0.0242595 13
2259 60.0493 11
4527 120.075 14
6789 180.077 14
9050 240.082 13
11072 300.114 12
12931 360.117 13
14687 420.149 15
16192 480.173 14
17705 540.177 13
19214 600.208 13
20706 660.219 14
22209 720.255 13
23717 780.27 13
25208 840.308 13
26707 900.335 14
28217 960.348 15
29708 1020.35 11
31212 1080.38 12
32697 1140.38 13
34202 1200.4 13
35709 1260.44 12
37207 1320.47 12
38707 1380.5 12
40204 1440.51 13
41705 1500.51 14
43198 1560.54 14
44689 1620.58 14
46181 1680.58 13
47674 1740.62 15
49176 1800.65 14
50669 1860.68 14
52174 1920.7 12
53674 1980.73 12
55173 2040.75 13
56671 2100.77 13
58174 2160.8 15
59682 2220.82 12
61181 2280.85 11
62688 2340.89 13
64195 2400.92 12
65699 2460.96 10
67191 2520.97 12
68678 2580.99 11
70176 2641 13
71674 2701.03 12
73174 2761.06 12
74673 2821.08 14
76195 2881.11 12
77692 2941.12 12
79200 3001.16 12
80699 3061.18 12
82202 3121.19 13
83711 3181.2 12
85221 3241.23 13
86721 3301.25 14
88214 3361.26 12
89753 3421.27 13
92012 3481.28 12
94269 3541.3 12
96482 3600.03 13
