0,0.00618906,0.682449
1,0.0129048,0.723991
2,0.0197429,0.730971
4,0.0328244,0.760567
7,0.0516645,0.79045
11,0.0768171,0.827563
17,0.113864,0.867417
26,0.168294,0.910688
40,0.25096,0.934465
62,0.372661,0.937771
96,0.555116,0.939197
147,0.821672,0.939199
221,1.21753,0.944341
328,1.80054,0.946977
486,2.65972,0.948441
720,3.9259,0.948445
1063,5.79208,0.94846
1571,8.54219,0.948487
2321,12.5946,0.948491
3433,18.5681,0.948495
5077,27.3756,0.951472
7495,40.3571,0.951513
11087,59.4961,0.95756
16419,87.7087,0.957571
24279,129.296,0.957572
35810,190.598,0.957589
52771,280.965,0.958449
77591,414.175,0.958458
115028,610.542,0.959324
170375,900.004,0.959606
