0,0.0046739,0.70845
1,0.0143278,0.708844
2,0.0240496,0.718497
4,0.0423477,0.729053
7,0.0768276,0.749815
11,0.130667,0.776215
16,0.196706,0.781302
24,0.293312,0.836878
36,0.440973,0.870405
54,0.657522,0.878379
81,0.985918,0.87884
120,1.46546,0.881412
180,2.18668,0.883447
269,3.24941,0.894477
402,4.82593,0.896747
599,7.16721,0.896862
889,10.639,0.903413
1318,15.7907,0.905229
1954,23.4362,0.905361
2894,34.787,0.905392
4283,51.6292,0.905412
6317,76.6133,0.914826
9320,113.681,0.915885
13727,168.68,0.91798
20284,250.294,0.918281
30022,371.383,0.918789
44237,551.046,0.921023
64719,817.622,0.927614
96378,1213.15,0.927922
142649,1800.01,0.928442
