0,0.0399104,0.718387
2737,60.0545,0.980874
5677,120.075,0.981085
8690,180.08,0.981637
11729,240.088,0.982187
14717,300.094,0.984122
17746,360.113,0.984769
20647,420.122,0.98734
23602,480.125,0.987343
26488,540.134,0.987382
29459,600.146,0.987388
32446,660.165,0.987392
35373,720.174,0.987571
38176,780.19,0.987747
40624,840.197,0.987952
43389,900.198,0.989231
46346,960.218,0.989232
49180,1020.24,0.989236
50978,1080.26,0.989907
52817,1140.27,0.98991
54704,1200.28,0.98991
56454,1260.28,0.990632
58320,1320.28,0.990633
60165,1380.29,0.99064
62347,1440.31,0.990822
65216,1500.32,0.991144
67971,1560.33,0.991147
70838,1620.34,0.991151
73637,1680.34,0.991151
76430,1740.35,0.991155
79281,1800.37,0.991155
82149,1860.37,0.991155
85015,1920.38,0.991156
87848,1980.39,0.991158
90686,2040.41,0.99116
93395,2100.41,0.991161
96168,2160.41,0.991161
98874,2220.42,0.991861
101720,2280.42,0.992158
104526,2340.43,0.99249
107354,2400.44,0.992524
109913,2460.45,0.992994
112767,2520.46,0.993016
115628,2580.47,0.993016
118461,2640.49,0.993161
121282,2700.5,0.993161
124157,2760.51,0.993162
127089,2820.52,0.993162
129808,2880.54,0.993162
132663,2940.55,0.993162
135354,3000.56,0.993788
138136,3060.56,0.993789
140950,3120.58,0.993789
143781,3180.6,0.993789
146638,3240.62,0.99379
149389,3300.62,0.993791
152194,3360.62,0.993791
154766,3420.63,0.993791
157490,3480.64,0.993791
160276,3540.66,0.994189
163118,3600.01,0.994242
