0,0.0282446,0.666349
1,0.0643091,0.688431
2,0.0983682,0.717394
4,0.16613,0.727131
6,0.234207,0.747852
9,0.335919,0.771167
13,0.471575,0.795844
19,0.676452,0.817186
27,0.950344,0.840817
38,1.3234,0.86076
53,1.84216,0.881813
74,2.56851,0.904538
102,3.56551,0.917616
139,4.94214,0.921887
187,6.85527,0.926017
250,9.51802,0.929127
331,13.1967,0.929999
445,18.2685,0.934556
602,25.307,0.93901
806,35.0234,0.943122
1102,48.4639,0.946456
1507,67.0797,0.948028
2056,92.8261,0.951275
2746,128.435,0.952125
3737,177.722,0.957605
5052,245.871,0.958917
6813,340.151,0.959024
9122,470.503,0.960193
12780,650.773,0.961478
17916,900.054,0.962994
