176248 2040.2
44 291 38 160
46 305 40 157
45 330 40 156
45 304 39 158
44 297 40 159
46 337 37 163
48 294 44 158
47 312 42 156
44 308 39 158
47 312 37 163
48 308 37 163
47 316 40 156
46 296 40 159
46 319 40 156
46 315 42 156
45 313 40 157
45 327 36 165
46 319 36 165
46 327 45 155
46 309 45 156
53 318 42 155
45 322 45 156
45 307 45 157
45 380 37 163
47 321 42 155
44 315 40 157
43 316 39 158
48 303 42 158
48 303 42 158
42 301 38 160
42 301 38 160
48 303 42 158
43 316 39 158
44 315 40 157
47 321 42 155
42 302 38 160
43 317 39 158
44 294 38 160
46 292 38 160
44 298 40 159
47 322 42 155
44 319 40 157
46 322 40 156
44 309 39 158
46 309 40 157
48 319 37 163
43 301 38 160
46 304 42 158
45 316 40 157
47 291 43 162
46 308 39 158
48 314 42 156
47 319 40 156
48 297 40 159
48 308 40 157
48 317 40 156
48 301 44 158
47 318 42 156
46 321 36 165
46 312 45 156
45 309 45 157
49 307 39 158
45 351 45 156
65 476 49 171
71 561 60 184
86 661 49 169
73 548 51 172
68 454 49 170
76 606 55 181
78 598 68 179
77 548 60 175
78 573 50 172
71 484 55 174
84 747 49 169
63 460 46 165
54 465 49 171
76 568 55 172
74 567 67 175
69 485 56 170
69 498 61 177
73 558 54 178
71 536 67 180
71 495 44 164
53 455 49 166
76 564 49 170
58 420 49 169
74 602 55 175
79 522 62 177
73 538 52 176
72 555 51 164
69 584 54 180
64 444 62 174
81 565 78 194
79 619 43 173
61 480 56 181
81 512 69 186
76 474 68 179
82 590 60 186
76 526 49 177
86 636 58 182
87 696 48 175
83 604 62 174
66 503 60 171
64 511 56 178
79 568 53 171
74 547 61 176
81 655 49 175
73 540 50 170
84 595 66 193
83 643 62 175
83 631 56 170
63 446 49 167
61 457 61 178
71 555 56 164
68 529 62 167
73 535 54 166
82 643 54 174
63 444 54 170
65 455 54 176
56 479 56 175
87 589 54 172
67 455 51 166
79 647 50 167
72 532 50 173
67 481 49 168
67 470 67 179
84 657 49 169
83 530 61 180
56 460 54 169
71 578 61 172
70 512 62 170
72 482 54 174
72 576 55 167
77 597 68 185
71 586 51 167
66 501 42 170
81 585 56 169
77 656 68 175
70 520 66 182
61 494 49 169
75 545 59 179
73 491 48 170
78 600 55 177
74 565 61 169
70 568 62 180
81 556 56 176
84 602 51 169
64 489 50 169
67 546 55 180
66 541 53 174
66 485 45 163
66 549 60 177
66 518 44 164
61 457 49 168
56 426 50 164
69 533 48 170
78 603 61 175
76 559 56 178
65 448 49 164
59 477 52 173
78 573 62 170
89 632 66 179
60 382 49 165
73 559 60 181
86 640 54 177
66 460 55 168
67 477 67 173
70 573 50 172
81 619 56 186
68 497 42 169
73 546 54 177
56 441 48 172
68 538 48 170
58 467 56 170
92 644 54 175
70 453 45 165
83 572 62 171
76 611 44 163
71 604 62 171
66 451 51 171
81 544 61 176
89 660 56 176
89 591 61 178
73 562 60 169
72 525 51 170
78 571 75 185
89 656 73 182
78 609 51 175
62 492 55 173
61 432 55 177
68 576 56 175
74 525 61 176
73 530 56 173
74 610 55 176
88 626 72 188
69 568 51 175
70 566 54 172
65 501 51 177
97 664 50 173
55 426 49 170
68 469 49 166
64 511 55 167
88 650 67 182
55 447 50 167
65 485 49 163
57 457 48 167
69 564 56 172
65 482 49 165
82 547 56 172
62 489 54 174
76 580 46 173
77 594 50 176
69 518 48 174
84 585 69 172
64 474 55 169
70 465 66 180
66 505 45 166
75 520 55 174
77 536 62 172
64 473 54 172
83 601 60 181
83 588 56 173
65 509 46 170
75 602 60 182
75 641 60 173
73 537 56 170
71 514 61 171
69 573 55 176
67 517 60 176
82 668 60 185
77 674 49 174
72 528 54 179
65 533 55 174
67 548 61 175
63 470 56 167
63 511 54 175
67 491 60 175
53 465 44 157
87 650 55 175
87 698 59 177
81 555 55 174
65 441 61 170
58 444 49 171
82 643 55 179
85 594 59 177
84 626 63 178
63 469 54 170
65 437 60 175
71 518 56 163
67 492 57 173
69 469 62 175
70 538 55 171
70 493 56 168
71 544 56 170
70 492 51 171
62 471 55 178
85 580 74 178
76 534 66 178
66 448 55 163
66 527 49 172
62 452 49 167
67 495 50 174
76 629 67 180
73 514 66 184
69 514 62 168
81 525 50 172
74 580 60 182
67 501 60 179
73 551 61 178
61 524 54 181
64 516 62 171
71 618 50 168
79 526 55 178
93 743 56 173
56 447 55 176
71 565 61 178
79 578 50 173
74 542 61 179
76 577 61 179
68 502 56 167
70 561 54 177
78 603 48 173
74 585 55 168
73 555 54 175
66 515 61 179
72 537 50 172
64 547 56 170
70 584 56 175
84 648 68 182
72 557 44 158
72 512 50 163
84 640 73 186
66 557 60 185
64 484 56 171
60 490 51 169
79 514 73 184
68 531 54 174
89 604 55 174
77 607 54 178
87 586 61 182
