68028 1200.18
40 285 36 167
45 298 42 153
42 274 36 169
40 281 37 164
49 289 46 154
50 294 40 154
45 298 42 153
43 273 38 164
45 292 42 154
45 298 42 153
43 282 40 155
44 282 36 167
45 292 42 154
41 281 38 162
48 280 45 157
43 281 38 160
44 282 36 167
40 285 36 167
49 289 46 154
42 288 39 159
43 281 39 158
48 280 45 157
47 278 44 159
46 276 43 161
42 288 39 159
40 275 37 166
46 276 43 161
43 291 37 163
45 298 42 153
47 278 44 159
46 276 43 161
46 276 43 161
48 280 45 157
41 281 38 162
46 276 43 161
50 294 40 154
42 288 39 159
49 293 46 153
47 277 37 165
47 278 44 159
42 280 38 161
43 281 39 158
48 297 42 153
50 294 40 154
43 281 39 158
49 289 46 154
44 287 37 163
44 277 43 163
48 297 42 153
44 284 36 166
45 295 40 154
43 291 37 163
40 285 36 167
43 281 39 158
43 286 36 166
46 276 43 161
41 279 38 163
41 279 36 168
43 282 40 155
43 281 38 160
43 273 38 164
47 277 37 165
48 297 42 153
43 282 40 155
43 291 37 163
43 273 38 164
43 280 40 158
41 279 36 168
46 281 40 156
46 281 40 156
47 278 44 159
47 277 37 165
42 274 36 169
48 280 45 157
41 281 38 162
44 287 37 163
41 281 38 162
45 295 40 154
40 275 37 166
42 274 36 169
45 292 42 154
44 287 37 163
50 294 40 154
43 273 38 164
45 298 42 153
49 293 46 153
43 286 36 166
41 279 38 163
40 285 36 167
41 279 38 163
41 278 38 164
44 284 36 166
49 293 46 153
47 277 37 165
46 276 43 161
48 280 45 157
43 282 40 155
43 291 37 163
47 277 37 165
48 297 42 153
43 286 36 166
45 295 40 154
42 288 39 159
41 281 38 162
45 292 42 154
42 288 39 159
41 281 38 162
43 282 40 155
45 295 40 154
47 277 37 165
43 273 38 164
46 276 43 161
47 278 44 159
45 298 42 153
43 282 40 155
40 285 36 167
40 281 37 164
44 287 37 163
49 289 46 154
48 280 45 157
40 281 37 164
41 281 38 162
43 286 36 166
47 277 37 165
41 281 38 162
43 286 36 166
47 277 37 165
44 287 37 163
40 275 37 166
43 286 36 166
48 280 45 157
47 277 37 165
40 275 37 166
49 293 46 153
50 279 37 164
43 291 37 163
41 278 38 164
40 281 37 164
40 285 36 167
42 288 39 159
46 276 43 161
46 276 43 161
44 282 36 167
44 287 37 163
43 281 38 160
46 276 43 161
43 286 36 166
44 287 37 163
42 280 38 161
47 278 44 159
43 281 40 157
42 288 39 159
43 273 38 164
44 277 43 163
47 277 37 165
48 280 45 157
41 281 38 162
41 281 38 162
48 280 45 157
49 289 46 154
41 281 38 162
43 282 40 155
40 285 36 167
41 281 38 162
43 286 36 166
43 286 36 166
40 281 37 164
41 279 38 163
41 281 38 162
43 281 40 157
43 281 39 158
43 281 39 158
41 278 38 164
41 281 38 162
41 279 38 163
40 281 37 164
47 278 44 159
43 281 40 157
48 297 42 153
42 280 38 161
40 285 36 167
45 295 40 154
41 281 38 162
43 281 38 160
43 282 40 155
45 298 42 153
49 289 46 154
43 281 40 157
40 281 37 164
41 281 38 162
42 280 38 161
43 281 39 158
46 276 43 161
47 277 37 165
42 282 38 160
48 280 45 157
48 297 42 153
48 297 42 153
47 278 44 159
45 295 40 154
41 279 36 168
42 282 38 160
45 292 42 154
46 276 43 161
42 280 38 161
43 281 40 157
42 280 38 161
43 291 37 163
41 281 38 162
42 282 38 160
43 281 38 160
47 278 44 159
43 282 40 155
41 281 38 162
42 288 39 159
45 292 42 154
43 280 40 158
41 281 38 162
46 276 43 161
47 277 37 165
48 280 45 157
45 295 40 154
40 285 36 167
44 284 36 166
43 289 36 165
47 278 44 159
40 275 37 166
41 279 36 168
43 281 39 158
43 291 37 163
43 280 40 158
41 281 38 162
43 282 40 155
43 281 40 157
47 277 37 165
40 275 37 166
46 276 43 161
43 281 38 160
48 297 42 153
42 288 39 159
43 280 40 158
45 295 40 154
46 276 43 161
48 297 42 153
49 293 46 153
42 288 39 159
41 279 38 163
45 292 42 154
43 291 37 163
43 286 36 166
41 278 38 164
47 277 37 165
43 281 38 160
45 298 42 153
44 284 36 166
47 278 44 159
46 276 43 161
41 279 36 168
41 279 36 168
42 288 39 159
50 294 40 154
43 273 38 164
42 288 39 159
44 287 37 163
42 288 39 159
43 289 36 165
46 276 43 161
45 292 42 154
45 295 40 154
45 292 42 154
43 280 40 158
50 294 40 154
45 298 42 153
40 285 36 167
49 293 46 153
48 280 45 157
41 281 38 162
43 281 38 160
42 280 38 161
43 291 37 163
44 282 36 167
48 297 42 153
43 281 39 158
46 276 43 161
44 287 37 163
43 281 40 157
48 280 45 157
47 277 38 162
40 285 36 167
50 294 40 154
48 280 45 157
47 277 37 165
47 277 37 165
41 281 38 162
41 279 38 163
42 280 38 161
40 281 37 164
47 278 44 159
44 284 36 166
43 281 39 158
