331509 1020.04
59 442 42 153
44 321 40 160
47 313 38 165
62 425 42 153
49 366 36 167
55 406 52 153
60 434 42 153
50 355 36 172
55 406 52 153
53 435 46 153
44 321 40 160
44 321 40 160
52 343 42 156
46 326 44 159
51 407 45 155
62 425 42 153
52 364 40 157
53 392 36 165
60 434 42 153
48 351 42 156
46 326 44 159
48 359 39 160
47 313 38 165
44 341 38 166
62 425 42 153
47 313 38 165
62 425 42 153
54 397 40 154
49 366 36 167
56 382 40 154
55 404 37 163
48 377 39 158
49 395 40 157
50 355 36 172
46 385 45 157
56 382 40 154
44 321 40 160
59 348 45 155
46 326 44 159
54 345 38 163
55 360 38 162
55 389 40 156
55 404 37 163
62 425 42 153
59 348 45 155
49 358 39 161
45 342 37 164
47 313 38 165
53 435 46 153
57 375 40 155
51 350 39 159
55 404 37 163
51 407 45 155
45 342 37 164
53 392 36 165
44 321 40 160
55 360 38 162
44 341 38 166
58 359 40 158
59 348 45 155
48 372 46 154
46 326 44 159
55 404 37 163
50 324 38 164
49 356 36 168
55 360 38 162
53 435 46 153
55 404 37 163
51 350 39 159
51 363 38 161
57 375 40 155
54 397 40 154
45 342 37 164
57 375 40 155
53 435 46 153
59 442 42 153
54 397 40 154
54 345 38 163
48 377 39 158
49 356 36 168
46 326 44 159
52 343 42 156
49 366 36 167
44 321 40 160
51 363 38 161
55 360 38 162
54 345 38 163
46 385 45 157
59 348 45 155
60 434 42 153
45 342 37 164
55 404 37 163
55 404 37 163
48 351 42 156
51 363 38 161
51 350 39 159
50 324 38 164
48 372 46 154
54 345 38 163
53 392 36 165
53 435 46 153
48 377 39 158
57 375 40 155
49 343 40 159
53 399 38 160
47 387 39 159
49 343 40 159
52 364 40 157
54 397 40 154
54 397 40 154
49 356 36 168
51 350 39 159
60 434 42 153
47 387 39 159
51 350 39 159
49 358 39 161
51 363 38 161
48 351 42 156
58 359 40 158
59 348 45 155
45 342 37 164
46 385 45 157
53 435 46 153
55 404 37 163
47 313 38 165
47 313 38 165
46 326 44 159
49 356 36 168
46 385 45 157
55 404 37 163
44 321 40 160
52 343 42 156
49 356 36 168
53 435 46 153
46 326 44 159
59 348 45 155
50 324 38 164
62 425 42 153
48 372 46 154
47 313 38 165
57 375 40 155
48 359 39 160
51 363 38 161
62 425 42 153
44 321 40 160
55 360 38 162
54 397 40 154
49 366 36 167
55 360 38 162
51 350 39 159
60 434 42 153
60 434 42 153
60 434 42 153
55 406 52 153
47 313 38 165
60 434 42 153
59 442 42 153
53 435 46 153
55 406 52 153
55 404 37 163
46 326 44 159
62 425 42 153
44 341 38 166
53 435 46 153
55 404 37 163
60 434 42 153
48 372 46 154
56 382 40 154
46 385 45 157
46 326 44 159
59 442 42 153
47 313 38 165
49 366 36 167
54 397 40 154
55 404 37 163
48 377 39 158
62 425 42 153
55 406 52 153
44 321 40 160
59 348 45 155
55 404 37 163
49 356 36 168
52 343 42 156
51 350 39 159
56 382 40 154
47 313 38 165
58 359 40 158
52 343 42 156
45 342 37 164
58 359 40 158
55 406 52 153
46 385 45 157
52 343 42 156
58 359 40 158
62 425 42 153
54 345 38 163
53 435 46 153
59 442 42 153
54 397 40 154
56 382 40 154
46 326 44 159
49 366 36 167
51 363 38 161
55 360 38 162
54 345 38 163
49 366 36 167
45 342 37 164
48 351 42 156
48 372 46 154
45 342 37 164
53 392 36 165
53 435 46 153
48 377 39 158
57 375 40 155
47 387 39 159
49 343 40 159
52 364 40 157
54 397 40 154
62 425 42 153
51 350 39 159
60 434 42 153
47 387 39 159
45 342 37 164
46 385 45 157
49 395 40 157
44 321 40 160
59 348 45 155
46 326 44 159
55 389 40 156
55 404 37 163
62 425 42 153
47 313 38 165
53 435 46 153
51 350 39 159
51 407 45 155
51 350 39 159
53 392 36 165
48 377 39 158
55 360 38 162
44 341 38 166
58 359 40 158
59 348 45 155
48 372 46 154
46 326 44 159
55 404 37 163
55 360 38 162
57 375 40 155
54 397 40 154
48 377 39 158
53 435 46 153
48 359 39 160
46 326 44 159
62 425 42 153
48 351 42 156
53 435 46 153
55 404 37 163
50 355 36 172
46 385 45 157
46 326 44 159
49 366 36 167
54 397 40 154
55 404 37 163
59 442 42 153
62 425 42 153
55 406 52 153
59 348 45 155
55 404 37 163
49 356 36 168
53 392 36 165
47 313 38 165
45 342 37 164
58 359 40 158
52 364 40 157
51 407 45 155
62 425 42 153
47 313 38 165
58 359 40 158
47 313 38 165
45 342 37 164
46 385 45 157
53 435 46 153
55 404 37 163
47 313 38 165
46 385 45 157
62 425 42 153
49 356 36 168
44 341 38 166
59 348 45 155
54 345 38 163
48 372 46 154
48 359 39 160
51 363 38 161
44 321 40 160
54 397 40 154
55 360 38 162
60 434 42 153
60 434 42 153
60 434 42 153
55 406 52 153
47 313 38 165
