25905 426.07
53 297 42 153
50 294 46 153
46 301 42 153
46 280 38 160
44 315 36 165
42 332 37 166
42 307 42 164
46 286 46 154
44 315 36 165
43 323 38 162
44 289 40 156
53 297 42 153
43 284 39 158
47 280 39 158
46 280 38 160
42 332 37 166
43 329 37 164
48 295 40 154
46 301 42 153
45 292 38 162
47 284 40 157
44 300 37 163
44 296 38 160
42 311 42 163
44 292 40 155
44 289 40 156
49 298 42 153
47 287 42 154
42 324 38 163
50 282 46 154
49 298 42 153
48 300 42 153
48 281 40 155
50 282 46 154
48 281 40 155
43 329 37 164
42 324 38 163
47 280 39 158
45 292 38 162
42 311 42 163
42 307 42 164
50 294 46 153
48 283 42 154
44 300 37 163
48 295 40 154
47 287 42 154
46 286 46 154
44 296 38 160
43 323 38 162
53 297 42 153
53 297 42 153
53 297 42 153
53 297 42 153
53 297 42 153
53 297 42 153
53 297 42 153
53 297 42 153
53 297 42 153
53 297 42 153
53 297 42 153
53 297 42 153
53 297 42 153
53 297 42 153
53 297 42 153
53 297 42 153
53 297 42 153
53 297 42 153
53 297 42 153
53 297 42 153
53 297 42 153
53 297 42 153
53 297 42 153
53 297 42 153
53 297 42 153
53 297 42 153
53 297 42 153
53 297 42 153
53 297 42 153
53 297 42 153
53 297 42 153
53 297 42 153
53 297 42 153
53 297 42 153
53 297 42 153
53 297 42 153
53 297 42 153
53 297 42 153
53 297 42 153
53 297 42 153
53 297 42 153
53 297 42 153
53 297 42 153
53 297 42 153
53 297 42 153
53 297 42 153
53 297 42 153
53 297 42 153
53 297 42 153
53 297 42 153
53 297 42 153
53 297 42 153
53 297 42 153
53 297 42 153
53 297 42 153
53 297 42 153
53 297 42 153
53 297 42 153
53 297 42 153
53 297 42 153
53 297 42 153
53 297 42 153
53 297 42 153
53 297 42 153
53 297 42 153
53 297 42 153
53 297 42 153
53 297 42 153
53 297 42 153
53 297 42 153
53 297 42 153
53 297 42 153
53 297 42 153
53 297 42 153
53 297 42 153
53 297 42 153
53 297 42 153
53 297 42 153
53 297 42 153
53 297 42 153
53 297 42 153
53 297 42 153
53 297 42 153
53 297 42 153
53 297 42 153
53 297 42 153
53 297 42 153
53 297 42 153
53 297 42 153
53 297 42 153
53 297 42 153
53 297 42 153
53 297 42 153
53 297 42 153
53 297 42 153
53 297 42 153
53 297 42 153
53 297 42 153
53 297 42 153
53 297 42 153
53 297 42 153
53 297 42 153
53 297 42 153
53 297 42 153
53 297 42 153
53 297 42 153
53 297 42 153
53 297 42 153
53 297 42 153
53 297 42 153
53 297 42 153
53 297 42 153
53 297 42 153
53 297 42 153
53 297 42 153
53 297 42 153
53 297 42 153
53 297 42 153
53 297 42 153
53 297 42 153
53 297 42 153
53 297 42 153
53 297 42 153
53 297 42 153
53 297 42 153
53 297 42 153
53 297 42 153
53 297 42 153
53 297 42 153
53 297 42 153
53 297 42 153
53 297 42 153
53 297 42 153
53 297 42 153
53 297 42 153
53 297 42 153
53 297 42 153
53 297 42 153
53 297 42 153
53 297 42 153
53 297 42 153
53 297 42 153
53 297 42 153
53 297 42 153
53 297 42 153
53 297 42 153
53 297 42 153
53 297 42 153
53 297 42 153
53 297 42 153
53 297 42 153
53 297 42 153
53 297 42 153
53 297 42 153
53 297 42 153
53 297 42 153
53 297 42 153
53 297 42 153
53 297 42 153
53 297 42 153
53 297 42 153
53 297 42 153
53 297 42 153
53 297 42 153
53 297 42 153
53 297 42 153
53 297 42 153
53 297 42 153
53 297 42 153
53 297 42 153
53 297 42 153
53 297 42 153
53 297 42 153
53 297 42 153
53 297 42 153
53 297 42 153
53 297 42 153
53 297 42 153
53 297 42 153
53 297 42 153
53 297 42 153
53 297 42 153
53 297 42 153
53 297 42 153
53 297 42 153
53 297 42 153
53 297 42 153
53 297 42 153
53 297 42 153
53 297 42 153
53 297 42 153
53 297 42 153
53 297 42 153
53 297 42 153
53 297 42 153
53 297 42 153
53 297 42 153
53 297 42 153
53 297 42 153
53 297 42 153
53 297 42 153
53 297 42 153
53 297 42 153
53 297 42 153
53 297 42 153
53 297 42 153
53 297 42 153
53 297 42 153
53 297 42 153
53 297 42 153
53 297 42 153
53 297 42 153
53 297 42 153
53 297 42 153
50 294 46 153
50 294 46 153
50 294 46 153
50 294 46 153
50 294 46 153
58 311 40 154
53 298 42 153
50 299 42 153
50 299 42 153
50 299 42 153
50 299 42 153
50 299 42 153
64 315 40 154
58 338 40 154
58 338 40 154
53 299 42 153
53 299 42 153
50 300 42 153
53 300 42 153
53 301 42 153
53 302 42 153
54 302 42 153
53 305 42 153
53 305 42 153
53 305 42 153
57 318 42 153
55 320 42 153
55 320 42 153
55 320 42 153
55 320 42 153
55 320 42 153
56 320 42 153
55 321 42 153
55 322 42 153
56 324 42 153
59 348 42 153
58 340 45 157
53 297 42 153
50 294 46 153
46 301 42 153
46 280 38 160
44 315 36 165
42 332 37 166
42 307 42 164
46 286 46 154
44 315 36 165
43 323 38 162
44 289 40 156
43 284 39 158
53 297 42 153
47 280 39 158
46 280 38 160
42 332 37 166
43 329 37 164
46 301 42 153
48 295 40 154
44 300 37 163
44 296 38 160
42 311 42 163
49 298 42 153
47 287 42 154
42 324 38 163
47 284 40 157
45 292 38 162
44 289 40 156
50 282 46 154
48 300 42 153
50 282 46 154
48 281 40 155
48 280 40 157
44 301 40 154
44 292 40 155
43 329 37 164
42 324 38 163
49 295 46 153
48 280 40 157
47 280 39 158
45 297 40 154
45 292 38 162
42 311 42 163
42 307 42 164
50 294 46 153
46 291 42 154
44 300 37 163
49 298 42 153
49 295 46 153
48 295 40 154
48 283 42 154
48 283 42 154
48 281 40 155
47 287 40 155
46 291 42 154
46 286 46 154
45 297 40 154
44 296 38 160
43 323 38 162
53 297 42 153
53 297 42 153
53 297 42 153
53 297 42 153
53 297 42 153
53 297 42 153
53 297 42 153
53 297 42 153
53 297 42 153
53 297 42 153
53 297 42 153
53 297 42 153
53 297 42 153
53 297 42 153
53 297 42 153
53 297 42 153
53 297 42 153
53 297 42 153
53 297 42 153
53 297 42 153
53 297 42 153
53 297 42 153
53 297 42 153
53 297 42 153
53 297 42 153
53 297 42 153
53 297 42 153
53 297 42 153
53 297 42 153
53 297 42 153
53 297 42 153
53 297 42 153
53 297 42 153
53 297 42 153
53 297 42 153
53 297 42 153
53 297 42 153
53 297 42 153
53 297 42 153
53 297 42 153
53 297 42 153
53 297 42 153
53 297 42 153
53 297 42 153
53 297 42 153
53 297 42 153
53 297 42 153
53 297 42 153
53 297 42 153
53 297 42 153
53 297 42 153
53 297 42 153
53 297 42 153
53 297 42 153
53 297 42 153
53 297 42 153
53 297 42 153
53 297 42 153
53 297 42 153
53 297 42 153
53 297 42 153
53 297 42 153
53 297 42 153
53 297 42 153
53 297 42 153
53 297 42 153
53 297 42 153
53 297 42 153
53 297 42 153
53 297 42 153
53 297 42 153
53 297 42 153
53 297 42 153
53 297 42 153
53 297 42 153
53 297 42 153
53 297 42 153
53 297 42 153
53 297 42 153
53 297 42 153
53 297 42 153
53 297 42 153
53 297 42 153
53 297 42 153
53 297 42 153
53 297 42 153
53 297 42 153
53 297 42 153
53 297 42 153
53 297 42 153
53 297 42 153
53 297 42 153
53 297 42 153
53 297 42 153
53 297 42 153
53 297 42 153
53 297 42 153
53 297 42 153
53 297 42 153
53 297 42 153
53 297 42 153
53 297 42 153
53 297 42 153
53 297 42 153
53 297 42 153
53 297 42 153
53 297 42 153
53 297 42 153
53 297 42 153
53 297 42 153
53 297 42 153
53 297 42 153
53 297 42 153
53 297 42 153
53 297 42 153
53 297 42 153
53 297 42 153
53 297 42 153
53 297 42 153
53 297 42 153
53 297 42 153
53 297 42 153
53 297 42 153
53 297 42 153
53 297 42 153
53 297 42 153
53 297 42 153
53 297 42 153
53 297 42 153
53 297 42 153
53 297 42 153
53 297 42 153
53 297 42 153
53 297 42 153
53 297 42 153
53 297 42 153
53 297 42 153
53 297 42 153
53 297 42 153
53 297 42 153
53 297 42 153
53 297 42 153
53 297 42 153
53 297 42 153
53 297 42 153
53 297 42 153
53 297 42 153
53 297 42 153
53 297 42 153
53 297 42 153
53 297 42 153
53 297 42 153
53 297 42 153
53 297 42 153
50 294 46 153
48 283 42 154
58 312 40 154
56 319 40 155
54 338 40 154
53 298 42 153
53 285 42 154
50 299 42 153
49 298 42 154
50 299 42 153
53 298 42 153
53 298 42 153
53 298 42 153
53 298 42 153
53 298 42 153
50 299 42 153
50 299 42 153
50 299 42 153
50 299 42 153
50 299 42 153
50 299 42 153
50 299 42 153
50 299 42 153
58 332 40 154
53 299 42 153
53 291 42 154
50 300 42 153
50 300 42 153
53 299 42 153
58 338 40 154
53 301 42 153
53 299 42 154
50 302 42 153
53 301 42 153
53 301 42 153
55 301 42 153
54 302 42 153
50 303 42 153
58 301 42 153
56 303 42 153
54 304 42 153
53 305 42 153
53 305 42 153
53 305 42 153
53 305 42 153
53 305 42 153
53 305 42 153
53 305 42 153
50 307 42 153
50 307 42 153
55 305 42 153
55 305 42 153
55 305 42 153
55 305 42 153
53 306 42 153
50 308 42 153
50 308 42 153
50 308 42 153
55 309 42 153
52 311 42 153
51 312 42 153
53 311 42 153
53 311 42 153
52 318 42 153
54 312 42 153
52 320 42 153
52 318 42 154
61 313 42 153
55 318 42 153
52 325 42 153
62 318 42 153
56 319 42 154
55 320 42 153
55 320 42 153
55 320 42 153
55 320 42 153
56 320 42 153
55 322 42 153
57 321 42 154
56 324 42 153
55 326 42 153
55 330 42 153
56 331 42 153
56 332 42 153
63 335 42 153
58 338 42 153
65 336 42 153
53 297 42 153
50 294 46 153
46 301 42 153
46 280 38 160
44 315 36 165
42 332 37 166
42 307 42 164
44 315 36 165
46 286 46 154
43 323 38 162
44 289 40 156
43 284 39 158
53 297 42 153
47 280 39 158
46 280 38 160
42 332 37 166
43 329 37 164
46 301 42 153
48 295 40 154
44 300 37 163
44 296 38 160
42 311 42 163
44 292 40 155
42 324 38 163
45 292 38 162
50 282 46 154
49 298 42 153
48 299 42 153
47 287 42 154
50 282 46 154
48 281 40 155
48 280 40 157
46 285 40 157
44 300 40 154
43 329 37 164
42 324 38 163
49 295 46 153
48 280 40 157
47 280 39 158
45 297 40 154
45 292 38 162
46 285 42 156
42 311 42 163
42 307 42 164
44 289 40 156
50 294 46 153
46 288 40 155
49 298 42 153
49 295 46 153
48 299 42 153
48 283 42 154
48 281 40 155
47 287 42 154
47 285 40 155
47 283 40 157
46 295 42 154
46 286 46 154
45 297 40 154
44 300 37 163
44 296 38 160
43 323 38 162
43 284 39 158
53 297 42 153
53 297 42 153
53 297 42 153
53 297 42 153
53 297 42 153
53 297 42 153
53 297 42 153
53 297 42 153
53 297 42 153
53 297 42 153
53 297 42 153
53 297 42 153
53 297 42 153
53 297 42 153
53 297 42 153
53 297 42 153
53 297 42 153
53 297 42 153
53 297 42 153
53 297 42 153
53 297 42 153
53 297 42 153
53 297 42 153
53 297 42 153
53 297 42 153
53 297 42 153
53 297 42 153
53 297 42 153
53 297 42 153
53 297 42 153
53 297 42 153
53 297 42 153
53 297 42 153
53 297 42 153
53 297 42 153
53 297 42 153
53 297 42 153
53 297 42 153
53 297 42 153
53 297 42 153
53 297 42 153
53 297 42 153
53 297 42 153
53 297 42 153
53 297 42 153
53 297 42 153
53 297 42 153
53 297 42 153
53 297 42 153
53 297 42 153
53 297 42 153
53 297 42 153
53 297 42 153
53 297 42 153
53 297 42 153
53 297 42 153
53 297 42 153
53 297 42 153
53 297 42 153
53 297 42 153
53 297 42 153
53 297 42 153
53 297 42 153
53 297 42 153
53 297 42 153
53 297 42 153
53 297 42 153
53 297 42 153
53 297 42 153
53 297 42 153
53 297 42 153
53 297 42 153
53 297 42 153
53 297 42 153
53 297 42 153
53 297 42 153
53 297 42 153
53 297 42 153
53 297 42 153
53 297 42 153
53 297 42 153
53 297 42 153
53 297 42 153
53 297 42 153
53 297 42 153
53 297 42 153
53 297 42 153
53 297 42 153
53 297 42 153
53 297 42 153
53 297 42 153
53 297 42 153
53 297 42 153
53 297 42 153
53 297 42 153
53 297 42 153
53 297 42 153
53 297 42 153
53 297 42 153
53 297 42 153
53 297 42 153
53 297 42 153
53 297 42 153
53 297 42 153
53 297 42 153
53 297 42 153
53 297 42 153
53 297 42 153
53 297 42 153
53 297 42 153
53 297 42 153
53 297 42 153
53 297 42 153
53 297 42 153
53 297 42 153
53 297 42 153
53 297 42 153
53 297 42 153
53 297 42 153
53 297 42 153
53 297 42 153
53 297 42 153
53 297 42 153
53 297 42 153
53 297 42 153
53 297 42 153
53 297 42 153
53 297 42 153
53 297 42 153
53 297 42 153
53 297 42 153
53 297 42 153
53 297 42 153
53 297 42 153
53 297 42 153
53 297 42 153
50 294 46 153
50 294 46 153
50 294 46 153
50 294 46 153
50 294 46 153
50 294 46 153
50 282 46 154
50 282 46 154
53 298 42 153
53 297 40 154
50 299 42 153
50 295 46 153
50 290 46 154
53 292 42 154
50 299 42 153
53 298 42 153
53 298 42 153
53 298 42 153
53 298 42 153
53 298 42 153
50 299 42 153
50 299 42 153
50 299 42 153
50 299 42 153
50 299 42 153
50 299 42 153
58 310 40 154
53 324 40 154
50 298 46 153
53 299 42 153
50 302 42 153
50 302 42 153
53 299 42 153
62 352 40 155
53 301 42 153
50 302 46 153
53 301 42 153
50 304 42 153
53 301 42 153
58 301 42 153
53 302 42 153
52 302 46 153
50 307 42 153
50 307 42 153
50 307 42 153
50 307 42 153
50 307 42 153
54 302 42 153
53 305 42 153
53 305 42 153
53 305 42 153
53 305 42 153
53 305 42 153
53 305 42 153
52 303 46 153
51 309 42 153
51 309 42 153
51 309 42 153
50 312 42 153
50 307 46 153
50 307 46 153
58 302 42 153
54 305 42 153
53 303 46 153
51 310 42 153
55 305 42 153
55 305 42 153
54 309 42 153
54 309 42 153
54 309 42 153
53 310 42 153
51 314 42 153
55 306 42 153
55 306 42 153
54 311 42 153
53 313 42 153
52 320 42 153
55 309 42 153
53 332 42 153
53 326 42 154
52 320 46 153
54 314 42 153
55 311 42 153
54 316 42 153
59 311 46 153
55 314 42 153
54 342 42 153
58 316 42 153
55 317 42 153
55 318 42 153
55 320 42 153
55 320 42 153
55 322 42 153
62 324 42 153
56 328 42 153
56 329 42 153
60 329 42 153
58 338 42 153
60 336 42 153
58 350 42 153
64 337 42 153
58 354 42 153
