68940 1440.32
62 415 45 162
66 491 48 170
68 490 55 178
44 346 37 174
58 413 39 159
56 470 54 174
68 539 49 170
65 460 42 172
68 478 49 159
70 465 43 165
53 402 49 174
62 418 43 174
62 479 46 172
74 592 62 169
72 507 67 191
67 457 43 172
81 618 53 182
59 499 55 183
68 527 45 165
54 400 43 169
70 511 66 189
84 709 65 187
70 477 60 183
67 445 51 169
79 634 73 179
69 571 51 181
71 545 50 173
95 686 93 190
63 472 49 175
63 453 55 177
69 505 49 167
69 480 55 171
82 631 60 186
71 562 51 189
66 494 55 170
56 347 45 158
73 501 67 185
81 651 69 173
77 661 60 193
66 544 43 164
71 518 48 175
82 575 54 183
73 536 54 184
75 572 55 192
68 513 45 174
83 528 51 186
84 563 66 189
87 643 60 186
64 486 43 168
79 487 73 180
67 544 62 187
70 564 61 183
61 464 49 184
82 684 49 167
66 425 45 165
66 484 55 180
60 432 39 158
67 498 49 169
73 440 48 177
79 541 63 175
86 670 78 188
58 423 48 179
70 497 57 181
71 491 44 171
60 458 48 172
67 538 51 171
61 440 55 175
66 461 49 173
65 489 54 164
80 603 61 179
57 386 43 170
59 472 54 178
76 519 72 192
92 636 66 187
72 530 43 173
76 645 60 186
79 618 60 190
61 495 49 180
65 500 50 172
71 495 57 169
56 365 36 166
78 553 56 165
54 415 38 164
77 558 73 178
70 463 50 166
79 587 56 178
84 576 60 181
78 514 49 182
91 661 55 179
70 459 56 166
75 576 49 163
64 479 43 170
66 424 44 169
72 554 52 179
85 589 50 170
79 555 56 179
62 445 51 170
78 592 60 184
105 772 85 194
73 548 54 189
73 520 62 181
68 495 49 173
66 436 46 168
65 495 61 183
73 535 73 180
75 519 54 180
57 414 43 171
74 439 60 181
67 449 50 164
64 475 39 163
64 426 50 176
85 607 60 188
80 602 67 190
84 608 62 173
66 494 55 180
65 476 46 168
68 558 54 181
72 544 46 169
56 463 56 186
65 437 57 169
80 579 54 183
48 357 43 171
65 458 63 168
58 455 46 165
82 660 60 185
92 703 62 180
71 480 56 171
71 551 49 180
76 602 66 176
68 484 49 174
56 479 49 176
59 416 40 157
66 490 43 172
74 514 55 185
76 554 74 168
67 514 50 173
82 645 51 185
56 451 51 167
84 557 57 171
52 430 49 169
60 447 54 178
69 512 57 172
83 574 51 171
65 530 54 175
72 520 72 195
62 493 50 169
73 474 55 177
75 548 59 181
63 500 47 181
89 629 62 191
71 533 44 167
61 451 61 168
71 526 55 177
73 572 54 185
70 502 54 176
70 525 45 166
65 516 58 170
67 510 67 178
66 502 50 174
75 578 49 184
83 475 79 183
54 376 49 163
83 635 72 188
60 501 56 173
62 472 45 158
83 597 56 183
56 411 47 166
70 471 61 175
67 522 49 169
84 527 73 182
84 620 61 171
103 697 85 195
72 616 55 187
87 561 62 177
62 497 46 169
65 502 40 162
68 526 49 188
78 523 54 185
59 419 44 161
79 500 44 168
61 529 61 177
67 516 55 182
86 629 50 175
72 441 40 169
69 525 63 176
86 704 66 181
64 457 55 171
75 602 66 197
71 517 45 166
75 589 51 170
72 554 60 182
56 434 48 177
63 414 57 168
64 525 52 170
82 585 60 202
55 376 40 158
74 463 51 166
74 586 49 176
61 451 55 168
62 411 49 180
77 474 68 185
84 665 60 188
61 459 46 153
49 358 49 166
78 558 72 190
60 448 60 186
69 568 44 166
77 471 61 177
62 482 42 168
60 435 48 167
73 530 56 185
65 437 49 174
57 477 48 175
63 497 42 170
70 540 55 183
55 448 41 170
61 513 54 179
58 447 42 169
65 478 50 167
69 485 44 166
54 374 45 157
65 440 52 177
62 458 56 177
70 558 49 175
85 623 53 184
63 485 46 167
72 520 50 178
78 499 48 181
57 380 40 157
68 518 49 170
77 519 61 198
61 486 55 171
76 563 55 179
86 744 67 184
59 442 44 160
61 454 50 171
63 448 44 167
51 408 51 168
78 571 60 189
61 476 48 175
67 475 55 170
60 436 52 172
81 641 51 182
72 547 62 175
52 384 40 157
76 582 73 188
68 487 67 177
56 451 37 172
61 468 55 171
65 417 44 166
63 443 51 166
71 477 57 174
57 421 44 162
72 470 44 160
49 347 39 158
106 774 72 197
84 624 60 196
78 603 73 177
61 428 37 164
58 387 51 162
52 429 43 165
85 703 61 184
69 488 56 180
55 481 48 173
64 438 55 177
60 458 40 168
71 519 60 188
56 433 45 166
68 435 48 179
97 639 79 194
67 552 53 179
61 469 57 171
69 475 66 177
90 684 81 191
78 552 42 169
86 649 60 189
69 487 50 171
83 495 50 170
74 571 60 182
85 611 62 177
75 582 64 184
71 508 54 189
68 536 44 175
77 552 67 185
95 677 74 187
71 528 55 183
65 516 53 183
55 439 48 173
70 517 52 177
74 603 54 183
50 375 39 162
74 566 50 174
65 476 50 170
84 687 57 180
82 609 72 193
68 495 61 174
70 491 67 184
61 491 61 177
68 516 48 178
71 503 57 177
