35 0.837173
92 665 85 212
84 689 80 181
81 622 60 206
69 567 49 182
72 585 67 191
83 671 73 200
67 519 56 198
87 611 85 196
101 794 96 223
76 621 73 198
67 518 62 170
97 715 84 202
96 774 92 205
94 774 78 221
82 611 78 207
115 898 96 223
87 597 66 187
73 610 56 183
99 779 85 201
61 508 56 177
71 625 60 202
97 743 79 214
87 690 80 193
94 698 73 191
84 602 72 203
102 759 90 208
92 749 73 203
86 640 66 211
98 833 85 224
84 623 74 183
85 597 79 203
76 558 62 185
86 608 78 206
91 807 60 193
113 843 85 216
98 623 78 200
103 695 91 197
82 678 80 188
96 673 73 199
122 985 96 223
68 585 61 188
72 611 67 184
67 558 67 185
93 642 84 211
90 705 90 226
80 629 74 209
82 607 74 198
93 608 60 205
111 897 91 215
74 591 74 192
97 760 85 223
84 655 79 194
77 596 67 186
81 624 66 221
89 739 66 193
92 670 85 193
116 932 91 222
84 666 67 189
79 640 69 179
110 794 84 224
77 619 67 187
105 818 90 216
76 617 61 190
92 737 72 217
82 678 56 176
103 763 90 231
74 549 67 183
95 700 90 211
61 503 56 173
83 669 79 189
79 580 60 207
85 626 85 210
80 630 72 187
100 730 79 214
84 647 80 190
75 550 60 197
100 763 86 202
93 687 91 222
86 689 78 195
83 594 74 193
83 656 67 197
84 644 79 206
82 605 78 209
87 576 85 201
116 864 73 209
85 651 67 187
98 731 90 218
109 796 91 209
79 578 61 187
91 729 67 210
90 654 78 211
103 883 90 206
109 846 90 214
70 554 54 198
76 590 67 189
84 677 74 178
99 817 91 197
71 554 63 171
60 487 49 182
104 834 85 210
84 612 74 183
110 778 97 222
95 786 79 201
78 599 74 179
90 722 74 194
85 677 66 192
88 710 72 217
67 533 66 186
94 693 91 200
82 718 68 178
104 887 103 225
77 581 74 170
100 775 90 208
87 646 79 208
97 835 79 206
95 756 90 207
78 590 67 184
68 570 60 191
73 579 55 184
78 580 72 195
78 628 73 186
135 969 133 234
74 594 73 192
116 951 84 224
82 626 73 188
86 720 78 201
68 575 62 179
75 559 44 182
88 702 86 184
108 870 102 214
90 556 72 202
97 781 84 200
98 745 90 221
78 571 78 211
97 751 72 212
127 914 84 223
82 620 78 188
87 633 86 183
67 598 54 198
61 514 55 196
87 788 72 200
107 883 73 198
81 664 75 219
108 777 96 232
93 746 68 194
70 530 62 197
79 570 73 202
61 505 55 175
80 646 75 181
104 768 96 221
103 645 78 197
89 667 61 204
105 826 90 231
98 773 90 223
69 572 63 169
90 760 55 200
91 719 74 182
71 554 55 178
90 691 61 210
110 837 96 213
81 627 49 190
76 623 73 187
86 655 79 199
81 667 55 205
78 535 62 192
72 549 62 185
85 638 74 193
87 563 55 202
74 567 55 192
104 752 90 222
101 754 97 215
82 664 61 185
103 743 96 219
74 589 72 212
72 613 50 191
81 696 66 186
85 661 78 189
74 614 72 202
101 845 84 213
64 447 55 178
88 674 80 189
81 567 67 193
79 549 61 197
87 701 80 190
76 614 44 186
80 641 73 188
76 610 74 179
71 644 56 187
88 629 72 196
91 688 85 189
78 651 61 208
86 704 67 207
90 633 78 189
64 536 62 198
86 608 78 200
75 571 66 196
94 665 78 222
85 650 79 210
77 643 75 194
68 560 62 199
69 481 62 179
96 742 91 193
93 753 90 220
81 587 72 197
89 637 66 212
94 763 84 212
84 668 49 214
84 629 74 177
104 852 79 205
93 750 90 220
84 625 67 202
70 532 55 180
96 697 91 199
75 614 72 207
92 790 91 199
71 525 67 198
100 702 78 194
107 757 103 228
84 666 74 195
90 658 78 204
102 726 80 200
79 599 73 196
63 510 44 199
76 646 73 207
73 621 56 179
85 619 85 216
75 651 62 205
88 712 74 189
106 826 73 224
98 760 96 221
80 647 58 214
83 653 78 218
75 518 72 193
88 739 79 208
88 651 73 196
79 581 79 201
124 950 96 219
68 488 68 181
73 570 73 183
83 726 67 203
124 1007 84 226
103 806 79 188
72 484 48 191
77 616 74 193
96 737 85 195
89 617 73 187
95 701 73 193
87 708 60 206
87 647 78 203
78 616 78 210
92 677 66 202
126 927 96 232
94 683 74 181
76 635 72 206
85 665 66 208
105 886 85 200
91 666 85 197
103 789 97 200
91 652 80 183
79 589 61 196
76 548 60 205
94 701 84 198
112 924 97 198
85 651 46 199
99 746 90 211
92 715 72 215
74 633 73 202
83 680 78 190
106 836 78 200
87 706 78 200
91 751 80 184
78 668 54 224
130 864 90 223
87 586 84 228
77 647 69 176
108 734 102 221
78 619 66 203
109 823 85 205
79 588 60 217
103 816 85 207
76 560 67 192
107 902 85 221
87 730 79 185
90 698 72 219
111 826 103 224
117 897 66 227
92 644 73 197
98 760 73 214
81 637 67 188
105 719 96 222
81 684 80 202
78 577 78 193
72 569 61 194
87 681 72 213
83 664 57 172
94 718 67 204
78 644 74 180
103 764 90 222
105 718 91 196
95 808 79 211
