16847 120.017
51 303 39 158
48 288 46 153
48 288 46 153
48 288 37 164
48 288 37 164
45 275 43 161
50 292 42 153
50 301 38 160
46 275 44 159
50 291 40 154
50 301 38 160
47 282 45 155
47 277 45 157
47 280 42 160
49 287 39 159
51 303 39 158
48 285 38 163
49 281 40 157
48 279 40 159
46 283 44 157
48 284 46 154
50 287 40 155
45 277 43 160
47 278 40 161
50 287 40 155
49 285 40 156
49 281 40 157
48 287 38 162
46 276 44 158
45 277 43 160
49 287 39 159
47 282 44 157
46 283 43 159
50 291 40 154
50 288 42 154
49 287 38 161
48 287 38 162
48 285 38 163
47 282 45 155
47 278 45 156
46 283 44 157
50 292 42 153
49 286 42 155
49 282 42 156
48 286 42 157
48 284 46 154
48 284 40 158
48 280 42 158
48 279 40 159
47 282 44 157
47 278 45 156
47 277 45 157
46 283 43 159
46 276 44 158
46 275 44 159
51 303 39 158
51 303 39 158
51 303 39 158
51 303 39 158
51 303 39 158
51 303 39 158
51 303 39 158
51 303 39 158
51 303 39 158
51 303 39 158
51 303 39 158
51 303 39 158
51 303 39 158
51 303 39 158
51 303 39 158
51 303 39 158
51 303 39 158
51 303 39 158
51 303 39 158
51 303 39 158
51 303 39 158
51 303 39 158
51 303 39 158
51 303 39 158
51 303 39 158
51 303 39 158
51 303 39 158
51 303 39 158
51 303 39 158
51 303 39 158
51 303 39 158
51 303 39 158
51 303 39 158
51 303 39 158
51 303 39 158
51 303 39 158
51 303 39 158
51 303 39 158
51 303 39 158
51 303 39 158
51 303 39 158
51 303 39 158
51 303 39 158
51 303 39 158
51 303 39 158
51 303 39 158
51 303 39 158
51 303 39 158
51 303 39 158
51 303 39 158
51 303 39 158
51 303 39 158
51 303 39 158
51 303 39 158
51 303 39 158
51 303 39 158
51 303 39 158
51 303 39 158
51 303 39 158
51 303 39 158
51 303 39 158
51 303 39 158
51 303 39 158
51 303 39 158
51 303 39 158
51 303 39 158
51 303 39 158
51 303 39 158
51 303 39 158
51 303 39 158
51 303 39 158
51 303 39 158
51 303 39 158
51 303 39 158
51 303 39 158
51 303 39 158
51 303 39 158
51 303 39 158
51 303 39 158
51 303 39 158
51 303 39 158
51 303 39 158
51 303 39 158
51 303 39 158
51 303 39 158
51 303 39 158
51 303 39 158
51 303 39 158
51 303 39 158
51 303 39 158
51 303 39 158
51 303 39 158
51 303 39 158
51 303 39 158
51 303 39 158
51 303 39 158
51 303 39 158
51 303 39 158
51 303 39 158
51 303 39 158
51 303 39 158
51 303 39 158
51 303 39 158
51 303 39 158
51 303 39 158
51 303 39 158
51 303 39 158
51 303 39 158
51 303 39 158
51 303 39 158
51 303 39 158
51 303 39 158
51 303 39 158
51 303 39 158
51 303 39 158
51 303 39 158
51 303 39 158
51 303 39 158
51 303 39 158
51 303 39 158
51 303 39 158
51 303 39 158
51 303 39 158
51 303 39 158
51 303 39 158
51 303 39 158
51 303 39 158
51 303 39 158
51 303 39 158
51 303 39 158
51 303 39 158
51 303 39 158
50 291 40 154
50 291 40 154
50 288 42 154
50 287 40 155
50 287 40 155
49 285 40 156
49 281 40 157
48 280 42 158
47 282 44 157
47 278 45 156
47 277 45 157
47 277 45 157
47 277 45 157
46 275 44 159
46 275 44 159
51 307 39 158
51 303 38 160
51 303 38 160
48 285 46 154
48 285 46 154
47 281 45 157
50 292 40 154
47 283 43 160
49 283 40 157
48 283 46 155
50 288 40 155
49 286 40 156
49 284 42 156
51 307 39 158
50 289 42 154
50 292 40 154
50 289 42 154
49 286 40 156
49 284 42 156
51 307 39 158
51 307 39 158
51 303 38 160
51 303 38 160
50 289 42 154
56 291 40 155
53 330 38 160
48 287 46 154
48 284 46 155
51 308 39 158
48 299 44 160
49 286 42 156
49 289 40 156
51 297 40 155
48 286 45 157
49 285 40 157
49 285 40 157
48 286 45 157
48 284 46 155
49 285 40 157
53 319 39 158
49 292 42 160
48 287 46 155
51 300 42 155
49 293 45 157
53 316 40 155
53 316 40 155
50 290 40 157
51 299 40 156
51 299 40 156
50 291 42 156
50 291 42 156
50 290 40 157
53 316 40 155
50 291 42 156
50 291 42 156
50 291 42 156
50 290 40 157
50 290 40 157
53 330 39 158
53 317 40 155
50 293 40 157
49 299 45 158
49 299 44 160
51 305 40 156
49 299 45 158
56 294 40 157
55 337 39 158
53 315 40 156
50 295 40 157
53 316 40 156
53 316 40 156
50 298 42 157
50 298 40 158
50 296 42 159
51 299 40 157
51 299 40 157
53 316 40 156
53 316 40 156
51 299 40 157
51 299 40 157
51 299 40 157
53 319 40 156
51 299 40 158
50 305 45 158
51 301 40 157
59 320 40 156
51 303 40 157
51 303 40 157
51 304 40 157
51 304 40 157
51 304 40 157
51 304 40 157
52 320 40 157
51 316 44 163
51 315 45 158
53 320 40 157
53 327 45 158
59 379 45 158
