211734 3120.38
66 508 54 177
74 484 51 174
72 511 47 171
56 395 48 170
57 338 44 163
78 501 78 190
80 526 64 168
65 420 56 169
73 509 57 174
57 425 40 157
78 534 54 181
87 667 60 180
75 582 60 185
61 477 42 187
63 428 44 170
79 557 52 165
56 465 40 164
62 403 55 175
73 503 61 172
63 403 42 159
70 445 67 182
67 475 46 163
65 479 46 174
61 456 48 180
62 482 38 171
75 532 57 186
60 454 42 172
75 533 50 170
70 433 62 171
94 558 50 172
83 627 73 188
67 450 51 165
73 427 62 169
76 457 57 171
52 396 42 159
68 486 41 173
68 479 46 165
79 506 68 179
68 574 54 177
69 571 60 187
69 433 51 177
71 488 48 170
90 650 61 184
61 447 61 182
77 543 55 174
56 389 45 163
55 428 49 173
66 435 46 163
75 479 44 168
57 458 47 174
72 444 62 171
56 395 43 166
72 533 41 172
73 500 46 169
55 428 43 167
57 399 44 166
59 396 56 171
57 423 43 172
72 525 56 173
68 493 51 183
78 483 55 167
87 666 72 193
59 426 48 176
65 473 54 181
57 438 50 165
54 391 38 169
63 449 54 174
66 388 46 162
60 479 60 176
65 516 55 184
62 394 56 172
63 441 46 164
68 416 44 173
59 448 46 169
86 689 67 174
67 447 50 171
62 411 57 169
83 563 61 176
66 441 46 160
99 596 75 180
64 406 42 164
62 424 55 175
56 412 49 174
71 492 41 165
72 450 46 169
67 475 49 173
73 483 67 176
53 366 40 168
80 603 51 181
61 494 51 175
67 539 60 177
74 562 54 170
66 501 54 180
63 456 54 191
89 585 86 186
68 514 44 176
55 398 54 178
61 441 43 177
61 471 48 174
58 478 56 174
86 488 69 180
69 480 56 168
79 575 73 186
79 578 61 176
71 538 42 176
72 518 60 186
70 523 49 172
65 395 61 170
56 412 48 170
81 571 66 179
71 516 55 184
56 385 44 166
88 535 60 189
68 443 49 177
75 586 54 181
75 443 58 158
63 471 54 180
62 433 41 163
62 442 42 168
71 621 62 177
62 424 54 178
55 377 45 161
49 384 41 165
71 479 62 175
63 504 43 172
66 468 56 182
49 387 44 166
69 447 56 168
53 412 46 167
59 383 48 175
63 402 58 165
52 368 41 168
77 469 67 188
74 569 54 184
66 496 62 168
58 421 38 161
70 445 45 169
64 431 51 169
63 468 48 179
68 477 45 170
63 481 48 170
68 531 48 177
62 479 48 186
64 475 51 171
63 474 56 170
77 425 74 175
62 428 56 177
57 396 50 163
61 432 45 159
60 445 60 178
59 442 48 165
60 432 43 169
71 546 42 176
66 484 66 181
65 441 56 168
58 445 42 168
62 509 50 171
70 463 58 162
82 644 44 168
82 520 55 180
64 484 56 170
75 422 64 163
77 508 54 178
81 554 49 175
61 470 42 177
60 426 36 168
63 417 38 161
71 450 55 176
75 547 66 189
63 433 51 168
81 555 56 176
75 418 52 161
91 531 61 172
75 526 55 184
71 601 50 184
78 530 48 175
61 430 57 168
63 526 55 175
65 517 54 168
72 454 72 187
80 593 62 172
61 444 45 162
75 505 49 171
55 454 42 175
64 466 57 167
55 381 49 171
59 386 49 170
71 524 48 181
55 410 49 185
62 422 55 171
60 398 41 160
78 469 66 183
59 457 56 173
63 482 40 163
107 794 66 191
73 575 48 179
65 407 57 166
65 510 57 188
72 483 44 170
66 506 56 174
69 459 43 173
64 434 54 171
59 382 56 173
60 449 54 184
57 385 44 173
78 539 62 178
66 465 60 186
77 538 51 168
57 406 40 168
55 381 46 155
62 517 48 180
64 491 57 166
65 533 54 169
89 612 66 189
63 433 52 162
75 467 61 178
67 477 50 168
62 417 44 163
67 515 47 175
61 393 44 170
60 405 49 173
75 554 56 170
81 553 60 183
63 500 54 175
57 441 49 173
61 411 44 170
75 516 68 171
47 339 43 166
82 612 50 173
62 447 62 173
54 378 49 174
65 480 60 189
63 497 54 179
66 479 55 172
73 488 43 175
55 407 42 172
59 403 45 159
106 656 72 187
63 435 46 165
60 478 60 186
67 426 57 161
65 443 46 163
73 540 56 174
66 489 59 176
50 362 43 168
76 496 57 174
58 395 46 157
81 573 60 187
69 463 62 170
76 546 51 181
66 530 55 182
75 473 54 182
78 532 72 192
65 472 46 168
57 434 49 172
66 473 44 167
72 388 50 168
74 441 44 162
57 448 51 165
62 480 46 165
85 614 62 185
63 459 47 170
57 378 46 164
56 452 43 176
74 526 62 170
60 429 46 165
79 572 67 176
71 451 49 174
68 502 55 174
56 430 48 176
65 497 60 177
71 524 55 180
56 426 49 168
87 613 45 165
59 416 49 174
78 472 70 165
70 474 57 169
58 412 45 163
55 410 50 168
62 401 37 172
66 505 51 172
73 449 46 172
51 404 48 168
66 479 43 170
62 452 38 167
66 459 49 170
67 525 55 181
70 452 54 173
57 396 46 158
65 475 51 175
78 576 60 186
67 447 49 173
59 420 55 180
63 419 44 165
63 436 42 172
49 382 43 167
88 647 54 181
69 501 55 177
101 638 47 177
68 535 54 179
