6 0.0999331
65 558 56 204
73 561 62 206
75 596 54 214
80 612 80 189
63 540 60 193
70 497 61 197
68 548 61 188
69 536 68 196
72 507 66 211
70 497 61 197
61 523 61 196
72 539 60 202
69 581 67 188
79 567 74 190
77 573 67 201
75 573 67 194
66 517 66 194
64 517 61 198
71 496 62 186
72 528 66 216
91 634 56 204
60 488 56 192
79 550 75 203
67 514 66 202
74 549 69 205
74 563 61 196
75 570 73 199
63 532 62 199
74 494 56 199
56 454 55 192
78 571 73 196
67 520 67 195
70 534 55 191
68 549 67 203
63 540 60 193
68 536 56 208
77 541 74 196
64 529 57 186
71 561 69 186
58 501 47 203
73 584 67 195
80 575 67 199
64 529 57 186
65 523 61 199
68 503 55 210
72 543 56 207
68 543 63 192
70 501 67 190
71 496 62 186
64 517 61 198
68 537 60 195
87 541 68 204
60 531 56 188
64 517 61 198
68 537 60 195
74 549 69 205
80 565 80 211
72 540 72 201
69 532 69 209
65 558 56 204
67 512 55 195
68 540 55 190
63 543 55 190
72 558 62 212
74 537 74 218
72 558 72 203
76 522 70 195
72 573 66 196
66 538 51 202
73 545 73 207
77 529 66 203
64 550 51 196
78 641 55 198
65 505 63 214
73 577 62 202
73 537 51 191
66 510 55 189
69 540 57 207
62 532 52 188
71 499 67 189
87 723 56 212
75 520 69 203
63 507 56 186
67 570 56 204
71 598 58 194
66 517 66 194
71 536 69 208
65 540 60 193
60 505 60 200
75 536 67 201
76 528 75 197
63 459 55 192
76 561 61 190
67 490 62 198
67 562 61 197
72 507 66 211
75 526 73 198
71 575 66 199
64 519 61 190
68 536 56 208
74 517 69 195
75 534 62 195
76 534 63 190
67 494 56 198
80 545 78 208
75 520 69 203
73 559 61 199
73 570 73 206
72 531 68 211
65 542 60 206
68 525 67 191
78 576 73 203
69 545 61 199
74 474 68 200
80 587 60 206
65 490 49 189
80 566 76 202
60 505 60 200
72 573 66 196
73 503 61 197
80 584 74 194
76 547 75 193
59 481 55 194
58 501 47 203
67 520 67 195
78 538 51 200
74 494 56 199
75 644 62 200
70 532 53 207
66 529 48 194
78 542 73 205
64 550 51 196
63 477 54 202
68 536 61 205
75 582 67 207
68 602 58 203
67 512 55 195
75 525 69 208
74 490 68 204
72 540 72 201
67 550 55 196
66 542 63 208
75 567 73 196
70 491 67 196
87 723 56 212
75 526 73 198
72 510 56 207
68 540 55 190
68 525 67 191
73 503 61 197
71 536 67 199
70 534 66 201
74 549 69 205
68 538 61 196
71 536 69 208
63 527 56 200
83 664 81 191
64 542 55 198
72 522 67 202
73 532 54 209
77 564 61 193
64 560 62 195
78 542 73 205
81 554 81 205
65 490 49 189
80 674 55 196
68 543 63 192
78 544 61 196
75 543 67 196
64 517 61 198
69 566 66 202
74 549 69 205
77 547 70 190
67 520 55 195
63 494 51 197
63 532 62 199
79 575 70 201
63 477 54 202
69 545 61 199
65 524 55 197
69 581 67 188
65 524 55 197
67 562 61 197
61 493 55 185
64 541 61 200
76 561 61 190
65 575 52 188
67 494 56 198
64 519 61 190
73 532 54 209
75 526 73 198
80 575 67 199
74 517 69 195
64 542 55 198
72 540 72 201
80 517 57 200
61 522 60 195
63 543 55 190
66 529 48 194
73 577 62 202
71 598 58 194
66 510 55 189
76 534 63 190
74 507 62 195
67 507 61 202
67 490 62 198
70 549 65 204
63 532 62 199
61 522 60 195
75 536 67 201
76 522 70 195
65 505 63 214
63 494 51 197
55 487 49 187
59 481 55 194
68 536 56 208
68 548 61 188
70 515 68 211
72 528 66 216
61 473 56 197
75 551 68 190
72 539 60 202
83 550 75 191
71 499 67 189
74 532 56 207
88 669 55 199
71 549 64 187
73 539 67 207
68 593 56 187
74 507 62 195
74 549 69 205
70 562 50 206
69 504 66 199
64 517 61 198
73 570 73 206
71 496 62 186
71 496 62 186
55 487 49 187
69 532 69 209
70 491 67 196
65 550 57 192
79 550 75 203
70 549 65 204
66 550 66 214
80 566 76 202
69 504 66 199
71 549 64 187
70 526 51 208
70 532 53 207
70 534 66 201
71 536 67 199
74 532 56 207
79 529 75 192
72 556 70 211
74 474 68 200
68 549 67 203
82 575 79 205
63 459 55 192
60 488 56 192
74 508 68 197
78 669 58 204
77 529 66 203
63 507 56 186
65 523 61 199
76 569 62 207
61 523 61 196
77 613 62 211
69 540 57 207
72 558 72 203
56 454 55 192
75 526 73 198
74 618 59 201
73 557 67 214
67 499 67 195
64 560 62 195
73 561 62 206
77 574 67 194
76 547 75 193
70 526 51 208
68 503 55 210
75 551 68 190
75 534 62 195
63 532 62 199
75 525 69 208
61 473 56 197
75 543 67 196
69 557 67 193
70 562 50 206
76 579 62 196
67 507 61 202
72 543 56 207
74 490 68 204
65 524 55 197
69 553 68 204
69 566 66 202
67 499 67 195
73 537 51 191
68 538 61 196
75 574 60 204
71 512 68 204
