20304 388.995
49 303 46 153
47 283 44 158
46 307 46 153
45 315 36 165
44 322 36 165
43 335 39 158
42 326 37 163
45 286 42 158
48 296 38 160
43 302 38 162
48 294 40 155
49 297 42 154
47 301 37 164
43 335 39 158
43 326 38 161
48 291 45 156
43 318 40 157
47 283 44 158
48 290 45 157
44 322 36 165
45 295 45 156
43 310 39 159
46 304 46 154
43 302 43 160
46 307 46 153
44 285 40 159
47 306 42 153
49 295 46 154
46 294 42 156
42 326 37 163
45 294 38 162
44 309 37 164
43 302 43 160
48 290 45 157
46 307 45 155
44 285 40 159
45 315 36 165
43 310 39 159
45 304 37 163
43 326 38 161
45 286 42 158
43 318 40 157
47 306 42 153
47 304 42 154
49 303 46 153
49 295 46 154
48 296 38 160
48 291 45 156
45 304 37 163
49 303 46 153
49 303 46 153
49 303 46 153
49 303 46 153
49 303 46 153
49 303 46 153
49 303 46 153
49 303 46 153
49 303 46 153
49 303 46 153
49 303 46 153
49 303 46 153
49 303 46 153
49 303 46 153
49 303 46 153
49 303 46 153
49 303 46 153
49 303 46 153
49 303 46 153
49 303 46 153
49 303 46 153
49 303 46 153
49 303 46 153
49 303 46 153
49 303 46 153
49 303 46 153
49 303 46 153
49 303 46 153
49 303 46 153
49 303 46 153
49 303 46 153
49 303 46 153
49 303 46 153
49 303 46 153
49 303 46 153
49 303 46 153
49 303 46 153
49 303 46 153
49 303 46 153
49 303 46 153
49 303 46 153
49 303 46 153
49 303 46 153
49 303 46 153
49 303 46 153
49 303 46 153
49 303 46 153
49 303 46 153
49 303 46 153
49 303 46 153
49 303 46 153
49 303 46 153
49 303 46 153
49 303 46 153
49 303 46 153
49 303 46 153
49 303 46 153
49 303 46 153
49 303 46 153
49 303 46 153
49 303 46 153
49 303 46 153
49 303 46 153
49 303 46 153
49 303 46 153
49 303 46 153
49 303 46 153
49 303 46 153
49 303 46 153
49 303 46 153
49 303 46 153
49 303 46 153
49 303 46 153
49 303 46 153
49 303 46 153
49 303 46 153
49 303 46 153
49 303 46 153
49 303 46 153
49 303 46 153
49 303 46 153
49 303 46 153
49 303 46 153
49 303 46 153
49 303 46 153
49 303 46 153
49 303 46 153
49 303 46 153
49 303 46 153
49 303 46 153
49 303 46 153
49 303 46 153
49 303 46 153
49 303 46 153
49 303 46 153
49 303 46 153
49 303 46 153
49 303 46 153
49 303 46 153
49 303 46 153
49 303 46 153
49 303 46 153
49 303 46 153
49 303 46 153
49 303 46 153
49 303 46 153
49 303 46 153
49 303 46 153
49 303 46 153
49 303 46 153
49 303 46 153
49 303 46 153
49 303 46 153
49 303 46 153
49 303 46 153
49 303 46 153
49 303 46 153
49 303 46 153
49 303 46 153
49 303 46 153
49 303 46 153
49 303 46 153
49 303 46 153
49 303 46 153
49 303 46 153
49 303 46 153
49 303 46 153
49 303 46 153
49 303 46 153
49 303 46 153
49 303 46 153
49 303 46 153
49 303 46 153
49 303 46 153
49 303 46 153
49 303 46 153
49 303 46 153
49 303 46 153
49 303 46 153
49 303 46 153
49 303 46 153
49 303 46 153
49 303 46 153
49 303 46 153
49 303 46 153
49 303 46 153
49 303 46 153
49 303 46 153
49 303 46 153
49 303 46 153
49 303 46 153
49 303 46 153
49 303 46 153
49 303 46 153
49 303 46 153
49 303 46 153
49 303 46 153
49 303 46 153
49 303 46 153
49 303 46 153
49 303 46 153
49 303 46 153
49 303 46 153
49 303 46 153
49 303 46 153
49 303 46 153
49 303 46 153
49 303 46 153
49 303 46 153
49 303 46 153
49 303 46 153
49 303 46 153
49 303 46 153
49 303 46 153
49 303 46 153
49 303 46 153
47 306 42 153
47 306 42 153
47 306 42 153
47 306 42 153
47 306 42 153
47 306 42 153
47 306 42 153
47 306 42 153
47 306 42 153
47 306 42 153
47 306 42 153
47 306 42 153
47 306 42 153
47 306 42 153
46 307 46 153
46 307 46 153
46 307 46 153
46 307 46 153
46 307 46 153
50 305 46 153
49 303 45 155
49 303 45 155
48 312 42 153
46 311 46 153
47 308 46 153
50 305 46 153
49 306 46 153
48 307 46 153
49 306 46 153
48 307 46 153
49 306 46 153
49 306 46 153
48 307 46 153
50 313 42 153
49 329 42 153
49 307 46 153
49 307 46 153
48 327 46 153
50 319 42 153
49 308 46 153
49 308 46 153
49 308 46 153
48 329 46 153
53 335 42 153
49 309 46 153
49 309 46 153
49 309 46 153
49 310 46 153
49 312 46 153
49 312 46 153
49 312 46 153
49 313 46 153
50 313 46 153
49 320 46 153
52 313 46 153
50 317 46 153
50 317 46 153
50 317 46 153
50 317 46 153
50 317 46 153
49 322 46 153
49 322 46 153
51 320 46 153
51 320 46 153
50 325 46 153
49 338 46 153
52 329 46 153
52 329 46 153
52 320 52 153
51 330 46 153
50 346 46 153
55 324 52 158
52 338 52 158
57 331 52 158
55 337 52 158
49 303 46 153
47 283 44 158
46 307 46 153
45 315 36 165
44 322 36 165
43 335 39 158
42 326 37 163
45 286 42 158
48 296 38 160
43 302 38 162
48 294 40 155
47 306 42 153
43 335 39 158
43 318 40 157
48 291 45 156
47 283 44 158
44 322 36 165
47 301 37 164
43 310 39 159
45 295 45 156
43 302 43 160
46 307 46 153
44 285 40 159
43 326 38 161
49 295 46 154
48 290 45 157
46 294 42 156
42 326 37 163
45 304 37 163
44 309 37 164
44 291 44 158
49 295 46 154
44 304 40 155
44 302 39 159
45 291 39 158
43 302 43 160
45 315 36 165
45 310 40 154
48 291 40 157
45 310 40 154
45 294 38 162
44 301 38 161
43 326 38 161
45 290 38 163
45 286 42 158
43 318 40 157
46 298 40 154
47 306 42 153
45 300 38 160
45 293 40 157
48 290 45 157
46 303 37 164
46 297 40 155
46 296 42 154
45 300 40 156
45 294 38 162
45 293 40 157
44 309 37 164
44 307 39 158
44 301 38 161
44 297 40 157
44 295 38 162
44 285 40 159
49 303 46 153
49 303 46 153
49 303 46 153
49 303 46 153
49 303 46 153
49 303 46 153
49 303 46 153
49 303 46 153
49 303 46 153
49 303 46 153
49 303 46 153
49 303 46 153
49 303 46 153
49 303 46 153
49 303 46 153
49 303 46 153
49 303 46 153
49 303 46 153
49 303 46 153
49 303 46 153
49 303 46 153
49 303 46 153
49 303 46 153
49 303 46 153
49 303 46 153
49 303 46 153
49 303 46 153
49 303 46 153
49 303 46 153
49 303 46 153
49 303 46 153
49 303 46 153
49 303 46 153
49 303 46 153
49 303 46 153
49 303 46 153
49 303 46 153
49 303 46 153
49 303 46 153
49 303 46 153
49 303 46 153
49 303 46 153
49 303 46 153
49 303 46 153
49 303 46 153
49 303 46 153
49 303 46 153
49 303 46 153
49 303 46 153
49 303 46 153
49 303 46 153
49 303 46 153
49 303 46 153
49 303 46 153
49 303 46 153
49 303 46 153
49 303 46 153
49 303 46 153
49 303 46 153
49 303 46 153
49 303 46 153
49 303 46 153
49 303 46 153
49 303 46 153
49 303 46 153
49 303 46 153
49 303 46 153
49 303 46 153
49 303 46 153
49 303 46 153
49 303 46 153
49 303 46 153
49 303 46 153
49 303 46 153
49 303 46 153
49 303 46 153
49 303 46 153
49 303 46 153
49 303 46 153
49 303 46 153
49 303 46 153
49 303 46 153
49 303 46 153
49 303 46 153
49 303 46 153
49 303 46 153
49 303 46 153
49 303 46 153
49 303 46 153
49 303 46 153
49 303 46 153
49 303 46 153
49 303 46 153
49 303 46 153
49 303 46 153
49 303 46 153
49 303 46 153
49 303 46 153
49 303 46 153
49 303 46 153
49 303 46 153
49 303 46 153
49 303 46 153
49 303 46 153
49 303 46 153
49 303 46 153
49 303 46 153
49 303 46 153
49 303 46 153
49 303 46 153
49 303 46 153
49 303 46 153
49 303 46 153
49 303 46 153
49 303 46 153
49 303 46 153
49 303 46 153
49 303 46 153
49 303 46 153
49 303 46 153
49 303 46 153
49 303 46 153
49 303 46 153
49 303 46 153
47 306 42 153
51 320 42 153
50 324 42 153
50 305 46 153
47 313 46 153
47 311 40 154
47 295 44 158
48 298 45 156
50 303 46 155
48 298 45 156
49 305 46 155
48 307 46 153
49 306 46 153
48 306 46 154
49 306 45 155
48 307 46 153
48 306 46 154
49 306 46 153
56 305 45 156
51 359 40 155
49 307 46 153
49 305 45 158
49 303 46 156
48 311 46 153
47 318 40 156
47 311 46 154
55 327 42 154
51 351 42 153
50 328 45 155
48 307 46 155
51 327 45 155
48 311 46 153
49 306 45 156
49 307 46 153
57 351 40 157
52 354 42 153
49 308 46 153
49 308 45 156
48 315 46 153
52 334 45 155
50 331 42 156
49 308 46 153
49 308 46 153
57 311 45 156
54 366 42 154
51 313 45 158
49 309 46 153
48 321 46 153
49 320 45 156
52 338 45 155
56 364 42 153
55 363 42 155
55 349 45 155
54 322 45 157
51 309 46 154
49 330 45 156
48 328 46 153
48 321 46 154
52 326 45 156
50 310 46 153
49 312 46 153
49 310 46 154
51 330 45 156
51 310 46 153
49 313 46 153
48 322 46 156
49 311 46 154
55 341 45 156
55 333 45 157
54 340 45 157
52 313 46 153
49 314 46 153
49 313 46 155
49 313 46 155
61 343 45 156
57 364 45 157
49 315 46 153
49 317 46 153
50 317 46 153
50 317 46 153
49 334 46 155
50 320 46 153
50 317 46 154
53 318 46 154
52 323 46 153
51 320 46 155
50 343 46 153
50 343 46 153
50 337 46 154
50 328 46 155
53 321 46 154
52 329 46 153
53 339 46 153
53 339 46 153
53 339 46 153
53 329 46 156
52 346 46 153
52 342 46 154
54 332 46 158
53 359 46 153
53 342 46 156
52 349 46 154
55 361 46 153
54 352 46 154
52 359 46 156
57 364 46 153
57 364 46 153
57 364 46 153
55 356 46 154
54 353 46 156
53 359 46 156
57 368 46 154
60 404 46 155
49 303 46 153
47 283 44 158
46 307 46 153
45 315 36 165
44 322 36 165
43 335 39 158
42 326 37 163
45 286 42 158
48 296 38 160
43 302 38 162
48 294 40 155
43 335 39 158
48 291 45 156
43 318 40 157
47 283 44 158
44 322 36 165
49 297 42 154
45 304 37 163
43 310 39 159
45 295 45 156
43 302 43 160
46 307 46 153
44 285 40 159
43 326 38 161
47 306 42 153
49 295 46 154
48 290 45 157
46 294 42 156
42 326 37 163
45 294 38 162
44 291 44 158
48 290 45 157
44 305 40 155
44 301 37 164
44 301 37 164
44 285 40 159
45 291 39 158
43 302 43 160
45 315 36 165
45 310 40 154
45 310 40 154
44 298 38 161
43 326 38 161
45 290 38 163
45 286 42 158
43 318 40 157
44 309 39 158
46 298 40 154
45 300 40 156
49 303 46 153
49 295 46 154
47 306 42 153
45 304 37 163
45 300 40 156
45 296 40 157
44 305 40 155
44 302 38 160
44 298 38 161
44 297 40 157
44 295 38 162
49 303 46 153
49 303 46 153
49 303 46 153
49 303 46 153
49 303 46 153
49 303 46 153
49 303 46 153
49 303 46 153
49 303 46 153
49 303 46 153
49 303 46 153
49 303 46 153
49 303 46 153
49 303 46 153
49 303 46 153
49 303 46 153
49 303 46 153
49 303 46 153
49 303 46 153
49 303 46 153
49 303 46 153
49 303 46 153
49 303 46 153
49 303 46 153
49 303 46 153
49 303 46 153
49 303 46 153
49 303 46 153
49 303 46 153
49 303 46 153
49 303 46 153
49 303 46 153
49 303 46 153
49 303 46 153
49 303 46 153
49 303 46 153
49 303 46 153
49 303 46 153
49 303 46 153
49 303 46 153
49 303 46 153
49 303 46 153
49 303 46 153
49 303 46 153
49 303 46 153
49 303 46 153
49 303 46 153
49 303 46 153
49 303 46 153
49 303 46 153
49 303 46 153
49 303 46 153
49 303 46 153
49 303 46 153
49 303 46 153
49 303 46 153
49 303 46 153
49 303 46 153
49 303 46 153
49 303 46 153
49 303 46 153
49 303 46 153
49 303 46 153
49 303 46 153
49 303 46 153
49 303 46 153
49 303 46 153
49 303 46 153
49 303 46 153
49 303 46 153
49 303 46 153
49 303 46 153
49 303 46 153
49 303 46 153
49 303 46 153
49 303 46 153
49 303 46 153
49 303 46 153
49 303 46 153
49 303 46 153
49 303 46 153
49 303 46 153
49 303 46 153
49 303 46 153
49 303 46 153
49 303 46 153
49 303 46 153
49 303 46 153
49 303 46 153
49 303 46 153
49 303 46 153
49 303 46 153
49 303 46 153
49 303 46 153
49 303 46 153
49 303 46 153
49 303 46 153
49 303 46 153
49 303 46 153
49 303 46 153
49 303 46 153
49 303 46 153
49 303 46 153
49 303 46 153
49 303 46 153
49 303 46 153
49 303 46 153
49 303 46 153
49 303 46 153
49 303 46 153
49 303 46 153
49 303 46 153
49 303 46 153
49 303 46 153
49 303 46 153
49 303 46 153
49 303 46 153
49 303 46 153
49 303 46 153
49 303 46 153
49 303 46 153
49 303 46 153
49 303 46 153
49 303 46 153
49 303 46 153
49 303 46 153
46 307 46 153
54 375 40 157
50 305 46 153
49 301 46 154
46 311 46 153
49 324 42 153
51 309 45 155
50 312 42 153
50 307 45 156
49 306 46 153
49 306 46 153
49 306 46 153
52 316 42 153
50 324 42 153
50 304 46 154
50 304 46 154
46 313 46 153
49 307 46 153
51 323 42 153
50 304 46 154
50 325 42 153
50 324 42 155
50 307 46 154
46 314 46 153
49 308 46 153
49 308 46 153
49 308 46 153
49 308 46 153
49 308 46 153
49 308 46 153
49 308 46 153
49 308 46 153
49 308 46 153
49 308 46 153
49 308 46 153
49 308 46 153
49 308 46 153
54 345 42 153
51 309 46 153
50 325 45 156
50 308 46 154
47 315 46 153
52 326 45 155
49 311 46 153
49 311 46 153
55 353 42 153
50 346 45 158
50 311 46 153
50 310 46 154
47 317 46 153
49 312 46 153
50 311 46 153
55 362 42 153
50 317 46 153
49 319 46 153
48 320 46 153
48 320 46 153
56 366 42 153
52 317 46 153
51 319 46 153
50 320 46 153
50 320 46 153
49 322 46 153
58 389 42 155
50 321 46 153
49 327 46 153
49 322 46 154
52 324 46 153
51 322 46 154
50 323 46 154
49 333 46 153
49 326 46 154
52 329 46 153
51 323 46 154
49 337 46 153
49 330 46 155
53 335 46 154
53 335 46 154
52 337 46 153
52 330 46 155
50 338 46 153
49 344 46 153
49 337 46 154
57 335 52 158
56 337 46 159
50 339 46 153
53 339 46 153
53 339 46 153
53 339 46 153
52 342 46 153
50 345 46 153
55 341 46 154
53 342 46 153
53 343 46 153
53 346 46 153
54 348 46 154
53 349 46 153
55 351 46 153
54 360 46 153
53 374 46 153
53 356 46 154
53 349 46 156
57 360 46 153
56 362 46 153
55 352 46 154
53 357 46 157
58 363 46 153
57 381 46 153
55 356 46 154
60 395 46 153
57 363 46 154
55 370 46 154
57 370 46 154
68 443 46 158
