84570 780.071
45 284 39 160
42 306 39 160
43 291 39 160
44 292 40 159
42 325 38 162
42 339 37 164
45 291 40 159
43 305 38 162
44 296 38 163
48 302 38 161
47 302 38 162
44 315 39 159
49 333 42 157
42 314 37 166
49 295 38 163
47 351 45 157
43 290 38 164
42 297 38 163
43 317 39 159
42 297 38 163
44 304 38 161
45 312 39 159
43 304 37 164
45 304 40 158
46 310 39 159
43 290 38 164
45 304 40 158
46 310 39 159
44 304 38 161
45 312 39 159
46 310 39 159
43 317 39 159
43 304 37 164
45 311 40 158
45 288 39 160
42 307 39 160
42 298 38 163
44 320 39 159
46 312 39 159
44 294 40 159
43 307 38 162
44 308 38 161
45 292 40 159
45 304 38 162
45 307 38 161
43 291 38 164
43 309 37 164
44 307 37 164
53 353 42 157
43 293 39 160
43 293 39 160
43 293 39 160
43 294 39 160
45 289 39 160
42 309 39 160
44 307 38 162
43 311 38 162
44 293 39 160
44 294 38 164
44 295 40 159
45 293 40 159
47 312 39 159
46 315 40 158
71 507 45 160
50 353 39 160
75 519 42 171
66 438 51 164
74 452 39 162
50 347 45 160
58 374 45 160
66 378 45 163
56 420 39 160
53 355 39 160
70 445 45 163
60 414 42 165
62 470 44 171
57 372 45 160
72 496 48 168
50 337 45 159
61 422 51 162
53 380 45 165
60 417 39 160
61 358 51 162
63 413 51 167
81 514 45 161
55 397 39 160
54 386 38 164
65 491 45 164
54 343 45 165
60 443 45 167
56 415 42 165
54 347 45 165
54 425 44 169
58 353 45 160
62 388 45 160
61 435 42 165
57 337 39 163
47 348 39 160
60 404 44 166
57 373 45 163
68 461 39 162
57 392 45 167
63 427 45 165
48 348 39 160
49 341 45 165
52 360 39 163
54 370 44 169
66 428 45 167
56 381 45 167
58 374 39 160
58 381 45 167
64 431 51 167
72 440 45 163
68 417 39 160
53 387 39 160
60 431 43 167
60 451 45 165
63 429 45 168
63 392 45 165
56 380 45 160
54 390 38 164
51 342 45 165
66 439 51 167
55 369 51 162
76 454 45 163
65 418 45 168
70 527 38 164
60 391 45 165
67 478 43 166
53 374 45 162
55 388 45 167
54 341 45 165
54 352 45 160
61 369 39 163
64 429 51 168
61 341 45 162
52 352 45 162
67 489 45 173
58 411 45 168
62 373 39 163
54 391 45 162
58 421 39 160
58 361 45 162
56 403 40 159
56 377 40 161
51 394 45 167
62 418 45 168
52 363 45 165
65 424 45 163
67 438 43 167
61 381 45 163
51 328 45 160
57 396 51 168
68 425 40 161
58 402 45 165
68 446 45 160
56 433 50 166
50 349 39 160
58 407 45 160
61 402 44 171
57 383 45 164
55 376 39 160
55 395 45 164
55 365 51 168
59 417 39 160
59 395 40 161
63 455 39 160
58 447 39 160
66 447 44 171
50 352 39 162
64 463 39 162
55 385 45 163
52 400 45 162
75 477 45 165
57 388 45 164
51 337 45 163
55 395 41 165
59 426 51 166
48 342 39 160
63 489 39 160
74 442 38 164
65 495 44 167
54 377 45 162
68 450 45 162
62 370 45 168
55 398 38 167
57 409 45 168
59 404 39 163
56 384 39 163
53 391 41 166
48 351 39 163
60 392 51 162
63 429 51 167
55 382 45 162
63 418 45 168
67 425 44 167
55 366 45 167
51 358 39 160
51 312 45 160
61 462 39 160
68 481 50 174
52 359 45 159
58 361 51 165
61 439 45 166
57 391 44 167
62 367 45 160
59 354 45 165
62 432 45 168
55 361 45 163
49 351 39 162
61 439 40 163
51 349 44 167
63 351 39 163
59 386 45 165
64 472 44 169
60 427 39 167
68 476 45 169
45 331 39 160
54 369 45 160
55 404 45 162
66 456 57 169
54 379 39 163
60 404 45 165
61 368 39 160
74 447 45 162
53 372 44 169
53 357 43 167
59 397 39 162
48 326 39 162
58 372 45 165
63 375 44 172
58 364 45 160
71 441 39 163
51 351 39 160
60 414 45 167
54 359 41 165
54 389 45 165
59 393 39 163
52 315 39 162
72 474 50 166
66 466 51 169
66 391 39 163
63 465 39 163
50 354 39 160
68 454 51 168
55 377 45 167
62 419 39 160
71 396 39 160
70 397 51 168
51 325 45 163
61 382 45 160
55 386 40 159
49 329 45 160
64 378 45 160
56 381 45 162
59 427 39 160
52 362 39 160
66 393 45 168
66 431 57 170
57 404 38 164
60 362 51 165
58 439 39 160
65 480 50 166
53 327 39 163
68 476 45 159
55 373 45 170
59 373 45 160
60 396 45 162
57 392 51 170
58 399 39 160
57 353 39 162
56 370 51 165
56 440 39 160
56 371 51 165
63 439 51 170
56 396 39 160
54 358 45 162
45 349 39 160
60 436 45 162
62 395 45 165
60 442 45 160
50 324 39 163
57 391 51 168
49 370 45 165
57 386 45 159
67 471 51 164
53 388 39 162
63 463 45 165
56 374 45 160
57 406 45 165
57 340 51 162
58 339 45 160
62 339 44 163
62 411 39 160
70 494 40 163
65 426 39 163
49 338 45 163
51 367 44 164
49 351 39 160
60 381 51 164
