28 0.446799
57 458 50 190
60 475 49 192
73 592 43 207
77 624 50 181
56 460 45 190
58 448 55 198
61 447 55 187
58 429 50 188
53 450 49 193
59 448 55 195
62 435 56 181
60 477 50 177
59 469 56 192
52 445 50 189
54 448 50 193
58 425 57 187
54 427 44 187
61 464 50 183
57 453 45 190
52 418 50 185
60 451 50 194
56 444 50 194
59 459 50 191
56 456 56 193
58 441 56 190
61 457 56 193
59 477 50 193
57 468 44 191
59 437 54 199
54 440 44 182
67 504 50 192
56 458 50 189
56 447 56 195
50 436 50 192
58 457 49 190
58 426 50 190
58 444 50 185
59 428 50 185
57 441 56 193
55 447 50 194
59 465 50 188
53 446 44 186
60 486 44 188
67 528 50 181
56 433 56 195
53 444 50 185
59 469 56 192
55 427 49 193
54 457 50 184
60 486 44 188
58 457 49 190
66 469 50 186
55 446 49 184
56 467 56 193
57 433 50 182
60 439 50 178
59 454 50 185
58 493 50 198
64 459 56 186
54 479 50 193
55 462 48 186
56 432 50 182
65 462 61 204
59 444 51 190
52 436 44 197
56 437 56 190
55 446 49 184
61 493 50 187
57 458 55 190
58 441 56 190
58 477 57 183
55 468 45 189
56 458 50 181
56 461 50 187
57 446 50 193
57 443 56 187
57 459 50 189
59 451 45 189
56 454 51 190
64 433 55 192
52 445 50 189
64 520 62 189
52 459 50 184
56 446 56 194
63 458 56 183
56 450 56 192
63 503 44 186
59 453 56 184
59 462 56 198
61 470 50 196
55 449 51 183
58 477 57 183
59 461 50 183
58 487 49 196
55 445 50 187
49 443 44 193
62 465 49 191
57 435 50 190
50 445 44 193
62 486 50 184
61 467 44 186
61 488 50 198
57 454 50 190
54 455 44 190
54 457 50 184
74 625 57 183
60 461 50 179
63 447 61 192
64 456 50 187
55 441 51 190
52 420 44 191
57 440 51 188
60 442 56 183
54 456 49 191
59 477 50 193
73 512 68 188
59 483 56 186
55 448 50 193
60 458 56 195
57 458 55 190
55 445 50 187
55 448 50 192
54 452 45 189
63 503 44 186
60 465 50 187
65 486 51 178
59 467 50 194
54 447 51 185
59 461 50 183
56 477 56 189
53 446 44 186
53 435 44 191
54 443 50 187
60 472 56 187
61 457 56 193
64 456 50 187
51 436 44 191
52 435 45 190
59 459 49 193
56 456 50 185
57 439 56 195
52 418 50 185
69 542 56 182
53 457 50 184
56 445 56 193
53 419 44 191
59 467 50 194
59 465 50 188
61 440 56 193
63 513 56 182
58 425 57 187
57 446 50 193
62 457 56 195
56 453 50 196
67 522 56 177
57 451 55 196
57 446 57 187
57 469 50 196
59 438 56 177
59 457 50 189
56 444 50 194
52 446 49 192
52 430 45 189
56 432 50 182
52 459 50 184
55 447 50 194
61 457 49 194
55 455 55 189
67 522 56 177
59 451 45 189
49 390 44 189
60 496 44 188
57 426 50 185
55 449 51 183
56 432 50 182
53 456 50 189
59 445 50 192
51 454 51 184
57 457 50 192
63 471 56 202
61 504 49 188
54 440 44 182
61 464 50 183
59 438 56 177
56 449 50 188
56 462 51 173
51 432 50 189
56 397 49 191
55 451 48 191
57 459 50 189
59 468 56 190
61 467 44 186
57 434 50 193
60 464 50 183
60 438 56 193
60 457 57 187
56 445 56 184
55 451 44 187
60 438 56 193
50 436 50 192
61 444 56 190
57 470 56 179
54 418 50 183
81 602 56 181
52 435 51 173
54 428 50 189
56 437 56 190
59 462 56 198
53 452 44 190
58 487 49 196
59 446 50 182
53 419 44 191
56 445 50 187
53 445 44 191
55 427 49 193
59 480 44 185
54 442 50 184
53 444 50 185
56 450 45 189
55 421 55 190
59 459 50 191
53 450 49 193
54 428 50 189
56 456 50 185
59 438 55 190
56 463 56 193
49 390 44 189
55 454 50 195
55 454 50 195
59 444 51 190
60 457 57 187
71 478 68 186
53 421 44 181
57 433 50 182
59 428 50 186
60 458 56 199
57 468 56 190
71 478 68 186
55 441 50 177
61 504 49 188
61 458 51 178
56 461 50 195
64 459 56 186
56 451 56 194
63 461 56 179
56 445 50 187
56 437 44 198
61 444 56 190
60 493 50 184
56 445 44 188
53 421 44 181
54 433 51 175
56 460 45 190
56 499 44 188
57 469 50 196
59 437 54 199
60 519 49 198
58 510 50 191
56 456 56 193
53 445 44 191
61 452 56 196
59 445 50 192
56 430 50 187
56 454 51 190
60 465 50 187
56 432 50 182
61 457 49 194
56 445 56 184
57 434 50 193
54 452 45 189
56 450 45 189
67 519 50 185
53 419 49 189
60 439 50 178
53 419 49 189
67 519 50 185
54 453 50 184
54 443 50 187
56 429 48 193
56 441 56 202
53 424 50 189
56 445 56 193
56 461 50 187
54 418 50 183
67 482 55 191
62 472 62 196
78 484 74 198
57 434 50 185
54 427 44 187
55 456 50 195
59 453 56 186
54 457 50 200
58 426 50 190
55 453 50 185
64 433 55 192
57 451 55 196
54 442 50 190
57 493 57 180
64 520 62 189
60 460 50 190
