22554 360.09
42 323 42 182
43 312 43 177
57 368 38 191
55 367 55 171
43 313 43 178
44 314 44 175
49 385 49 172
43 322 42 181
43 314 43 178
43 314 43 178
44 320 44 175
44 314 44 175
53 344 42 174
44 318 44 175
43 312 43 177
46 327 42 184
44 317 44 175
45 339 42 184
43 321 43 178
43 312 43 178
56 385 42 174
44 322 44 176
44 327 44 175
43 320 43 179
43 320 42 182
44 314 44 175
46 327 42 184
43 317 43 180
44 320 44 175
43 326 43 177
53 334 42 174
43 320 42 182
43 314 43 178
44 317 44 175
43 312 43 178
43 313 43 177
53 334 42 174
44 316 44 175
44 314 44 175
43 312 43 177
53 337 42 174
43 316 43 178
44 337 44 175
43 320 43 177
43 312 43 177
53 334 42 174
44 337 44 175
43 317 43 180
46 326 42 181
45 359 42 192
43 320 42 182
46 332 42 181
44 316 44 175
43 320 42 182
43 316 43 180
43 318 42 182
43 324 43 178
44 316 44 175
44 320 44 175
43 325 43 177
44 326 44 175
44 314 44 175
45 358 42 182
43 314 43 178
43 318 42 182
44 314 44 175
53 334 42 174
44 333 44 176
43 312 43 177
43 314 43 178
44 316 44 175
43 312 43 178
53 369 42 174
44 316 44 175
43 314 43 178
45 323 42 184
51 367 44 175
43 314 43 178
44 316 44 175
43 315 43 180
57 368 38 191
44 319 44 175
49 347 49 172
43 326 43 177
57 368 40 190
44 314 44 175
43 321 43 178
43 318 42 182
44 314 44 175
43 312 43 177
53 334 42 174
47 361 42 182
44 314 44 175
44 314 44 175
45 367 42 192
43 313 43 178
44 322 44 175
44 331 44 175
43 313 43 178
43 313 43 178
45 328 44 175
44 314 44 175
44 320 44 175
43 318 42 181
43 313 43 177
44 319 44 175
45 334 44 175
43 313 43 178
43 321 43 178
43 312 43 177
44 314 44 175
45 324 42 184
44 316 44 175
44 318 44 175
46 339 42 182
43 312 43 177
45 324 42 184
44 314 44 175
44 346 43 177
43 315 43 179
50 340 49 172
44 326 44 175
43 317 43 178
43 312 43 177
43 317 43 180
43 313 43 178
45 328 44 175
47 373 42 192
44 314 44 175
43 313 43 178
44 319 44 175
43 312 43 177
44 316 44 175
44 320 44 175
43 313 43 178
57 368 38 191
44 320 44 175
44 320 44 175
43 321 43 177
43 312 43 177
44 342 42 182
44 338 43 177
44 332 44 175
43 315 43 179
57 368 38 191
44 316 44 175
43 324 43 177
43 312 43 177
43 313 43 177
43 315 43 180
44 320 44 175
43 315 43 180
43 318 42 182
44 314 44 175
43 329 43 180
43 312 43 177
49 391 49 172
44 320 44 175
43 318 43 178
43 312 43 178
53 344 42 174
43 320 42 182
44 319 44 175
44 314 44 175
43 313 43 178
56 403 42 176
44 320 44 175
43 312 43 177
43 323 43 178
43 320 42 182
43 320 42 182
43 318 42 182
44 321 44 175
43 326 43 177
43 318 42 182
43 315 43 180
43 320 42 182
44 321 44 175
44 316 44 175
42 323 42 182
51 348 49 172
44 320 44 175
44 346 43 177
43 314 43 178
43 315 43 180
43 314 43 178
49 399 49 172
43 320 43 179
43 314 43 178
43 313 43 178
44 316 44 175
43 314 43 178
46 328 44 175
44 332 44 175
43 313 43 178
53 337 42 174
44 316 44 175
43 320 42 182
43 317 43 178
43 312 43 178
55 348 42 174
53 344 42 174
46 328 44 175
43 312 43 177
44 324 42 182
44 314 44 175
43 320 42 182
43 318 42 182
44 314 44 175
43 312 43 177
53 334 42 174
43 317 43 177
43 316 43 180
44 314 44 175
43 316 43 178
43 312 43 178
53 337 42 174
44 316 44 175
44 314 44 175
43 312 43 178
53 356 42 174
44 314 44 175
44 316 44 175
43 314 43 178
43 312 43 178
53 344 42 174
49 347 49 172
44 314 44 175
53 364 42 174
43 319 43 177
43 318 42 182
48 331 42 184
44 314 44 175
42 323 42 182
43 320 42 182
43 318 42 182
46 332 42 181
44 316 44 175
44 323 44 175
42 323 42 182
53 334 42 174
44 316 44 175
43 318 42 182
43 313 43 177
46 327 42 184
44 314 44 175
44 320 44 175
43 320 42 182
43 312 43 177
43 316 43 180
44 316 44 175
43 312 43 177
44 322 44 175
44 316 44 175
44 316 44 175
48 341 42 184
44 320 44 175
45 331 43 179
44 346 43 177
43 317 43 177
57 368 38 191
44 320 44 175
44 343 44 175
43 321 43 177
46 327 42 184
44 316 44 175
48 350 42 184
43 318 43 178
44 314 44 175
43 312 43 178
45 323 44 175
48 356 42 184
44 314 44 175
44 314 44 175
45 323 42 184
43 312 43 177
50 340 49 172
44 319 44 175
43 318 42 182
43 312 43 177
53 344 42 174
44 314 44 175
44 320 44 175
43 318 43 177
43 312 43 177
43 320 43 179
44 316 44 175
43 312 43 178
53 344 42 174
45 326 42 184
43 329 43 180
43 323 43 178
44 316 44 175
43 321 43 177
48 337 42 184
43 314 43 178
43 320 42 182
44 314 44 175
47 334 43 179
43 317 43 180
