239921 2040.16
42 298 38 166
44 288 38 166
44 299 39 164
43 358 40 157
45 359 37 163
44 327 36 165
43 331 38 164
47 347 37 163
43 335 36 165
47 349 39 158
44 293 40 165
43 293 38 166
44 349 40 157
47 344 40 156
45 337 40 161
47 342 40 157
45 345 40 157
43 374 39 158
46 299 40 163
46 353 40 156
45 356 39 158
45 305 40 163
46 305 38 164
44 337 39 162
43 319 38 165
46 341 38 163
46 322 39 163
43 353 40 161
43 359 39 162
46 375 38 161
50 353 38 161
43 320 37 170
49 368 38 160
44 331 39 163
45 311 38 164
46 330 39 162
45 333 39 162
48 329 39 162
44 310 38 165
49 365 38 161
43 330 39 164
46 355 39 158
48 379 38 160
45 354 39 161
48 371 38 162
45 309 38 165
47 374 38 162
42 336 42 164
42 314 37 171
44 309 37 171
51 315 37 170
48 328 42 162
51 366 38 160
51 328 40 162
47 382 38 160
43 323 36 166
48 353 42 155
41 296 38 169
41 296 38 169
48 353 42 155
43 323 36 166
43 303 38 166
50 352 38 165
76 620 67 186
55 430 50 175
85 563 62 178
61 446 50 172
57 370 50 176
61 464 50 172
57 425 50 173
62 447 43 177
71 544 55 177
62 424 56 171
64 518 50 176
81 621 61 178
57 448 42 171
54 387 50 171
79 629 68 181
75 604 68 182
68 482 50 169
65 436 56 180
65 447 50 168
54 443 44 166
52 387 38 168
57 444 51 175
61 428 50 167
74 483 43 172
60 458 49 177
84 567 67 189
73 517 56 178
80 558 61 177
77 543 46 176
88 684 67 188
56 404 43 172
77 542 50 173
77 537 50 174
58 438 42 172
56 416 44 168
71 545 55 179
73 435 56 166
63 424 49 173
70 506 61 176
71 459 55 183
71 532 55 174
60 401 44 171
72 461 50 174
62 422 50 173
80 580 61 182
53 396 44 174
73 516 50 171
76 560 50 176
69 533 48 177
62 494 44 173
79 573 51 179
64 439 47 179
66 487 50 168
69 530 62 172
69 431 44 171
77 506 55 176
60 380 44 166
69 489 55 178
78 615 62 177
66 500 42 172
61 435 43 175
60 416 50 176
67 476 49 175
91 595 62 180
64 463 56 178
67 564 56 184
70 483 49 179
57 381 43 175
58 434 41 170
59 454 45 177
63 450 49 178
63 517 49 186
64 437 40 165
61 428 55 182
60 433 54 175
74 523 68 182
74 574 43 172
61 450 49 181
81 603 61 177
81 560 62 179
70 482 47 181
71 525 56 175
53 381 41 173
51 399 43 171
74 562 50 172
69 496 56 178
65 438 50 174
66 469 50 178
67 491 44 169
59 456 49 180
67 504 49 180
59 406 44 169
58 441 43 177
72 482 50 182
64 418 44 168
74 585 61 180
77 553 48 176
86 537 61 187
71 492 44 169
58 417 50 173
61 436 50 173
80 585 67 184
71 591 50 174
67 507 55 180
73 555 49 182
63 484 56 182
70 560 54 183
58 474 49 180
79 531 55 181
77 552 56 178
49 388 41 170
81 642 56 171
70 540 55 179
62 436 50 171
61 416 50 177
52 380 44 168
74 517 67 190
61 503 50 169
74 487 56 175
82 540 44 171
62 509 62 180
57 404 44 169
64 432 56 173
57 430 50 171
69 516 56 172
59 464 44 168
73 536 44 167
70 556 61 176
72 513 56 177
61 463 49 177
74 575 49 178
84 631 62 177
63 422 49 174
74 535 50 171
63 517 56 170
65 502 51 176
62 437 49 172
78 576 57 180
69 537 50 178
73 533 44 179
78 559 62 180
78 486 50 175
81 533 49 171
73 545 55 177
73 583 49 184
71 522 55 178
65 431 38 168
67 515 56 173
55 405 50 169
85 628 56 178
66 434 44 171
76 590 67 187
65 488 61 176
64 445 55 175
49 404 45 166
64 465 56 177
75 521 48 183
78 571 61 179
75 593 55 184
67 481 54 183
64 504 50 167
74 513 49 183
67 514 55 175
59 423 44 168
58 406 50 178
73 516 50 170
73 445 56 170
75 522 68 179
69 466 43 177
79 521 56 176
60 463 44 172
83 500 49 175
65 450 49 176
64 460 50 176
70 523 47 177
64 419 49 172
57 433 44 166
70 488 55 181
59 437 55 181
71 448 50 177
68 460 43 172
73 562 51 176
73 514 56 173
66 465 41 170
68 529 49 179
59 481 44 171
71 450 49 175
70 565 62 176
61 407 50 172
66 455 56 169
72 531 68 181
86 641 54 183
70 517 38 168
58 440 50 170
81 615 62 179
70 573 50 172
66 558 55 179
51 384 38 168
69 528 56 182
91 580 66 186
62 420 49 170
72 551 62 178
64 474 48 182
60 473 43 177
66 492 50 180
66 507 46 174
72 524 54 181
66 474 56 178
63 449 49 177
78 605 44 175
51 362 44 166
65 402 56 169
70 493 44 170
81 579 62 173
61 485 61 180
72 501 56 185
70 466 49 176
58 475 49 175
66 524 54 175
58 401 44 170
81 536 67 182
73 539 50 183
63 470 49 176
69 511 67 191
64 453 44 175
73 549 67 186
66 462 50 177
77 583 54 182
54 415 43 170
73 559 54 183
55 418 44 165
68 528 56 179
70 453 50 177
61 441 55 174
72 562 62 180
80 550 61 185
66 484 50 170
