118040 1650.47
43 283 36 169
51 303 42 153
42 326 40 157
40 295 36 169
46 317 42 153
44 297 36 167
43 283 36 169
48 303 46 153
46 295 42 155
43 305 40 158
49 302 46 153
48 294 42 157
44 286 44 160
43 322 40 155
45 291 45 157
44 290 38 161
42 307 38 160
46 306 37 163
40 306 36 167
40 306 36 167
45 291 45 157
43 311 37 163
46 305 39 158
42 314 39 158
41 298 37 164
44 309 40 155
44 292 39 159
44 286 44 160
41 288 37 166
42 314 39 158
41 301 38 162
43 322 40 155
44 318 40 154
42 326 40 157
47 315 40 154
42 297 38 162
51 303 42 153
48 294 42 157
45 316 40 154
46 287 40 158
45 316 40 154
48 311 42 153
47 315 40 154
50 304 40 154
50 304 40 154
43 302 39 159
41 298 37 164
49 302 46 153
44 290 38 161
43 294 37 164
42 299 36 167
46 289 38 161
46 292 36 168
45 284 40 159
43 316 40 156
50 304 40 154
41 301 38 162
40 312 37 165
42 314 39 158
41 298 37 164
51 303 42 153
45 286 39 163
47 304 39 158
43 283 37 166
46 292 36 168
43 322 40 155
41 288 37 166
43 316 40 156
44 299 40 157
42 307 38 160
43 302 39 159
44 318 40 154
41 301 38 162
43 310 36 165
48 312 40 154
42 314 39 158
44 286 44 160
48 297 40 155
42 307 38 160
44 284 40 161
40 295 36 169
42 299 36 167
41 298 37 164
42 297 37 164
41 288 37 166
41 301 38 162
46 289 39 159
48 302 38 160
44 292 40 158
47 315 40 154
41 301 38 162
46 317 42 153
42 307 38 160
46 317 42 153
44 306 38 160
47 293 46 155
44 290 38 161
47 304 39 158
41 287 37 168
44 318 40 154
44 300 40 156
43 311 37 163
42 303 39 160
43 310 39 158
43 293 39 161
47 315 40 154
48 300 39 158
40 312 37 165
41 288 37 166
43 310 39 158
43 283 37 166
44 309 40 155
43 316 40 156
43 294 38 162
44 286 44 160
42 287 38 164
48 298 42 154
46 317 42 153
44 286 44 160
40 306 36 167
40 295 36 169
44 286 44 160
44 318 40 154
51 303 42 153
49 302 46 153
45 284 38 164
46 317 42 153
43 322 40 155
46 317 42 153
45 291 45 157
44 286 44 160
47 315 40 154
51 303 42 153
45 316 40 154
48 302 38 160
43 294 38 162
41 287 37 168
43 283 37 166
45 291 45 157
41 288 37 166
43 294 38 162
41 307 39 160
42 299 36 167
44 292 39 159
44 318 40 154
42 297 38 162
41 301 38 162
50 304 40 154
51 303 42 153
41 288 37 166
40 295 36 169
46 305 39 158
42 299 36 167
41 297 38 164
45 316 40 154
40 306 36 167
40 295 36 169
50 304 40 154
45 316 40 154
44 309 40 155
46 317 42 153
41 298 37 164
43 294 38 162
41 298 37 164
42 287 38 164
47 315 40 154
51 303 42 153
41 298 37 164
41 301 38 162
43 310 39 158
45 316 40 154
45 291 45 157
48 303 46 153
41 301 38 162
42 326 40 157
41 301 38 162
43 316 40 156
43 310 39 158
45 284 38 164
42 309 40 158
41 298 37 164
41 301 38 162
45 287 45 158
41 298 37 164
41 288 37 166
42 299 36 167
48 311 42 153
42 297 38 162
43 322 40 155
42 326 40 157
43 310 36 165
43 322 40 155
43 322 40 155
43 310 39 158
42 326 40 157
51 303 42 153
41 298 37 164
42 307 38 160
41 301 38 162
43 283 37 166
43 322 40 155
45 287 45 158
41 301 38 162
43 302 39 159
43 316 40 156
43 322 40 155
40 306 36 167
42 314 39 158
41 307 39 160
43 322 40 155
46 304 38 160
43 322 40 155
44 309 40 155
46 317 42 153
45 286 39 163
46 304 40 155
44 286 44 160
42 297 38 162
46 317 42 153
41 287 37 168
42 299 36 167
42 297 37 164
41 307 39 160
44 286 44 160
44 290 38 161
40 295 36 169
47 315 40 154
45 316 40 154
43 294 37 164
46 305 39 158
46 289 39 159
43 294 38 162
47 315 40 154
47 304 39 158
42 297 38 162
42 288 36 169
47 304 39 158
44 286 44 160
41 301 38 162
44 309 40 155
41 298 37 164
43 302 39 159
43 283 37 166
42 326 40 157
46 317 42 153
42 297 38 162
42 307 38 160
41 288 37 166
43 310 39 158
43 294 38 162
42 297 38 162
42 307 38 160
41 301 38 162
42 307 38 160
44 309 40 155
41 301 38 162
46 305 39 158
46 287 40 158
44 290 38 161
44 300 40 156
43 302 39 159
41 298 37 164
48 302 38 160
51 303 42 153
43 316 40 156
46 305 36 165
40 295 36 169
42 287 38 164
43 283 37 166
45 284 40 159
46 306 42 154
43 311 37 163
41 307 39 160
42 299 36 167
46 304 40 155
48 303 46 153
41 301 38 162
45 284 40 159
44 309 40 155
40 312 37 165
47 304 39 158
42 307 38 160
42 314 39 158
42 314 39 158
46 304 40 155
43 293 39 161
42 303 39 160
41 298 37 164
46 317 42 153
43 310 39 158
44 318 40 154
41 301 38 162
46 304 40 155
50 304 40 154
46 287 45 157
48 294 42 157
41 298 37 164
41 287 37 168
41 298 37 164
45 316 40 154
