117231 1080.08
44 319 37 168
45 306 38 164
42 323 37 169
44 328 39 162
44 336 40 160
47 356 37 167
43 307 38 167
44 309 38 164
42 315 38 166
45 305 39 169
45 334 40 160
47 317 39 162
47 313 40 163
44 324 40 162
43 314 38 165
44 330 40 161
50 352 37 167
45 322 39 162
42 325 36 171
43 312 38 166
46 339 42 159
45 319 39 163
46 315 40 163
46 317 39 163
49 355 37 167
48 329 42 160
54 400 36 169
53 412 36 169
45 316 40 162
42 318 38 164
43 309 37 169
43 309 37 169
45 322 40 161
45 322 40 161
42 318 38 164
45 316 40 162
45 339 36 171
42 320 38 166
42 328 37 169
44 331 39 162
43 320 38 164
45 308 38 164
43 313 38 166
44 316 37 169
44 310 38 164
44 321 37 168
48 306 38 164
45 321 39 163
43 319 37 173
43 326 37 169
45 320 37 168
44 338 40 160
45 323 40 161
43 355 36 175
45 317 40 163
49 368 37 167
45 321 40 162
49 325 39 162
44 328 40 162
46 335 40 160
44 378 36 172
47 334 40 160
54 396 39 167
61 479 61 177
57 427 48 183
53 410 43 175
54 407 40 171
64 437 43 176
70 527 55 177
78 591 60 185
76 525 49 183
67 432 41 168
57 428 37 173
61 461 44 176
63 479 48 178
57 457 41 171
56 458 49 180
63 492 49 177
65 495 46 178
65 517 48 185
62 470 46 178
56 419 43 173
64 411 49 175
61 451 47 175
73 605 51 185
56 424 50 179
57 402 49 177
52 376 37 173
61 498 49 175
50 407 41 172
62 494 43 172
62 452 48 183
62 490 57 180
52 378 43 170
55 446 49 173
64 502 55 176
62 499 42 176
62 519 49 181
52 410 41 170
56 419 47 177
78 604 51 179
66 466 38 169
63 478 44 168
61 454 49 176
68 489 46 174
71 507 49 176
72 550 54 182
60 456 43 172
72 549 38 168
62 396 49 176
59 431 51 178
66 530 48 175
63 467 44 169
64 484 55 178
66 497 48 179
62 451 44 168
58 433 43 176
70 506 49 182
54 379 43 168
65 435 43 178
73 540 43 179
70 538 42 180
63 496 41 175
59 477 45 174
61 473 43 176
70 504 49 178
56 425 43 174
57 395 45 172
62 495 43 177
73 515 56 175
51 448 46 179
64 491 37 171
77 589 47 169
64 498 51 182
50 372 44 170
62 483 42 180
72 569 49 182
61 460 43 168
67 515 49 174
64 504 43 172
72 477 41 169
73 572 58 185
69 561 49 177
56 375 43 171
71 544 62 186
59 395 43 174
54 407 42 178
59 446 49 172
68 433 43 173
67 512 48 182
64 474 49 175
64 467 45 169
67 489 54 184
60 450 43 172
68 486 45 174
57 440 48 179
56 466 41 177
64 491 43 171
62 481 49 176
63 459 43 175
55 428 46 179
60 470 54 191
52 415 43 175
63 482 43 172
52 418 42 181
57 422 43 178
59 456 41 171
75 517 52 181
66 495 55 179
63 491 46 172
60 460 55 181
63 393 56 172
60 468 49 176
69 537 49 182
51 398 43 174
54 431 43 171
66 467 41 171
63 484 55 184
64 467 48 178
66 522 52 179
67 524 49 181
66 475 46 179
72 552 51 185
64 465 46 178
56 403 50 174
64 522 56 173
57 443 42 166
53 445 49 175
55 419 46 176
68 479 44 166
65 444 43 176
67 479 49 181
63 463 46 181
55 430 46 174
54 403 48 177
58 421 41 170
63 487 48 185
69 476 44 169
64 487 51 169
56 419 37 168
67 504 43 173
59 422 47 177
65 485 42 180
62 495 51 176
70 533 53 176
59 436 41 170
48 387 40 167
65 490 46 175
59 432 42 176
48 389 43 168
62 439 48 179
57 417 43 179
55 414 42 175
57 413 46 178
77 622 55 179
70 556 49 175
56 455 47 178
53 415 43 174
66 494 41 171
53 422 43 171
78 599 46 176
55 448 45 174
54 447 45 167
60 457 43 177
63 465 50 173
59 448 46 178
63 559 40 165
48 374 40 168
67 460 43 173
69 495 48 174
57 460 42 179
71 459 45 172
61 493 43 174
68 457 43 180
70 506 50 171
52 390 43 171
63 455 37 168
78 551 61 182
58 448 49 175
60 444 43 174
81 574 61 187
63 482 42 176
63 506 52 172
68 530 41 171
62 422 46 181
66 483 49 179
68 468 41 171
67 536 49 182
63 423 49 172
68 516 46 175
58 435 48 181
79 468 61 178
64 496 43 180
61 459 43 172
86 616 53 178
58 445 56 173
67 461 56 174
68 529 48 180
60 452 48 180
55 414 49 172
66 433 41 170
67 538 55 181
57 455 44 167
61 472 49 180
60 501 51 176
68 562 52 184
58 386 49 172
76 524 50 177
68 530 55 186
76 548 44 168
54 439 42 175
60 489 48 181
63 461 49 178
57 422 42 176
51 373 42 175
68 462 55 172
57 435 43 174
57 384 43 173
59 456 49 176
63 442 43 172
54 472 52 177
59 462 47 174
58 446 43 179
72 563 49 178
64 461 47 182
65 518 43 171
68 466 49 182
60 415 49 176
78 561 67 190
80 663 55 182
59 489 43 172
63 470 48 181
66 475 48 177
78 556 43 177
73 552 50 175
56 408 56 172
60 510 43 173
71 512 46 172
58 446 46 182
64 485 48 183
