59150 3362.16
49 290 42 153
49 290 42 153
46 296 36 165
46 286 36 166
46 278 39 160
44 291 36 166
43 282 38 162
48 289 40 154
49 285 42 154
46 294 37 163
43 296 40 158
48 284 40 155
43 283 39 160
46 279 40 157
46 278 39 160
44 291 37 164
45 283 38 160
45 279 38 162
44 288 40 158
44 293 40 157
45 296 40 155
44 293 40 157
43 296 40 158
44 291 38 161
49 285 42 154
48 284 40 155
46 294 37 163
46 288 37 164
46 278 40 159
45 284 39 158
45 287 40 157
44 291 39 159
46 296 36 165
46 293 40 154
46 285 40 156
45 296 40 155
45 293 40 156
45 279 38 162
44 291 39 159
48 289 40 154
46 293 40 154
46 286 40 155
46 285 40 156
49 290 42 153
49 290 42 153
49 290 42 153
49 290 42 153
49 290 42 153
49 290 42 153
49 290 42 153
49 290 42 153
49 290 42 153
49 290 42 153
49 290 42 153
49 290 42 153
49 290 42 153
49 290 42 153
49 290 42 153
49 290 42 153
49 290 42 153
49 290 42 153
49 290 42 153
49 290 42 153
49 290 42 153
49 290 42 153
49 290 42 153
49 290 42 153
49 290 42 153
49 290 42 153
49 290 42 153
49 290 42 153
49 290 42 153
49 290 42 153
49 290 42 153
49 290 42 153
49 290 42 153
49 290 42 153
49 290 42 153
49 290 42 153
49 290 42 153
49 290 42 153
49 290 42 153
49 290 42 153
49 290 42 153
49 290 42 153
49 290 42 153
49 290 42 153
49 290 42 153
49 290 42 153
49 290 42 153
49 290 42 153
49 290 42 153
49 290 42 153
49 290 42 153
49 290 42 153
49 290 42 153
49 290 42 153
49 290 42 153
49 290 42 153
49 290 42 153
49 290 42 153
49 290 42 153
49 290 42 153
49 290 42 153
49 290 42 153
49 290 42 153
49 290 42 153
49 290 42 153
49 290 42 153
49 290 42 153
49 290 42 153
49 290 42 153
49 290 42 153
49 290 42 153
49 290 42 153
49 290 42 153
49 290 42 153
49 290 42 153
49 290 42 153
49 290 42 153
49 290 42 153
49 290 42 153
49 290 42 153
49 290 42 153
49 290 42 153
49 290 42 153
49 290 42 153
49 290 42 153
49 290 42 153
49 290 42 153
49 290 42 153
49 290 42 153
49 290 42 153
49 290 42 153
49 290 42 153
49 290 42 153
49 290 42 153
49 290 42 153
49 290 42 153
49 290 42 153
49 290 42 153
49 290 42 153
49 290 42 153
49 290 42 153
49 290 42 153
49 290 42 153
49 290 42 153
49 290 42 153
49 290 42 153
49 290 42 153
49 290 42 153
49 290 42 153
49 290 42 153
49 290 42 153
49 290 42 153
49 290 42 153
49 290 42 153
49 290 42 153
49 290 42 153
49 290 42 153
49 290 42 153
49 290 42 153
49 290 42 153
49 290 42 153
49 290 42 153
49 290 42 153
49 290 42 153
49 290 42 153
49 290 42 153
49 290 42 153
49 290 42 153
49 290 42 153
49 290 42 153
49 290 42 153
49 290 42 153
49 290 42 153
49 290 42 153
49 290 42 153
49 290 42 153
49 290 42 153
49 290 42 153
49 290 42 153
49 290 42 153
49 285 42 154
49 285 42 154
49 285 42 154
49 285 42 154
48 289 40 154
48 289 40 154
48 289 40 154
48 289 40 154
48 289 40 154
48 289 40 154
48 289 40 154
48 289 40 154
48 289 40 154
48 289 40 154
48 289 40 154
48 289 40 154
48 289 40 154
48 289 40 154
48 289 40 154
48 284 40 155
46 293 40 154
46 293 40 154
46 293 40 154
46 293 40 154
46 286 40 155
46 285 40 156
44 293 40 157
44 291 39 159
52 330 39 158
49 291 42 153
46 284 40 159
44 291 38 163
48 298 42 154
48 307 40 154
49 290 40 154
48 289 40 155
46 290 40 156
46 285 40 157
49 285 42 156
49 285 42 156
46 290 40 156
49 290 40 154
50 290 40 155
49 294 42 153
49 285 42 158
48 315 40 154
46 296 40 159
46 298 40 156
48 288 40 157
49 292 40 154
48 293 40 155
49 289 40 156
49 289 42 155
49 289 42 155
52 300 40 154
50 294 42 153
49 302 40 155
49 290 42 155
46 297 40 159
46 301 40 156
49 293 40 157
50 299 40 155
52 301 40 154
52 300 42 153
51 305 42 153
51 295 40 159
51 290 42 156
50 332 40 156
50 329 40 159
49 295 42 155
52 300 40 156
52 295 42 154
52 300 42 153
52 300 42 153
52 300 42 153
53 310 40 155
53 302 42 153
52 328 40 154
52 320 42 153
52 311 40 155
52 293 42 156
53 302 42 153
56 340 40 154
53 306 42 153
53 305 42 155
52 328 40 155
52 317 42 155
61 353 40 154
58 362 40 154
55 308 42 156
54 312 45 157
53 329 42 153
57 314 42 153
55 321 42 155
53 329 42 153
57 314 42 153
57 314 42 153
60 323 42 153
57 345 42 153
57 319 42 155
57 313 42 156
56 315 42 157
53 329 42 154
53 329 42 154
64 336 42 153
64 336 42 153
61 353 42 154
60 318 42 156
57 320 42 155
57 313 42 158
56 338 42 156
63 331 42 157
61 334 44 155
60 317 42 158
57 317 45 158
67 343 42 157
57 347 45 159
