278990 3180.31
42 285 38 164
42 306 39 161
46 293 40 158
41 307 36 170
43 298 39 161
44 306 40 158
43 295 37 169
42 299 38 163
43 290 38 163
43 307 37 168
44 295 38 162
45 291 40 162
44 309 39 159
47 313 42 157
45 322 37 165
45 300 40 158
41 304 38 170
44 306 38 161
46 296 39 159
45 287 38 163
45 300 39 159
44 287 40 163
46 298 38 161
42 325 37 166
44 304 40 160
42 320 37 168
42 300 37 170
43 321 38 162
47 320 37 167
45 304 38 161
43 327 37 165
40 307 36 171
44 282 38 164
40 307 36 171
46 324 42 157
45 307 45 157
40 307 36 171
44 282 38 164
40 307 36 171
40 307 36 171
44 282 38 164
40 307 36 171
44 282 38 164
48 304 42 157
40 307 36 171
44 282 38 164
44 282 38 164
48 304 42 157
46 324 42 157
44 282 38 164
40 307 36 171
40 307 36 171
40 307 36 171
44 282 38 164
40 307 36 171
44 282 38 164
40 307 36 171
40 307 36 171
40 307 36 171
47 313 42 157
40 307 36 171
44 282 38 164
40 307 36 171
65 496 49 174
59 389 55 172
61 406 60 184
70 505 55 175
60 429 38 164
64 381 45 161
62 412 40 167
64 481 41 168
70 483 49 177
46 340 39 161
58 439 44 162
61 432 51 166
64 386 45 161
60 376 56 171
69 517 40 169
54 368 50 174
53 363 43 172
57 407 38 164
50 325 43 168
59 392 50 170
54 390 42 169
67 447 39 163
73 445 42 161
53 351 49 175
62 428 50 172
63 395 55 179
64 423 55 178
62 425 45 164
59 410 50 174
73 514 49 170
54 376 43 172
57 351 45 166
54 359 42 171
60 416 38 172
66 446 48 179
49 369 44 170
56 419 43 176
73 502 43 170
54 378 38 165
63 473 45 166
55 363 39 161
59 364 50 164
65 421 44 164
62 453 40 160
59 432 51 166
53 384 40 163
75 467 50 169
57 430 38 168
49 325 40 167
61 377 38 164
53 364 44 169
70 497 50 176
56 388 39 161
61 486 49 170
59 409 55 174
77 595 43 176
54 358 50 171
66 448 44 170
61 446 43 167
67 458 55 177
53 357 44 165
68 435 49 173
54 368 43 170
52 373 38 168
59 413 43 172
50 347 40 165
62 430 44 167
65 427 49 173
52 358 39 161
61 429 44 168
60 391 40 164
55 418 42 170
53 387 39 161
73 519 55 175
58 396 45 166
59 414 44 167
44 316 39 161
48 356 44 166
59 362 50 171
55 392 48 181
51 360 44 163
56 422 38 165
60 445 48 177
54 389 39 161
77 547 39 164
63 443 43 170
62 433 49 169
59 403 48 176
65 466 39 161
62 453 55 180
63 385 38 164
53 386 49 175
64 428 56 173
67 419 48 179
54 376 44 173
59 407 55 175
59 434 50 171
59 382 45 166
55 348 43 173
61 440 45 167
55 407 44 166
65 423 55 174
53 412 39 161
52 333 42 173
63 411 55 179
59 384 50 169
61 478 39 161
71 395 50 171
74 526 54 185
69 498 55 174
66 465 49 178
61 397 38 164
68 451 55 175
60 409 49 173
56 383 51 166
52 405 44 170
65 468 50 169
60 423 56 171
62 427 44 168
58 410 44 164
58 384 43 173
58 428 38 168
54 398 38 163
59 394 39 161
58 427 38 164
56 417 38 164
59 430 43 169
78 531 48 176
51 395 39 161
59 403 45 166
53 344 38 168
59 377 55 175
63 462 39 161
73 483 48 182
57 415 43 168
61 465 47 177
68 434 50 166
52 360 39 161
59 380 43 167
66 478 54 185
67 447 49 175
60 391 45 165
56 397 56 168
65 471 49 180
51 380 39 164
61 425 43 168
63 458 49 174
53 361 50 175
59 379 44 163
66 441 48 174
51 340 38 168
57 386 38 164
55 392 39 161
59 374 44 163
57 419 38 168
51 400 39 161
73 533 56 171
59 405 44 162
61 436 43 172
59 388 44 172
67 462 49 169
56 394 45 169
54 351 38 163
49 342 43 168
62 389 40 167
59 396 49 175
64 411 50 173
49 339 45 163
55 417 44 169
60 421 50 173
54 393 38 168
69 439 45 163
58 428 45 168
66 409 56 174
53 374 40 167
64 422 44 165
51 345 39 161
65 438 50 171
63 421 50 171
57 436 44 171
58 402 42 172
64 453 55 177
50 347 44 168
60 416 44 171
54 382 39 161
63 455 49 174
49 344 44 172
55 394 45 166
60 451 39 161
60 424 44 170
50 386 39 163
56 379 38 168
63 398 48 177
57 401 39 161
53 377 39 161
62 401 62 175
55 385 49 169
62 434 49 175
56 393 50 171
58 415 42 176
58 411 43 173
66 438 50 168
53 378 38 165
55 368 49 175
58 384 48 177
53 384 38 164
78 508 56 173
59 400 40 164
74 496 48 171
61 416 39 161
59 404 38 164
59 448 38 166
58 388 40 163
55 393 43 173
57 381 44 169
51 361 44 166
80 518 49 177
56 394 38 163
54 417 45 164
54 378 50 169
50 320 40 163
54 397 45 163
61 440 38 168
47 349 39 161
57 371 49 174
54 398 41 167
58 397 43 168
52 398 45 171
54 340 50 174
58 417 43 175
67 447 43 171
72 464 39 163
64 385 44 169
73 442 54 182
54 372 38 170
62 388 55 178
53 389 38 168
