154 3.57817
87 607 84 193
80 591 74 184
79 661 66 196
84 601 84 190
71 601 68 173
80 612 73 193
79 602 74 174
69 509 62 167
71 563 50 176
85 670 60 178
74 546 56 185
83 612 66 185
91 705 91 187
72 560 55 183
71 541 69 160
103 796 91 214
70 584 60 190
78 552 74 186
66 487 61 184
79 564 42 168
75 625 74 196
69 523 67 196
100 743 74 180
88 709 79 188
69 495 48 177
75 587 44 172
65 548 56 168
81 697 72 188
59 473 46 183
66 510 60 184
75 582 62 197
81 633 61 189
87 597 75 165
72 664 72 195
63 487 61 179
83 668 73 191
73 572 61 182
81 646 41 181
97 767 72 203
67 546 48 178
74 568 60 191
84 621 68 181
70 482 56 193
86 670 86 181
74 519 69 162
102 740 85 198
90 696 62 181
72 585 67 187
68 509 49 191
77 506 68 176
69 529 69 182
85 627 74 169
61 484 55 179
77 595 41 179
85 700 85 202
77 693 57 195
61 423 44 185
85 695 73 193
105 732 104 191
66 527 49 186
96 729 81 169
83 667 50 180
90 576 75 187
73 489 73 185
75 484 73 188
79 620 79 193
82 650 49 176
86 598 80 180
82 599 81 170
77 584 54 188
76 593 64 176
82 639 61 185
89 601 81 181
91 578 61 205
62 521 60 186
83 649 66 196
106 847 86 185
73 554 55 184
71 573 56 193
69 545 68 167
72 499 56 189
71 563 68 183
95 721 93 179
81 594 56 189
73 581 73 198
68 541 60 192
81 623 72 202
89 690 81 192
61 516 55 181
94 654 86 170
70 568 69 193
67 491 66 187
81 606 55 198
75 588 74 174
76 521 60 195
75 558 72 181
73 576 56 189
63 555 60 198
71 581 66 203
82 607 72 193
70 545 67 177
90 662 80 180
78 595 68 176
110 790 110 190
74 542 68 173
77 657 67 189
73 597 68 172
80 639 66 203
77 606 67 187
71 519 66 186
69 569 55 188
72 591 59 197
79 670 60 194
60 542 55 168
70 581 63 183
104 754 90 214
94 681 92 183
76 591 74 173
75 621 68 188
100 759 85 197
83 706 67 197
66 467 61 192
67 488 61 188
60 532 55 177
78 625 72 200
88 698 80 180
76 662 60 193
68 479 66 189
86 628 73 187
80 596 67 190
67 569 66 180
87 677 66 199
91 725 80 177
69 510 48 179
86 661 55 185
59 543 46 180
90 627 66 190
84 603 81 170
85 607 74 186
88 659 74 184
81 668 67 187
96 596 85 184
76 614 43 180
80 590 56 180
74 581 42 182
79 667 74 186
87 644 44 184
82 653 61 190
79 623 55 183
78 608 68 187
79 567 74 186
71 502 56 177
63 491 55 183
59 517 54 185
88 638 87 188
85 588 84 197
74 606 68 174
82 602 67 194
88 629 73 189
99 680 92 188
77 605 40 172
68 547 48 186
67 539 62 177
73 592 50 185
69 528 66 185
76 579 67 184
67 553 59 181
88 684 86 194
83 595 66 209
80 545 80 169
104 847 72 198
69 532 44 175
64 487 61 185
75 592 67 192
69 502 43 188
86 623 57 176
79 625 68 184
74 539 62 173
81 656 61 187
79 636 60 193
75 593 49 195
74 589 63 181
84 718 60 191
66 503 56 182
74 570 54 182
101 792 73 214
81 579 79 179
77 611 56 193
83 648 79 189
67 522 49 178
85 683 78 207
78 567 44 187
67 531 67 192
86 601 78 196
82 602 63 178
74 526 74 177
83 666 60 187
88 668 86 197
85 596 72 210
72 570 66 187
97 723 97 195
66 513 55 185
70 579 67 179
69 572 67 178
88 685 50 181
79 594 61 177
106 851 98 202
78 565 78 204
77 640 73 185
84 650 48 186
80 557 67 180
68 546 51 172
68 527 61 184
82 629 67 183
69 484 56 185
68 576 66 186
70 534 45 169
60 506 49 181
70 531 61 196
71 544 45 183
77 557 73 181
65 548 57 192
78 602 60 194
80 592 68 175
86 612 62 173
84 609 78 204
71 575 60 189
92 792 67 180
100 712 97 206
81 640 63 175
97 781 74 189
88 667 43 176
62 481 55 176
71 574 66 183
80 682 78 194
72 525 55 184
86 635 79 183
92 751 60 199
78 640 66 185
89 600 84 200
92 749 56 180
85 645 66 196
80 673 73 180
87 571 67 191
60 502 57 165
81 602 72 197
60 439 50 181
71 579 60 190
103 703 103 195
80 580 61 193
77 587 44 182
67 537 56 176
85 639 78 203
75 649 62 195
101 777 91 197
75 544 49 180
77 560 44 179
79 598 79 205
82 572 68 175
80 597 49 181
68 511 61 187
86 609 66 193
88 712 66 192
85 759 60 181
81 616 80 173
81 617 72 201
66 561 60 185
69 598 63 178
75 620 60 201
85 739 60 192
80 560 67 190
75 593 55 189
60 462 51 182
86 632 68 187
72 565 67 181
81 603 54 188
78 602 72 201
68 526 38 183
73 604 61 177
59 432 45 168
66 515 48 177
79 642 66 193
72 640 55 182
95 718 67 182
77 519 74 175
80 566 67 180
73 559 63 181
94 730 49 196
78 568 42 195
69 523 62 185
66 516 61 192
73 579 60 186
76 662 69 166
76 554 73 185
72 596 62 178
77 644 60 195
95 725 66 190
84 697 84 193
70 547 42 188
65 508 44 186
