16173 60.0112
45 371 37 177
43 359 42 172
65 506 40 157
56 336 37 167
53 356 49 162
52 468 36 168
65 506 40 157
56 426 46 157
53 356 49 162
45 357 42 170
46 384 37 174
56 336 37 167
52 436 44 158
45 371 37 177
52 468 36 168
63 473 40 158
55 397 45 158
43 359 42 172
61 433 38 161
52 416 46 158
44 337 43 163
65 506 40 157
47 362 38 171
51 396 40 159
47 372 38 166
43 359 42 172
52 468 36 168
46 384 37 174
61 433 38 161
49 392 38 162
44 337 43 163
47 372 38 166
43 359 42 172
47 371 39 169
56 336 37 167
65 506 40 157
61 433 38 161
65 506 40 157
48 400 43 162
52 416 46 158
48 400 43 162
43 359 42 172
55 397 45 158
63 473 40 158
61 433 38 161
55 456 38 161
51 396 40 159
61 433 38 161
61 433 38 161
59 428 36 165
46 354 38 173
55 456 38 161
50 397 40 160
55 456 38 161
43 377 43 164
46 363 42 164
50 397 40 160
50 397 40 160
53 356 49 162
44 337 43 163
52 436 44 158
46 384 37 174
52 468 36 168
55 456 38 161
48 370 38 166
59 428 36 165
59 428 36 165
56 336 37 167
54 347 37 167
65 506 40 157
56 426 46 157
45 357 42 170
49 358 39 168
53 356 49 162
45 357 42 170
51 382 37 163
63 473 40 158
48 364 37 170
55 397 45 158
53 356 49 162
51 396 40 159
55 397 45 158
60 436 38 161
60 436 38 161
56 336 37 167
46 384 37 174
50 397 40 160
54 347 37 167
50 397 40 160
52 468 36 168
43 359 42 172
48 370 38 166
59 428 36 165
47 372 38 166
63 473 40 158
43 377 43 164
51 382 37 163
43 359 42 172
49 392 38 162
48 400 43 162
59 428 36 165
65 506 40 157
48 384 37 165
43 359 42 172
43 359 42 172
48 370 38 166
55 456 38 161
48 364 37 170
46 363 42 164
48 370 38 166
48 378 36 169
45 357 42 170
63 473 40 158
53 356 49 162
45 357 42 170
47 372 38 166
63 473 40 158
56 336 37 167
55 397 45 158
47 372 38 166
47 372 38 166
55 397 45 158
47 372 38 166
47 362 38 171
44 337 43 163
46 384 37 174
43 359 42 172
55 397 45 158
47 372 38 166
47 372 38 166
56 336 37 167
61 433 38 161
43 359 42 172
51 396 40 159
52 416 46 158
47 371 39 169
47 372 38 166
51 396 40 159
48 378 36 169
51 396 40 159
48 378 36 169
44 337 43 163
48 384 37 165
51 358 37 169
61 433 38 161
65 506 40 157
55 397 45 158
55 397 45 158
60 436 38 161
61 433 38 161
45 371 37 177
43 359 42 172
52 436 44 158
43 359 42 172
47 372 38 166
46 363 42 164
53 356 49 162
46 354 38 173
47 372 38 166
44 337 43 163
51 382 37 163
55 397 45 158
56 336 37 167
46 361 44 161
53 356 49 162
52 416 46 158
55 397 45 158
55 397 45 158
47 362 38 171
45 371 37 177
63 473 40 158
51 396 40 159
48 384 37 165
56 336 37 167
61 433 38 161
61 433 38 161
61 433 38 161
46 354 38 173
50 397 40 160
43 377 43 164
46 363 42 164
50 397 40 160
53 356 49 162
44 337 43 163
52 436 44 158
55 456 38 161
59 428 36 165
59 428 36 165
55 397 45 158
54 347 37 167
65 506 40 157
45 357 42 170
49 358 39 168
53 356 49 162
45 357 42 170
51 382 37 163
63 473 40 158
48 364 37 170
55 397 45 158
53 356 49 162
55 397 45 158
60 436 38 161
60 436 38 161
52 416 46 158
45 371 37 177
65 506 40 157
56 336 37 167
53 356 49 162
56 426 46 157
53 356 49 162
46 384 37 174
56 336 37 167
45 371 37 177
63 473 40 158
55 397 45 158
56 336 37 167
44 337 43 163
47 362 38 171
51 396 40 159
52 468 36 168
44 337 43 163
47 372 38 166
47 371 39 169
56 336 37 167
61 433 38 161
65 506 40 157
52 416 46 158
48 400 43 162
43 359 42 172
52 436 44 158
51 396 40 159
48 378 36 169
48 378 36 169
44 337 43 163
48 384 37 165
51 358 37 169
61 433 38 161
65 506 40 157
55 397 45 158
60 436 38 161
61 433 38 161
47 371 39 169
53 356 49 162
46 354 38 173
47 372 38 166
44 337 43 163
51 382 37 163
55 397 45 158
56 336 37 167
53 356 49 162
52 416 46 158
55 397 45 158
55 397 45 158
47 362 38 171
63 473 40 158
46 384 37 174
50 397 40 160
50 397 40 160
52 468 36 168
47 372 38 166
63 473 40 158
43 377 43 164
51 382 37 163
49 392 38 162
48 400 43 162
59 428 36 165
65 506 40 157
46 363 42 164
45 357 42 170
51 396 40 159
53 356 49 162
47 372 38 166
63 473 40 158
55 397 45 158
47 372 38 166
47 372 38 166
44 337 43 163
46 384 37 174
43 359 42 172
61 433 38 161
43 359 42 172
51 396 40 159
53 402 39 160
47 372 38 166
56 336 37 167
52 468 36 168
61 433 38 161
47 362 38 171
53 356 49 162
51 358 37 169
45 371 37 177
45 371 37 177
55 397 45 158
47 362 38 171
56 336 37 167
52 416 46 158
47 372 38 166
47 372 38 166
46 363 42 164
48 364 37 170
