69340 1260.2
49 305 42 153
42 292 36 167
42 309 39 158
47 302 46 153
40 287 37 166
49 305 42 153
42 273 37 169
44 286 39 158
43 278 38 164
42 295 40 159
49 305 42 153
41 293 38 162
44 280 39 161
44 281 44 159
43 276 37 165
41 299 39 160
40 296 37 165
45 283 45 157
47 288 46 154
41 293 38 162
43 282 43 162
42 295 40 159
42 309 39 158
48 304 40 154
49 305 42 153
47 302 46 153
43 298 40 156
46 284 45 156
44 278 43 162
45 283 45 157
47 285 40 155
46 306 46 153
48 308 42 153
45 283 45 157
47 285 40 155
45 283 45 157
44 274 37 165
42 281 42 164
40 293 36 167
43 277 43 163
44 281 44 159
45 281 39 160
44 278 43 162
40 287 37 166
43 282 43 162
48 289 42 154
44 284 38 160
42 281 42 164
46 288 40 155
43 293 40 158
48 289 42 154
43 276 37 165
46 284 45 156
42 273 37 169
43 277 43 163
46 284 40 157
42 277 38 166
41 291 39 161
46 306 46 153
46 284 45 156
43 277 43 163
40 279 36 168
40 279 36 168
46 288 40 155
42 281 42 164
44 273 37 167
45 283 45 157
43 295 39 158
48 304 40 154
47 302 46 153
46 306 46 153
48 308 42 153
43 297 40 157
42 300 40 158
43 298 40 156
41 291 39 161
48 289 42 154
47 290 42 154
40 287 37 166
47 285 40 155
41 299 39 160
45 288 45 156
44 273 37 167
42 309 39 158
43 278 38 164
44 279 38 162
41 291 39 161
43 276 37 165
46 284 45 156
44 280 39 161
42 296 38 160
48 304 40 154
47 285 40 155
45 290 40 155
44 279 38 162
43 277 43 163
44 286 39 158
46 306 46 153
45 283 45 157
46 292 42 154
44 275 38 163
44 281 44 159
42 274 37 168
43 276 37 165
44 280 40 160
48 289 42 154
42 295 40 159
46 284 45 156
48 308 42 153
44 286 39 158
42 300 40 158
42 277 38 166
43 298 40 156
44 274 37 165
44 275 38 163
49 305 42 153
42 304 39 159
43 278 38 164
46 284 45 156
47 290 42 154
44 280 39 161
44 279 38 162
48 289 42 154
40 279 36 168
44 274 37 165
41 293 38 162
43 295 38 160
43 277 43 163
41 291 39 161
45 283 45 157
44 281 44 159
42 281 42 164
44 278 43 162
47 302 46 153
47 285 40 155
44 279 38 162
40 279 36 168
46 284 40 157
46 284 40 157
42 273 37 169
47 285 40 155
45 290 40 155
48 289 42 154
44 280 39 161
46 292 42 154
42 274 37 168
43 298 40 156
44 275 38 163
43 275 37 167
43 282 43 162
46 288 40 155
41 280 37 166
46 284 40 157
46 284 40 157
44 279 38 162
42 300 40 158
45 283 45 157
48 289 42 154
45 283 45 157
45 286 40 157
46 288 40 155
44 281 44 159
46 284 40 157
48 289 42 154
44 281 44 159
46 306 46 153
46 284 45 156
45 283 45 157
43 277 43 163
42 273 37 169
44 273 37 167
43 277 43 163
47 302 46 153
45 283 45 157
46 284 40 157
47 302 46 153
42 273 37 169
43 282 43 162
46 284 45 156
46 284 40 157
47 285 40 155
46 288 40 155
45 283 45 157
47 288 46 154
44 299 40 155
41 292 37 164
40 279 36 168
46 284 45 156
43 295 39 158
46 284 40 157
43 275 37 167
47 285 40 155
45 283 45 157
47 285 40 155
46 284 45 156
44 281 44 159
44 278 43 162
43 285 39 160
45 278 45 161
40 279 36 168
49 305 42 153
46 308 40 154
42 300 40 158
42 288 39 161
44 281 44 159
44 273 37 167
44 279 40 161
46 284 40 157
49 305 42 153
43 277 43 163
49 305 42 153
46 286 40 156
46 308 40 154
46 306 46 153
44 275 38 163
42 275 36 169
44 281 44 159
45 283 45 157
45 283 45 157
49 305 42 153
46 288 40 155
41 291 39 161
43 276 37 165
43 282 43 162
42 309 39 158
46 292 42 154
46 288 40 155
49 305 42 153
43 276 37 165
45 283 45 157
42 300 40 158
42 281 42 164
48 289 42 154
48 308 42 153
42 274 37 168
44 280 37 164
43 276 37 165
44 299 40 155
46 292 42 154
42 281 42 164
41 280 37 166
42 273 37 169
40 287 37 166
45 283 45 157
40 296 37 165
48 304 40 154
43 282 43 162
40 296 37 165
46 306 46 153
42 274 37 168
43 275 37 167
44 275 38 163
44 278 43 162
46 288 40 155
44 281 36 167
48 304 40 154
43 278 38 164
48 289 42 154
43 276 37 165
44 281 44 159
43 285 39 160
42 277 38 166
44 275 38 163
41 291 39 161
46 284 45 156
44 286 39 158
43 275 37 167
45 288 45 156
44 281 44 159
45 283 45 157
43 282 43 162
45 281 40 158
44 279 38 162
40 279 36 168
44 278 43 162
44 280 37 164
45 281 39 160
43 282 43 162
46 284 45 156
44 281 44 159
40 279 36 168
49 305 42 153
43 275 37 167
44 281 44 159
41 291 39 161
44 284 38 160
47 290 42 154
41 299 39 160
45 283 45 157
48 308 42 153
45 283 45 157
43 295 39 158
41 293 38 162
44 275 38 163
45 281 39 160
42 275 42 165
41 291 39 161
47 302 46 153
43 277 43 163
46 288 40 155
