17 0.207379
62 483 39 189
66 515 55 171
55 424 54 186
62 412 48 190
61 506 49 179
59 448 48 184
60 458 43 188
64 542 52 177
67 437 54 182
57 463 48 189
72 528 42 183
63 499 48 181
75 512 42 183
62 433 48 187
75 559 42 182
65 488 55 180
65 527 48 180
60 479 42 191
64 425 54 185
65 466 42 190
59 494 46 193
66 444 48 185
57 450 48 194
62 476 42 189
61 444 48 193
75 491 54 181
56 438 48 197
71 479 60 180
66 447 60 184
85 634 49 176
64 506 55 179
62 436 48 188
79 554 61 172
61 459 54 184
61 476 48 185
60 492 42 191
74 534 48 183
65 499 48 184
59 459 50 189
75 546 61 177
75 589 42 187
58 471 51 193
62 479 42 193
72 485 60 183
59 470 48 190
62 435 60 187
60 438 54 191
74 583 42 188
65 499 42 190
63 445 54 186
65 439 54 187
66 494 42 190
66 472 48 187
67 444 54 186
64 426 60 195
68 515 67 178
80 659 48 181
90 628 46 186
61 460 48 195
65 500 48 184
67 547 61 180
63 436 48 190
60 485 54 190
56 448 48 199
74 558 48 198
87 651 66 188
85 658 85 197
88 694 67 184
67 511 61 183
85 598 54 201
92 735 78 202
88 662 72 197
72 540 60 191
78 594 66 199
75 542 72 212
102 769 85 193
74 599 66 189
100 729 84 204
78 606 66 186
72 504 60 194
82 590 72 209
81 632 66 195
71 526 54 188
89 697 78 204
71 557 54 196
82 720 66 189
87 744 66 202
86 659 84 202
78 615 60 200
85 637 52 191
89 678 72 203
78 567 73 194
87 668 73 191
84 713 72 203
69 570 60 208
80 531 72 195
100 665 66 198
100 759 85 197
69 543 66 197
66 485 60 192
78 533 66 200
108 831 84 204
81 564 60 196
67 546 60 197
69 536 54 196
99 749 78 208
77 636 72 201
93 664 84 208
84 651 73 193
82 557 72 193
82 659 60 195
84 586 67 199
76 602 66 184
80 567 73 185
97 765 66 206
92 683 66 189
94 777 79 190
77 549 67 188
98 767 60 209
83 607 54 197
82 652 66 202
86 616 67 175
75 547 72 204
75 503 54 197
73 598 54 204
84 673 72 196
65 503 48 196
66 511 48 190
93 659 78 206
81 672 60 186
67 498 48 192
65 543 54 191
82 617 66 205
69 575 60 199
80 625 67 184
85 588 79 193
81 561 78 206
91 622 66 195
69 590 66 191
86 622 84 204
91 674 60 201
94 691 72 206
77 565 54 193
85 676 78 205
89 801 66 197
73 574 60 199
99 722 85 203
89 626 72 199
65 449 60 196
77 577 66 205
85 667 66 196
71 585 66 203
76 556 54 188
98 745 90 211
86 751 66 205
75 548 72 186
79 607 60 200
92 699 66 204
95 711 84 200
81 566 48 180
81 640 66 201
77 600 60 196
87 587 84 211
90 677 78 205
68 534 60 186
91 712 67 185
68 547 60 178
73 607 73 187
87 664 72 197
78 565 54 202
74 576 54 196
75 518 54 184
84 738 72 190
72 538 54 193
72 581 60 203
82 693 66 201
72 507 60 189
85 606 48 188
74 564 54 197
77 680 73 183
81 671 60 206
69 524 54 193
102 753 102 207
90 695 72 195
72 567 67 183
78 611 72 192
83 702 73 191
73 540 66 199
83 645 78 205
68 557 66 197
80 663 60 196
82 598 67 176
68 576 50 184
73 585 66 201
77 551 66 197
71 548 60 194
96 713 66 196
78 591 60 198
92 635 72 207
108 887 84 213
96 711 85 183
82 616 66 206
80 535 72 192
107 744 85 201
80 592 48 194
89 664 84 192
68 466 54 196
73 551 54 192
78 572 72 204
60 510 55 195
78 593 72 212
81 620 60 194
83 623 78 205
77 575 66 195
83 644 60 189
74 525 60 203
72 567 67 186
93 773 90 201
74 576 54 198
98 735 60 199
85 664 73 185
72 585 60 201
69 563 55 205
76 543 54 199
76 591 48 195
98 660 72 200
93 773 78 214
87 667 84 198
76 519 66 194
70 558 67 188
85 601 72 186
86 574 78 203
73 530 60 195
86 698 54 194
85 635 60 196
92 614 78 203
96 705 72 200
67 498 60 185
75 587 55 199
99 689 78 186
76 552 66 197
87 701 84 206
103 764 103 192
60 462 48 189
71 573 54 199
60 483 54 195
87 587 60 196
83 643 66 203
75 620 73 187
76 606 72 200
79 645 73 186
92 702 72 193
69 632 60 194
98 749 78 199
86 675 84 207
76 590 72 194
93 704 72 208
73 557 44 193
84 614 60 188
80 618 60 197
79 591 42 190
72 541 60 189
79 575 72 195
64 518 48 187
78 614 67 195
85 597 78 199
79 589 72 204
80 612 72 201
77 540 60 208
77 540 66 192
75 597 60 185
88 638 73 197
83 706 73 189
99 734 84 204
80 599 73 194
84 692 66 202
80 627 54 196
71 591 54 193
79 600 61 188
68 521 60 200
72 522 60 201
107 807 90 199
75 573 60 199
86 570 57 187
72 557 60 201
81 601 79 195
70 567 54 196
96 687 84 200
84 681 61 184
74 626 60 203
88 736 72 203
65 499 42 183
74 557 60 194
61 459 48 192
79 528 66 187
99 717 84 205
70 559 60 182
76 561 66 200
84 549 60 196
84 620 66 201
