83507 1200.13
67 520 62 176
71 474 46 162
67 549 60 183
74 527 57 185
63 442 47 172
70 559 66 176
72 499 55 176
79 498 58 158
57 421 49 166
87 684 55 176
90 647 73 177
52 356 43 167
66 490 46 169
64 488 60 179
60 413 46 173
65 519 56 169
71 527 56 182
75 603 56 186
57 417 46 159
69 500 56 165
80 569 52 180
69 534 60 193
65 461 44 156
60 441 45 164
66 478 46 170
60 439 46 179
86 545 47 174
50 401 42 170
79 424 44 156
78 580 66 173
67 529 50 171
85 618 72 183
60 468 57 158
64 422 41 164
79 608 73 181
67 460 40 158
65 548 56 175
60 432 43 166
70 505 51 175
68 453 67 176
70 468 47 172
77 497 50 166
87 547 68 188
59 383 46 162
83 573 72 188
68 524 55 183
61 431 42 170
67 428 43 170
62 408 51 159
81 643 66 189
69 502 68 179
75 523 42 168
74 530 54 177
106 821 78 198
60 431 45 166
53 396 46 170
69 529 62 167
56 419 42 166
72 565 58 178
73 524 46 165
80 572 72 185
53 418 44 162
57 378 57 168
60 468 60 186
68 530 55 178
65 431 46 169
69 492 62 173
77 516 54 179
66 431 51 175
68 448 46 164
68 492 52 160
64 504 54 172
63 499 45 171
71 502 50 167
72 472 54 178
63 407 54 176
63 460 42 176
75 558 69 170
54 394 43 165
82 586 58 174
83 561 64 170
56 421 42 174
77 570 76 176
73 569 48 182
65 504 51 172
72 567 66 184
72 595 60 175
65 458 42 177
60 409 36 171
85 530 50 166
56 398 48 170
61 446 61 174
64 488 52 175
64 451 42 179
62 462 45 168
90 604 78 188
65 535 51 169
69 481 51 174
57 378 42 168
64 444 42 168
65 467 50 174
70 477 42 175
62 412 38 167
84 570 55 175
58 419 48 161
75 541 67 182
59 429 50 168
80 550 74 173
61 515 50 176
62 474 42 169
58 392 46 159
57 431 51 164
61 434 48 176
51 359 42 166
60 471 56 174
81 625 64 177
60 478 52 174
67 514 54 173
80 567 56 179
71 422 42 174
61 472 54 177
69 460 55 165
94 693 78 183
56 413 42 173
81 620 73 183
70 468 54 175
63 462 42 173
70 491 42 170
78 574 69 177
68 460 52 164
68 538 42 172
80 592 66 184
57 375 43 166
82 613 62 175
61 516 60 188
68 517 42 171
75 537 61 178
67 459 46 154
76 613 55 177
70 502 56 178
66 509 51 165
76 582 67 183
52 356 48 172
60 478 54 182
54 410 48 176
72 504 55 170
69 538 48 179
64 447 40 165
72 452 60 181
58 436 42 171
64 459 48 172
67 521 42 169
56 432 56 166
89 610 47 171
71 542 62 175
56 418 44 167
77 541 64 168
73 590 73 185
75 531 72 179
78 439 69 171
74 535 46 156
79 562 56 179
78 506 62 171
67 413 52 155
68 505 46 167
65 507 48 173
74 499 42 168
60 437 55 174
67 466 56 170
69 559 55 178
69 495 45 167
63 440 48 167
64 420 43 167
78 492 46 171
93 631 81 182
76 536 55 178
73 508 56 174
63 445 38 165
83 579 69 174
60 510 54 170
83 640 73 188
59 457 45 158
72 444 45 166
107 741 80 180
84 565 62 181
84 542 56 177
92 631 86 185
74 552 51 174
70 559 57 173
79 502 48 176
70 554 55 181
60 408 55 175
88 576 51 172
54 392 54 177
60 455 45 169
62 462 42 167
112 809 102 203
75 524 62 175
57 421 41 164
70 510 59 171
66 501 61 182
50 389 36 166
50 410 49 166
76 532 60 181
57 465 46 176
72 545 56 176
62 406 42 167
61 441 48 176
68 494 61 178
63 425 43 168
58 448 51 172
85 575 74 190
73 514 62 181
62 453 50 177
67 483 47 165
78 502 75 163
64 452 50 170
58 450 48 172
72 548 46 170
73 532 47 172
64 447 43 175
83 600 56 174
80 537 54 179
68 521 46 165
76 457 63 165
72 521 49 174
56 469 42 172
59 417 48 171
81 579 45 161
54 421 46 169
71 553 68 173
77 547 68 173
59 481 54 179
69 509 48 180
70 466 51 171
78 581 78 191
65 473 50 167
66 503 51 179
65 461 40 170
72 468 51 177
74 514 45 164
67 517 63 168
60 447 43 165
64 528 50 167
64 458 42 180
67 505 46 167
75 569 61 172
84 645 70 175
65 495 44 165
76 598 56 179
75 495 56 175
69 491 62 164
67 516 52 180
66 471 51 168
76 547 70 174
77 446 70 171
73 531 54 179
70 525 45 175
77 510 55 170
58 423 54 173
73 500 56 173
61 468 42 168
72 470 66 174
59 424 42 174
76 555 62 173
53 445 44 167
65 492 55 178
64 446 42 175
60 388 48 173
62 385 42 168
77 474 41 164
83 659 54 170
76 495 51 185
63 426 48 178
54 404 46 161
69 479 49 176
81 513 62 169
74 532 60 184
64 518 55 167
57 392 50 171
67 461 42 168
61 433 48 171
70 515 47 174
70 473 54 175
63 453 42 175
62 466 52 174
81 604 43 167
65 450 51 165
70 531 49 168
57 434 48 170
71 569 54 177
60 432 49 172
61 443 42 171
81 509 55 191
80 518 56 172
71 530 49 181
64 467 43 167
54 366 54 171
62 512 48 179
63 436 46 161
