170115 1320.09
43 291 37 166
43 305 40 159
46 292 39 161
46 313 37 164
44 297 38 163
45 319 39 159
45 310 38 162
43 312 39 161
44 289 40 164
44 333 40 156
43 315 38 163
44 319 40 157
45 335 37 164
47 296 40 158
45 342 38 161
43 290 38 165
45 299 40 158
46 310 40 156
46 289 38 165
45 319 40 156
48 304 40 156
47 323 38 161
44 339 39 159
50 302 40 156
46 300 42 157
45 311 40 157
44 301 39 161
44 356 38 162
44 325 39 160
44 301 40 160
47 305 40 157
46 298 40 158
46 296 40 160
47 318 39 160
49 322 38 161
45 299 39 161
50 375 36 166
53 373 36 167
43 288 43 164
42 315 37 168
47 359 42 155
43 298 36 168
43 288 43 164
47 359 42 155
42 295 38 165
43 288 43 164
47 359 42 155
43 288 43 164
43 288 43 164
47 359 42 155
49 313 42 155
48 318 42 155
42 295 38 165
42 315 37 168
43 298 36 168
48 318 42 155
43 298 36 168
48 318 42 155
49 313 42 155
43 288 43 164
44 309 38 165
47 336 39 163
46 341 40 161
76 495 67 194
92 675 92 195
92 762 73 203
84 622 80 188
78 534 74 184
79 599 67 194
104 798 91 207
78 529 68 184
111 912 98 193
66 529 62 178
96 719 96 214
99 740 90 208
93 732 90 199
78 580 78 191
89 680 86 199
94 696 91 206
109 861 109 206
97 755 84 208
75 610 67 184
83 565 79 196
88 629 86 188
87 647 74 189
87 588 87 176
79 602 79 202
85 722 68 193
80 693 67 183
92 667 88 193
102 752 79 195
68 567 61 185
81 591 81 177
98 780 98 200
89 700 78 199
95 713 92 205
88 655 74 192
84 581 74 196
90 626 84 186
87 625 80 199
80 543 74 200
96 744 74 186
92 722 85 199
102 720 91 206
87 662 78 199
78 619 75 192
96 686 79 194
113 751 102 219
108 814 108 218
98 714 85 191
76 595 73 184
85 607 67 186
103 792 96 207
93 719 81 187
75 626 72 190
95 769 87 199
83 706 79 190
120 909 104 205
102 727 70 184
91 696 86 196
111 767 109 200
97 711 85 206
97 695 85 190
89 677 80 208
110 805 79 205
84 671 73 200
90 673 72 205
64 527 56 190
70 586 56 192
84 587 74 191
94 727 81 183
92 639 80 187
84 613 84 190
107 831 78 194
101 757 79 197
106 708 103 203
87 649 85 189
89 704 79 203
97 774 91 197
101 778 97 204
108 724 91 202
64 450 64 173
97 822 66 207
95 721 85 199
92 668 92 196
121 911 96 212
94 713 86 192
82 630 79 184
86 609 67 197
104 745 98 202
92 649 84 201
69 530 49 177
83 655 67 197
84 716 74 198
71 562 61 192
121 1009 91 210
73 566 73 182
105 870 98 195
87 606 67 184
82 687 67 197
88 593 84 199
92 671 85 193
105 863 97 214
88 707 61 191
108 801 84 197
88 636 79 201
91 768 73 197
96 809 86 201
79 594 67 204
80 669 74 191
69 526 54 193
90 786 90 203
71 592 63 199
116 841 104 216
99 745 55 190
85 598 73 196
87 679 86 192
99 624 99 197
109 807 109 198
87 676 79 197
83 642 69 179
89 628 79 186
93 683 91 201
82 617 79 206
85 676 81 200
70 580 61 183
84 669 84 192
99 732 91 202
103 869 86 203
90 663 80 189
99 824 99 194
92 693 68 188
69 581 66 190
84 687 73 190
89 728 80 188
85 691 79 192
102 808 73 191
101 662 98 200
71 561 66 204
72 520 67 192
102 706 79 203
77 563 66 193
97 665 97 202
74 545 73 201
87 648 67 183
105 796 91 199
78 587 73 198
98 669 90 204
96 710 92 194
84 624 73 185
105 700 104 193
94 645 75 186
88 656 85 190
84 615 79 190
98 778 92 196
89 560 87 194
80 643 74 194
84 700 79 193
71 540 67 192
102 790 93 199
89 632 73 187
100 746 91 200
86 663 86 202
91 753 91 204
78 608 68 190
110 820 110 198
76 601 60 191
77 555 62 176
98 685 98 191
92 711 66 199
88 737 73 201
86 658 86 198
80 592 74 198
81 632 74 198
91 728 48 181
94 730 84 211
114 826 92 201
84 621 78 192
90 672 90 205
93 694 93 199
79 658 73 197
91 749 80 205
80 628 78 204
99 677 79 202
75 503 66 196
97 795 93 189
103 817 96 199
69 548 60 181
67 504 62 185
96 717 93 203
103 754 97 209
77 622 68 198
80 648 67 186
72 645 72 201
114 889 98 206
71 610 67 184
105 774 93 198
98 778 96 204
82 661 73 196
95 703 87 184
96 692 66 198
73 532 61 198
84 631 84 194
71 573 61 190
93 697 91 201
120 897 97 199
91 696 91 205
90 679 85 215
92 668 84 188
95 707 84 198
103 749 91 196
82 674 80 213
93 695 93 202
78 511 78 196
82 626 56 181
74 561 60 196
96 758 96 209
87 669 85 205
77 606 76 184
89 724 85 189
85 700 75 207
89 668 86 196
105 771 91 208
81 656 67 199
81 598 62 180
119 923 84 210
81 676 73 197
93 659 86 191
94 762 85 204
90 616 78 194
92 718 92 196
90 645 87 190
89 741 75 194
86 611 80 191
76 615 74 183
84 620 78 193
89 702 72 203
112 817 97 213
99 660 79 180
85 674 85 207
