556401 2700.11
52 410 37 163
42 332 37 177
48 389 46 154
55 383 37 163
42 322 42 169
47 355 36 169
51 370 42 153
42 332 37 177
51 370 42 153
49 369 40 158
43 329 43 168
55 383 37 163
47 386 45 157
48 389 46 154
47 404 46 155
47 325 37 173
42 332 37 177
50 361 39 158
53 363 36 167
44 326 42 164
48 389 46 154
48 366 45 156
51 357 40 155
53 363 36 167
43 329 43 168
44 347 44 160
44 337 43 162
45 330 44 160
45 355 36 171
49 367 36 168
45 330 44 160
52 373 36 165
44 344 42 163
45 332 39 159
47 325 37 173
47 325 37 173
46 352 38 163
45 340 37 164
49 380 40 154
44 359 36 169
45 332 39 159
46 352 38 163
50 351 36 168
55 383 37 163
47 325 37 173
42 322 42 169
48 389 46 154
48 389 46 154
49 351 44 157
42 332 37 177
42 332 37 177
49 351 44 157
47 325 37 173
45 355 36 171
50 361 39 158
52 373 36 165
48 341 38 162
50 361 39 158
51 370 42 153
45 333 37 166
47 364 44 158
45 340 37 164
49 357 38 160
42 349 37 165
44 359 36 169
45 332 39 159
47 376 46 156
47 325 37 173
42 338 42 167
44 347 44 160
49 380 40 154
52 410 37 163
48 389 46 154
52 373 36 165
45 340 37 164
52 373 36 165
47 386 45 157
44 347 44 160
48 389 46 154
45 370 38 161
47 404 46 155
52 373 36 165
42 322 42 169
49 380 40 154
44 326 42 164
44 347 44 160
47 386 45 157
47 386 45 157
44 344 42 163
51 370 42 153
44 335 44 163
43 329 43 168
53 363 36 167
44 335 44 163
50 351 36 168
45 333 37 166
44 347 44 160
47 325 37 173
49 369 40 158
42 349 37 165
45 333 37 166
50 361 39 158
44 335 44 163
45 340 37 164
47 364 44 158
49 369 40 158
51 370 42 153
52 373 36 165
42 332 37 177
48 341 38 162
53 363 36 167
51 357 40 155
52 373 36 165
55 383 37 163
49 357 38 160
48 389 46 154
45 340 37 164
42 322 42 169
47 325 37 173
51 357 40 155
45 332 39 159
48 366 45 156
47 404 46 155
44 335 44 163
47 325 37 173
51 370 42 153
45 330 44 160
51 357 40 155
49 351 44 157
42 322 42 169
49 367 36 168
44 337 43 162
45 370 38 161
51 370 42 153
47 325 37 173
48 366 45 156
45 332 39 159
44 359 36 169
42 332 37 177
45 332 39 159
47 325 37 173
50 351 36 168
47 325 37 173
55 383 37 163
47 386 45 157
42 332 37 177
43 329 43 168
45 370 38 161
44 347 44 160
43 329 43 168
51 370 42 153
43 329 43 168
49 369 40 158
42 332 37 177
52 373 36 165
51 370 42 153
48 389 46 154
42 322 42 169
55 383 37 163
47 355 36 169
51 357 40 155
47 364 44 158
50 351 36 168
49 357 38 160
49 357 38 160
47 325 37 173
51 370 42 153
46 352 38 163
42 322 42 169
48 389 46 154
52 410 37 163
44 326 42 164
49 367 36 168
53 363 36 167
50 361 39 158
42 332 37 177
48 389 46 154
42 322 42 169
49 351 44 157
49 380 40 154
45 355 36 171
45 333 37 166
42 322 42 169
47 325 37 173
44 326 42 164
47 325 37 173
47 386 45 157
51 370 42 153
49 367 36 168
49 357 38 160
45 332 39 159
52 410 37 163
42 332 37 177
47 386 45 157
47 325 37 173
45 332 39 159
49 357 38 160
42 332 37 177
45 340 37 164
49 369 40 158
42 332 37 177
48 341 38 162
53 363 36 167
51 357 40 155
52 373 36 165
55 383 37 163
49 351 44 157
48 389 46 154
45 340 37 164
42 322 42 169
50 361 39 158
45 332 39 159
48 366 45 156
44 335 44 163
47 325 37 173
51 370 42 153
49 351 44 157
49 351 44 157
42 322 42 169
45 370 38 161
48 389 46 154
45 332 39 159
44 359 36 169
44 326 42 164
42 338 42 167
45 332 39 159
49 380 40 154
52 410 37 163
45 340 37 164
52 373 36 165
48 389 46 154
45 370 38 161
44 359 36 169
52 373 36 165
42 322 42 169
49 357 38 160
42 332 37 177
44 347 44 160
47 386 45 157
45 340 37 164
47 364 44 158
51 370 42 153
43 329 43 168
50 361 39 158
48 341 38 162
47 325 37 173
42 349 37 165
45 333 37 166
48 389 46 154
52 410 37 163
46 352 38 163
49 367 36 168
53 363 36 167
50 361 39 158
42 332 37 177
47 325 37 173
42 322 42 169
49 351 44 157
49 380 40 154
45 355 36 171
47 325 37 173
47 376 46 156
47 325 37 173
44 326 42 164
47 325 37 173
47 386 45 157
49 367 36 168
45 332 39 159
52 410 37 163
42 332 37 177
47 386 45 157
45 332 39 159
45 332 39 159
49 369 40 158
45 332 39 159
42 322 42 169
50 351 36 168
47 325 37 173
55 383 37 163
47 386 45 157
42 332 37 177
43 329 43 168
44 347 44 160
43 329 43 168
51 370 42 153
55 383 37 163
42 332 37 177
50 351 36 168
46 352 38 163
45 332 39 159
42 322 42 169
55 383 37 163
47 355 36 169
44 359 36 169
47 364 44 158
50 351 36 168
49 357 38 160
48 373 40 157
47 404 46 155
53 363 36 167
