206768 1140.12
52 286 40 154
48 289 46 154
47 292 46 153
47 272 38 165
44 304 40 155
43 281 36 167
43 281 36 167
42 277 38 166
44 274 42 164
44 297 38 160
51 288 42 153
49 285 38 160
43 275 43 163
42 281 37 164
44 277 44 160
42 285 38 162
45 292 45 155
45 277 45 158
46 294 40 154
46 286 39 158
46 283 46 155
51 288 40 154
50 292 40 154
48 293 42 153
48 274 43 162
44 282 39 160
49 280 42 155
49 276 38 161
48 275 40 162
46 294 40 154
46 279 40 156
45 286 40 157
44 287 36 165
44 276 38 164
43 283 36 166
52 286 40 154
50 292 40 154
49 276 38 161
48 274 38 163
47 293 40 154
46 278 38 161
44 287 36 165
44 276 40 163
43 283 38 163
48 274 38 163
46 278 39 159
45 282 45 157
44 287 40 156
44 285 40 158
44 282 40 159
44 278 40 161
49 280 42 155
48 290 42 154
47 293 40 154
47 287 40 155
46 290 40 155
46 278 40 158
45 291 39 159
45 291 39 159
45 289 38 161
45 282 45 157
45 281 40 159
45 279 39 160
45 277 45 158
44 278 38 162
52 286 40 154
52 286 40 154
52 286 40 154
52 286 40 154
52 286 40 154
52 286 40 154
52 286 40 154
52 286 40 154
52 286 40 154
52 286 40 154
52 286 40 154
52 286 40 154
52 286 40 154
52 286 40 154
52 286 40 154
52 286 40 154
52 286 40 154
52 286 40 154
52 286 40 154
52 286 40 154
52 286 40 154
52 286 40 154
52 286 40 154
52 286 40 154
52 286 40 154
52 286 40 154
52 286 40 154
52 286 40 154
52 286 40 154
52 286 40 154
52 286 40 154
52 286 40 154
52 286 40 154
52 286 40 154
52 286 40 154
52 286 40 154
52 286 40 154
52 286 40 154
52 286 40 154
52 286 40 154
52 286 40 154
52 286 40 154
52 286 40 154
52 286 40 154
52 286 40 154
52 286 40 154
52 286 40 154
52 286 40 154
52 286 40 154
52 286 40 154
52 286 40 154
52 286 40 154
52 286 40 154
52 286 40 154
52 286 40 154
52 286 40 154
52 286 40 154
52 286 40 154
52 286 40 154
52 286 40 154
52 286 40 154
52 286 40 154
52 286 40 154
52 286 40 154
52 286 40 154
52 286 40 154
52 286 40 154
52 286 40 154
52 286 40 154
52 286 40 154
52 286 40 154
52 286 40 154
52 286 40 154
52 286 40 154
52 286 40 154
52 286 40 154
52 286 40 154
52 286 40 154
52 286 40 154
52 286 40 154
52 286 40 154
52 286 40 154
52 286 40 154
52 286 40 154
52 286 40 154
52 286 40 154
52 286 40 154
52 286 40 154
52 286 40 154
52 286 40 154
52 286 40 154
52 286 40 154
52 286 40 154
52 286 40 154
52 286 40 154
52 286 40 154
52 286 40 154
52 286 40 154
52 286 40 154
52 286 40 154
52 286 40 154
52 286 40 154
52 286 40 154
52 286 40 154
52 286 40 154
52 286 40 154
52 286 40 154
52 286 40 154
52 286 40 154
52 286 40 154
52 286 40 154
52 286 40 154
52 286 40 154
52 286 40 154
52 286 40 154
52 286 40 154
52 286 40 154
52 286 40 154
52 286 40 154
52 286 40 154
52 286 40 154
52 286 40 154
52 286 40 154
52 286 40 154
52 286 40 154
52 286 40 154
52 286 40 154
52 286 40 154
52 286 40 154
52 286 40 154
52 286 40 154
52 286 40 154
50 292 40 154
50 292 40 154
50 292 40 154
50 292 40 154
50 292 40 154
50 292 40 154
49 280 42 155
48 289 46 154
48 285 42 155
47 293 40 154
46 294 40 154
46 279 40 156
46 278 39 159
44 278 40 161
44 278 38 162
52 301 42 153
49 304 46 153
47 287 37 164
45 277 44 160
46 279 38 161
50 278 45 158
47 301 39 158
47 295 46 154
46 283 40 157
48 288 40 155
52 286 40 155
51 280 40 156
50 293 40 154
50 280 39 159
48 291 39 160
46 294 40 156
49 278 40 160
52 286 40 155
46 279 40 158
51 280 40 156
49 302 40 154
52 286 40 155
51 280 40 156
56 308 42 153
53 294 39 161
52 311 39 159
48 299 45 155
47 281 40 158
53 294 40 154
51 290 42 155
50 286 40 157
51 285 40 156
52 290 40 155
50 298 40 154
50 286 40 157
51 285 40 156
50 298 40 154
50 294 40 155
52 290 40 155
52 290 40 155
52 290 40 155
52 290 40 155
59 298 40 154
55 310 39 161
54 308 40 154
49 285 40 159
47 293 40 159
51 299 40 155
52 286 40 156
59 298 40 154
51 286 40 157
49 294 40 158
50 294 40 156
50 294 40 156
52 286 40 156
59 312 40 154
59 312 40 154
51 310 45 156
51 286 40 160
50 294 40 157
54 302 40 155
50 294 40 157
52 288 40 156
52 288 40 156
52 288 40 156
66 319 40 154
52 315 52 156
51 286 40 161
50 294 40 158
62 302 40 155
54 306 40 155
52 288 40 160
52 290 40 159
50 296 40 157
54 293 40 156
52 295 40 157
53 295 40 156
59 312 40 155
53 296 40 156
53 294 40 158
52 292 40 159
51 304 40 160
54 304 40 156
53 296 40 157
59 312 40 156
54 315 40 156
53 297 40 157
55 315 42 157
