201827 3300.5
62 448 46 160
60 487 42 176
73 519 48 173
79 570 48 180
68 528 58 172
57 461 46 157
74 580 66 186
68 505 61 183
92 620 57 174
61 458 43 165
65 466 51 166
55 408 42 172
60 409 45 159
73 608 51 173
66 499 62 172
66 508 51 174
73 515 69 175
76 502 61 180
74 492 51 159
73 566 50 169
81 557 57 177
77 509 75 174
64 518 40 157
75 479 62 174
77 544 57 179
65 445 50 176
60 456 42 176
66 484 51 170
63 487 50 170
63 428 63 167
59 481 48 170
71 537 66 181
68 456 37 167
89 614 75 176
60 433 48 177
65 499 63 170
70 509 51 167
79 648 57 178
99 648 80 195
66 423 45 167
69 452 55 171
72 479 67 178
56 417 48 171
75 511 62 176
59 472 54 175
79 624 58 181
47 380 42 175
70 555 62 189
87 604 57 183
57 417 46 160
83 552 64 165
63 422 50 166
63 555 48 184
74 542 54 174
85 563 52 167
66 453 37 163
66 456 48 170
63 484 56 166
81 564 51 173
60 465 46 165
87 692 81 184
66 526 46 165
87 707 62 188
61 526 60 178
80 613 63 190
69 483 51 173
84 602 68 188
56 413 43 172
84 664 62 176
57 486 54 173
66 493 64 163
73 467 67 188
65 505 62 180
73 500 54 187
62 479 46 162
85 585 58 181
59 388 45 159
53 381 42 171
68 478 43 174
74 506 54 181
56 477 46 164
83 691 73 185
57 418 48 183
74 516 47 164
87 704 57 169
55 423 43 173
61 484 41 165
64 448 60 181
65 441 46 159
84 563 49 175
61 420 60 183
69 480 66 186
73 490 73 183
57 408 57 162
90 746 66 195
56 439 42 174
56 411 54 178
73 484 51 165
54 407 45 161
53 402 48 169
67 481 62 172
90 697 52 180
72 552 51 173
79 546 60 195
75 558 61 186
63 496 51 164
51 403 48 181
105 708 56 173
62 457 43 170
66 440 50 165
74 511 48 174
52 402 47 162
76 539 73 190
60 455 54 179
59 463 42 170
56 371 54 177
103 742 66 198
60 428 43 171
71 469 63 161
64 452 64 173
78 600 62 179
72 500 57 169
58 434 40 171
69 506 50 164
66 506 42 169
62 492 50 171
62 387 49 165
71 528 66 170
82 621 62 175
75 471 50 166
76 557 58 167
75 593 61 182
61 431 46 169
71 555 57 175
76 578 53 179
75 602 66 188
66 450 54 170
62 470 42 176
92 624 79 188
95 634 67 188
68 495 55 182
69 472 52 163
74 483 55 181
76 591 56 175
71 576 57 170
65 498 55 177
75 525 75 181
76 617 62 168
62 460 37 171
55 417 41 166
79 560 56 183
53 400 43 173
95 630 76 176
109 829 72 190
64 509 57 174
64 437 52 161
72 501 56 179
63 411 58 163
57 428 48 172
67 483 48 176
68 506 43 186
63 514 60 182
74 509 51 184
61 422 41 160
76 607 57 186
64 450 45 160
87 565 81 178
59 436 54 179
78 506 62 174
66 496 66 185
87 659 68 178
61 461 42 181
76 538 45 169
74 587 51 177
59 423 50 175
63 490 48 177
55 406 48 170
78 627 56 172
67 497 50 169
64 459 46 162
75 509 67 177
78 564 69 177
74 469 61 179
80 520 58 172
80 618 58 190
77 473 46 155
56 413 42 176
61 446 53 172
67 483 63 172
49 405 42 170
72 527 60 188
69 458 54 178
62 459 51 161
66 445 54 173
69 463 66 190
76 517 76 180
65 485 52 166
61 467 46 170
77 635 54 180
54 398 41 168
65 506 52 172
60 462 47 178
58 428 54 175
54 414 40 155
69 541 51 186
54 391 46 165
68 480 54 182
73 579 58 169
75 573 42 170
78 582 62 190
51 415 48 175
66 448 51 167
63 472 51 173
89 681 67 183
76 575 62 177
71 521 50 166
93 635 56 175
72 550 52 172
64 485 43 168
59 460 53 176
70 518 66 179
87 616 79 190
54 409 54 182
66 494 37 172
60 417 52 165
68 518 62 181
58 442 42 174
69 417 69 168
82 596 51 165
68 408 49 172
72 551 56 184
61 464 42 175
67 465 63 165
73 574 45 162
100 649 78 197
72 566 54 175
73 520 61 173
64 433 50 169
74 508 57 177
61 466 60 184
70 544 62 183
83 519 67 181
89 637 82 178
63 454 52 168
59 491 52 184
56 393 48 175
53 414 50 164
64 451 49 169
68 500 50 172
81 648 52 192
61 450 42 173
83 556 61 176
77 507 46 160
57 455 48 176
75 581 54 180
75 624 58 164
71 446 46 170
99 737 72 197
72 554 60 177
68 494 58 181
63 481 55 175
61 423 47 168
58 480 51 161
96 614 57 180
81 615 52 172
70 497 46 184
64 511 61 179
62 471 41 160
78 579 57 174
111 693 94 176
53 395 42 162
80 578 52 180
61 432 51 172
69 491 46 172
56 443 41 170
60 410 54 177
90 606 51 174
74 520 57 177
79 512 69 180
58 451 50 169
91 657 60 187
84 662 75 188
75 575 70 173
56 473 42 176
63 439 57 165
69 556 60 178
80 653 62 187
81 639 70 197
66 457 57 158
74 503 60 181
61 503 48 174
57 407 37 167
76 583 49 177
76 546 66 177
65 477 58 166
71 436 49 174
46 352 42 168
104 866 72 190
91 601 61 175
91 635 63 178
