15050 180.03
42 309 39 167
45 339 40 163
43 318 38 169
55 401 40 160
50 370 40 161
49 362 39 163
44 337 39 166
48 325 40 163
47 333 38 166
50 353 42 161
49 344 42 162
57 359 37 171
51 393 37 172
54 396 38 165
46 332 39 164
50 328 38 166
46 330 40 163
54 349 40 162
46 338 38 168
45 322 39 166
50 358 40 162
47 319 39 166
46 316 38 170
52 341 42 162
46 326 40 165
47 327 39 165
48 329 39 164
52 339 45 162
46 320 39 166
50 403 46 160
47 331 39 164
49 380 37 173
53 369 37 173
50 376 37 173
60 360 39 163
60 445 42 159
50 372 40 161
44 314 39 167
48 337 38 166
43 323 38 169
43 318 39 167
46 334 39 164
45 327 39 166
49 346 42 162
47 330 40 163
52 326 40 163
54 358 42 161
46 340 38 168
53 359 40 162
48 329 40 163
50 400 39 163
47 332 39 164
47 326 39 166
53 378 39 163
51 385 39 163
56 344 42 162
52 366 40 162
49 384 37 173
59 369 39 163
50 380 37 173
52 379 37 173
52 369 46 161
58 449 37 172
61 455 45 172
55 404 39 174
55 420 38 171
58 396 39 169
69 480 62 181
50 387 39 172
67 440 45 177
71 512 50 185
68 472 48 172
61 410 44 171
56 430 50 176
65 462 41 171
75 528 45 171
58 386 45 167
61 438 50 183
64 463 62 184
51 401 45 172
65 459 43 171
58 431 42 169
64 437 51 176
60 426 44 187
58 431 44 173
61 423 45 169
63 517 46 185
62 426 39 172
66 474 57 176
59 477 46 180
57 403 47 173
56 406 50 178
67 462 50 178
67 482 48 173
63 474 50 183
52 374 45 169
53 390 51 174
57 388 50 173
59 391 51 177
52 411 44 173
57 442 39 172
56 406 43 171
71 446 45 175
57 409 39 171
62 425 47 178
69 510 50 185
59 419 45 172
68 509 44 178
56 466 45 165
59 424 44 178
58 442 45 177
62 486 41 178
52 380 42 174
57 459 50 175
62 510 39 167
54 404 44 173
59 420 45 173
63 452 44 178
59 410 45 166
54 415 43 174
64 472 44 173
56 454 51 172
52 336 45 167
67 493 51 167
63 495 44 175
62 447 56 183
58 441 41 178
57 437 45 179
63 447 45 176
64 405 57 176
64 508 50 182
60 375 51 167
57 406 45 174
64 455 57 172
62 469 45 168
66 502 46 175
64 501 39 173
60 452 57 180
57 420 44 173
73 466 57 179
48 333 39 167
58 429 50 176
60 494 45 175
62 501 50 175
64 481 41 176
58 380 45 167
62 436 39 174
64 473 56 183
57 379 45 172
60 438 44 176
64 456 50 175
59 471 39 166
58 390 45 172
55 437 45 170
78 538 56 180
65 419 57 171
51 340 39 167
59 422 39 167
59 445 43 176
65 464 43 171
60 435 44 171
49 352 39 167
56 401 45 169
63 436 44 173
65 453 39 167
62 452 41 167
63 442 50 176
56 414 39 167
60 470 42 173
57 422 39 174
60 440 45 174
64 448 50 176
60 464 42 167
67 431 56 180
52 378 51 172
56 412 45 174
59 414 44 176
52 404 45 179
52 409 43 169
53 394 45 177
69 477 45 176
72 450 39 172
52 350 39 167
56 405 45 174
61 437 56 180
66 450 43 170
59 406 51 179
67 417 45 171
56 399 39 169
56 365 45 167
67 503 47 173
57 430 48 173
56 420 47 178
56 428 38 175
61 493 40 171
61 484 44 170
63 521 44 175
62 434 40 163
59 411 56 180
62 451 45 177
50 405 45 177
67 499 44 173
58 418 43 171
62 423 39 166
53 425 39 170
52 380 38 174
58 433 45 167
52 424 44 170
65 520 46 175
51 394 47 177
63 449 45 169
72 496 48 172
59 431 44 173
60 464 44 176
52 396 38 171
61 455 45 174
61 464 46 174
54 380 39 169
57 437 45 169
55 425 44 175
64 445 51 169
63 434 38 171
62 380 45 167
60 433 44 175
64 479 44 183
56 464 45 168
60 426 51 179
61 427 44 171
57 404 44 176
50 375 45 174
60 437 41 173
60 473 50 179
64 455 57 181
55 371 45 167
64 483 50 175
59 402 56 173
83 660 51 183
54 378 39 167
61 455 50 180
56 443 51 169
59 429 41 171
59 435 45 174
52 397 39 170
68 449 38 176
56 395 50 181
56 419 44 173
58 441 45 168
64 427 51 170
73 543 50 175
53 391 44 173
56 386 45 167
59 468 51 172
71 455 51 174
61 449 47 177
56 416 42 169
54 417 51 174
57 413 43 171
54 410 38 174
60 408 40 165
60 421 45 168
56 376 38 171
55 394 45 169
63 449 44 171
58 418 51 172
60 430 39 169
64 462 47 173
59 417 41 178
62 467 41 178
50 367 39 167
58 430 39 167
53 405 44 176
64 414 51 171
56 406 44 171
59 441 44 178
64 469 49 171
53 402 39 169
61 476 45 174
54 397 51 176
52 425 47 173
66 507 44 180
66 443 57 179
55 386 39 171
60 441 45 172
62 401 57 174
56 384 39 167
69 504 54 178
65 427 43 171
59 434 42 178
58 412 44 180
59 448 42 173
70 538 43 167
78 531 45 174
47 351 39 172
55 406 38 171
63 457 45 170
66 472 47 173
62 449 50 183
48 349 44 171
69 491 43 176
59 439 46 175
