14 0.331771
95 727 56 186
72 610 66 200
91 762 74 188
103 841 96 210
81 700 50 194
110 913 98 214
124 964 122 206
86 704 55 202
94 682 86 178
93 760 72 190
76 640 62 180
93 700 80 204
75 622 68 204
98 633 81 195
91 733 73 211
86 680 74 200
116 888 74 203
125 993 97 214
103 709 97 199
83 602 62 187
82 609 82 200
81 605 67 189
104 774 92 206
85 680 72 204
113 874 78 209
81 669 63 179
74 600 62 202
90 652 72 218
91 710 91 210
104 727 98 203
70 539 62 176
90 735 79 206
91 721 73 196
79 559 61 199
80 691 75 194
95 667 81 201
100 774 68 198
85 677 67 205
79 620 67 196
97 751 78 218
106 842 92 197
92 796 75 204
80 650 78 214
90 746 79 193
93 856 79 205
92 783 80 205
91 646 75 193
93 710 73 194
93 737 60 199
101 720 69 200
99 771 99 203
99 776 85 212
93 716 74 207
84 575 74 199
98 767 70 185
94 829 75 195
86 661 79 204
91 687 56 196
86 682 73 204
96 786 92 213
78 619 57 188
84 610 78 201
88 642 80 193
81 586 56 196
103 732 68 195
91 712 91 223
114 858 103 216
99 756 92 208
78 608 74 205
75 605 67 193
89 701 61 204
97 792 74 202
66 539 55 181
75 612 62 191
103 772 102 224
76 623 74 187
68 540 50 190
93 713 67 202
78 692 75 203
99 787 69 189
73 553 62 189
99 833 81 195
80 658 69 200
94 705 67 212
69 605 64 195
95 679 84 209
77 592 55 202
83 729 73 200
80 563 68 194
93 774 73 204
88 647 52 184
96 845 79 208
80 671 68 203
86 579 66 205
86 667 74 201
104 712 97 219
79 683 56 196
95 734 68 201
76 571 56 189
93 712 74 194
117 880 81 204
107 747 98 206
117 920 103 220
78 562 63 185
81 646 51 194
86 663 81 193
95 745 91 194
79 591 78 188
93 767 85 208
79 637 75 193
92 720 64 194
101 782 90 209
99 830 85 207
86 654 74 187
100 746 98 188
64 530 51 185
84 614 80 186
98 851 73 208
84 554 57 188
80 651 60 214
131 1063 85 221
71 527 62 197
96 611 92 209
65 526 51 180
87 727 72 193
90 750 79 199
96 669 85 190
87 709 73 201
99 721 85 194
106 855 91 228
84 673 55 191
101 771 92 212
85 680 81 200
111 849 110 211
91 735 70 205
96 758 80 209
119 899 111 201
85 734 68 187
101 836 82 202
60 536 50 192
80 606 74 195
80 596 62 193
79 620 79 209
84 703 51 191
93 727 72 205
104 815 97 209
93 687 92 190
83 704 63 194
77 562 73 205
96 861 73 207
118 890 110 199
115 893 92 213
125 962 116 201
96 705 92 190
66 522 66 195
91 734 69 205
74 580 72 204
101 696 81 200
106 807 103 216
74 551 55 197
80 655 73 202
98 844 84 208
86 644 76 192
75 591 66 209
88 649 74 194
119 884 93 204
75 629 67 197
106 809 85 190
94 633 92 195
97 798 85 210
87 597 79 193
88 681 80 196
88 662 75 203
96 704 92 208
113 972 78 217
84 588 69 198
104 789 98 198
103 744 85 211
108 842 67 199
102 721 91 202
104 764 104 208
97 761 73 209
97 831 56 203
83 727 69 192
84 717 74 204
93 748 84 210
95 732 92 186
90 681 85 202
100 720 80 196
96 739 96 206
79 624 55 207
96 783 92 211
91 714 91 200
99 781 84 214
64 529 50 186
115 756 110 202
92 635 75 194
116 876 98 199
95 727 90 213
93 697 93 202
86 621 57 191
92 705 86 196
91 715 91 194
106 795 81 201
87 700 56 194
67 513 58 193
115 898 115 217
95 695 79 208
83 712 68 203
85 666 72 203
109 807 103 224
73 540 57 193
100 713 86 182
116 827 111 202
76 615 61 197
74 576 68 204
90 689 79 213
84 712 74 196
86 648 74 198
103 762 94 189
93 776 91 210
83 662 56 188
117 870 104 197
68 546 68 197
88 662 74 203
92 678 79 211
82 644 63 193
91 643 85 208
92 686 69 189
85 709 68 177
92 704 82 191
84 682 84 203
80 711 68 205
90 657 75 198
79 517 73 200
103 813 98 199
119 925 108 213
81 636 70 196
98 770 62 206
103 888 96 203
120 1036 103 208
94 611 75 189
99 758 67 207
105 819 92 197
103 894 74 204
90 704 86 202
72 578 67 194
92 747 78 205
99 835 92 216
93 834 79 213
110 803 90 214
81 650 75 198
81 641 73 207
116 901 91 212
89 718 81 193
107 866 85 204
93 734 74 205
75 615 54 194
69 563 62 205
75 553 75 200
100 760 93 212
101 741 60 202
72 633 72 211
84 642 84 217
78 639 74 201
85 703 68 182
82 672 68 206
101 742 74 190
109 853 73 210
94 723 87 183
92 722 92 203
76 606 76 187
83 673 74 205
81 640 66 205
101 782 81 194
83 724 63 206
96 782 80 191
119 935 97 207
91 670 87 181
97 718 92 199
100 778 86 210
80 562 68 183
119 951 98 217
103 875 99 202
105 841 104 215
111 926 85 210
97 818 90 217
86 707 75 204
77 612 54 195
96 783 87 195
88 724 86 202
106 856 98 221
92 745 49 204
129 986 104 214
125 816 115 222
96 672 75 194
79 701 68 199
93 692 86 183
95 768 78 217
81 662 60 196
