170511 3300.5
46 295 46 153
48 284 46 153
54 279 42 154
46 295 46 153
44 291 36 165
42 269 36 168
45 268 37 164
40 274 36 167
54 279 42 154
46 275 40 159
52 286 40 154
42 269 36 168
44 273 44 159
44 291 36 165
45 270 39 163
43 270 37 166
41 273 38 162
50 287 42 153
52 286 40 154
46 279 40 155
41 271 36 167
45 273 44 158
52 286 40 154
48 293 42 153
49 292 42 153
41 271 37 164
40 274 36 167
44 270 43 160
44 294 37 163
45 268 37 164
46 272 39 161
45 277 45 157
45 268 37 164
44 270 43 160
44 273 44 159
42 272 38 162
44 270 43 160
49 292 42 153
46 272 39 161
45 282 45 156
47 289 46 153
44 291 36 165
42 272 38 162
44 279 44 158
47 293 40 154
43 281 39 158
50 288 40 154
45 277 45 157
46 276 45 156
44 273 44 159
49 292 42 153
40 274 36 167
48 291 40 154
47 276 42 158
43 281 39 158
47 276 42 158
45 282 45 156
46 276 45 156
45 277 45 157
46 278 40 157
45 268 37 164
43 270 37 166
42 272 38 162
46 272 39 161
44 273 44 159
47 289 46 153
48 276 39 160
54 279 42 154
46 279 40 155
48 291 40 154
46 278 40 157
50 287 42 153
46 275 40 159
40 274 36 167
44 273 44 159
45 280 38 160
46 279 40 155
46 272 39 161
44 270 43 160
43 281 39 158
46 295 46 153
46 285 42 154
42 269 36 168
43 281 38 160
44 294 37 163
48 284 46 153
42 277 39 160
42 282 38 160
49 280 42 154
47 276 42 158
49 292 42 153
47 289 46 153
46 278 40 157
45 277 45 157
46 283 46 154
50 288 40 154
46 283 46 154
44 273 44 159
48 293 42 153
50 287 42 153
46 285 42 154
46 275 40 159
45 282 45 156
41 271 37 164
50 288 40 154
46 279 40 155
48 291 40 154
44 284 40 155
47 276 42 158
48 291 40 154
49 280 42 154
46 278 40 157
42 272 38 162
52 286 40 154
47 289 46 153
46 283 46 154
47 293 40 154
47 279 46 154
46 278 40 157
47 279 46 154
44 273 44 159
45 277 45 157
52 286 40 154
46 270 38 162
47 289 46 153
48 284 46 153
44 270 43 160
48 284 46 153
46 275 40 159
46 273 42 160
47 289 46 153
44 279 44 158
50 288 40 154
44 279 44 158
47 289 46 153
45 282 45 156
44 273 44 159
46 279 40 155
44 273 44 159
48 291 40 154
46 285 42 154
46 279 40 155
44 270 43 160
41 273 38 162
45 273 44 158
47 289 46 153
46 275 40 159
44 273 44 159
44 294 37 163
49 292 42 153
44 280 40 159
46 283 46 154
47 293 40 154
46 295 46 153
44 273 44 159
46 294 40 154
49 280 42 154
46 285 42 154
46 278 40 157
44 270 43 160
47 289 46 153
49 280 42 154
48 291 40 154
46 273 42 160
46 295 46 153
49 292 42 153
42 272 38 162
47 276 42 158
42 282 38 160
40 274 36 167
46 273 42 160
45 273 44 158
46 295 46 153
44 273 44 159
47 276 42 158
47 289 46 153
47 289 46 153
48 284 46 153
43 281 39 158
48 293 42 153
46 273 42 160
48 284 46 153
45 273 44 158
52 286 40 154
44 273 44 159
45 282 45 156
48 291 40 154
45 277 45 157
44 279 44 158
50 287 42 153
46 279 40 155
45 277 45 157
43 281 39 158
45 282 45 156
49 280 42 154
46 270 38 162
43 281 38 160
44 273 44 159
44 273 44 159
44 270 43 160
46 279 40 155
46 275 40 159
47 276 42 158
46 295 46 153
50 287 42 153
46 295 46 153
48 284 46 153
44 291 36 165
46 295 46 153
45 268 37 164
45 273 44 158
46 278 40 157
44 270 43 160
46 283 46 154
47 289 46 153
46 285 42 154
50 288 40 154
47 276 42 158
45 277 45 157
44 284 40 155
49 280 42 154
46 275 40 159
44 270 43 160
46 279 40 155
52 286 40 154
50 288 40 154
46 278 40 157
46 283 46 154
44 273 44 159
44 270 43 160
44 273 44 159
52 286 40 154
49 280 42 154
46 273 42 160
50 287 42 153
41 271 37 164
44 270 43 160
44 270 43 160
41 271 37 164
47 289 46 153
41 271 37 164
46 279 40 155
44 284 40 155
44 270 43 160
41 271 37 164
50 287 42 153
46 278 40 157
44 294 37 163
49 292 42 153
44 273 44 159
44 273 44 159
41 271 37 164
43 281 38 160
48 293 42 153
46 276 45 156
44 270 43 160
45 277 45 157
54 279 42 154
52 286 40 154
46 279 40 155
41 271 37 164
46 276 45 156
46 275 40 159
47 276 42 158
54 279 42 154
46 295 46 153
48 284 46 153
42 269 36 168
44 291 36 165
43 281 38 160
41 271 36 167
43 270 37 166
41 273 38 162
46 276 45 156
44 279 44 158
48 284 46 153
45 277 45 157
43 270 37 166
46 295 46 153
46 278 40 157
45 277 45 157
50 288 40 154
47 279 46 154
47 276 42 158
48 284 46 153
47 289 46 153
50 287 42 153
47 276 42 158
40 274 36 167
45 277 45 157
46 276 45 156
48 276 39 160
47 279 46 154
41 271 37 164
47 276 42 158
41 273 38 162
44 270 43 160
44 291 36 165
44 273 44 159
49 292 42 153
