54905 1260.52
71 481 55 173
57 442 50 166
80 515 54 177
59 409 37 170
74 491 50 169
54 392 48 171
82 602 48 181
82 621 74 188
78 622 48 180
73 464 56 166
55 368 52 156
68 506 60 192
61 466 52 177
63 496 53 180
68 506 50 169
81 588 55 185
66 481 41 168
59 356 45 162
66 489 60 177
75 481 45 172
99 860 97 209
46 349 36 169
67 498 60 183
60 411 47 164
53 428 47 168
94 686 66 186
78 531 49 168
74 572 66 181
78 553 55 181
82 584 56 173
101 742 72 193
90 663 78 196
76 566 51 177
80 616 66 186
78 592 72 185
63 392 63 166
74 553 55 178
78 551 60 185
67 468 55 172
76 459 56 173
76 517 62 174
60 425 52 167
69 537 66 189
72 601 72 189
63 480 56 175
81 626 61 185
73 544 66 184
76 559 62 187
66 472 43 177
69 540 49 177
62 491 60 192
93 721 52 180
70 482 48 177
78 538 72 185
74 591 60 179
64 445 43 168
77 475 66 177
88 557 61 177
76 599 62 175
72 520 50 168
65 545 54 185
83 532 72 200
73 514 42 169
59 450 55 180
85 673 84 191
91 641 84 196
54 443 48 177
80 487 58 165
66 531 54 184
64 474 60 176
70 528 60 179
77 548 61 182
71 580 61 179
61 498 42 165
74 545 55 176
72 507 49 171
72 544 65 177
77 634 73 185
62 429 49 170
79 471 55 173
77 614 60 179
57 407 55 173
54 456 48 173
64 509 50 179
63 438 54 167
53 391 37 170
64 501 48 170
85 611 51 175
73 540 57 165
86 647 61 186
68 517 49 168
72 605 54 178
84 646 57 184
48 360 48 170
54 446 54 174
78 582 78 186
68 494 47 166
79 571 79 186
72 470 48 179
85 650 67 183
61 441 56 175
70 475 56 181
64 533 48 171
67 521 54 179
71 502 45 163
65 458 54 181
65 506 46 164
58 421 50 169
82 578 48 176
56 442 36 172
65 521 48 183
82 670 66 196
56 428 38 166
51 442 36 179
70 454 60 182
65 432 47 173
92 718 66 195
68 541 49 175
79 547 58 164
66 557 60 178
59 441 43 165
60 486 49 177
70 544 56 173
71 543 48 181
68 452 46 170
77 528 55 175
66 492 52 181
85 550 69 178
73 471 60 192
60 443 54 180
75 550 50 175
60 436 50 169
78 611 51 172
87 606 78 187
78 613 54 182
72 581 72 182
72 565 50 182
80 532 54 187
75 522 60 182
55 438 54 182
71 452 49 168
66 526 42 168
61 478 54 181
72 521 54 172
67 484 54 173
74 569 62 171
60 501 48 172
79 545 44 167
66 463 50 167
66 477 46 161
65 522 62 183
73 547 55 180
66 467 54 173
79 556 46 168
69 521 56 173
76 564 67 194
61 462 48 172
70 546 48 176
54 450 45 175
82 601 62 188
63 474 48 173
82 559 61 184
74 597 66 183
73 590 61 185
78 593 68 180
73 510 55 173
61 466 54 175
69 508 48 184
68 534 54 180
62 461 48 178
59 462 55 178
71 517 43 175
69 503 56 187
58 447 48 167
67 521 48 179
61 455 49 178
62 421 51 166
73 552 62 176
73 676 61 178
59 407 46 155
64 494 54 171
62 482 48 185
72 561 46 174
62 489 44 175
68 551 61 178
67 501 61 171
69 564 57 177
73 541 42 165
74 557 60 190
84 629 78 185
74 549 54 183
55 380 49 173
61 420 42 161
89 681 66 190
61 449 41 166
100 669 60 192
70 508 70 168
84 590 61 180
72 549 70 181
72 522 60 181
71 615 61 178
77 547 57 187
69 513 62 176
67 462 44 164
73 516 60 187
59 430 47 172
53 388 38 165
71 532 52 174
80 629 52 169
70 491 57 181
80 551 55 181
87 616 62 177
72 564 72 197
62 460 44 163
67 479 47 168
48 353 38 165
78 563 67 175
75 445 56 179
66 532 47 177
69 539 60 182
88 697 66 190
87 609 66 191
70 597 44 170
62 434 50 168
63 458 52 170
74 621 54 184
54 408 42 168
67 494 47 170
82 541 59 175
86 608 73 190
54 389 54 171
73 529 55 171
72 574 48 177
60 440 60 175
64 508 42 176
62 491 60 174
69 508 46 168
59 490 50 182
108 865 108 205
66 502 60 179
69 532 67 177
66 433 42 166
79 637 67 184
67 536 52 175
72 561 66 184
78 500 56 167
69 547 60 184
59 479 55 172
58 448 38 168
64 512 54 180
64 525 55 179
89 624 84 193
54 431 49 169
64 452 55 181
76 641 54 177
80 569 57 171
74 545 60 179
84 601 61 183
61 470 45 181
76 515 49 159
74 595 60 184
100 688 84 203
64 480 44 175
55 416 46 164
63 413 49 176
67 498 61 185
65 503 56 174
56 453 43 176
65 489 49 171
79 529 63 185
62 414 49 176
60 462 47 174
54 426 42 172
68 409 45 160
59 449 48 170
79 512 56 175
60 486 43 171
71 429 57 165
67 539 54 183
97 753 63 182
77 483 55 184
60 483 55 177
52 375 42 169
64 456 48 178
81 531 70 177
65 485 60 177
73 508 56 169
69 565 55 181
83 736 50 174
96 742 66 181
72 483 66 181
62 473 48 172
72 548 66 188
87 605 61 193
68 513 60 180
66 478 44 166
71 498 49 185
57 388 45 158
75 589 49 184
83 613 54 175
