164398 3060.52
40 293 36 167
49 292 42 153
46 295 46 153
42 305 38 160
42 280 36 167
46 301 42 153
42 280 36 167
47 289 46 153
48 289 42 155
45 291 40 157
45 286 39 159
41 287 37 165
43 281 37 165
46 286 45 155
41 303 37 164
44 283 38 162
48 299 42 153
49 292 42 153
44 298 40 155
48 299 42 153
43 288 39 159
46 301 42 153
43 288 39 159
40 293 36 167
49 292 42 153
42 305 38 160
45 294 45 156
44 298 40 155
46 295 40 155
41 287 37 165
47 289 46 153
45 294 45 156
43 286 43 160
43 296 39 158
42 288 38 163
44 294 40 157
43 286 38 162
43 282 37 164
43 286 43 160
46 286 44 157
44 287 44 158
43 288 39 159
42 280 36 167
42 305 38 160
46 301 42 153
42 285 42 162
44 283 39 161
43 295 38 160
48 290 40 156
41 298 38 162
42 305 38 160
42 280 36 167
43 282 37 164
42 288 38 163
43 288 39 159
44 287 44 158
45 291 40 157
42 281 42 166
46 286 44 157
43 296 39 158
43 286 39 161
43 286 38 162
42 281 42 166
46 289 46 154
44 283 39 161
42 288 38 163
43 282 37 164
45 294 45 156
44 300 40 154
48 299 42 153
44 300 40 154
42 288 38 163
40 293 36 167
43 295 38 160
42 281 42 166
41 287 37 165
45 297 40 154
42 288 38 163
43 282 37 164
45 291 40 157
43 286 38 162
41 287 37 165
43 295 38 160
43 296 39 158
42 285 42 162
45 294 45 156
48 290 40 156
46 301 42 153
45 297 40 154
48 290 40 156
43 296 39 158
45 294 45 156
42 293 39 160
45 291 40 157
43 286 39 161
47 289 46 153
44 300 40 154
47 289 46 153
43 282 37 164
44 298 40 155
42 281 42 166
42 280 36 167
45 294 45 156
42 305 38 160
42 280 36 167
42 280 36 167
44 298 40 155
42 281 42 166
43 286 38 162
46 301 42 153
45 294 45 156
45 291 40 157
43 286 39 161
43 296 39 158
43 295 38 160
45 291 40 157
47 289 46 153
43 282 37 164
41 287 37 165
43 295 38 160
44 300 40 154
48 290 40 156
42 285 42 162
47 289 46 153
42 305 38 160
45 291 40 157
45 291 40 157
43 295 38 160
42 281 42 166
43 295 38 160
42 280 36 167
42 288 38 163
44 298 40 155
43 288 39 159
41 287 37 165
43 282 37 164
45 286 39 159
45 286 39 159
43 282 37 164
44 300 40 154
44 300 40 154
45 291 40 157
46 301 42 153
43 282 37 164
43 296 39 158
41 287 37 165
45 286 39 159
42 288 38 163
42 281 42 166
44 283 38 162
41 287 36 167
48 290 40 156
43 281 37 165
46 301 42 153
43 282 37 164
44 283 39 161
44 298 40 155
43 282 37 164
42 280 36 167
44 288 38 160
42 280 36 167
45 291 40 157
45 291 40 157
43 286 39 161
45 297 40 154
43 295 38 160
46 301 42 153
48 299 42 153
45 291 39 158
43 295 38 160
45 291 40 157
49 292 42 153
45 294 45 156
42 288 37 164
45 286 39 159
43 295 38 160
45 291 40 157
41 287 37 165
43 296 39 158
45 291 40 157
44 294 40 157
45 294 45 156
44 283 39 161
44 283 38 162
44 298 40 155
44 298 40 155
44 283 39 161
45 294 45 156
47 289 46 153
43 282 37 164
45 291 40 157
46 301 42 153
43 282 37 164
41 287 36 167
42 288 38 163
46 295 46 153
42 305 38 160
43 282 37 164
46 301 42 153
43 296 39 158
44 298 40 155
43 282 37 164
42 288 37 164
43 286 43 160
43 286 38 162
44 300 40 154
45 297 40 154
46 295 40 155
44 283 39 161
43 288 39 159
44 283 39 161
46 301 42 153
45 294 45 156
45 297 40 154
46 286 45 155
44 298 40 155
44 298 40 155
48 291 40 154
45 291 40 157
44 283 38 162
47 289 46 153
40 293 36 167
45 297 40 154
46 301 42 153
43 282 37 164
48 290 40 156
46 295 40 155
44 300 40 154
41 287 36 167
45 294 45 156
48 299 42 153
43 286 39 161
42 288 38 163
43 286 39 161
45 294 45 156
43 282 37 164
43 295 38 160
42 280 36 167
43 282 37 164
45 294 45 156
45 291 40 157
42 288 38 163
42 305 38 160
45 291 39 158
47 289 46 153
45 291 40 157
42 280 36 167
43 281 37 165
45 294 45 156
43 295 38 160
44 298 40 155
42 280 36 167
44 300 40 154
43 288 39 159
43 282 37 164
43 281 37 165
45 291 40 157
41 287 37 165
43 286 39 161
49 292 42 153
41 287 37 165
46 301 42 153
40 293 36 167
48 299 42 153
42 285 42 162
47 289 46 153
46 301 42 153
45 286 39 159
42 281 42 166
42 281 42 166
46 289 46 154
49 292 42 153
47 289 46 153
42 280 36 167
44 283 38 162
43 281 37 165
43 282 37 164
42 281 42 166
44 298 40 155
42 288 38 163
44 298 40 155
43 296 39 158
45 291 40 157
43 296 39 158
43 286 39 161
43 282 37 164
46 295 40 155
46 286 45 155
44 287 44 158
44 283 39 161
45 294 45 156
43 282 37 164
43 295 38 160
44 300 40 154
45 286 39 159
44 283 38 162
43 282 37 164
45 291 40 157
43 282 37 164
43 282 37 164
