212552 2520.26
42 302 36 168
44 294 38 164
45 293 39 160
43 303 37 166
48 324 37 164
42 315 36 166
48 319 42 157
46 326 42 157
42 314 38 164
42 299 42 167
43 306 38 162
42 316 39 160
42 306 42 166
44 303 39 160
43 314 36 166
44 305 38 162
45 307 40 158
46 298 39 159
47 335 37 164
43 331 38 161
45 298 40 159
43 302 37 167
45 300 39 159
45 336 45 157
45 342 37 164
53 323 37 164
43 304 39 159
41 341 36 174
42 318 39 159
44 310 40 158
44 310 40 158
46 293 40 158
46 293 40 158
41 341 36 174
44 307 38 161
43 304 39 159
43 297 38 165
41 341 36 174
44 307 38 161
42 318 39 159
43 297 38 165
44 310 40 158
42 319 39 159
42 315 38 164
44 299 38 164
43 304 37 166
43 309 39 159
43 306 39 160
43 302 38 165
43 313 38 162
44 314 40 158
44 310 38 161
44 305 39 160
42 318 37 166
43 311 38 164
45 294 39 160
42 304 36 168
44 308 38 163
44 309 38 162
45 303 39 159
45 298 38 165
42 313 42 167
45 324 36 166
74 565 68 181
86 635 80 194
66 532 54 178
76 547 68 179
88 573 67 178
74 532 63 176
71 549 43 173
65 509 61 189
75 541 60 176
69 522 55 184
85 659 72 182
71 463 48 170
99 824 85 197
77 545 61 187
74 522 55 171
69 510 54 190
79 612 61 189
93 621 78 188
69 527 55 181
89 622 72 193
102 724 72 201
84 631 78 184
60 487 54 184
87 691 73 184
85 577 74 187
82 614 79 179
102 752 84 189
77 614 66 190
89 702 74 185
99 726 66 191
89 675 68 192
79 578 66 191
84 513 84 194
77 493 66 191
78 582 78 187
86 617 78 196
54 447 50 178
71 451 67 183
87 716 67 187
68 507 54 178
84 598 78 197
74 506 72 191
67 508 67 182
80 488 67 181
79 567 72 194
78 488 67 179
96 652 66 185
90 639 79 181
60 500 60 188
74 598 68 187
76 556 60 181
78 589 66 189
75 583 54 190
87 724 73 184
80 606 67 190
76 601 55 188
59 443 49 174
92 704 73 190
80 607 66 187
93 636 68 186
63 499 48 181
97 665 86 186
78 569 72 180
77 553 67 183
83 616 72 192
72 559 72 196
72 546 66 192
59 444 54 183
74 573 67 184
73 481 60 183
66 502 54 182
66 494 62 182
77 570 67 185
77 565 61 179
65 506 60 183
91 673 72 188
74 549 66 194
68 533 60 181
67 498 67 180
72 471 67 190
72 524 56 175
90 744 66 181
59 426 55 175
91 603 85 199
61 492 49 176
66 489 48 185
76 533 60 182
72 591 50 190
83 605 61 188
88 614 73 179
70 545 49 183
66 558 61 181
87 628 72 201
79 527 61 183
86 619 69 190
89 663 67 192
89 662 60 185
77 604 54 182
79 661 67 191
88 671 66 207
76 612 67 193
86 683 73 187
84 554 84 197
91 669 85 190
91 675 78 194
78 557 66 193
67 507 55 181
74 527 60 187
57 422 44 181
72 554 61 170
67 493 67 178
82 589 79 194
68 500 62 181
73 464 67 184
86 623 72 198
73 569 55 178
90 599 84 199
77 571 73 184
101 714 84 200
89 598 79 188
68 495 68 177
67 509 54 178
77 596 56 186
76 581 72 184
59 456 55 183
75 567 68 178
70 539 60 186
78 583 72 193
69 575 66 190
89 661 60 188
82 568 67 187
78 552 72 186
61 488 56 180
74 505 56 175
76 522 55 195
72 584 52 180
89 616 66 187
81 551 74 183
83 647 68 179
72 586 60 193
80 615 68 186
81 629 60 192
72 536 66 187
69 529 66 192
87 619 85 192
65 528 52 175
77 618 60 188
83 689 78 196
98 689 73 196
73 554 66 190
88 551 79 191
77 531 61 182
75 540 72 196
75 536 66 191
77 589 73 190
82 623 66 194
72 549 60 192
77 596 72 191
80 543 61 180
90 752 78 203
73 592 61 177
67 495 66 186
81 607 81 181
67 497 55 171
77 572 72 194
68 525 61 183
67 537 67 184
58 506 48 180
64 481 54 184
62 456 49 171
71 499 61 185
75 550 60 180
62 469 48 171
79 578 54 182
65 510 56 173
103 675 91 196
84 632 73 199
87 704 55 181
88 608 86 184
83 658 61 193
66 561 61 187
85 690 72 183
83 620 79 195
76 586 72 190
75 564 62 180
70 546 67 189
79 564 67 193
64 480 55 176
59 463 42 176
71 565 61 190
68 474 56 180
84 578 74 180
69 546 61 190
74 592 60 191
74 529 74 195
81 613 66 192
83 587 60 187
79 568 67 187
65 522 56 184
88 623 73 191
82 619 66 196
83 613 78 187
85 751 68 182
78 601 60 191
91 628 91 197
62 458 45 181
78 556 78 191
79 673 72 191
69 480 67 186
64 507 60 194
66 580 66 190
90 706 72 192
100 689 84 202
90 596 67 185
77 572 55 190
87 674 78 199
59 440 48 179
74 553 68 192
85 633 54 178
66 510 44 171
74 537 67 179
88 710 66 192
77 553 54 181
83 597 62 179
68 509 49 179
85 635 85 192
81 531 66 183
64 497 62 189
63 460 60 184
71 554 55 178
77 583 66 187
60 461 50 178
85 721 73 191
91 729 54 179
66 502 54 187
79 634 61 183
98 739 74 194
