1298 19.0206
66 492 43 188
74 583 50 181
74 522 48 184
66 549 46 187
72 532 61 189
59 486 54 182
73 541 49 178
69 497 38 174
78 607 66 184
82 586 66 201
82 709 55 176
78 648 55 177
70 522 49 190
73 585 48 172
59 486 49 195
58 423 42 182
77 556 38 170
59 464 43 190
81 672 50 181
50 434 44 163
65 535 48 181
62 471 42 174
70 507 50 173
93 660 72 188
60 463 43 174
76 590 45 168
94 715 48 191
81 604 79 200
65 489 40 166
66 512 56 173
75 559 49 181
66 539 54 179
62 468 42 179
75 575 54 192
61 493 42 179
74 560 48 184
73 567 54 181
65 514 50 188
78 596 48 183
70 538 54 192
73 517 72 187
67 524 42 177
70 628 66 188
65 507 54 176
76 608 67 197
61 457 36 173
67 412 50 172
78 578 60 193
67 493 42 172
72 518 66 189
69 517 55 185
72 556 60 192
71 499 48 193
91 640 91 197
77 625 49 188
84 669 48 192
70 518 42 174
55 423 36 171
58 477 55 180
91 627 80 188
71 579 60 191
79 583 43 174
57 460 55 180
78 572 67 181
68 536 48 185
76 582 56 190
70 611 55 186
61 483 48 182
96 811 54 192
57 464 56 174
63 420 60 176
65 471 48 186
66 502 55 185
74 541 66 189
69 497 48 177
55 456 41 168
57 462 42 184
68 505 66 190
65 528 54 193
54 432 54 181
64 450 49 172
66 478 66 187
68 549 54 180
98 703 92 206
72 543 60 192
63 449 48 177
57 362 48 177
67 550 42 193
67 562 60 189
55 433 54 182
83 649 43 189
65 496 48 189
67 492 48 180
66 521 48 185
72 475 72 184
74 570 48 200
62 485 60 186
61 471 48 177
72 568 47 179
68 561 54 179
66 566 55 181
83 659 48 180
81 555 54 205
62 439 43 186
70 487 60 179
75 583 60 178
67 543 38 175
65 544 36 172
62 498 48 180
70 549 50 184
70 502 66 182
66 509 55 169
56 399 44 168
67 506 61 187
63 461 42 181
71 514 50 169
67 544 60 180
85 706 44 167
86 646 49 178
80 614 49 179
74 617 66 192
68 537 43 179
67 525 54 176
62 506 48 185
64 544 54 183
67 560 60 191
63 505 48 189
80 641 48 182
89 623 72 195
72 560 42 175
109 737 103 200
73 561 54 183
78 549 67 188
56 428 36 176
54 423 40 175
70 579 54 191
65 496 62 178
63 529 60 187
54 410 48 175
66 504 40 175
67 493 42 185
99 747 84 209
70 580 62 187
69 558 55 184
65 533 60 189
56 450 42 176
64 491 49 175
82 548 66 182
66 547 42 183
73 604 50 165
71 566 50 174
64 447 49 174
78 534 78 190
68 532 38 178
71 572 51 174
74 608 61 179
65 518 60 189
86 672 48 186
48 418 43 168
72 503 40 167
71 528 54 186
87 604 54 186
81 625 48 176
52 408 48 178
76 606 42 187
65 527 54 179
51 419 43 178
68 516 60 195
72 520 42 162
68 518 36 176
87 590 67 180
61 418 37 169
59 456 54 190
83 633 78 205
77 600 54 184
56 455 42 181
77 570 54 198
77 567 60 185
77 592 72 196
71 512 55 186
82 604 61 179
57 438 43 171
67 520 66 186
70 588 54 181
63 487 48 182
74 504 48 182
96 646 73 194
67 502 55 179
63 500 42 171
69 481 61 183
67 483 67 181
67 467 43 170
69 560 61 172
60 466 60 190
74 566 48 190
63 488 42 179
60 470 48 180
68 487 40 171
72 511 42 176
74 494 48 190
60 464 44 163
60 503 50 173
83 592 61 174
58 444 36 176
83 618 79 185
92 684 60 186
68 579 66 199
71 574 54 193
68 567 42 184
65 494 36 179
69 495 53 173
74 507 61 185
45 366 43 168
75 639 60 199
75 570 49 180
70 545 43 177
62 468 40 184
80 612 67 182
57 442 49 185
78 596 66 186
60 464 54 182
87 661 50 183
70 494 45 183
76 574 68 177
55 448 48 182
81 606 48 181
75 586 42 177
71 542 50 176
73 585 42 179
77 544 54 194
72 540 72 199
93 724 68 189
84 633 67 185
74 555 43 167
74 607 56 167
80 621 43 180
74 653 60 188
59 459 42 175
74 580 48 189
70 533 49 187
87 612 78 194
70 492 62 182
66 426 44 167
88 623 43 174
62 517 43 175
54 477 42 170
80 585 62 178
80 603 61 184
67 566 48 185
67 509 54 180
56 433 36 175
77 644 61 186
72 531 56 169
66 498 48 194
52 452 48 171
77 601 62 174
81 610 54 192
81 614 43 177
68 510 48 184
67 486 40 183
52 420 43 168
74 494 54 178
67 526 43 178
65 555 58 189
70 561 44 172
77 607 54 180
91 693 91 189
68 481 43 175
56 459 56 176
73 472 61 184
75 587 42 181
62 490 42 183
66 466 54 199
60 471 42 181
89 659 78 195
67 585 42 178
74 561 60 188
72 613 49 181
65 497 54 186
61 490 48 193
67 494 48 181
79 625 67 202
67 498 55 184
71 622 60 188
74 561 49 183
84 668 60 193
89 661 84 183
62 450 42 174
61 471 54 199
60 381 54 176
68 534 43 178
65 539 50 173
67 537 67 194
59 475 42 179
86 591 84 193
64 455 60 188
62 471 42 176
62 461 43 176
59 481 54 180
74 534 48 191
