197 4.07124
52 426 42 172
73 566 73 171
65 515 54 191
69 498 38 172
68 563 54 171
63 469 54 186
73 542 55 173
76 582 72 172
90 641 80 186
94 714 92 186
66 474 44 164
78 590 56 169
87 716 73 183
50 397 44 170
83 643 56 167
77 547 68 173
66 538 62 179
91 625 91 186
63 479 61 180
77 614 60 182
59 452 48 169
68 513 47 175
79 595 68 172
61 490 43 181
93 702 72 186
67 501 60 183
73 617 73 174
86 670 61 173
80 588 67 175
60 483 48 173
68 527 54 184
95 660 72 184
81 590 73 173
57 500 55 176
85 690 61 177
79 599 79 183
68 574 61 187
85 577 79 173
67 489 54 181
69 549 66 188
82 665 55 176
91 622 84 191
76 590 67 178
80 632 72 191
65 585 60 172
58 434 54 178
66 544 53 180
95 798 60 178
90 726 73 179
55 425 42 170
81 731 78 187
87 685 78 183
63 490 48 189
64 495 60 191
67 518 61 189
65 452 55 174
69 535 54 185
71 539 49 164
91 702 67 184
69 471 48 169
67 509 48 179
61 521 54 179
60 534 49 174
69 479 66 183
54 476 42 173
92 671 62 165
94 650 91 187
100 807 67 182
69 573 60 198
63 538 61 184
83 613 66 178
78 653 67 176
59 453 42 182
62 479 48 174
67 516 56 181
83 595 67 171
83 633 56 167
71 536 60 186
63 486 55 171
72 589 68 174
96 868 84 192
74 564 60 179
91 687 78 180
70 564 68 180
66 506 62 173
72 591 66 195
74 523 62 163
64 557 55 174
69 524 49 163
71 503 50 168
92 723 84 184
80 575 62 180
82 669 74 173
53 437 48 173
72 617 67 177
83 606 73 176
68 557 55 168
62 469 48 181
72 543 60 186
59 469 49 180
63 524 61 189
86 625 78 187
85 700 78 188
68 561 61 168
62 421 48 176
58 473 54 180
65 468 55 164
70 568 54 175
71 535 60 179
79 599 67 167
79 592 79 180
79 573 79 179
59 483 43 174
87 688 50 168
68 579 55 184
87 624 78 185
79 649 67 178
67 503 48 183
75 601 61 183
56 458 54 172
78 624 61 171
86 662 79 174
71 569 66 182
80 617 67 185
83 679 72 184
65 525 60 189
92 626 84 193
66 544 66 184
82 661 66 185
76 629 56 170
63 475 61 181
63 499 48 191
75 633 61 179
92 700 72 185
55 421 55 170
90 731 73 182
63 494 54 184
77 589 67 178
61 524 60 189
72 519 60 187
60 439 54 181
89 655 67 173
69 567 49 173
81 664 67 183
56 460 48 179
69 524 61 167
60 515 60 191
66 534 66 173
94 731 79 181
97 671 73 175
72 576 66 198
88 641 78 206
58 525 54 173
84 692 72 193
64 519 61 176
73 516 73 172
79 559 66 187
85 682 85 185
71 538 42 176
69 525 60 175
73 554 61 171
78 610 62 164
102 798 96 199
80 635 67 194
73 601 54 192
85 713 79 187
83 643 60 195
68 495 44 160
68 503 55 173
79 677 56 195
97 780 66 179
61 462 54 173
78 606 43 184
56 433 42 179
86 702 72 190
79 583 78 185
61 480 61 171
77 624 61 166
56 441 38 171
74 615 55 171
78 654 73 175
59 506 55 180
55 454 43 174
73 580 56 165
73 505 66 186
67 545 48 165
80 634 62 176
71 560 68 166
80 645 73 176
68 532 42 171
50 415 48 172
75 613 49 185
79 650 66 196
78 581 72 183
73 647 66 183
91 678 79 187
96 750 84 183
57 453 55 175
103 783 103 192
72 591 54 173
70 614 66 184
84 729 43 175
56 475 43 178
73 541 73 174
76 604 66 178
73 482 66 176
84 669 73 178
62 510 61 169
95 637 90 195
92 664 73 172
64 469 44 173
78 595 67 181
68 584 66 185
71 541 62 171
72 531 55 174
83 649 74 178
58 484 48 179
74 660 72 183
74 632 54 188
89 666 61 171
80 632 79 195
64 519 48 185
68 537 60 191
82 707 72 179
70 570 54 181
72 566 47 175
76 600 62 170
72 514 72 191
80 584 54 180
89 614 72 186
86 768 49 176
68 558 55 184
69 531 55 172
67 592 66 178
67 584 55 173
63 512 55 168
69 511 67 185
71 560 60 179
51 421 49 172
80 628 67 178
71 546 61 176
66 535 49 171
77 695 73 184
84 633 84 190
68 459 48 182
72 513 54 183
66 501 54 179
65 472 48 176
76 594 54 176
67 509 66 176
80 614 60 195
88 646 79 181
74 536 61 175
71 594 66 178
72 574 61 182
80 612 78 186
88 677 66 185
65 529 55 178
77 589 74 176
74 516 60 187
89 657 62 169
64 548 54 192
69 544 50 164
70 614 48 184
72 579 61 178
69 525 48 174
72 529 44 163
70 532 62 188
92 735 79 192
82 660 54 180
71 594 51 180
83 637 79 178
87 705 72 194
70 560 67 174
84 664 79 170
49 406 49 176
84 650 54 181
74 590 54 187
73 568 61 181
72 552 54 171
84 681 72 181
95 728 84 190
68 562 66 185
71 578 61 180
82 633 78 185
60 467 49 182
72 574 60 188
56 458 42 176
69 508 54 178
70 628 60 179
69 493 50 170
70 529 66 178
68 533 60 175
80 668 67 187
77 584 72 183
57 433 42 177
79 652 55 178
76 599 48 189
101 658 96 191
68 582 56 175
