992 3.80572
72 559 46 157
72 559 46 157
53 420 50 173
65 462 37 176
72 559 46 157
49 447 45 180
53 399 44 180
72 559 46 157
62 483 42 164
66 501 40 161
62 483 42 164
49 447 45 180
49 424 48 176
72 559 46 157
50 434 50 173
56 454 40 167
49 424 48 176
68 546 45 160
61 445 38 174
49 424 48 176
49 447 45 180
57 412 43 178
60 437 43 167
51 400 42 182
53 399 44 180
70 528 42 160
65 508 38 169
49 424 48 176
65 508 38 169
72 559 46 157
70 528 42 160
70 528 42 160
66 473 44 165
72 559 46 157
64 464 38 172
54 458 43 171
55 460 39 167
62 483 42 164
70 528 42 160
70 528 42 160
61 445 38 174
66 473 44 165
61 445 38 174
56 454 43 166
54 458 43 171
72 559 46 157
60 437 43 167
49 424 48 176
54 433 50 169
55 423 43 178
60 437 43 167
49 447 45 180
72 559 46 157
53 399 44 180
70 528 42 160
70 528 42 160
57 412 43 178
57 412 43 178
68 546 45 160
56 454 43 166
55 449 43 171
50 413 43 179
62 483 42 164
56 417 40 172
60 436 43 170
62 483 42 164
66 473 44 165
49 424 48 176
57 412 43 178
60 437 43 167
55 449 43 171
60 437 43 167
50 434 50 173
64 464 38 172
57 412 43 178
55 423 43 178
53 420 50 173
54 458 43 171
56 417 40 172
55 423 43 178
50 434 50 173
50 413 43 179
54 421 44 170
55 423 43 178
60 437 43 167
66 473 44 165
50 413 43 179
56 417 40 172
56 417 40 172
56 454 43 166
60 437 43 167
50 434 50 173
49 447 45 180
56 454 40 167
56 417 40 172
53 399 44 180
56 417 40 172
55 423 43 178
55 460 39 167
49 447 45 180
50 434 50 173
72 559 46 157
57 412 43 178
57 412 43 178
60 437 43 167
49 424 48 176
49 447 45 180
49 424 48 176
53 420 50 173
54 421 44 170
60 437 43 167
50 434 50 173
49 447 45 180
72 559 46 157
57 412 43 178
70 528 42 160
65 508 38 169
72 559 46 157
60 448 40 169
66 501 40 161
50 413 43 179
55 423 43 178
72 559 46 157
66 501 40 161
70 528 42 160
65 508 38 169
72 559 46 157
64 464 38 172
56 454 43 166
50 413 43 179
50 413 43 179
51 400 42 182
72 559 46 157
54 458 43 171
72 559 46 157
72 559 46 157
61 445 38 174
55 460 39 167
70 528 42 160
62 483 42 164
65 462 37 176
68 489 38 167
66 501 40 161
68 489 38 167
50 434 50 173
49 424 48 176
72 559 46 157
66 473 44 165
66 501 40 161
60 448 40 169
55 423 43 178
55 423 43 178
55 449 43 171
49 447 45 180
50 434 50 173
64 464 38 172
50 434 50 173
65 508 38 169
72 559 46 157
66 473 44 165
50 434 50 173
72 559 46 157
72 559 46 157
72 559 46 157
50 434 50 173
72 559 46 157
68 489 38 167
49 424 48 176
72 559 46 157
49 424 48 176
72 559 46 157
65 462 37 176
72 559 46 157
66 473 44 165
50 434 50 173
55 449 43 171
72 559 46 157
65 462 37 176
51 400 42 182
60 437 43 167
57 412 43 178
60 448 40 169
49 424 48 176
60 437 43 167
50 434 50 173
57 412 43 178
72 559 46 157
72 559 46 157
49 447 45 180
49 424 48 176
56 454 40 167
60 437 43 167
66 473 44 165
65 462 37 176
57 412 43 178
49 424 48 176
50 434 50 173
72 559 46 157
57 412 43 178
68 546 45 160
49 424 48 176
49 447 45 180
49 424 48 176
53 420 50 173
54 421 44 170
60 437 43 167
50 434 50 173
49 447 45 180
72 559 46 157
57 412 43 178
70 528 42 160
56 454 43 166
60 437 43 167
66 501 40 161
50 413 43 179
72 559 46 157
66 501 40 161
70 528 42 160
65 508 38 169
72 559 46 157
64 464 38 172
56 454 43 166
50 413 43 179
72 559 46 157
70 528 42 160
55 423 43 178
66 473 44 165
60 437 43 167
55 449 43 171
50 434 50 173
64 464 38 172
57 412 43 178
55 423 43 178
54 458 43 171
60 436 43 170
50 434 50 173
50 413 43 179
54 421 44 170
72 559 46 157
50 413 43 179
56 417 40 172
60 437 43 167
50 413 43 179
49 447 45 180
55 449 43 171
56 417 40 172
53 399 44 180
72 559 46 157
57 412 43 178
57 412 43 178
60 448 40 169
50 434 50 173
72 559 46 157
68 489 38 167
49 424 48 176
49 424 48 176
65 462 37 176
72 559 46 157
50 434 50 173
55 449 43 171
65 462 37 176
51 400 42 182
49 447 45 180
72 559 46 157
62 483 42 164
50 434 50 173
72 559 46 157
54 433 50 169
49 424 48 176
60 437 43 167
66 473 44 165
65 462 37 176
57 412 43 178
50 434 50 173
60 437 43 167
57 412 43 178
55 423 43 178
61 445 38 174
55 460 39 167
70 528 42 160
70 528 42 160
65 462 37 176
66 501 40 161
68 489 38 167
49 424 48 176
72 559 46 157
66 473 44 165
66 501 40 161
60 448 40 169
68 546 45 160
55 423 43 178
55 449 43 171
49 447 45 180
50 434 50 173
64 464 38 172
72 559 46 157
72 559 46 157
66 473 44 165
50 434 50 173
72 559 46 157
