208806 1140.05
50 294 37 164
47 287 46 153
47 287 46 153
46 283 37 166
46 283 37 166
45 275 38 162
49 291 40 154
46 277 44 158
50 294 37 164
49 290 42 153
48 284 40 156
47 292 40 156
45 277 40 161
45 275 38 162
47 284 44 157
45 282 45 159
45 279 39 160
48 280 42 158
49 287 42 154
48 280 38 160
46 288 40 157
45 282 45 159
48 282 39 158
48 280 38 160
47 284 46 154
49 288 40 155
48 282 40 157
47 289 37 165
47 289 37 165
46 288 40 157
46 280 45 155
47 284 44 157
46 280 45 155
46 285 40 158
46 283 39 159
46 282 38 161
46 278 45 156
49 291 40 154
49 290 42 153
49 287 42 154
48 283 42 155
48 281 42 156
48 281 42 156
48 280 42 158
47 292 40 156
46 285 40 158
46 279 40 159
46 278 45 156
46 278 39 160
46 277 44 158
50 294 37 164
50 294 37 164
50 294 37 164
50 294 37 164
50 294 37 164
50 294 37 164
50 294 37 164
50 294 37 164
50 294 37 164
50 294 37 164
50 294 37 164
50 294 37 164
50 294 37 164
50 294 37 164
50 294 37 164
50 294 37 164
50 294 37 164
50 294 37 164
50 294 37 164
50 294 37 164
50 294 37 164
50 294 37 164
50 294 37 164
50 294 37 164
50 294 37 164
50 294 37 164
50 294 37 164
50 294 37 164
50 294 37 164
50 294 37 164
50 294 37 164
50 294 37 164
50 294 37 164
50 294 37 164
50 294 37 164
50 294 37 164
50 294 37 164
50 294 37 164
50 294 37 164
50 294 37 164
50 294 37 164
50 294 37 164
50 294 37 164
50 294 37 164
50 294 37 164
50 294 37 164
50 294 37 164
50 294 37 164
50 294 37 164
50 294 37 164
50 294 37 164
50 294 37 164
50 294 37 164
50 294 37 164
50 294 37 164
50 294 37 164
50 294 37 164
50 294 37 164
50 294 37 164
50 294 37 164
50 294 37 164
50 294 37 164
50 294 37 164
50 294 37 164
50 294 37 164
50 294 37 164
50 294 37 164
50 294 37 164
50 294 37 164
50 294 37 164
50 294 37 164
50 294 37 164
50 294 37 164
50 294 37 164
50 294 37 164
50 294 37 164
50 294 37 164
50 294 37 164
50 294 37 164
50 294 37 164
50 294 37 164
50 294 37 164
50 294 37 164
50 294 37 164
50 294 37 164
50 294 37 164
50 294 37 164
50 294 37 164
50 294 37 164
50 294 37 164
50 294 37 164
50 294 37 164
50 294 37 164
50 294 37 164
50 294 37 164
50 294 37 164
50 294 37 164
50 294 37 164
50 294 37 164
50 294 37 164
50 294 37 164
50 294 37 164
50 294 37 164
50 294 37 164
50 294 37 164
50 294 37 164
50 294 37 164
50 294 37 164
50 294 37 164
50 294 37 164
50 294 37 164
50 294 37 164
50 294 37 164
50 294 37 164
50 294 37 164
50 294 37 164
50 294 37 164
50 294 37 164
50 294 37 164
50 294 37 164
50 294 37 164
50 294 37 164
50 294 37 164
50 294 37 164
50 294 37 164
50 294 37 164
50 294 37 164
50 294 37 164
50 294 37 164
50 294 37 164
50 294 37 164
50 294 37 164
50 294 37 164
50 294 37 164
50 294 37 164
50 294 37 164
50 294 37 164
50 294 37 164
50 294 37 164
50 294 37 164
50 294 37 164
50 294 37 164
50 294 37 164
50 294 37 164
50 294 37 164
50 294 37 164
50 294 37 164
50 294 37 164
50 294 37 164
49 288 40 155
48 280 38 160
47 292 40 156
47 289 37 165
46 285 40 158
46 285 40 158
46 283 37 166
46 279 40 159
46 279 40 159
45 279 39 160
45 277 40 161
45 275 38 162
50 296 37 164
49 289 40 155
47 285 37 167
47 282 45 158
45 277 40 163
46 280 43 161
47 295 40 157
46 278 38 162
49 286 38 160
47 290 37 165
46 285 40 160
50 296 37 164
48 281 40 159
48 281 40 159
45 277 40 163
49 286 40 157
47 286 37 166
47 286 37 166
50 296 37 164
50 296 37 164
50 296 37 164
47 286 37 166
47 286 37 166
47 286 37 166
51 300 37 164
49 287 42 158
47 291 37 166
45 277 43 163
45 277 43 163
50 295 40 158
47 285 38 164
50 299 37 165
48 283 40 161
48 285 40 159
50 291 39 160
47 292 40 160
50 292 38 162
47 289 39 162
48 283 40 161
47 289 38 163
50 292 38 162
50 292 38 162
48 283 40 161
48 283 40 161
48 283 40 161
48 283 40 161
48 283 40 161
48 283 40 161
48 283 40 161
48 283 40 161
51 293 39 161
49 287 40 159
49 287 40 159
47 286 38 164
50 293 38 162
48 288 40 160
50 293 38 162
48 288 40 160
50 293 38 162
50 293 38 162
50 293 38 162
48 288 40 160
48 288 40 160
48 288 40 160
50 294 38 162
50 293 38 163
49 288 40 159
48 292 43 164
48 290 44 162
49 288 40 159
50 295 40 159
50 295 38 162
50 295 38 162
51 296 40 160
51 295 39 163
51 295 39 163
50 297 40 159
50 296 38 162
50 296 38 162
50 296 38 162
50 299 38 162
50 297 40 163
50 297 40 163
50 297 40 163
50 297 40 163
51 302 38 162
50 299 38 163
50 298 40 163
53 339 42 163
