16270 300.053
44 278 36 166
48 295 42 153
42 276 42 165
44 278 36 166
45 312 40 155
48 286 46 153
50 289 42 153
44 273 43 162
46 296 40 154
44 307 39 158
44 280 38 163
48 282 42 157
46 277 40 160
46 279 45 157
50 289 42 153
46 293 39 158
47 281 45 155
49 284 42 155
43 281 43 162
48 287 42 155
48 282 42 157
47 281 45 155
49 284 42 155
46 279 45 157
43 279 43 163
44 282 38 161
45 279 45 158
45 285 45 157
42 276 42 165
45 295 40 157
47 292 40 154
44 280 43 161
45 287 45 156
44 283 44 158
46 277 40 160
46 276 43 161
44 273 43 162
44 280 37 164
42 276 42 165
44 278 38 165
46 293 39 158
44 280 37 164
44 275 44 160
44 278 36 166
46 279 45 157
46 294 46 153
43 279 43 163
44 273 42 164
46 279 45 157
49 284 42 155
44 310 40 157
47 288 46 153
44 280 43 161
43 289 43 160
45 279 45 158
44 273 43 162
44 273 43 162
44 280 37 164
44 307 39 158
45 287 45 156
43 279 43 163
44 278 38 165
45 291 38 160
45 287 45 156
47 281 45 155
46 277 44 159
46 277 44 159
44 283 44 158
45 312 40 155
44 275 44 160
44 273 43 162
44 310 40 157
50 289 42 153
45 279 45 158
48 285 40 156
46 294 46 153
45 287 45 156
46 282 45 155
47 285 40 157
44 278 38 165
46 288 40 156
47 288 46 153
48 290 40 154
47 281 45 155
47 291 39 158
46 276 43 161
47 281 44 157
49 284 42 155
46 276 43 161
44 283 43 160
46 277 40 160
44 275 44 160
46 293 39 158
48 290 40 154
46 294 46 153
48 286 46 153
45 282 39 159
47 292 40 154
45 287 45 156
46 277 44 159
48 295 42 153
46 296 40 154
49 291 42 153
49 284 42 155
48 286 46 153
44 283 44 158
42 276 42 165
47 281 45 155
43 281 43 162
49 284 42 155
46 281 40 158
44 275 44 160
46 294 46 153
44 273 43 162
46 279 45 157
46 288 46 154
50 289 42 153
46 277 44 159
49 284 42 155
42 279 42 164
50 289 42 153
47 281 45 155
48 285 40 156
46 279 45 157
44 281 44 159
48 287 42 155
45 285 45 157
48 286 46 153
45 279 45 158
46 288 40 156
50 289 42 153
46 276 43 161
44 273 43 162
44 273 43 162
44 278 36 166
45 279 45 158
49 284 42 155
50 289 42 153
47 288 46 153
47 281 45 155
47 288 46 153
47 281 45 155
44 273 43 162
49 284 42 155
44 275 44 160
49 284 42 155
46 279 45 157
46 279 45 157
43 281 43 162
48 285 40 156
49 284 42 155
46 279 45 157
47 288 46 153
44 275 44 160
46 288 46 154
46 294 46 153
50 289 42 153
46 279 45 157
47 281 45 155
47 291 39 158
46 279 45 157
43 281 43 162
48 286 46 153
49 284 42 155
44 273 43 162
49 284 42 155
50 289 42 153
43 281 43 162
46 277 40 160
44 273 43 162
45 287 45 156
48 286 46 153
48 290 40 154
48 290 40 154
46 279 45 157
46 279 45 157
46 276 43 161
46 277 40 160
47 281 45 155
48 286 46 153
43 289 43 160
46 288 46 154
49 284 42 155
45 287 45 156
43 279 43 163
44 281 44 159
47 281 44 157
48 290 40 154
48 286 46 153
44 278 36 166
49 284 42 155
46 279 45 157
46 277 44 159
46 279 45 157
46 277 40 160
49 284 42 155
49 284 42 155
47 281 45 155
44 275 44 160
49 284 42 155
46 288 46 154
47 288 46 153
48 286 46 153
45 279 45 158
50 289 42 153
46 279 45 157
47 281 45 155
44 280 43 161
47 281 44 157
47 288 46 153
46 279 45 157
50 289 42 153
46 277 40 160
46 279 45 157
47 287 40 156
46 279 45 157
44 307 39 158
47 288 46 153
50 289 42 153
47 281 45 155
50 289 42 153
46 279 45 157
47 281 45 155
49 291 42 153
44 280 38 163
48 290 40 154
48 287 42 155
48 286 46 153
44 273 42 164
46 277 40 160
48 282 42 157
46 288 46 154
48 282 42 157
44 275 44 160
47 281 44 157
48 282 42 157
45 279 45 158
46 288 46 154
44 294 40 159
44 280 37 164
44 283 44 158
44 282 38 161
45 279 45 158
46 279 45 157
46 279 45 157
46 277 44 159
47 281 45 155
46 294 46 153
46 294 46 153
47 287 40 156
45 279 45 158
44 273 43 162
45 279 45 158
48 286 46 153
46 288 40 156
46 279 45 157
49 284 42 155
48 286 46 153
47 281 45 155
48 285 40 156
49 284 42 155
46 277 44 159
46 279 45 157
44 275 44 160
45 279 45 158
45 285 45 157
50 289 42 153
47 281 45 155
48 286 46 153
46 282 44 157
44 281 44 159
49 284 42 155
48 290 40 154
44 280 38 163
46 277 40 160
47 281 45 155
48 286 46 153
46 279 45 157
46 277 44 159
48 286 46 153
42 279 42 164
47 281 45 155
46 276 43 161
45 279 45 158
45 279 45 158
47 281 45 155
47 288 46 153
42 276 42 165
44 273 43 162
47 281 45 155
48 282 42 157
48 290 40 154
47 281 45 155
46 288 46 154
46 279 45 157
48 286 46 153
47 281 45 155
48 290 40 154
47 287 40 156
48 282 42 157
