662335 3180.12
51 370 42 153
46 381 46 156
45 320 43 163
42 322 42 169
42 332 37 177
47 351 36 165
52 390 38 160
49 380 40 154
51 370 42 153
42 332 37 177
49 342 36 173
48 389 46 154
44 326 42 164
54 383 38 160
52 348 42 158
47 325 40 163
50 350 44 158
45 330 44 160
48 341 38 162
45 333 37 166
48 376 45 155
50 361 39 158
50 361 39 158
48 325 37 168
47 388 45 156
45 320 43 163
44 359 36 169
46 328 38 163
45 355 36 171
42 322 42 169
45 355 36 171
49 342 36 173
49 380 40 154
45 330 44 160
47 388 45 156
44 326 42 164
48 341 38 162
48 389 46 154
46 381 46 156
46 328 38 163
45 355 36 171
50 361 39 158
49 369 40 157
51 370 42 153
47 351 36 165
49 342 36 173
49 342 36 173
43 329 43 168
45 320 43 163
47 351 36 165
50 375 40 156
47 379 46 155
50 361 39 158
46 364 36 167
42 332 37 177
49 369 40 157
49 380 40 154
45 340 37 164
46 328 38 163
45 354 38 161
44 359 36 169
44 326 42 164
45 332 39 159
49 369 40 157
50 361 39 158
43 329 43 168
51 370 42 153
46 328 38 163
45 332 39 159
45 333 37 166
48 341 38 162
46 328 38 163
46 381 46 156
48 325 37 168
46 364 36 167
51 370 42 153
49 380 40 154
44 326 42 164
48 376 45 155
49 369 40 157
46 364 36 167
45 333 37 166
51 370 42 153
42 332 37 177
45 320 43 163
47 344 45 158
48 325 37 168
47 351 36 165
47 376 46 156
48 389 46 154
49 369 40 157
48 376 45 155
46 328 38 163
49 342 36 173
42 332 37 177
44 359 36 169
49 369 40 157
47 376 46 156
45 332 39 159
50 350 44 158
50 361 39 158
48 376 45 155
45 332 39 159
47 379 46 155
45 355 36 171
43 329 43 168
50 375 40 156
47 388 45 156
48 341 38 162
45 333 37 166
49 369 40 157
43 329 43 168
52 348 42 158
49 342 36 173
47 388 45 156
48 325 37 168
45 354 38 161
48 362 45 157
49 380 40 154
45 333 37 166
43 347 43 161
44 359 36 169
48 376 45 155
51 370 42 153
48 389 46 154
45 355 36 171
42 322 42 169
44 326 42 164
45 330 44 160
45 330 44 160
45 330 44 160
51 370 42 153
50 350 44 158
51 370 42 153
43 347 43 161
49 342 36 173
51 370 42 153
45 340 37 164
47 344 45 158
42 322 42 169
44 326 42 164
45 320 43 163
49 369 40 157
42 332 37 177
48 389 46 154
47 325 40 163
52 348 42 158
47 351 36 165
48 389 46 154
54 383 38 160
45 340 37 164
42 332 37 177
42 322 42 169
44 326 42 164
49 380 40 154
44 326 42 164
51 370 42 153
44 359 36 169
47 351 36 165
45 330 44 160
47 344 45 158
46 328 38 163
47 344 45 158
52 390 38 160
48 325 37 168
43 347 43 161
51 370 42 153
49 342 36 173
44 326 42 164
49 369 40 157
44 326 42 164
51 370 42 153
47 376 46 156
47 325 40 163
50 361 39 158
47 344 45 158
42 322 42 169
43 347 43 161
46 381 46 156
44 326 42 164
48 389 46 154
43 329 43 168
49 369 40 157
49 380 40 154
44 347 44 160
52 348 42 158
45 332 39 159
47 388 45 156
51 370 42 153
44 326 42 164
51 370 42 153
45 354 38 161
51 370 42 153
44 326 42 164
46 328 38 163
44 359 36 169
46 364 36 167
51 370 42 153
49 380 40 154
44 326 42 164
46 364 36 167
45 320 43 163
48 325 37 168
47 388 45 156
48 389 46 154
46 328 38 163
49 342 36 173
42 332 37 177
48 325 37 168
45 330 44 160
49 380 40 154
50 350 44 158
50 361 39 158
45 332 39 159
45 355 36 171
45 355 36 171
43 329 43 168
50 375 40 156
48 341 38 162
42 322 42 169
45 355 36 171
42 332 37 177
45 355 36 171
50 361 39 158
49 369 40 157
47 351 36 165
49 342 36 173
49 342 36 173
43 329 43 168
45 320 43 163
47 351 36 165
47 379 46 155
50 361 39 158
46 364 36 167
47 388 45 156
45 340 37 164
46 328 38 163
48 341 38 162
44 326 42 164
45 332 39 159
49 369 40 157
50 361 39 158
43 329 43 168
51 370 42 153
45 332 39 159
48 341 38 162
46 381 46 156
47 376 46 156
45 340 37 164
49 380 40 154
44 359 36 169
47 351 36 165
45 330 44 160
46 328 38 163
47 344 45 158
43 347 43 161
51 370 42 153
49 342 36 173
44 326 42 164
51 370 42 153
54 383 38 160
47 325 40 163
50 361 39 158
50 361 39 158
48 389 46 154
43 329 43 168
48 376 45 155
45 333 37 166
52 348 42 158
48 341 38 162
45 354 38 161
51 370 42 153
46 328 38 163
43 347 43 161
45 354 38 161
45 333 37 166
43 347 43 161
48 376 45 155
51 370 42 153
45 355 36 171
42 322 42 169
44 326 42 164
45 330 44 160
45 330 44 160
50 350 44 158
51 370 42 153
44 359 36 169
49 342 36 173
51 370 42 153
45 340 37 164
47 344 45 158
42 322 42 169
49 369 40 157
42 332 37 177
48 389 46 154
47 325 40 163
47 351 36 165
54 384 37 163
51 370 42 153
52 390 38 160
