383 4.2771
44 325 39 164
45 320 39 164
44 343 40 163
49 349 40 162
45 326 40 163
48 363 40 162
47 321 40 163
45 369 39 163
47 356 39 163
46 317 40 167
49 364 38 168
48 379 38 168
50 358 38 168
45 318 40 167
49 354 39 163
47 335 42 162
47 366 38 169
52 392 42 161
44 327 39 164
50 359 40 162
51 359 38 168
48 386 38 168
46 320 40 164
44 350 40 163
45 320 39 168
49 381 40 162
45 377 39 163
45 324 39 164
50 371 38 168
45 330 40 163
49 322 39 164
49 365 39 163
46 326 40 163
47 323 39 164
46 371 39 163
47 368 39 163
47 369 38 171
49 351 42 162
50 350 42 162
58 427 42 161
47 322 40 163
47 322 40 163
44 328 39 164
53 361 40 162
44 354 40 163
45 325 39 164
50 382 40 162
50 322 40 163
50 323 39 164
46 372 39 163
45 331 40 163
50 365 39 163
51 374 40 162
49 322 40 164
47 326 40 163
47 369 39 163
48 324 40 164
46 328 40 163
51 373 38 168
50 351 42 162
47 322 39 168
59 428 42 161
58 430 42 161
62 463 45 165
70 539 57 176
62 529 57 173
73 546 57 180
63 498 39 168
79 578 56 184
72 568 51 169
56 454 56 180
70 529 62 193
72 548 40 167
70 547 51 176
78 610 56 174
63 528 44 180
69 541 51 173
78 622 69 176
72 547 69 182
70 488 62 178
78 592 62 189
64 490 56 184
73 547 56 184
58 446 40 166
59 493 39 165
68 571 56 173
60 496 45 173
61 461 56 186
67 460 56 181
75 520 69 181
64 495 45 179
63 502 57 174
83 654 75 190
64 520 51 172
70 538 57 185
69 539 45 174
65 522 55 192
77 611 45 170
97 857 50 180
57 484 50 181
72 544 51 172
55 471 39 167
68 534 45 174
73 576 51 178
83 576 56 178
67 551 50 178
76 579 63 175
74 526 57 176
65 484 51 177
60 457 45 164
71 584 63 182
88 670 63 180
78 606 57 169
67 495 57 180
65 522 51 181
73 585 56 185
59 454 45 171
77 546 63 172
72 549 63 178
68 514 50 178
61 470 57 181
72 561 63 188
65 526 51 176
68 517 51 177
70 526 57 167
64 542 57 173
68 490 57 174
58 464 45 175
73 509 57 182
60 454 51 182
82 684 57 181
74 540 56 178
69 563 63 185
69 503 51 166
60 490 45 168
72 614 63 184
64 404 57 177
83 579 63 175
64 502 45 173
77 629 49 174
69 461 45 169
62 491 51 174
60 474 50 186
66 539 62 187
66 510 62 184
77 599 57 173
62 470 51 166
66 494 57 181
63 456 45 172
72 552 63 186
70 567 51 171
86 622 69 188
70 514 63 172
66 555 57 186
61 439 45 173
84 643 63 167
76 580 63 183
62 483 44 171
65 445 57 175
80 614 63 174
73 578 62 185
75 566 46 175
67 518 55 187
72 538 63 179
83 611 45 172
87 730 68 184
67 479 51 180
72 550 51 173
69 608 51 176
85 645 56 184
69 469 57 177
70 532 56 184
70 568 57 182
71 531 57 176
65 510 51 177
75 538 57 175
59 447 46 177
61 480 45 166
74 532 57 174
65 521 45 170
81 631 56 190
60 451 45 172
59 439 57 170
81 522 57 176
63 508 45 167
76 603 57 172
65 490 56 176
68 559 57 184
73 584 61 184
77 578 63 177
71 488 63 176
79 635 41 177
58 437 57 175
68 536 50 182
52 386 41 182
74 490 63 175
66 532 51 178
65 454 63 184
73 546 51 172
77 544 51 174
68 515 63 174
65 511 45 169
62 474 45 166
59 453 57 170
69 561 44 184
70 456 56 169
61 474 57 168
65 571 39 170
61 516 56 187
59 482 46 176
67 556 57 186
65 569 45 175
71 458 45 170
81 663 69 193
81 621 57 183
67 586 57 179
68 539 63 189
67 478 45 177
63 560 51 180
63 463 45 173
61 497 45 174
62 508 41 177
77 670 56 182
57 438 44 178
63 445 50 173
75 600 75 180
66 534 57 175
77 584 57 169
61 457 40 171
61 500 51 171
75 610 57 183
61 521 57 184
62 439 51 177
77 598 51 168
70 556 57 172
74 615 63 184
69 524 51 172
73 522 43 176
65 514 63 174
63 528 45 165
62 455 51 167
82 684 63 186
59 476 45 169
71 561 56 185
65 500 51 167
78 558 63 177
62 480 51 177
78 538 62 187
64 477 57 176
70 533 51 175
81 535 63 166
69 571 51 172
63 499 51 183
68 547 51 166
73 502 51 179
87 624 63 176
80 609 56 184
80 683 56 186
77 590 56 183
56 403 45 173
66 445 51 177
63 482 57 176
64 484 51 171
70 557 51 166
60 477 50 178
70 567 50 187
76 633 51 181
70 478 50 183
60 485 56 179
59 453 45 173
61 471 45 175
59 485 45 165
58 485 50 172
73 524 62 193
67 548 45 180
64 489 62 174
83 674 50 177
66 498 56 181
63 495 42 166
76 584 50 181
68 549 51 170
60 495 45 177
76 570 57 176
69 510 63 178
69 510 50 169
73 563 68 184
64 449 57 172
62 476 45 175
79 622 62 184
65 531 45 186
72 517 57 182
68 518 45 175
66 488 45 169
68 539 57 174
66 520 56 185
61 479 51 175
73 526 51 174
64 480 51 173
66 535 57 178
76 577 69 191
