112490 1248.19
54 293 42 153
54 290 40 154
54 290 40 154
49 301 42 153
48 301 40 154
48 293 46 153
46 301 46 153
46 295 46 154
50 297 42 153
49 301 42 153
48 291 46 154
50 297 42 153
50 295 40 154
48 293 46 153
48 291 46 154
50 295 40 154
48 301 40 154
47 295 46 153
47 295 46 153
46 301 46 153
54 293 42 153
54 293 42 153
54 293 42 153
54 293 42 153
54 293 42 153
54 293 42 153
54 293 42 153
54 293 42 153
54 293 42 153
54 293 42 153
54 293 42 153
54 293 42 153
54 293 42 153
54 293 42 153
54 293 42 153
54 293 42 153
54 293 42 153
54 293 42 153
54 293 42 153
54 293 42 153
54 293 42 153
54 293 42 153
54 293 42 153
54 293 42 153
54 293 42 153
54 293 42 153
54 293 42 153
54 293 42 153
54 293 42 153
54 293 42 153
54 293 42 153
54 293 42 153
54 293 42 153
54 293 42 153
54 293 42 153
54 293 42 153
54 293 42 153
54 293 42 153
54 293 42 153
54 293 42 153
54 293 42 153
54 293 42 153
54 293 42 153
54 293 42 153
54 293 42 153
54 293 42 153
54 293 42 153
54 293 42 153
54 293 42 153
54 293 42 153
54 293 42 153
54 293 42 153
54 293 42 153
54 293 42 153
54 293 42 153
54 293 42 153
54 293 42 153
54 293 42 153
54 293 42 153
54 293 42 153
54 293 42 153
54 293 42 153
54 293 42 153
54 293 42 153
54 293 42 153
54 293 42 153
54 293 42 153
54 293 42 153
54 293 42 153
54 293 42 153
54 293 42 153
54 293 42 153
54 293 42 153
54 293 42 153
54 293 42 153
54 293 42 153
54 293 42 153
54 293 42 153
54 293 42 153
54 293 42 153
54 293 42 153
54 293 42 153
54 293 42 153
54 293 42 153
54 293 42 153
54 293 42 153
54 293 42 153
54 293 42 153
54 293 42 153
54 293 42 153
54 293 42 153
54 293 42 153
54 293 42 153
54 293 42 153
54 293 42 153
54 293 42 153
54 293 42 153
54 293 42 153
54 293 42 153
54 293 42 153
54 293 42 153
54 293 42 153
54 293 42 153
54 293 42 153
54 293 42 153
54 293 42 153
54 293 42 153
54 293 42 153
54 293 42 153
54 293 42 153
54 293 42 153
54 293 42 153
54 293 42 153
54 293 42 153
54 293 42 153
54 293 42 153
54 293 42 153
54 293 42 153
54 293 42 153
54 293 42 153
54 293 42 153
54 293 42 153
54 293 42 153
54 293 42 153
54 293 42 153
54 293 42 153
54 293 42 153
54 293 42 153
54 293 42 153
54 293 42 153
54 293 42 153
54 293 42 153
54 293 42 153
54 293 42 153
54 293 42 153
54 293 42 153
54 293 42 153
54 293 42 153
54 293 42 153
54 293 42 153
54 293 42 153
54 293 42 153
54 293 42 153
54 293 42 153
54 293 42 153
54 293 42 153
54 293 42 153
54 293 42 153
54 293 42 153
54 293 42 153
54 293 42 153
54 293 42 153
54 293 42 153
54 293 42 153
54 293 42 153
54 293 42 153
54 293 42 153
54 293 42 153
54 293 42 153
54 293 42 153
54 293 42 153
54 293 42 153
54 293 42 153
54 293 42 153
54 293 42 153
54 293 42 153
54 293 42 153
54 293 42 153
54 293 42 153
54 293 42 153
54 293 42 153
54 293 42 153
54 293 42 153
54 293 42 153
54 293 42 153
54 293 42 153
54 293 42 153
54 293 42 153
54 293 42 153
54 293 42 153
54 293 42 153
54 293 42 153
54 293 42 153
54 293 42 153
54 293 42 153
54 293 42 153
54 293 42 153
54 293 42 153
54 293 42 153
54 293 42 153
54 293 42 153
54 293 42 153
54 293 42 153
54 293 42 153
54 293 42 153
54 290 40 154
54 290 40 154
54 290 40 154
54 290 40 154
50 295 40 154
49 301 42 153
49 301 42 153
48 293 46 153
48 291 46 154
47 295 46 153
54 294 42 153
54 291 40 154
54 291 40 154
50 299 42 153
54 294 42 153
54 294 42 153
55 294 42 153
54 292 40 154
54 292 40 154
50 319 46 153
50 307 46 154
54 296 42 153
54 296 42 153
54 296 42 153
54 296 42 153
55 295 42 153
54 297 42 153
54 297 42 153
54 293 40 154
55 295 42 153
54 297 42 153
54 297 42 153
54 297 42 153
60 297 46 153
54 299 42 153
54 298 46 153
54 298 40 154
54 297 46 154
60 297 46 153
54 299 42 153
60 297 46 154
56 301 40 154
54 300 42 153
54 300 42 153
56 306 40 154
55 300 42 153
54 301 42 153
56 309 40 154
55 311 42 153
54 301 46 153
56 301 42 153
56 301 42 153
56 301 42 153
57 301 42 153
56 310 40 154
55 312 42 153
56 302 42 153
56 303 42 153
57 305 42 153
56 306 42 153
56 305 46 153
58 306 42 154
56 307 42 153
56 307 42 153
56 307 42 153
56 307 42 153
56 307 42 153
56 308 42 153
56 309 42 153
56 309 42 153
57 309 42 153
57 309 42 153
56 314 42 153
57 310 42 153
57 310 42 153
56 315 46 153
57 313 42 153
56 317 46 153
57 315 42 153
58 315 42 153
58 315 42 153
57 323 42 153
57 317 46 153
60 319 46 155
57 329 42 153
54 293 42 153
48 290 46 153
46 301 46 153
46 275 44 158
44 349 36 165
43 301 36 166
42 307 36 166
42 284 37 165
45 325 40 154
44 349 36 165
54 290 40 154
53 284 39 158
52 283 38 162
48 307 37 163
47 310 36 165
46 290 42 154
44 295 44 159
44 285 40 163
42 302 38 161
52 278 40 159
50 294 42 153
43 307 39 159
43 286 38 163
46 314 42 153
44 318 40 155
43 322 39 158
43 322 39 158
43 305 38 160
47 285 45 155
47 285 44 157
46 283 46 155
45 286 45 157
49 296 40 154
48 279 40 159
47 313 42 153
45 283 39 159
54 280 40 155
53 278 40 157
49 289 40 156
43 295 37 164
54 280 40 155
53 278 40 157
50 283 40 155
49 279 40 157
47 275 45 157
42 307 36 166
52 278 40 159
47 288 37 164
47 287 38 160
47 281 39 161
45 325 40 154
44 307 40 156
44 302 40 157
43 295 38 162
44 318 40 155
48 299 42 153
47 313 42 153
46 297 40 154
45 325 36 165
45 302 40 155
47 310 36 165
47 277 45 156
47 275 45 157
44 300 39 160
44 291 39 161
43 308 37 163
43 305 38 160
54 282 42 154
50 292 40 154
49 295 42 153
49 288 42 154
49 285 39 158
49 281 42 156
49 279 40 157
48 293 40 155
48 286 46 154
47 287 40 157
47 287 38 160
47 281 39 161
47 280 38 163
47 277 45 156
46 314 42 153
46 301 46 153
46 294 40 155
46 282 37 165
45 296 40 156
45 292 39 158
45 290 38 160
45 289 40 157
45 288 45 156
43 308 37 163
43 301 36 166
54 293 42 153
54 293 42 153
54 293 42 153
54 293 42 153
54 293 42 153
54 293 42 153
54 293 42 153
54 293 42 153
54 293 42 153
54 293 42 153
54 293 42 153
54 293 42 153
54 293 42 153
54 293 42 153
54 293 42 153
54 293 42 153
54 293 42 153
54 293 42 153
54 293 42 153
54 293 42 153
54 293 42 153
54 293 42 153
54 293 42 153
54 293 42 153
54 293 42 153
54 293 42 153
54 293 42 153
54 293 42 153
54 293 42 153
54 293 42 153
54 293 42 153
54 293 42 153
54 293 42 153
54 293 42 153
54 293 42 153
54 293 42 153
54 293 42 153
54 293 42 153
54 293 42 153
54 293 42 153
54 293 42 153
54 293 42 153
54 293 42 153
54 293 42 153
54 293 42 153
54 293 42 153
54 293 42 153
54 293 42 153
54 293 42 153
54 293 42 153
54 293 42 153
54 293 42 153
54 293 42 153
54 293 42 153
54 293 42 153
54 293 42 153
54 293 42 153
54 293 42 153
54 293 42 153
54 293 42 153
54 293 42 153
54 293 42 153
54 293 42 153
54 293 42 153
54 293 42 153
54 293 42 153
54 293 42 153
54 293 42 153
54 293 42 153
54 293 42 153
54 293 42 153
54 293 42 153
54 293 42 153
54 293 42 153
54 293 42 153
54 293 42 153
54 293 42 153
54 293 42 153
54 293 42 153
54 293 42 153
54 290 40 154
54 290 40 154
54 291 40 154
54 290 42 154
48 301 40 154
48 293 46 153
51 294 42 153
50 297 42 153
50 297 42 153
54 291 40 154
50 297 42 153
54 296 40 154
54 294 42 153
54 292 40 155
51 301 40 154
50 299 42 153
50 299 42 153
50 299 42 153
55 294 42 153
55 294 42 153
54 299 40 154
50 305 42 153
51 299 42 153
54 296 42 153
54 296 42 153
55 294 42 153
54 296 42 153
54 296 42 153
54 296 42 153
54 296 42 153
54 296 42 153
54 296 42 153
54 296 42 153
54 296 42 153
56 296 42 153
55 302 40 154
55 294 42 155
54 297 46 153
51 301 42 153
54 296 42 154
52 299 42 153
56 295 42 154
55 298 42 153
55 298 42 153
56 305 40 154
56 303 40 155
55 295 42 155
54 297 46 154
51 305 42 153
51 303 46 154
54 299 42 153
51 305 42 153
57 310 40 154
56 315 40 154
56 312 40 156
54 301 42 153
54 299 42 155
51 310 42 153
51 310 42 153
62 324 40 154
60 323 40 155
58 330 40 154
56 301 42 153
56 301 42 153
51 311 42 153
54 305 42 153
53 310 42 153
58 333 40 154
57 301 42 153
55 305 46 153
52 321 42 153
57 301 42 153
56 305 42 154
55 306 42 153
60 338 40 154
57 302 42 153
53 327 42 153
55 309 42 153
56 306 42 153
55 309 42 153
66 371 40 154
59 302 42 153
56 307 42 153
58 303 42 153
57 307 42 153
56 309 42 153
56 309 42 153
56 308 46 154
56 309 42 153
56 309 42 153
56 309 42 153
60 308 42 153
57 309 42 153
56 310 42 153
58 309 42 153
56 311 42 153
56 311 42 153
62 311 42 153
58 312 42 153
57 315 42 153
56 318 42 153
56 318 42 153
56 311 42 155
62 311 42 155
60 314 46 153
56 319 42 153
58 315 42 153
57 318 42 153
63 317 42 153
60 319 46 155
56 321 42 153
62 321 42 153
57 324 42 153
56 321 42 155
64 322 42 153
62 321 46 155
58 334 42 153
57 332 46 153
61 335 42 153
61 335 42 153
60 341 42 153
66 338 42 153
61 339 46 155
60 354 42 153
62 340 42 153
64 345 42 153
62 365 42 153
65 358 42 153
54 293 42 153
48 290 46 153
46 301 46 153
46 275 44 158
44 349 36 165
43 301 36 166
42 307 36 166
42 284 37 165
45 325 40 154
44 349 36 165
54 290 40 154
53 284 39 158
52 283 38 162
48 307 37 163
47 310 36 165
44 295 44 159
46 290 42 154
44 285 40 163
42 302 38 161
52 278 40 159
50 294 42 153
43 307 39 159
43 286 38 163
46 314 42 153
44 318 40 155
43 322 39 158
43 322 39 158
44 302 40 157
47 285 45 155
47 285 44 157
46 285 46 155
45 286 45 157
49 295 42 153
48 279 40 159
47 313 42 153
45 283 39 159
54 280 40 155
53 278 40 157
49 281 42 156
47 288 37 164
46 290 37 164
45 288 45 156
44 297 38 162
43 305 38 160
54 280 40 155
53 278 40 157
50 283 40 155
49 279 40 157
47 275 45 157
42 307 36 166
52 278 40 159
47 287 38 160
47 281 40 161
45 325 40 154
44 318 40 155
47 313 42 153
45 325 36 165
45 304 40 155
43 308 37 163
47 310 36 165
47 298 40 154
47 277 45 156
47 275 45 157
45 296 40 156
44 300 40 159
44 291 39 161
43 305 38 160
54 282 42 154
50 292 40 154
50 292 40 154
49 286 42 154
49 285 39 158
49 279 40 157
48 299 42 153
48 294 40 154
48 287 46 154
47 289 40 155
47 281 40 161
47 280 38 163
47 277 45 156
46 314 42 153
46 301 46 153
46 299 40 154
46 297 39 158
46 293 40 155
46 287 38 162
46 282 37 165
45 289 40 157
43 301 36 166
54 293 42 153
54 293 42 153
54 293 42 153
54 293 42 153
54 293 42 153
54 293 42 153
54 293 42 153
54 293 42 153
54 293 42 153
54 293 42 153
54 293 42 153
54 293 42 153
54 293 42 153
54 293 42 153
54 293 42 153
54 293 42 153
54 293 42 153
54 293 42 153
54 293 42 153
54 293 42 153
54 293 42 153
54 293 42 153
54 293 42 153
54 293 42 153
54 293 42 153
54 293 42 153
54 293 42 153
54 293 42 153
54 293 42 153
54 293 42 153
54 293 42 153
54 293 42 153
54 293 42 153
54 293 42 153
54 293 42 153
54 293 42 153
54 293 42 153
54 293 42 153
54 293 42 153
54 293 42 153
54 293 42 153
54 293 42 153
54 293 42 153
54 293 42 153
54 293 42 153
54 293 42 153
54 293 42 153
54 293 42 153
54 293 42 153
54 293 42 153
54 293 42 153
54 293 42 153
54 293 42 153
54 293 42 153
54 293 42 153
54 293 42 153
54 293 42 153
54 293 42 153
54 293 42 153
54 293 42 153
54 293 42 153
54 293 42 153
54 293 42 153
54 293 42 153
54 293 42 153
54 293 42 153
54 293 42 153
54 293 42 153
54 293 42 153
54 293 42 153
54 293 42 153
54 293 42 153
54 293 42 153
54 293 42 153
54 293 42 153
54 293 42 153
54 293 42 153
54 293 42 153
54 293 42 153
54 293 42 153
54 293 42 153
54 293 42 153
54 293 42 153
54 293 42 153
54 290 40 154
54 290 40 154
54 290 40 154
54 290 40 154
54 290 40 154
54 291 40 154
51 294 42 153
50 297 42 153
50 297 42 153
50 295 40 154
55 294 42 153
54 292 40 154
54 292 40 154
50 299 42 153
50 299 40 154
51 298 42 153
54 296 42 153
54 296 42 153
54 296 42 153
54 296 42 153
54 296 42 153
54 296 42 153
54 296 42 153
54 296 42 153
54 296 42 153
54 297 42 153
54 295 40 154
51 301 42 153
50 305 40 154
51 302 40 154
55 297 42 153
54 296 40 154
53 314 42 153
52 313 40 154
54 299 42 153
54 299 42 153
56 297 42 153
54 302 42 153
54 298 40 154
53 321 40 154
55 300 42 153
56 299 40 154
56 298 42 153
55 343 40 154
55 303 42 153
59 302 40 154
56 307 40 154
56 301 42 153
56 301 42 153
55 306 42 153
58 305 40 154
56 301 42 153
60 303 42 153
60 302 40 154
56 309 40 154
55 310 42 153
58 307 40 154
56 304 42 153
59 303 40 154
60 303 42 153
60 303 42 153
60 303 42 153
60 303 42 153
60 303 42 153
60 305 40 154
60 305 40 154
57 316 40 154
56 307 42 153
55 312 42 153
59 312 40 154
56 307 42 153
56 307 42 153
56 307 42 153
60 308 40 154
57 334 40 155
56 310 42 153
55 315 42 153
59 317 40 154
56 310 42 153
56 310 42 153
60 314 40 154
59 321 40 154
56 311 42 153
55 322 42 153
60 322 40 154
56 313 42 153
61 325 40 154
56 314 42 153
61 326 40 154
56 315 42 153
69 374 40 154
62 345 40 155
58 315 42 153
57 325 46 153
57 318 42 154
58 315 42 153
57 330 42 153
58 315 42 153
63 315 42 153
58 316 42 153
57 333 42 153
57 319 42 154
58 317 42 153
57 343 42 153
58 318 42 153
58 318 42 153
59 319 42 153
58 333 42 153
58 319 42 154
63 321 42 153
62 323 42 153
59 324 42 153
58 389 42 156
60 329 42 153
59 331 42 153
62 329 42 153
60 331 42 153
63 332 42 153
60 338 42 153
64 337 42 153
61 338 42 153
60 341 42 153
61 340 42 153
61 341 42 153
62 349 46 155
61 360 42 153
63 364 42 153
