74677 3600.06
48 299 42 153
47 302 42 153
47 302 42 153
45 302 45 155
44 285 38 162
44 285 38 162
44 293 44 158
48 297 40 154
44 293 44 158
44 289 40 159
48 297 40 154
45 294 45 156
45 292 39 159
47 299 40 154
46 298 42 154
45 286 40 159
45 302 45 155
46 293 42 155
44 285 39 161
46 289 40 156
46 295 40 155
46 289 40 156
45 291 39 160
45 286 40 159
46 298 42 154
45 291 40 157
44 285 39 161
45 291 40 157
45 291 39 160
46 295 40 155
46 293 42 155
45 294 45 156
45 292 39 159
48 299 42 153
48 299 42 153
48 299 42 153
48 299 42 153
48 299 42 153
48 299 42 153
48 299 42 153
48 299 42 153
48 299 42 153
48 299 42 153
48 299 42 153
48 299 42 153
48 299 42 153
48 299 42 153
48 299 42 153
48 299 42 153
48 299 42 153
48 299 42 153
48 299 42 153
48 299 42 153
48 299 42 153
48 299 42 153
48 299 42 153
48 299 42 153
48 299 42 153
48 299 42 153
48 299 42 153
48 299 42 153
48 299 42 153
48 299 42 153
48 299 42 153
48 299 42 153
48 299 42 153
48 299 42 153
48 299 42 153
48 299 42 153
48 299 42 153
48 299 42 153
48 299 42 153
48 299 42 153
48 299 42 153
48 299 42 153
48 299 42 153
48 299 42 153
48 299 42 153
48 299 42 153
48 299 42 153
48 299 42 153
48 299 42 153
48 299 42 153
48 299 42 153
48 299 42 153
48 299 42 153
48 299 42 153
48 299 42 153
48 299 42 153
48 299 42 153
48 299 42 153
48 299 42 153
48 299 42 153
48 299 42 153
48 299 42 153
48 299 42 153
48 299 42 153
48 299 42 153
48 299 42 153
48 299 42 153
48 299 42 153
48 299 42 153
48 299 42 153
48 299 42 153
48 299 42 153
48 299 42 153
48 299 42 153
48 299 42 153
48 299 42 153
48 299 42 153
48 299 42 153
48 299 42 153
48 299 42 153
48 299 42 153
48 299 42 153
48 299 42 153
48 299 42 153
48 299 42 153
48 299 42 153
48 299 42 153
48 299 42 153
48 299 42 153
48 299 42 153
48 299 42 153
48 299 42 153
48 299 42 153
48 299 42 153
48 299 42 153
48 299 42 153
48 299 42 153
48 299 42 153
48 299 42 153
48 299 42 153
48 299 42 153
48 299 42 153
48 299 42 153
48 299 42 153
48 299 42 153
48 299 42 153
48 299 42 153
48 299 42 153
48 299 42 153
48 299 42 153
48 299 42 153
48 299 42 153
48 299 42 153
48 299 42 153
48 299 42 153
48 299 42 153
48 299 42 153
48 299 42 153
48 299 42 153
48 299 42 153
48 299 42 153
48 299 42 153
48 299 42 153
48 299 42 153
48 299 42 153
48 299 42 153
48 299 42 153
48 299 42 153
48 299 42 153
48 299 42 153
48 299 42 153
48 299 42 153
48 299 42 153
48 299 42 153
48 299 42 153
48 299 42 153
48 299 42 153
48 299 42 153
48 299 42 153
48 299 42 153
48 299 42 153
48 299 42 153
48 299 42 153
48 299 42 153
48 299 42 153
48 299 42 153
48 299 42 153
48 299 42 153
48 299 42 153
48 299 42 153
48 299 42 153
48 299 42 153
48 299 42 153
48 299 42 153
48 299 42 153
48 299 42 153
48 299 42 153
48 299 42 153
48 299 42 153
48 299 42 153
48 299 42 153
48 299 42 153
48 299 42 153
48 299 42 153
48 299 42 153
48 299 42 153
48 299 42 153
48 299 42 153
48 299 42 153
48 299 42 153
48 299 42 153
48 299 42 153
48 299 42 153
48 299 42 153
48 299 42 153
48 299 42 153
48 299 42 153
48 299 42 153
48 299 42 153
48 299 42 153
48 299 42 153
48 299 42 153
48 299 42 153
48 299 42 153
48 299 42 153
48 299 42 153
48 299 42 153
48 299 42 153
48 299 42 153
48 299 42 153
48 299 42 153
48 299 42 153
48 299 42 153
48 299 42 153
48 299 42 153
48 299 42 153
48 299 42 153
48 299 42 153
48 299 42 153
48 299 42 153
48 299 42 153
48 299 42 153
48 299 42 153
48 299 42 153
48 299 42 153
48 297 40 154
48 297 40 154
48 297 40 154
48 297 40 154
48 297 40 154
48 297 40 154
48 297 40 154
48 297 40 154
48 297 40 154
48 297 40 154
48 297 40 154
48 297 40 154
48 297 40 154
48 297 40 154
47 302 42 153
47 302 42 153
47 302 42 153
47 302 42 153
47 299 40 154
47 299 40 154
47 299 40 154
47 299 40 154
47 299 40 154
46 298 42 154
46 298 42 154
46 295 40 155
46 293 42 155
46 293 42 155
46 293 42 155
46 293 42 155
46 289 40 156
46 289 40 156
45 294 45 156
45 292 39 159
45 291 40 157
44 285 39 161
44 285 38 162
48 303 42 153
46 295 40 159
47 297 40 156
46 297 42 155
46 301 40 155
48 298 42 154
48 298 42 154
48 298 42 154
48 298 42 154
51 322 40 155
51 312 42 153
51 312 42 153
47 300 40 158
46 297 42 156
48 300 40 157
47 306 40 157
47 300 42 155
48 299 42 155
51 312 42 153
47 300 42 155
47 300 42 155
48 298 42 156
47 301 42 155
47 300 42 157
47 297 45 156
