3 0.0415053
75 573 69 200
86 668 63 202
86 668 63 202
96 731 92 196
75 561 67 201
76 604 73 200
64 554 61 194
69 531 68 201
81 600 73 211
88 543 85 219
72 576 67 202
77 570 67 208
77 585 72 200
75 567 68 194
71 563 67 199
79 584 51 196
81 599 74 201
75 629 56 216
79 603 53 201
74 550 74 202
93 731 52 212
74 561 62 214
85 573 73 206
70 579 62 196
70 490 44 197
61 534 50 198
70 490 44 197
75 592 68 207
76 535 58 195
75 648 72 202
93 609 73 193
77 601 67 213
62 452 61 200
72 547 61 205
75 556 61 200
66 554 60 202
76 631 68 199
79 593 69 197
84 544 79 211
86 603 74 214
77 628 63 193
69 522 54 197
85 602 85 197
76 563 66 204
83 614 80 210
70 503 62 204
82 615 58 201
63 577 61 206
81 610 78 206
69 518 51 193
77 570 56 191
77 572 63 197
69 574 56 206
66 564 61 208
89 616 87 201
68 533 68 199
74 590 66 205
69 574 56 206
80 585 73 211
75 573 69 200
73 547 56 197
77 578 60 198
77 678 67 220
68 583 61 208
64 566 56 208
79 636 69 194
83 589 56 198
66 547 62 215
61 534 56 198
74 579 74 206
83 554 66 210
88 614 78 216
79 591 56 202
69 531 68 201
69 614 66 222
67 506 50 195
85 701 67 197
71 563 67 199
86 569 84 197
65 545 62 203
84 636 55 207
77 573 61 204
64 554 61 194
69 559 55 208
85 610 58 209
81 599 74 201
67 566 67 195
80 594 55 201
65 506 56 189
76 563 66 204
74 565 56 200
75 611 60 207
82 591 62 197
77 622 62 204
77 678 67 220
88 618 85 210
80 574 79 204
72 593 66 202
67 550 61 207
86 620 86 206
80 613 63 208
74 561 62 214
70 557 60 191
78 546 55 217
74 619 67 221
76 567 75 206
67 566 67 195
75 571 67 200
74 590 66 205
74 548 67 222
84 539 73 208
70 554 62 202
65 506 56 189
70 579 56 196
85 610 58 209
81 603 73 205
77 600 75 204
84 608 84 222
72 621 56 207
78 525 73 217
78 669 67 197
85 610 80 190
76 585 63 203
71 574 61 213
72 537 61 200
88 612 73 209
75 576 75 202
83 611 61 206
88 543 85 219
81 533 78 206
84 590 69 199
86 569 73 196
81 548 80 198
75 648 72 202
69 614 66 222
83 701 62 194
66 548 66 203
75 591 60 198
77 572 74 209
79 531 78 205
73 545 60 206
89 616 80 212
79 593 69 197
78 540 76 194
75 557 44 190
68 504 60 198
79 587 61 206
72 598 68 214
81 603 73 205
75 581 69 197
66 548 66 203
72 527 72 206
84 640 68 210
90 572 85 204
69 518 51 193
61 534 50 198
82 692 79 190
85 614 85 213
71 552 67 202
74 559 67 208
67 522 63 202
65 553 56 212
78 557 66 203
74 550 74 202
88 618 85 210
78 658 49 196
72 593 66 202
79 531 78 207
67 501 51 197
72 621 56 207
74 572 56 205
81 610 78 206
76 598 72 226
75 648 72 202
68 533 68 199
99 566 92 208
52 425 45 186
74 520 62 203
72 591 62 205
75 581 69 197
86 661 85 192
80 585 73 211
74 645 56 209
72 537 61 200
75 561 67 201
66 554 60 202
86 661 85 192
80 578 72 204
67 550 61 207
88 612 73 209
77 585 72 200
73 605 73 214
73 547 56 197
66 547 62 215
62 501 61 200
77 586 62 210
83 554 66 210
75 656 67 221
62 452 61 200
62 501 61 200
71 546 51 206
79 591 56 202
78 563 78 194
75 567 68 194
65 549 61 196
83 606 73 213
70 561 61 195
75 592 68 207
84 590 69 199
70 544 55 194
81 548 80 198
69 522 54 197
79 605 67 197
86 594 86 199
74 548 67 222
74 592 67 199
77 613 73 200
88 604 80 204
79 585 79 209
86 620 86 206
70 557 60 191
78 567 62 205
82 591 62 197
78 525 73 217
94 644 85 211
85 701 67 197
73 585 68 194
81 591 78 226
70 503 62 204
70 544 55 194
99 566 92 208
75 611 60 207
75 595 66 213
71 552 67 202
77 586 62 210
83 588 75 198
70 561 61 195
80 603 75 209
67 484 61 197
75 591 60 198
73 585 68 194
62 547 62 201
65 553 56 212
61 534 56 198
75 609 60 213
64 566 61 205
83 589 56 198
79 617 55 212
88 604 74 190
80 594 55 201
86 569 68 209
73 597 67 200
75 607 68 198
84 544 79 211
79 531 78 207
75 557 44 190
68 504 60 198
76 612 73 221
76 535 58 195
65 545 62 203
87 633 58 209
77 573 61 204
77 645 67 192
75 547 60 197
52 425 45 186
59 467 50 189
78 658 49 196
80 578 72 204
70 554 62 202
72 582 56 182
76 567 75 206
69 559 55 208
88 604 74 190
59 467 50 189
76 585 72 207
84 539 73 208
78 669 67 197
67 484 61 197
77 578 60 198
81 656 74 206
100 685 82 193
74 603 74 207
74 565 56 200
69 544 68 201
71 546 51 206
76 562 67 208
72 547 61 205
74 598 72 210
67 506 50 195
91 623 91 209
79 584 51 196
67 501 51 197
63 534 55 212
75 547 60 197
76 585 72 207
71 621 62 197
88 598 67 202
72 591 62 205
80 637 66 220
82 589 60 207
