87380 1560.24
49 286 46 154
42 274 36 169
40 271 37 166
44 289 36 166
45 297 42 153
50 294 40 154
43 266 37 165
44 291 36 165
43 279 40 157
47 275 44 159
48 278 45 157
48 278 45 157
49 286 46 154
43 282 40 155
49 293 46 153
46 280 40 156
40 271 37 166
46 287 42 154
50 294 40 154
43 270 43 164
45 290 42 154
43 266 37 165
42 270 37 165
41 275 38 162
42 275 39 160
40 281 37 164
42 275 39 160
43 279 40 157
43 278 40 158
42 275 39 160
41 275 37 164
42 272 38 163
42 273 39 161
41 275 38 162
46 280 40 156
41 275 38 162
47 275 44 159
43 270 43 164
47 275 44 159
44 291 36 165
43 282 40 155
42 274 36 169
42 288 37 163
40 281 37 164
43 279 40 157
42 276 36 168
46 280 40 156
45 297 42 153
40 280 36 167
44 289 36 166
45 296 40 154
45 276 40 158
43 278 38 161
43 278 40 158
42 270 37 165
42 272 38 163
42 273 39 161
41 275 37 164
42 279 39 159
40 280 36 167
42 275 39 160
41 275 38 162
43 266 37 165
41 275 38 162
42 275 39 160
42 276 36 168
43 278 40 158
42 273 39 161
43 278 40 158
40 281 37 164
42 273 39 161
45 290 42 154
46 287 42 154
49 293 46 153
43 279 40 157
42 272 38 163
40 271 37 166
42 288 37 163
42 273 39 161
42 275 39 160
45 296 40 154
42 275 39 160
42 272 38 163
44 291 36 165
42 275 39 160
41 275 38 162
41 275 37 164
42 273 39 161
42 272 38 163
41 275 38 162
42 275 39 160
42 273 39 161
42 275 39 160
41 275 38 162
42 275 39 160
42 275 39 160
42 275 39 160
42 273 39 161
41 275 38 162
42 273 39 161
41 275 38 162
42 272 38 163
41 275 37 164
43 279 40 157
42 273 39 161
42 275 39 160
42 275 39 160
43 279 38 160
41 275 38 162
42 275 39 160
42 272 38 163
43 279 40 157
41 275 37 164
42 275 39 160
42 273 39 161
42 275 39 160
43 279 40 157
42 275 39 160
43 279 40 157
42 273 39 161
42 273 39 161
42 273 39 161
42 273 39 161
42 275 39 160
42 275 39 160
42 273 39 161
42 275 39 160
42 273 39 161
43 279 40 157
42 275 39 160
43 279 40 157
42 275 39 160
42 275 39 160
41 275 38 162
42 275 39 160
42 275 39 160
42 275 39 160
42 275 39 160
42 272 38 163
47 275 44 159
42 275 39 160
42 275 39 160
42 275 39 160
42 275 39 160
42 275 39 160
43 278 40 158
42 273 39 161
42 275 39 160
42 279 39 159
42 275 39 160
42 275 39 160
42 275 39 160
43 278 40 158
42 275 39 160
42 275 39 160
42 275 39 160
41 275 37 164
42 275 39 160
42 275 39 160
42 275 39 160
43 279 40 157
42 273 39 161
42 275 39 160
42 275 39 160
42 273 39 161
41 275 38 162
42 275 39 160
42 275 39 160
42 273 39 161
41 275 38 162
43 279 40 157
42 275 39 160
42 275 39 160
41 275 38 162
42 275 39 160
42 272 38 163
42 275 39 160
42 275 39 160
42 273 39 161
42 273 39 161
42 279 39 159
42 270 37 165
43 266 37 165
42 275 39 160
42 275 39 160
41 275 38 162
41 275 37 164
42 275 39 160
42 273 39 161
42 275 39 160
43 278 40 158
43 279 40 157
42 273 39 161
42 275 39 160
42 275 39 160
42 275 39 160
43 278 40 158
42 275 39 160
42 275 39 160
42 279 39 159
42 275 39 160
42 273 39 161
42 273 39 161
43 278 38 161
42 275 39 160
43 278 40 158
43 279 40 157
42 275 39 160
41 275 38 162
42 275 39 160
42 275 39 160
42 275 39 160
43 279 40 157
41 275 38 162
42 273 39 161
41 275 38 162
43 279 40 157
42 275 39 160
42 275 39 160
42 279 39 159
42 275 39 160
41 275 38 162
42 275 39 160
42 273 39 161
43 278 40 158
43 279 40 157
43 279 40 157
42 273 39 161
42 275 39 160
45 290 42 154
42 275 39 160
42 275 39 160
43 279 40 157
41 275 37 164
42 275 39 160
42 275 39 160
42 275 39 160
42 275 39 160
41 275 38 162
42 273 39 161
42 275 39 160
42 275 39 160
45 296 40 154
42 288 37 163
42 272 38 163
43 278 40 158
41 275 37 164
42 275 39 160
45 276 40 158
42 273 39 161
43 279 40 157
42 273 39 161
41 275 37 164
42 275 39 160
42 275 39 160
42 273 39 161
42 272 38 163
42 275 39 160
42 275 39 160
42 275 39 160
42 273 39 161
43 279 40 157
42 275 39 160
43 279 40 157
42 275 39 160
41 275 38 162
42 275 39 160
41 275 38 162
43 279 40 157
42 272 38 163
42 275 39 160
42 275 39 160
43 279 40 157
42 275 39 160
42 275 39 160
42 273 39 161
42 275 39 160
42 275 39 160
42 273 39 161
43 278 40 158
43 278 40 158
42 275 39 160
42 273 39 161
42 275 39 160
42 275 39 160
42 275 39 160
41 275 38 162
42 275 39 160
43 278 40 158
43 278 40 158
42 272 38 163
42 275 39 160
42 272 38 163
42 273 39 161
42 275 39 160
42 275 39 160
43 278 40 158
41 275 38 162
42 275 39 160
41 275 38 162
