278370 3240.34
42 302 36 168
45 286 38 162
44 282 44 164
48 285 40 161
45 287 39 160
43 299 38 162
44 294 39 160
48 324 37 164
42 315 36 166
48 319 42 157
46 288 40 159
43 303 37 166
46 326 42 157
42 314 38 164
42 299 42 167
42 315 39 160
45 291 40 159
46 296 38 161
42 305 42 166
44 313 36 166
45 307 40 158
46 298 39 159
47 335 37 164
43 331 38 161
43 302 37 167
45 301 38 161
45 300 39 159
43 314 36 166
45 336 45 157
45 342 37 164
53 323 37 164
44 287 38 162
44 287 38 162
41 341 36 174
44 310 40 158
46 293 40 158
43 297 38 165
46 293 40 158
44 310 40 158
44 310 40 158
43 297 38 165
43 304 39 159
41 341 36 174
44 307 38 161
43 304 39 159
41 341 36 174
44 307 38 161
42 318 39 159
42 318 39 159
44 288 38 162
44 295 39 160
43 304 37 166
45 303 39 159
43 306 39 160
43 302 38 165
45 290 39 160
46 287 38 162
43 306 38 162
46 288 39 160
46 304 38 161
42 304 36 168
47 301 39 159
42 312 42 166
80 670 69 202
113 769 86 200
72 546 66 201
84 601 67 199
86 630 84 203
83 707 72 198
68 539 62 194
76 583 62 180
87 643 68 194
86 573 72 198
93 638 85 200
99 748 91 203
83 664 73 201
76 519 69 184
98 651 92 204
107 900 91 206
72 604 67 199
107 814 98 211
81 715 73 195
77 600 72 205
78 599 67 190
74 608 61 196
87 619 56 196
95 787 72 181
92 732 79 200
110 858 78 201
89 674 78 212
86 658 69 200
100 699 85 214
111 801 84 217
95 723 79 199
73 527 73 193
91 643 90 202
104 740 84 201
101 874 90 209
64 471 60 187
97 621 91 202
100 666 90 204
98 760 98 208
92 569 86 191
97 742 97 198
72 560 60 201
85 699 60 198
84 635 63 182
64 537 60 192
80 596 69 188
102 678 92 189
102 873 97 209
84 659 68 210
89 635 66 196
110 861 91 214
104 844 84 198
110 707 104 201
95 680 79 208
104 770 99 198
92 682 78 195
97 738 91 207
84 625 73 192
108 918 84 214
88 692 67 203
108 861 86 206
85 560 84 204
94 750 68 205
97 734 84 205
89 771 85 193
109 788 74 188
74 556 61 197
101 789 79 195
89 713 78 207
85 655 78 194
91 725 84 203
75 568 61 188
94 716 85 213
107 798 97 202
74 636 56 179
89 668 73 198
86 634 80 201
94 627 84 202
89 651 84 197
66 527 66 191
102 681 90 211
93 737 91 205
68 590 61 178
89 730 73 203
83 630 73 190
91 723 78 197
91 609 80 194
76 642 74 195
96 710 90 205
73 606 67 181
91 696 91 195
84 620 84 196
78 613 78 195
78 635 67 192
91 625 91 204
87 649 79 199
80 554 72 192
82 617 67 208
71 604 54 192
90 692 73 195
82 642 74 207
81 545 66 202
78 602 78 202
83 656 67 195
73 522 61 184
112 801 102 218
100 687 90 192
84 582 73 193
91 726 79 202
106 751 97 216
83 582 68 185
105 781 90 227
77 595 60 196
86 648 79 200
107 805 85 197
80 603 73 190
98 798 96 214
72 602 66 193
94 701 90 213
86 735 80 200
102 698 102 205
97 748 68 186
68 554 61 193
86 691 85 208
83 715 67 195
113 787 103 205
85 675 80 190
74 632 74 195
68 523 66 182
86 551 86 188
86 612 55 184
98 644 90 191
89 641 87 193
95 751 85 203
105 786 91 196
72 540 67 192
109 882 91 203
95 679 90 207
107 808 92 205
69 513 61 193
98 659 90 203
79 622 72 205
79 686 66 189
90 654 90 208
92 724 85 198
81 656 66 203
85 665 78 189
82 673 72 195
73 607 67 205
80 636 73 184
87 641 84 209
88 675 79 191
80 652 74 187
100 778 86 193
88 655 85 193
90 726 73 193
78 650 78 212
88 678 88 198
104 793 104 213
78 580 78 187
84 701 78 200
73 552 73 204
98 813 97 210
73 577 67 190
97 803 96 220
96 792 92 210
76 598 66 187
72 503 62 181
95 610 84 202
81 692 73 203
81 600 78 194
97 667 72 203
90 600 85 193
85 565 78 200
86 629 73 193
89 745 79 197
87 625 85 196
81 642 72 208
110 736 105 200
94 712 73 205
92 649 85 199
115 794 92 213
104 826 98 207
96 828 80 207
84 754 73 212
84 654 56 191
88 682 80 186
109 796 109 210
103 756 90 212
90 662 76 182
87 650 78 204
93 731 84 203
99 725 99 207
100 783 91 202
104 827 104 201
83 567 78 185
90 674 79 200
94 690 91 208
107 763 102 195
72 551 66 189
72 583 61 188
88 696 75 185
89 619 62 192
82 662 67 192
99 769 91 197
99 767 97 204
86 613 73 213
73 597 73 188
93 705 79 195
100 705 92 200
80 704 78 204
117 840 108 213
98 662 96 222
97 662 84 215
79 613 73 200
116 802 115 215
83 650 73 190
89 712 78 200
89 536 73 201
87 688 79 194
103 814 78 208
107 840 91 199
79 630 79 201
88 685 66 197
77 545 68 184
84 582 84 197
102 677 85 217
106 795 97 215
93 601 90 203
86 632 66 209
92 714 79 201
85 692 67 192
96 744 79 198
76 530 73 197
104 812 98 226
91 655 91 198
93 688 79 206
