12703 209.981
56 325 39 161
56 325 39 161
47 287 46 153
47 287 46 153
46 279 40 156
49 290 42 153
46 282 46 155
46 279 40 156
48 289 40 154
49 285 42 154
49 285 42 154
46 287 46 154
48 284 40 155
48 284 40 155
47 282 46 154
46 287 46 154
48 289 40 154
47 282 46 154
49 290 42 153
46 285 40 155
56 325 39 161
56 325 39 161
56 325 39 161
56 325 39 161
56 325 39 161
49 290 42 153
49 290 42 153
49 290 42 153
49 290 42 153
49 290 42 153
49 290 42 153
49 290 42 153
49 290 42 153
49 290 42 153
49 290 42 153
49 290 42 153
49 290 42 153
49 290 42 153
49 290 42 153
49 290 42 153
49 290 42 153
49 290 42 153
49 290 42 153
49 290 42 153
49 290 42 153
49 290 42 153
49 290 42 153
49 290 42 153
49 290 42 153
49 290 42 153
49 290 42 153
49 290 42 153
49 290 42 153
49 290 42 153
49 290 42 153
49 290 42 153
49 290 42 153
49 290 42 153
49 290 42 153
49 290 42 153
49 290 42 153
49 290 42 153
49 290 42 153
49 290 42 153
49 290 42 153
49 290 42 153
49 290 42 153
49 290 42 153
49 290 42 153
49 290 42 153
49 290 42 153
49 290 42 153
49 290 42 153
49 290 42 153
49 290 42 153
49 290 42 153
49 290 42 153
49 290 42 153
49 290 42 153
49 290 42 153
49 290 42 153
49 290 42 153
49 290 42 153
49 290 42 153
49 290 42 153
49 290 42 153
49 290 42 153
49 290 42 153
49 290 42 153
49 290 42 153
49 290 42 153
49 290 42 153
49 290 42 153
49 290 42 153
49 290 42 153
49 290 42 153
49 290 42 153
49 290 42 153
49 290 42 153
49 290 42 153
49 290 42 153
49 290 42 153
49 290 42 153
49 290 42 153
49 290 42 153
49 290 42 153
49 290 42 153
49 290 42 153
49 290 42 153
49 290 42 153
49 290 42 153
49 290 42 153
49 290 42 153
49 290 42 153
49 290 42 153
49 290 42 153
49 290 42 153
49 290 42 153
49 290 42 153
49 290 42 153
49 290 42 153
49 290 42 153
49 290 42 153
49 290 42 153
49 290 42 153
49 290 42 153
49 290 42 153
49 290 42 153
49 290 42 153
49 290 42 153
49 290 42 153
49 290 42 153
49 290 42 153
49 290 42 153
49 290 42 153
49 290 42 153
49 290 42 153
49 290 42 153
49 290 42 153
49 290 42 153
49 290 42 153
49 290 42 153
49 290 42 153
49 290 42 153
49 290 42 153
49 290 42 153
49 290 42 153
49 290 42 153
49 290 42 153
49 290 42 153
49 290 42 153
49 290 42 153
49 290 42 153
49 290 42 153
49 290 42 153
49 290 42 153
49 290 42 153
49 290 42 153
49 290 42 153
49 290 42 153
49 290 42 153
49 290 42 153
49 290 42 153
49 290 42 153
49 290 42 153
49 290 42 153
49 290 42 153
49 290 42 153
49 290 42 153
49 290 42 153
49 290 42 153
49 290 42 153
49 290 42 153
49 290 42 153
49 290 42 153
49 290 42 153
49 290 42 153
49 290 42 153
49 290 42 153
49 290 42 153
49 290 42 153
49 290 42 153
49 290 42 153
49 290 42 153
49 290 42 153
49 290 42 153
49 290 42 153
49 290 42 153
49 290 42 153
49 290 42 153
49 290 42 153
49 290 42 153
49 290 42 153
49 290 42 153
49 290 42 153
49 290 42 153
49 290 42 153
49 290 42 153
49 290 42 153
49 290 42 153
49 290 42 153
49 290 42 153
49 290 42 153
49 290 42 153
49 285 42 154
49 285 42 154
49 285 42 154
49 285 42 154
49 285 42 154
49 285 42 154
49 285 42 154
49 285 42 154
49 285 42 154
48 289 40 154
48 289 40 154
48 289 40 154
48 289 40 154
48 289 40 154
48 289 40 154
48 289 40 154
48 289 40 154
48 289 40 154
48 289 40 154
48 289 40 154
48 284 40 155
48 284 40 155
48 284 40 155
48 284 40 155
47 287 46 153
47 287 46 153
47 287 46 153
47 287 46 153
47 287 46 153
47 282 46 154
47 282 46 154
47 282 46 154
46 287 46 154
46 282 46 155
46 279 40 156
46 279 40 156
57 326 39 161
49 285 42 155
48 301 46 153
46 293 46 155
49 291 42 153
48 286 40 156
47 288 40 155
48 290 40 154
49 289 42 154
48 290 40 154
63 333 40 154
49 294 42 153
49 292 40 156
49 290 42 154
48 294 40 156
48 293 46 155
51 290 40 155
49 290 42 154
49 290 42 154
49 290 42 154
49 290 42 154
51 292 40 155
50 294 42 153
50 294 42 153
49 290 42 155
50 294 42 153
50 294 42 153
50 294 42 153
50 294 42 153
56 312 40 155
52 298 40 157
51 303 42 153
49 292 46 155
49 291 46 156
52 301 42 153
50 294 42 154
52 301 42 153
52 301 42 153
57 335 41 160
51 303 46 153
50 295 42 154
53 302 42 153
51 304 42 153
56 304 42 153
54 305 42 155
53 306 42 154
52 311 42 153
54 306 42 154
53 314 42 153
53 314 42 153
60 323 42 153
60 323 42 153
54 326 42 153
53 316 42 154
60 329 42 153
60 323 42 154
59 352 42 153
54 322 42 158
62 331 42 153
56 327 42 159
49 290 42 153
47 287 46 153
46 293 46 153
45 349 40 154
44 286 36 169
44 275 43 164
41 326 36 168
42 299 42 168
48 345 36 165
48 289 40 154
43 334 38 160
43 331 40 158
43 296 43 163
47 327 37 163
49 287 37 164
47 278 38 160
43 302 39 161
42 300 38 166
47 280 39 158
41 334 37 165
48 345 36 165
46 324 36 166
44 325 40 155
43 283 37 167
42 313 36 167
49 287 37 164
48 284 42 154
47 277 39 161
46 277 38 162
45 275 44 161
41 334 37 165
45 280 45 157
45 276 44 158
45 315 39 158
44 323 39 158
42 304 36 169
41 334 36 167
46 282 46 155
46 278 45 156
44 275 44 162
44 275 43 164
47 280 40 155
42 311 37 164
48 313 37 163
48 312 36 166
47 288 36 167
47 279 39 159
47 277 39 161
45 349 40 154
44 325 40 155
44 285 40 157
43 315 39 159
43 308 36 168
42 311 38 162
46 279 40 156
46 277 38 162
45 285 45 156
45 284 40 157
43 334 38 160
46 293 46 153
45 348 36 165
43 331 40 158
43 305 38 163
42 307 42 165
47 309 42 153
46 291 37 165
45 314 38 160
45 292 40 155
44 282 38 162
43 302 39 161
43 301 42 164
43 297 37 166
49 290 42 153
48 312 36 166
48 298 42 153
48 288 37 164
48 284 42 154
47 309 42 153
47 282 46 154
46 324 36 166
46 300 40 154
46 298 39 158
46 293 37 164
46 287 46 154
46 283 40 155
46 278 40 158
45 348 36 165
45 289 39 160
45 285 45 156
45 284 40 157
45 279 39 162
45 276 44 158
45 275 44 161
44 323 39 158
44 286 36 169
44 277 44 159
43 308 36 168
43 296 43 163
42 299 42 168
41 326 36 168
49 290 42 153
49 290 42 153
49 290 42 153
49 290 42 153
49 290 42 153
49 290 42 153
49 290 42 153
49 290 42 153
49 290 42 153
49 290 42 153
49 290 42 153
49 290 42 153
49 290 42 153
49 290 42 153
49 290 42 153
49 290 42 153
49 290 42 153
49 290 42 153
49 290 42 153
49 290 42 153
49 290 42 153
49 290 42 153
49 290 42 153
49 290 42 153
49 290 42 153
49 290 42 153
49 290 42 153
49 290 42 153
49 290 42 153
49 290 42 153
49 290 42 153
49 290 42 153
49 290 42 153
49 290 42 153
49 290 42 153
49 290 42 153
49 290 42 153
49 290 42 153
49 290 42 153
49 290 42 153
49 290 42 153
49 290 42 153
49 290 42 153
49 290 42 153
49 290 42 153
49 290 42 153
49 290 42 153
49 290 42 153
49 290 42 153
49 290 42 153
49 290 42 153
49 290 42 153
49 290 42 153
49 290 42 153
49 290 42 153
49 290 42 153
49 290 42 153
49 290 42 153
49 290 42 153
49 290 42 153
49 290 42 153
49 290 42 153
48 298 42 153
47 287 46 153
47 287 46 153
47 287 46 153
51 321 39 160
47 291 46 153
48 298 40 156
49 294 42 153
49 293 40 154
50 305 40 154
49 309 40 156
49 303 40 157
49 295 42 153
48 300 42 158
51 317 40 154
49 296 42 153
49 296 42 153
51 319 40 154
50 299 42 153
49 300 42 153
49 299 42 154
49 299 42 154
52 320 40 154
50 300 42 153
49 313 42 155
55 330 40 154
54 330 40 158
52 331 40 154
50 304 42 153
49 317 46 155
49 331 45 155
54 335 40 154
52 336 40 154
51 305 42 153
51 305 42 153
50 309 42 153
55 341 40 154
53 350 40 154
51 306 42 153
50 311 42 153
55 341 40 154
50 311 42 153
54 345 40 154
59 369 40 154
55 355 40 155
51 309 42 153
51 309 42 153
50 320 42 155
62 389 40 154
59 355 40 156
54 310 46 153
51 313 42 153
51 310 42 156
70 455 40 154
54 315 42 153
51 319 42 153
51 314 42 154
52 316 42 153
54 318 42 153
53 325 42 153
53 319 42 155
52 325 42 154
52 320 42 155
51 330 42 153
54 320 42 153
53 332 42 153
53 328 42 155
53 326 42 156
51 333 42 153
58 322 42 157
54 325 46 153
52 340 42 153
51 333 42 155
53 331 42 155
53 333 42 153
54 333 42 153
54 333 42 153
54 333 42 153
53 334 42 153
52 343 42 153
52 339 42 155
51 340 42 155
59 334 45 155
53 336 42 153
54 335 42 153
54 336 42 153
53 338 42 153
57 336 42 153
53 339 42 153
58 340 42 153
58 339 46 154
53 346 42 153
53 339 42 155
56 343 42 153
56 343 42 153
57 339 42 155
54 347 42 153
54 340 42 155
59 345 42 157
55 347 42 153
54 365 42 153
55 349 42 153
55 352 42 153
56 353 42 153
55 357 42 153
56 354 42 153
56 353 42 155
55 370 42 153
58 355 42 153
56 358 42 153
63 357 42 153
62 360 42 154
58 357 42 155
57 361 42 153
56 368 42 153
63 358 42 157
57 362 42 153
56 373 42 160
59 375 42 153
59 362 45 157
58 384 42 153
57 363 42 155
59 376 42 153
58 393 42 153
57 376 42 156
64 388 42 153
61 406 42 153
60 376 42 155
59 379 42 155
58 377 46 156
63 378 42 154
68 394 42 153
64 403 42 154
63 400 42 156
60 400 46 155
67 412 42 155
81 426 42 156
67 451 45 155
49 290 42 153
47 287 46 153
46 293 46 153
45 349 40 154
44 286 36 169
44 275 43 164
41 326 36 168
42 299 42 168
43 334 38 160
48 289 40 154
48 313 37 163
43 331 40 158
41 334 37 165
45 348 36 165
43 302 39 161
49 287 37 164
48 312 36 166
47 280 39 158
47 278 38 160
45 280 45 157
42 300 38 166
47 331 42 153
42 328 37 166
46 324 36 166
44 323 39 158
43 283 37 167
49 287 37 164
48 284 42 154
47 277 39 161
46 277 38 162
45 275 44 161
41 334 37 165
45 285 45 156
45 276 44 158
44 277 44 159
44 322 37 165
46 282 46 155
44 275 43 164
43 315 39 159
47 325 36 165
43 315 39 159
42 311 38 162
42 304 36 169
47 327 37 163
47 288 36 167
47 279 39 159
47 277 39 161
46 304 36 168
46 283 40 155
45 349 40 154
45 287 40 157
44 305 40 155
43 324 37 164
42 313 36 167
48 298 42 153
46 310 36 167
46 293 46 153
44 306 37 166
46 279 40 156
46 277 38 162
45 285 45 156
43 334 38 160
43 291 38 162
46 300 40 154
46 281 39 158
45 293 40 156
43 302 39 161
48 312 36 166
48 298 42 153
48 289 40 154
48 288 37 164
48 284 42 154
47 327 37 163
47 282 46 154
46 279 38 160
45 299 39 158
45 284 39 160
45 278 40 158
45 276 44 158
45 275 44 161
44 323 39 158
44 305 40 155
44 290 38 160
44 286 40 159
44 286 36 169
44 285 40 161
44 282 38 162
42 328 37 166
41 326 36 168
49 290 42 153
49 290 42 153
49 290 42 153
49 290 42 153
49 290 42 153
49 290 42 153
49 290 42 153
49 290 42 153
49 290 42 153
49 290 42 153
49 290 42 153
49 290 42 153
49 290 42 153
49 290 42 153
49 290 42 153
49 290 42 153
49 290 42 153
49 290 42 153
49 290 42 153
49 290 42 153
49 290 42 153
49 290 42 153
49 290 42 153
49 290 42 153
49 290 42 153
49 290 42 153
49 290 42 153
49 290 42 153
49 290 42 153
49 290 42 153
49 290 42 153
49 290 42 153
49 290 42 153
49 290 42 153
49 290 42 153
49 290 42 153
49 290 42 153
49 290 42 153
49 290 42 153
49 290 42 153
49 290 42 153
49 290 42 153
49 290 42 153
49 290 42 153
49 290 42 153
49 290 42 153
49 290 42 153
49 290 42 153
49 290 42 153
49 290 42 153
49 290 42 153
49 290 42 153
49 290 42 153
49 290 42 153
49 290 42 153
49 290 42 153
49 290 42 153
49 290 42 153
49 290 42 153
49 290 42 153
49 290 42 153
49 290 42 153
49 290 42 153
49 290 42 153
49 290 42 153
49 290 42 153
49 290 42 153
49 290 42 153
49 290 42 153
49 290 42 153
49 290 42 153
49 290 42 153
49 290 42 153
49 290 42 153
49 290 42 153
49 290 42 153
49 290 42 153
49 290 42 153
49 290 42 153
49 290 42 153
49 290 42 153
49 290 42 153
49 290 42 153
49 290 42 153
48 298 42 153
48 289 40 154
47 287 46 153
49 302 40 154
49 290 42 154
48 310 40 154
47 296 46 153
48 296 42 154
49 294 42 153
51 318 40 154
50 343 40 156
50 294 42 153
49 300 46 153
49 298 42 154
52 318 40 154
50 297 42 153
53 323 40 154
51 298 42 154
50 299 42 153
53 324 40 154
51 299 42 153
50 300 42 153
54 338 40 154
53 326 40 156
51 301 42 153
50 308 42 153
50 300 42 155
50 303 42 154
64 340 40 154
55 362 40 154
53 328 40 156
51 306 42 153
50 316 42 153
57 351 40 154
59 352 40 156
57 354 40 154
53 306 42 153
51 309 42 153
58 355 40 154
57 377 40 156
53 308 42 153
51 313 42 153
51 311 42 155
52 310 42 153
69 373 40 155
62 381 40 158
52 313 42 153
51 319 42 153
51 313 42 155
64 381 40 159
52 315 42 153
51 336 46 153
54 322 42 153
53 323 42 153
53 315 42 154
52 324 42 153
58 322 42 153
57 315 42 154
53 317 46 154
52 332 42 153
53 324 42 153
61 326 42 153
54 327 42 153
53 328 42 153
52 334 42 153
53 330 42 153
52 336 42 153
59 331 42 153
55 333 45 157
53 337 42 153
52 338 42 155
54 335 42 153
56 335 42 153
55 337 42 153
53 340 42 153
61 336 42 153
56 338 42 153
55 337 42 155
54 344 42 153
54 343 42 156
53 349 42 153
56 339 42 153
54 345 42 153
62 345 42 155
54 347 42 153
54 347 42 153
55 347 42 153
54 352 42 153
55 349 42 153
55 347 42 154
54 353 42 153
57 351 42 153
56 353 42 153
56 352 42 158
55 364 42 153
60 352 42 153
58 354 42 153
57 355 42 155
56 356 42 153
65 352 42 154
56 376 42 153
56 367 46 153
56 362 46 160
57 359 42 155
57 361 42 153
58 361 42 153
57 373 42 153
57 366 42 154
61 365 42 153
58 374 42 153
57 375 46 158
63 366 42 153
63 365 42 158
59 383 46 154
58 386 42 153
58 381 42 155
62 370 42 154
65 373 46 156
59 396 42 153
61 384 46 155
60 386 42 153
62 389 46 155
60 387 45 157
59 397 42 153
60 393 42 153
68 427 46 155
74 449 46 156
