339805 900.024
43 325 42 171
61 396 40 154
56 445 42 153
47 363 36 165
54 353 51 156
56 445 42 153
44 366 37 173
54 319 40 160
54 353 51 156
55 416 46 154
48 342 40 159
56 445 42 153
56 445 42 153
55 430 40 154
43 325 42 171
54 353 51 156
59 419 46 153
54 353 51 156
49 321 38 172
43 325 42 171
49 419 46 155
54 319 40 160
44 408 44 160
49 353 45 158
49 321 38 172
59 429 40 154
49 353 45 158
44 366 37 173
51 346 40 157
52 347 36 169
48 375 39 158
45 334 37 167
52 347 36 169
45 334 37 167
44 361 40 166
45 332 40 162
48 338 38 160
47 349 36 168
47 349 36 168
50 329 46 162
56 445 42 153
47 344 44 160
46 326 42 166
47 363 36 165
46 368 38 164
48 338 38 160
50 360 36 166
44 336 43 161
50 329 46 162
50 355 37 163
49 359 39 159
45 334 37 167
44 408 44 160
56 391 46 154
50 383 40 155
50 383 40 155
55 416 46 154
49 419 46 155
47 349 36 168
46 354 40 156
52 347 36 169
48 401 37 163
44 366 37 173
44 408 44 160
43 325 42 171
50 329 46 162
55 416 46 154
46 370 36 171
47 345 38 164
55 416 46 154
54 353 51 156
45 340 37 165
50 360 36 166
56 391 46 154
50 355 37 163
45 340 37 165
45 334 37 167
54 319 40 160
46 354 40 156
44 336 43 161
54 353 51 156
48 338 38 160
48 342 40 159
52 347 36 169
46 370 36 171
43 325 42 171
50 355 37 163
45 340 37 165
46 368 38 164
56 445 42 153
46 370 36 171
47 349 36 168
49 353 45 158
49 359 39 159
50 355 37 163
50 360 36 166
55 416 46 154
49 419 46 155
50 329 46 162
44 408 44 160
47 344 44 160
44 336 43 161
46 370 36 171
48 342 40 159
45 340 37 165
44 366 37 173
48 342 40 159
45 340 37 165
54 353 51 156
49 359 39 159
49 353 45 158
50 355 37 163
46 326 42 166
50 360 36 166
50 360 36 166
48 342 40 159
49 359 39 159
49 419 46 155
55 416 46 154
47 344 44 160
48 338 38 160
48 338 38 160
52 347 36 169
51 346 40 157
56 445 42 153
49 353 45 158
59 419 46 153
43 325 42 171
43 325 42 171
49 353 45 158
43 325 42 171
43 325 42 171
49 359 39 159
51 346 40 157
52 347 36 169
45 340 37 165
44 408 44 160
44 336 43 161
43 325 42 171
46 354 40 156
52 347 36 169
56 445 42 153
49 353 45 158
50 329 46 162
54 319 40 160
50 355 37 163
45 340 37 165
49 419 46 155
49 321 38 172
44 336 43 161
56 445 42 153
49 353 45 158
54 319 40 160
50 329 46 162
56 445 42 153
44 336 43 161
43 325 42 171
44 366 37 173
47 363 36 165
44 336 43 161
44 408 44 160
61 396 40 154
50 355 37 163
51 346 40 157
47 363 36 165
45 340 37 165
54 319 40 160
47 345 38 164
56 445 42 153
54 353 51 156
50 360 36 166
49 353 45 158
44 336 43 161
48 342 40 159
46 370 36 171
44 336 43 161
52 347 36 169
48 342 40 159
47 344 44 160
55 430 40 154
47 345 38 164
54 353 51 156
45 334 37 167
44 366 37 173
47 363 36 165
46 326 42 166
61 396 40 154
47 345 38 164
43 325 42 171
48 401 37 163
56 445 42 153
44 366 37 173
43 325 42 171
55 416 46 154
50 329 46 162
44 336 43 161
55 430 40 154
50 329 46 162
45 334 37 167
54 319 40 160
44 336 43 161
54 353 51 156
48 342 40 159
46 370 36 171
50 355 37 163
45 340 37 165
46 368 38 164
56 445 42 153
46 370 36 171
47 349 36 168
45 340 37 165
44 408 44 160
44 336 43 161
46 370 36 171
48 342 40 159
51 346 40 157
44 366 37 173
46 326 42 166
50 360 36 166
44 366 37 173
47 344 44 160
48 338 38 160
51 346 40 157
55 416 46 154
48 338 38 160
47 349 36 168
50 329 46 162
44 361 40 166
47 363 36 165
50 329 46 162
50 355 37 163
49 359 39 159
45 334 37 167
52 347 36 169
48 375 39 158
50 383 40 155
56 445 42 153
52 347 36 169
48 401 37 163
44 366 37 173
44 408 44 160
50 329 46 162
55 416 46 154
52 347 36 169
47 345 38 164
45 340 37 165
50 360 36 166
56 391 46 154
50 355 37 163
55 430 40 154
51 346 40 157
47 363 36 165
49 321 38 172
45 332 40 162
56 445 42 153
54 353 51 156
49 353 45 158
44 336 43 161
48 342 40 159
46 370 36 171
52 347 36 169
47 344 44 160
44 336 43 161
54 353 51 156
55 430 40 154
45 334 37 167
44 366 37 173
47 363 36 165
46 326 42 166
47 345 38 164
48 401 37 163
56 445 42 153
43 325 42 171
55 416 46 154
44 336 43 161
54 319 40 160
49 353 45 158
59 419 46 153
49 353 45 158
43 325 42 171
52 347 36 169
45 340 37 165
44 408 44 160
44 336 43 161
43 325 42 171
52 347 36 169
49 353 45 158
50 329 46 162
55 430 40 154
45 340 37 165
49 321 38 172
43 325 42 171
56 445 42 153
49 353 45 158
49 353 45 158
56 445 42 153
44 336 43 161
43 325 42 171
44 366 37 173
47 348 39 160
