168505 2880.48
66 461 54 188
62 475 50 175
65 501 50 168
75 563 55 188
66 432 49 170
84 617 70 169
62 481 42 177
59 405 54 172
71 541 49 176
62 424 46 156
61 436 46 163
73 532 51 176
86 540 82 175
92 752 55 176
73 513 56 169
67 529 58 181
72 479 56 165
84 581 74 195
59 467 43 165
63 461 49 174
65 434 40 165
50 399 46 167
68 502 56 172
93 704 73 189
55 424 44 162
77 560 61 177
69 482 57 170
70 502 51 170
74 588 64 170
73 442 49 176
77 568 70 183
77 460 63 173
77 545 67 175
63 455 43 179
65 539 45 167
82 609 76 180
61 469 49 169
78 566 57 178
66 413 47 167
64 457 45 158
74 548 61 170
68 512 56 174
71 501 56 175
70 509 64 176
68 537 57 175
63 481 55 178
55 448 51 173
72 555 64 176
67 470 64 166
63 445 52 167
61 472 42 175
62 457 50 175
60 488 42 163
66 538 51 164
82 640 56 188
88 666 66 183
66 514 57 184
67 455 62 175
71 474 66 180
79 526 63 173
72 473 56 170
83 680 78 199
68 490 56 167
54 390 48 173
67 460 49 175
73 490 47 168
63 474 55 180
74 578 59 169
76 537 63 169
63 483 48 182
70 503 54 175
67 440 48 168
79 584 68 171
83 563 76 167
78 615 48 168
62 453 56 172
79 570 73 191
70 473 55 169
76 543 56 179
64 460 52 163
64 465 56 174
63 453 50 165
84 610 50 172
75 501 51 178
72 441 44 158
73 520 51 172
63 440 51 170
61 434 46 164
65 526 46 168
57 447 43 168
70 516 46 165
79 485 54 174
77 607 66 193
74 573 48 174
67 501 46 168
62 461 49 170
74 541 60 175
71 520 57 181
85 587 55 185
87 674 55 178
79 577 49 174
64 437 55 175
89 674 78 187
80 525 55 184
59 423 52 167
101 836 66 198
81 648 49 177
58 391 49 169
68 432 50 167
65 533 63 171
68 471 61 177
60 445 49 169
86 632 72 184
95 645 66 188
66 510 61 185
77 554 50 173
71 511 51 167
84 648 66 186
69 547 63 187
74 598 55 166
61 426 52 161
69 501 61 181
60 428 56 163
65 421 51 172
56 397 45 158
63 460 46 173
57 430 50 166
60 433 48 169
64 475 54 183
72 559 55 180
72 568 55 190
71 512 51 173
77 540 46 165
77 533 66 186
66 459 51 176
64 506 46 178
68 471 48 173
56 412 45 161
69 564 48 179
86 542 72 176
62 410 42 166
72 568 56 183
67 511 61 177
85 597 68 176
70 465 45 166
95 632 79 182
69 522 61 170
79 616 79 182
66 500 55 177
58 460 50 161
91 556 45 168
96 727 61 176
99 591 84 195
67 521 64 181
62 461 40 160
65 455 42 168
61 444 48 173
55 402 42 175
53 392 46 155
57 376 46 159
77 540 62 180
69 493 63 172
93 662 55 182
82 606 70 186
87 601 55 176
71 587 56 175
89 614 69 189
72 510 67 190
70 462 61 176
60 447 45 159
71 517 56 171
73 565 51 173
63 491 49 178
69 508 54 180
64 480 51 173
68 463 46 162
72 466 56 178
72 604 58 166
71 521 54 186
73 522 61 174
76 516 73 184
96 619 85 187
96 649 73 183
73 619 49 174
78 529 67 178
59 447 50 161
55 419 45 170
80 617 56 189
61 415 41 164
72 486 49 169
66 498 55 175
78 546 63 170
82 645 70 186
58 435 49 167
78 581 61 175
67 489 50 170
66 438 44 167
57 424 43 169
60 423 45 158
69 503 66 187
72 529 52 166
67 469 61 172
80 594 61 174
78 631 54 186
79 561 78 207
97 705 91 199
67 527 48 175
93 574 56 170
53 411 42 172
70 474 61 182
66 509 61 181
77 603 58 178
60 471 46 178
67 498 46 174
47 329 44 158
58 436 43 173
51 430 48 178
85 627 54 180
70 516 46 159
54 377 44 161
57 407 46 163
75 552 62 173
56 433 48 170
63 452 56 182
64 456 45 163
57 403 49 175
59 438 55 177
63 430 47 166
68 515 61 179
67 496 51 160
73 557 46 167
92 601 80 197
85 556 54 179
63 441 63 173
59 436 49 169
64 476 45 158
72 490 48 172
64 446 52 173
66 542 58 181
84 599 61 183
71 512 66 185
73 567 54 190
64 486 48 173
66 432 50 167
54 430 49 173
68 503 50 162
75 514 49 174
67 495 49 179
60 442 54 174
67 432 49 180
65 425 36 166
84 571 73 188
67 490 45 162
65 536 62 182
87 662 86 188
65 473 44 168
64 453 51 171
66 439 46 163
68 509 47 176
75 544 48 177
71 493 60 177
72 525 62 175
68 497 56 170
73 500 73 192
63 467 40 155
66 477 55 171
54 388 40 157
70 545 47 167
75 536 74 188
76 561 57 167
55 401 46 153
71 540 60 184
70 497 46 171
66 518 44 156
68 522 62 170
70 515 55 178
62 437 56 167
74 503 73 184
106 821 80 200
70 554 54 179
85 546 55 174
72 510 55 167
67 494 61 179
81 615 54 178
77 467 68 176
72 497 52 176
69 520 56 178
88 586 55 180
80 569 55 172
62 414 52 159
77 542 67 187
72 555 48 170
65 393 45 162
84 589 58 175
88 709 50 175
72 512 55 178
67 478 41 171
71 517 57 173
91 613 60 187
73 582 52 167
