132247 1800.01
49 286 42 153
47 283 46 153
46 289 46 153
45 290 36 167
44 328 36 165
44 301 36 167
44 277 43 161
42 293 42 165
48 301 36 165
45 316 37 163
43 281 38 162
44 288 40 157
47 303 37 163
42 300 37 165
43 325 38 160
46 308 37 163
48 285 40 154
43 305 39 158
43 325 38 160
48 278 38 162
46 282 46 155
46 281 39 158
44 279 44 159
44 277 43 161
43 283 43 161
47 313 42 153
46 283 45 156
44 279 44 159
47 280 38 160
46 278 40 158
49 283 42 154
48 278 38 162
45 279 40 158
42 308 42 163
42 293 42 165
42 308 42 163
47 283 45 155
47 313 42 153
49 283 42 154
48 284 40 155
47 280 38 160
46 283 46 154
46 283 45 156
45 315 36 165
44 328 36 165
43 305 39 158
47 303 37 163
49 286 42 153
48 285 40 154
48 284 40 155
47 282 46 154
46 289 46 153
46 289 45 155
45 290 36 167
45 279 40 158
49 286 42 153
49 286 42 153
49 286 42 153
49 286 42 153
49 286 42 153
49 286 42 153
49 286 42 153
49 286 42 153
49 286 42 153
49 286 42 153
49 286 42 153
49 286 42 153
49 286 42 153
49 286 42 153
49 286 42 153
49 286 42 153
49 286 42 153
49 286 42 153
49 286 42 153
49 286 42 153
49 286 42 153
49 286 42 153
49 286 42 153
49 286 42 153
49 286 42 153
49 286 42 153
49 286 42 153
49 286 42 153
49 286 42 153
49 286 42 153
49 286 42 153
49 286 42 153
49 286 42 153
49 286 42 153
49 286 42 153
49 286 42 153
49 286 42 153
49 286 42 153
49 286 42 153
49 286 42 153
49 286 42 153
49 286 42 153
49 286 42 153
49 286 42 153
49 286 42 153
49 286 42 153
49 286 42 153
49 286 42 153
49 286 42 153
49 286 42 153
49 286 42 153
49 286 42 153
49 286 42 153
49 286 42 153
49 286 42 153
49 286 42 153
49 286 42 153
49 286 42 153
49 286 42 153
49 286 42 153
49 286 42 153
49 286 42 153
49 286 42 153
49 286 42 153
48 285 40 154
48 285 40 154
48 285 40 154
47 283 46 153
47 283 46 153
47 283 46 153
47 283 46 153
47 283 46 153
47 283 46 153
47 283 46 153
47 283 46 153
47 283 46 153
47 283 46 153
47 283 46 153
46 289 46 153
46 289 46 153
46 289 46 153
46 289 46 153
46 283 46 154
46 283 45 156
51 287 40 155
48 292 40 154
47 284 46 153
47 284 46 153
46 290 46 153
46 288 46 154
48 285 45 155
49 287 42 153
49 286 42 154
46 290 46 153
49 287 42 153
49 287 42 153
49 287 42 153
49 287 42 153
49 287 42 153
51 288 40 156
48 294 40 154
47 285 46 153
47 285 46 153
46 298 46 153
49 288 42 153
49 286 42 155
51 288 40 156
49 287 42 154
49 286 42 155
49 288 42 153
49 288 42 153
49 286 42 155
49 289 42 153
49 286 45 155
48 295 40 154
48 285 46 153
47 291 46 153
49 289 42 153
50 291 42 153
49 296 40 154
48 286 46 153
49 293 42 154
49 294 42 153
49 293 42 154
50 293 42 153
49 303 40 154
48 287 46 153
49 295 42 153
50 293 42 153
50 293 42 153
50 293 42 153
50 293 42 153
50 303 40 154
50 293 42 155
50 292 46 153
49 288 46 154
48 298 46 153
50 294 42 153
49 297 42 153
50 294 42 153
50 294 42 153
53 306 40 154
53 304 40 156
51 294 42 153
49 301 46 153
48 301 46 154
49 300 45 155
50 295 42 153
49 305 42 153
54 313 40 154
51 294 42 155
49 311 46 153
50 300 42 153
50 300 42 153
50 300 42 153
50 300 42 153
50 300 42 153
55 326 40 154
50 300 42 154
49 316 46 153
51 300 42 153
50 301 42 153
51 300 42 153
50 301 42 153
52 301 42 153
50 302 42 153
50 300 42 155
51 302 42 153
50 318 45 156
50 312 46 153
52 302 42 153
51 302 42 155
50 314 46 153
51 304 42 153
51 304 42 153
51 304 42 153
51 304 42 153
52 305 42 153
52 305 42 153
52 305 42 153
51 306 42 153
51 306 42 153
51 306 42 153
52 306 42 153
52 306 42 153
52 305 42 155
51 308 42 153
51 306 42 155
53 306 46 154
51 310 42 153
51 310 42 153
52 307 42 153
58 307 42 153
52 309 42 153
52 309 42 153
52 309 42 153
51 311 42 153
54 309 42 153
52 310 42 153
51 312 42 153
51 312 42 153
54 310 42 153
53 311 42 153
51 313 42 153
53 312 42 153
53 312 42 153
52 313 42 153
51 315 42 155
54 312 42 153
53 312 42 155
52 314 42 153
52 313 45 155
54 312 46 153
52 316 42 153
53 316 42 153
52 318 42 153
57 316 42 153
55 317 46 155
53 319 42 153
53 319 42 153
53 320 42 153
53 320 42 153
57 321 42 153
53 322 42 153
57 322 42 153
54 323 42 153
53 325 42 153
53 325 42 153
55 325 42 153
54 329 42 153
57 327 42 153
55 327 45 155
54 336 42 153
55 335 42 153
60 335 42 153
56 343 42 153
56 343 42 153
54 337 42 155
60 343 42 153
58 337 42 155
56 346 42 153
60 344 42 153
59 352 42 153
57 347 45 155
60 349 42 153
49 286 42 153
47 283 46 153
46 289 46 153
45 290 36 167
44 328 36 165
44 301 36 167
44 277 43 161
42 293 42 165
48 301 36 165
43 281 38 162
45 316 37 163
43 325 38 160
46 308 37 163
48 285 40 154
47 303 37 163
43 305 39 158
43 325 38 160
48 278 38 162
44 279 44 159
43 283 43 161
47 313 42 153
46 283 46 154
46 281 39 158
46 278 40 158
42 300 37 165
49 283 42 154
48 278 38 162
47 280 38 160
45 279 40 158
42 308 42 163
44 282 40 160
44 277 43 161
44 295 37 164
42 308 42 163
42 297 42 164
45 286 45 156
45 281 45 157
44 285 44 158
47 313 42 153
49 283 42 154
47 280 40 155
46 305 36 166
46 279 40 156
45 291 40 155
45 286 45 156
44 306 36 166
47 280 38 160
46 281 38 161
45 285 39 159
45 281 45 157
44 288 40 157
44 328 36 165
42 297 42 164
48 291 42 153
47 287 42 154
45 315 36 165
44 306 36 166
44 295 37 164
43 302 37 164
42 293 42 165
48 284 42 154
47 303 37 163
47 281 46 154
46 289 46 153
46 289 40 154
46 282 40 155
46 280 38 162
45 316 37 163
45 315 36 165
45 290 36 167
44 288 40 157
44 288 39 158
44 285 38 160
44 284 40 159
42 300 37 165
49 286 42 153
49 286 42 153
49 286 42 153
49 286 42 153
49 286 42 153
49 286 42 153
49 286 42 153
49 286 42 153
49 286 42 153
49 286 42 153
49 286 42 153
49 286 42 153
49 286 42 153
49 286 42 153
49 286 42 153
49 286 42 153
49 286 42 153
49 286 42 153
49 287 42 153
48 286 46 153
48 286 40 154
48 286 40 154
47 290 46 153
49 287 42 153
49 287 42 153
49 287 42 153
49 287 42 153
49 287 42 153
49 287 42 153
49 287 42 153
48 286 46 153
48 286 46 153
49 288 42 153
49 286 40 154
48 290 46 153
48 287 40 154
47 320 46 153
47 298 46 154
49 288 42 153
49 288 42 153
49 288 42 153
49 288 42 153
49 288 42 153
49 288 42 153
51 290 40 154
51 288 40 156
49 293 42 153
49 286 42 154
48 293 40 154
47 299 46 155
50 291 42 153
50 291 42 153
48 293 40 154
56 293 40 154
49 294 42 153
49 294 42 153
49 293 46 154
49 288 42 155
48 294 40 154
50 293 42 153
50 293 42 153
50 293 42 153
50 293 42 153
56 295 40 154
51 294 42 153
49 295 42 153
48 296 40 154
52 294 46 155
49 300 42 153
49 300 42 153
49 296 40 154
50 295 42 153
52 297 40 154
52 296 42 153
49 305 42 153
49 304 40 154
50 298 42 153
50 298 40 154
52 298 40 154
51 298 42 153
50 299 42 153
49 310 40 154
50 299 40 154
53 298 42 153
51 299 40 154
50 305 40 154
50 300 42 153
50 300 42 153
53 299 42 153
53 299 42 153
51 305 40 154
50 306 40 154
50 301 42 153
50 301 42 153
52 305 40 154
51 301 42 153
50 310 40 154
50 302 46 153
51 301 42 153
51 306 40 154
50 305 42 153
50 305 42 153
52 309 40 154
51 302 42 153
50 323 40 154
50 303 46 153
51 320 40 154
50 311 42 153
53 302 42 153
51 321 40 154
51 303 42 155
50 307 46 153
52 310 40 154
50 313 42 153
51 304 42 153
51 304 42 153
61 310 40 154
59 312 40 156
53 303 42 153
52 320 40 154
51 305 42 153
50 318 46 154
61 310 40 154
62 312 40 154
52 321 40 154
52 305 42 153
52 305 42 153
51 306 42 153
52 305 42 153
53 321 40 154
53 306 42 153
52 322 40 154
51 307 42 153
51 306 42 155
51 307 42 153
53 306 42 153
54 324 40 154
53 321 40 156
52 308 42 153
51 309 42 153
58 308 42 153
56 325 40 154
54 326 40 154
51 310 42 153
52 309 42 153
56 326 40 154
54 335 40 154
53 309 42 153
52 310 42 155
51 312 46 153
51 313 42 153
52 311 42 153
52 311 42 153
52 311 42 153
63 327 40 154
55 347 40 154
54 310 42 153
51 314 42 153
53 312 42 154
52 313 42 153
52 313 42 153
52 313 42 153
64 341 40 154
58 366 40 154
57 349 40 156
56 310 42 153
51 316 42 153
53 315 42 153
58 370 40 154
54 315 42 153
54 315 42 153
52 316 42 153
65 403 40 154
56 316 42 155
52 318 42 153
55 317 42 153
55 317 42 153
59 317 42 153
53 319 42 153
52 323 42 153
52 319 42 154
56 319 42 153
53 320 42 153
52 327 42 153
54 320 42 153
53 322 42 153
56 321 42 153
53 323 42 153
55 323 42 153
55 323 42 153
53 324 42 153
58 323 42 153
53 327 42 153
54 327 42 153
53 331 42 153
59 327 42 153
54 329 46 154
53 338 42 153
55 329 42 153
54 334 42 153
61 331 42 153
56 330 46 156
55 343 42 153
54 333 46 157
58 333 42 153
58 333 42 153
60 337 42 153
56 338 46 156
55 350 42 153
59 338 42 155
67 341 46 154
55 354 42 153
62 347 42 153
56 351 42 153
56 351 42 153
56 356 42 153
60 356 42 153
56 357 42 153
58 367 42 153
62 368 42 153
64 369 42 153
65 370 42 153
64 375 42 153
68 388 42 153
67 426 42 153
49 286 42 153
47 283 46 153
46 289 46 153
45 290 36 167
44 328 36 165
44 301 36 167
44 277 43 161
42 293 42 165
45 315 36 165
48 301 36 165
43 281 38 162
43 325 38 160
48 285 40 154
47 303 37 163
43 305 39 158
43 325 38 160
48 278 38 162
44 279 44 159
43 283 43 161
47 313 42 153
46 283 46 154
46 281 39 158
46 308 37 163
46 278 40 158
49 283 42 154
48 278 38 162
47 280 38 160
45 279 40 158
42 308 42 163
44 288 40 157
44 282 40 160
44 277 43 161
42 300 37 165
45 299 40 155
42 308 42 163
45 286 45 156
45 281 45 157
44 285 44 158
45 309 37 163
49 283 42 154
47 280 40 155
46 305 36 166
46 279 40 156
44 306 36 166
44 303 40 156
44 295 37 164
42 297 42 164
47 313 42 153
47 280 38 160
46 281 38 161
45 285 39 159
45 281 45 157
44 328 36 165
46 306 36 165
45 292 39 158
44 296 39 158
44 295 37 164
43 302 37 164
42 297 42 164
42 293 42 165
48 291 42 153
48 291 42 153
48 284 42 154
47 281 46 154
46 289 46 153
46 289 40 154
46 282 40 155
46 280 38 162
45 299 40 155
45 290 36 167
45 286 45 156
44 285 44 158
44 284 38 160
42 300 37 165
49 286 42 153
49 286 42 153
49 286 42 153
49 286 42 153
49 286 42 153
49 286 42 153
49 286 42 153
49 286 42 153
49 286 42 153
49 286 42 153
49 286 42 153
49 286 42 153
49 286 42 153
49 286 42 153
49 286 42 153
49 286 42 153
49 286 42 153
49 286 42 153
49 286 42 153
49 286 42 153
49 286 42 153
49 286 42 153
49 286 42 153
49 286 42 153
47 283 46 153
49 287 42 153
48 286 40 154
48 285 45 155
47 284 46 153
47 284 46 153
46 289 46 154
49 287 42 153
49 287 42 153
49 287 42 153
49 287 42 153
49 287 42 153
49 288 42 153
49 286 42 154
48 293 40 154
48 285 46 153
49 288 42 153
50 287 46 154
49 295 40 154
49 286 42 155
48 300 45 155
48 289 46 153
49 291 42 153
49 289 42 154
50 287 46 154
50 300 40 154
49 302 40 154
49 291 42 156
48 299 46 153
50 293 42 153
50 293 42 153
49 294 42 153
49 294 42 153
49 294 42 153
49 294 42 153
49 294 42 153
53 303 40 154
50 293 46 153
49 312 40 154
49 296 42 153
48 305 46 154
50 294 42 153
51 304 40 154
50 294 42 153
51 305 40 154
51 294 42 153
49 301 46 153
49 300 45 155
50 295 42 153
49 303 42 153
51 306 40 154
51 294 42 154
50 297 42 155
49 302 46 153
51 295 42 153
50 299 42 153
58 313 40 154
53 294 42 154
53 294 42 154
52 316 40 154
50 300 42 153
51 297 42 153
51 297 42 153
56 328 40 154
53 330 40 154
53 294 46 154
50 300 46 153
50 300 42 154
50 301 42 153
53 295 42 154
52 297 42 154
50 300 46 153
57 328 40 154
56 300 46 153
52 298 42 154
50 301 46 153
50 300 42 155
52 301 42 153
50 302 42 153
50 301 42 154
50 302 42 153
50 301 46 153
50 301 46 153
58 331 40 154
51 302 42 153
50 303 42 153
50 301 42 155
51 302 42 153
70 383 40 154
61 384 40 154
60 340 40 156
51 303 46 153
50 305 42 153
53 303 42 153
63 363 40 155
51 304 42 155
62 389 40 154
51 304 46 154
50 308 42 153
55 304 42 153
52 305 42 153
51 306 42 153
51 306 42 153
53 306 42 153
50 312 42 153
50 308 45 155
51 308 42 153
54 307 42 154
51 309 42 155
51 308 46 153
50 315 42 153
52 308 42 153
51 312 42 153
51 312 42 153
54 310 42 153
53 308 42 154
52 311 42 153
51 316 42 153
53 312 42 153
53 310 42 154
52 313 42 153
51 324 46 153
52 313 42 153
55 312 42 153
54 314 42 153
54 313 52 153
53 315 42 153
52 316 42 153
52 316 42 153
55 312 42 154
53 316 42 153
52 319 42 153
55 313 42 154
54 316 42 153
53 317 42 153
52 326 42 153
55 319 42 153
53 321 42 153
53 320 46 154
52 334 46 156
54 322 42 153
53 323 42 153
53 322 46 153
53 322 42 154
53 321 46 154
57 322 42 154
54 322 46 157
53 326 42 153
55 322 42 155
54 324 42 153
55 324 42 153
54 325 42 153
54 324 42 154
53 328 42 153
58 325 42 153
56 325 42 154
55 326 42 157
54 327 42 153
53 330 46 156
54 327 42 153
59 326 42 154
56 328 42 153
54 334 42 153
56 330 42 153
55 336 42 153
54 336 46 153
58 330 42 153
57 337 42 153
56 345 42 153
56 334 42 154
55 352 42 153
55 340 42 155
59 342 42 153
56 344 46 155
55 360 42 153
55 343 46 156
55 355 46 154
56 355 42 153
59 343 42 153
57 357 42 153
57 343 46 156
56 355 45 160
56 348 46 156
60 345 42 153
58 398 42 153
57 345 46 156
56 349 46 157
59 360 42 153
59 347 42 154
63 366 42 153
60 376 42 153
59 352 42 154
58 351 46 156
56 356 46 157
61 360 45 160
60 392 42 153
58 356 46 156
56 358 52 158
66 395 42 156
62 384 52 158
68 412 46 158
77 448 46 158
