272570 1680.11
54 302 42 153
53 293 42 157
52 304 38 161
50 304 46 153
46 312 38 161
46 310 46 153
44 319 44 158
44 312 40 160
44 319 44 158
53 305 39 159
45 303 45 157
54 302 40 154
52 296 40 160
46 304 42 157
45 316 40 156
46 299 45 159
48 312 42 153
53 293 42 157
46 299 45 159
47 308 46 153
47 301 42 157
45 316 40 156
54 297 42 155
46 306 39 159
45 311 45 155
52 310 42 153
49 311 42 153
48 297 46 155
46 318 42 153
54 297 40 156
53 297 40 158
52 296 40 160
46 306 40 154
46 305 46 155
54 297 40 156
50 304 46 153
49 311 42 153
47 308 46 153
46 318 42 153
46 306 40 154
54 302 40 154
53 298 42 155
53 298 40 156
52 296 42 159
47 303 46 155
47 301 42 157
46 305 40 156
54 302 42 153
54 302 42 153
54 302 42 153
54 302 42 153
54 302 42 153
54 302 42 153
54 302 42 153
54 302 42 153
54 302 42 153
54 302 42 153
54 302 42 153
54 302 42 153
54 302 42 153
54 302 42 153
54 302 42 153
54 302 42 153
54 302 42 153
54 302 42 153
54 302 42 153
54 302 42 153
54 302 42 153
54 302 42 153
54 302 42 153
54 302 42 153
54 302 42 153
54 302 42 153
54 302 42 153
54 302 42 153
54 302 42 153
54 302 42 153
54 302 42 153
54 302 42 153
54 302 42 153
54 302 42 153
54 302 42 153
54 302 42 153
54 302 42 153
54 302 42 153
54 302 42 153
54 302 42 153
54 302 42 153
54 302 42 153
54 302 42 153
54 302 42 153
54 302 42 153
54 302 42 153
54 302 42 153
54 302 42 153
54 302 42 153
54 302 42 153
54 302 42 153
54 302 42 153
54 302 42 153
54 302 42 153
54 302 42 153
54 302 42 153
54 302 42 153
54 302 42 153
54 302 42 153
54 302 42 153
54 302 42 153
54 302 42 153
54 302 42 153
54 302 42 153
54 302 42 153
54 302 42 153
54 302 42 153
54 302 42 153
54 302 42 153
54 302 42 153
54 302 42 153
54 302 42 153
54 302 42 153
54 302 42 153
54 302 42 153
54 302 42 153
54 302 42 153
54 302 42 153
54 302 42 153
54 302 42 153
54 302 42 153
54 302 42 153
54 302 42 153
54 302 42 153
54 302 42 153
54 302 42 153
54 302 42 153
54 302 42 153
54 302 42 153
54 302 42 153
54 302 42 153
54 302 42 153
54 302 42 153
54 302 42 153
54 302 42 153
54 302 42 153
54 302 42 153
54 302 42 153
54 302 42 153
54 302 42 153
54 302 42 153
54 302 42 153
54 302 42 153
54 302 42 153
54 302 42 153
54 302 42 153
54 302 42 153
54 302 42 153
54 302 42 153
54 302 42 153
54 302 42 153
54 302 42 153
54 302 42 153
54 302 42 153
54 302 42 153
54 302 42 153
54 302 42 153
54 302 42 153
54 302 42 153
54 302 42 153
54 302 42 153
54 302 42 153
54 302 42 153
54 302 42 153
54 302 42 153
54 302 42 153
54 302 42 153
54 302 42 153
54 302 42 153
54 302 42 153
54 302 42 153
54 302 42 153
54 302 42 153
54 302 42 153
54 302 42 153
54 302 42 153
54 302 42 153
54 302 42 153
54 302 42 153
54 302 42 153
54 302 42 153
54 302 42 153
54 302 42 153
54 302 42 153
54 302 42 153
54 302 42 153
54 302 42 153
54 302 42 153
54 302 42 153
54 302 42 153
54 302 42 153
54 302 42 153
54 302 42 153
54 302 42 153
54 302 42 153
54 302 42 153
54 302 42 153
54 302 42 153
54 302 42 153
54 302 42 153
54 302 42 153
54 302 42 153
54 302 42 153
54 302 42 153
54 302 42 153
54 302 42 153
54 302 42 153
54 302 42 153
54 302 42 153
54 302 42 153
54 302 42 153
54 302 42 153
54 302 42 153
54 302 42 153
54 302 42 153
54 302 42 153
54 302 42 153
54 302 42 153
54 302 42 153
54 302 42 153
54 302 42 153
54 302 42 153
54 302 42 153
54 302 42 153
54 302 42 153
54 302 42 153
54 302 42 153
54 302 42 153
54 302 42 153
54 302 42 153
54 302 42 153
54 302 42 153
54 302 42 153
54 302 42 153
54 302 42 153
54 302 42 153
54 302 42 153
54 302 42 153
54 302 40 154
54 302 40 154
54 302 40 154
54 302 40 154
54 297 42 155
54 297 42 155
54 297 42 155
49 311 42 153
49 311 42 153
48 312 42 153
48 312 42 153
48 312 42 153
48 312 42 153
47 303 46 155
46 318 42 153
46 310 46 153
45 303 45 157
56 310 42 153
54 308 46 153
54 298 42 157
46 319 40 154
46 319 40 154
46 318 46 153
47 310 42 155
54 305 40 154
54 302 42 155
49 316 42 153
54 314 42 153
56 310 42 153
48 317 42 153
48 318 40 154
54 308 46 153
56 310 42 153
54 308 46 153
54 308 46 153
54 308 46 153
48 318 40 154
54 310 40 154
54 304 42 155
54 304 42 155
48 328 40 156
48 314 42 155
54 304 42 155
54 314 40 154
54 314 40 154
54 314 40 154
54 313 40 156
54 310 40 157
54 319 40 155
54 319 40 155
62 322 46 155
54 325 40 158
61 326 46 158
60 329 51 160
61 332 52 158
