116833 960.07
44 310 40 155
49 298 40 159
46 308 40 155
44 374 38 160
48 283 40 160
45 339 39 158
46 370 37 163
45 317 40 154
47 365 37 163
47 329 39 158
47 332 38 160
44 322 37 164
47 316 40 154
46 336 38 160
44 289 40 160
46 333 39 158
43 345 36 166
46 287 40 160
45 308 40 158
46 335 36 166
45 288 40 160
50 324 42 153
47 327 42 153
46 298 42 159
46 316 42 154
68 497 36 165
43 340 40 155
43 296 38 161
42 338 37 164
44 283 38 161
46 339 42 153
42 308 38 161
43 323 37 164
43 296 38 161
44 347 40 154
46 339 42 153
42 301 38 163
42 301 38 163
42 308 38 161
43 305 39 159
44 347 40 154
43 305 39 159
43 323 37 164
44 283 38 161
42 338 37 164
43 340 40 155
43 313 39 159
44 291 40 160
44 318 40 155
44 310 40 158
45 314 40 155
46 310 40 155
47 308 40 155
45 308 39 160
46 311 39 159
46 334 39 158
45 285 38 161
47 330 42 153
48 329 39 158
47 336 38 160
45 319 40 154
45 319 40 154
49 343 40 155
61 457 49 163
71 534 56 182
102 682 68 186
76 556 51 166
75 580 60 175
97 709 72 188
77 518 50 175
82 653 51 180
81 532 57 166
71 549 64 171
78 638 56 184
69 534 57 170
70 499 63 178
72 562 62 178
80 564 73 187
72 588 56 181
69 470 63 175
76 584 50 171
82 607 61 172
81 602 59 181
68 564 62 179
66 489 56 169
76 486 69 177
76 621 74 184
69 475 56 176
70 581 59 173
74 553 73 189
78 700 57 172
73 544 50 176
71 552 60 191
64 471 54 181
62 463 51 169
62 487 57 166
96 680 80 184
70 518 62 172
101 761 73 185
87 725 63 184
78 533 74 178
67 486 56 169
77 602 68 181
84 661 56 170
87 673 67 185
76 622 52 180
88 694 73 186
72 528 55 181
60 422 57 172
74 511 58 170
71 570 57 171
86 710 51 171
79 544 57 180
85 607 80 179
80 626 58 177
71 581 66 192
89 618 68 185
65 512 58 177
82 643 55 177
69 580 58 171
61 542 49 184
79 545 67 186
63 447 46 172
83 589 81 181
58 465 55 176
68 574 60 174
87 659 63 165
77 580 56 176
97 723 62 177
71 559 67 181
87 585 62 173
72 500 55 183
75 614 56 179
82 672 61 181
80 615 73 176
73 557 73 182
87 612 75 180
64 500 49 176
80 555 49 175
74 591 67 190
80 607 55 181
68 557 60 185
81 574 63 182
79 573 61 176
70 539 48 176
80 500 55 177
61 464 56 179
74 554 56 177
81 632 69 179
91 785 75 188
85 696 66 182
85 652 68 179
68 505 50 167
64 496 46 168
71 570 69 179
79 677 60 184
70 600 49 173
78 572 56 174
93 662 50 169
73 553 56 179
67 454 42 164
73 565 56 176
89 686 62 183
80 675 75 173
85 574 68 191
76 586 75 174
95 767 92 191
69 601 61 184
82 673 74 180
77 640 64 177
84 689 74 183
90 607 67 181
60 499 55 181
74 609 63 178
85 712 57 180
94 692 54 180
69 559 62 179
87 655 73 195
73 581 56 171
85 614 68 185
64 497 51 168
91 639 69 181
82 634 75 175
82 602 69 183
71 482 62 169
89 713 67 185
73 515 61 169
96 724 56 184
81 581 62 171
81 598 64 170
82 621 63 179
65 527 55 175
74 510 61 177
75 658 51 176
74 570 60 184
66 532 56 174
71 545 58 159
65 511 57 167
71 533 68 178
75 508 60 180
86 631 74 184
96 642 62 179
86 655 57 175
80 549 62 182
87 640 74 187
72 564 55 179
85 656 64 170
81 639 62 181
73 522 56 166
71 536 51 174
80 640 67 175
62 502 51 168
73 586 60 180
73 558 67 178
74 591 62 175
93 618 69 181
74 589 61 176
79 627 60 190
100 706 68 183
90 664 67 190
75 591 62 177
69 493 69 174
79 596 74 185
88 646 63 181
63 475 58 170
81 669 67 173
79 615 68 186
76 622 68 175
71 564 55 175
87 675 56 175
97 804 68 197
74 601 46 170
84 745 67 181
97 725 86 180
77 538 67 180
83 671 69 180
74 513 50 178
76 510 69 170
76 520 55 182
81 683 55 183
67 536 49 175
86 529 74 185
71 567 68 180
98 804 74 184
94 724 80 191
75 588 51 170
76 555 60 183
74 510 58 176
69 539 60 177
69 525 67 179
79 579 75 178
85 640 62 185
91 627 75 178
88 660 67 184
84 608 75 176
91 671 51 174
77 587 70 177
63 499 50 169
80 572 73 184
74 562 61 183
69 485 60 181
76 581 62 178
65 517 55 179
81 597 57 180
95 708 93 183
90 620 61 182
70 578 68 176
86 588 68 178
75 547 68 180
83 620 55 177
75 560 62 180
81 626 74 181
74 600 69 173
66 497 60 178
89 604 55 185
79 571 63 177
77 602 49 179
75 623 51 175
79 594 74 184
63 514 44 170
76 599 60 192
72 581 62 170
62 450 62 170
71 514 55 185
79 586 74 180
78 560 56 176
57 462 40 164
62 489 47 172
60 435 50 179
76 602 55 185
74 559 61 177
79 553 55 168
73 468 55 174
88 616 60 189
67 556 45 166
75 552 55 169
64 505 45 173
69 471 61 180
68 539 55 178
78 547 74 182
