511917 1560.05
47 395 37 178
49 308 43 164
53 402 37 163
51 393 36 165
42 320 42 170
58 371 46 154
55 382 42 153
53 335 52 156
48 333 46 157
53 335 52 156
58 371 46 154
48 351 37 177
47 350 38 171
52 387 40 154
49 355 40 155
51 393 36 165
47 314 45 163
49 372 39 158
50 352 37 164
53 353 42 155
43 350 39 161
49 366 36 166
42 362 42 167
53 352 36 171
47 379 46 155
51 345 42 158
49 355 40 155
44 326 44 159
46 339 43 160
51 343 45 157
53 353 42 155
46 329 43 162
53 402 37 163
42 362 42 167
52 342 44 158
48 375 38 160
46 315 42 168
48 350 44 157
49 308 43 164
52 316 40 162
43 350 39 161
53 353 42 155
44 326 44 159
54 378 37 163
45 320 40 169
43 322 43 166
48 333 46 157
54 378 37 163
52 342 44 158
47 350 38 171
44 326 44 159
44 326 44 159
55 382 42 153
50 352 37 164
46 339 43 160
47 345 40 164
55 382 42 153
43 350 39 161
43 350 39 161
48 375 38 160
55 337 40 157
49 366 36 166
49 366 36 166
55 382 42 153
48 351 37 177
46 315 42 168
52 342 44 158
48 333 46 157
43 350 39 161
53 335 52 156
42 320 42 170
49 355 40 155
47 379 46 155
52 387 40 154
51 393 36 165
54 378 37 163
47 341 43 159
53 335 52 156
43 328 43 165
46 315 42 168
47 341 43 159
46 339 43 160
52 387 40 154
52 342 44 158
49 366 36 166
43 350 39 161
47 345 40 164
45 320 40 169
42 362 42 167
42 362 42 167
44 326 44 159
55 382 42 153
46 323 44 161
47 345 40 164
42 362 42 167
49 364 38 167
53 353 42 155
42 320 42 170
48 333 46 157
44 326 44 159
54 378 37 163
45 373 38 164
53 335 52 156
44 326 44 159
42 362 42 167
47 345 40 164
49 364 38 167
43 328 43 165
53 335 52 156
46 329 43 162
51 343 45 157
47 379 46 155
48 333 46 157
53 352 36 171
49 355 40 155
43 322 43 166
43 328 43 165
52 316 40 162
49 372 39 158
47 379 46 155
58 371 46 154
47 341 43 159
47 314 45 163
45 373 38 164
55 382 42 153
55 382 42 153
49 366 36 166
42 320 42 170
48 351 37 177
48 333 46 157
50 352 37 164
52 387 40 154
43 322 43 166
49 308 43 164
42 320 42 170
48 375 38 160
43 350 39 161
48 351 37 177
48 351 37 177
51 345 42 158
53 402 37 163
42 320 42 170
42 320 42 170
46 339 43 160
42 320 42 170
44 326 44 159
58 371 46 154
48 333 46 157
49 308 43 164
48 350 44 157
58 371 46 154
42 320 42 170
43 328 43 165
43 322 43 166
48 351 37 177
48 333 46 157
43 328 43 165
47 341 43 159
58 371 46 154
53 402 37 163
42 320 42 170
42 320 42 170
53 335 52 156
49 372 39 158
46 315 42 168
49 364 38 167
51 343 45 157
53 352 36 171
52 342 44 158
45 373 38 164
47 341 43 159
48 351 37 177
55 382 42 153
42 320 42 170
46 339 43 160
54 378 37 163
52 387 40 154
51 393 36 165
48 333 46 157
51 393 36 165
53 402 37 163
49 355 40 155
51 393 36 165
49 308 43 164
51 393 36 165
47 314 45 163
58 371 46 154
53 352 36 171
51 337 38 160
49 366 36 166
45 373 38 164
42 362 42 167
48 333 46 157
55 382 42 153
53 353 42 155
53 352 36 171
45 320 40 169
42 320 42 170
47 379 46 155
52 387 40 154
51 393 36 165
54 378 37 163
51 345 42 158
46 315 42 168
47 341 43 159
46 339 43 160
52 387 40 154
52 342 44 158
43 350 39 161
47 345 40 164
52 342 44 158
42 362 42 167
44 326 44 159
46 323 44 161
49 364 38 167
42 320 42 170
48 333 46 157
54 378 37 163
44 326 44 159
42 362 42 167
47 345 40 164
49 364 38 167
43 328 43 165
55 382 42 153
48 375 38 160
46 315 42 168
48 350 44 157
49 308 43 164
52 316 40 162
42 362 42 167
54 378 37 163
45 320 40 169
43 322 43 166
53 402 37 163
47 350 38 171
44 326 44 159
46 329 43 162
50 352 37 164
46 339 43 160
47 345 40 164
55 382 42 153
51 343 45 157
43 350 39 161
48 375 38 160
55 337 40 157
49 366 36 166
55 382 42 153
48 351 37 177
46 315 42 168
52 387 40 154
58 371 46 154
49 372 39 158
42 320 42 170
53 335 52 156
46 315 42 168
51 343 45 157
52 342 44 158
51 393 36 165
47 341 43 159
55 382 42 153
42 320 42 170
46 339 43 160
43 328 43 165
51 393 36 165
51 393 36 165
53 402 37 163
49 355 40 155
51 393 36 165
51 393 36 165
47 314 45 163
58 371 46 154
51 337 38 160
49 366 36 166
47 350 38 171
55 382 42 153
48 375 38 160
48 333 46 157
49 355 40 155
52 316 40 162
58 371 46 154
47 341 43 159
47 314 45 163
55 382 42 153
49 366 36 166
42 362 42 167
50 352 37 164
52 387 40 154
42 320 42 170
53 352 36 171
43 350 39 161
43 350 39 161
53 402 37 163
42 320 42 170
44 326 44 159
48 333 46 157
48 350 44 157
47 395 37 178
42 320 42 170
43 328 43 165
43 322 43 166
