234427 2100.19
45 300 40 156
47 312 42 155
45 296 40 157
44 302 40 157
44 294 40 159
44 300 39 159
45 294 40 158
45 297 39 159
43 299 37 164
47 292 39 159
42 287 36 167
48 291 39 159
46 354 46 155
46 292 40 158
42 316 39 159
46 292 40 158
42 304 37 164
44 296 37 164
44 295 40 158
42 297 37 165
43 309 39 159
42 298 38 161
42 294 38 162
45 286 39 160
43 289 36 166
45 289 40 159
43 306 40 157
43 289 36 166
42 290 36 166
42 304 37 164
44 297 39 160
42 297 37 165
42 290 36 166
48 294 38 161
44 295 38 161
42 290 36 166
43 309 39 159
45 286 39 160
44 297 39 160
44 295 38 161
42 297 37 165
42 316 39 159
43 306 40 157
45 289 40 159
42 298 38 161
43 309 39 159
42 298 38 161
44 295 38 161
44 296 37 164
44 296 37 164
44 290 38 162
44 295 40 158
44 290 38 162
48 294 38 161
42 294 38 162
45 301 40 156
43 309 40 157
46 316 39 159
47 310 39 159
45 300 40 157
44 303 40 157
47 314 42 155
56 399 38 168
60 421 51 163
72 473 57 165
60 469 46 167
62 432 46 157
72 476 57 166
57 346 46 157
73 444 63 169
67 452 58 160
71 497 45 165
60 417 46 156
59 423 46 156
50 352 42 155
67 420 58 160
59 398 46 156
58 394 41 160
70 460 41 164
67 401 51 164
54 353 46 161
58 467 45 163
57 435 45 162
64 413 51 164
59 432 40 156
66 427 52 161
67 472 52 162
68 471 46 164
57 404 51 162
69 475 50 170
60 452 41 160
57 412 42 159
59 425 52 158
56 411 45 161
55 413 45 163
61 427 46 159
63 486 45 164
59 346 40 156
54 376 42 159
52 365 46 158
54 386 41 160
70 501 50 166
59 457 45 163
55 398 41 160
59 453 44 167
57 396 42 159
70 466 46 156
53 353 46 158
72 475 50 168
61 438 46 157
65 386 41 160
64 442 46 164
62 420 51 164
66 477 51 166
59 387 51 163
59 426 46 165
61 413 51 168
53 386 40 158
64 450 52 155
64 422 46 158
66 444 52 163
49 351 40 156
65 466 44 165
64 416 50 166
73 471 46 156
64 399 52 159
56 356 46 158
55 380 45 164
59 418 42 155
54 416 51 167
58 399 42 164
63 423 52 158
69 445 50 166
50 371 40 156
67 459 52 162
53 417 46 157
62 431 52 158
74 461 50 168
58 370 41 160
60 452 51 164
73 480 49 174
60 427 45 160
66 530 50 168
55 392 46 161
66 439 41 160
61 406 41 163
59 422 42 159
54 361 45 160
56 380 45 166
61 451 45 164
69 449 52 160
75 580 51 165
71 534 52 163
51 357 40 157
52 391 41 160
56 419 46 167
55 391 45 160
60 366 52 158
78 529 55 170
66 449 44 166
59 424 40 161
59 413 51 163
63 414 52 158
62 451 46 159
51 404 44 165
59 433 45 162
55 391 45 163
62 427 45 162
65 399 45 161
74 517 46 158
61 424 46 159
61 451 40 156
61 413 40 157
60 470 45 166
64 402 41 163
59 418 40 161
67 456 45 164
63 467 51 163
60 398 42 159
55 373 45 160
76 528 51 164
73 492 52 157
72 525 41 160
64 439 40 161
59 405 45 162
50 346 40 160
60 373 46 156
79 507 51 164
64 433 42 159
70 462 52 174
64 443 57 163
77 504 50 166
61 400 42 155
70 479 44 166
59 460 52 159
77 561 51 168
57 406 40 157
59 382 46 156
56 383 45 160
55 388 52 158
67 469 45 162
58 412 41 160
59 459 45 168
54 386 51 168
70 529 46 168
57 390 45 160
65 456 44 166
63 471 45 164
53 400 45 160
53 382 40 157
62 471 50 167
68 450 44 166
57 416 45 162
73 554 46 168
60 444 46 157
51 351 40 156
61 397 52 159
71 472 50 167
61 412 52 158
56 382 40 159
56 374 45 167
63 456 44 166
66 490 55 170
75 565 47 169
60 416 42 159
63 442 40 161
54 414 46 158
69 495 46 158
64 479 45 164
60 407 45 160
56 394 40 159
56 374 45 161
60 404 51 162
60 395 45 162
57 421 45 161
68 461 50 167
56 392 46 156
55 348 41 160
60 397 52 159
61 428 45 162
63 420 51 163
65 452 46 164
59 438 40 157
68 502 44 169
56 391 45 161
59 369 46 157
62 414 46 156
65 477 56 171
65 457 45 162
75 397 46 157
60 438 51 168
57 383 46 157
77 525 46 158
72 478 50 170
70 450 55 175
57 385 40 156
61 432 51 162
69 469 41 164
55 381 45 165
70 526 52 174
65 396 46 157
64 434 46 156
60 398 46 158
62 399 51 166
70 437 45 162
70 458 51 162
70 458 42 169
76 506 46 164
64 435 52 160
59 375 40 156
62 459 40 157
63 406 40 156
67 499 51 163
53 393 46 160
63 425 51 171
55 401 44 166
63 423 46 156
66 486 46 162
72 458 56 168
61 432 40 161
74 477 58 160
64 394 52 159
62 453 46 157
69 484 46 158
61 426 45 164
64 448 58 162
70 442 46 159
62 417 46 157
55 394 42 159
66 457 41 160
62 442 41 163
61 453 51 167
57 446 45 162
58 461 45 166
61 410 46 164
68 472 51 165
65 476 57 162
66 512 51 161
71 462 45 164
63 441 42 155
