62218 780.074
43 282 43 163
51 296 42 153
48 289 36 167
47 309 46 153
41 289 37 168
49 295 46 153
43 318 40 159
42 287 36 169
44 283 42 164
41 290 36 169
44 283 42 164
46 287 38 161
41 289 37 168
43 295 38 164
51 296 42 153
47 316 42 153
50 297 40 154
50 297 40 154
44 290 43 161
46 307 46 154
45 286 40 159
44 284 44 161
44 291 44 159
43 282 43 163
45 303 45 156
45 292 45 157
46 290 39 159
46 290 37 165
46 313 46 153
44 285 44 160
42 288 37 166
43 282 43 163
47 292 46 155
48 301 46 153
49 295 46 153
44 285 44 160
45 287 45 158
45 285 40 161
45 286 39 160
42 288 37 166
43 282 43 163
47 309 46 153
42 288 37 166
45 300 40 157
42 288 37 166
48 289 36 167
44 284 44 161
44 283 43 162
43 282 43 163
43 282 43 163
45 287 45 158
45 286 39 160
45 287 45 158
48 291 40 155
48 301 46 153
46 292 40 156
45 308 40 156
47 308 42 154
44 291 44 159
44 283 42 164
43 282 42 165
47 306 46 154
44 285 44 160
43 287 37 166
46 296 46 155
43 288 43 162
45 286 40 159
45 292 45 157
43 282 42 165
47 316 42 153
46 313 46 153
46 311 40 154
43 300 39 160
45 298 44 158
43 318 40 159
41 293 37 166
48 314 42 153
46 305 40 155
47 304 40 155
47 306 46 154
45 286 39 160
47 304 40 155
47 309 46 153
45 315 40 154
45 292 45 157
46 305 40 155
47 310 40 154
44 283 43 162
48 301 46 153
47 292 46 155
43 288 43 162
45 303 45 156
45 303 45 156
44 285 44 160
45 286 40 159
44 291 44 159
45 287 45 158
45 285 38 162
44 291 44 159
47 306 46 154
47 309 46 153
44 283 43 162
43 282 43 163
45 308 40 156
45 315 40 154
44 302 44 158
44 308 44 157
49 295 46 153
46 311 40 154
41 289 37 168
44 302 44 158
46 296 46 155
42 298 38 164
46 313 46 153
45 287 45 158
43 301 38 162
46 307 46 154
47 310 40 154
48 293 42 154
44 284 44 161
44 290 43 161
45 284 40 163
44 285 44 160
43 282 43 163
44 285 44 160
50 297 40 154
45 287 45 158
44 291 44 159
43 282 43 163
44 290 42 163
46 296 46 155
43 288 43 162
44 285 44 160
43 282 43 163
44 285 44 160
43 282 43 163
46 288 40 158
46 288 40 158
46 288 40 158
44 291 44 159
44 285 44 160
46 290 37 165
44 285 44 160
43 300 39 160
45 286 40 159
44 284 44 161
45 285 38 162
45 285 38 162
45 285 38 162
45 287 45 158
44 284 44 161
43 282 43 163
48 291 40 155
44 285 44 160
45 285 38 162
45 287 45 158
47 292 46 155
43 282 43 163
43 288 43 162
45 287 45 158
45 287 45 158
45 286 40 159
45 303 45 156
45 286 40 159
44 291 44 159
44 284 44 161
43 288 43 162
45 287 45 158
44 285 44 160
44 285 44 160
44 284 44 161
45 285 38 162
45 303 45 156
46 307 46 154
47 292 46 155
45 287 45 158
47 292 46 155
47 316 42 153
43 282 43 163
43 288 43 162
45 284 40 163
44 284 44 161
43 282 43 163
45 287 45 158
44 285 44 160
43 282 43 163
47 304 40 155
45 315 40 154
45 292 45 157
45 303 45 156
43 282 43 163
46 288 40 158
47 292 46 155
44 285 44 160
46 292 40 156
44 291 44 159
45 286 40 159
44 284 44 161
45 285 40 161
43 282 43 163
45 287 45 158
46 288 40 158
44 291 44 159
43 282 42 165
44 290 43 161
45 292 45 157
45 292 45 157
44 284 44 161
44 291 44 159
44 290 43 161
43 288 43 162
45 287 45 158
45 292 45 157
45 286 40 159
45 287 45 158
43 282 43 163
44 285 44 160
45 292 45 157
44 290 43 161
47 292 46 155
45 287 45 158
45 292 45 157
44 285 44 160
43 288 43 162
44 283 43 162
44 285 44 160
46 288 45 157
45 287 45 158
44 295 37 164
44 283 43 162
45 285 40 161
44 290 43 161
43 282 43 163
47 309 46 153
45 285 38 162
43 282 43 163
45 292 45 157
45 285 38 162
44 285 44 160
45 285 40 161
45 285 40 161
44 283 43 162
44 285 44 160
44 283 43 162
45 287 45 158
47 289 40 156
46 288 40 158
45 286 40 159
45 287 45 158
46 288 40 158
45 285 40 161
47 292 46 155
44 283 43 162
44 284 44 161
43 282 43 163
44 285 44 160
44 285 44 160
45 287 45 158
45 285 40 161
43 282 43 163
46 288 40 158
43 288 43 162
45 286 40 159
44 302 44 158
44 283 43 162
46 288 40 158
47 289 40 156
47 306 46 154
47 304 40 155
47 310 40 154
44 285 44 160
48 291 40 155
44 284 44 161
44 283 43 162
45 287 45 158
45 287 45 158
43 282 43 163
44 302 44 158
44 291 44 159
46 307 46 154
45 315 40 154
46 307 46 154
47 306 46 154
45 292 45 157
44 290 43 161
43 288 43 162
44 283 43 162
46 288 40 158
44 283 43 162
45 285 40 161
46 288 45 157
44 283 43 162
45 292 45 157
45 285 40 161
44 285 44 160
44 285 44 160
44 283 43 162
44 283 43 162
47 306 46 154
44 283 43 162
