62 1.31297
61 347 42 154
58 324 42 157
52 372 42 153
49 435 39 158
49 375 36 172
47 391 36 165
47 335 44 163
44 368 37 168
54 344 36 166
46 363 38 163
56 329 39 158
47 335 44 163
55 340 40 157
59 358 37 165
44 368 37 168
47 393 38 160
57 352 38 160
50 422 39 158
48 381 40 157
48 366 39 159
47 374 40 160
50 422 39 158
49 435 39 158
48 326 38 161
52 372 42 153
48 326 38 161
53 335 40 159
51 365 37 164
61 347 42 154
49 356 40 157
53 381 39 158
51 347 40 158
50 339 40 160
53 368 37 163
47 374 37 164
59 358 37 165
55 356 39 158
52 336 39 159
46 363 38 163
47 384 37 163
50 372 36 166
57 352 38 160
48 381 40 157
50 364 40 154
53 352 40 157
52 336 39 159
49 371 37 164
47 384 37 163
48 366 39 159
47 393 38 160
47 391 36 165
53 364 36 166
50 364 38 160
50 357 39 160
50 357 39 160
50 339 40 160
49 371 37 164
48 365 38 160
61 347 42 154
61 347 42 154
61 347 42 154
57 352 38 160
57 352 38 160
57 352 38 160
57 352 38 160
57 352 38 160
57 352 38 160
57 352 38 160
57 352 38 160
53 381 39 158
53 368 37 163
53 368 37 163
53 364 36 166
53 364 36 166
53 364 36 166
53 364 36 166
53 364 36 166
53 364 36 166
53 364 36 166
53 364 36 166
53 364 36 166
53 364 36 166
53 364 36 166
53 352 40 157
52 372 42 153
52 336 39 159
51 356 39 160
51 356 39 160
51 347 40 158
51 347 40 158
51 347 40 158
51 347 40 158
51 347 40 158
51 347 40 158
51 347 40 158
51 347 40 158
51 347 40 158
51 347 40 158
51 347 40 158
51 347 40 158
51 347 40 158
50 372 36 166
50 372 36 166
50 372 36 166
50 372 36 166
50 372 36 166
50 364 38 160
50 364 38 160
50 364 38 160
49 371 37 164
49 371 37 164
49 356 40 157
49 356 40 157
49 356 40 157
49 356 40 157
48 381 40 157
48 381 40 157
48 381 40 157
48 381 40 157
48 381 40 157
48 381 40 157
48 365 38 160
48 365 38 160
48 365 38 160
48 365 38 160
48 365 38 160
48 365 38 160
48 326 38 161
48 326 38 161
48 326 38 161
47 393 38 160
47 393 38 160
47 393 38 160
47 391 36 165
47 391 36 165
47 391 36 165
47 384 37 163
47 384 37 163
47 384 37 163
47 384 37 163
47 384 37 163
47 384 37 163
47 374 37 164
47 335 44 163
47 335 44 163
47 335 44 163
47 335 44 163
71 464 36 166
58 404 36 170
55 426 42 153
53 410 36 167
51 331 38 163
49 394 46 158
47 391 44 161
67 395 37 165
62 401 38 160
71 464 36 166
60 365 42 154
51 400 45 157
54 432 38 160
60 368 40 155
60 382 36 169
56 412 37 164
52 383 39 160
50 401 40 154
48 369 38 165
57 347 40 157
53 343 38 162
49 358 38 162
51 394 37 166
55 359 40 159
58 358 39 160
56 369 40 155
56 347 37 167
54 368 38 161
53 366 39 159
52 378 40 157
56 347 37 167
55 377 40 154
58 395 42 153
55 368 39 158
53 410 36 167
56 399 37 165
67 443 37 166
60 397 46 154
59 354 42 158
56 462 38 160
56 382 37 167
51 393 51 161
48 391 42 165
54 415 44 158
66 447 40 154
65 367 45 157
62 400 38 161
57 382 45 159
49 393 38 163
50 369 38 164
52 375 40 162
55 389 44 160
59 453 37 165
55 404 40 156
56 436 38 161
57 356 38 162
62 396 40 155
61 390 40 156
54 370 38 162
59 367 39 160
49 396 38 162
51 366 38 165
57 391 40 157
58 392 39 158
58 376 40 158
56 381 42 161
51 392 38 162
67 472 38 160
63 368 45 159
61 409 40 156
59 512 38 160
52 372 38 165
51 401 43 162
65 385 40 160
60 378 42 158
59 370 39 162
57 403 40 159
59 469 40 157
58 475 38 161
63 393 39 161
60 438 39 159
63 400 40 156
54 389 38 162
55 388 38 162
58 397 40 158
60 437 38 161
60 394 40 158
52 403 38 162
67 511 38 161
62 438 40 156
59 439 45 159
56 375 38 165
54 397 38 166
51 402 44 163
63 421 40 157
63 457 39 159
64 413 39 161
53 443 40 162
54 405 38 163
57 421 44 160
60 399 40 158
61 433 40 157
58 390 38 162
62 395 40 160
57 411 38 162
58 436 40 160
72 480 40 156
69 490 39 160
63 485 40 156
63 391 38 162
62 404 45 161
58 398 42 165
56 452 38 164
66 460 42 156
58 439 40 160
60 407 40 159
60 426 38 162
62 450 40 157
66 425 40 158
59 394 38 164
62 446 40 158
58 425 38 164
70 457 40 157
65 471 46 157
64 516 40 158
64 401 38 162
62 437 38 163
61 417 42 164
60 431 43 164
65 423 45 161
69 412 40 159
60 459 40 159
66 437 40 158
67 414 40 161
62 455 38 162
63 421 38 163
63 405 40 163
62 426 40 159
68 459 40 159
66 426 40 160
65 431 38 165
63 463 40 159
62 487 40 162
63 454 40 160
68 478 40 159
68 434 40 161
67 529 40 159
64 470 40 161
76 492 40 161
71 536 40 159
70 494 40 160
69 545 40 159
76 546 40 159
57 348 38 160
50 354 46 153
49 371 46 153
48 409 36 165
46 324 36 166
45 370 36 168
45 370 36 168
43 351 43 165
56 378 42 153
54 350 40 157
45 382 37 166
43 353 42 164
51 363 36 165
44 360 44 160
46 384 46 154
46 324 36 166
45 338 40 164
53 336 45 155
47 357 39 161
46 384 46 154
55 403 42 153
49 341 37 163
45 361 38 162
45 349 45 157
50 354 39 159
47 398 38 160
52 347 40 158
51 330 45 158
50 347 45 155
49 335 40 162
47 398 38 160
45 350 43 160
46 367 44 158
50 407 36 165
48 341 38 161
53 355 40 156
51 358 40 154
46 367 45 155
53 406 42 153
49 402 40 155
47 336 37 164
49 371 46 153
52 335 38 162
46 367 44 158
45 353 45 156
44 370 44 159
57 348 38 160
53 336 45 155
52 335 38 162
44 370 44 159
43 353 42 164
49 341 37 163
48 341 38 161
47 336 37 164
51 330 45 158
45 342 44 160
49 402 40 155
53 406 42 153
46 339 44 160
49 359 40 158
48 409 36 165
48 362 40 158
47 369 40 156
46 366 40 160
53 355 40 156
51 363 36 165
51 357 40 157
51 338 42 155
50 407 36 165
50 360 40 157
50 354 39 159
49 349 38 160
48 364 39 158
48 364 39 158
47 369 40 156
47 365 46 154
47 365 46 154
47 352 40 160
47 352 40 160
46 348 44 159
45 361 38 162
45 342 44 160
57 348 38 160
57 348 38 160
57 348 38 160
53 406 42 153
53 406 42 153
53 406 42 153
53 406 42 153
53 406 42 153
53 406 42 153
53 406 42 153
53 406 42 153
53 406 42 153
53 406 42 153
53 406 42 153
53 406 42 153
53 406 42 153
53 406 42 153
53 355 40 156
53 355 40 156
53 336 45 155
52 347 40 158
52 347 40 158
52 347 40 158
52 335 38 162
51 363 36 165
51 363 36 165
51 363 36 165
51 363 36 165
51 363 36 165
51 363 36 165
51 357 40 157
51 357 40 157
51 357 40 157
51 357 40 157
51 330 45 158
51 330 45 158
51 330 45 158
50 407 36 165
50 407 36 165
50 360 40 157
50 360 40 157
50 360 40 157
50 360 40 157
50 360 40 157
50 360 40 157
50 360 40 157
50 360 40 157
50 360 40 157
50 360 40 157
50 360 40 157
50 360 40 157
50 360 40 157
50 354 46 153
50 354 46 153
50 354 46 153
50 354 46 153
50 354 46 153
50 354 46 153
50 354 39 159
50 354 39 159
50 347 45 155
50 347 45 155
49 402 40 155
49 402 40 155
49 349 38 160
49 341 37 163
48 364 39 158
47 352 40 160
46 367 44 158
46 324 36 166
45 349 45 157
45 349 45 157
45 338 40 164
45 338 40 164
64 510 36 165
57 399 42 153
50 389 45 157
48 348 36 167
46 371 44 159
49 410 40 159
55 377 40 154
51 357 37 163
53 370 39 158
47 373 43 162
48 387 38 162
54 357 42 155
47 396 45 158
51 349 38 160
51 350 42 157
51 395 40 154
55 366 40 159
49 359 40 161
50 357 45 160
53 361 42 155
51 350 42 157
48 359 44 161
51 375 40 155
50 361 38 161
48 359 44 161
51 350 42 157
62 442 42 153
57 459 39 158
54 377 37 163
54 360 44 160
52 358 38 162
50 383 38 164
47 381 43 162
61 429 40 154
51 364 42 160
60 406 40 155
57 369 42 157
49 379 44 159
61 394 39 158
54 363 38 161
48 390 40 162
53 401 40 156
53 408 40 155
52 393 40 159
51 386 42 155
50 361 40 163
57 386 40 157
53 364 40 160
53 375 42 155
51 379 38 160
69 478 42 153
64 484 39 158
57 412 37 163
55 387 46 156
53 393 38 164
52 365 43 163
49 425 43 163
66 456 39 158
61 429 38 161
67 428 40 155
58 435 38 160
54 415 44 157
52 399 38 162
56 392 45 155
56 386 42 157
63 466 40 155
53 412 45 159
52 385 40 160
58 378 42 159
56 406 40 158
57 417 40 156
53 429 40 156
56 465 38 160
58 388 40 159
57 383 40 160
53 419 40 159
56 384 40 160
57 394 42 155
70 467 39 160
60 409 42 155
58 441 37 163
58 388 40 163
57 402 46 156
56 455 38 164
52 396 43 163
61 461 38 161
56 391 45 157
53 441 43 162
59 435 40 156
55 405 40 164
56 410 40 158
59 428 37 163
56 433 42 157
56 394 40 160
58 424 40 157
57 412 38 162
59 415 42 156
60 388 42 160
55 413 40 162
66 485 39 161
63 470 42 155
59 436 37 163
57 413 45 157
56 403 40 161
62 466 40 156
57 464 38 162
58 426 40 157
56 426 44 160
60 412 40 160
56 435 44 157
59 422 38 163
59 415 40 160
68 530 38 162
58 479 46 157
58 403 40 161
56 446 40 161
61 443 43 160
62 451 40 157
59 449 40 158
58 463 40 160
59 450 45 157
62 447 42 157
66 471 40 157
66 410 40 161
60 427 42 164
59 453 40 158
59 450 44 160
58 412 43 164
64 452 40 160
69 445 44 162
61 451 43 168
59 455 40 158
66 466 40 158
59 483 45 158
59 459 40 160
63 479 40 159
71 463 40 160
66 493 40 158
65 471 40 162
64 482 40 160
60 530 45 159
60 516 43 162
70 503 40 158
68 503 44 160
52 366 42 153
50 394 36 165
48 370 46 153
47 374 46 153
46 322 40 160
45 356 36 166
42 332 37 166
43 331 38 162
45 375 44 158
52 352 42 154
45 375 44 158
49 353 40 154
45 354 45 156
47 337 40 156
47 336 40 159
46 330 38 164
46 344 46 156
48 351 39 158
47 344 37 163
44 354 39 161
44 349 37 165
47 337 38 160
42 332 37 166
46 364 38 160
47 374 46 153
46 322 40 160
45 360 45 155
45 358 37 164
49 353 40 154
48 351 39 158
45 360 45 155
44 354 39 161
52 352 42 154
47 348 40 155
47 336 40 159
46 354 38 161
47 360 46 154
47 344 37 163
48 370 46 153
47 360 46 154
46 364 38 160
47 348 40 155
46 345 40 158
46 356 39 158
46 350 46 155
45 358 37 164
48 355 46 154
48 355 46 154
47 353 39 158
47 337 38 160
46 351 40 156
46 345 40 158
44 349 37 165
49 353 40 154
49 353 40 154
49 353 40 154
48 370 46 153
48 351 39 158
48 351 39 158
47 374 46 153
47 374 46 153
47 374 46 153
47 374 46 153
47 374 46 153
47 374 46 153
47 353 39 158
47 353 39 158
47 353 39 158
47 353 39 158
47 353 39 158
47 348 40 155
47 348 40 155
47 348 40 155
47 337 38 160
47 337 38 160
47 336 40 159
46 364 38 160
46 364 38 160
46 356 39 158
46 356 39 158
46 356 39 158
46 356 39 158
46 354 38 161
46 354 38 161
46 354 38 161
46 354 38 161
46 354 38 161
46 351 40 156
46 351 40 156
46 345 40 158
46 345 40 158
46 344 46 156
46 344 46 156
46 344 46 156
46 344 46 156
46 344 46 156
46 344 46 156
46 344 46 156
46 344 46 156
46 344 46 156
46 322 40 160
45 360 45 155
45 360 45 155
45 360 45 155
45 360 45 155
45 360 45 155
45 360 45 155
45 360 45 155
45 360 45 155
45 360 45 155
45 358 37 164
45 358 37 164
45 358 37 164
45 354 45 156
45 354 45 156
45 354 45 156
45 354 45 156
45 354 45 156
45 354 45 156
44 349 37 165
44 349 37 165
44 349 37 165
44 349 37 165
44 349 37 165
57 398 40 154
54 403 36 165
51 394 46 153
49 330 43 160
47 365 36 167
47 365 36 167
43 338 38 162
54 338 44 159
46 367 39 158
43 353 37 166
48 345 42 156
53 352 37 163
48 363 46 154
57 367 42 153
50 379 37 164
50 341 40 157
48 391 40 156
47 365 38 160
49 357 39 158
55 373 42 153
48 383 37 163
52 375 42 153
49 367 40 155
56 402 40 154
48 348 40 158
48 359 36 166
54 403 36 165
43 338 38 162
54 403 36 165
54 403 36 165
47 365 36 167
47 365 36 167
47 365 36 167
47 365 36 167
47 365 36 167
47 365 36 167
43 338 38 162
67 468 40 154
52 381 42 153
51 367 46 155
48 361 36 167
48 361 36 167
47 342 42 166
45 365 44 163
58 461 36 165
56 407 37 163
58 387 39 158
48 392 46 155
46 378 39 161
49 429 40 155
51 349 38 162
48 357 38 162
53 385 40 155
50 371 38 160
51 387 37 165
55 381 36 166
48 363 40 161
48 366 45 156
52 416 36 166
50 343 40 157
50 387 45 155
49 352 45 157
52 371 40 156
51 412 37 163
49 429 40 155
49 373 40 157
50 353 38 162
49 389 40 156
65 450 42 153
56 389 46 154
50 366 36 168
49 421 38 164
61 414 37 164
58 443 39 158
51 398 45 157
51 385 44 158
54 409 37 165
59 373 40 156
59 401 38 160
52 375 40 159
60 422 37 163
53 375 42 158
60 432 42 154
51 371 38 162
55 430 38 160
50 381 38 161
57 415 38 160
54 422 36 167
56 386 36 166
50 373 46 156
54 392 40 155
53 388 39 160
56 386 36 166
51 394 46 155
51 371 39 161
52 400 40 156
53 377 38 161
53 377 40 156
56 386 36 166
56 386 36 166
56 386 36 166
56 386 36 166
71 510 37 163
63 549 37 165
56 391 46 154
56 375 40 164
54 404 36 168
51 381 39 161
66 480 42 154
60 449 39 159
61 394 40 156
59 436 38 160
59 389 42 156
56 426 36 166
57 409 38 161
52 384 38 163
53 401 40 157
54 427 36 167
54 392 40 157
55 379 38 162
54 396 40 155
54 397 38 162
71 448 38 160
66 469 36 168
59 417 36 169
56 425 46 154
52 389 38 163
51 414 40 162
56 396 40 155
53 429 44 159
53 415 44 160
52 420 45 161
54 419 45 156
55 404 40 155
54 403 40 157
55 397 40 159
54 402 38 162
66 492 40 155
56 414 46 155
52 397 38 164
58 432 45 155
55 406 42 159
58 418 38 162
59 423 40 156
55 422 40 158
54 397 38 163
57 404 40 159
56 411 46 156
58 418 40 157
57 430 40 156
56 412 40 159
66 452 38 162
61 452 40 156
59 451 44 159
59 410 38 165
58 421 38 163
58 406 40 160
57 475 40 159
55 412 44 160
63 435 40 156
61 447 40 157
61 464 38 162
62 412 38 164
58 457 40 159
68 507 42 156
61 480 45 157
60 428 38 163
58 481 40 160
63 459 40 160
59 458 44 160
62 478 40 159
63 431 42 160
68 544 40 160
63 460 38 163
61 452 45 163
60 505 45 160
