168898 2880.35
29 236 27 150
31 263 31 141
39 247 30 142
29 236 26 152
33 247 33 140
30 229 29 149
29 236 26 152
30 235 26 151
29 257 28 145
38 232 29 145
33 248 31 141
36 235 32 143
36 237 29 143
32 240 29 145
31 263 31 141
33 252 30 142
36 235 32 143
38 233 27 146
36 235 27 146
36 238 28 144
37 243 33 141
32 258 30 142
32 250 31 141
36 248 30 142
30 261 29 143
34 238 27 148
30 229 29 149
30 230 30 148
35 237 29 145
33 241 28 144
34 238 27 148
30 245 27 146
37 243 33 141
32 258 30 142
37 243 33 141
31 262 30 142
30 246 28 144
38 232 29 145
32 242 27 146
35 240 29 143
39 247 30 142
36 237 29 143
31 244 29 144
33 241 32 143
34 238 27 148
32 258 30 142
29 255 27 146
33 252 30 142
36 237 29 143
34 237 29 147
32 258 30 142
33 241 28 144
32 242 27 146
32 233 32 147
38 234 30 144
33 247 33 140
29 255 27 146
30 235 26 151
36 235 32 143
36 234 29 145
32 258 30 142
29 236 27 150
37 243 33 141
30 230 30 148
29 255 27 146
33 252 30 142
38 232 29 145
36 234 29 145
36 234 29 145
35 249 30 142
30 245 27 146
38 232 29 145
36 237 29 143
32 244 28 144
35 249 30 142
30 245 27 146
32 240 29 145
36 238 28 144
38 233 27 146
30 243 30 144
32 258 30 142
30 243 30 144
31 262 30 142
33 241 32 143
38 233 27 146
31 244 29 144
32 242 27 146
31 262 30 142
36 237 29 143
31 246 29 143
36 235 27 146
31 242 29 146
31 235 28 149
32 250 31 141
36 236 30 144
33 239 27 146
31 257 31 142
31 246 29 143
35 239 30 144
33 247 33 140
33 241 32 143
31 263 31 141
32 240 29 145
29 236 26 152
36 238 28 144
33 252 30 142
36 235 32 143
38 233 32 143
36 235 27 146
32 242 27 146
36 235 27 146
38 233 27 146
36 238 28 144
31 246 29 143
30 245 27 146
32 258 30 142
33 252 30 142
36 234 29 145
36 235 32 143
36 238 28 144
36 235 32 143
32 242 27 146
33 252 30 142
32 258 30 142
36 238 28 144
30 245 27 146
39 236 29 144
36 237 29 143
36 235 27 146
35 241 31 142
33 252 30 142
38 232 29 145
31 263 31 141
32 258 30 142
36 234 29 145
38 232 29 145
36 235 27 146
31 244 29 144
29 255 27 146
31 257 31 142
38 233 27 146
32 242 27 146
35 240 29 143
30 246 28 144
36 237 29 143
31 246 29 143
32 258 30 142
32 242 27 146
38 233 27 146
38 232 29 145
36 237 29 143
30 235 26 151
32 258 30 142
35 249 30 142
38 233 27 146
36 238 28 144
29 255 27 146
35 240 29 143
30 246 28 144
30 243 30 144
32 242 27 146
30 245 27 146
36 248 30 142
32 242 27 146
31 246 29 143
31 244 29 144
34 238 27 148
36 237 29 143
30 246 28 144
36 234 29 145
36 234 29 145
38 232 29 145
32 242 29 143
36 237 29 143
38 232 29 145
38 233 27 146
33 247 33 140
32 240 29 145
36 237 29 143
36 234 29 145
36 235 32 143
36 238 28 144
36 235 27 146
36 234 29 145
32 258 30 142
30 245 27 146
35 249 30 142
30 245 27 146
36 234 29 145
36 237 29 143
35 249 30 142
36 235 32 143
36 235 27 146
38 233 27 146
30 243 30 144
29 257 28 145
36 237 29 143
32 258 30 142
36 235 27 146
32 258 30 142
31 246 29 143
39 236 29 144
31 246 29 143
32 242 27 146
29 255 27 146
29 255 27 146
38 233 27 146
36 235 32 143
32 240 29 145
32 240 29 145
36 238 31 142
36 237 29 143
39 236 29 144
32 242 27 146
38 232 29 145
30 246 28 144
33 252 30 142
39 236 29 144
35 240 29 143
36 234 29 145
36 235 27 146
31 246 29 143
38 232 29 145
36 237 29 143
30 245 27 146
36 237 29 143
38 233 27 146
36 238 31 142
31 244 29 144
30 245 27 146
36 237 29 143
33 241 32 143
31 262 30 142
33 239 27 146
38 232 29 145
36 235 32 143
31 246 29 143
30 245 27 146
29 241 27 147
35 240 29 143
35 249 30 142
30 245 27 146
32 242 27 146
35 249 30 142
38 233 27 146
39 247 30 142
32 244 28 144
35 238 32 143
36 237 29 143
36 236 30 144
31 244 29 144
38 232 29 145
36 237 29 143
36 235 27 146
38 232 29 145
36 237 29 143
32 258 30 142
36 235 27 146
38 233 27 146
32 242 27 146
36 235 27 146
36 234 29 145
34 237 29 147
36 235 32 143
32 258 30 142
36 236 30 144
36 234 29 145
30 245 27 146
38 233 27 146
36 248 30 142
36 234 29 145
36 235 27 146
30 243 30 144
31 246 29 143
30 246 28 144
29 257 28 145
32 242 29 143
31 246 29 143
38 233 32 143
31 262 30 142
33 252 30 142
36 238 28 144
34 238 27 148
30 246 28 144
36 237 29 143
36 235 32 143
37 243 33 141
36 248 30 142
39 236 29 144
34 237 29 147
30 229 29 149
39 247 30 142
36 235 32 143
30 245 29 145
36 238 28 144
38 233 27 146
33 252 30 142
38 232 29 145
32 242 27 146
36 234 29 145
