236672 1560.09
37 250 30 142
37 232 27 145
36 231 33 141
35 238 33 140
34 262 30 142
32 237 27 145
32 225 29 144
32 240 31 142
34 227 29 143
36 232 31 141
35 251 30 142
37 230 28 144
32 235 29 143
37 250 30 142
36 231 33 141
34 233 31 141
37 230 28 144
32 237 28 144
34 230 31 142
34 234 28 144
34 234 28 144
34 233 31 141
32 237 28 144
37 230 28 144
37 230 28 144
37 230 28 144
37 230 28 144
37 230 28 144
37 230 28 144
37 230 28 144
37 230 28 144
37 230 28 144
37 230 28 144
37 230 28 144
37 230 28 144
37 230 28 144
37 230 28 144
34 230 31 142
34 230 31 142
34 230 31 142
34 230 31 142
32 237 28 144
32 237 28 144
32 237 28 144
32 237 28 144
32 237 28 144
40 251 30 142
37 233 27 145
37 227 29 143
36 240 33 140
35 255 30 142
35 244 33 140
33 242 27 145
32 236 29 143
40 231 28 144
33 246 31 142
37 235 31 141
35 235 33 141
37 253 30 142
32 239 28 144
34 238 31 141
34 231 29 143
36 232 33 141
32 239 28 144
35 236 31 141
34 238 27 145
37 233 27 145
37 232 28 144
37 233 27 145
37 232 28 144
37 232 28 144
37 232 28 144
37 232 28 144
37 232 28 144
37 232 28 144
37 232 28 144
37 232 28 144
37 232 28 144
37 232 28 144
34 236 28 144
34 231 31 142
34 231 31 142
34 231 29 143
34 231 29 143
34 231 29 143
32 239 28 144
32 239 28 144
32 239 28 144
32 236 29 143
32 236 29 143
32 236 29 143
32 236 29 143
32 236 29 143
32 236 29 143
41 236 31 141
40 232 33 141
37 234 27 145
37 227 29 144
35 256 30 142
35 250 33 140
33 246 27 145
32 238 29 144
33 248 31 142
40 253 30 142
36 242 33 140
37 229 29 143
37 233 28 144
40 232 33 141
32 241 28 144
34 239 31 141
32 240 29 143
34 231 29 144
36 235 33 141
40 253 30 142
37 229 29 143
37 234 27 145
37 231 31 142
36 235 33 141
34 239 27 145
34 233 29 143
37 231 31 142
34 239 28 144
34 233 31 142
34 233 31 142
34 233 29 143
34 231 31 143
34 231 31 143
34 231 29 144
38 253 31 141
37 230 29 143
36 248 33 140
35 260 30 142
34 242 27 145
33 250 27 145
32 240 31 143
37 257 30 142
36 237 33 141
33 243 28 144
32 245 29 143
37 238 28 144
38 253 31 141
36 258 30 142
36 234 29 143
34 235 31 143
35 237 31 142
34 238 31 142
37 255 31 141
37 232 31 142
34 240 28 144
33 243 28 144
34 238 29 143
34 238 29 143
40 261 30 142
38 239 33 141
37 231 29 143
36 249 33 140
35 265 30 142
34 244 27 145
34 244 27 145
34 240 29 143
39 254 31 141
34 244 31 142
40 232 31 142
38 238 28 144
37 263 31 141
34 243 28 144
39 237 31 142
35 241 31 142
36 240 28 144
36 240 31 142
43 242 33 141
40 231 29 143
38 275 30 142
38 247 27 145
36 255 33 140
35 248 27 145
34 240 29 144
40 254 31 141
39 239 28 144
39 252 33 140
35 242 31 142
37 233 29 143
40 241 31 142
34 241 29 143
34 249 28 144
34 249 28 144
37 233 29 143
35 240 29 143
35 247 28 144
44 244 33 141
40 275 30 142
39 258 33 140
37 233 31 143
36 250 27 147
34 244 29 144
42 269 27 145
42 256 31 141
40 241 28 144
38 233 29 143
34 251 28 144
41 262 31 141
35 245 31 142
41 271 27 145
37 234 29 143
40 272 31 141
34 246 29 143
36 249 28 144
39 242 28 144
35 243 29 143
35 245 31 142
37 234 29 143
39 244 31 142
37 234 29 143
45 270 31 141
42 272 31 141
41 235 29 143
40 296 30 142
39 247 28 144
34 255 28 144
42 281 30 142
35 247 31 142
35 245 29 143
44 245 31 142
38 236 29 143
37 250 28 144
37 236 31 143
37 240 29 143
44 303 30 142
39 249 28 144
38 236 29 144
35 248 31 142
35 245 29 144
35 260 30 143
39 238 29 143
36 251 29 143
37 241 29 143
39 238 29 143
43 240 29 143
42 249 28 144
41 246 31 143
39 294 28 144
38 238 29 144
35 250 31 142
36 274 30 143
37 272 29 143
37 254 30 143
39 248 31 142
37 249 31 143
39 251 29 143
43 258 28 144
39 279 29 143
39 250 31 142
38 242 29 144
35 253 31 142
37 260 30 144
42 254 29 143
36 250 31 143
41 266 29 143
40 253 30 143
48 279 28 144
44 288 28 144
39 251 31 142
36 267 31 142
35 253 31 143
38 288 30 144
42 256 29 143
41 267 29 143
41 258 30 143
37 263 31 142
40 260 30 143
40 255 30 144
39 257 30 144
43 260 30 143
43 256 30 144
41 269 29 143
40 254 31 142
40 254 31 142
39 266 31 142
38 295 30 144
40 294 30 143
42 260 29 144
41 261 30 143
40 258 30 144
45 270 29 143
43 254 31 142
42 282 29 143
40 267 31 142
41 258 31 143
43 267 30 143
44 273 29 143
42 257 31 142
47 272 31 142
45 287 31 142
44 282 29 145
43 293 29 143
43 268 30 145
41 279 31 143
50 294 31 142
48 307 31 142
44 282 31 143
