202842 1140.11
43 238 30 142
39 228 29 143
36 236 31 141
35 238 31 141
34 266 30 142
33 243 28 144
32 252 29 145
33 243 31 142
39 228 29 143
33 234 29 143
37 246 30 142
36 247 30 142
41 239 30 142
39 241 30 142
41 239 30 142
43 238 30 142
35 230 31 143
36 231 29 143
34 236 31 142
35 238 31 141
39 241 30 142
36 232 31 142
36 232 31 142
36 231 29 143
35 235 31 142
35 235 31 142
33 234 29 143
43 238 30 142
43 238 30 142
43 238 30 142
43 238 30 142
43 238 30 142
43 238 30 142
43 238 30 142
43 238 30 142
43 238 30 142
43 238 30 142
43 238 30 142
43 238 30 142
43 238 30 142
43 238 30 142
43 238 30 142
43 238 30 142
43 238 30 142
43 238 30 142
43 238 30 142
43 238 30 142
43 238 30 142
43 238 30 142
43 238 30 142
43 238 30 142
43 238 30 142
43 238 30 142
43 238 30 142
43 238 30 142
43 238 30 142
43 238 30 142
43 238 30 142
43 238 30 142
43 238 30 142
43 238 30 142
43 238 30 142
43 238 30 142
43 238 30 142
43 238 30 142
43 238 30 142
43 238 30 142
43 238 30 142
43 238 30 142
43 238 30 142
43 238 30 142
43 238 30 142
43 238 30 142
43 238 30 142
43 238 30 142
43 238 30 142
43 238 30 142
43 238 30 142
43 238 30 142
43 238 30 142
43 238 30 142
43 238 30 142
43 238 30 142
43 238 30 142
43 238 30 142
43 238 30 142
43 238 30 142
43 238 30 142
43 238 30 142
43 238 30 142
43 238 30 142
43 238 30 142
43 238 30 142
43 238 30 142
43 238 30 142
43 238 30 142
43 238 30 142
43 238 30 142
43 238 30 142
43 238 30 142
43 238 30 142
43 238 30 142
43 238 30 142
43 238 30 142
43 238 30 142
43 238 30 142
43 238 30 142
43 238 30 142
43 238 30 142
43 238 30 142
43 238 30 142
43 238 30 142
43 238 30 142
43 238 30 142
43 238 30 142
43 238 30 142
43 238 30 142
43 238 30 142
43 238 30 142
43 238 30 142
43 238 30 142
43 238 30 142
43 238 30 142
43 238 30 142
43 238 30 142
43 238 30 142
43 238 30 142
43 238 30 142
43 238 30 142
43 238 30 142
43 238 30 142
43 238 30 142
43 238 30 142
43 238 30 142
43 238 30 142
43 238 30 142
43 238 30 142
43 238 30 142
43 238 30 142
43 238 30 142
43 238 30 142
43 238 30 142
43 238 30 142
43 238 30 142
43 238 30 142
43 238 30 142
43 238 30 142
43 238 30 142
43 238 30 142
43 238 30 142
43 238 30 142
43 238 30 142
43 238 30 142
43 238 30 142
43 238 30 142
43 238 30 142
43 238 30 142
43 238 30 142
43 238 30 142
43 238 30 142
43 238 30 142
43 238 30 142
43 238 30 142
43 238 30 142
43 238 30 142
43 238 30 142
43 238 30 142
43 238 30 142
43 238 30 142
43 238 30 142
43 238 30 142
43 238 30 142
43 238 30 142
43 238 30 142
43 238 30 142
43 238 30 142
43 238 30 142
43 238 30 142
43 238 30 142
43 238 30 142
43 238 30 142
43 238 30 142
43 238 30 142
43 238 30 142
43 238 30 142
43 238 30 142
43 238 30 142
43 238 30 142
43 238 30 142
43 238 30 142
43 238 30 142
43 238 30 142
43 238 30 142
43 238 30 142
43 238 30 142
43 238 30 142
43 238 30 142
43 238 30 142
43 238 30 142
43 238 30 142
43 238 30 142
43 238 30 142
43 238 30 142
43 238 30 142
43 238 30 142
43 238 30 142
43 238 30 142
43 238 30 142
43 238 30 142
43 238 30 142
43 238 30 142
43 238 30 142
43 238 30 142
43 238 30 142
43 238 30 142
43 238 30 142
43 238 30 142
43 238 30 142
43 238 30 142
43 238 30 142
43 238 30 142
43 238 30 142
43 238 30 142
43 238 30 142
43 238 30 142
43 238 30 142
43 238 30 142
43 238 30 142
43 238 30 142
43 238 30 142
43 238 30 142
43 238 30 142
43 238 30 142
43 238 30 142
43 238 30 142
43 238 30 142
43 238 30 142
43 238 30 142
43 238 30 142
43 238 30 142
43 238 30 142
43 238 30 142
43 238 30 142
43 238 30 142
43 238 30 142
43 238 30 142
43 238 30 142
43 238 30 142
43 238 30 142
43 238 30 142
41 239 30 142
41 239 30 142
41 239 30 142
41 239 30 142
41 239 30 142
41 239 30 142
41 239 30 142
41 239 30 142
41 239 30 142
41 239 30 142
41 239 30 142
41 239 30 142
43 242 31 141
40 235 29 143
37 261 31 141
43 239 30 142
39 244 30 142
41 248 31 141
39 259 31 141
41 236 31 142
41 242 30 142
44 264 31 141
43 235 29 143
42 250 29 143
39 250 30 142
43 241 30 142
42 236 31 143
41 243 30 142
40 244 30 142
40 244 30 142
43 238 31 142
43 238 31 142
43 242 30 142
43 235 30 143
43 235 30 143
43 235 30 143
42 247 30 142
39 257 30 142
39 257 30 142
39 257 30 142
44 246 30 142
43 247 30 142
43 247 30 142
39 258 30 142
47 251 34 143
39 259 30 142
44 258 30 142
44 262 30 142
40 275 31 142
47 277 31 142
