404725 1740.07
33 282 30 151
36 270 33 157
42 346 26 151
33 282 30 151
36 270 33 157
40 273 37 148
36 277 33 153
43 354 31 143
40 273 37 148
37 308 35 142
35 293 32 146
36 305 34 143
36 270 33 157
38 304 27 155
42 328 33 142
42 310 33 144
44 340 31 143
45 348 29 144
34 287 28 149
37 323 31 144
33 284 30 148
34 287 28 149
41 322 32 144
41 322 32 144
35 293 32 146
35 296 29 147
36 305 34 143
35 272 29 154
33 282 30 151
44 340 31 143
42 328 33 142
38 304 27 155
37 308 35 142
37 323 31 144
33 284 30 148
41 309 27 150
39 275 31 150
33 282 30 151
34 280 32 149
38 304 27 155
35 279 31 149
41 309 27 150
37 308 35 142
35 293 32 146
39 292 31 146
35 272 29 154
40 303 27 153
42 346 26 151
38 307 29 145
37 308 35 142
45 348 29 144
41 286 33 147
39 275 31 150
35 272 29 154
40 273 37 148
37 308 35 142
44 337 30 144
45 348 29 144
35 279 31 149
44 337 30 144
38 304 27 155
34 287 28 149
42 346 26 151
35 296 29 147
40 273 37 148
38 319 27 147
39 292 31 146
34 280 32 149
42 328 33 142
42 346 26 151
43 354 31 143
38 319 27 147
42 328 33 142
36 270 33 157
38 319 27 147
44 340 31 143
35 301 33 145
37 290 35 146
45 348 29 144
38 319 27 147
35 279 31 149
40 273 37 148
41 309 27 150
34 280 32 149
40 303 27 153
37 308 35 142
39 292 31 146
36 277 33 153
45 348 29 144
37 323 31 144
35 296 29 147
36 270 33 157
37 290 35 146
33 282 30 151
36 305 34 143
35 272 29 154
37 308 35 142
41 309 27 150
41 286 33 147
35 272 29 154
42 328 33 142
38 304 27 155
42 346 26 151
34 280 32 149
38 307 29 145
33 282 30 151
40 303 27 153
41 286 33 147
39 292 31 146
40 273 37 148
42 346 26 151
39 292 31 146
39 292 31 146
45 348 29 144
41 309 27 150
44 337 30 144
39 292 31 146
45 348 29 144
38 319 27 147
35 279 31 149
35 301 33 145
33 282 30 151
35 279 31 149
33 284 30 148
36 277 33 153
33 284 30 148
33 282 30 151
38 304 27 155
35 272 29 154
34 287 28 149
41 286 33 147
45 348 29 144
33 282 30 151
34 287 28 149
38 304 27 155
41 286 33 147
40 303 27 153
37 323 31 144
34 287 28 149
44 337 30 144
37 290 35 146
44 337 30 144
39 292 31 146
36 305 34 143
33 282 30 151
35 296 29 147
43 354 31 143
38 304 27 155
45 348 29 144
38 304 27 155
35 279 31 149
38 304 27 155
35 296 29 147
40 273 37 148
34 287 28 149
38 304 27 155
39 275 31 150
40 273 37 148
33 282 30 151
39 275 31 150
39 275 31 150
42 328 33 142
35 293 32 146
34 304 33 145
34 287 28 149
39 292 31 146
35 272 29 154
42 346 26 151
44 340 31 143
42 346 26 151
41 286 33 147
34 287 28 149
43 354 31 143
42 346 26 151
45 348 29 144
41 286 33 147
39 275 31 150
40 273 37 148
44 337 30 144
45 348 29 144
35 279 31 149
44 337 30 144
38 304 27 155
35 296 29 147
38 319 27 147
39 292 31 146
34 280 32 149
38 319 27 147
44 340 31 143
45 348 29 144
38 319 27 147
35 279 31 149
40 273 37 148
41 309 27 150
40 303 27 153
37 308 35 142
39 292 31 146
36 277 33 153
45 348 29 144
37 323 31 144
35 272 29 154
40 273 37 148
36 305 34 143
38 304 27 155
42 310 33 144
34 287 28 149
37 323 31 144
33 284 30 148
34 287 28 149
41 322 32 144
41 322 32 144
35 293 32 146
35 296 29 147
44 340 31 143
37 308 35 142
33 284 30 148
33 282 30 151
35 279 31 149
35 293 32 146
39 292 31 146
35 272 29 154
40 303 27 153
45 348 29 144
38 304 27 155
35 272 29 154
41 286 33 147
40 303 27 153
34 287 28 149
44 337 30 144
43 354 31 143
44 337 30 144
39 292 31 146
36 305 34 143
38 304 27 155
33 282 30 151
36 270 33 157
38 304 27 155
40 273 37 148
34 287 28 149
38 304 27 155
40 273 37 148
33 282 30 151
39 275 31 150
42 328 33 142
34 304 33 145
39 292 31 146
42 346 26 151
44 340 31 143
36 270 33 157
37 290 35 146
41 309 27 150
41 286 33 147
42 328 33 142
38 304 27 155
42 346 26 151
38 307 29 145
33 282 30 151
40 303 27 153
41 286 33 147
39 292 31 146
42 346 26 151
36 277 33 153
42 346 26 151
39 292 31 146
44 337 30 144
39 292 31 146
38 319 27 147
35 279 31 149
35 301 33 145
33 282 30 151
40 273 37 148
36 277 33 153
43 296 34 141
40 273 37 148
34 287 28 149
39 292 31 146
36 305 34 143
37 308 35 142
45 348 29 144
35 279 31 149
44 348 31 141
45 348 29 144
39 292 31 146
36 270 33 157
36 305 34 143
40 303 27 153
33 282 30 151
45 348 29 144
34 287 28 149
38 319 27 147
39 275 31 150
42 346 26 151
41 309 27 150
37 308 35 142
34 287 28 149
36 270 33 157
33 282 30 151
44 348 31 141
42 328 33 142
35 279 31 149
