138243 2640.48
30 243 27 146
32 227 29 146
29 236 28 147
29 234 29 150
35 238 33 140
30 251 29 143
35 238 33 140
33 240 31 141
32 237 31 143
32 241 30 144
30 251 29 143
33 244 29 143
32 237 31 143
29 236 28 147
32 241 30 144
31 236 31 144
29 236 28 147
30 238 29 146
30 243 27 146
31 233 29 146
30 238 29 146
30 243 27 146
29 236 28 147
34 236 31 141
34 236 31 141
30 238 29 146
31 245 31 142
30 247 28 144
32 244 31 141
32 248 29 143
34 236 31 141
29 234 29 150
30 241 29 145
30 246 28 145
29 235 29 148
30 243 27 146
33 237 31 142
29 235 29 148
29 235 28 149
29 236 28 147
29 235 28 149
30 243 27 146
29 236 28 147
31 229 28 147
31 233 29 146
32 227 29 146
30 238 29 146
32 231 30 145
32 231 30 145
31 229 28 147
33 240 31 141
30 246 29 144
29 236 28 147
32 248 29 143
30 247 28 144
29 235 29 148
29 235 28 149
29 242 29 146
32 241 30 144
30 243 27 146
29 242 29 146
30 243 27 146
29 234 29 150
31 233 29 146
30 246 29 144
30 238 29 146
31 245 31 142
29 236 28 147
29 234 29 150
30 241 29 145
32 237 31 143
30 243 27 146
30 238 29 146
29 235 28 149
29 236 28 147
30 238 29 146
29 235 28 149
30 238 29 146
29 235 28 149
29 235 28 149
29 236 28 147
29 235 29 148
29 236 28 147
30 243 27 146
29 236 28 147
29 236 28 147
29 236 28 147
29 235 28 149
29 236 28 147
29 236 28 147
30 238 29 146
29 236 28 147
30 243 27 146
29 236 28 147
29 236 28 147
29 236 28 147
29 236 28 147
29 235 28 149
29 236 28 147
30 238 29 146
29 236 28 147
29 236 28 147
30 243 27 146
29 236 28 147
29 234 29 150
29 236 28 147
30 238 29 146
31 233 29 146
30 243 27 146
30 243 27 146
29 235 28 149
30 243 27 146
29 235 28 149
29 236 28 147
30 238 29 146
29 236 28 147
29 235 28 149
29 236 28 147
29 235 28 149
29 236 28 147
29 236 28 147
30 238 29 146
30 243 27 146
29 236 28 147
29 236 28 147
29 235 28 149
30 238 29 146
29 236 28 147
29 236 28 147
29 236 28 147
29 235 29 148
30 238 29 146
29 236 28 147
29 236 28 147
29 236 28 147
30 238 29 146
29 236 28 147
30 243 27 146
29 234 29 150
29 235 29 148
29 236 28 147
29 236 28 147
29 236 28 147
31 233 29 146
29 236 28 147
30 238 29 146
29 236 28 147
30 246 28 145
30 243 27 146
30 243 27 146
29 235 28 149
29 235 28 149
29 236 28 147
29 236 28 147
29 236 28 147
29 236 28 147
29 235 28 149
29 236 28 147
29 235 29 148
29 236 28 147
29 236 28 147
30 243 27 146
29 235 28 149
29 236 28 147
31 242 28 144
30 238 29 146
29 235 28 149
29 236 28 147
29 236 28 147
30 238 29 146
30 238 29 146
29 236 28 147
29 236 28 147
29 235 28 149
29 236 28 147
29 236 28 147
29 234 29 150
29 236 28 147
30 238 29 146
30 238 29 146
29 236 28 147
29 236 28 147
29 235 28 149
29 235 28 149
30 247 28 144
29 235 28 149
31 238 27 146
29 235 29 148
30 243 27 146
30 238 29 146
30 238 29 146
29 235 28 149
30 238 29 146
29 236 28 147
29 236 28 147
30 243 27 146
29 235 29 148
29 235 29 148
29 236 28 147
30 243 27 146
29 236 28 147
34 236 31 141
29 235 29 148
30 238 29 146
29 235 28 149
30 243 27 146
29 236 28 147
29 236 28 147
30 243 27 146
29 236 28 147
31 238 27 146
29 236 28 147
30 243 27 146
30 235 28 147
30 238 29 146
29 235 28 149
31 229 28 147
30 242 28 146
30 243 27 146
29 236 28 147
29 236 28 147
29 236 28 147
29 236 28 147
29 236 28 147
31 233 29 146
29 236 28 147
29 236 28 147
30 238 29 146
29 235 28 149
31 233 29 146
31 233 29 146
29 236 28 147
29 235 29 148
29 235 28 149
29 235 28 149
29 235 28 149
29 234 29 150
29 236 28 147
31 233 29 146
29 236 28 147
30 243 27 146
30 238 29 146
29 236 28 147
29 236 28 147
29 236 28 147
30 235 28 147
30 238 29 146
29 236 28 147
29 236 28 147
30 243 27 146
30 243 27 146
29 236 28 147
29 236 28 147
29 236 28 147
30 238 29 146
29 235 28 149
31 238 29 145
30 238 29 146
29 236 28 147
29 236 28 147
30 246 29 144
29 236 28 147
29 235 28 149
30 243 27 146
30 238 29 146
30 243 27 146
29 235 28 149
29 235 28 149
29 236 28 147
30 238 29 146
30 243 27 146
29 235 29 148
29 235 29 148
30 238 29 146
29 236 28 147
29 235 28 149
29 235 28 149
30 243 27 146
30 243 27 146
29 236 28 147
29 235 28 149
30 243 27 146
29 236 28 147
29 235 28 149
29 236 28 147
31 233 29 146
30 243 27 146
30 243 27 146
30 243 27 146
29 236 28 147
30 243 27 146
29 234 29 150
29 235 28 149
30 238 29 146
29 236 28 147
30 238 29 146
29 235 28 149
30 238 29 146
29 235 28 149
30 238 29 146
