0 0.00464456
70 608 60 208
84 663 63 208
67 539 57 220
75 575 63 226
75 587 50 222
78 597 55 217
78 617 65 241
84 717 61 225
64 555 56 212
78 604 51 239
70 561 48 221
75 528 57 221
74 597 60 206
95 724 69 222
72 627 56 222
92 784 82 229
77 578 60 232
80 634 72 229
78 620 54 230
93 695 52 230
71 584 50 208
71 634 53 225
85 680 58 224
80 627 66 221
102 858 51 220
66 544 53 215
78 667 65 237
107 862 57 210
70 556 48 223
93 700 80 219
84 755 69 221
79 627 65 220
67 546 59 217
67 553 52 214
58 468 53 200
87 702 58 229
102 788 77 247
72 537 52 219
78 650 64 208
85 699 57 233
81 646 65 209
78 646 57 232
87 670 70 232
86 633 63 239
63 521 46 201
71 616 52 221
81 678 47 219
75 614 64 216
81 682 54 215
96 727 53 218
94 716 45 211
73 619 61 229
83 651 75 219
65 569 65 218
65 523 50 218
69 580 56 230
86 698 64 231
88 701 60 228
88 690 59 238
90 738 76 231
100 685 65 231
86 682 52 223
91 677 60 234
71 574 55 214
92 766 62 218
85 705 66 227
77 696 54 230
101 765 55 226
82 628 67 224
75 571 54 228
78 608 58 233
71 603 63 211
88 733 55 233
80 569 69 235
65 538 47 228
74 661 63 230
69 577 60 235
107 820 70 242
80 686 68 221
78 623 64 229
62 546 55 222
75 629 61 233
81 687 49 202
89 669 57 219
88 689 61 229
70 544 60 237
83 608 57 219
62 517 51 224
80 693 51 223
84 657 45 214
87 629 47 215
88 632 56 219
86 683 60 212
75 641 48 212
90 760 69 244
82 676 67 231
65 527 53 217
65 507 46 219
70 548 53 222
78 634 58 213
109 970 56 233
77 592 62 249
64 553 56 221
62 532 52 223
84 711 54 225
70 579 55 228
67 578 55 224
72 580 62 234
59 499 57 206
69 578 46 216
93 755 75 248
73 517 54 219
74 574 53 239
76 664 52 220
86 671 63 212
76 619 66 220
66 552 53 213
89 704 64 225
76 638 56 207
67 523 53 227
64 537 50 211
89 703 58 236
59 526 49 221
72 640 55 216
97 758 68 219
65 587 51 213
82 668 55 225
80 619 52 216
82 620 62 231
88 733 53 221
78 641 55 221
76 571 53 222
64 567 50 232
93 747 70 232
65 543 50 216
63 470 52 229
90 724 62 221
80 675 54 220
87 708 59 229
77 599 53 228
67 560 66 243
61 494 55 206
82 678 61 232
82 552 44 209
74 565 49 223
97 740 71 237
75 602 65 227
72 615 51 220
89 663 75 229
77 602 57 236
80 654 49 203
78 638 49 239
85 661 58 222
72 597 58 226
82 671 55 221
77 597 57 233
90 757 53 228
64 553 49 218
67 567 53 215
70 587 67 220
70 592 50 225
94 732 80 226
60 493 52 217
88 800 56 223
94 738 82 221
86 721 63 240
76 562 56 216
85 574 64 225
63 528 51 221
87 611 61 207
67 571 50 235
70 563 50 220
75 562 61 212
90 707 51 230
83 675 72 228
85 619 56 236
80 655 53 237
69 560 48 212
84 674 61 221
81 638 71 232
70 567 59 215
96 851 66 230
87 648 54 229
83 639 66 228
78 679 68 226
83 644 47 223
61 501 49 214
66 560 41 197
96 796 63 237
66 531 52 232
85 733 61 243
72 614 55 215
72 579 50 208
76 573 51 205
84 639 73 226
77 666 61 208
77 629 50 226
69 582 57 227
88 751 66 222
61 531 56 236
85 697 63 215
76 637 49 228
74 585 52 223
92 807 78 219
65 536 51 227
90 764 61 237
83 745 63 225
94 771 60 240
64 582 54 221
62 535 52 206
74 675 59 203
72 512 54 222
86 696 46 233
61 517 61 212
80 628 53 215
90 751 78 216
93 772 53 219
74 564 65 217
80 735 69 203
77 673 65 233
80 604 76 230
77 621 59 214
57 490 50 222
62 529 55 214
78 633 58 220
80 601 68 226
62 485 56 221
82 671 59 218
73 598 72 217
84 630 79 232
62 538 61 220
85 635 62 230
75 589 64 237
72 621 57 226
71 584 56 219
97 730 69 232
75 636 63 228
65 552 49 218
87 808 51 216
93 663 71 233
97 673 52 239
90 764 59 231
67 592 51 212
93 679 64 222
72 595 51 221
73 615 53 227
84 709 58 219
86 800 51 217
78 578 58 212
88 743 51 215
77 599 61 231
64 539 51 221
78 694 63 213
97 778 60 219
84 654 61 244
80 572 58 222
93 695 57 231
94 703 71 216
71 638 51 215
84 747 52 228
81 670 59 220
83 684 47 221
69 588 57 218
93 755 65 219
82 622 62 235
73 571 55 207
69 513 53 213
67 547 65 219
81 692 56 225
87 671 79 227
76 650 48 229
100 787 56 224
78 673 51 218
88 702 60 243
80 669 59 208
89 736 56 227
82 677 66 222
90 695 61 226
90 756 50 221
73 622 63 222
84 678 64 231
65 543 53 204
68 519 56 220
74 598 56 228
77 641 66 231
82 670 62 241
63 517 51 217
82 728 57 224
74 613 54 228
69 562 50 218
78 579 53 225
87 668 71 239
71 547 52 234
72 562 49 210
92 824 56 213
79 684 50 216
71 580 62 215
75 576 54 226
81 671 52 219
94 745 83 241
