235304 2940.31
30 270 29 155
31 265 29 155
32 258 31 156
32 262 31 154
31 268 31 153
34 263 31 153
33 288 28 158
33 279 33 151
33 280 28 159
32 274 31 152
35 259 31 154
34 292 31 151
31 264 31 156
33 270 33 152
35 293 29 153
34 297 29 153
34 277 33 151
34 272 31 152
35 291 31 151
35 291 30 153
35 284 28 158
32 261 30 159
32 267 31 153
35 300 33 150
32 264 30 157
33 273 31 152
37 274 28 158
33 261 29 160
35 297 34 150
34 278 28 160
37 258 31 154
34 301 33 150
33 266 31 153
33 266 31 153
33 261 30 156
33 255 31 155
31 280 31 152
31 268 29 154
31 280 31 152
33 255 31 155
36 281 28 158
33 261 30 156
33 263 29 157
36 281 28 158
33 263 29 157
31 268 29 154
31 268 29 154
31 269 29 154
30 275 30 155
31 281 31 152
34 259 31 155
32 264 31 154
31 271 31 153
33 274 31 152
31 266 29 158
31 267 29 157
35 265 31 153
33 268 30 156
35 273 31 152
33 286 33 151
34 278 33 151
35 307 29 153
36 305 28 160
44 384 33 157
50 409 39 160
40 351 31 160
53 450 37 162
48 391 35 161
49 387 33 157
40 349 31 154
52 439 39 161
44 381 29 158
44 383 29 158
46 403 38 162
52 422 35 166
42 371 33 158
62 534 36 159
37 304 33 155
52 428 32 167
48 427 33 157
64 534 37 162
67 578 39 167
54 432 35 157
41 360 36 167
50 393 31 158
43 343 33 160
43 345 31 153
40 365 31 156
54 427 39 164
45 396 33 159
44 378 31 155
45 381 35 164
49 403 31 156
53 426 29 160
44 364 34 167
52 433 38 169
46 382 41 162
50 430 43 163
43 394 31 158
46 414 32 156
42 338 31 156
43 374 35 159
48 394 33 156
45 366 33 164
41 319 34 161
45 390 31 162
47 418 35 160
49 400 33 159
53 466 38 153
49 439 32 163
43 386 33 157
44 388 29 157
45 406 45 168
42 342 32 161
50 414 33 160
44 386 33 159
50 450 34 160
44 354 36 157
41 361 37 159
41 351 29 155
46 393 31 157
44 382 37 159
44 374 29 160
49 430 32 154
38 338 30 158
59 524 39 161
49 434 29 154
48 408 34 163
52 401 32 160
42 357 35 156
43 342 31 155
49 417 32 160
56 481 33 152
56 489 39 164
45 380 33 161
46 381 29 156
44 380 33 161
53 416 38 163
42 369 35 159
50 454 37 167
41 339 32 157
60 460 39 162
58 508 39 168
53 436 33 161
38 323 33 152
44 390 35 166
42 384 31 155
52 447 29 156
46 369 33 158
50 409 33 161
43 373 33 157
55 500 34 162
44 374 33 157
45 349 39 158
51 401 35 164
40 342 30 161
40 354 29 155
55 481 36 161
45 414 33 156
53 462 33 158
48 416 35 160
50 426 33 155
49 400 33 156
48 406 33 160
53 443 33 161
41 352 32 155
41 363 32 155
50 407 32 153
53 460 41 171
47 401 33 159
47 429 36 163
38 350 33 160
46 390 34 159
51 410 35 160
37 315 30 159
46 383 33 159
42 359 37 162
57 521 32 162
43 369 36 165
55 461 33 155
51 426 33 160
54 485 41 160
51 430 29 158
41 344 32 159
50 403 31 161
44 386 33 157
39 338 33 156
46 424 33 158
46 403 31 154
52 417 37 163
40 360 31 154
49 398 36 166
42 379 32 161
44 391 39 161
55 448 33 156
46 379 32 161
41 343 34 160
51 424 39 163
41 346 35 156
43 366 35 160
48 386 41 158
43 365 33 159
50 420 32 163
47 428 33 156
44 372 36 163
47 425 35 164
41 343 32 167
46 391 41 163
43 381 30 162
50 433 32 162
47 378 36 161
46 378 37 158
48 402 31 153
55 524 31 155
47 442 37 163
39 353 33 161
54 444 33 166
47 424 33 157
44 391 31 156
45 399 29 159
47 421 33 160
37 327 30 162
45 375 33 159
44 374 35 160
46 401 39 161
55 473 33 159
46 424 33 160
45 394 33 158
46 380 33 157
51 409 34 162
52 477 33 153
38 345 33 155
42 349 31 159
44 366 34 161
52 432 31 159
54 475 36 164
42 378 36 158
37 325 36 157
45 370 39 162
50 449 32 159
42 357 32 166
40 325 32 158
38 326 33 158
47 415 35 158
49 401 32 156
43 327 36 157
58 496 33 156
47 342 33 160
57 473 31 156
37 348 33 152
48 428 37 160
38 334 30 158
44 379 33 158
44 390 31 155
41 347 33 156
44 356 33 155
42 365 41 156
39 333 31 158
43 341 31 153
49 411 42 161
44 392 33 151
50 429 35 160
48 414 32 159
42 337 32 159
55 454 33 159
38 334 29 154
37 338 35 161
38 329 35 154
44 373 32 164
44 364 32 164
52 429 38 167
37 320 33 157
43 350 33 154
46 385 33 154
54 456 39 168
40 345 37 155
65 505 39 163
45 371 41 167
39 324 37 156
55 490 33 159
50 450 35 157
39 354 34 164
43 362 31 153
43 373 32 160
43 363 35 158
45 384 34 160
49 444 31 155
52 429 40 166
51 442 33 155
48 394 35 158
48 378 35 160
39 336 35 158
41 368 35 158
54 474 31 156
46 411 35 156
50 419 33 156
49 437 31 158
47 415 29 157
40 353 35 158
37 315 29 154
