281647 2400.18
32 264 31 159
33 257 32 159
32 257 32 160
34 258 34 157
32 261 29 165
32 270 32 158
32 270 32 158
33 279 32 157
32 266 29 164
33 265 29 164
34 272 32 157
33 265 29 164
35 272 34 156
34 259 32 158
34 259 32 158
32 269 30 160
35 272 34 156
34 274 34 156
33 255 31 160
33 265 29 164
33 264 32 158
32 257 30 162
33 265 30 160
31 258 30 163
34 259 32 158
31 258 30 163
34 272 32 157
32 257 30 162
32 258 30 161
31 261 31 162
33 255 31 160
32 255 31 161
32 258 30 161
32 257 30 162
33 265 30 160
33 279 32 157
32 266 29 164
33 264 32 158
34 259 32 158
31 261 31 162
32 258 30 161
33 258 29 165
31 267 30 161
34 274 34 156
33 258 29 165
34 274 34 156
33 265 30 160
31 267 30 161
32 269 30 160
33 264 32 158
32 255 31 161
31 261 31 162
32 258 30 161
34 259 32 158
34 260 32 158
33 260 32 159
32 271 31 159
34 266 31 159
34 258 32 159
33 274 32 158
33 258 31 160
34 273 30 160
38 276 34 157
53 449 37 174
46 395 36 168
47 360 32 168
46 391 35 172
48 372 37 166
45 359 36 166
52 401 34 170
54 433 35 165
55 397 32 172
61 504 40 174
46 377 36 167
56 462 34 170
54 421 38 174
48 386 34 168
45 377 33 163
50 408 38 163
49 407 38 161
56 401 40 170
52 446 36 173
59 488 41 172
44 358 33 163
56 452 34 164
42 356 34 167
48 402 33 164
66 513 40 174
54 409 47 177
45 344 39 165
55 460 47 172
44 357 34 166
54 416 37 165
61 518 40 176
68 489 40 171
44 367 38 163
45 359 34 170
51 470 38 171
50 414 33 172
48 347 36 164
52 400 34 169
45 348 43 166
42 309 36 168
56 414 36 168
49 390 38 171
45 369 36 167
48 369 37 171
39 335 35 165
60 389 33 171
56 413 42 168
41 311 35 159
44 367 35 164
54 401 42 172
62 464 54 182
54 452 46 171
58 441 37 177
53 388 40 164
51 422 32 169
56 501 41 172
54 464 37 178
59 453 34 168
49 392 34 164
52 422 35 175
41 340 38 169
47 399 44 167
73 607 46 177
60 429 39 168
50 402 34 166
46 395 34 161
50 378 40 170
45 370 38 163
66 495 36 173
47 380 39 164
40 341 33 168
63 486 54 181
58 426 38 169
58 439 35 163
50 381 45 166
51 438 39 167
57 453 37 175
54 448 37 175
57 447 39 174
58 434 40 169
43 341 37 173
49 408 37 168
53 450 42 165
50 412 47 168
62 415 34 169
45 382 37 173
49 372 33 169
47 389 38 165
41 351 33 164
46 366 41 170
50 429 40 163
57 471 37 176
53 447 33 169
57 482 34 167
55 432 46 169
66 496 33 172
50 438 35 164
54 423 44 178
40 340 33 166
58 461 36 173
50 369 35 169
52 439 45 174
47 385 34 160
42 361 36 167
47 360 34 163
48 355 34 160
54 420 35 178
49 360 39 164
50 410 33 167
52 423 34 172
54 387 33 166
48 393 38 168
60 438 39 171
47 334 33 163
52 389 33 165
55 415 36 163
58 509 42 172
64 463 38 169
61 503 39 167
50 388 34 173
54 453 39 170
45 348 36 172
71 556 37 165
47 368 34 164
56 452 38 177
60 492 35 170
40 332 33 163
56 430 34 168
45 335 31 159
52 410 35 165
58 460 36 171
50 379 35 159
50 408 32 165
45 358 36 166
54 425 44 170
67 571 50 176
51 413 35 172
54 448 35 162
49 390 38 166
44 337 38 168
45 331 34 161
51 434 35 164
51 419 38 172
59 404 40 171
47 377 33 165
50 386 36 167
56 467 36 167
61 521 36 169
47 381 33 164
48 360 38 182
51 449 34 165
68 534 33 173
58 515 31 166
42 342 38 164
44 364 39 165
43 346 34 168
42 344 33 162
55 406 43 171
46 347 32 166
58 465 44 169
45 377 42 168
47 389 34 162
45 372 36 175
55 428 47 175
61 478 42 171
53 405 45 172
57 503 38 165
52 413 49 172
49 408 34 163
49 403 34 166
55 439 39 176
58 449 35 173
53 386 39 173
55 429 37 169
56 473 35 165
49 345 43 172
51 400 39 176
58 442 36 167
53 433 39 169
59 454 38 167
55 442 36 166
46 360 36 165
49 390 33 164
51 407 32 170
48 368 37 172
59 429 38 172
60 445 40 173
52 404 45 169
64 480 41 172
55 397 37 171
54 400 34 169
55 436 44 173
50 375 37 171
56 459 38 167
52 410 43 168
50 374 34 170
50 398 34 174
58 481 35 167
44 368 40 164
44 361 33 160
45 358 35 168
49 362 40 163
50 426 32 168
57 435 47 171
45 350 38 170
38 319 32 174
48 352 40 172
53 433 45 167
47 381 38 165
53 422 46 172
57 438 35 172
57 443 36 168
64 504 32 169
43 335 34 167
48 388 35 170
46 355 34 175
40 332 36 165
42 364 34 164
55 406 41 172
53 403 43 172
53 436 35 176
59 493 42 164
47 403 40 167
44 362 38 168
53 463 35 173
50 411 42 167
47 402 39 171
46 363 34 163
45 347 34 161
48 383 37 164
51 418 42 169
54 407 32 170
45 338 34 168
50 417 34 162
60 429 40 167
62 517 33 174
49 378 37 169
