329978 2760.21
32 279 31 162
32 275 31 163
33 276 31 162
35 274 31 162
34 272 34 163
33 274 31 163
34 281 31 159
33 272 30 165
33 273 29 166
32 273 30 165
43 334 40 156
42 351 40 156
44 355 37 156
33 281 32 159
33 279 32 161
34 275 30 162
35 279 29 165
35 276 33 159
35 276 31 160
35 276 31 160
33 285 30 162
35 279 34 158
36 291 34 157
32 274 30 164
35 270 34 160
33 285 30 162
33 285 30 162
35 282 29 164
36 291 34 157
35 274 34 159
35 276 31 160
32 266 31 164
35 279 34 158
33 282 31 159
35 282 29 164
35 270 33 161
35 276 33 159
32 266 31 164
32 266 31 164
35 270 33 161
35 270 34 160
33 281 32 159
34 275 32 161
35 279 29 165
34 275 30 162
35 276 31 160
32 274 30 164
35 274 34 159
33 282 31 159
33 279 32 161
34 275 32 161
32 270 31 164
34 277 30 162
32 280 31 162
34 274 31 163
33 279 31 162
32 274 30 165
35 278 31 160
33 283 31 159
34 278 32 161
32 283 30 164
33 282 32 161
35 277 32 161
57 477 51 176
47 381 39 166
53 413 40 163
49 416 43 170
62 498 47 178
54 473 41 169
70 575 44 173
51 448 41 172
58 494 43 175
52 423 45 175
43 362 36 163
56 486 55 180
57 461 40 162
44 362 42 175
49 390 36 164
58 489 47 171
56 498 49 176
63 513 43 180
43 352 33 169
69 575 42 187
64 524 39 178
58 482 35 167
49 431 41 170
43 352 37 164
51 428 42 191
56 486 30 169
56 477 41 170
53 472 38 176
44 383 35 164
51 427 40 168
55 448 43 165
50 397 33 162
51 441 35 164
54 422 37 170
63 507 33 173
47 386 37 165
45 362 30 166
57 492 40 164
46 388 37 164
49 408 39 171
61 482 56 180
55 452 45 175
52 446 36 164
49 401 45 173
42 339 36 165
49 406 36 178
57 504 37 169
61 509 48 183
51 426 39 171
55 413 48 180
50 375 35 164
47 396 41 173
50 428 37 170
53 469 37 176
45 382 37 165
55 473 48 177
51 445 47 181
51 392 35 169
49 427 38 174
58 502 42 166
55 485 37 171
58 509 43 167
47 407 36 169
54 477 48 178
47 390 37 162
45 395 41 172
41 350 38 161
46 363 39 171
69 563 44 173
62 542 48 178
46 364 34 165
46 364 37 162
45 371 36 174
55 459 42 172
50 417 38 178
48 366 36 167
67 581 41 171
55 400 39 170
47 401 36 162
47 367 45 169
41 372 35 167
49 431 46 180
53 382 39 171
50 351 36 170
62 441 37 165
56 484 42 177
37 313 32 163
63 469 37 179
40 340 37 162
50 446 46 172
59 519 44 177
48 358 39 181
53 411 38 164
41 363 34 161
48 385 38 171
53 430 38 170
56 453 45 171
54 415 51 178
48 415 36 168
62 520 46 172
43 352 35 168
53 461 35 166
46 362 37 171
48 389 37 171
61 505 35 161
50 375 45 172
62 504 42 179
54 452 48 177
64 521 42 180
55 414 39 173
52 436 38 173
45 351 39 168
54 468 36 176
48 365 35 165
50 430 36 170
50 425 43 178
52 447 31 163
56 450 47 179
54 411 34 166
57 481 45 177
49 438 36 159
52 415 39 179
51 431 39 169
41 368 36 170
57 440 38 172
53 423 35 174
55 493 44 178
54 445 37 172
49 382 35 162
53 474 41 171
68 525 50 180
52 435 48 175
51 417 42 169
53 456 47 177
54 447 43 177
42 352 34 166
51 445 38 174
58 462 40 175
78 632 37 171
53 393 37 170
57 486 37 168
61 509 42 177
46 382 41 160
59 481 41 174
48 412 36 168
59 510 42 170
64 493 49 180
52 465 34 167
50 409 38 172
54 480 38 168
54 452 46 179
43 377 41 175
50 379 38 171
50 413 38 177
52 418 38 169
43 346 35 169
49 369 38 177
53 460 44 174
46 374 40 179
50 418 38 170
56 455 41 168
63 543 55 181
53 439 43 174
49 411 41 171
47 377 38 172
60 514 57 181
50 436 48 175
60 440 40 175
50 431 47 173
54 463 36 171
46 367 35 164
63 553 48 175
56 482 39 170
57 454 40 167
51 363 34 174
56 463 44 174
48 364 33 169
47 391 38 169
53 454 36 172
45 359 33 164
58 452 40 170
55 491 36 163
63 539 44 176
56 480 48 172
61 522 46 178
58 495 41 167
48 405 41 183
66 564 37 170
52 392 39 172
42 363 34 162
44 368 36 166
62 506 40 177
49 444 39 172
49 392 37 163
57 444 47 179
60 486 38 179
59 491 43 167
55 429 37 166
58 449 34 167
46 378 34 179
54 395 35 167
45 352 37 169
56 498 48 175
52 428 34 167
51 416 41 162
64 545 40 175
50 395 35 167
52 410 45 175
67 575 50 175
54 402 33 170
55 451 38 168
50 423 34 170
48 387 41 165
50 451 41 170
60 498 38 173
62 521 36 178
55 452 51 176
54 440 38 169
53 431 38 178
56 501 51 181
49 404 32 168
63 479 42 174
62 515 41 171
68 580 52 184
57 489 50 179
52 429 43 170
50 408 42 176
50 404 38 173
41 336 34 167
48 389 38 166
55 482 39 170
53 451 37 165
69 597 46 173
46 398 41 169
41 328 34 167
53 437 46 173
60 518 48 182
