273228 2280.17
32 280 31 162
32 277 32 163
33 274 31 163
35 274 31 162
33 279 32 161
34 272 34 163
34 281 31 159
33 272 30 165
33 273 29 166
32 273 30 165
33 279 31 162
44 355 37 156
43 334 40 156
42 372 40 156
36 291 34 157
34 275 30 162
35 279 29 165
35 279 34 158
35 276 31 160
35 274 34 159
33 285 30 162
35 276 31 160
32 274 30 164
35 276 31 160
35 270 33 161
33 281 32 159
32 266 31 164
33 281 32 159
35 270 34 160
35 282 29 164
33 285 30 162
35 276 33 159
33 285 30 162
32 266 31 164
34 275 32 161
32 266 31 164
35 279 34 158
35 270 34 160
33 276 32 162
34 275 30 162
35 270 33 161
32 274 30 164
35 274 34 159
35 276 31 160
33 276 32 162
34 275 32 161
36 291 34 157
35 282 29 164
35 276 33 159
33 282 31 159
33 282 31 159
35 279 29 165
34 277 30 162
32 281 31 162
33 276 32 163
32 280 32 164
35 278 31 160
33 283 31 159
35 271 31 164
35 274 31 163
32 277 32 165
35 282 31 159
35 271 33 161
46 360 39 163
46 387 40 168
69 589 37 180
64 437 36 182
66 506 41 174
51 418 46 162
69 547 46 186
62 551 44 183
49 425 38 173
47 383 41 174
51 450 47 182
56 432 43 173
54 431 44 163
66 583 41 180
54 446 37 179
52 450 34 179
68 545 47 181
56 472 42 171
54 466 33 172
59 488 44 167
58 497 52 183
50 419 41 171
54 428 45 173
69 593 55 181
66 536 44 178
52 387 39 167
55 484 39 177
53 454 48 178
59 498 46 180
54 436 37 170
50 403 32 178
60 517 51 187
46 384 35 167
57 509 38 170
59 502 41 168
61 497 40 182
57 456 39 169
50 402 37 171
59 438 42 180
58 467 39 181
57 418 38 175
56 469 42 177
72 572 46 178
49 423 34 172
43 354 36 170
79 625 42 176
57 449 43 177
58 467 43 172
59 452 38 179
42 359 36 172
49 433 34 170
52 422 37 178
61 480 47 183
55 431 45 186
54 394 37 174
61 526 51 178
60 508 44 180
54 445 38 164
55 444 40 166
56 423 40 172
53 456 36 172
47 404 35 166
54 396 40 175
53 422 38 171
49 411 48 180
52 452 38 177
49 438 39 175
51 422 42 168
47 383 35 174
57 455 42 174
50 420 43 175
55 418 39 180
50 424 41 178
60 507 43 177
51 417 41 173
59 491 41 176
58 500 36 174
47 389 36 168
46 380 40 176
73 587 42 175
47 372 37 175
59 508 41 176
58 488 38 177
53 418 41 174
51 459 40 172
50 390 35 175
51 417 40 172
65 482 35 164
52 429 40 168
44 330 35 167
70 561 50 189
50 418 41 177
57 487 49 185
60 485 46 191
65 547 40 178
55 453 40 172
57 480 32 168
61 507 36 176
66 533 40 167
45 371 35 171
52 429 43 172
48 365 43 171
63 510 35 163
53 433 34 177
46 383 39 171
64 532 46 181
54 456 35 174
59 493 44 175
52 463 40 176
47 413 35 170
63 496 39 183
49 377 34 170
57 454 43 175
60 470 40 168
56 430 40 177
56 451 37 169
50 448 36 170
49 426 34 169
49 400 37 173
63 549 40 183
59 496 42 176
50 395 41 170
53 400 38 177
56 509 39 185
53 454 41 172
51 426 39 175
55 464 42 183
46 390 34 165
65 579 38 175
57 450 42 172
59 487 34 172
62 440 39 174
47 413 36 170
52 372 40 176
51 444 42 169
55 448 38 175
54 447 48 186
59 517 40 175
63 464 35 172
53 461 37 178
60 428 41 175
49 406 41 175
66 551 41 178
48 403 33 168
54 431 36 166
54 424 39 176
67 476 39 176
48 423 39 170
54 464 36 165
70 601 43 183
66 514 42 174
45 396 35 170
48 380 43 168
44 373 40 167
57 518 45 183
59 509 42 184
61 520 35 170
56 449 45 171
50 412 40 165
52 411 37 168
46 387 35 178
51 434 41 170
49 397 32 170
57 507 47 174
51 439 38 169
59 462 51 188
65 546 42 174
47 408 41 190
52 452 39 170
65 535 49 178
41 343 39 165
62 497 38 169
61 496 48 188
48 378 39 178
55 453 35 172
51 433 41 171
57 491 38 180
52 428 36 167
55 462 34 171
51 447 38 178
57 470 35 175
58 520 35 180
46 375 37 171
65 550 41 187
51 420 39 181
55 427 48 176
46 398 38 168
69 567 37 174
45 409 34 165
67 598 52 187
64 498 38 176
49 416 36 174
61 516 48 183
59 489 45 180
58 468 44 173
66 528 48 172
66 573 36 178
66 558 38 174
72 642 48 190
65 488 51 179
55 473 35 177
55 456 41 185
46 349 38 176
58 474 42 179
50 399 36 167
47 403 45 182
50 421 41 179
51 435 38 174
59 497 42 173
56 447 49 172
68 509 36 175
52 484 47 183
51 431 42 175
58 495 43 176
60 541 45 173
58 462 47 177
54 467 36 173
62 538 36 173
63 467 43 182
65 549 43 183
55 478 44 176
57 455 39 185
52 413 45 177
48 396 34 166
55 412 43 185
58 483 39 171
59 534 42 179
59 448 39 171
57 487 38 174
67 552 45 182
61 499 40 181
55 430 36 173
67 541 40 185
55 415 34 167
57 495 46 172
63 551 43 178
47 399 37 168
