207529 2220.19
30 256 29 158
32 251 30 164
30 256 29 158
40 284 37 153
35 254 31 157
33 253 32 157
35 289 34 154
30 256 29 158
32 252 30 159
32 252 30 159
34 258 32 156
33 253 32 157
35 272 32 155
32 255 31 157
32 252 30 159
32 254 29 162
34 256 32 156
30 262 29 158
32 255 31 157
32 252 32 163
32 270 29 157
34 256 32 156
33 261 31 156
30 256 29 158
32 252 29 164
33 253 32 157
31 252 29 164
32 252 30 159
34 258 32 156
31 259 29 158
34 264 32 155
31 252 29 164
33 253 32 157
34 256 32 156
33 253 32 157
32 252 30 159
36 264 34 155
33 261 31 156
33 253 32 157
32 252 30 159
35 272 32 155
33 253 32 157
33 266 32 155
31 257 29 158
32 251 30 164
33 264 31 156
33 266 32 155
31 252 29 164
32 257 29 157
30 259 29 158
32 252 30 159
32 258 29 157
34 256 32 156
30 256 29 158
32 252 30 159
32 252 30 159
33 258 31 156
32 255 31 157
33 259 31 156
30 259 29 158
36 262 34 155
33 253 32 157
30 262 29 158
32 251 30 164
32 252 30 159
33 253 32 157
36 264 34 155
32 272 31 157
32 252 30 159
32 252 30 159
34 256 32 156
31 252 29 164
37 283 31 156
32 255 31 157
31 252 29 164
30 256 29 158
33 275 32 155
32 252 30 159
33 259 31 156
31 254 29 164
32 254 29 162
34 256 32 156
33 266 32 155
31 259 29 158
32 258 29 157
33 253 32 157
32 258 29 157
32 252 30 159
33 253 32 157
31 252 29 164
36 262 34 155
32 270 29 157
33 253 32 157
33 253 32 157
30 262 29 158
32 251 30 164
34 258 32 156
32 270 31 156
32 252 30 159
32 251 30 164
36 262 34 155
33 253 32 157
34 258 32 156
30 256 29 158
32 252 30 159
34 256 32 156
33 266 32 155
31 252 29 164
34 257 31 157
32 252 30 159
33 253 32 157
32 253 29 164
32 255 31 157
31 257 29 158
31 257 29 158
33 253 32 157
32 252 30 159
33 253 32 157
32 269 31 156
31 252 29 164
37 272 34 154
33 261 31 156
32 255 31 157
32 252 30 159
31 252 29 164
32 251 30 164
34 264 32 155
30 256 29 158
33 253 32 157
33 253 32 157
33 257 32 156
32 252 30 159
34 258 32 156
32 275 31 156
31 252 29 164
32 258 29 157
34 258 32 156
32 260 29 157
33 257 32 156
32 252 30 159
32 258 29 157
33 261 31 156
33 266 32 155
31 252 29 164
32 258 29 157
34 256 32 156
33 261 31 156
33 253 32 157
33 253 32 157
31 252 29 164
33 257 32 156
32 252 30 159
32 252 29 164
33 253 32 157
32 258 29 157
32 252 30 159
35 289 34 154
32 260 29 157
30 256 29 158
31 252 29 164
33 261 31 156
31 252 29 164
34 256 32 156
33 253 32 157
32 252 30 159
36 294 31 156
33 266 32 155
32 255 32 161
33 258 31 156
30 262 29 158
32 252 30 159
35 254 31 158
34 258 32 156
31 259 29 158
31 252 29 164
32 252 30 159
32 256 29 157
34 258 32 156
34 256 32 156
30 264 29 158
40 284 37 153
33 257 32 156
32 272 31 156
32 252 30 159
32 252 30 159
32 252 30 159
33 276 32 155
30 256 29 158
31 252 29 164
32 252 30 159
34 258 32 156
31 252 29 164
33 261 31 156
32 270 31 156
32 252 30 159
32 260 29 157
34 256 32 156
30 256 29 158
35 254 31 157
31 252 29 164
32 267 29 157
33 269 32 155
34 264 32 155
30 256 29 158
32 258 29 157
33 253 32 157
32 252 30 159
32 252 30 159
33 253 32 157
32 254 30 161
36 264 34 155
33 253 32 157
32 252 30 159
33 253 32 157
32 254 30 161
32 251 30 164
33 266 32 155
33 257 32 156
33 253 32 157
32 251 30 164
33 266 32 155
32 252 30 159
34 256 32 156
31 252 29 164
32 251 30 164
35 276 32 155
33 266 32 155
32 255 31 157
33 272 31 156
31 257 29 158
32 252 30 159
31 257 29 158
33 253 32 157
30 256 29 158
32 252 30 159
32 252 30 159
32 258 29 157
33 253 32 157
32 260 29 157
30 256 29 158
36 264 34 155
33 257 32 156
31 252 29 164
32 252 30 159
32 254 29 162
33 253 32 157
33 257 32 156
31 254 29 164
32 252 30 159
31 252 29 164
32 255 31 157
32 252 30 159
34 258 32 156
32 255 31 157
32 255 31 157
32 252 29 164
33 257 32 156
32 266 31 157
33 272 31 156
30 256 29 158
32 257 29 157
34 256 32 156
33 276 32 155
30 259 29 158
30 256 29 158
32 255 31 157
32 270 29 157
33 253 32 157
33 253 32 157
31 252 29 164
36 262 34 155
30 262 29 158
33 253 32 157
33 253 32 157
31 252 29 164
32 252 30 159
37 272 34 154
33 258 31 156
32 254 30 161
32 252 30 159
34 269 32 155
33 253 32 157
34 258 32 156
30 256 29 158
32 252 30 159
34 257 31 157
33 257 32 156
31 252 29 164
33 264 31 156
30 256 29 158
33 258 31 156
33 258 31 156
32 255 31 157
31 257 29 158
30 256 29 158
32 252 30 159
32 252 29 164
33 253 32 157
32 272 31 156
30 256 29 158
