69260 1620.33
67 510 44 171
75 529 45 163
40 336 31 153
43 342 32 158
41 338 36 157
50 398 36 158
47 355 33 153
53 457 38 151
61 439 43 166
55 444 39 173
45 356 33 157
46 335 33 153
58 382 31 153
44 366 30 153
48 359 35 153
46 345 30 160
41 343 34 152
45 363 32 155
55 427 37 162
47 352 36 155
56 467 40 179
43 360 37 161
52 413 28 154
54 417 42 157
55 439 34 156
54 410 45 163
56 429 35 166
64 477 37 171
55 413 35 154
42 343 34 155
50 368 37 153
56 407 36 156
50 393 37 153
40 349 37 170
42 355 37 155
48 405 37 160
56 395 39 163
49 394 39 165
63 485 32 155
55 371 40 162
52 400 36 156
61 441 36 163
44 364 31 158
44 344 31 153
50 396 37 156
51 432 40 175
45 367 32 152
61 461 41 182
47 393 38 160
46 378 33 155
56 427 46 158
62 460 53 181
56 420 41 166
61 461 38 154
67 479 40 174
46 353 37 162
63 435 39 174
62 473 37 169
61 486 44 170
51 422 40 176
50 415 45 160
50 399 35 158
61 442 51 168
57 403 36 158
48 395 36 160
45 377 33 152
37 291 30 153
51 411 43 165
52 402 52 161
51 353 35 149
52 467 39 165
51 441 51 172
42 342 35 155
50 418 35 158
44 334 33 158
43 345 34 153
64 477 41 175
53 426 41 157
56 425 37 163
49 373 38 158
50 395 33 163
61 507 42 174
46 365 30 153
37 326 31 150
56 450 46 173
37 311 31 151
53 443 36 157
46 388 35 166
53 432 38 172
46 385 33 158
45 389 39 155
52 450 36 166
54 455 43 176
65 477 29 156
51 372 29 154
38 320 34 154
44 369 32 158
42 370 31 149
44 355 33 151
43 346 38 162
45 361 39 161
48 421 33 168
51 415 38 176
38 319 30 154
48 360 44 166
38 293 34 152
37 300 34 154
49 409 34 155
47 366 36 157
71 607 47 189
65 508 37 172
43 316 35 156
45 360 37 158
49 378 39 162
42 372 32 152
49 360 37 158
42 331 35 153
46 373 33 157
58 431 40 178
46 367 34 164
54 400 33 155
57 486 39 164
41 368 32 156
46 410 33 161
47 399 35 159
42 347 36 157
43 333 31 159
62 503 35 165
43 363 35 160
54 400 35 153
65 497 49 187
51 432 44 171
55 381 34 157
44 352 36 159
60 410 40 165
50 421 35 167
55 400 31 151
47 386 35 159
63 473 36 175
50 370 50 164
54 409 35 158
53 374 36 166
45 376 38 173
57 433 57 167
58 490 43 170
58 429 36 162
50 417 37 166
45 354 33 154
52 395 38 164
48 387 38 155
43 327 31 150
52 368 35 157
45 357 31 156
45 326 35 152
40 320 31 155
48 378 43 161
38 291 34 147
60 431 40 159
42 328 34 156
39 321 29 155
53 423 34 159
40 332 32 154
60 510 41 174
39 338 31 155
47 400 34 157
54 391 29 163
56 426 36 165
54 425 33 152
59 399 36 174
47 409 31 160
40 325 31 159
44 328 35 160
36 320 35 157
41 327 35 158
56 443 39 159
59 413 46 163
43 322 33 150
49 393 33 152
51 386 31 162
48 355 45 166
42 332 39 159
61 422 45 171
40 312 33 155
66 529 51 184
54 395 31 159
43 363 32 160
51 395 40 166
37 313 33 159
46 422 28 155
57 467 42 158
49 390 35 157
50 352 40 163
41 327 31 153
53 419 46 176
46 384 31 159
57 475 44 165
55 466 39 156
45 365 35 173
56 449 32 154
42 352 30 156
49 361 37 162
44 369 40 158
65 548 50 184
43 355 31 153
42 343 33 149
46 367 29 150
62 500 46 164
68 611 44 173
47 383 31 156
51 401 34 159
63 511 36 166
43 348 33 159
48 420 37 169
61 474 42 160
62 495 46 192
74 539 41 194
52 408 30 164
47 394 39 162
45 345 34 156
52 415 35 170
44 387 33 162
55 443 45 178
59 477 42 184
60 492 38 172
52 430 52 164
56 440 41 179
37 316 34 154
42 335 32 154
42 328 31 159
43 347 33 157
51 388 36 159
49 397 34 156
43 332 33 152
44 326 38 148
37 300 29 152
44 361 31 157
39 302 32 152
53 398 39 154
44 377 31 153
50 408 34 155
40 339 29 157
37 314 31 153
45 366 36 158
50 397 42 161
50 411 41 159
57 414 39 161
57 440 44 164
41 308 30 151
52 419 34 158
45 345 32 150
45 324 33 154
49 357 31 152
62 517 33 165
43 367 36 164
52 428 31 155
41 354 34 155
51 353 31 157
44 340 31 155
49 363 36 166
50 364 31 153
45 346 35 166
57 434 44 203
48 379 34 160
51 417 39 162
46 393 41 162
50 384 39 159
53 421 45 168
50 376 39 156
49 400 33 154
49 404 40 156
47 368 31 153
46 375 31 153
42 334 35 153
40 306 33 153
40 318 32 156
48 377 37 157
58 385 40 161
58 437 34 167
46 361 36 158
50 414 36 167
49 429 31 154
61 420 37 159
43 353 32 153
33 292 31 152
36 301 32 158
51 415 33 163
40 300 32 151
46 359 30 160
48 410 36 156
54 368 34 157
47 346 29 149
60 515 48 166
50 377 31 154
44 372 35 157
64 511 44 184
54 413 35 162
66 478 42 169
46 370 34 162
47 406 41 172
60 445 35 163
