9785 660.465
35 240 28 144
35 240 28 144
33 237 27 146
33 237 27 146
33 239 28 145
35 240 27 145
34 237 28 145
35 240 27 145
33 239 28 145
34 237 28 145
35 240 28 144
35 240 28 144
35 240 28 144
35 240 28 144
35 240 28 144
35 240 28 144
35 240 28 144
35 240 28 144
35 240 28 144
35 240 28 144
35 240 28 144
35 240 28 144
35 240 28 144
35 240 28 144
35 240 28 144
35 240 28 144
35 240 28 144
35 240 28 144
35 240 28 144
35 240 28 144
35 240 28 144
35 240 28 144
35 240 28 144
35 240 28 144
35 240 28 144
35 240 28 144
35 240 28 144
35 240 28 144
35 240 28 144
35 240 28 144
35 240 28 144
35 240 28 144
35 240 28 144
35 240 28 144
35 240 28 144
35 240 28 144
35 240 28 144
35 240 28 144
35 240 28 144
35 240 28 144
35 240 28 144
35 240 28 144
35 240 28 144
35 240 28 144
35 240 28 144
35 240 28 144
35 240 28 144
35 240 28 144
35 240 28 144
35 240 28 144
35 240 28 144
35 240 28 144
35 240 28 144
35 240 28 144
35 240 28 144
35 240 28 144
35 240 28 144
35 240 28 144
35 240 28 144
35 240 28 144
35 240 28 144
35 240 28 144
35 240 28 144
35 240 28 144
35 240 28 144
35 240 28 144
35 240 28 144
35 240 28 144
35 240 28 144
35 240 28 144
35 240 28 144
35 240 28 144
35 240 28 144
35 240 28 144
35 240 28 144
35 240 28 144
35 240 28 144
35 240 28 144
35 240 28 144
35 240 28 144
35 240 28 144
35 240 28 144
35 240 28 144
35 240 28 144
35 240 28 144
35 240 28 144
35 240 28 144
35 240 28 144
35 240 28 144
35 240 28 144
35 240 28 144
35 240 28 144
35 240 28 144
35 240 28 144
35 240 28 144
35 240 28 144
35 240 28 144
35 240 28 144
35 240 28 144
35 240 28 144
35 240 28 144
35 240 28 144
35 240 28 144
35 240 28 144
35 240 28 144
35 240 28 144
35 240 28 144
35 240 28 144
35 240 28 144
35 240 28 144
35 240 28 144
35 240 28 144
35 240 28 144
35 240 28 144
35 240 28 144
35 240 28 144
35 240 28 144
35 240 28 144
35 240 28 144
35 240 28 144
35 240 28 144
35 240 28 144
35 240 28 144
35 240 28 144
35 240 28 144
35 240 28 144
35 240 28 144
35 240 28 144
35 240 28 144
35 240 28 144
35 240 28 144
35 240 28 144
35 240 28 144
35 240 28 144
35 240 28 144
35 240 28 144
35 240 28 144
35 240 28 144
35 240 28 144
35 240 27 145
34 237 28 145
34 237 28 145
34 237 28 145
34 237 28 145
34 237 28 145
34 237 28 145
33 239 28 145
33 239 28 145
33 237 27 146
33 237 27 146
36 246 27 146
35 241 28 144
35 241 28 144
35 238 28 145
34 254 27 146
34 241 28 145
35 248 27 145
35 238 28 145
35 241 28 144
34 241 28 145
36 251 27 145
35 242 28 144
35 242 28 144
35 240 28 145
35 242 28 144
35 242 28 144
35 242 28 144
35 242 28 144
35 242 28 144
36 252 27 145
35 243 28 144
35 240 30 145
35 243 28 144
35 241 28 145
35 241 28 145
35 243 28 144
40 264 27 145
37 280 27 145
37 280 27 145
35 244 28 144
35 240 31 145
35 240 31 145
35 244 28 144
38 267 27 145
35 242 29 145
35 242 29 145
38 267 27 145
35 243 28 145
35 243 28 145
35 244 28 144
35 240 31 145
40 269 27 145
38 270 27 145
38 270 27 145
38 243 31 147
37 243 33 147
35 245 28 144
36 244 28 144
36 244 28 144
38 270 27 145
39 273 27 145
38 283 27 146
38 283 27 146
36 245 30 146
36 245 30 146
35 246 28 144
39 277 27 145
37 246 28 144
35 247 28 144
35 247 28 144
41 277 27 145
40 283 27 145
40 283 27 145
38 246 31 147
36 250 29 144
35 248 28 145
37 251 28 144
38 250 28 144
43 285 27 145
41 290 27 145
40 290 27 146
37 254 28 144
37 248 31 145
35 252 30 145
37 254 28 144
43 253 30 144
36 252 28 145
37 254 28 144
49 363 27 145
44 313 27 149
41 248 31 147
38 258 28 144
37 253 30 145
39 254 28 144
39 253 29 145
40 259 28 144
39 254 31 145
38 263 28 144
37 257 30 147
37 258 30 146
38 256 30 145
39 256 30 144
38 265 28 144
38 263 30 144
38 256 31 145
41 264 30 145
40 256 31 147
38 269 28 144
38 268 30 144
38 261 31 146
40 267 28 144
39 264 30 146
38 263 31 145
42 264 30 145
40 259 33 149
38 271 28 144
38 266 33 148
42 260 31 147
38 270 30 146
39 271 28 144
38 280 28 144
41 271 28 144
40 271 28 145
39 272 28 144
43 271 28 144
40 275 28 144
39 272 28 147
47 275 28 144
40 276 28 144
39 279 28 148
46 278 28 144
40 279 28 144
40 276 28 148
42 279 29 145
40 289 28 144
41 282 28 144
42 285 28 144
40 290 28 144
47 297 28 144
44 315 28 144
43 292 28 145
42 294 28 146
41 295 28 147
52 302 28 144
44 307 28 145
43 314 28 145
52 342 29 144
44 316 32 146
45 332 30 145
44 327 36 151
