30553 418.967
34 242 33 140
34 240 31 141
34 240 31 141
33 249 33 140
33 249 33 140
31 244 31 141
31 244 31 141
34 242 33 140
34 242 33 140
34 242 33 140
34 242 33 140
34 242 33 140
34 242 33 140
34 242 33 140
34 242 33 140
34 242 33 140
34 242 33 140
34 242 33 140
34 242 33 140
34 242 33 140
34 242 33 140
34 242 33 140
34 242 33 140
34 242 33 140
34 242 33 140
34 242 33 140
34 242 33 140
34 242 33 140
34 242 33 140
34 242 33 140
34 242 33 140
34 242 33 140
34 242 33 140
34 242 33 140
34 242 33 140
34 242 33 140
34 242 33 140
34 242 33 140
34 242 33 140
34 242 33 140
34 242 33 140
34 242 33 140
34 242 33 140
34 242 33 140
34 242 33 140
34 242 33 140
34 242 33 140
34 242 33 140
34 242 33 140
34 242 33 140
34 242 33 140
34 242 33 140
34 242 33 140
34 242 33 140
34 242 33 140
34 242 33 140
34 242 33 140
34 242 33 140
34 242 33 140
34 242 33 140
34 242 33 140
34 242 33 140
34 242 33 140
34 242 33 140
34 242 33 140
34 242 33 140
34 242 33 140
34 242 33 140
34 242 33 140
34 242 33 140
34 242 33 140
34 242 33 140
34 242 33 140
34 242 33 140
34 242 33 140
34 242 33 140
34 242 33 140
34 242 33 140
34 242 33 140
34 242 33 140
34 242 33 140
34 242 33 140
34 242 33 140
34 242 33 140
34 242 33 140
34 242 33 140
34 242 33 140
34 242 33 140
34 242 33 140
34 242 33 140
34 242 33 140
34 242 33 140
34 242 33 140
34 242 33 140
34 242 33 140
34 242 33 140
34 242 33 140
34 242 33 140
34 242 33 140
34 242 33 140
34 242 33 140
34 242 33 140
34 242 33 140
34 242 33 140
34 242 33 140
34 242 33 140
34 242 33 140
34 242 33 140
34 242 33 140
34 242 33 140
34 242 33 140
34 242 33 140
34 242 33 140
34 242 33 140
34 242 33 140
34 242 33 140
34 242 33 140
34 242 33 140
34 242 33 140
34 242 33 140
34 242 33 140
34 242 33 140
34 242 33 140
34 242 33 140
34 242 33 140
34 242 33 140
34 242 33 140
34 242 33 140
34 242 33 140
34 242 33 140
34 242 33 140
34 242 33 140
34 242 33 140
34 242 33 140
34 242 33 140
34 242 33 140
34 242 33 140
34 242 33 140
34 242 33 140
34 242 33 140
34 242 33 140
34 242 33 140
34 242 33 140
34 242 33 140
34 242 33 140
34 242 33 140
34 242 33 140
34 242 33 140
34 242 33 140
34 242 33 140
34 242 33 140
34 242 33 140
34 242 33 140
34 242 33 140
34 242 33 140
34 242 33 140
34 242 33 140
34 242 33 140
34 242 33 140
34 242 33 140
34 242 33 140
34 242 33 140
34 242 33 140
34 242 33 140
34 242 33 140
34 242 33 140
34 242 33 140
34 242 33 140
34 242 33 140
34 242 33 140
34 242 33 140
34 242 33 140
34 242 33 140
34 242 33 140
34 242 33 140
34 242 33 140
34 242 33 140
34 242 33 140
34 242 33 140
34 242 33 140
34 242 33 140
34 242 33 140
34 242 33 140
34 242 33 140
34 242 33 140
34 242 33 140
34 242 33 140
34 242 33 140
34 242 33 140
34 242 33 140
34 242 33 140
34 242 33 140
34 242 33 140
34 242 33 140
34 242 33 140
34 242 33 140
34 242 33 140
34 242 33 140
34 242 33 140
34 242 33 140
34 242 33 140
34 242 33 140
34 242 33 140
34 242 33 140
34 242 33 140
34 242 33 140
34 242 33 140
34 242 33 140
34 242 33 140
34 242 33 140
34 242 33 140
34 242 33 140
34 242 33 140
34 242 33 140
34 242 33 140
34 242 33 140
34 242 33 140
34 242 33 140
34 242 33 140
34 242 33 140
34 242 33 140
34 242 33 140
34 242 33 140
34 242 33 140
34 242 33 140
34 242 33 140
34 242 33 140
34 242 33 140
34 242 33 140
34 242 33 140
34 242 33 140
34 242 33 140
34 242 33 140
34 242 33 140
34 242 33 140
34 242 33 140
34 242 33 140
34 242 33 140
34 242 33 140
34 242 33 140
34 242 33 140
34 242 33 140
34 242 33 140
34 242 33 140
34 242 33 140
34 242 33 140
34 242 33 140
34 242 33 140
34 242 33 140
34 242 33 140
34 242 33 140
34 242 33 140
34 242 33 140
34 242 33 140
34 242 33 140
34 242 33 140
34 242 33 140
34 242 33 140
34 242 33 140
33 249 33 140
33 249 33 140
33 249 33 140
33 249 33 140
33 249 33 140
31 244 31 141
39 285 31 141
34 243 33 140
34 244 33 140
34 244 33 140
34 244 33 140
34 244 33 140
34 244 33 140
34 244 33 140
34 244 33 140
34 244 33 140
34 244 33 140
34 244 33 140
34 245 33 140
36 247 33 140
36 247 33 140
35 248 33 140
35 250 33 140
36 250 33 140
35 256 33 140
36 251 33 140
36 251 33 140
37 254 36 140
37 254 33 143
36 257 33 140
38 259 33 140
36 260 33 140
37 265 33 140
37 265 33 140
37 265 33 140
36 267 33 140
37 266 33 140
41 268 33 140
39 286 33 140
40 301 33 145
39 288 36 141
34 242 33 140
33 248 33 140
32 232 31 142
31 271 30 142
29 259 27 147
29 259 27 147
29 238 29 145
32 247 30 142
32 239 31 141
30 240 29 144
32 234 29 143
30 255 30 143
34 236 27 145
33 237 28 144
31 237 31 142
33 248 33 140
29 262 27 146
30 256 27 146
34 236 27 145
31 234 30 143
29 262 27 146
33 237 27 145
31 244 31 141
31 238 28 146
31 238 28 146
31 267 27 145
31 253 29 143
31 271 30 142
31 267 27 145
32 247 30 142
31 244 31 141
34 242 33 140
32 240 28 144
32 232 31 142
31 253 29 143
32 239 31 141
32 238 27 145
30 256 27 146
30 255 30 143
34 242 33 140
34 242 33 140
34 242 33 140
34 242 33 140
34 242 33 140
34 242 33 140
34 242 33 140
34 242 33 140
34 242 33 140
34 242 33 140
34 242 33 140
34 242 33 140
34 242 33 140
34 242 33 140
34 242 33 140
34 242 33 140
34 242 33 140
34 242 33 140
34 242 33 140
34 242 33 140
34 242 33 140
34 242 33 140
34 242 33 140
34 242 33 140
34 242 33 140
34 242 33 140
34 242 33 140
34 242 33 140
34 242 33 140
34 242 33 140
34 242 33 140
34 242 33 140
34 242 33 140
34 242 33 140
34 242 33 140
34 242 33 140
34 242 33 140
34 242 33 140
34 242 33 140
34 242 33 140
34 242 33 140
34 242 33 140
34 242 33 140
34 242 33 140
34 242 33 140
34 242 33 140
34 242 33 140
34 242 33 140
34 242 33 140
34 242 33 140
34 242 33 140
34 242 33 140
34 242 33 140
34 242 33 140
34 242 33 140
34 242 33 140
34 242 33 140
34 242 33 140
34 242 33 140
34 242 33 140
34 242 33 140
34 242 33 140
34 242 33 140
34 242 33 140
34 242 33 140
34 242 33 140
34 242 33 140
34 242 33 140
34 242 33 140
34 242 33 140
34 242 33 140
34 242 33 140
34 242 33 140
34 242 33 140
34 242 33 140
34 242 33 140
34 242 33 140
34 242 33 140
34 242 33 140
34 242 33 140
34 242 33 140
34 242 33 140
34 242 33 140
34 242 33 140
34 242 33 140
34 242 33 140
34 242 33 140
34 242 33 140
34 242 33 140
34 242 33 140
34 242 33 140
34 242 33 140
34 242 33 140
34 242 33 140
34 242 33 140
34 242 33 140
34 242 33 140
34 242 33 140
34 242 33 140
34 242 33 140
34 242 33 140
34 242 33 140
34 242 33 140
34 242 33 140
34 242 33 140
34 242 33 140
34 242 33 140
34 242 33 140
34 242 33 140
34 242 33 140
34 242 33 140
34 242 33 140
34 242 33 140
34 242 33 140
34 242 33 140
34 242 33 140
34 242 33 140
34 242 33 140
34 242 33 140
34 242 33 140
34 242 33 140
34 242 33 140
34 242 33 140
34 242 33 140
34 242 33 140
34 242 33 140
34 242 33 140
34 242 33 140
34 242 33 140
34 242 33 140
34 242 33 140
34 242 33 140
34 242 33 140
34 242 33 140
34 242 33 140
34 242 33 140
34 242 33 140
34 242 33 140
34 242 33 140
34 242 33 140
34 242 33 140
34 242 33 140
34 242 33 140
34 242 33 140
34 242 33 140
34 242 33 140
34 242 33 140
34 242 33 140
34 242 33 140
34 242 33 140
34 242 33 140
34 242 33 140
34 242 33 140
34 242 33 140
34 242 33 140
34 242 33 140
34 242 33 140
34 242 33 140
34 242 33 140
34 242 33 140
34 242 33 140
34 242 33 140
34 242 33 140
34 242 33 140
34 242 33 140
34 242 33 140
34 242 33 140
34 242 33 140
34 242 33 140
34 242 33 140
34 242 33 140
34 242 33 140
34 242 33 140
34 242 33 140
34 242 33 140
34 242 33 140
34 242 33 140
34 242 33 140
34 242 33 140
34 242 33 140
34 242 33 140
34 242 33 140
34 242 33 140
34 242 33 140
34 242 33 140
34 242 33 140
34 242 33 140
34 242 33 140
34 242 33 140
34 242 33 140
34 242 33 140
34 242 33 140
34 242 33 140
34 242 33 140
34 242 33 140
34 242 33 140
34 242 33 140
34 242 33 140
34 242 33 140
34 242 33 140
34 242 33 140
34 242 33 140
34 242 33 140
34 242 33 140
34 242 33 140
34 242 33 140
34 242 33 140
34 242 33 140
34 242 33 140
34 242 33 140
34 242 33 140
34 242 33 140
34 242 33 140
34 242 33 140
34 242 33 140
34 242 33 140
34 242 33 140
34 242 33 140
34 242 33 140
34 242 33 140
34 242 33 140
34 242 33 140
34 242 33 140
34 242 33 140
34 242 33 140
34 242 33 140
34 242 33 140
34 242 33 140
34 242 33 140
34 242 33 140
34 242 33 140
34 242 33 140
34 242 33 140
34 242 33 140
34 243 33 140
34 243 33 140
34 243 33 140
34 243 33 140
34 240 31 141
34 244 33 140
34 242 31 141
34 241 33 141
34 240 31 142
38 268 31 141
34 246 31 143
34 245 33 140
34 246 33 140
34 245 33 141
36 250 33 140
36 250 33 140
35 245 33 141
35 245 33 141
37 247 33 145
36 252 33 140
36 252 33 140
37 254 33 140
36 257 33 140
41 311 33 140
40 301 33 145
40 301 33 145
39 286 36 142
34 242 33 140
33 248 33 140
32 232 31 142
31 271 30 142
29 259 27 147
29 259 27 147
29 238 29 145
32 247 30 142
32 239 31 141
30 240 29 144
32 234 29 143
30 255 30 143
34 236 27 145
33 237 28 144
31 237 31 142
33 248 33 140
29 262 27 146
30 256 27 146
34 236 27 145
31 234 30 143
29 262 27 146
33 237 27 145
31 244 31 141
31 238 28 146
31 238 28 146
31 267 27 145
31 253 29 143
31 271 30 142
31 267 27 145
32 247 30 142
31 244 31 141
34 242 33 140
32 240 28 144
32 232 31 142
31 253 29 143
31 243 28 145
32 239 31 141
32 238 27 145
30 256 27 146
30 255 30 143
34 242 33 140
34 242 33 140
34 242 33 140
34 242 33 140
34 242 33 140
34 242 33 140
34 242 33 140
34 242 33 140
34 242 33 140
34 242 33 140
34 242 33 140
34 242 33 140
34 242 33 140
34 242 33 140
34 242 33 140
34 242 33 140
34 242 33 140
34 242 33 140
34 242 33 140
34 242 33 140
34 242 33 140
34 242 33 140
34 242 33 140
34 242 33 140
34 242 33 140
34 242 33 140
34 242 33 140
34 242 33 140
34 242 33 140
34 242 33 140
34 242 33 140
34 242 33 140
34 242 33 140
34 242 33 140
34 242 33 140
34 242 33 140
34 242 33 140
34 242 33 140
34 242 33 140
34 242 33 140
34 242 33 140
34 242 33 140
34 242 33 140
34 242 33 140
34 242 33 140
34 242 33 140
34 242 33 140
34 242 33 140
34 242 33 140
34 242 33 140
34 242 33 140
34 242 33 140
34 242 33 140
34 242 33 140
34 242 33 140
34 242 33 140
34 242 33 140
34 242 33 140
34 242 33 140
34 242 33 140
34 242 33 140
34 242 33 140
34 242 33 140
34 242 33 140
34 242 33 140
34 242 33 140
34 242 33 140
34 242 33 140
34 242 33 140
34 242 33 140
34 242 33 140
34 242 33 140
34 242 33 140
34 242 33 140
34 242 33 140
34 242 33 140
34 242 33 140
34 242 33 140
34 242 33 140
34 242 33 140
34 242 33 140
34 242 33 140
34 242 33 140
34 242 33 140
34 242 33 140
34 242 33 140
34 242 33 140
34 242 33 140
34 242 33 140
34 242 33 140
34 242 33 140
34 242 33 140
34 242 33 140
34 242 33 140
34 242 33 140
34 242 33 140
34 242 33 140
34 242 33 140
34 242 33 140
34 242 33 140
34 242 33 140
34 242 33 140
34 242 33 140
34 242 33 140
34 242 33 140
34 242 33 140
34 242 33 140
34 242 33 140
34 242 33 140
34 242 33 140
34 242 33 140
34 242 33 140
34 242 33 140
34 242 33 140
34 242 33 140
34 242 33 140
34 242 33 140
34 242 33 140
34 242 33 140
34 242 33 140
34 242 33 140
34 242 33 140
34 242 33 140
34 242 33 140
34 242 33 140
34 242 33 140
34 242 33 140
34 242 33 140
34 242 33 140
34 242 33 140
34 242 33 140
34 242 33 140
34 242 33 140
34 242 33 140
34 242 33 140
34 242 33 140
34 242 33 140
34 242 33 140
34 242 33 140
34 242 33 140
34 242 33 140
34 242 33 140
34 242 33 140
34 242 33 140
34 242 33 140
34 242 33 140
34 242 33 140
34 242 33 140
34 242 33 140
34 242 33 140
34 242 33 140
34 242 33 140
34 242 33 140
34 242 33 140
34 242 33 140
34 242 33 140
34 242 33 140
34 242 33 140
34 242 33 140
34 242 33 140
34 242 33 140
34 242 33 140
34 242 33 140
34 242 33 140
34 242 33 140
34 242 33 140
34 242 33 140
34 242 33 140
34 242 33 140
34 242 33 140
34 242 33 140
34 242 33 140
34 242 33 140
34 242 33 140
34 242 33 140
34 242 33 140
34 242 33 140
34 242 33 140
34 242 33 140
34 242 33 140
34 242 33 140
34 242 33 140
34 242 33 140
34 242 33 140
34 242 33 140
34 242 33 140
34 242 33 140
34 242 33 140
34 242 33 140
34 242 33 140
34 242 33 140
34 242 33 140
34 242 33 140
34 242 33 140
34 242 33 140
34 242 33 140
34 242 33 140
34 242 33 140
34 242 33 140
34 242 33 140
34 242 33 140
34 242 33 140
34 242 33 140
34 242 33 140
34 242 33 140
34 242 33 140
34 242 33 140
34 242 33 140
34 242 33 140
34 242 33 140
34 242 33 140
34 242 33 140
34 242 33 140
34 242 33 140
34 242 33 140
34 242 33 140
34 242 33 140
34 242 33 140
34 242 33 140
31 244 31 141
36 245 31 141
35 241 29 143
34 243 33 140
34 241 31 144
33 249 33 140
34 247 31 141
34 242 33 141
34 243 33 140
36 260 31 141
35 247 29 143
34 245 33 140
34 243 31 144
33 250 33 140
36 254 31 142
34 243 33 141
36 260 31 141
45 351 31 141
38 271 29 143
37 246 33 140
35 245 33 141
34 249 33 140
34 247 33 141
39 285 31 142
36 250 33 140
36 250 33 140
35 262 33 140
36 251 33 140
36 251 33 140
36 252 33 140
37 254 33 140
36 257 33 140
37 259 33 140
37 254 36 140
37 254 36 140
37 254 36 140
37 254 33 141
38 275 33 140
37 258 36 140
39 283 33 140
39 283 36 140
