3568 13.4742
41 331 34 173
55 420 30 165
45 380 32 157
44 365 39 158
38 350 36 167
55 420 30 165
41 331 34 173
49 416 30 168
49 416 30 168
49 367 31 162
43 334 37 163
55 420 30 165
41 339 31 168
45 386 30 170
41 339 31 168
44 365 39 158
38 350 36 167
43 334 37 163
41 339 31 168
45 386 30 170
46 354 33 158
47 385 31 161
55 420 30 165
49 367 31 162
38 350 36 167
38 350 36 167
41 331 34 173
55 420 30 165
49 367 31 162
38 350 36 167
55 420 30 165
38 350 36 167
49 416 30 168
47 385 31 161
41 331 34 173
46 354 33 158
45 386 30 170
45 386 30 170
46 354 33 158
41 339 31 168
38 350 36 167
41 331 34 173
46 354 33 158
41 331 34 173
47 341 36 163
49 389 31 158
41 339 31 168
49 367 31 162
45 380 32 157
45 386 30 170
47 385 31 161
49 367 31 162
41 331 34 173
38 350 36 167
38 350 36 167
45 386 30 170
45 386 30 170
55 420 30 165
49 416 30 168
45 386 30 170
55 420 30 165
55 420 30 165
55 420 30 165
55 420 30 165
41 339 31 168
55 420 30 165
49 416 30 168
38 350 36 167
44 365 39 158
41 339 31 168
38 350 36 167
55 420 30 165
55 420 30 165
46 354 33 158
45 386 30 170
45 386 30 170
55 420 30 165
38 350 36 167
55 420 30 165
46 354 33 158
41 339 31 168
46 354 33 158
38 350 36 167
49 367 31 162
41 339 31 168
45 386 30 170
47 385 31 161
46 354 33 158
49 367 31 162
38 350 36 167
55 420 30 165
47 385 31 161
38 350 36 167
55 420 30 165
41 339 31 168
38 350 36 167
49 367 31 162
38 350 36 167
45 386 30 170
49 367 31 162
41 339 31 168
49 367 31 162
45 386 30 170
55 420 30 165
55 420 30 165
55 420 30 165
41 339 31 168
55 420 30 165
45 386 30 170
46 354 33 158
38 350 36 167
55 420 30 165
55 420 30 165
45 386 30 170
38 350 36 167
55 420 30 165
41 339 31 168
38 350 36 167
49 367 31 162
55 420 30 165
45 386 30 170
41 339 31 168
44 365 39 158
38 350 36 167
49 367 31 162
55 420 30 165
49 367 31 162
55 420 30 165
55 420 30 165
46 354 33 158
41 331 34 173
49 367 31 162
49 416 30 168
46 354 33 158
38 350 36 167
55 420 30 165
45 386 30 170
46 354 33 158
38 350 36 167
55 420 30 165
38 350 36 167
45 386 30 170
38 350 36 167
46 354 33 158
41 339 31 168
38 350 36 167
41 331 34 173
46 354 33 158
41 331 34 173
49 389 31 158
49 367 31 162
45 380 32 157
45 386 30 170
47 385 31 161
49 367 31 162
41 331 34 173
45 386 30 170
38 350 36 167
45 386 30 170
45 386 30 170
55 420 30 165
49 416 30 168
45 386 30 170
55 420 30 165
55 420 30 165
55 420 30 165
41 339 31 168
49 416 30 168
38 350 36 167
44 365 39 158
55 420 30 165
55 420 30 165
44 365 39 158
55 420 30 165
49 416 30 168
45 386 30 170
44 365 39 158
43 334 37 163
41 339 31 168
45 386 30 170
46 354 33 158
47 385 31 161
55 420 30 165
49 367 31 162
38 350 36 167
38 350 36 167
55 420 30 165
49 367 31 162
38 350 36 167
55 420 30 165
49 416 30 168
41 331 34 173
45 386 30 170
44 365 39 158
55 420 30 165
45 386 30 170
46 354 33 158
38 350 36 167
55 420 30 165
45 386 30 170
38 350 36 167
55 420 30 165
41 339 31 168
38 350 36 167
49 367 31 162
55 420 30 165
41 331 34 173
41 339 31 168
41 339 31 168
38 350 36 167
49 367 31 162
49 367 31 162
55 420 30 165
46 354 33 158
41 331 34 173
46 354 33 158
38 350 36 167
55 420 30 165
45 386 30 170
46 354 33 158
38 350 36 167
55 420 30 165
38 350 36 167
49 367 31 162
46 354 33 158
45 386 30 170
45 386 30 170
55 420 30 165
55 420 30 165
46 354 33 158
41 339 31 168
46 354 33 158
49 367 31 162
41 339 31 168
45 386 30 170
47 385 31 161
46 354 33 158
45 386 30 170
55 420 30 165
47 385 31 161
38 350 36 167
55 420 30 165
41 339 31 168
38 350 36 167
49 367 31 162
45 386 30 170
49 367 31 162
45 386 30 170
55 420 30 165
55 420 30 165
42 344 33 164
45 386 30 170
46 354 33 158
38 350 36 167
45 386 30 170
45 386 30 170
55 420 30 165
49 367 31 162
55 420 30 165
55 420 30 165
45 386 30 170
41 339 31 168
41 339 31 168
41 339 31 168
47 385 31 161
38 350 36 167
46 354 33 158
41 331 34 173
55 420 30 165
55 420 30 165
49 367 31 162
45 386 30 170
46 354 33 158
49 367 31 162
45 386 30 170
38 350 36 167
55 420 30 165
55 420 30 165
55 420 30 165
49 367 31 162
41 331 34 173
41 339 31 168
45 386 30 170
46 354 33 158
38 350 36 167
55 420 30 165
49 367 31 162
45 386 30 170
45 386 30 170
41 339 31 168
55 420 30 165
43 364 33 162
45 386 30 170
41 331 34 173
55 420 30 165
45 386 30 170
45 386 30 170
41 339 31 168
55 420 30 165
49 367 31 162
