238880 1140.06
41 239 30 142
39 239 29 144
37 237 31 142
37 237 31 142
36 252 30 143
35 241 29 144
34 232 31 144
36 252 30 143
39 237 30 143
34 236 31 143
37 247 30 142
39 244 30 142
37 234 31 143
40 241 30 142
38 242 30 143
38 242 30 143
37 247 30 142
41 239 30 142
40 241 30 142
39 236 30 144
35 241 29 144
34 236 31 143
39 239 29 144
37 234 31 143
34 232 31 144
39 244 30 142
39 236 30 144
37 243 30 143
37 243 30 143
41 239 30 142
41 239 30 142
41 239 30 142
41 239 30 142
41 239 30 142
41 239 30 142
41 239 30 142
41 239 30 142
41 239 30 142
41 239 30 142
41 239 30 142
41 239 30 142
41 239 30 142
41 239 30 142
41 239 30 142
41 239 30 142
41 239 30 142
41 239 30 142
41 239 30 142
41 239 30 142
41 239 30 142
41 239 30 142
41 239 30 142
41 239 30 142
41 239 30 142
41 239 30 142
41 239 30 142
41 239 30 142
41 239 30 142
41 239 30 142
41 239 30 142
41 239 30 142
41 239 30 142
41 239 30 142
41 239 30 142
41 239 30 142
41 239 30 142
41 239 30 142
41 239 30 142
41 239 30 142
41 239 30 142
41 239 30 142
41 239 30 142
41 239 30 142
41 239 30 142
41 239 30 142
41 239 30 142
41 239 30 142
41 239 30 142
41 239 30 142
41 239 30 142
41 239 30 142
41 239 30 142
41 239 30 142
41 239 30 142
41 239 30 142
41 239 30 142
41 239 30 142
41 239 30 142
41 239 30 142
41 239 30 142
41 239 30 142
41 239 30 142
41 239 30 142
41 239 30 142
41 239 30 142
41 239 30 142
41 239 30 142
41 239 30 142
41 239 30 142
41 239 30 142
41 239 30 142
41 239 30 142
41 239 30 142
41 239 30 142
41 239 30 142
41 239 30 142
41 239 30 142
41 239 30 142
41 239 30 142
41 239 30 142
41 239 30 142
41 239 30 142
41 239 30 142
41 239 30 142
41 239 30 142
41 239 30 142
41 239 30 142
41 239 30 142
41 239 30 142
41 239 30 142
41 239 30 142
41 239 30 142
41 239 30 142
41 239 30 142
41 239 30 142
41 239 30 142
41 239 30 142
41 239 30 142
41 239 30 142
41 239 30 142
41 239 30 142
41 239 30 142
41 239 30 142
41 239 30 142
41 239 30 142
41 239 30 142
41 239 30 142
41 239 30 142
41 239 30 142
41 239 30 142
41 239 30 142
41 239 30 142
41 239 30 142
41 239 30 142
41 239 30 142
41 239 30 142
41 239 30 142
41 239 30 142
41 239 30 142
41 239 30 142
41 239 30 142
41 239 30 142
41 239 30 142
41 239 30 142
41 239 30 142
41 239 30 142
41 239 30 142
41 239 30 142
41 239 30 142
41 239 30 142
41 239 30 142
41 239 30 142
41 239 30 142
41 239 30 142
41 239 30 142
41 239 30 142
41 239 30 142
41 239 30 142
41 239 30 142
41 239 30 142
41 239 30 142
41 239 30 142
41 239 30 142
41 239 30 142
41 239 30 142
41 239 30 142
41 239 30 142
41 239 30 142
41 239 30 142
41 239 30 142
41 239 30 142
41 239 30 142
41 239 30 142
41 239 30 142
41 239 30 142
41 239 30 142
41 239 30 142
41 239 30 142
41 239 30 142
41 239 30 142
41 239 30 142
41 239 30 142
41 239 30 142
41 239 30 142
41 239 30 142
41 239 30 142
41 239 30 142
41 239 30 142
41 239 30 142
41 239 30 142
41 239 30 142
41 239 30 142
41 239 30 142
41 239 30 142
41 239 30 142
41 239 30 142
41 239 30 142
41 239 30 142
41 239 30 142
41 239 30 142
41 239 30 142
41 239 30 142
41 239 30 142
41 239 30 142
41 239 30 142
41 239 30 142
41 239 30 142
41 239 30 142
41 239 30 142
41 239 30 142
41 239 30 142
41 239 30 142
41 239 30 142
41 239 30 142
41 239 30 142
41 239 30 142
41 239 30 142
41 239 30 142
41 239 30 142
41 239 30 142
41 239 30 142
41 239 30 142
41 239 30 142
41 239 30 142
41 239 30 142
41 239 30 142
41 239 30 142
41 239 30 142
41 239 30 142
41 239 30 142
41 239 30 142
41 239 30 142
41 239 30 142
41 239 30 142
41 239 30 142
41 239 30 142
41 239 30 142
41 239 30 142
41 239 30 142
41 239 30 142
41 239 30 142
41 239 30 142
41 239 30 142
41 239 30 142
41 239 30 142
40 241 30 142
40 241 30 142
40 241 30 142
40 241 30 142
38 242 30 143
38 242 30 143
38 242 30 143
37 243 30 143
37 237 31 142
37 237 31 142
37 234 31 143
35 241 29 144
34 232 31 144
41 242 30 142
40 237 31 142
40 237 31 142
39 240 29 144
38 248 30 142
37 239 31 142
35 242 29 144
39 238 30 143
38 248 30 142
35 242 29 144
41 242 30 142
39 240 29 144
40 237 31 142
38 248 30 142
43 248 30 142
39 251 30 142
39 240 30 143
46 259 30 142
41 251 33 142
41 244 30 143
41 244 30 143
41 244 30 143
41 244 30 143
41 244 30 143
41 244 30 143
41 244 30 143
41 244 30 143
42 244 30 143
42 244 30 143
42 244 30 143
42 244 30 143
43 280 34 143
