186443 1770.3
34 270 32 160
32 262 30 166
32 277 32 163
35 266 32 160
37 293 30 160
34 285 30 163
35 271 30 163
35 269 31 162
35 286 30 162
36 317 32 158
33 291 33 162
38 285 30 160
33 268 32 163
39 318 29 165
35 264 32 163
34 264 32 164
37 311 32 158
37 296 33 159
36 268 30 165
37 300 32 159
39 305 32 158
38 308 32 158
34 278 31 164
38 298 32 159
32 273 31 165
33 274 30 165
35 268 31 165
35 286 35 159
36 277 35 159
36 304 29 167
37 296 29 167
39 315 35 157
37 294 35 158
38 287 35 158
40 321 35 156
38 333 35 157
33 267 32 164
32 270 32 164
32 275 30 165
32 275 30 165
32 270 32 164
33 267 32 164
34 274 32 160
35 272 31 162
32 281 32 163
32 284 30 165
34 286 30 163
36 266 32 161
36 268 32 160
35 279 30 163
35 268 32 161
35 271 30 165
33 273 32 163
33 269 32 164
34 268 32 163
35 277 30 164
35 270 31 165
34 282 30 165
35 267 32 165
32 268 30 166
37 281 35 159
39 296 35 158
40 349 29 165
62 566 44 184
66 514 47 184
75 666 45 189
77 559 46 177
67 588 34 184
69 590 41 186
62 459 37 173
50 392 44 181
56 476 38 173
53 446 42 188
61 472 37 183
62 531 43 175
55 462 36 185
74 536 43 188
59 502 38 181
67 558 52 191
63 526 48 181
57 488 42 183
59 488 38 171
71 515 54 195
88 759 49 195
59 498 44 184
64 508 39 174
57 463 40 188
61 508 44 183
70 520 51 197
64 487 37 173
62 488 55 182
47 404 42 172
80 700 48 198
58 464 38 187
70 552 46 188
68 550 50 181
54 450 38 177
72 547 53 185
65 516 44 184
51 453 38 183
65 526 48 187
57 502 50 182
53 419 46 182
51 405 44 185
73 558 62 201
60 501 37 190
67 569 44 183
78 617 47 196
66 600 40 180
65 510 41 187
68 584 39 183
61 485 38 178
62 509 41 186
70 562 49 184
61 496 50 184
50 395 42 174
60 476 40 177
54 454 47 179
65 487 43 176
57 462 47 177
59 463 51 169
58 487 40 177
71 602 45 182
67 532 57 195
63 500 39 178
55 465 36 178
63 509 38 172
63 496 45 186
55 479 37 170
55 425 34 170
57 440 40 174
61 522 54 182
59 451 37 183
56 453 43 179
62 496 51 177
56 480 41 175
63 508 39 186
60 470 45 186
71 569 49 202
61 503 38 182
59 489 37 182
60 475 48 185
63 528 49 190
71 552 45 187
80 543 48 191
59 460 50 193
51 437 37 190
67 579 48 189
67 527 49 183
64 553 53 181
64 505 48 186
63 475 46 181
68 576 60 199
68 542 42 184
63 479 51 191
79 640 42 180
60 483 43 192
61 461 51 184
71 609 43 190
67 503 49 193
51 392 47 177
62 500 35 179
72 598 66 190
62 489 43 183
49 403 42 180
68 486 44 183
65 550 40 177
59 469 44 180
58 466 35 187
46 389 39 189
74 591 43 187
69 561 40 190
52 446 43 186
75 646 39 177
57 476 46 184
56 454 48 179
55 446 46 188
59 506 38 187
58 488 48 189
66 551 46 192
63 519 43 189
59 494 39 186
64 547 38 186
73 652 53 192
66 483 37 178
56 495 41 184
68 504 42 184
54 456 44 182
63 473 53 190
62 512 42 181
54 446 34 176
62 487 45 187
67 477 45 192
54 457 45 185
58 502 35 181
75 544 51 186
61 487 44 186
58 413 34 176
47 409 43 179
100 808 52 198
55 484 47 184
65 534 51 180
77 683 39 172
51 421 37 172
64 572 45 194
57 474 36 185
52 401 44 184
59 503 42 182
50 431 42 177
57 472 40 188
61 450 44 181
57 497 40 180
56 448 46 183
58 509 41 185
64 532 44 190
61 464 49 185
55 487 34 179
61 473 51 181
71 627 48 190
62 463 50 189
61 494 51 191
62 506 34 174
67 597 57 191
54 424 51 178
61 497 44 187
72 468 47 182
66 516 59 190
61 493 36 178
62 477 51 181
62 492 51 180
66 536 39 178
68 531 46 193
56 453 36 183
71 600 63 189
57 461 42 189
49 413 38 182
57 498 49 190
53 427 45 183
58 454 37 184
64 533 52 195
77 677 49 199
61 450 38 168
75 659 37 185
65 556 49 196
55 443 46 182
61 438 44 184
55 425 46 189
64 487 48 190
54 480 38 187
58 480 42 182
64 516 51 195
58 416 55 181
58 464 43 177
63 494 48 186
52 432 47 185
59 492 43 188
60 515 53 188
57 472 37 182
64 494 37 171
62 495 47 178
54 472 41 185
71 584 52 193
51 416 41 172
55 457 41 176
57 436 42 177
51 452 45 181
61 473 54 181
57 490 38 177
68 565 46 181
65 551 43 185
79 532 56 191
65 564 40 191
74 564 43 192
52 438 41 182
46 383 36 175
64 469 42 187
73 574 39 177
50 393 34 179
60 478 44 183
62 497 43 196
63 461 47 191
53 426 34 167
53 433 34 182
66 561 44 196
73 555 39 184
65 546 39 180
67 579 44 177
56 467 43 182
66 581 58 190
59 460 36 172
54 468 41 176
79 670 40 186
61 494 37 188
56 457 36 179
56 465 41 184
67 493 41 187
63 513 44 192
63 533 49 193
69 565 48 182
64 538 41 178
