835337 2520.07
37 315 26 152
41 332 34 141
31 274 30 146
35 264 33 153
46 368 29 143
35 264 33 153
31 274 30 146
41 332 34 141
36 314 27 148
39 313 27 147
37 280 28 149
37 315 26 152
41 332 34 141
40 352 27 145
36 272 31 146
32 289 28 152
35 270 30 151
40 352 27 145
37 280 29 144
40 307 27 146
34 300 29 145
35 264 33 153
36 295 30 145
34 300 29 145
36 324 27 147
35 269 28 152
32 283 31 144
35 270 30 151
35 270 30 151
34 295 31 142
40 352 27 145
34 300 29 145
32 283 31 144
34 300 29 145
37 280 29 144
38 316 30 143
34 295 31 142
37 280 28 149
32 289 28 152
36 324 27 147
31 274 30 146
38 316 30 143
35 264 33 153
36 324 27 147
34 295 31 142
33 271 31 152
38 319 27 146
40 307 27 146
32 283 31 144
37 315 26 152
37 315 26 152
35 269 28 152
32 289 28 152
35 264 33 153
36 324 27 147
38 316 30 143
38 316 30 143
34 300 29 145
35 307 30 144
35 264 33 153
35 294 29 146
35 269 28 152
36 324 27 147
40 352 27 145
32 283 31 144
38 316 30 143
34 298 27 151
37 280 29 144
34 277 29 147
34 277 29 147
34 300 29 145
36 272 31 146
31 274 30 146
34 295 31 142
35 287 33 143
32 283 31 144
37 317 30 143
33 271 31 152
32 283 31 144
32 283 31 144
37 315 26 152
35 294 29 146
38 316 30 143
39 313 27 147
36 272 31 146
32 283 31 144
35 270 30 151
38 316 30 143
32 289 28 152
35 269 28 152
34 300 29 145
32 283 31 144
35 294 29 146
33 271 31 152
34 295 31 142
37 280 29 144
34 300 29 145
37 315 26 152
34 295 31 142
40 352 27 145
35 264 33 153
35 269 28 152
40 307 27 146
37 315 26 152
32 283 31 144
35 294 29 146
35 269 28 152
40 307 27 146
41 332 34 141
40 307 27 146
37 317 30 143
33 271 31 152
37 280 28 149
31 274 30 146
38 316 30 143
34 300 29 145
34 298 27 151
36 272 31 146
34 300 29 145
40 352 27 145
34 295 31 142
36 295 30 145
37 280 29 144
34 300 29 145
37 317 30 143
34 277 29 147
35 264 33 153
31 274 30 146
37 280 29 144
35 264 33 153
38 316 30 143
34 298 27 151
40 307 27 146
32 283 31 144
36 295 30 145
35 269 28 152
37 315 26 152
31 274 30 146
34 277 29 147
35 264 33 153
35 270 30 151
38 316 30 143
37 280 29 144
34 300 29 145
32 283 31 144
35 307 30 144
37 280 29 144
33 271 31 152
35 307 30 144
32 289 28 152
34 298 27 151
35 287 33 143
40 352 27 145
36 295 30 145
34 295 31 142
41 332 34 141
35 294 29 146
35 264 33 153
35 264 33 153
40 352 27 145
40 307 27 146
34 295 31 142
37 315 26 152
32 289 28 152
40 352 27 145
40 307 27 146
40 352 27 145
36 272 31 146
35 264 33 153
37 315 26 152
40 307 27 146
34 300 29 145
32 283 31 144
37 315 26 152
32 289 28 152
35 264 33 153
36 324 27 147
38 316 30 143
35 307 30 144
35 264 33 153
35 294 29 146
35 269 28 152
36 324 27 147
38 316 30 143
37 280 29 144
34 277 29 147
34 277 29 147
40 307 27 146
36 272 31 146
31 274 30 146
35 287 33 143
32 283 31 144
37 317 30 143
33 271 31 152
32 283 31 144
37 315 26 152
35 294 29 146
32 283 31 144
35 270 30 151
32 289 28 152
35 269 28 152
34 300 29 145
40 307 27 146
41 332 34 141
46 368 29 143
35 264 33 153
31 274 30 146
36 314 27 148
37 280 28 149
37 315 26 152
41 332 34 141
36 272 31 146
32 289 28 152
35 270 30 151
40 352 27 145
37 280 29 144
32 283 31 144
34 300 29 145
34 300 29 145
35 269 28 152
32 283 31 144
35 270 30 151
34 300 29 145
37 280 29 144
37 280 28 149
32 289 28 152
36 324 27 147
31 274 30 146
36 324 27 147
38 319 27 146
40 352 27 145
37 315 26 152
31 274 30 146
34 277 29 147
35 264 33 153
35 270 30 151
37 280 29 144
34 300 29 145
37 280 29 144
33 271 31 152
35 307 30 144
32 289 28 152
35 287 33 143
32 283 31 144
36 295 30 145
41 332 34 141
35 294 29 146
35 264 33 153
35 264 33 153
40 352 27 145
34 295 31 142
37 315 26 152
32 289 28 152
40 352 27 145
40 307 27 146
40 352 27 145
36 272 31 146
35 264 33 153
38 316 30 143
35 294 29 146
33 271 31 152
34 295 31 142
37 315 26 152
40 352 27 145
35 264 33 153
35 269 28 152
40 307 27 146
41 332 34 141
40 307 27 146
37 317 30 143
37 280 28 149
31 274 30 146
34 300 29 145
34 300 29 145
36 272 31 146
34 300 29 145
37 317 30 143
34 277 29 147
35 264 33 153
31 274 30 146
37 280 29 144
35 264 33 153
38 316 30 143
34 298 27 151
34 279 31 145
35 270 30 151
37 317 30 143
34 295 31 142
37 280 29 144
37 315 26 152
35 287 33 143
35 264 33 153
36 272 31 146
37 280 28 149
40 352 27 145
40 352 27 145
40 307 27 146
37 280 29 144
37 280 29 144
37 280 29 144
