62306 2941.57
39 248 28 145
39 245 29 145
38 247 27 148
37 250 31 143
37 250 31 143
35 254 30 144
34 252 27 146
35 254 30 144
39 247 29 144
39 246 27 146
36 251 29 145
34 253 28 145
38 248 30 143
38 251 27 146
38 249 28 147
38 247 27 148
38 246 29 147
37 252 28 145
37 250 28 147
37 249 29 146
34 253 28 145
36 252 29 144
39 245 29 145
38 250 29 145
38 248 29 146
39 248 28 145
39 248 28 145
39 248 28 145
39 248 28 145
39 248 28 145
39 248 28 145
39 248 28 145
39 248 28 145
39 248 28 145
39 248 28 145
39 248 28 145
39 248 28 145
39 248 28 145
39 248 28 145
39 248 28 145
39 248 28 145
39 248 28 145
39 248 28 145
39 248 28 145
39 248 28 145
39 248 28 145
39 248 28 145
39 248 28 145
39 248 28 145
39 248 28 145
39 248 28 145
39 248 28 145
39 248 28 145
39 248 28 145
39 248 28 145
39 248 28 145
39 248 28 145
39 248 28 145
39 248 28 145
39 248 28 145
39 248 28 145
39 248 28 145
39 248 28 145
39 248 28 145
39 248 28 145
39 248 28 145
39 248 28 145
39 248 28 145
39 248 28 145
39 248 28 145
39 248 28 145
39 248 28 145
39 248 28 145
39 248 28 145
39 248 28 145
39 248 28 145
39 248 28 145
39 248 28 145
39 248 28 145
39 248 28 145
39 248 28 145
39 248 28 145
39 248 28 145
39 248 28 145
39 248 28 145
39 248 28 145
39 248 28 145
39 248 28 145
39 248 28 145
39 248 28 145
39 248 28 145
39 248 28 145
39 248 28 145
39 248 28 145
39 248 28 145
39 248 28 145
39 248 28 145
39 248 28 145
39 248 28 145
39 248 28 145
39 248 28 145
39 248 28 145
39 248 28 145
39 248 28 145
39 248 28 145
39 248 28 145
39 248 28 145
39 248 28 145
39 248 28 145
39 248 28 145
39 248 28 145
39 248 28 145
39 248 28 145
39 248 28 145
39 248 28 145
39 248 28 145
39 248 28 145
39 248 28 145
39 248 28 145
39 248 28 145
39 248 28 145
39 248 28 145
39 248 28 145
39 248 28 145
39 248 28 145
39 248 28 145
39 248 28 145
39 248 28 145
39 248 28 145
39 248 28 145
39 248 28 145
39 248 28 145
39 248 28 145
39 248 28 145
39 248 28 145
39 248 28 145
39 248 28 145
39 248 28 145
39 248 28 145
39 248 28 145
39 248 28 145
39 248 28 145
39 248 28 145
39 248 28 145
39 248 28 145
39 248 28 145
39 248 28 145
39 248 28 145
39 248 28 145
39 248 28 145
39 248 28 145
39 248 28 145
39 248 28 145
39 248 28 145
39 248 28 145
39 248 28 145
39 248 28 145
39 248 28 145
39 248 28 145
39 248 28 145
39 248 28 145
39 248 28 145
39 248 28 145
39 248 28 145
39 248 28 145
39 248 28 145
39 248 28 145
39 248 28 145
39 248 28 145
39 248 28 145
39 248 28 145
39 248 28 145
39 248 28 145
39 248 28 145
39 248 28 145
39 248 28 145
39 248 28 145
39 248 28 145
39 248 28 145
39 248 28 145
39 248 28 145
39 248 28 145
39 248 28 145
39 248 28 145
39 248 28 145
39 248 28 145
39 248 28 145
39 248 28 145
39 248 28 145
39 248 28 145
39 248 28 145
39 248 28 145
39 248 28 145
39 248 28 145
39 248 28 145
39 248 28 145
39 248 28 145
39 248 28 145
39 248 28 145
39 248 28 145
39 248 28 145
39 248 28 145
39 248 28 145
39 248 28 145
39 248 28 145
39 248 28 145
39 248 28 145
39 248 28 145
39 248 28 145
39 248 28 145
39 248 28 145
39 248 28 145
39 248 28 145
39 248 28 145
39 248 28 145
39 248 28 145
39 248 28 145
39 248 28 145
39 248 28 145
39 248 28 145
39 248 28 145
39 248 28 145
39 248 28 145
39 248 28 145
39 248 28 145
39 248 28 145
39 248 28 145
39 248 28 145
39 248 28 145
39 248 28 145
39 248 28 145
39 248 28 145
39 248 28 145
39 248 28 145
39 248 28 145
39 248 28 145
39 248 28 145
39 248 28 145
39 248 28 145
39 248 28 145
39 248 28 145
39 248 28 145
39 248 28 145
39 248 28 145
39 248 28 145
39 248 28 145
39 248 28 145
39 248 28 145
39 248 28 145
39 248 28 145
39 248 28 145
39 248 28 145
39 248 28 145
39 248 28 145
39 248 28 145
39 247 29 144
39 247 29 144
39 247 29 144
39 247 29 144
39 247 29 144
39 247 29 144
38 249 28 147
38 249 28 147
37 250 28 147
37 250 28 147
34 253 28 145
34 253 28 145
39 250 28 145
39 247 27 146
38 250 28 147
37 251 31 144
35 257 28 145
39 247 27 146
39 252 28 145
39 249 27 146
40 252 28 145
40 253 28 145
40 254 28 145
40 254 28 145
45 260 28 145
44 258 31 149
42 262 28 145
42 262 28 145
43 261 28 145
43 261 28 145
42 262 28 145
42 262 28 145
45 268 29 146
42 270 28 145
42 270 28 145
46 269 31 149
46 269 31 149
42 275 28 145
46 269 31 149
46 284 28 145
48 323 33 148
48 323 33 148
48 323 33 148
48 323 33 148
54 341 33 152
