14153 960.708
41 241 28 145
36 244 28 145
36 244 28 145
35 239 31 143
35 239 31 143
40 240 29 144
36 240 30 144
40 242 28 145
41 241 28 145
36 240 30 144
40 242 28 145
41 241 28 145
41 241 28 145
41 241 28 145
41 241 28 145
41 241 28 145
41 241 28 145
41 241 28 145
41 241 28 145
41 241 28 145
41 241 28 145
41 241 28 145
41 241 28 145
41 241 28 145
41 241 28 145
41 241 28 145
41 241 28 145
41 241 28 145
41 241 28 145
41 241 28 145
41 241 28 145
41 241 28 145
41 241 28 145
41 241 28 145
41 241 28 145
41 241 28 145
41 241 28 145
41 241 28 145
41 241 28 145
41 241 28 145
41 241 28 145
41 241 28 145
41 241 28 145
41 241 28 145
41 241 28 145
41 241 28 145
41 241 28 145
41 241 28 145
41 241 28 145
41 241 28 145
40 242 28 145
40 242 28 145
40 242 28 145
40 242 28 145
40 242 28 145
40 242 28 145
40 242 28 145
40 242 28 145
36 244 28 145
36 244 28 145
35 239 31 143
35 239 31 143
45 300 29 144
41 243 28 145
39 255 31 143
38 252 33 144
36 245 28 145
45 300 29 144
40 244 28 145
46 310 29 144
42 274 32 144
42 274 32 144
41 243 32 146
37 245 28 145
44 299 31 144
45 291 31 144
42 274 32 144
45 308 31 144
40 247 31 148
39 256 32 146
37 253 28 147
43 248 28 145
40 258 28 145
39 256 32 146
40 250 29 145
37 253 28 147
40 250 29 145
41 249 28 145
47 340 31 144
43 252 32 148
40 265 28 145
40 255 31 149
38 259 32 149
39 270 29 147
40 256 29 148
41 254 28 145
42 253 28 148
41 254 28 145
44 254 28 147
40 279 28 145
39 269 33 152
41 255 28 145
40 277 31 147
39 278 32 150
39 278 32 150
46 255 28 145
45 254 32 148
42 257 28 145
41 298 28 146
40 303 32 150
39 281 33 153
39 281 33 153
41 255 32 146
41 255 32 146
41 255 32 146
44 257 28 145
42 320 28 145
42 315 29 145
42 264 28 147
40 303 39 153
40 303 39 153
41 286 32 149
41 288 33 146
43 263 28 145
42 260 32 146
41 299 31 148
41 299 31 148
42 315 29 145
41 288 33 146
41 299 31 148
41 299 31 148
48 258 32 147
44 258 32 150
43 283 28 145
42 321 32 146
42 270 33 149
42 264 28 151
42 321 32 146
47 269 28 145
43 283 28 145
44 271 28 145
47 269 28 145
43 266 28 148
43 260 32 147
42 270 33 149
44 259 28 146
43 275 32 146
44 271 28 145
42 270 33 149
48 271 29 146
44 272 32 146
44 259 28 147
43 283 31 145
43 264 32 148
44 278 28 145
45 263 31 146
43 276 32 146
45 263 31 146
50 265 31 147
45 263 30 149
44 278 28 146
44 273 34 147
43 321 32 145
43 289 32 149
47 266 28 147
44 273 34 147
44 296 28 145
45 281 28 145
45 265 32 146
44 277 32 147
45 281 28 145
44 278 28 146
44 278 28 146
47 272 33 146
47 269 29 148
44 316 28 145
44 300 28 152
44 280 33 155
43 322 32 147
43 303 34 150
43 303 34 150
46 284 28 145
45 295 31 145
44 280 33 155
45 273 32 146
43 316 33 149
47 269 29 148
44 290 31 147
44 281 32 153
44 307 31 146
44 290 31 147
44 300 28 152
47 272 33 146
45 280 28 146
43 303 34 150
46 292 28 145
46 292 28 145
46 275 32 148
45 296 28 150
43 320 34 150
43 306 35 151
44 300 31 147
44 298 33 149
46 288 32 146
43 320 34 150
45 276 33 146
45 299 31 148
45 276 33 146
46 275 32 148
45 299 31 148
45 296 28 150
45 296 32 146
45 296 32 146
45 296 32 146
45 296 32 146
50 294 29 145
47 279 32 154
47 278 33 149
46 301 28 145
46 284 35 147
44 315 31 147
48 287 33 146
46 283 34 149
47 294 28 147
45 289 33 147
46 297 32 149
52 301 29 145
47 339 39 145
47 339 39 145
46 302 28 149
45 345 32 149
45 308 33 158
45 290 34 150
49 294 31 148
45 320 32 155
45 328 31 153
47 303 35 148
46 324 29 147
45 339 31 151
48 302 28 145
47 308 30 146
47 297 29 149
46 313 35 147
45 311 33 149
46 302 28 149
50 302 28 145
48 312 28 145
48 307 28 148
47 300 32 150
46 354 30 148
46 330 34 148
46 303 29 154
47 320 30 146
46 341 32 147
49 303 28 145
48 309 31 147
46 303 30 149
46 354 30 148
50 305 32 146
50 302 31 161
48 317 28 145
48 316 28 146
47 337 30 150
46 308 39 158
48 313 33 155
46 333 36 148
47 306 37 160
46 318 36 151
46 323 32 150
55 305 32 150
51 307 33 153
49 319 28 145
48 341 32 148
48 328 28 150
48 321 40 150
46 318 36 152
46 323 35 150
50 312 32 149
53 316 35 151
52 325 38 147
49 331 28 145
47 351 36 155
51 328 32 149
49 329 32 149
51 339 28 146
49 358 28 145
49 358 28 145
49 351 38 146
49 331 38 156
51 331 34 145
49 334 32 153
51 332 28 147
51 336 32 146
51 339 28 146
55 401 31 145
53 341 31 146
49 370 46 164
54 368 32 147
54 347 33 146
57 472 35 159
