147870 1860.18
34 283 33 149
33 285 30 152
34 264 33 152
35 274 31 151
35 270 29 157
34 275 29 156
34 263 33 153
32 264 31 153
35 273 33 150
32 271 29 159
33 267 29 159
31 263 30 155
34 284 30 152
33 275 29 157
37 307 36 148
37 326 28 162
33 277 33 151
34 272 29 158
33 280 29 156
39 278 36 149
38 280 36 149
36 282 36 149
45 401 27 160
32 278 31 151
30 262 30 156
32 267 31 152
32 261 31 154
31 257 30 156
32 260 30 155
34 264 29 159
33 285 33 150
34 268 33 151
34 274 33 150
33 285 33 150
31 257 30 156
32 278 31 151
31 257 30 156
34 268 33 151
32 281 29 156
32 260 30 155
37 281 36 149
32 267 31 152
30 262 30 156
32 261 31 154
37 281 36 149
31 265 30 153
31 265 30 153
34 264 29 159
31 257 30 156
32 281 29 156
34 274 33 150
32 272 31 152
34 269 33 151
34 276 33 150
33 278 31 151
35 284 33 149
34 271 31 152
36 276 31 151
35 285 30 152
33 270 31 153
34 286 33 149
33 286 30 152
37 282 36 149
54 461 43 177
46 364 37 163
51 441 34 152
49 412 34 153
47 384 35 155
50 415 38 159
51 397 36 159
45 384 36 151
51 412 40 160
52 398 34 156
71 566 51 173
47 382 37 159
57 489 47 160
52 410 43 171
49 416 36 159
50 355 35 159
53 412 36 159
36 321 32 152
49 395 37 156
55 386 32 151
46 361 39 162
55 420 41 156
49 363 35 162
56 474 37 163
45 382 36 150
58 448 36 155
46 315 33 154
44 367 38 159
61 525 38 162
49 339 33 155
62 538 31 152
48 368 41 156
52 421 44 164
48 362 35 156
54 411 34 159
45 364 33 153
52 428 38 156
54 379 35 159
58 478 33 156
38 293 31 154
49 395 38 160
47 399 34 154
46 391 36 152
45 347 41 156
61 466 36 155
43 356 38 158
46 385 36 159
47 375 33 155
53 413 38 158
50 364 36 161
47 372 36 165
66 537 39 159
60 510 36 156
52 445 37 161
53 430 39 164
47 361 40 160
48 405 35 161
56 507 37 158
47 394 37 155
50 399 41 151
46 361 37 162
51 396 44 162
69 565 55 172
48 420 38 169
48 355 37 159
47 412 33 149
48 383 38 162
53 403 38 160
37 325 37 153
46 376 37 158
42 375 38 158
46 357 40 165
49 368 36 156
50 428 50 163
47 396 37 158
55 393 35 158
54 452 36 160
53 430 35 157
46 370 38 159
55 434 45 171
49 393 38 155
52 457 38 158
48 379 36 158
41 319 36 154
52 404 35 156
49 422 39 164
43 338 36 155
56 431 46 164
43 351 38 152
40 341 34 160
43 339 38 156
55 439 37 156
60 502 34 157
43 358 34 154
52 438 41 157
43 333 30 162
45 346 44 155
49 376 32 151
55 392 39 154
43 363 35 156
50 349 31 154
45 334 44 157
54 356 36 154
48 413 38 152
51 440 39 160
46 378 34 155
50 405 32 158
59 434 33 150
48 378 41 162
45 396 40 151
52 430 34 150
40 313 31 152
55 453 46 164
56 444 40 163
44 351 33 152
50 396 37 151
48 389 33 154
63 472 38 159
57 483 41 151
48 372 37 159
42 324 31 155
51 427 40 153
51 404 37 155
57 424 36 154
45 345 37 155
50 419 38 156
57 497 36 154
49 383 33 160
45 358 39 160
58 439 34 162
45 374 36 158
52 429 33 154
48 416 35 162
43 341 34 154
52 452 40 156
45 362 38 156
44 389 39 158
52 411 38 165
48 366 38 161
50 426 38 158
48 422 42 161
45 345 40 152
48 409 35 162
45 358 36 150
45 366 34 155
50 425 38 157
54 438 38 162
49 372 33 154
48 351 33 155
52 417 35 161
53 422 30 157
44 340 38 159
50 361 38 151
55 415 33 159
50 456 35 159
46 391 35 161
55 477 38 160
50 416 33 161
50 383 38 160
49 367 34 160
52 402 35 164
65 529 45 163
51 395 36 158
44 350 36 155
51 412 46 160
47 362 39 154
49 419 40 165
54 421 44 164
57 438 44 163
51 423 38 160
47 403 40 169
61 497 35 154
55 449 47 163
47 404 36 152
54 498 36 153
56 408 30 161
54 424 41 160
45 336 33 155
53 429 36 157
50 431 34 160
45 408 38 152
59 480 35 160
49 417 35 163
48 383 37 156
40 322 36 158
63 549 43 160
48 392 36 155
40 344 35 155
51 429 36 155
52 390 39 159
56 464 44 158
45 378 44 160
56 470 34 156
49 391 34 162
48 388 40 162
49 362 41 157
52 431 33 157
51 377 38 151
72 572 49 164
41 331 40 152
49 417 38 162
42 345 35 152
48 379 37 158
52 418 32 154
61 474 36 167
44 351 33 156
60 481 36 161
54 428 47 155
47 380 36 150
48 383 44 155
56 470 39 156
47 375 44 155
50 388 32 157
53 417 39 162
48 406 39 157
47 348 41 156
62 541 44 165
44 348 33 152
51 420 40 166
49 373 43 160
45 376 41 163
44 380 35 151
53 463 35 160
49 388 36 153
44 373 33 151
45 369 35 165
46 374 35 154
53 431 38 158
44 372 33 150
52 397 33 158
48 406 34 154
54 396 37 154
54 473 42 154
47 409 38 158
52 455 38 154
55 440 39 157
51 388 38 166
