195277 750.05
32 270 29 151
32 270 29 151
32 270 29 151
32 272 30 146
43 355 27 147
41 368 34 141
46 334 33 141
36 304 34 143
40 298 33 143
39 324 31 143
35 290 30 145
32 270 29 151
41 368 34 141
43 355 27 147
35 279 28 149
40 298 33 143
35 289 29 148
40 308 31 143
41 368 34 141
44 386 27 146
37 280 31 144
41 368 34 141
37 280 31 144
35 290 30 145
35 290 30 145
35 290 30 145
43 355 27 147
32 270 29 151
35 279 28 149
44 339 31 142
39 324 31 143
32 270 29 151
42 296 31 143
32 272 30 146
35 289 29 148
35 290 30 145
43 355 27 147
44 339 31 142
40 298 33 143
35 290 30 145
35 279 28 149
44 339 31 142
41 368 34 141
35 304 29 144
40 298 33 143
38 318 27 149
41 316 33 142
40 298 33 143
44 339 31 142
37 280 31 144
40 298 33 143
38 325 28 145
36 304 34 143
44 339 31 142
35 279 28 149
39 324 31 143
43 355 27 147
40 298 33 143
41 316 33 142
45 330 34 141
43 355 27 147
35 274 29 149
35 290 30 145
38 318 27 149
40 298 33 143
40 308 31 143
35 279 28 149
44 339 31 142
45 330 34 141
38 325 28 145
35 305 33 143
39 331 30 143
40 298 33 143
32 272 30 146
39 314 34 142
32 270 29 151
40 317 28 145
42 296 31 143
40 298 33 143
39 324 31 143
41 297 33 143
35 290 30 145
42 296 31 143
40 317 28 145
40 298 33 143
45 330 34 141
36 304 34 143
32 270 29 151
38 325 28 145
38 325 28 145
44 339 31 142
35 290 30 145
32 272 30 146
35 304 29 144
35 289 29 148
35 279 28 149
37 280 31 144
32 272 30 146
35 304 29 144
43 355 27 147
44 386 27 146
41 368 34 141
38 318 27 149
32 270 29 151
32 270 29 151
40 298 33 143
40 308 31 143
40 317 28 145
35 290 30 145
32 270 29 151
41 368 34 141
45 330 34 141
35 279 28 149
39 324 31 143
37 280 31 144
41 368 34 141
35 279 28 149
35 279 28 149
35 290 30 145
35 304 29 144
35 279 28 149
32 272 30 146
35 290 30 145
41 368 34 141
39 324 31 143
32 270 29 151
35 290 30 145
35 290 30 145
35 279 28 149
32 272 30 146
32 270 29 151
39 331 30 143
39 324 31 143
41 368 34 141
32 272 30 146
32 270 29 151
39 324 31 143
43 355 27 147
41 368 34 141
35 279 28 149
40 298 33 143
36 304 34 143
36 304 34 143
43 355 27 147
35 290 30 145
46 334 33 141
35 304 29 144
32 270 29 151
45 330 34 141
36 304 34 143
35 279 28 149
36 304 34 143
32 272 30 146
35 279 28 149
44 339 31 142
43 355 27 147
37 280 31 144
41 368 34 141
32 272 30 146
41 368 34 141
43 355 27 147
35 290 30 145
32 272 30 146
35 279 28 149
35 304 29 144
36 304 34 143
35 279 28 149
35 279 28 149
35 279 28 149
36 304 34 143
35 279 28 149
43 355 27 147
43 355 27 147
35 289 29 148
32 270 29 151
43 355 27 147
41 368 34 141
38 325 28 145
32 272 30 146
35 279 28 149
35 279 28 149
35 279 28 149
44 339 31 142
41 368 34 141
35 279 28 149
32 272 30 146
39 324 31 143
39 324 31 143
32 270 29 151
43 355 27 147
32 270 29 151
37 280 31 144
44 386 27 146
36 304 34 143
38 318 27 149
38 325 28 145
40 298 33 143
40 308 31 143
40 317 28 145
40 298 33 143
32 270 29 151
41 368 34 141
45 330 34 141
35 279 28 149
39 324 31 143
43 355 27 147
37 280 31 144
35 279 28 149
35 279 28 149
35 304 29 144
35 279 28 149
32 272 30 146
41 316 33 142
41 368 34 141
39 324 31 143
32 270 29 151
38 318 27 149
35 290 30 145
32 272 30 146
40 298 33 143
40 308 31 143
35 274 29 149
38 325 28 145
35 305 33 143
43 355 27 147
40 298 33 143
41 316 33 142
32 270 29 151
40 298 33 143
43 355 27 147
35 279 28 149
42 296 31 143
40 317 28 145
35 304 29 144
36 304 34 143
32 270 29 151
38 325 28 145
44 339 31 142
35 290 30 145
32 272 30 146
35 304 29 144
35 289 29 148
35 279 28 149
37 280 31 144
32 272 30 146
44 339 31 142
32 270 29 151
35 279 28 149
40 298 33 143
35 290 30 145
32 272 30 146
36 304 34 143
35 279 28 149
35 279 28 149
44 339 31 142
43 355 27 147
35 279 28 149
35 289 29 148
43 355 27 147
32 272 30 146
32 272 30 146
43 355 27 147
38 325 28 145
32 272 30 146
35 279 28 149
35 279 28 149
35 290 30 145
44 339 31 142
35 279 28 149
32 270 29 151
39 324 31 143
39 324 31 143
39 324 31 143
32 270 29 151
35 290 30 145
39 331 30 143
39 324 31 143
41 368 34 141
32 272 30 146
32 270 29 151
41 368 34 141
43 355 27 147
41 368 34 141
35 279 28 149
40 298 33 143
36 304 34 143
36 304 34 143
43 355 27 147
32 270 29 151
46 334 33 141
44 339 31 142
32 270 29 151
45 330 34 141
36 304 34 143
35 279 28 149
36 304 34 143
35 279 28 149
44 339 31 142
43 355 27 147
37 280 31 144
