278072 3480.36
30 270 29 155
31 260 29 157
31 265 29 155
32 262 31 154
31 268 31 153
32 258 31 156
34 263 31 153
33 288 28 158
33 279 33 151
33 280 28 159
32 274 31 152
35 259 31 154
34 292 29 153
34 292 31 151
35 288 29 153
33 270 33 152
34 277 33 151
34 272 31 152
35 291 31 151
35 284 28 158
32 267 31 153
31 264 31 156
35 300 33 150
33 273 31 152
37 274 28 158
35 297 34 150
34 278 28 160
37 258 31 154
34 301 33 150
36 281 28 158
33 255 31 155
31 268 29 154
31 268 29 154
36 281 28 158
33 261 30 156
31 280 31 152
31 268 29 154
31 280 31 152
33 255 31 155
33 261 30 156
33 266 31 153
33 266 31 153
30 273 29 155
31 269 29 154
31 262 29 157
31 281 31 152
34 259 31 155
33 286 33 151
32 264 31 154
31 271 31 153
35 292 28 160
35 291 30 153
33 274 31 152
35 265 31 153
32 261 30 159
36 313 29 153
35 273 31 152
32 263 31 156
33 261 29 160
33 268 30 156
33 293 28 161
37 310 28 159
37 323 34 150
50 442 35 164
48 407 35 164
64 522 36 168
51 424 33 171
54 484 33 165
50 413 42 171
55 456 38 170
49 443 38 171
47 393 33 162
64 498 36 168
45 365 34 167
48 386 32 154
53 454 32 157
51 402 38 162
53 396 32 158
56 457 40 174
50 427 35 162
61 539 37 159
56 433 35 163
60 520 41 170
46 355 33 166
53 474 41 178
54 452 35 169
51 432 33 163
51 448 38 176
44 386 37 159
49 420 36 173
55 478 43 175
48 413 39 169
47 407 42 165
41 374 38 168
57 508 36 168
56 428 35 172
44 365 35 156
57 447 37 162
47 375 43 161
53 443 39 170
56 508 37 165
52 437 33 159
53 435 32 159
57 429 42 179
55 437 34 168
53 456 47 167
51 413 39 163
54 485 37 169
57 444 35 166
62 503 36 175
70 593 36 172
46 349 38 164
54 425 38 170
44 379 33 161
57 504 39 178
51 412 40 166
46 384 31 155
47 433 43 169
56 472 32 158
53 446 37 160
46 408 41 157
55 463 38 172
43 376 31 162
47 393 31 166
48 393 40 168
67 594 36 173
49 428 35 163
49 381 38 158
60 497 36 157
54 488 41 166
46 400 30 164
51 437 40 168
56 479 43 172
45 382 38 171
62 478 35 160
59 488 33 163
52 467 38 170
45 385 33 161
45 401 40 160
58 460 42 179
53 383 32 159
56 484 32 159
51 409 36 167
54 485 36 162
59 482 48 174
56 506 38 171
54 459 39 175
46 379 36 160
51 460 40 168
52 446 36 166
58 477 37 163
53 459 39 160
47 415 35 165
46 398 44 170
57 487 36 163
47 406 36 162
55 480 37 164
56 502 39 165
59 496 42 168
54 469 39 164
43 357 37 166
55 447 35 164
52 454 40 170
58 515 39 167
48 411 48 170
50 437 39 163
71 596 38 175
56 499 33 162
61 529 33 167
52 401 40 169
46 372 32 156
48 397 31 159
45 373 39 161
50 425 33 162
52 447 39 171
61 518 43 171
46 396 34 162
43 363 32 168
59 505 45 168
48 402 36 175
55 450 38 165
44 384 39 163
59 499 36 172
52 400 35 167
47 368 37 163
55 466 45 171
42 361 34 165
48 424 41 161
47 415 42 164
53 459 38 163
61 500 37 157
50 405 35 163
45 390 35 157
55 474 45 167
41 365 33 162
40 350 37 166
57 515 43 169
62 501 42 165
52 458 42 178
52 428 45 169
54 431 40 170
48 425 41 167
43 380 39 163
53 437 37 161
42 338 32 159
48 414 37 168
53 472 38 161
51 447 42 175
47 391 33 168
49 436 38 166
45 388 31 163
53 477 35 164
64 503 34 157
53 460 39 164
59 503 35 158
50 378 35 162
45 369 35 163
41 349 33 158
56 478 32 169
49 418 41 168
50 407 36 169
54 404 35 165
50 395 32 161
45 373 39 174
50 440 41 167
40 347 33 159
57 473 33 160
57 502 39 165
53 453 34 172
50 405 32 158
60 543 40 173
52 412 37 164
54 440 39 168
51 399 33 162
44 355 31 156
54 476 46 175
55 468 35 162
51 423 38 165
55 500 38 171
45 383 37 164
45 401 41 170
49 383 37 159
57 496 37 165
61 549 45 172
44 364 35 164
61 567 34 165
50 435 35 173
37 311 37 159
54 477 40 169
48 420 38 170
38 343 37 158
44 386 34 164
55 452 39 167
46 394 36 163
65 549 41 184
51 439 39 168
48 410 39 171
48 403 35 162
52 444 37 169
52 464 33 165
55 482 35 160
49 435 38 173
45 384 40 161
61 533 39 174
59 523 37 161
59 507 36 161
46 413 37 159
57 448 47 167
48 371 42 170
50 396 41 164
43 383 35 160
51 457 35 159
60 521 35 165
44 385 35 161
58 481 35 170
44 372 34 163
50 423 36 158
64 533 43 172
73 566 34 165
67 569 48 176
55 463 36 165
48 386 47 165
71 582 41 180
55 497 37 169
57 517 39 170
61 553 37 177
44 378 31 156
48 401 35 155
46 379 40 165
51 399 38 167
48 436 32 159
43 386 34 171
46 382 36 167
49 422 38 161
58 495 36 163
63 535 37 164
57 474 32 165
47 398 35 161
42 351 31 162
52 425 45 162
