174847 2160.26
32 258 30 153
33 260 32 152
30 276 27 160
36 285 36 150
40 313 27 159
33 265 33 151
29 257 28 157
34 258 33 152
29 257 28 157
31 275 27 160
31 251 30 154
29 257 29 156
31 251 30 154
32 255 31 153
30 262 29 155
31 259 31 153
30 258 30 154
34 258 33 152
31 275 27 160
32 262 31 152
32 262 31 152
31 253 28 157
31 259 31 153
31 259 31 153
37 283 36 150
32 255 31 153
30 262 29 155
34 258 33 152
30 258 30 154
37 283 36 150
31 253 28 157
33 265 33 151
33 265 33 151
29 257 29 156
33 266 33 151
32 263 31 152
30 263 29 155
32 259 30 153
29 260 29 156
30 260 30 154
29 261 28 157
31 254 30 154
31 260 31 153
31 254 28 157
34 259 33 152
34 255 31 153
33 262 32 152
31 259 29 156
33 256 31 153
30 281 27 160
36 286 36 150
32 278 27 160
37 284 36 150
47 384 27 159
32 260 30 153
31 274 30 154
32 264 31 152
32 259 31 153
31 271 30 159
33 273 33 151
33 292 27 160
33 299 28 159
36 299 28 158
44 374 40 161
45 361 33 155
44 381 36 160
43 337 35 154
48 379 35 159
44 341 43 161
43 399 38 162
53 451 30 159
54 462 39 161
51 359 36 161
59 472 40 180
43 350 34 163
45 361 36 164
39 315 36 159
43 344 35 158
48 401 35 163
67 513 33 155
44 380 41 160
54 421 35 169
41 346 32 163
53 452 34 166
51 412 42 167
41 363 38 159
49 429 37 163
63 518 47 162
45 375 42 162
42 362 36 167
49 398 37 159
42 334 41 158
49 398 42 173
48 400 30 155
48 424 36 161
51 434 41 172
48 370 41 163
67 578 37 165
55 422 37 163
58 509 38 161
49 375 35 164
48 376 35 158
50 403 47 170
50 386 43 160
34 314 33 154
46 416 33 165
46 365 33 162
50 447 40 166
54 478 34 159
51 409 37 164
51 455 38 163
58 446 32 161
63 529 40 174
47 373 32 173
45 354 35 159
47 406 34 162
47 405 38 159
42 345 33 166
44 386 34 162
49 388 37 166
43 355 36 164
44 379 33 162
48 363 35 160
47 376 46 164
58 457 34 164
51 393 39 171
50 425 38 155
49 413 41 164
51 405 40 169
49 400 37 159
53 438 39 174
38 333 37 158
42 367 36 165
51 432 36 159
49 425 37 160
40 341 38 167
43 353 34 156
53 391 33 166
59 483 37 161
61 438 40 166
41 329 37 157
51 405 39 160
53 465 37 162
57 461 36 158
43 365 33 157
56 426 46 175
58 496 36 166
43 371 33 154
45 373 38 160
59 452 44 163
42 379 33 161
43 362 32 160
52 436 41 163
56 426 45 173
48 391 41 160
49 398 33 166
48 425 37 167
47 366 38 160
49 392 37 163
47 376 36 163
41 331 37 160
40 351 30 153
48 435 35 166
46 391 37 163
48 432 37 157
52 392 46 165
46 386 41 159
46 366 37 162
53 441 40 166
57 502 43 177
55 430 41 165
46 358 42 167
41 366 33 164
56 423 35 165
61 515 31 157
50 434 33 166
51 441 35 163
45 390 37 159
43 381 34 158
48 390 40 165
49 403 41 164
57 517 40 174
48 367 37 161
38 316 34 159
39 329 39 158
59 474 38 169
47 357 45 166
51 433 41 171
65 606 38 165
53 402 39 160
50 392 33 157
41 340 38 154
61 510 36 161
60 497 33 158
53 434 33 160
41 341 33 155
61 464 33 161
50 369 34 164
45 361 36 164
37 316 36 161
42 375 35 161
46 375 35 160
49 405 41 168
40 360 33 159
48 429 34 166
46 384 33 166
39 345 36 165
49 391 38 162
47 395 36 167
50 448 34 165
56 476 33 165
47 368 34 162
58 466 39 160
57 468 38 163
46 393 33 165
54 447 36 164
47 379 37 165
44 373 35 153
53 422 37 161
54 397 36 167
56 476 35 166
50 353 38 166
53 410 39 171
66 550 39 164
56 478 36 163
50 377 34 157
52 419 33 166
48 410 37 160
44 378 36 165
47 382 44 161
43 353 35 157
48 419 40 162
52 426 38 162
55 442 35 164
50 425 38 166
61 478 43 173
47 355 37 164
43 388 36 165
49 442 41 160
54 455 38 164
49 384 39 156
54 451 39 164
52 444 43 164
42 362 35 163
43 384 41 165
53 389 43 163
46 353 35 155
41 361 37 158
53 421 38 162
57 456 34 158
57 520 38 160
53 408 36 164
58 444 37 160
60 485 37 168
44 372 37 162
53 414 43 170
46 388 36 164
39 342 33 161
53 403 34 165
56 475 44 165
63 508 39 165
58 502 38 172
51 390 41 168
42 346 39 164
47 406 40 161
59 488 39 173
49 386 40 164
42 361 36 165
54 447 39 164
49 413 33 163
40 327 39 156
43 370 34 158
49 398 37 161
51 412 40 169
50 389 47 168
51 437 37 159
45 395 33 158
59 496 38 165
47 384 38 169
50 412 35 170
49 395 33 159
53 450 39 167
52 412 36 171
45 391 33 164
52 415 34 164
45 373 43 170
57 438 41 164
48 397 41 172
45 351 36 158
52 421 42 164
48 361 42 165
47 416 33 164
59 462 43 168
42 337 33 162
51 441 37 167
53 454 39 161
41 350 37 156
55 402 34 163
49 400 33 157
42 363 37 163
