24072 300.075
35 287 31 155
35 285 29 157
32 274 29 161
38 289 29 156
38 280 29 157
38 296 32 154
37 277 32 156
36 270 34 156
38 267 32 159
36 295 34 154
36 271 32 157
36 304 30 156
37 312 32 154
40 305 28 163
39 313 28 163
34 272 32 158
35 269 31 160
37 284 31 156
36 272 29 161
37 314 29 156
39 284 34 155
32 269 31 161
36 285 32 156
36 283 29 160
35 284 29 160
36 303 28 165
31 268 29 165
41 310 34 153
40 311 35 153
38 321 28 163
33 275 32 158
32 263 29 162
33 271 31 159
33 266 31 161
33 266 31 161
32 263 29 162
35 274 31 158
33 271 31 159
35 274 32 157
35 274 31 158
35 274 32 157
32 270 30 160
32 278 31 159
31 268 30 163
32 278 31 159
32 270 30 160
31 268 30 163
33 275 32 158
35 275 31 158
35 288 29 158
35 291 31 155
38 283 29 157
36 286 29 159
36 288 29 157
35 289 30 157
38 287 31 156
37 290 31 155
38 296 29 156
37 287 30 157
34 292 33 168
39 293 30 156
38 299 32 154
36 299 34 154
40 319 31 156
55 422 38 165
51 369 32 156
48 429 30 163
52 419 32 158
46 338 38 158
48 391 32 162
53 431 36 163
50 397 42 163
49 368 34 166
46 366 35 162
52 422 35 172
43 344 32 165
45 348 38 160
43 339 36 162
47 390 38 165
55 404 32 157
41 338 32 166
45 350 35 165
44 375 35 162
43 353 34 166
51 414 33 161
48 386 38 168
41 359 35 166
45 355 35 159
42 328 30 163
45 364 32 165
60 427 32 163
49 397 29 159
47 415 33 171
42 369 29 164
44 360 30 158
47 386 32 161
43 363 33 157
54 398 32 161
50 382 35 170
48 381 34 163
61 454 33 162
45 358 35 158
51 396 43 167
45 358 35 164
49 385 34 157
48 396 32 162
45 335 31 157
51 381 41 165
42 334 32 161
55 388 35 166
46 357 32 159
44 337 34 156
44 356 37 157
56 411 40 164
48 364 40 164
55 424 35 164
44 366 30 156
38 326 35 163
57 455 41 163
45 362 35 164
68 501 31 174
45 339 35 168
46 362 31 162
41 318 31 155
48 413 35 164
50 369 31 157
43 329 35 159
47 383 33 171
43 337 32 155
42 323 31 162
51 418 37 161
45 357 34 165
57 411 34 159
47 382 35 165
44 322 31 155
45 364 35 164
46 383 34 159
57 456 35 166
50 397 35 166
52 368 38 165
44 344 31 159
42 335 29 162
41 333 35 158
44 339 31 161
46 387 38 162
44 360 31 161
50 382 33 168
71 513 40 163
55 451 34 161
52 428 35 165
49 394 35 165
47 360 35 166
42 376 35 164
52 427 35 160
51 415 35 164
42 352 32 156
67 535 38 169
47 374 35 161
47 348 35 162
48 397 32 169
61 453 34 164
40 317 34 157
44 351 37 168
47 409 35 168
48 371 32 160
41 342 35 163
40 324 32 161
48 357 35 166
46 353 35 159
52 400 34 159
43 336 38 164
53 409 37 168
39 323 35 168
48 377 38 165
45 372 35 162
56 435 35 174
54 432 37 162
51 410 35 173
52 372 35 164
59 441 44 159
52 402 32 154
46 363 37 161
47 383 35 168
44 333 38 156
44 360 35 168
62 453 35 158
49 371 33 162
41 305 37 162
51 385 34 158
47 389 35 164
49 374 32 160
44 321 33 169
41 323 35 158
46 393 35 162
52 407 34 155
49 365 31 161
49 410 35 171
45 359 35 172
56 454 35 161
55 463 35 162
40 330 31 156
49 393 40 162
47 363 40 159
52 347 32 163
49 394 34 169
49 405 36 160
46 374 40 167
44 349 35 158
47 395 35 169
44 359 32 162
42 322 38 158
44 341 37 158
45 384 35 157
57 416 40 175
52 428 32 157
46 369 32 165
44 367 36 165
55 463 37 167
48 356 35 166
40 318 31 159
44 369 34 158
42 351 34 156
54 448 38 174
48 376 36 163
47 371 38 163
41 345 32 154
49 376 34 166
54 406 38 173
48 408 29 161
60 446 40 170
44 354 33 168
49 374 32 163
48 395 35 159
66 534 34 154
35 308 30 159
42 321 35 160
44 357 35 171
45 386 36 160
44 349 32 160
46 352 35 167
55 401 31 159
43 351 32 166
46 354 32 160
48 401 32 163
51 387 37 158
47 322 40 164
44 345 34 159
45 351 35 159
60 492 32 166
58 438 32 162
55 408 33 166
42 353 35 162
51 396 37 168
49 359 38 156
56 449 43 160
53 449 34 161
49 384 35 163
44 313 31 157
48 385 35 158
47 369 35 169
56 469 35 164
42 346 32 159
46 358 38 159
62 476 32 159
53 450 29 157
56 436 34 160
46 368 35 162
50 420 35 164
44 359 34 162
50 386 32 156
50 409 35 164
45 346 35 165
45 350 29 161
51 415 35 161
45 343 43 159
46 355 34 159
52 412 35 168
42 343 35 163
54 462 40 166
47 375 38 163
49 388 35 158
57 466 35 162
44 310 41 161
41 349 35 163
49 399 35 162
49 440 30 161
55 406 41 166
42 344 35 170
49 411 40 169
52 414 36 165
48 391 35 167
55 434 39 160
46 358 32 164
49 413 37 165
43 373 35 163
49 401 31 155
50 418 33 161
46 385 34 158
59 435 43 164
42 359 30 156
