40 0.537956
48 417 39 193
49 384 42 195
59 412 38 200
62 510 40 188
53 427 42 192
55 453 45 191
61 518 40 192
58 455 46 189
56 451 46 190
51 408 40 208
58 482 38 208
72 519 38 199
69 592 39 191
49 410 43 200
53 448 39 203
50 438 42 195
59 502 38 200
54 464 42 193
52 425 41 204
55 416 45 196
50 433 47 194
51 405 47 202
56 465 40 196
59 464 40 194
58 475 47 191
61 507 45 191
59 471 39 199
48 420 42 215
58 407 44 202
55 430 42 197
54 422 42 200
57 504 48 191
54 435 52 193
59 457 47 193
53 476 44 194
61 453 45 194
59 422 52 195
53 431 46 199
68 554 44 192
67 549 53 188
59 499 38 216
69 570 44 189
56 479 50 193
54 454 45 195
59 513 42 193
53 442 43 197
51 436 48 199
58 472 40 199
50 420 48 202
52 440 42 201
59 445 44 195
57 410 44 204
56 472 41 198
51 425 43 202
53 430 46 200
57 436 46 197
62 523 39 202
50 425 45 203
51 417 45 205
54 426 41 206
70 500 40 196
69 526 64 192
70 573 38 200
75 692 46 227
55 470 46 223
74 624 65 218
77 680 77 216
91 785 54 220
92 786 67 224
78 652 56 207
65 550 55 221
76 618 70 217
97 777 69 231
80 646 50 221
80 623 48 227
85 691 64 228
61 532 47 231
76 620 63 212
87 736 61 226
86 719 49 235
109 887 51 226
69 566 54 214
74 578 44 225
90 742 62 235
99 807 60 233
87 705 49 206
78 621 43 205
81 685 62 209
70 644 62 237
77 634 51 217
81 704 51 223
92 702 54 233
76 592 55 213
71 530 57 230
59 485 51 217
70 602 49 228
70 516 50 224
97 766 53 208
96 754 62 220
78 681 64 217
91 650 54 221
81 698 58 233
96 742 59 218
83 701 70 251
72 626 61 230
65 574 49 208
85 752 57 228
68 584 52 221
73 601 52 224
75 650 44 210
72 564 60 223
76 604 62 236
91 737 64 207
70 571 54 223
94 766 62 219
81 709 68 213
81 665 47 204
78 584 56 223
97 817 63 242
73 584 47 210
67 528 58 219
82 666 55 212
62 511 59 217
84 734 56 229
66 544 53 226
79 672 67 228
80 674 68 237
90 726 51 227
74 611 54 232
67 548 59 228
97 791 64 231
80 610 52 222
75 621 57 231
82 654 65 216
75 560 52 212
79 643 47 210
82 615 61 211
76 603 55 216
76 627 58 223
81 649 64 209
77 588 55 224
98 816 56 238
65 576 60 221
86 700 68 232
85 733 54 215
86 670 53 218
78 661 41 220
65 534 49 209
71 604 50 215
83 714 66 215
72 566 49 216
90 789 51 226
59 504 49 214
74 576 53 229
67 504 53 209
79 700 50 224
71 552 63 212
68 554 61 220
82 668 50 220
75 613 56 213
76 652 54 219
83 738 47 224
84 702 50 203
84 673 80 218
75 623 49 217
99 730 65 232
75 610 56 237
88 736 55 229
81 622 66 230
97 743 65 226
74 568 58 212
82 674 55 220
90 734 53 229
79 638 58 210
74 593 49 230
74 587 62 219
78 594 57 199
89 772 50 222
74 565 58 224
82 700 56 226
63 525 48 222
72 589 56 223
73 578 57 216
78 637 54 221
79 615 57 229
81 683 57 218
76 556 62 222
67 574 47 211
82 695 51 227
70 596 52 219
70 601 55 214
69 566 56 215
80 583 61 223
74 633 57 219
74 517 49 222
70 557 70 222
83 679 62 223
87 674 64 225
98 764 69 242
94 711 72 232
75 640 58 227
61 515 45 215
64 536 58 233
80 626 57 222
79 658 53 215
78 671 49 225
90 737 74 223
64 554 51 229
70 523 55 229
91 727 73 240
81 578 61 229
76 573 61 226
69 610 69 213
62 519 54 193
65 550 61 218
67 555 57 215
80 606 43 203
73 627 52 214
75 585 59 230
78 601 53 211
66 557 57 214
84 663 65 227
101 791 47 221
69 555 57 213
66 564 56 217
84 705 67 226
81 632 57 221
84 671 55 233
82 660 54 230
84 729 62 228
81 662 65 242
74 637 56 209
84 757 49 231
76 641 61 237
63 492 54 222
85 726 61 214
73 573 52 223
97 810 51 215
87 694 62 210
92 709 52 216
78 617 54 207
73 602 61 230
85 740 67 227
74 627 52 222
84 686 56 223
80 690 57 241
71 615 66 228
71 623 50 221
66 584 54 225
85 684 57 207
67 587 53 232
78 622 58 221
69 596 58 210
77 679 57 241
67 582 52 222
77 638 52 229
98 735 59 206
77 649 60 217
79 657 51 221
74 576 57 223
85 680 62 223
65 596 46 220
74 635 53 213
75 634 53 216
79 616 69 221
81 703 56 226
68 531 48 208
69 590 54 213
73 646 57 221
81 634 57 236
88 677 52 208
76 590 61 209
66 495 47 212
106 857 59 238
66 552 55 220
83 685 57 220
73 549 59 215
69 592 53 229
66 547 55 220
85 588 56 216
84 728 44 220
90 738 59 216
88 723 50 215
80 686 48 209
91 772 56 210
67 589 56 217
75 604 56 221
70 609 53 222
73 581 54 214
70 503 57 222
74 562 65 210
74 577 50 204
88 759 52 210
88 703 56 232
88 708 52 224
66 500 49 212
60 516 52 220
75 582 63 216
71 609 50 223
61 503 47 217
