6155 144.933
63 509 44 166
71 555 34 169
53 435 32 159
50 414 42 159
47 362 37 163
57 477 33 162
39 323 34 160
57 467 33 152
47 408 33 158
46 386 36 167
52 386 36 173
50 376 33 160
65 536 38 180
55 420 38 169
47 399 37 157
53 440 43 158
52 416 40 176
62 518 41 170
60 489 38 177
68 528 36 175
58 493 46 174
46 400 34 164
63 547 37 175
44 384 40 168
43 370 31 161
57 414 33 173
61 484 40 172
57 449 33 157
59 516 41 178
50 413 35 172
63 551 37 177
59 458 34 172
55 478 45 182
56 444 37 168
51 443 34 170
52 456 46 174
60 452 38 177
57 466 37 159
63 538 43 166
48 395 32 160
58 484 36 166
57 455 35 169
50 344 38 160
53 410 41 170
50 396 41 161
49 401 33 155
59 451 36 165
53 464 34 173
54 411 36 164
53 473 39 164
41 339 33 162
70 565 44 170
61 475 36 175
49 376 40 161
51 442 36 171
60 511 37 183
51 412 44 157
48 383 40 174
52 436 41 162
57 467 43 193
49 420 34 168
75 619 40 180
57 457 43 168
47 388 32 169
53 438 38 166
53 433 42 170
72 605 31 168
58 494 40 163
46 391 35 158
60 478 34 183
51 443 49 175
50 400 34 172
56 479 39 159
59 436 35 175
52 408 39 163
50 431 38 161
72 526 60 199
55 447 39 174
59 469 40 162
51 411 40 181
51 399 37 168
46 386 39 169
42 330 35 169
50 439 38 159
46 371 43 163
52 433 31 156
64 535 40 168
55 456 40 177
60 483 39 179
56 457 42 170
57 515 35 166
73 515 46 180
50 417 34 168
54 477 45 172
49 417 39 169
52 428 36 174
50 387 34 162
53 430 40 170
49 382 39 165
53 455 46 189
63 548 42 161
53 402 37 173
72 583 41 170
47 378 42 166
80 684 44 175
51 393 36 160
49 386 35 183
63 478 53 189
44 345 34 165
55 447 42 166
62 546 44 176
58 464 42 185
53 403 37 169
50 438 38 172
51 429 38 176
50 374 44 165
61 520 32 172
63 493 35 168
60 513 35 176
49 442 40 169
53 484 40 165
54 453 43 169
39 317 35 163
56 401 40 168
57 480 48 181
52 383 45 168
58 430 36 172
47 371 33 162
65 545 42 192
44 350 34 170
61 492 35 178
60 484 50 171
57 442 37 163
58 489 37 160
62 403 39 176
51 416 30 161
47 405 39 158
40 341 31 162
47 348 34 165
49 410 36 165
53 398 47 174
56 436 40 176
51 375 37 161
57 454 37 154
58 481 36 170
69 553 46 188
58 476 51 170
50 391 35 172
52 441 39 166
54 446 31 176
71 551 34 172
93 714 40 191
55 441 33 171
49 434 40 169
57 494 40 170
46 367 32 160
51 404 38 180
59 476 40 179
60 443 38 187
54 451 35 177
54 420 37 163
54 468 42 176
62 509 38 171
54 417 36 165
40 329 36 163
54 401 38 176
43 334 37 159
59 509 40 176
51 431 43 159
54 459 37 176
53 469 37 156
53 470 35 159
58 469 35 175
52 464 42 174
51 405 38 158
52 441 37 158
62 508 35 165
62 442 44 171
54 447 36 165
68 547 41 174
54 461 38 184
60 486 41 156
69 553 40 171
53 403 35 161
69 579 44 170
58 507 38 162
55 447 54 189
51 438 41 163
50 388 44 167
48 388 33 157
52 428 37 165
52 406 40 172
55 403 33 161
57 480 45 163
65 597 37 171
59 464 36 169
42 350 34 161
61 475 41 176
52 393 37 164
60 464 43 173
45 377 36 174
60 439 59 180
55 441 34 166
52 381 34 165
51 417 44 196
49 401 37 165
60 469 47 178
56 475 36 171
55 419 39 179
45 359 35 168
52 416 34 177
47 399 37 166
66 500 44 176
55 438 37 163
49 360 34 166
61 495 48 165
56 435 41 183
67 515 42 159
46 397 39 175
48 378 33 158
43 350 33 160
42 360 37 169
49 405 37 154
48 386 44 175
47 402 39 167
56 423 37 164
59 457 46 199
49 374 38 164
48 398 47 168
53 462 38 166
56 451 42 163
56 425 38 170
57 461 34 158
51 447 35 171
46 387 36 174
49 440 37 170
67 592 42 163
56 450 44 180
75 598 39 176
51 409 40 168
54 426 34 153
45 391 34 171
49 374 34 165
69 588 44 174
49 409 35 171
58 446 40 166
56 424 34 161
46 385 36 168
49 429 42 171
55 459 40 170
51 423 32 170
54 445 31 160
57 442 42 181
52 440 47 171
59 492 38 166
61 504 39 174
62 456 47 191
66 597 52 207
59 519 44 179
54 446 37 169
49 406 36 168
63 522 38 175
53 439 40 182
52 447 37 163
62 501 40 169
69 566 41 165
54 467 35 160
49 440 31 165
66 519 45 186
50 397 32 165
64 521 48 171
53 454 33 156
57 471 33 157
54 420 37 162
48 376 37 162
49 396 41 179
69 560 51 194
48 405 37 168
71 553 49 186
44 377 33 157
60 468 43 192
54 415 38 165
53 449 34 165
48 378 39 164
50 432 36 172
54 394 36 172
50 397 38 174
47 394 37 165
51 403 45 176
69 566 41 165
50 425 46 160
65 487 36 186
58 486 48 176
52 423 39 167
52 429 35 164
68 480 36 161
55 440 37 175
48 426 40 177
57 450 41 169
58 470 32 164
