341555 2520.17
34 240 31 142
34 240 31 142
30 240 27 147
30 240 27 147
30 233 29 143
30 233 29 143
30 236 28 146
30 236 28 146
34 240 31 142
34 240 31 142
34 240 31 142
34 240 31 142
34 240 31 142
34 240 31 142
34 240 31 142
34 240 31 142
34 240 31 142
34 240 31 142
34 240 31 142
34 240 31 142
34 240 31 142
34 240 31 142
34 240 31 142
34 240 31 142
34 240 31 142
34 240 31 142
34 240 31 142
34 240 31 142
34 240 31 142
34 240 31 142
34 240 31 142
34 240 31 142
34 240 31 142
34 240 31 142
34 240 31 142
34 240 31 142
34 240 31 142
34 240 31 142
34 240 31 142
34 240 31 142
34 240 31 142
34 240 31 142
34 240 31 142
34 240 31 142
34 240 31 142
34 240 31 142
34 240 31 142
34 240 31 142
34 240 31 142
34 240 31 142
34 240 31 142
34 240 31 142
34 240 31 142
34 240 31 142
34 240 31 142
34 240 31 142
34 240 31 142
34 240 31 142
34 240 31 142
34 240 31 142
34 240 31 142
34 240 31 142
34 240 31 142
34 240 31 142
34 240 31 142
34 240 31 142
34 240 31 142
34 240 31 142
34 240 31 142
34 240 31 142
34 240 31 142
34 240 31 142
34 240 31 142
34 240 31 142
34 240 31 142
34 240 31 142
34 240 31 142
34 240 31 142
34 240 31 142
34 240 31 142
34 240 31 142
34 240 31 142
34 240 31 142
34 240 31 142
34 240 31 142
34 240 31 142
34 240 31 142
34 240 31 142
34 240 31 142
34 240 31 142
34 240 31 142
34 240 31 142
34 240 31 142
34 240 31 142
34 240 31 142
34 240 31 142
34 240 31 142
34 240 31 142
34 240 31 142
34 240 31 142
34 240 31 142
34 240 31 142
34 240 31 142
34 240 31 142
34 240 31 142
34 240 31 142
34 240 31 142
34 240 31 142
34 240 31 142
34 240 31 142
34 240 31 142
34 240 31 142
34 240 31 142
34 240 31 142
34 240 31 142
34 240 31 142
34 240 31 142
34 240 31 142
34 240 31 142
34 240 31 142
34 240 31 142
34 240 31 142
34 240 31 142
34 240 31 142
34 240 31 142
34 240 31 142
34 240 31 142
34 240 31 142
34 240 31 142
34 240 31 142
34 240 31 142
34 240 31 142
34 240 31 142
34 240 31 142
34 240 31 142
34 240 31 142
34 240 31 142
34 240 31 142
34 240 31 142
34 240 31 142
34 240 31 142
34 240 31 142
34 240 31 142
34 240 31 142
34 240 31 142
34 240 31 142
34 240 31 142
34 240 31 142
34 240 31 142
34 240 31 142
34 240 31 142
34 240 31 142
34 240 31 142
34 240 31 142
34 240 31 142
34 240 31 142
34 240 31 142
34 240 31 142
34 240 31 142
34 240 31 142
34 240 31 142
34 240 31 142
34 240 31 142
34 240 31 142
34 240 31 142
34 240 31 142
34 240 31 142
34 240 31 142
34 240 31 142
34 240 31 142
34 240 31 142
34 240 31 142
34 240 31 142
34 240 31 142
34 240 31 142
34 240 31 142
34 240 31 142
34 240 31 142
34 240 31 142
34 240 31 142
34 240 31 142
34 240 31 142
34 240 31 142
34 240 31 142
34 240 31 142
34 240 31 142
34 240 31 142
34 240 31 142
34 240 31 142
34 240 31 142
34 240 31 142
34 240 31 142
34 240 31 142
34 240 31 142
34 240 31 142
34 240 31 142
34 240 31 142
34 240 31 142
34 240 31 142
34 240 31 142
34 240 31 142
34 240 31 142
34 240 31 142
34 240 31 142
34 240 31 142
34 240 31 142
34 240 31 142
34 240 31 142
34 240 31 142
34 240 31 142
34 240 31 142
34 240 31 142
34 240 31 142
34 240 31 142
34 240 31 142
34 240 31 142
34 240 31 142
34 240 31 142
34 240 31 142
34 240 31 142
34 240 31 142
34 240 31 142
34 240 31 142
34 240 31 142
34 240 31 142
34 240 31 142
34 240 31 142
34 240 31 142
34 240 31 142
34 240 31 142
34 240 31 142
34 240 31 142
34 240 31 142
34 240 31 142
34 240 31 142
34 240 31 142
34 240 31 142
34 240 31 142
34 240 31 142
34 240 31 142
34 240 31 142
34 240 31 142
34 240 31 142
30 236 28 146
30 233 29 143
30 233 29 143
30 233 29 143
30 233 29 143
30 233 29 143
30 233 29 143
30 233 29 143
30 233 29 143
34 241 31 142
34 241 31 142
30 237 28 146
30 235 29 143
30 235 29 143
34 241 31 142
34 241 31 142
34 241 31 142
34 241 31 142
34 241 31 142
34 241 31 142
34 241 31 142
34 241 31 142
34 241 31 142
34 241 31 142
34 241 31 142
34 241 31 142
34 241 31 142
34 241 31 142
34 241 31 142
34 241 31 142
34 241 31 142
34 241 31 142
34 241 31 142
34 241 31 142
34 243 31 142
30 235 29 145
30 235 29 145
31 238 29 143
31 238 29 143
30 235 29 145
30 235 29 145
30 235 29 145
30 235 29 145
30 235 29 145
30 235 29 145
35 264 29 143
34 244 31 142
30 236 29 145
30 236 29 145
34 241 30 143
34 241 30 143
30 236 29 145
39 271 31 142
39 271 31 142
35 266 29 145
39 271 31 142
42 322 31 144
