25518 600.12
49 383 36 161
49 392 39 161
45 344 40 162
58 459 39 163
58 457 39 159
63 475 43 188
57 441 42 165
47 400 33 165
48 398 35 170
58 429 36 163
46 379 45 166
45 409 33 163
48 374 36 163
59 476 40 169
60 409 48 165
62 519 42 166
48 385 36 163
59 448 40 172
48 395 34 162
51 428 35 166
50 406 38 171
49 387 41 171
52 453 36 178
62 462 33 168
70 506 36 175
51 418 42 163
64 522 36 161
47 358 36 168
53 383 36 167
42 359 33 158
46 387 35 164
50 394 39 159
56 418 34 166
44 355 33 160
51 400 37 167
55 419 37 157
58 457 40 179
58 498 37 173
57 404 41 158
45 386 35 168
56 452 35 173
45 347 38 157
52 445 36 165
63 544 40 176
56 400 34 166
52 429 36 173
57 456 33 169
55 418 40 165
66 477 51 173
69 498 35 169
48 401 41 182
54 394 42 165
61 428 52 170
48 343 31 165
54 428 37 163
57 459 39 186
45 354 33 163
54 373 33 165
56 441 36 170
45 362 43 171
47 360 36 165
57 467 50 164
53 441 36 166
57 436 36 162
43 335 39 157
45 364 41 162
60 510 36 176
64 555 42 173
55 467 39 159
41 340 33 167
50 392 36 170
54 447 33 162
51 418 38 165
64 515 45 180
49 378 37 165
62 494 36 169
47 375 38 167
42 338 30 164
66 503 43 175
45 394 36 167
52 446 35 166
51 371 39 159
42 360 34 163
58 499 42 173
49 420 38 156
51 433 35 162
47 365 36 164
55 430 40 176
57 460 43 170
55 420 42 165
51 431 39 163
59 451 50 178
65 512 43 180
46 359 34 163
49 372 36 166
61 449 45 174
52 394 37 160
54 410 42 170
70 493 35 182
45 390 32 165
60 458 42 167
52 424 31 160
55 416 37 180
70 546 51 170
48 398 38 172
54 413 42 173
58 432 33 164
56 441 39 165
62 512 38 172
48 407 33 170
69 506 48 180
44 353 34 158
48 404 33 170
60 467 33 165
53 391 33 167
57 437 48 165
61 530 44 181
64 475 42 167
45 395 39 166
45 352 33 162
57 420 41 175
56 472 48 184
45 367 35 164
60 442 41 185
44 335 35 167
66 554 44 190
65 518 43 187
47 363 38 159
47 399 33 166
49 405 37 159
58 432 42 172
78 575 41 179
61 476 45 169
53 431 34 161
60 403 41 173
44 372 32 164
49 394 36 169
57 447 42 179
55 416 41 176
58 403 37 165
55 452 39 174
55 398 32 168
44 370 36 162
56 423 49 173
57 456 50 173
68 522 48 176
44 382 36 161
60 430 37 170
46 340 37 159
68 542 44 165
48 402 35 162
59 450 34 176
57 414 34 158
65 510 44 176
55 407 33 163
54 449 37 166
54 428 29 165
54 352 34 165
47 345 45 167
54 388 38 163
49 394 35 158
70 597 36 177
54 372 35 162
47 386 39 164
61 490 41 172
55 428 49 165
47 350 31 162
77 589 45 177
54 412 39 167
49 364 39 159
52 400 36 158
60 454 41 164
52 385 43 167
60 474 52 168
64 476 51 185
52 418 40 163
53 396 33 162
57 422 50 165
47 360 35 159
51 432 33 165
49 386 38 167
67 505 39 174
51 425 33 170
60 432 44 164
53 449 36 169
50 417 40 170
49 390 35 162
55 428 34 163
48 406 37 171
41 342 31 160
56 422 36 168
63 504 37 173
63 499 44 169
55 450 32 163
60 490 36 164
48 382 38 163
59 447 46 165
65 501 41 178
62 476 40 180
73 489 41 174
55 419 47 164
52 427 38 168
48 390 40 173
55 443 38 168
56 385 36 169
61 465 33 170
57 446 36 161
53 390 30 159
50 386 38 163
49 317 32 158
55 437 46 166
60 455 40 175
42 353 34 173
47 372 35 158
56 500 43 179
61 544 40 175
55 416 44 164
57 433 41 181
52 418 46 167
50 442 37 184
54 429 38 170
43 324 33 154
54 408 45 167
47 391 35 163
51 433 42 175
78 606 41 195
43 344 33 157
52 426 36 175
60 423 52 169
44 329 36 159
45 361 39 173
56 423 43 159
63 508 36 174
60 510 39 154
61 488 39 165
55 414 39 165
45 364 32 163
57 417 38 166
50 408 36 171
62 468 37 163
66 541 39 168
63 526 41 174
48 368 36 171
47 367 38 157
42 322 34 157
57 450 32 157
52 421 34 164
50 422 33 169
49 370 39 163
47 381 36 168
45 384 35 158
52 387 46 166
55 413 38 173
50 408 35 168
50 379 38 159
44 364 39 169
49 388 31 163
54 433 39 179
52 393 35 175
49 363 46 166
49 424 35 169
59 470 36 156
50 389 40 174
42 376 35 163
54 426 41 165
61 481 36 180
47 366 40 165
56 480 37 172
48 366 42 167
49 388 36 164
48 367 30 167
50 401 36 160
46 388 35 167
50 403 38 170
56 419 48 167
49 375 35 161
38 324 33 161
52 395 41 158
52 412 42 168
41 343 36 162
53 428 36 168
81 600 43 185
54 465 33 161
47 342 35 164
42 346 35 162
50 366 35 167
67 490 35 163
52 358 42 164
57 430 36 162
42 349 33 162
62 424 39 166
47 399 35 159
51 419 34 161
48 397 36 159
51 370 36 167
53 370 50 163
46 361 38 166
45 367 33 169
49 440 43 176
55 427 36 163
