10148 240.054
55 461 48 168
48 378 33 164
60 476 46 165
75 653 36 162
64 507 40 164
46 378 37 169
56 500 35 154
52 427 46 180
83 656 49 209
53 444 36 166
45 370 36 162
63 517 41 182
64 464 31 166
54 418 32 159
48 394 34 165
46 360 36 169
46 375 36 159
57 451 39 155
49 410 47 164
50 388 42 154
50 365 45 166
77 568 50 176
59 462 42 171
54 450 46 181
66 544 53 177
59 431 33 165
48 364 38 161
65 566 43 184
58 497 45 186
58 469 56 176
57 396 38 158
51 407 37 169
59 437 34 168
47 401 41 175
60 484 46 174
54 475 35 156
48 400 38 161
50 389 33 168
51 418 42 175
74 590 39 164
50 447 40 165
47 402 38 168
49 396 38 164
55 455 46 164
62 489 43 180
68 508 40 173
42 376 34 164
57 418 42 164
56 467 41 175
59 518 36 164
54 442 42 165
52 369 34 165
66 557 44 166
39 353 31 156
48 381 41 162
62 427 49 168
53 415 37 174
55 468 36 159
63 531 44 166
61 463 44 171
56 439 41 173
61 483 37 162
73 566 37 172
73 565 49 160
66 531 42 178
54 419 45 175
61 508 40 164
56 482 46 176
76 620 54 175
63 488 41 183
70 585 60 186
75 685 54 177
48 377 34 161
45 372 33 156
53 399 38 165
60 512 31 167
51 417 42 176
59 528 44 174
73 622 39 165
50 386 36 174
44 364 39 172
48 414 38 159
58 489 35 173
46 360 43 173
71 557 43 180
68 509 36 177
46 354 38 183
48 423 44 170
66 515 43 180
48 382 47 162
66 557 44 175
60 511 37 172
70 562 36 162
54 465 34 157
57 452 34 153
75 610 67 178
38 324 37 162
51 426 37 165
43 371 32 161
55 465 44 174
73 551 40 175
56 444 37 199
63 483 42 182
70 541 57 185
44 389 36 168
67 526 38 174
69 581 40 173
48 400 40 167
55 443 38 185
52 400 41 173
70 597 55 200
52 414 49 173
52 415 35 165
47 356 36 168
51 452 35 158
55 439 43 163
54 414 35 164
56 460 49 173
67 577 67 184
51 428 40 169
59 462 42 186
63 500 50 177
67 483 55 180
44 392 41 172
46 394 40 187
70 569 39 176
57 506 48 193
55 480 43 170
58 462 36 158
50 412 34 171
53 450 40 164
71 597 54 182
68 549 44 178
47 397 37 164
53 413 42 159
62 508 47 193
44 377 37 157
60 522 46 175
40 329 32 163
61 476 36 160
51 434 39 179
53 427 41 172
47 399 38 164
53 424 40 162
42 378 32 163
68 596 41 177
56 473 39 172
49 418 39 157
46 391 31 164
43 351 39 154
52 462 38 170
52 466 38 168
58 523 37 172
63 464 42 171
44 335 35 162
68 539 50 184
45 379 35 165
69 502 57 203
51 420 40 159
48 376 37 169
58 392 40 176
73 630 49 179
56 419 40 186
68 609 39 177
62 522 49 186
60 503 39 165
53 469 41 165
45 369 40 165
54 468 36 171
75 637 55 184
55 480 43 172
48 447 33 172
45 400 41 171
49 366 38 169
45 342 35 167
58 494 46 183
50 384 34 172
73 611 37 175
50 417 41 171
50 456 43 166
51 427 36 162
71 572 44 166
47 349 36 166
55 437 40 174
58 496 36 167
46 408 35 167
61 516 40 165
54 456 39 169
66 550 35 167
53 485 33 167
59 529 40 177
51 398 42 172
63 462 41 166
57 463 42 176
57 461 37 164
55 477 43 183
50 417 32 171
63 512 40 168
59 500 53 165
64 541 36 169
64 553 48 189
45 384 35 167
54 399 42 171
44 374 41 169
86 657 65 203
47 405 34 165
45 358 40 172
52 409 43 163
60 437 44 173
61 448 48 179
52 428 36 162
48 402 35 164
53 460 38 162
66 526 41 183
65 567 39 173
68 565 38 170
56 438 46 176
61 557 46 175
62 475 38 168
55 437 42 181
61 468 37 158
87 684 60 194
83 641 59 178
56 443 49 162
53 422 41 167
45 336 38 163
56 486 44 169
56 516 46 166
62 505 39 180
56 453 44 173
47 360 41 168
54 469 40 174
50 397 34 158
44 361 32 160
56 448 48 171
51 404 36 163
56 477 37 169
44 376 39 160
63 495 57 178
43 362 35 173
55 427 37 162
61 493 39 171
61 490 38 161
59 477 47 171
61 472 42 191
58 474 35 165
68 513 46 189
53 428 37 170
58 469 42 181
68 596 48 177
42 349 32 163
57 424 38 173
65 473 44 178
54 439 35 162
41 335 34 152
60 479 38 159
73 613 49 183
44 373 38 163
61 521 59 186
65 543 47 182
70 598 60 182
58 466 35 170
56 472 44 187
65 468 41 168
66 527 37 160
46 381 38 172
51 434 42 172
50 393 46 159
60 514 37 170
47 406 36 164
79 617 64 208
46 370 30 154
44 366 36 164
75 644 62 189
50 428 34 169
71 595 54 184
47 397 37 158
46 358 37 173
45 396 38 167
50 405 45 176
55 488 46 165
64 515 51 164
57 448 39 163
76 557 55 180
52 432 38 158
48 381 34 155
53 425 34 158
42 369 37 156
71 624 61 193
74 529 40 184
47 384 36 159
49 385 36 167
62 511 45 179
60 486 37 174
42 349 35 160
56 457 36 169
51 442 40 162
55 456 35 169
59 485 42 188
58 491 56 179
