86899 660.059
33 251 30 142
33 243 31 141
33 243 31 141
31 229 28 148
31 229 28 148
31 236 28 144
32 240 31 142
33 239 31 142
32 240 31 142
31 235 29 143
31 231 30 146
31 230 29 147
33 251 30 142
31 233 30 143
31 232 28 145
31 231 30 146
31 230 29 147
31 232 29 144
31 232 28 145
31 235 29 143
31 233 30 143
33 239 31 142
31 236 28 144
31 232 29 144
33 251 30 142
33 251 30 142
33 251 30 142
33 251 30 142
33 251 30 142
33 251 30 142
33 251 30 142
33 251 30 142
33 251 30 142
33 251 30 142
33 251 30 142
33 251 30 142
33 251 30 142
33 251 30 142
33 251 30 142
33 251 30 142
33 251 30 142
33 251 30 142
33 251 30 142
33 251 30 142
33 251 30 142
33 251 30 142
33 251 30 142
33 251 30 142
33 251 30 142
33 251 30 142
33 251 30 142
33 251 30 142
33 251 30 142
33 251 30 142
33 251 30 142
33 251 30 142
33 251 30 142
33 251 30 142
33 251 30 142
33 251 30 142
33 251 30 142
33 251 30 142
33 251 30 142
33 251 30 142
33 251 30 142
33 251 30 142
33 251 30 142
33 251 30 142
33 251 30 142
33 251 30 142
33 251 30 142
33 251 30 142
33 251 30 142
33 251 30 142
33 251 30 142
33 251 30 142
33 251 30 142
33 251 30 142
33 251 30 142
33 251 30 142
33 251 30 142
33 251 30 142
33 251 30 142
33 251 30 142
33 251 30 142
33 251 30 142
33 251 30 142
33 251 30 142
33 251 30 142
33 251 30 142
33 251 30 142
33 251 30 142
33 251 30 142
33 251 30 142
33 251 30 142
33 251 30 142
33 251 30 142
33 251 30 142
33 251 30 142
33 251 30 142
33 251 30 142
33 251 30 142
33 251 30 142
33 251 30 142
33 251 30 142
33 251 30 142
33 251 30 142
33 251 30 142
33 251 30 142
33 251 30 142
33 251 30 142
33 251 30 142
33 251 30 142
33 251 30 142
33 251 30 142
33 251 30 142
33 251 30 142
33 251 30 142
33 251 30 142
33 251 30 142
33 251 30 142
33 251 30 142
33 251 30 142
33 251 30 142
33 251 30 142
33 251 30 142
33 251 30 142
33 251 30 142
33 251 30 142
33 251 30 142
33 251 30 142
33 251 30 142
33 251 30 142
33 251 30 142
33 251 30 142
33 251 30 142
33 251 30 142
33 251 30 142
33 251 30 142
33 251 30 142
33 251 30 142
33 251 30 142
33 251 30 142
33 251 30 142
33 251 30 142
33 251 30 142
33 251 30 142
33 251 30 142
33 251 30 142
33 251 30 142
33 251 30 142
33 251 30 142
33 251 30 142
33 251 30 142
33 251 30 142
33 251 30 142
33 251 30 142
33 251 30 142
33 251 30 142
33 251 30 142
33 251 30 142
33 251 30 142
33 251 30 142
33 251 30 142
33 251 30 142
33 251 30 142
33 251 30 142
33 251 30 142
33 251 30 142
33 251 30 142
33 251 30 142
33 251 30 142
33 251 30 142
33 251 30 142
33 251 30 142
33 251 30 142
33 251 30 142
33 251 30 142
33 251 30 142
33 251 30 142
33 251 30 142
33 251 30 142
33 251 30 142
33 251 30 142
33 251 30 142
33 251 30 142
33 251 30 142
33 251 30 142
33 251 30 142
33 251 30 142
33 251 30 142
33 251 30 142
33 251 30 142
33 251 30 142
33 251 30 142
33 251 30 142
33 251 30 142
33 251 30 142
33 251 30 142
33 251 30 142
33 251 30 142
33 251 30 142
33 251 30 142
33 251 30 142
33 251 30 142
33 251 30 142
33 251 30 142
33 251 30 142
33 251 30 142
33 251 30 142
33 251 30 142
33 251 30 142
33 251 30 142
33 243 31 141
33 239 31 142
32 240 31 142
32 240 31 142
31 235 29 143
31 233 30 143
31 232 29 144
31 229 28 148
34 252 30 142
33 252 31 141
32 241 31 142
31 242 29 143
31 242 29 143
34 252 30 142
32 241 31 142
34 252 30 142
31 242 29 143
34 263 31 141
33 248 29 145
33 248 29 145
33 244 31 142
32 253 30 143
34 259 30 142
33 251 30 143
33 244 31 142
35 253 30 143
34 264 31 141
34 257 29 145
33 247 31 142
33 254 30 144
33 257 30 143
34 260 30 142
33 247 31 142
34 260 30 142
35 265 31 141
34 260 29 145
33 248 31 142
34 258 30 143
34 261 30 142
33 248 31 142
34 261 30 142
34 261 30 142
33 248 31 142
36 270 31 141
35 264 29 145
33 249 31 142
34 260 30 143
34 262 30 142
33 249 31 142
34 262 30 142
33 249 31 142
33 249 31 142
33 249 31 142
33 249 31 142
36 274 31 141
36 274 31 141
34 262 30 143
33 251 31 142
34 263 30 142
33 251 31 142
34 263 30 142
34 263 30 142
36 276 31 141
36 276 31 141
34 263 30 143
34 263 30 143
33 252 31 142
35 265 30 142
33 252 31 142
35 265 30 142
33 252 31 142
33 252 31 142
36 254 31 145
35 266 30 142
35 266 30 142
34 263 30 144
35 260 31 143
35 265 30 143
35 265 30 143
35 266 30 142
35 266 30 142
35 266 30 142
35 266 30 142
35 266 30 143
38 302 34 143
38 298 37 145
39 301 37 146
