66803 1590.53
65 489 41 167
43 365 32 170
56 403 43 179
52 431 42 183
54 472 36 175
63 474 42 173
55 410 36 170
63 514 54 178
55 470 41 176
69 596 52 182
53 459 34 163
62 454 36 178
59 488 47 192
54 450 43 177
55 466 37 177
76 525 45 195
59 434 40 175
62 539 38 177
75 638 52 197
52 438 41 178
50 407 45 188
62 495 45 167
76 541 51 182
38 345 33 156
69 540 54 176
47 401 46 181
50 369 36 171
70 609 47 206
66 516 53 185
69 493 41 178
58 436 41 173
59 440 42 175
67 584 39 189
48 376 36 173
56 471 36 169
51 413 37 169
61 498 37 172
58 466 37 169
58 416 34 174
51 426 40 168
51 452 40 188
60 514 43 181
62 518 44 178
60 539 41 187
65 560 49 190
65 519 36 181
56 495 34 172
53 417 44 169
52 455 47 174
60 494 44 176
53 397 33 174
62 535 38 171
62 497 47 193
51 409 42 171
48 379 31 163
44 359 34 169
65 557 41 186
76 544 51 192
62 503 53 195
44 362 43 167
59 496 45 166
75 642 36 179
49 399 30 165
64 491 55 195
76 572 49 181
64 500 42 174
59 503 40 175
52 438 44 195
50 414 34 176
61 483 44 173
60 422 36 176
55 468 36 170
55 464 45 182
56 417 36 161
67 540 38 168
52 405 45 181
53 422 40 187
58 471 36 181
48 397 45 177
67 523 39 179
66 525 42 190
66 476 45 171
61 425 41 170
48 381 37 177
76 565 35 188
86 662 41 182
60 476 45 191
49 368 34 164
73 494 34 175
52 423 36 174
48 411 41 176
66 507 47 181
48 385 39 171
41 343 39 167
41 362 29 161
47 398 41 182
51 440 39 178
66 530 55 187
77 688 48 190
53 409 34 173
48 387 36 175
58 478 40 167
47 329 32 164
52 464 36 171
50 414 36 174
63 480 38 177
56 475 37 167
58 489 45 191
58 474 38 175
52 432 42 178
75 646 36 179
51 440 35 176
73 618 44 170
49 365 34 175
49 381 41 176
54 459 40 183
46 366 36 170
65 507 48 181
60 485 41 180
67 554 46 164
58 456 39 171
60 495 38 178
48 375 33 168
61 434 38 180
71 540 46 184
55 402 44 186
64 463 35 171
70 572 36 173
68 483 45 194
62 498 47 184
45 362 40 172
47 397 38 180
58 441 40 184
54 443 33 175
56 460 37 178
43 340 33 160
59 556 42 179
51 417 35 167
54 460 39 172
48 378 40 172
43 354 35 172
66 546 39 181
50 410 45 170
60 474 36 178
54 446 41 170
48 424 34 162
50 405 35 177
56 507 32 173
49 375 40 170
41 344 31 175
52 408 51 178
56 456 42 191
54 436 42 178
59 467 46 167
61 513 54 192
79 632 47 192
59 498 42 190
56 471 50 180
48 404 34 183
57 513 46 183
58 509 36 176
61 521 43 173
63 534 38 168
46 399 39 176
54 436 40 167
49 400 37 179
51 386 36 169
60 474 46 171
66 571 37 177
64 518 45 195
55 422 37 172
63 508 39 177
84 683 39 182
42 339 35 164
58 543 43 190
47 387 42 172
58 455 43 170
57 375 38 173
54 445 36 171
57 462 43 171
70 524 37 181
46 399 38 166
51 397 44 171
49 412 35 168
54 453 44 183
44 347 34 170
50 441 45 165
60 481 37 168
57 425 38 177
55 396 39 169
56 489 51 184
48 398 31 168
59 467 46 169
51 443 36 171
90 685 54 209
54 484 45 169
54 390 31 166
76 582 48 202
55 438 42 175
54 447 33 173
64 553 45 181
66 535 52 178
61 534 44 167
60 506 39 167
51 389 41 166
64 518 39 179
52 419 40 186
61 502 39 182
54 405 30 163
49 434 34 168
43 353 43 175
61 513 35 169
56 415 41 174
74 580 57 182
53 460 39 174
60 457 36 175
50 394 33 173
60 462 40 179
58 405 45 189
59 408 54 176
60 439 41 175
57 409 35 180
54 411 33 170
64 489 44 179
43 341 34 175
59 417 31 167
53 424 44 180
45 343 30 167
43 359 34 165
58 455 41 170
56 438 40 164
47 404 43 178
47 404 34 167
52 411 39 170
59 473 42 172
62 469 36 179
51 390 32 165
51 414 40 171
55 457 36 173
59 443 41 189
43 341 36 180
47 370 36 174
66 422 39 176
54 448 37 172
61 523 43 192
50 391 40 170
64 485 46 216
73 634 46 185
54 422 45 178
71 546 35 170
70 601 45 189
53 431 39 169
57 453 34 176
68 543 50 187
59 498 33 172
71 555 40 184
45 363 35 157
68 504 39 181
53 442 38 174
74 601 50 196
70 547 37 170
53 398 37 171
46 350 33 160
45 368 31 160
57 416 38 177
68 544 48 194
47 355 36 167
60 513 36 176
62 439 32 168
59 542 34 178
60 466 39 173
55 403 37 182
51 362 33 163
49 375 35 170
69 609 61 204
58 502 33 175
47 391 43 170
58 441 43 173
58 452 38 173
61 448 42 174
53 435 34 172
55 409 48 173
39 282 37 174
45 335 34 170
48 413 40 170
69 605 63 202
41 332 36 166
54 438 36 175
45 344 34 163
79 648 49 198
51 413 37 178
54 390 45 171
68 559 44 201
54 438 41 166
53 413 39 171
44 382 33 164
51 443 36 164
50 357 34 171
49 398 32 162
55 435 32 160
