138011 3240.57
46 372 35 162
74 544 42 181
46 351 33 168
60 425 31 164
47 378 33 157
53 389 34 171
50 464 39 169
48 350 39 172
64 480 36 179
63 461 39 170
57 403 34 167
46 353 34 162
52 389 35 155
58 481 32 176
41 312 39 161
52 376 35 156
61 460 35 164
61 422 39 164
61 504 35 167
50 393 34 162
61 464 41 172
62 478 52 174
44 325 32 166
42 334 31 168
45 367 41 169
54 431 43 160
51 404 47 176
51 421 39 167
46 417 32 167
40 326 32 163
48 362 36 163
45 365 42 168
60 504 34 166
59 500 48 196
56 472 39 170
47 353 41 167
49 371 34 163
46 313 39 155
49 391 27 157
44 367 32 162
41 289 37 160
45 350 33 162
41 339 31 160
53 410 36 167
64 471 36 161
52 443 37 172
47 336 34 157
76 583 34 173
59 476 36 161
54 412 39 158
46 373 36 158
40 337 36 160
48 373 33 158
43 366 34 170
48 371 38 160
57 442 31 167
53 436 37 172
52 442 33 163
43 304 35 159
55 403 36 172
45 387 32 158
45 325 35 158
53 368 40 168
48 354 41 164
60 524 43 176
49 334 35 165
58 459 41 168
48 393 41 162
44 351 34 170
47 333 36 159
40 339 33 154
56 398 31 161
54 366 31 160
53 403 34 162
56 500 38 174
54 422 33 167
34 292 30 159
60 472 31 164
58 508 36 174
48 400 37 166
52 409 39 168
54 451 35 173
46 366 35 156
43 321 32 154
56 461 42 173
46 328 37 159
49 357 31 168
49 347 29 157
51 372 34 161
43 361 35 164
47 332 34 156
38 309 29 164
38 321 33 158
61 418 36 169
44 342 33 164
44 340 31 157
51 363 38 164
50 375 31 156
50 428 34 161
49 396 41 167
45 353 41 161
39 315 32 162
40 333 34 162
50 397 37 166
45 313 35 156
49 394 40 162
51 364 31 160
54 422 41 170
43 306 34 158
46 370 40 165
48 380 31 161
53 436 38 162
49 364 31 161
49 393 38 178
69 499 44 177
48 410 38 167
44 377 30 158
54 448 39 163
39 298 31 159
60 453 39 166
43 329 41 161
59 466 39 167
57 472 48 164
44 345 35 165
61 496 37 160
54 387 38 158
52 369 35 162
46 387 36 161
58 464 33 162
62 454 40 167
71 448 48 180
48 376 45 171
58 442 36 166
45 380 33 170
45 350 44 165
50 355 37 156
50 432 33 163
47 336 32 161
47 369 43 165
43 339 34 163
50 400 40 165
44 352 31 170
64 488 44 174
53 358 37 162
55 421 32 157
45 382 35 161
57 444 42 169
44 320 32 159
43 348 33 167
49 383 40 171
41 299 30 158
49 389 39 170
46 367 34 158
51 402 37 164
51 407 39 170
50 382 34 161
49 392 33 161
48 408 36 163
44 367 36 170
60 378 38 162
49 375 32 166
49 410 43 181
47 374 36 160
44 393 32 158
48 381 31 167
59 445 40 174
41 328 33 158
44 337 38 166
50 341 39 161
54 420 31 162
54 392 42 166
48 416 44 169
58 478 35 174
45 317 30 157
47 366 32 158
53 416 35 166
47 384 33 170
54 377 44 165
50 349 33 157
50 399 33 167
41 293 33 156
55 433 36 168
63 490 34 170
55 369 39 160
56 381 31 158
50 445 34 161
54 422 35 161
56 442 34 167
47 370 36 162
48 357 35 166
55 435 44 173
48 345 38 165
50 371 33 157
39 333 30 161
46 391 40 168
45 364 38 176
53 422 36 165
49 354 34 164
48 398 34 162
46 353 33 164
45 337 32 160
62 430 47 177
56 397 43 173
40 302 30 160
59 420 37 166
41 317 38 163
62 452 41 171
53 371 36 159
54 456 31 162
47 345 37 162
55 398 34 158
41 300 31 157
53 430 35 166
47 390 35 164
39 315 35 164
51 395 38 180
55 423 34 167
46 374 40 163
46 366 41 178
48 368 36 164
68 494 34 163
49 332 33 161
55 407 36 159
72 580 38 174
58 427 40 169
48 367 30 162
48 390 31 155
46 338 36 161
65 473 44 188
57 381 50 175
55 435 34 161
39 298 32 158
45 336 33 161
47 380 34 168
46 318 34 158
70 550 42 176
49 411 39 167
38 328 30 158
43 355 37 167
36 302 33 157
59 473 41 176
51 372 33 156
41 321 34 163
58 447 46 172
44 334 32 159
44 329 36 156
54 398 34 162
45 342 41 169
49 365 36 165
43 320 34 158
48 379 36 166
54 376 34 160
43 335 37 157
49 345 33 158
43 371 34 162
47 357 32 164
57 418 39 166
54 381 39 170
58 412 36 171
44 375 35 168
66 555 40 181
50 450 40 168
40 325 40 166
45 350 34 167
36 302 31 161
42 360 34 165
53 441 40 179
52 424 38 169
48 364 31 165
48 374 32 160
48 413 32 162
53 402 37 162
53 385 33 159
55 382 36 165
47 351 30 164
47 342 35 161
48 365 32 161
51 395 38 179
52 406 39 164
66 445 43 170
54 379 33 156
48 399 35 169
48 355 34 159
47 342 34 155
53 409 40 171
47 379 34 158
53 388 39 172
51 377 37 158
57 423 38 164
54 409 37 172
46 333 34 154
50 400 34 170
47 367 39 167
54 385 32 161
39 337 30 159
58 421 37 165
54 398 40 169
51 409 36 165
54 418 38 169
46 356 38 165
