98818 480.025
36 241 30 142
35 239 33 140
34 240 33 140
33 231 31 142
31 234 28 147
31 234 28 147
31 238 29 146
33 236 28 144
32 233 30 146
32 238 31 145
35 238 31 141
34 235 33 141
33 238 32 141
33 238 32 141
33 235 29 143
36 241 30 142
34 240 33 140
33 236 28 144
32 239 31 143
35 238 31 141
32 239 31 143
33 235 28 146
34 235 33 141
33 235 28 146
33 232 30 143
33 232 30 143
33 231 31 142
32 233 30 146
36 241 30 142
36 241 30 142
36 241 30 142
36 241 30 142
36 241 30 142
36 241 30 142
36 241 30 142
36 241 30 142
36 241 30 142
36 241 30 142
36 241 30 142
36 241 30 142
36 241 30 142
36 241 30 142
36 241 30 142
36 241 30 142
36 241 30 142
36 241 30 142
36 241 30 142
36 241 30 142
36 241 30 142
36 241 30 142
36 241 30 142
36 241 30 142
36 241 30 142
36 241 30 142
36 241 30 142
36 241 30 142
36 241 30 142
36 241 30 142
36 241 30 142
36 241 30 142
36 241 30 142
36 241 30 142
36 241 30 142
36 241 30 142
36 241 30 142
36 241 30 142
36 241 30 142
36 241 30 142
36 241 30 142
36 241 30 142
36 241 30 142
36 241 30 142
36 241 30 142
36 241 30 142
36 241 30 142
36 241 30 142
36 241 30 142
36 241 30 142
36 241 30 142
36 241 30 142
36 241 30 142
36 241 30 142
36 241 30 142
36 241 30 142
36 241 30 142
36 241 30 142
36 241 30 142
36 241 30 142
36 241 30 142
36 241 30 142
36 241 30 142
36 241 30 142
36 241 30 142
36 241 30 142
36 241 30 142
36 241 30 142
36 241 30 142
36 241 30 142
36 241 30 142
36 241 30 142
36 241 30 142
36 241 30 142
36 241 30 142
36 241 30 142
36 241 30 142
36 241 30 142
36 241 30 142
36 241 30 142
36 241 30 142
36 241 30 142
36 241 30 142
36 241 30 142
36 241 30 142
36 241 30 142
36 241 30 142
36 241 30 142
36 241 30 142
36 241 30 142
36 241 30 142
36 241 30 142
36 241 30 142
36 241 30 142
36 241 30 142
36 241 30 142
36 241 30 142
36 241 30 142
36 241 30 142
36 241 30 142
36 241 30 142
36 241 30 142
36 241 30 142
36 241 30 142
36 241 30 142
36 241 30 142
36 241 30 142
36 241 30 142
36 241 30 142
36 241 30 142
36 241 30 142
36 241 30 142
36 241 30 142
36 241 30 142
36 241 30 142
36 241 30 142
36 241 30 142
36 241 30 142
36 241 30 142
36 241 30 142
36 241 30 142
36 241 30 142
36 241 30 142
36 241 30 142
36 241 30 142
36 241 30 142
36 241 30 142
36 241 30 142
36 241 30 142
36 241 30 142
36 241 30 142
36 241 30 142
36 241 30 142
36 241 30 142
36 241 30 142
36 241 30 142
36 241 30 142
36 241 30 142
36 241 30 142
36 241 30 142
36 241 30 142
36 241 30 142
36 241 30 142
36 241 30 142
36 241 30 142
36 241 30 142
36 241 30 142
36 241 30 142
36 241 30 142
36 241 30 142
36 241 30 142
36 241 30 142
36 241 30 142
36 241 30 142
36 241 30 142
36 241 30 142
36 241 30 142
36 241 30 142
36 241 30 142
36 241 30 142
36 241 30 142
36 241 30 142
36 241 30 142
36 241 30 142
36 241 30 142
36 241 30 142
36 241 30 142
36 241 30 142
36 241 30 142
36 241 30 142
36 241 30 142
36 241 30 142
36 241 30 142
36 241 30 142
36 241 30 142
36 241 30 142
36 241 30 142
36 241 30 142
36 241 30 142
36 241 30 142
36 241 30 142
36 241 30 142
36 241 30 142
36 241 30 142
36 241 30 142
36 241 30 142
36 241 30 142
36 241 30 142
36 241 30 142
36 241 30 142
36 241 30 142
36 241 30 142
36 241 30 142
36 241 30 142
36 241 30 142
36 241 30 142
36 241 30 142
36 241 30 142
36 241 30 142
36 241 30 142
36 241 30 142
36 241 30 142
36 241 30 142
36 241 30 142
36 241 30 142
36 241 30 142
36 241 30 142
36 241 30 142
36 241 30 142
36 241 30 142
36 241 30 142
36 241 30 142
36 241 30 142
36 241 30 142
36 241 30 142
36 241 30 142
36 241 30 142
36 241 30 142
36 241 30 142
35 239 33 140
35 239 33 140
35 238 31 141
35 238 31 141
33 238 32 141
33 238 32 141
33 236 28 144
33 232 30 143
33 232 30 143
33 232 30 143
33 232 30 143
32 239 31 143
31 234 28 147
31 234 28 147
36 242 30 142
36 240 31 141
36 240 31 141
33 240 28 146
33 233 31 145
33 239 29 145
33 235 29 146
33 236 30 145
33 237 31 142
36 242 30 142
33 237 31 142
36 240 31 141
37 247 31 141
36 243 32 141
36 243 32 141
33 239 30 145
36 243 30 142
36 243 30 142
33 240 31 142
33 240 31 142
36 243 32 141
36 243 32 141
33 240 31 142
33 240 31 142
33 240 31 142
36 246 30 142
35 242 31 142
34 244 31 142
36 247 30 142
37 251 30 142
36 248 30 143
36 248 30 143
36 248 30 143
36 248 30 143
37 254 36 142
37 253 31 143
36 249 34 143
41 271 32 144
40 261 34 143
