139703 3300.57
52 457 39 164
58 497 48 160
51 398 37 175
62 481 32 156
52 419 41 170
67 526 60 168
66 547 43 167
50 420 35 161
58 443 32 167
75 608 39 173
70 584 61 180
42 363 37 176
49 416 39 164
56 449 35 181
47 400 41 156
55 478 40 163
46 379 39 166
49 407 36 169
45 387 37 160
68 514 49 178
53 444 36 171
58 448 45 168
72 630 43 166
75 629 47 169
60 475 40 163
62 462 40 172
41 339 31 161
51 369 37 162
61 497 42 168
72 606 40 170
56 408 35 163
52 391 36 168
69 560 37 170
45 345 40 160
61 482 50 169
61 496 46 177
57 493 43 166
58 509 36 162
51 413 39 164
56 404 39 167
41 337 31 164
57 471 40 168
60 484 44 183
61 455 53 163
48 416 38 176
63 488 60 165
49 404 39 169
49 408 35 166
49 387 45 164
40 330 32 153
43 349 31 161
65 490 48 183
63 530 41 166
70 518 41 174
48 401 29 159
55 407 35 169
47 393 37 164
42 384 33 160
68 558 65 167
77 656 50 171
72 601 58 200
48 358 35 166
51 425 42 159
47 360 34 157
59 542 48 161
61 475 51 168
46 372 34 170
50 410 33 171
65 535 49 170
73 466 49 194
61 464 41 170
42 357 36 162
44 350 35 171
55 474 46 180
59 428 40 164
70 593 62 174
63 454 39 167
59 494 40 175
53 457 39 170
56 421 39 170
61 476 46 174
44 356 33 166
62 498 43 186
45 379 35 160
37 324 36 159
63 580 54 162
54 430 41 176
61 530 47 161
59 457 48 168
54 448 39 166
59 464 57 182
45 349 34 163
56 450 38 169
57 467 46 160
61 482 49 161
50 373 31 162
50 395 35 167
60 510 52 158
49 411 33 158
66 474 35 167
47 377 34 164
59 453 42 196
43 360 35 164
75 611 47 183
61 523 35 165
40 320 31 160
53 432 36 169
45 364 34 153
42 332 40 159
62 480 35 170
66 543 43 173
62 438 46 182
53 436 40 175
55 461 34 168
57 447 43 163
53 441 45 166
59 504 59 210
55 402 37 167
46 382 31 157
56 445 43 172
55 441 34 168
49 379 40 167
55 421 35 169
58 436 40 160
47 370 35 167
54 390 45 159
48 387 36 168
62 483 43 196
56 451 40 168
49 415 34 160
50 425 47 159
58 453 40 161
65 578 56 176
50 382 35 162
50 416 48 170
53 384 34 168
63 519 41 170
60 473 37 159
49 382 39 150
50 368 42 162
59 513 43 159
55 452 37 160
49 400 32 165
51 438 37 166
63 462 48 175
55 475 39 174
57 452 49 171
57 470 36 179
54 481 35 165
43 363 32 157
76 648 46 167
53 421 36 169
59 452 43 162
62 512 43 161
55 465 39 174
59 526 40 161
48 387 36 164
55 442 41 168
57 499 36 172
63 497 42 159
52 408 45 170
55 411 47 159
71 542 44 159
51 408 33 162
62 509 46 183
65 586 46 180
56 424 39 175
49 404 45 158
53 461 47 167
65 506 47 160
52 425 34 160
81 593 40 170
68 514 60 184
58 459 42 170
45 362 31 158
63 511 44 161
74 555 64 198
48 388 40 159
52 449 37 155
57 440 40 171
50 421 39 162
61 484 47 159
55 425 34 164
54 458 42 189
55 429 39 173
57 476 46 164
44 376 31 160
46 374 46 169
64 506 42 175
55 407 42 166
64 509 45 172
77 634 63 187
47 390 34 164
51 444 32 163
55 442 37 161
60 482 42 161
79 617 52 203
58 438 44 154
45 353 34 173
61 522 44 175
50 406 45 162
58 490 40 161
53 432 38 169
79 625 53 204
85 674 50 169
63 498 52 163
90 637 76 206
53 416 46 170
56 438 44 171
49 404 35 164
44 334 31 165
66 450 41 168
44 368 33 162
62 481 39 165
46 376 39 159
48 381 33 161
54 423 35 165
52 395 34 170
50 374 31 162
51 417 41 173
41 325 34 158
60 490 43 163
43 358 31 167
40 342 34 159
64 534 56 169
70 491 42 186
57 433 34 161
63 476 57 173
48 384 29 159
62 509 49 193
50 401 40 158
48 378 42 165
58 486 39 170
58 483 48 178
56 410 52 171
61 505 43 180
52 454 35 168
44 374 37 159
49 380 37 155
48 386 39 170
58 473 39 167
64 523 46 156
77 646 59 217
51 407 43 170
60 462 38 161
49 395 38 170
55 473 47 163
60 486 42 170
56 442 41 165
50 400 38 155
61 459 43 166
71 525 53 171
59 495 34 157
46 392 30 160
81 562 51 185
48 422 35 154
72 490 64 191
62 452 59 169
51 428 45 161
70 522 55 180
56 507 56 164
48 357 37 167
60 553 53 165
57 476 49 180
53 452 45 159
80 623 47 178
43 358 33 161
49 373 34 161
71 611 46 188
54 404 40 155
53 415 31 160
45 368 31 160
62 493 45 184
52 448 46 159
54 411 37 166
48 348 39 162
59 469 34 173
49 422 40 166
51 439 39 169
50 420 42 180
53 437 37 165
46 359 32 158
61 482 34 167
44 355 37 163
60 474 40 162
43 362 37 159
62 532 46 169
48 368 46 169
53 457 34 165
52 417 45 156
50 430 36 161
69 544 48 177
55 476 39 169
61 506 45 156
55 408 48 163
66 493 42 169
44 337 33 158
62 529 50 168
59 495 41 177
53 414 41 151
