142165 2700.45
34 233 31 142
34 233 31 142
32 230 27 147
29 240 27 148
29 245 28 145
31 228 30 144
31 237 31 143
29 237 28 146
34 233 31 142
31 239 27 148
32 230 27 147
32 236 31 142
32 230 29 144
29 237 28 146
32 229 30 143
32 230 29 144
30 237 28 145
32 229 30 143
32 230 29 144
30 244 30 143
32 231 27 145
31 228 30 144
30 244 30 143
32 230 29 144
30 244 30 143
32 236 31 142
31 242 27 145
32 230 29 144
32 230 27 147
32 230 29 144
32 229 30 143
31 230 28 145
30 244 30 143
32 231 27 145
31 238 29 144
31 240 31 142
32 229 30 143
30 245 29 144
31 238 29 144
32 236 31 142
32 229 30 143
31 241 27 147
31 241 27 147
31 240 31 142
31 239 27 148
32 230 29 144
32 230 29 144
31 228 30 144
31 237 31 143
32 230 29 144
32 230 29 144
32 230 29 144
32 230 29 144
32 230 29 144
32 229 30 143
32 230 29 144
32 230 29 144
32 236 31 142
31 228 30 144
32 229 30 143
32 229 30 143
32 229 30 143
32 229 30 143
32 230 29 144
32 229 30 143
32 230 29 144
32 230 29 144
32 230 29 144
31 228 30 144
32 230 29 144
32 230 29 144
32 230 29 144
31 228 30 144
32 230 29 144
32 230 29 144
32 230 29 144
32 229 30 143
32 230 29 144
32 230 29 144
34 233 31 142
32 229 30 143
32 230 29 144
31 228 30 144
32 229 30 143
32 230 29 144
32 229 30 143
32 230 29 144
32 230 29 144
32 230 29 144
32 229 30 143
32 229 30 143
32 229 30 143
32 230 29 144
32 229 30 143
32 229 30 143
32 229 30 143
32 230 29 144
32 229 30 143
32 230 27 147
32 229 30 143
32 230 29 144
32 229 30 143
32 229 30 143
32 230 29 144
32 230 29 144
32 229 30 143
32 229 30 143
32 229 30 143
32 229 30 143
32 230 29 144
32 229 30 143
32 230 29 144
32 229 30 143
32 230 29 144
32 230 29 144
32 229 30 143
32 230 29 144
32 230 29 144
32 230 29 144
32 230 27 147
32 229 30 143
32 230 29 144
32 230 29 144
32 229 30 143
32 230 29 144
32 229 30 143
32 229 30 143
32 230 27 147
32 230 29 144
32 229 30 143
32 229 30 143
32 229 30 143
32 230 29 144
32 230 29 144
32 230 29 144
32 229 30 143
32 229 30 143
32 230 29 144
32 230 27 147
32 229 30 143
32 230 29 144
32 230 29 144
32 230 29 144
32 230 29 144
32 229 30 143
32 230 29 144
32 229 30 143
32 230 29 144
32 229 30 143
32 229 30 143
30 244 30 143
32 229 30 143
32 229 30 143
32 230 29 144
34 233 31 142
32 230 29 144
32 230 29 144
32 230 29 144
32 230 27 147
32 229 30 143
32 229 30 143
32 230 29 144
34 233 31 142
32 229 30 143
32 230 29 144
32 229 30 143
32 229 30 143
32 229 30 143
32 230 29 144
32 229 30 143
32 230 27 147
32 230 29 144
32 230 29 144
32 229 30 143
30 244 30 143
32 230 29 144
32 230 29 144
32 230 29 144
32 229 30 143
32 229 30 143
32 229 30 143
32 230 29 144
32 229 30 143
34 233 31 142
32 229 30 143
32 229 30 143
32 229 30 143
32 230 29 144
32 230 29 144
32 230 29 144
32 229 30 143
32 229 30 143
34 233 31 142
32 230 29 144
32 229 30 143
32 229 30 143
32 229 30 143
32 230 29 144
32 230 29 144
32 229 30 143
32 229 30 143
32 229 30 143
32 229 30 143
32 229 30 143
32 229 30 143
32 230 29 144
32 230 27 147
32 230 29 144
32 230 29 144
34 233 31 142
30 244 30 143
32 230 29 144
32 230 29 144
31 228 30 144
32 230 29 144
32 230 29 144
32 230 29 144
32 229 30 143
32 229 30 143
32 229 30 143
32 229 30 143
32 230 29 144
32 230 29 144
32 229 30 143
32 229 30 143
32 230 29 144
32 229 30 143
32 229 30 143
34 233 31 142
32 229 30 143
32 230 29 144
32 229 30 143
32 229 30 143
32 229 30 143
31 228 30 144
32 229 30 143
32 229 30 143
32 229 30 143
32 230 29 144
32 229 30 143
32 229 30 143
32 230 29 144
32 230 29 144
32 229 30 143
32 230 29 144
32 230 29 144
32 230 29 144
32 230 29 144
32 230 29 144
32 230 29 144
32 230 29 144
32 229 30 143
32 229 30 143
32 230 29 144
32 230 29 144
32 229 30 143
32 230 29 144
32 230 29 144
32 230 29 144
32 230 29 144
32 229 30 143
32 230 29 144
32 230 29 144
32 230 29 144
32 230 29 144
32 229 30 143
32 230 29 144
32 230 29 144
32 229 30 143
32 230 29 144
32 230 29 144
32 229 30 143
31 228 30 144
32 229 30 143
32 229 30 143
32 229 30 143
32 229 30 143
32 230 29 144
32 230 29 144
32 230 29 144
32 229 30 143
32 230 29 144
32 230 27 147
32 230 29 144
32 230 29 144
32 230 29 144
31 228 30 144
32 229 30 143
31 228 30 144
32 229 30 143
32 229 30 143
32 230 29 144
32 229 30 143
32 229 30 143
32 230 29 144
32 229 30 143
32 230 29 144
32 229 30 143
32 230 29 144
32 229 30 143
