210387 3600
31 270 31 170
33 264 32 163
33 272 30 167
36 298 36 160
33 264 32 163
33 265 33 162
35 294 35 161
32 267 32 165
33 264 32 163
33 264 32 163
33 266 33 162
33 265 33 162
36 286 33 162
32 267 32 163
32 266 32 165
31 268 31 170
33 266 33 162
32 271 31 169
33 267 32 163
32 266 32 165
35 287 31 164
33 268 33 162
33 269 33 162
32 267 32 165
33 265 31 164
33 265 33 162
31 268 31 170
33 265 31 164
33 269 33 162
32 272 32 163
34 272 33 162
33 265 31 164
33 264 32 163
33 265 33 162
33 264 32 163
33 264 32 163
33 268 33 162
33 266 33 162
33 266 33 162
33 264 32 163
36 279 33 162
32 266 32 163
33 274 33 162
32 266 32 163
33 264 32 163
34 272 32 163
33 269 33 162
32 267 32 165
33 265 31 164
31 284 31 172
33 265 31 164
34 271 31 164
33 266 33 162
31 268 31 170
33 265 31 164
33 265 31 164
34 270 32 163
33 266 33 162
33 265 33 162
32 267 32 165
33 269 33 162
33 266 33 162
32 273 31 169
33 264 32 163
33 265 31 164
33 265 33 162
34 272 33 162
32 272 32 163
33 264 32 163
33 265 31 164
33 266 33 162
33 265 33 162
34 270 32 163
32 266 32 163
33 265 33 162
33 265 31 164
35 279 33 162
32 266 32 163
33 269 33 162
32 267 32 165
32 272 30 173
33 266 33 162
33 269 33 162
32 272 32 163
35 277 31 164
33 265 33 162
33 267 32 163
33 265 31 164
33 265 33 162
32 266 32 165
34 271 33 162
33 268 31 164
33 265 33 162
33 265 33 162
32 271 31 169
33 264 32 163
33 266 33 162
33 269 33 162
33 265 33 162
33 264 32 163
33 268 33 162
33 265 33 162
33 266 33 162
32 267 32 165
33 264 32 163
33 266 33 162
34 276 33 162
32 266 32 165
33 267 32 163
33 265 33 162
33 265 33 162
33 265 31 164
33 266 33 162
32 266 32 163
33 270 31 164
33 264 32 163
33 265 31 164
33 265 33 162
32 272 32 163
32 267 32 165
35 282 35 161
33 269 33 162
32 266 32 163
33 265 33 162
33 265 31 164
33 264 32 163
34 271 33 162
32 272 30 173
33 265 33 162
33 264 32 163
33 268 33 162
33 264 32 163
33 266 33 162
32 272 32 163
33 265 33 162
35 275 31 164
33 266 33 162
32 272 32 163
33 267 32 163
32 266 32 165
35 275 31 164
34 274 32 163
33 265 33 162
32 267 32 165
35 281 30 167
33 266 33 162
33 269 32 163
33 264 32 163
33 264 32 163
32 267 32 165
33 266 33 162
33 265 31 164
33 265 31 164
33 265 33 162
33 267 32 163
33 264 32 163
35 282 35 161
32 272 32 163
32 266 32 163
33 265 33 162
34 278 32 163
33 265 31 164
33 266 33 162
33 265 33 162
33 264 32 163
34 270 32 163
33 275 33 162
32 266 32 165
33 267 32 163
32 272 31 169
33 265 31 164
33 265 31 164
33 265 33 162
32 268 32 163
33 265 31 164
33 265 31 164
33 265 31 164
33 266 33 162
33 266 33 162
31 270 31 170
35 283 35 161
33 266 33 162
32 272 32 163
33 265 31 164
33 265 31 164
33 264 32 163
35 289 35 161
32 266 32 163
33 265 31 164
33 264 32 163
33 266 33 162
33 264 32 163
35 272 33 162
32 272 32 163
33 264 32 163
35 271 31 164
33 266 33 162
32 267 32 165
33 264 32 163
33 265 33 162
35 279 31 164
35 279 33 162
33 269 33 162
32 266 32 163
34 271 31 164
33 265 33 162
33 265 31 164
33 265 31 164
33 265 33 162
32 266 32 163
33 268 33 162
33 264 32 163
33 265 31 164
33 265 33 162
32 266 32 165
33 264 32 163
35 282 35 161
33 266 33 162
33 266 33 162
33 264 32 163
34 276 33 162
32 266 32 163
33 266 33 162
32 266 32 165
33 264 32 163
36 279 33 162
35 282 35 161
32 266 32 163
35 286 32 163
32 266 32 163
33 265 31 164
33 268 31 164
33 265 33 162
31 268 31 170
33 265 31 164
33 265 31 164
34 273 31 164
33 265 33 162
32 272 32 163
31 271 31 170
34 272 33 162
33 265 33 162
33 265 31 164
33 264 32 163
33 267 31 164
33 265 33 162
33 266 33 162
31 268 31 170
33 264 32 163
33 265 31 164
33 266 33 162
33 264 32 163
33 266 33 162
33 266 33 162
32 266 32 163
32 271 31 169
33 266 33 162
32 272 32 163
34 279 32 163
32 266 32 163
33 275 30 167
33 266 33 162
33 269 33 162
32 267 32 165
33 265 31 164
33 266 33 162
33 267 31 164
32 266 32 163
33 265 33 162
32 266 32 165
33 266 33 162
32 272 31 169
33 265 33 162
33 265 33 162
33 267 31 164
33 264 32 163
35 282 35 161
33 269 33 162
32 266 32 165
33 264 32 163
34 271 33 162
33 265 33 162
33 266 33 162
32 266 32 163
33 264 32 163
33 267 32 163
33 266 33 162
32 266 32 165
34 278 32 163
32 267 32 165
34 270 32 163
33 267 32 163
33 266 33 162
32 266 32 163
32 271 31 169
33 265 31 164
33 265 31 164
33 265 33 162
33 267 32 163
31 268 31 170
