63577 1500.33
41 338 33 156
46 371 35 154
47 357 33 154
44 352 35 159
50 381 38 161
46 363 38 154
59 518 35 170
51 354 35 163
63 520 40 164
46 361 36 165
44 378 40 164
44 382 33 152
46 336 36 161
46 371 37 151
62 518 40 161
63 517 41 169
54 426 38 158
47 391 38 150
51 361 37 153
62 427 32 153
49 409 45 162
51 391 36 162
57 437 36 169
46 380 40 163
42 356 38 150
53 373 41 158
48 404 34 153
51 399 38 162
55 420 39 171
55 471 43 171
42 357 35 160
59 465 35 156
51 404 32 155
49 402 45 160
60 444 34 161
54 435 30 160
56 421 34 154
72 545 43 156
47 419 33 155
50 409 42 164
52 402 38 163
52 407 38 159
46 408 32 158
51 372 30 158
58 428 35 166
48 394 31 162
56 454 43 167
50 376 36 153
62 510 36 162
52 445 41 170
55 444 44 171
54 423 39 165
61 466 37 161
49 402 36 159
52 471 37 165
54 430 48 155
60 530 39 167
53 429 41 158
52 432 35 174
60 477 36 173
47 385 38 161
46 376 33 163
75 535 40 161
53 414 40 163
53 421 35 159
61 455 33 157
50 386 38 158
50 380 35 161
50 414 36 150
68 544 43 166
49 401 34 155
56 477 40 154
45 347 43 157
56 415 40 169
46 368 34 171
52 420 34 162
59 468 35 158
45 319 38 151
58 416 37 161
48 394 32 152
58 491 54 157
63 523 36 150
58 428 38 165
45 410 37 163
52 385 38 155
57 525 39 156
59 423 32 159
52 437 33 162
65 560 38 161
53 429 41 157
58 466 50 160
53 429 34 157
60 460 33 164
56 478 35 156
57 424 42 173
49 384 41 164
70 568 36 188
55 441 39 151
53 473 35 174
60 520 48 170
42 360 30 157
46 388 38 158
50 400 38 161
55 437 40 167
72 476 61 173
55 426 37 169
53 458 38 161
72 555 69 171
55 454 39 163
56 456 44 156
54 435 34 166
50 443 40 170
44 358 35 163
66 495 36 168
55 416 38 160
60 538 35 174
57 438 48 160
63 484 35 160
57 418 36 158
61 535 39 171
62 458 40 172
58 473 39 178
60 481 51 167
66 552 36 174
45 357 34 153
55 447 36 154
47 388 30 156
55 445 40 169
44 349 31 156
50 417 41 149
58 427 37 149
51 407 41 166
49 351 35 156
52 413 37 162
45 364 38 161
55 410 38 150
45 380 31 158
63 541 37 177
52 401 47 161
46 376 43 161
52 421 40 160
56 517 36 155
46 360 35 161
51 383 39 159
58 454 38 153
46 364 40 150
57 467 39 162
68 536 39 162
57 502 33 166
50 399 40 165
53 413 38 156
40 356 38 156
68 503 46 158
53 445 43 153
69 554 40 164
59 459 52 182
42 356 39 150
64 512 46 177
73 546 63 186
60 469 49 160
58 451 36 176
49 358 39 167
58 433 40 175
49 404 40 160
51 370 39 157
49 427 42 156
62 498 42 164
46 352 34 152
48 417 36 157
58 455 35 169
56 454 41 161
60 480 37 156
47 368 46 159
50 402 33 170
54 430 32 170
55 463 37 156
52 447 42 165
53 409 37 153
65 462 38 169
60 488 41 148
67 477 34 168
60 465 36 164
51 401 34 165
54 409 32 157
65 529 44 169
42 336 32 160
47 387 47 157
50 407 34 150
51 384 32 157
48 437 35 154
44 345 31 154
54 449 47 158
56 488 50 155
50 392 37 161
56 446 37 155
42 346 39 151
66 458 33 165
54 435 42 159
58 449 37 164
51 401 40 156
58 469 39 158
47 381 41 156
47 388 46 153
59 429 35 149
53 413 33 155
54 461 41 153
43 350 31 157
44 394 30 167
55 443 36 164
51 435 42 171
51 431 45 153
49 387 37 149
52 453 39 164
49 441 41 166
61 498 40 157
63 485 32 163
46 400 36 162
62 455 35 152
50 422 38 165
58 415 38 165
67 543 35 171
46 393 40 161
52 430 36 164
47 364 33 154
49 361 34 157
57 433 33 156
56 424 36 164
55 455 38 156
53 392 34 152
58 514 35 159
65 570 42 166
48 391 38 156
52 400 42 160
62 480 40 161
49 374 32 157
60 468 40 160
55 431 37 159
43 359 38 151
68 578 37 163
46 369 37 152
64 499 46 160
48 383 42 161
58 479 37 157
61 511 35 166
83 676 72 190
53 422 30 157
57 463 56 162
52 426 38 159
66 553 35 164
53 402 36 151
49 412 44 158
74 576 65 199
52 435 34 153
66 434 50 172
49 401 41 149
70 546 33 162
48 396 37 170
57 433 35 172
72 596 62 186
51 358 40 149
72 559 57 165
69 540 33 166
49 394 36 167
48 363 36 148
47 393 34 149
41 350 39 151
56 440 41 158
48 379 42 175
51 433 38 152
42 349 40 156
52 445 39 169
52 421 31 151
52 441 42 163
56 464 36 165
63 528 33 167
59 453 45 157
76 680 40 155
50 363 38 162
55 431 37 154
43 348 38 160
59 448 46 157
49 407 35 155
49 369 29 159
67 605 39 165
46 371 37 154
55 431 44 189
55 461 38 160
50 372 37 153
55 475 35 168
44 353 29 155
49 432 39 169
51 398 34 162
50 444 35 163
74 576 39 166
47 355 36 153
55 486 39 163
51 385 38 155
59 468 56 176
51 411 40 158
66 531 39 178
