24940 300.078
32 232 30 144
29 239 27 148
29 238 28 145
33 241 33 140
31 247 31 142
29 245 27 145
39 238 29 143
33 237 33 141
33 235 32 142
31 247 31 142
29 238 28 145
32 239 31 141
32 232 30 144
29 242 27 147
33 235 32 142
32 234 30 143
29 245 27 145
33 237 33 141
35 239 28 144
29 239 27 148
37 237 29 144
36 239 29 143
38 233 31 143
30 244 29 143
29 238 28 145
29 241 29 144
30 242 28 144
30 244 29 143
30 242 28 144
30 244 29 143
32 240 27 147
29 241 29 144
33 241 33 140
29 241 29 144
30 244 29 143
29 238 28 145
30 242 28 144
36 239 29 143
39 238 29 143
30 244 29 143
32 232 30 144
38 233 31 143
37 237 29 144
35 238 29 144
30 242 28 144
30 244 29 143
29 238 28 145
29 241 29 144
29 238 28 145
32 234 30 143
38 233 31 143
29 241 29 144
32 236 31 142
32 240 29 144
32 232 30 144
32 236 31 142
32 240 27 147
30 244 29 143
29 238 28 145
29 238 28 145
29 241 29 144
29 241 29 144
29 241 29 144
29 241 29 144
30 244 29 143
32 240 29 144
29 241 29 144
29 241 29 144
29 241 29 144
29 241 29 144
30 244 29 143
30 244 29 143
30 244 29 143
29 241 29 144
30 244 29 143
29 238 28 145
29 241 29 144
30 244 29 143
29 238 28 145
29 241 29 144
30 244 29 143
30 244 29 143
30 244 29 143
30 244 29 143
29 241 29 144
29 241 29 144
29 241 29 144
29 241 29 144
30 244 29 143
29 238 28 145
29 238 28 145
30 244 29 143
29 238 28 145
29 241 29 144
30 244 29 143
29 241 29 144
29 241 29 144
29 241 29 144
30 244 29 143
30 242 28 144
30 244 29 143
32 236 31 142
30 244 29 143
29 241 29 144
29 238 28 145
30 244 29 143
30 244 29 143
30 244 29 143
30 244 29 143
29 241 29 144
30 244 29 143
29 241 29 144
29 241 29 144
30 242 28 144
29 241 29 144
29 241 29 144
29 241 29 144
29 238 28 145
30 244 29 143
30 244 29 143
30 242 28 144
29 241 29 144
29 238 28 145
30 242 28 144
30 244 29 143
30 244 29 143
29 245 27 145
30 244 29 143
30 244 29 143
29 238 28 145
30 244 29 143
30 244 29 143
30 242 28 144
29 241 29 144
30 244 29 143
29 239 27 148
29 241 29 144
30 244 29 143
30 244 29 143
29 241 29 144
29 241 29 144
29 238 28 145
29 241 29 144
29 241 29 144
32 240 29 144
29 241 29 144
30 244 29 143
29 238 28 145
29 241 29 144
29 241 29 144
29 238 28 145
29 241 29 144
30 242 28 144
29 241 29 144
30 244 29 143
29 241 29 144
32 232 30 144
30 244 29 143
30 242 28 144
29 241 29 144
30 244 29 143
30 244 29 143
29 238 28 145
29 239 27 148
30 244 29 143
29 241 29 144
29 241 29 144
29 241 29 144
30 244 29 143
30 244 29 143
29 238 28 145
29 241 29 144
29 241 29 144
29 241 29 144
29 245 27 145
30 244 29 143
29 241 29 144
30 244 29 143
30 244 29 143
29 241 29 144
30 244 29 143
29 241 29 144
30 244 29 143
29 238 28 145
29 241 29 144
29 238 28 145
29 241 29 144
29 238 28 145
30 244 29 143
30 244 29 143
29 241 29 144
30 244 29 143
29 241 29 144
29 238 28 145
30 244 29 143
29 238 28 145
29 238 28 145
30 244 29 143
30 242 28 144
30 244 29 143
29 241 29 144
29 241 29 144
29 241 29 144
30 244 29 143
30 242 28 144
32 232 30 144
29 241 29 144
30 244 29 143
30 244 29 143
30 244 29 143
30 244 29 143
30 244 29 143
29 241 29 144
30 242 28 144
30 244 29 143
30 242 28 144
30 244 29 143
30 242 28 144
29 238 28 145
30 244 29 143
29 241 29 144
29 238 28 145
30 242 28 144
29 241 29 144
29 238 28 145
29 238 28 145
29 238 28 145
30 244 29 143
30 244 29 143
29 241 29 144
29 241 29 144
29 238 28 145
29 238 28 145
29 238 28 145
30 244 29 143
30 242 28 144
30 244 29 143
30 244 29 143
30 242 28 144
32 240 29 144
30 244 29 143
33 239 29 144
30 244 29 143
29 238 28 145
30 242 28 144
29 238 28 145
29 241 29 144
29 238 28 145
30 244 29 143
30 242 28 144
30 244 29 143
30 244 29 143
32 240 29 144
29 241 29 144
29 238 28 145
29 238 28 145
30 244 29 143
29 241 29 144
29 245 27 145
30 244 29 143
29 241 29 144
30 244 29 143
29 241 29 144
30 242 28 144
30 244 29 143
30 242 28 144
33 235 32 142
29 245 27 145
29 241 29 144
30 244 29 143
30 244 29 143
29 241 29 144
30 244 29 143
29 238 28 145
29 241 29 144
30 244 29 143
29 238 28 145
30 244 29 143
30 244 29 143
29 238 28 145
29 245 27 145
29 238 28 145
30 244 29 143
29 241 29 144
29 238 28 145
29 241 29 144
29 239 27 148
30 242 28 144
29 241 29 144
30 244 29 143
30 244 29 143
29 238 28 145
30 244 29 143
30 244 29 143
29 241 29 144
29 241 29 144
29 238 28 145
29 238 28 145
30 244 29 143
29 241 29 144
