672271 1560.03
32 261 29 150
32 261 29 150
40 300 26 153
52 405 37 141
40 300 26 153
32 261 29 150
43 363 34 142
46 335 30 143
46 369 27 147
43 363 34 142
46 369 27 147
46 391 33 142
40 334 26 152
37 273 31 147
32 261 29 150
40 334 26 152
46 369 27 147
43 363 34 142
43 363 34 142
46 369 27 147
36 307 29 144
37 273 31 147
37 273 31 147
42 311 28 146
37 286 31 143
36 307 29 144
37 319 28 146
42 311 28 146
39 314 28 145
37 273 31 147
33 288 29 149
33 278 30 147
40 334 26 152
46 369 27 147
32 261 29 150
37 295 27 148
39 296 29 146
32 261 29 150
35 278 28 148
46 391 33 142
40 334 26 152
39 314 28 145
33 288 29 149
40 334 26 152
35 278 28 148
39 314 28 145
33 288 29 149
37 295 27 148
32 261 29 150
39 314 28 145
36 307 29 144
34 290 31 145
33 288 29 149
39 314 28 145
42 311 28 146
34 290 31 145
40 300 26 153
37 273 31 147
35 278 28 148
32 261 29 150
38 295 28 147
39 314 28 145
36 307 29 144
37 306 29 147
39 284 28 147
33 278 30 147
39 314 28 145
33 278 30 147
37 319 28 146
39 314 28 145
40 300 26 153
32 261 29 150
38 295 28 147
38 295 28 147
36 293 30 145
33 288 29 149
34 290 31 145
36 307 29 144
40 334 26 152
40 334 26 152
39 284 28 147
33 288 29 149
39 314 28 145
34 290 31 145
40 300 26 153
32 261 29 150
37 319 28 146
37 319 28 146
32 261 29 150
40 300 26 153
40 300 26 153
39 314 28 145
35 278 28 148
37 273 31 147
38 295 28 147
40 300 26 153
32 261 29 150
39 284 28 147
37 319 28 146
32 261 29 150
38 295 28 147
39 284 28 147
33 278 30 147
40 334 26 152
40 300 26 153
40 300 26 153
36 307 29 144
40 334 26 152
39 314 28 145
33 288 29 149
46 369 27 147
40 334 26 152
37 273 31 147
46 369 27 147
35 278 28 148
33 288 29 149
46 369 27 147
39 284 28 147
46 369 27 147
32 261 29 150
37 319 28 146
40 334 26 152
40 334 26 152
36 307 29 144
40 334 26 152
35 278 28 148
43 363 34 142
42 311 28 146
37 273 31 147
40 334 26 152
33 288 29 149
35 278 28 148
33 288 29 149
40 300 26 153
39 314 28 145
43 363 34 142
33 288 29 149
35 278 28 148
40 300 26 153
34 290 31 145
37 273 31 147
43 363 34 142
32 261 29 150
39 314 28 145
42 311 28 146
40 300 26 153
33 288 29 149
33 288 29 149
39 314 28 145
37 273 31 147
38 295 28 147
32 261 29 150
39 314 28 145
33 288 29 149
46 369 27 147
32 261 29 150
40 300 26 153
40 300 26 153
39 314 28 145
33 288 29 149
36 307 29 144
40 334 26 152
37 273 31 147
34 290 31 145
42 311 28 146
39 284 28 147
46 369 27 147
43 363 34 142
35 278 28 148
52 405 37 141
32 261 29 150
37 319 28 146
39 284 28 147
32 261 29 150
36 293 30 145
32 261 29 150
39 314 28 145
33 288 29 149
42 311 28 146
34 290 31 145
37 273 31 147
35 278 28 148
36 307 29 144
37 306 29 147
33 278 30 147
39 314 28 145
37 319 28 146
40 300 26 153
32 261 29 150
38 295 28 147
33 288 29 149
33 288 29 149
34 290 31 145
36 307 29 144
40 334 26 152
39 284 28 147
33 288 29 149
39 314 28 145
40 300 26 153
32 261 29 150
37 319 28 146
32 261 29 150
40 300 26 153
39 314 28 145
35 278 28 148
37 273 31 147
42 311 28 146
32 261 29 150
40 300 26 153
52 405 37 141
40 300 26 153
32 261 29 150
46 335 30 143
46 369 27 147
46 391 33 142
32 261 29 150
40 334 26 152
43 363 34 142
43 363 34 142
46 369 27 147
37 273 31 147
37 273 31 147
38 295 28 147
37 286 31 143
37 319 28 146
37 273 31 147
33 278 30 147
40 334 26 152
46 369 27 147
39 296 29 146
32 261 29 150
35 278 28 148
46 391 33 142
40 334 26 152
39 314 28 145
33 288 29 149
35 278 28 148
39 314 28 145
39 314 28 145
40 300 26 153
39 314 28 145
43 363 34 142
33 288 29 149
40 300 26 153
34 290 31 145
37 273 31 147
43 363 34 142
32 261 29 150
39 314 28 145
42 311 28 146
40 300 26 153
33 288 29 149
39 314 28 145
37 273 31 147
33 288 29 149
33 288 29 149
46 369 27 147
32 261 29 150
40 300 26 153
39 314 28 145
36 307 29 144
40 334 26 152
37 273 31 147
34 290 31 145
42 311 28 146
46 369 27 147
43 363 34 142
35 278 28 148
52 405 37 141
37 319 28 146
46 369 27 147
40 300 26 153
32 261 29 150
39 284 28 147
32 261 29 150
38 295 28 147
39 284 28 147
33 278 30 147
40 300 26 153
36 307 29 144
33 288 29 149
40 334 26 152
37 273 31 147
46 369 27 147
35 278 28 148
33 288 29 149
39 284 28 147
46 369 27 147
32 261 29 150
37 319 28 146
40 334 26 152
40 334 26 152
36 307 29 144
40 334 26 152
35 278 28 148
43 363 34 142
42 311 28 146
37 273 31 147
40 334 26 152
33 288 29 149
