120848 1740.23
32 274 31 159
37 267 32 159
33 270 29 160
37 281 36 152
34 270 32 157
34 269 31 158
36 284 34 153
33 271 31 158
37 267 32 159
34 269 31 158
36 275 34 155
34 269 31 158
37 289 33 154
34 273 33 156
33 268 32 159
33 270 29 160
36 271 34 156
33 284 30 159
34 272 31 157
33 268 32 159
36 281 31 156
34 273 33 156
35 279 33 154
32 274 31 159
33 269 29 161
34 270 32 157
33 269 29 161
34 269 31 158
36 275 34 155
33 279 31 157
36 280 33 154
33 269 29 161
34 269 31 158
36 271 34 156
34 270 32 157
37 267 32 159
37 279 35 153
35 279 33 154
34 270 32 157
33 268 32 159
41 296 33 154
34 270 32 157
35 279 33 154
33 272 32 157
33 267 31 160
36 281 31 156
35 279 33 154
33 270 31 159
33 274 31 157
32 271 29 160
33 270 29 160
34 277 31 157
36 271 34 156
32 271 29 161
34 269 31 158
33 269 29 161
33 274 31 157
36 271 34 156
35 279 33 154
33 279 31 157
37 277 34 154
36 271 34 156
33 284 30 159
33 267 31 160
33 269 29 161
34 270 32 157
37 279 35 153
34 273 33 156
37 267 32 159
33 267 31 160
36 271 34 156
33 267 31 160
43 306 32 155
34 273 33 156
33 267 31 160
34 271 31 158
38 291 33 154
34 270 32 157
36 275 34 155
33 270 31 159
33 270 29 160
36 271 34 156
35 279 33 154
33 291 32 157
38 282 30 159
36 271 34 156
33 274 31 157
33 269 29 161
34 270 32 157
33 268 32 159
37 279 35 153
34 271 31 158
36 271 34 156
34 269 31 158
32 279 29 160
33 267 31 160
36 275 34 155
34 282 34 155
33 268 32 159
33 267 31 160
37 277 34 154
34 270 32 157
36 275 34 155
33 271 31 158
37 267 32 159
34 273 33 156
36 280 33 154
33 267 31 160
34 272 31 157
34 269 31 158
36 271 34 156
33 269 29 161
36 271 34 156
33 272 32 157
34 275 30 159
34 269 31 158
33 270 29 160
34 270 32 157
35 293 31 156
33 270 31 159
37 281 36 152
35 279 33 154
34 270 32 157
33 268 32 159
33 269 29 161
33 267 31 160
35 279 33 154
32 271 29 161
34 269 31 158
34 270 32 157
36 275 34 155
33 268 32 159
36 275 34 155
34 282 34 155
33 267 31 160
38 279 30 159
36 275 34 155
34 275 33 156
35 275 33 156
33 268 32 159
34 271 31 158
36 283 31 156
34 282 34 155
33 270 31 159
33 273 29 160
36 271 34 156
36 281 31 156
34 270 32 157
34 270 32 157
33 270 31 159
36 275 34 155
33 267 31 160
33 269 29 161
34 270 32 157
33 274 31 157
37 267 32 159
36 291 34 153
34 273 33 156
33 271 31 158
33 267 31 160
36 281 31 156
33 269 29 161
36 271 34 156
34 270 32 157
33 268 32 159
40 329 31 156
35 279 33 154
33 268 32 159
33 274 31 157
32 273 29 160
33 270 29 160
34 269 31 158
36 275 34 155
33 291 32 157
33 269 29 161
37 268 31 160
33 274 31 157
36 275 34 155
36 271 34 156
32 274 31 159
37 293 36 152
34 273 33 156
34 273 33 156
33 267 31 160
34 269 31 158
37 267 32 159
36 282 34 153
33 272 32 157
33 267 31 160
37 267 32 159
36 275 34 155
33 267 31 160
36 280 32 155
34 281 33 156
33 267 31 160
36 281 31 156
36 271 34 156
33 271 31 158
34 270 32 157
33 267 31 160
36 281 31 156
37 285 32 155
35 279 33 154
33 271 31 158
33 274 31 157
34 270 32 157
33 269 29 161
33 269 29 161
36 271 34 156
33 271 31 158
37 279 35 153
34 270 32 157
34 269 31 158
36 271 34 156
33 270 31 159
33 267 31 160
36 282 34 153
36 275 34 155
34 270 32 157
33 267 31 160
37 289 33 154
34 270 32 157
36 271 34 156
33 269 29 161
33 267 31 160
41 294 32 155
36 283 34 153
34 270 32 157
39 296 32 155
33 272 32 157
34 269 31 158
34 277 30 159
36 271 34 156
32 271 29 160
33 270 29 160
34 269 31 158
34 276 31 157
36 271 34 156
34 273 33 156
32 274 31 159
37 279 35 153
34 273 33 156
33 269 29 161
37 267 32 159
33 269 29 161
34 270 32 157
36 275 34 155
33 270 29 160
34 269 31 158
33 267 31 160
36 271 34 156
33 268 32 159
36 275 34 155
34 270 32 157
34 270 32 157
33 269 29 161
36 275 34 155
33 278 31 157
36 286 32 155
33 272 32 157
33 271 29 160
34 273 33 156
35 279 33 154
33 272 32 157
33 273 30 159
36 271 34 156
34 275 30 159
34 270 32 157
34 270 32 157
33 269 29 161
37 277 34 154
32 273 29 160
34 270 32 157
34 270 32 157
33 269 29 161
37 267 32 159
36 281 34 153
34 273 33 156
33 270 31 159
37 267 32 159
41 291 33 154
36 271 34 156
36 275 34 155
33 272 32 157
33 268 32 159
34 272 31 157
36 275 34 155
33 267 31 160
36 281 31 156
33 273 31 158
33 274 31 157
33 274 31 157
36 271 34 156
33 272 32 157
33 273 30 159
33 268 32 159
33 269 29 161
34 270 32 157
35 293 31 156
32 271 29 161
