142881 350.372
51 383 33 144
51 383 33 144
40 334 34 144
47 389 31 144
38 281 29 147
38 314 27 158
34 302 30 150
38 314 27 158
49 373 34 143
37 302 33 146
38 341 27 152
42 324 29 146
34 300 31 147
38 281 29 147
34 302 30 150
37 296 28 151
40 334 34 144
41 327 27 154
34 297 30 156
35 290 29 153
34 302 30 150
36 297 28 150
37 302 33 146
38 281 29 147
36 292 31 148
40 335 27 149
38 314 27 158
34 297 30 156
41 327 27 154
39 327 31 146
38 341 27 152
47 389 31 144
47 389 31 144
40 303 31 145
34 297 30 156
42 324 29 146
37 302 33 146
35 290 29 153
37 296 28 151
34 300 31 147
40 334 34 144
34 302 30 150
36 292 31 148
40 303 31 145
36 292 31 148
38 341 27 152
35 290 29 153
38 281 29 147
38 281 29 147
36 314 30 147
36 292 31 148
38 300 33 146
38 341 27 152
37 302 33 146
41 327 27 154
40 335 27 149
38 314 27 158
40 334 34 144
40 334 34 144
40 303 31 145
40 320 30 146
38 314 27 158
34 302 30 150
34 286 31 152
38 281 29 147
38 314 27 158
36 292 31 148
34 302 30 150
37 296 28 151
36 297 28 150
34 286 31 152
38 300 33 146
35 290 29 153
40 335 27 149
37 302 33 146
34 302 30 150
37 296 28 151
40 303 31 145
34 289 31 149
36 297 28 150
38 314 27 158
36 292 31 148
38 341 27 152
42 324 29 146
40 303 31 145
38 314 27 158
40 335 27 149
41 327 27 154
39 327 31 146
38 341 27 152
38 341 27 152
36 292 31 148
40 334 34 144
34 302 30 150
40 334 34 144
34 302 30 150
40 335 27 149
38 314 27 158
37 302 33 146
38 314 27 158
40 334 34 144
40 334 34 144
38 341 27 152
38 314 27 158
38 314 27 158
38 341 27 152
40 335 27 149
38 341 27 152
40 303 31 145
37 296 28 151
41 327 27 154
40 334 34 144
49 373 34 143
39 327 31 146
36 292 31 148
38 300 33 146
37 302 33 146
38 281 29 147
37 302 33 146
38 314 27 158
38 314 27 158
34 289 31 149
38 341 27 152
38 314 27 158
38 314 27 158
38 281 29 147
38 281 29 147
38 314 27 158
40 335 27 149
38 281 29 147
40 334 34 144
36 292 31 148
40 335 27 149
40 334 34 144
38 314 27 158
36 292 31 148
38 341 27 152
34 302 30 150
37 302 33 146
47 389 31 144
38 314 27 158
40 335 27 149
38 341 27 152
36 292 31 148
36 292 31 148
38 314 27 158
34 302 30 150
40 335 27 149
38 341 27 152
38 314 27 158
36 314 30 147
38 314 27 158
34 302 30 150
37 296 28 151
47 389 31 144
34 302 30 150
40 335 27 149
47 389 31 144
36 292 31 148
40 335 27 149
40 335 27 149
38 281 29 147
37 296 28 151
38 341 27 152
38 281 29 147
39 327 31 146
36 297 28 150
38 314 27 158
38 281 29 147
47 389 31 144
37 302 33 146
40 335 27 149
40 334 34 144
34 286 31 152
38 300 33 146
38 341 27 152
37 302 33 146
41 327 27 154
40 335 27 149
40 334 34 144
40 334 34 144
34 302 30 150
34 286 31 152
38 281 29 147
38 314 27 158
36 292 31 148
34 302 30 150
37 296 28 151
36 297 28 150
36 292 31 148
35 290 29 153
40 335 27 149
34 302 30 150
37 296 28 151
40 303 31 145
34 289 31 149
36 297 28 150
38 314 27 158
38 341 27 152
42 324 29 146
40 303 31 145
38 314 27 158
40 335 27 149
41 327 27 154
39 327 31 146
36 292 31 148
51 383 33 144
40 334 34 144
47 389 31 144
38 314 27 158
38 314 27 158
49 373 34 143
37 302 33 146
42 324 29 146
38 281 29 147
34 302 30 150
37 296 28 151
41 327 27 154
34 297 30 156
37 302 33 146
38 281 29 147
38 341 27 152
40 335 27 149
38 314 27 158
41 327 27 154
39 327 31 146
38 341 27 152
47 389 31 144
37 302 33 146
37 296 28 151
34 300 31 147
36 292 31 148
40 303 31 145
36 292 31 148
38 341 27 152
35 290 29 153
38 281 29 147
38 314 27 158
40 334 34 144
38 314 27 158
36 292 31 148
38 341 27 152
34 302 30 150
37 302 33 146
38 314 27 158
40 335 27 149
38 341 27 152
36 292 31 148
38 314 27 158
34 302 30 150
40 335 27 149
38 341 27 152
38 314 27 158
40 335 27 149
37 296 28 151
34 302 30 150
47 389 31 144
36 292 31 148
40 335 27 149
38 281 29 147
37 296 28 151
38 341 27 152
38 281 29 147
39 327 31 146
36 297 28 150
38 314 27 158
47 389 31 144
37 302 33 146
40 335 27 149
40 303 31 145
38 341 27 152
36 292 31 148
40 334 34 144
34 302 30 150
40 334 34 144
34 302 30 150
40 335 27 149
38 314 27 158
38 314 27 158
40 334 34 144
40 334 34 144
38 341 27 152
38 314 27 158
38 341 27 152
40 335 27 149
34 286 31 152
37 296 28 151
49 373 34 143
39 327 31 146
36 292 31 148
38 300 33 146
37 302 33 146
38 314 27 158
34 289 31 149
38 341 27 152
38 314 27 158
38 314 27 158
38 281 29 147
40 335 27 149
40 334 34 144
