115004 1380.16
32 259 28 156
31 257 30 153
32 263 30 151
31 257 30 153
31 261 31 150
32 263 30 151
31 257 31 152
31 257 30 153
30 252 29 154
32 263 31 149
32 263 30 151
31 257 28 158
31 257 28 158
32 256 29 153
31 257 30 153
31 257 31 152
31 257 31 152
31 257 30 153
32 263 30 151
32 259 28 156
32 256 29 153
31 257 31 152
31 256 31 153
31 257 30 153
32 259 28 156
31 268 29 153
31 261 31 150
30 252 29 154
32 263 31 149
31 256 31 153
31 257 30 153
32 263 30 151
31 257 30 153
31 268 29 153
31 257 30 153
31 257 30 153
30 252 29 154
31 257 30 153
31 257 31 152
30 257 29 154
30 252 29 156
32 258 29 153
32 264 30 151
32 261 28 156
32 253 29 154
31 258 30 153
33 259 28 156
31 254 29 155
31 256 29 154
31 262 31 150
31 258 28 158
31 258 31 152
32 264 31 149
34 263 30 151
31 269 29 153
32 256 30 153
32 256 30 153
31 257 31 153
31 257 31 153
31 257 31 153
31 257 31 153
31 254 30 154
31 254 30 154
53 428 33 175
66 514 40 167
53 448 36 174
61 484 39 171
61 458 36 172
58 462 40 174
63 475 57 180
47 401 36 170
45 379 39 172
53 460 40 169
60 480 40 166
62 526 48 172
46 360 38 165
65 527 44 173
58 529 45 178
57 490 46 174
53 413 39 174
65 558 48 177
54 479 38 175
48 428 38 169
56 458 51 176
53 441 37 174
62 521 38 172
53 468 35 174
51 421 41 169
57 460 36 167
57 472 42 171
51 388 46 169
53 430 38 177
53 424 39 173
60 482 40 168
62 480 50 181
53 431 44 168
55 430 37 170
71 635 40 180
51 464 38 171
58 456 44 193
47 378 45 163
58 433 40 170
58 485 38 183
62 483 35 164
55 444 50 179
71 539 52 187
54 443 38 173
68 551 47 183
54 413 38 172
56 501 49 177
70 535 46 179
46 376 33 162
64 536 52 178
60 472 42 196
53 470 41 171
62 510 44 177
76 563 42 175
54 425 42 177
53 403 39 169
63 515 48 167
60 485 44 176
60 496 40 175
72 584 39 181
54 466 44 174
66 522 44 180
58 441 41 178
48 398 36 164
58 482 38 169
64 532 48 168
71 580 43 178
56 504 44 176
69 547 35 172
63 531 39 176
54 463 39 164
53 433 34 173
45 377 37 156
47 377 38 167
59 445 37 164
65 474 51 189
54 451 35 172
62 482 50 179
67 564 44 180
45 389 34 171
60 409 38 177
63 495 40 171
68 508 54 185
47 389 39 167
64 494 41 180
57 444 44 180
65 569 46 176
52 446 48 179
51 420 32 159
61 518 42 192
51 442 40 170
65 470 58 181
55 453 47 184
50 450 39 165
54 437 41 174
52 446 43 167
48 411 33 170
64 524 54 188
64 473 38 169
50 400 37 177
66 558 39 171
56 422 47 173
61 499 48 187
59 455 35 163
61 461 52 171
58 530 40 171
60 513 34 169
59 474 39 180
64 525 37 177
61 518 47 187
57 458 39 173
45 356 33 161
67 572 53 185
49 410 34 164
50 418 36 175
46 359 39 172
51 391 38 173
52 439 42 177
50 404 34 167
62 497 46 184
67 539 46 183
53 433 39 172
56 442 40 177
55 480 37 179
55 455 39 178
59 470 44 178
65 526 49 188
62 430 49 188
63 437 45 186
55 427 43 171
72 546 41 179
52 419 43 167
56 440 38 162
71 555 57 179
66 525 49 179
46 381 37 171
43 348 39 173
66 516 41 186
57 468 47 182
63 455 43 187
53 408 37 174
61 518 40 172
55 462 40 171
65 522 34 170
55 446 40 180
58 492 38 178
54 463 38 169
59 444 35 176
51 391 40 177
65 528 40 184
64 542 40 175
49 391 34 174
54 434 38 165
61 484 46 187
49 378 40 168
52 396 49 181
55 476 36 160
61 525 51 176
46 384 43 168
63 520 44 190
57 456 46 172
56 442 41 177
58 485 38 173
61 531 44 187
63 442 44 187
50 408 40 175
60 514 42 160
68 585 46 176
56 420 48 174
55 452 49 179
64 529 44 179
61 461 56 174
63 532 56 188
67 523 52 183
64 523 44 169
54 434 44 174
62 490 39 168
50 395 44 166
61 488 38 170
59 465 48 178
51 409 34 167
64 505 45 182
59 504 38 174
57 428 48 173
51 433 34 165
50 418 43 170
60 496 49 192
43 356 34 166
52 425 37 174
56 420 41 175
51 428 35 175
63 540 49 182
81 704 56 199
54 415 38 177
48 397 34 162
46 366 38 169
46 371 32 155
62 510 44 178
66 537 33 164
63 483 39 175
52 410 44 177
46 378 40 172
55 447 52 180
57 451 39 163
59 478 47 174
42 322 38 163
58 454 37 170
59 443 45 170
62 544 43 171
63 539 42 175
47 378 39 168
63 504 41 170
72 595 52 184
52 404 49 173
52 432 42 173
58 481 45 174
53 442 47 166
54 447 44 169
61 492 41 172
57 458 51 171
59 487 46 182
57 475 41 171
72 559 49 190
58 463 48 173
53 403 35 156
63 465 42 175
59 425 40 176
51 410 45 183
56 476 40 178
65 527 51 192
63 481 36 167
58 459 45 176
60 519 44 175
58 462 36 182
63 474 43 176
60 534 42 172
52 426 42 173
