50018 960.163
35 242 33 140
33 245 33 140
30 228 29 147
29 235 27 147
29 250 26 151
29 250 26 151
31 256 30 142
35 237 31 141
29 250 26 151
32 251 30 142
30 230 27 148
31 254 31 141
31 256 30 142
31 243 28 145
30 228 29 147
34 239 31 141
33 255 28 144
34 239 31 141
32 251 30 142
31 243 28 145
30 228 29 147
35 237 31 141
31 243 28 145
30 230 27 148
31 240 29 143
30 234 27 146
30 230 27 148
31 243 28 145
30 228 29 147
31 240 29 143
30 236 29 144
33 245 33 140
31 254 31 141
30 248 28 145
31 243 28 145
30 234 27 146
30 228 29 147
30 234 27 146
30 230 27 148
30 236 29 144
31 243 28 145
30 248 28 145
30 232 29 145
30 234 27 146
30 231 27 147
33 255 28 144
32 238 31 142
31 243 28 145
30 229 29 146
30 232 29 145
32 242 31 141
30 229 29 146
29 235 27 147
30 236 29 144
30 230 27 148
32 238 31 142
30 228 29 147
30 230 27 148
29 237 28 146
30 234 27 146
30 231 27 147
30 230 27 148
30 234 27 146
30 230 27 148
30 230 27 148
30 234 27 146
31 243 28 145
30 230 27 148
30 230 27 148
30 234 27 146
30 230 27 148
30 228 29 147
30 230 27 148
30 234 27 146
30 234 27 146
30 230 27 148
30 234 27 146
30 234 27 146
30 230 27 148
30 234 27 146
31 243 28 145
30 234 27 146
30 234 27 146
30 234 27 146
30 230 27 148
30 228 29 147
30 229 29 146
30 230 27 148
30 234 27 146
30 230 27 148
30 230 27 148
30 230 27 148
30 234 27 146
30 230 27 148
30 230 27 148
30 232 29 145
30 234 27 146
30 234 27 146
30 230 27 148
30 230 27 148
30 228 29 147
30 228 29 147
30 234 27 146
30 230 27 148
30 234 27 146
30 234 27 146
30 230 27 148
30 230 27 148
30 234 27 146
30 230 27 148
30 230 27 148
30 234 27 146
31 243 28 145
30 230 27 148
30 230 27 148
30 228 29 147
30 228 29 147
30 228 29 147
30 230 27 148
30 230 27 148
30 228 29 147
30 228 29 147
30 234 27 146
30 230 27 148
30 230 27 148
30 230 27 148
30 230 27 148
30 234 27 146
30 228 29 147
30 228 29 147
30 230 27 148
30 228 29 147
30 234 27 146
30 234 27 146
30 234 27 146
30 234 27 146
30 230 27 148
31 243 28 145
30 228 29 147
30 230 27 148
31 243 28 145
31 254 31 141
30 228 29 147
30 234 27 146
30 234 27 146
30 228 29 147
30 234 27 146
30 230 27 148
30 234 27 146
30 234 27 146
30 230 27 148
30 232 29 145
30 228 29 147
30 232 29 145
30 230 27 148
30 234 27 146
30 230 27 148
30 228 29 147
30 234 27 146
30 234 27 146
30 230 27 148
30 234 27 146
30 234 27 146
30 230 27 148
30 228 29 147
30 230 27 148
30 234 27 146
31 243 28 145
30 234 27 146
31 240 29 143
30 230 27 148
30 228 29 147
30 228 29 147
30 234 27 146
30 230 27 148
30 234 27 146
30 234 27 146
31 243 28 145
30 234 27 146
30 232 29 145
30 230 27 148
30 234 27 146
30 230 27 148
30 234 27 146
30 228 29 147
30 230 27 148
30 230 27 148
30 234 27 146
30 230 27 148
30 231 27 147
30 234 27 146
31 243 28 145
30 232 29 145
30 231 27 147
30 230 27 148
30 228 29 147
30 234 27 146
30 234 27 146
30 230 27 148
30 230 27 148
30 230 27 148
30 228 29 147
30 230 27 148
30 230 27 148
30 228 29 147
30 230 27 148
30 230 27 148
30 228 29 147
30 230 27 148
30 230 27 148
30 230 27 148
30 230 27 148
30 230 27 148
30 234 27 146
30 230 27 148
31 254 31 141
30 234 27 146
30 234 27 146
30 228 29 147
30 230 27 148
30 230 27 148
30 228 29 147
30 230 27 148
30 234 27 146
30 234 27 146
30 230 27 148
31 243 28 145
30 234 27 146
31 243 28 145
30 228 29 147
30 229 29 146
30 234 27 146
30 230 27 148
30 234 27 146
30 231 27 147
30 234 27 146
30 234 27 146
30 228 29 147
30 234 27 146
30 230 27 148
31 243 28 145
31 243 28 145
30 230 27 148
30 230 27 148
30 230 27 148
30 234 27 146
30 230 27 148
30 234 27 146
30 234 27 146
30 234 27 146
30 230 27 148
30 228 29 147
30 234 27 146
30 230 27 148
30 234 27 146
30 234 27 146
30 230 27 148
30 230 27 148
30 234 27 146
31 243 28 145
30 228 29 147
30 230 27 148
30 234 27 146
30 234 27 146
30 234 27 146
30 234 27 146
30 230 27 148
30 228 29 147
30 230 27 148
30 228 29 147
30 230 27 148
30 230 27 148
30 230 27 148
30 234 27 146
30 230 27 148
30 230 27 148
30 228 29 147
30 234 27 146
30 230 27 148
30 231 27 147
30 234 27 146
30 230 27 148
30 230 27 148
30 228 29 147
30 234 27 146
30 230 27 148
30 230 27 148
30 230 27 148
30 234 27 146
30 230 27 148
30 230 27 148
30 230 27 148
30 234 27 146
30 230 27 148
30 230 27 148
30 234 27 146
30 234 27 146
30 230 27 148
30 230 27 148
30 234 27 146
