107 1.06372
61 469 35 199
53 432 39 202
51 429 44 206
61 498 43 193
53 446 50 198
54 430 41 201
56 413 44 210
55 425 44 202
57 489 42 197
55 407 50 212
59 476 42 197
52 457 46 204
59 517 45 195
59 490 38 209
57 462 46 199
63 540 40 195
59 514 40 198
59 494 50 196
58 494 40 199
53 458 46 201
55 428 41 212
56 485 47 200
63 420 49 209
68 507 43 186
65 499 57 190
51 425 48 217
66 557 53 191
58 462 39 202
62 509 43 194
59 486 42 198
61 443 44 203
54 482 46 202
54 433 44 207
53 435 43 210
57 466 48 200
60 440 42 206
53 440 47 207
56 477 41 202
52 429 50 211
54 461 42 206
55 429 49 207
58 524 49 198
55 450 41 211
67 514 38 212
53 443 53 205
59 481 44 199
54 488 41 209
57 457 53 200
64 522 41 201
55 459 47 203
54 442 48 206
55 482 45 203
55 453 46 205
59 474 44 201
56 472 43 202
58 473 47 201
61 484 49 198
55 456 49 204
62 471 46 201
55 476 50 202
61 427 46 214
55 448 41 214
55 449 55 204
84 659 50 227
89 710 50 215
84 693 52 223
78 584 60 210
82 658 46 224
60 475 41 214
88 621 45 223
65 547 51 210
80 625 57 218
89 680 48 212
76 601 58 219
85 618 47 216
67 570 46 216
76 640 57 227
90 731 70 218
74 580 51 218
75 572 58 224
92 683 48 223
73 623 50 232
77 615 51 225
69 547 50 233
75 691 57 223
64 549 47 219
77 601 44 220
71 505 50 217
82 681 60 213
85 661 50 212
84 596 51 231
94 802 62 226
73 583 55 218
74 527 62 221
76 589 53 214
87 674 58 226
80 639 48 225
80 658 63 221
83 683 56 215
90 761 49 219
62 503 53 214
69 603 54 218
86 591 47 232
73 599 51 223
81 686 62 229
88 727 54 218
59 495 46 216
83 677 66 203
75 691 55 222
66 552 54 216
79 637 47 212
72 607 46 199
69 574 46 211
71 571 62 225
71 589 51 213
77 588 74 226
71 571 50 213
80 663 50 224
87 730 62 212
86 621 65 228
60 456 54 219
83 684 52 219
75 668 60 229
90 733 62 217
84 638 48 223
74 576 51 222
68 564 64 223
74 595 57 226
84 640 51 226
82 679 49 212
86 766 52 223
69 594 50 211
77 620 62 225
85 600 48 218
98 750 55 219
77 671 55 222
83 630 54 220
71 563 60 219
101 848 65 218
79 654 61 222
73 601 50 217
73 579 51 218
73 598 54 220
71 576 51 230
109 858 62 234
91 725 53 215
63 528 49 208
74 566 53 215
69 558 45 212
80 587 49 222
88 671 58 228
74 543 51 222
84 765 48 216
87 650 50 224
65 526 48 217
71 553 50 227
69 586 53 237
80 612 52 216
76 642 51 220
76 577 53 212
66 555 50 211
83 679 49 214
72 565 59 223
71 584 46 213
66 558 51 206
79 588 52 226
81 659 51 228
59 479 44 205
60 502 46 200
78 561 51 214
85 709 48 229
51 456 48 209
84 602 43 220
101 797 46 223
71 482 55 223
79 575 64 218
71 545 54 210
93 666 48 212
71 620 54 218
75 645 51 223
76 616 48 218
89 746 52 226
81 680 47 213
68 524 59 221
79 655 51 222
94 771 63 226
69 609 51 224
76 620 45 215
64 557 50 225
81 592 45 222
60 518 50 207
83 611 50 223
90 689 57 241
67 584 50 233
85 684 49 226
75 605 64 223
80 590 57 231
100 811 54 229
75 653 61 227
64 580 54 216
88 706 51 224
82 651 55 214
68 558 47 205
90 779 69 222
92 750 54 231
76 565 50 213
89 766 52 211
62 556 55 217
71 549 48 215
66 568 45 209
83 661 62 220
73 608 47 223
83 604 62 236
68 533 47 218
67 532 51 208
80 673 54 228
81 546 45 221
75 632 48 222
97 732 59 220
91 678 50 218
68 553 48 210
67 575 45 207
84 623 45 219
83 622 52 223
69 541 48 224
75 623 49 224
69 524 58 219
73 611 54 227
74 550 47 229
90 688 62 228
85 712 47 219
78 647 56 221
85 693 48 218
77 606 51 226
75 579 50 216
91 748 72 222
90 699 64 230
76 612 56 230
82 639 51 231
64 520 46 225
88 724 54 232
74 596 46 226
66 560 52 221
81 710 61 228
83 643 59 218
84 664 47 221
79 684 55 212
92 754 72 227
82 684 55 227
101 840 58 223
93 655 49 215
85 625 49 218
59 465 45 206
76 536 51 222
82 663 60 234
71 585 56 216
91 740 59 242
75 543 63 223
83 685 51 218
76 565 54 209
66 583 64 222
76 608 48 223
90 684 56 219
80 717 53 219
73 591 63 219
66 530 50 218
85 655 52 218
69 523 49 214
68 604 55 213
83 604 49 213
99 888 61 233
82 696 50 218
91 743 58 233
76 630 53 206
89 759 57 209
84 656 55 220
74 583 49 227
66 547 55 205
79 552 54 226
75 624 48 226
69 538 55 230
72 624 65 226
71 575 45 225
86 712 52 229
80 627 52 223
81 645 48 224
69 563 47 207
88 649 52 227
71 586 64 230
81 702 53 224
60 507 44 196
101 784 51 221
78 606 52 221
83 738 57 215
66 529 48 218
84 656 55 223
82 715 57 234
100 727 58 226
67 556 53 216
71 623 63 201
