14 0.275045
43 349 41 187
48 377 34 172
43 381 35 170
43 372 36 167
45 390 34 159
45 390 34 159
52 367 46 166
54 402 32 159
52 441 32 178
44 350 38 174
43 378 32 180
43 384 36 165
43 352 37 179
62 513 31 175
45 358 39 167
41 353 34 175
45 363 36 169
42 360 36 171
44 379 33 166
47 417 34 165
50 425 39 164
50 394 41 164
51 420 40 160
52 403 36 164
64 481 32 166
58 466 32 177
68 539 35 163
61 548 32 171
57 440 32 180
49 389 41 165
48 367 39 167
42 361 35 175
43 356 41 186
46 357 38 176
48 369 38 170
43 388 39 171
45 376 37 171
43 388 39 171
47 369 37 171
56 401 33 172
52 425 33 172
46 385 36 169
50 416 40 166
48 391 34 173
48 391 34 173
48 391 34 173
51 414 35 170
47 414 37 168
52 389 34 169
53 405 33 171
51 421 39 166
53 427 34 168
50 422 34 172
52 438 35 165
50 431 34 166
73 561 47 162
52 407 37 168
56 436 39 164
64 539 33 166
60 478 32 178
74 594 35 164
49 432 42 166
56 412 44 166
53 413 43 165
55 428 41 165
54 433 42 165
51 404 43 168
50 410 44 167
47 366 36 186
43 374 36 175
47 397 35 180
47 397 35 180
51 367 38 182
48 367 45 182
45 386 40 171
45 386 40 171
45 394 39 171
48 370 45 181
49 370 39 176
47 381 37 171
52 433 33 174
48 400 38 170
46 386 42 170
46 393 39 169
46 386 42 170
50 406 36 171
46 386 42 170
47 409 38 169
49 413 35 177
49 398 36 174
49 422 37 170
53 416 34 169
54 407 36 170
53 398 35 174
52 391 35 188
52 429 35 171
52 420 34 173
55 462 33 173
56 432 33 173
53 410 33 176
55 467 33 172
56 448 37 165
55 435 35 166
53 441 39 167
52 467 39 167
51 440 39 168
53 423 38 168
54 408 40 168
57 437 40 165
63 554 50 164
81 686 33 170
58 427 44 165
45 410 36 183
45 410 36 183
45 380 42 177
46 376 36 183
44 383 38 176
48 409 36 175
46 374 40 175
44 375 39 180
48 387 36 178
47 423 35 184
49 398 35 183
51 374 39 179
50 383 37 182
51 384 37 178
51 387 38 171
48 424 37 172
51 394 37 175
50 389 38 171
47 402 37 175
52 433 33 175
48 405 38 172
48 404 40 172
48 395 41 169
50 442 36 171
46 392 43 171
49 411 38 169
47 414 40 174
48 415 39 171
50 422 37 173
56 474 34 171
57 409 36 171
55 408 37 170
54 415 36 170
53 404 35 180
57 408 35 174
56 401 37 174
54 438 35 172
53 450 34 174
53 450 34 174
60 428 34 175
53 450 34 174
53 482 35 173
55 432 35 174
52 428 35 178
57 450 34 173
54 432 33 176
59 431 34 179
59 507 33 172
56 495 37 165
61 476 39 165
56 439 37 169
55 459 36 169
58 443 35 170
60 472 35 166
53 468 40 167
52 455 40 168
57 449 38 168
53 438 39 168
57 449 38 168
56 433 41 168
60 423 41 168
60 439 40 166
57 459 42 166
57 444 43 167
58 434 48 167
44 392 38 181
44 392 38 181
46 384 38 179
46 384 38 179
48 437 36 177
51 435 36 176
50 413 36 177
54 410 36 177
47 381 44 175
47 376 47 176
48 380 41 176
47 400 42 177
47 383 39 183
48 379 41 185
50 380 39 184
49 397 37 185
48 399 37 186
50 437 35 187
52 405 36 183
53 381 40 179
51 389 37 183
50 390 38 176
51 404 39 172
54 394 39 173
51 392 38 175
47 421 38 177
48 415 37 185
47 404 39 178
53 414 37 176
48 415 37 185
53 437 33 186
53 437 33 186
52 433 34 178
52 440 35 175
53 437 33 186
50 407 38 175
51 409 38 174
57 406 42 169
59 405 43 170
48 407 47 169
51 402 46 173
52 407 46 171
53 401 51 171
54 410 44 171
60 419 39 169
51 415 38 173
51 439 38 172
59 429 38 169
55 417 42 169
52 429 41 170
51 415 45 170
52 438 45 169
50 433 40 170
52 423 39 171
52 423 39 171
51 439 39 171
53 422 39 171
48 415 40 177
49 426 41 171
50 428 39 174
52 428 37 173
50 427 37 175
52 428 37 173
58 512 34 171
55 413 42 170
55 445 36 171
56 425 36 170
53 408 36 181
55 457 35 172
53 453 34 174
55 435 36 174
58 431 35 181
62 450 34 174
59 493 33 176
58 502 33 179
56 432 33 182
56 452 34 177
63 517 33 172
63 511 46 165
66 547 33 179
55 429 52 169
48 381 42 177
46 390 41 187
45 404 42 182
48 402 46 176
55 382 39 184
47 389 44 177
63 530 34 171
46 391 38 179
63 485 37 166
50 425 45 176
65 507 36 166
50 422 41 177
51 435 36 179
54 417 37 182
49 431 41 172
58 465 43 167
56 427 39 170
53 418 37 181
62 519 36 167
53 408 40 173
55 502 42 167
51 390 37 186
66 479 38 168
55 453 35 176
59 476 37 169
57 494 44 166
55 422 36 178
58 464 37 173
53 438 43 168
51 416 46 171
61 483 35 169
52 399 38 175
57 437 33 182
61 509 40 166
60 474 37 169
61 508 33 180
60 430 37 173
51 412 38 178
62 453 34 174
54 458 36 174
51 445 36 178
52 431 38 173
