135287 510.34
41 340 33 144
35 278 32 152
41 340 33 144
39 336 26 151
33 281 29 149
38 279 38 151
35 278 32 152
51 403 27 149
51 403 27 149
38 279 38 151
44 306 28 147
39 336 26 151
36 285 31 145
38 279 38 151
34 296 32 148
39 336 26 151
38 327 28 147
34 296 32 148
44 306 28 147
38 279 38 151
35 292 28 150
42 311 29 146
39 313 29 146
38 279 38 151
37 287 27 150
35 278 32 152
36 297 28 149
36 297 28 149
38 315 29 146
39 336 26 151
42 311 29 146
37 287 27 150
35 299 30 146
35 292 28 150
36 297 28 149
37 287 27 150
35 290 29 147
39 313 29 146
35 278 32 152
37 287 27 150
38 327 28 147
42 311 29 146
39 313 29 146
35 278 32 152
44 306 28 147
35 299 30 146
36 297 28 149
37 287 27 150
35 278 32 152
37 287 27 150
39 336 26 151
34 296 32 148
34 296 32 148
38 279 38 151
34 296 32 148
34 296 32 148
34 296 32 148
38 327 28 147
38 308 26 152
35 290 29 147
37 287 27 150
35 290 29 147
35 292 28 150
33 281 29 149
38 279 38 151
39 313 29 146
36 297 28 149
39 307 28 147
39 307 28 147
38 308 26 152
36 297 28 149
37 287 27 150
35 292 28 150
35 278 32 152
36 297 28 149
39 336 26 151
39 313 29 146
35 290 29 147
35 292 28 150
35 290 29 147
39 336 26 151
38 279 38 151
35 278 32 152
34 296 32 148
34 296 32 148
35 290 29 147
35 278 32 152
35 290 29 147
35 290 29 147
35 292 28 150
34 296 32 148
36 297 28 149
41 340 33 144
39 336 26 151
34 296 32 148
39 313 29 146
35 299 30 146
35 290 29 147
35 278 32 152
39 336 26 151
39 336 26 151
39 313 29 146
36 297 28 149
35 290 29 147
36 297 28 149
36 297 28 149
39 336 26 151
35 278 32 152
36 297 28 149
39 336 26 151
34 296 32 148
39 336 26 151
35 292 28 150
39 336 26 151
36 297 28 149
34 296 32 148
42 311 29 146
35 278 32 152
35 278 32 152
35 290 29 147
36 297 28 149
34 296 32 148
38 279 38 151
34 296 32 148
36 297 28 149
35 278 32 152
35 278 32 152
36 297 28 149
37 287 27 150
39 336 26 151
35 278 32 152
34 296 32 148
39 313 29 146
38 279 38 151
35 278 32 152
35 278 32 152
38 279 38 151
36 297 28 149
35 290 29 147
34 296 32 148
37 287 27 150
35 278 32 152
34 296 32 148
35 278 32 152
37 287 27 150
38 279 38 151
34 296 32 148
39 313 29 146
37 287 27 150
37 287 27 150
35 290 29 147
36 297 28 149
36 285 31 145
35 278 32 152
44 306 28 147
41 340 33 144
37 287 27 150
35 290 29 147
36 297 28 149
37 287 27 150
37 287 27 150
35 278 32 152
35 290 29 147
35 290 29 147
36 297 28 149
39 336 26 151
34 296 32 148
35 292 28 150
35 290 29 147
35 278 32 152
35 290 29 147
38 308 26 152
39 307 28 147
36 297 28 149
39 313 29 146
33 281 29 149
35 292 28 150
35 290 29 147
37 287 27 150
35 290 29 147
39 307 28 147
38 327 28 147
34 296 32 148
38 279 38 151
34 296 32 148
34 296 32 148
39 336 26 151
37 287 27 150
36 297 28 149
38 308 26 152
36 297 28 149
37 287 27 150
35 292 28 150
39 336 26 151
39 313 29 146
35 292 28 150
35 290 29 147
39 336 26 151
38 279 38 151
35 278 32 152
34 296 32 148
35 278 32 152
35 290 29 147
35 292 28 150
39 313 29 146
35 278 32 152
41 340 33 144
39 336 26 151
33 281 29 149
38 279 38 151
35 278 32 152
51 403 27 149
44 306 28 147
36 285 31 145
34 296 32 148
38 327 28 147
44 306 28 147
38 279 38 151
35 292 28 150
42 311 29 146
34 296 32 148
38 279 38 151
36 297 28 149
36 297 28 149
38 315 29 146
39 336 26 151
42 311 29 146
37 287 27 150
35 292 28 150
36 297 28 149
37 287 27 150
35 290 29 147
39 313 29 146
42 311 29 146
35 278 32 152
35 299 30 146
35 278 32 152
36 297 28 149
37 287 27 150
37 287 27 150
39 313 29 146
34 296 32 148
38 279 38 151
37 287 27 150
35 278 32 152
35 278 32 152
34 296 32 148
36 297 28 149
35 278 32 152
35 278 32 152
39 313 29 146
34 296 32 148
35 278 32 152
39 336 26 151
44 306 28 147
41 340 33 144
37 287 27 150
35 290 29 147
36 297 28 149
37 287 27 150
37 287 27 150
35 278 32 152
35 290 29 147
36 297 28 149
39 336 26 151
34 296 32 148
35 292 28 150
35 278 32 152
35 290 29 147
36 297 28 149
36 297 28 149
41 340 33 144
39 336 26 151
34 296 32 148
39 313 29 146
35 299 30 146
35 290 29 147
39 336 26 151
39 336 26 151
39 313 29 146
36 297 28 149
35 290 29 147
36 297 28 149
36 297 28 149
35 278 32 152
38 308 26 152
39 336 26 151
34 296 32 148
39 336 26 151
35 292 28 150
34 296 32 148
42 311 29 146
35 278 32 152
35 290 29 147
34 296 32 148
38 279 38 151
34 296 32 148
36 297 28 149
35 278 32 152
36 297 28 149
