185351 766.807
36 283 29 156
35 294 27 150
37 281 34 151
44 342 34 142
43 343 27 146
44 342 34 142
37 303 28 148
38 308 32 144
36 283 29 156
42 321 29 147
38 281 30 153
38 281 30 153
37 329 30 145
38 307 27 148
41 317 34 143
38 308 32 144
35 285 30 147
36 283 29 156
39 321 31 143
37 281 34 151
38 281 30 153
38 308 32 144
39 321 31 143
43 343 27 146
38 322 29 146
38 281 30 153
37 297 27 149
37 297 27 149
38 322 29 146
41 328 27 147
37 284 31 150
37 281 34 151
35 285 30 147
38 308 32 144
39 321 31 143
43 343 27 146
41 328 27 147
37 281 34 151
35 294 27 150
42 321 29 147
39 321 31 143
41 328 27 147
39 321 31 143
35 294 27 150
43 343 27 146
37 333 32 144
34 293 31 145
37 297 27 149
42 321 29 147
35 294 27 150
43 343 27 146
37 281 34 151
37 333 32 144
41 328 27 147
37 329 30 145
42 321 29 147
36 283 29 156
38 281 30 153
43 343 27 146
44 342 34 142
34 293 31 145
37 284 31 150
36 283 29 156
38 308 32 144
42 321 29 147
41 328 27 147
35 294 27 150
44 342 34 142
44 342 34 142
37 333 32 144
35 294 27 150
35 294 27 150
38 308 32 144
41 328 27 147
41 317 34 143
38 308 32 144
36 283 29 156
38 308 32 144
39 321 31 143
35 294 27 150
38 308 32 144
41 328 27 147
35 294 27 150
35 294 27 150
38 281 30 153
44 342 34 142
39 321 31 143
38 281 30 153
36 283 29 156
43 343 27 146
37 281 34 151
39 321 31 143
38 281 30 153
37 333 32 144
34 293 31 145
35 294 27 150
38 281 30 153
35 294 27 150
37 281 34 151
36 283 29 156
38 281 30 153
38 322 29 146
35 294 27 150
41 328 27 147
37 281 34 151
38 308 32 144
41 328 27 147
39 321 31 143
35 294 27 150
41 317 34 143
39 321 31 143
41 317 34 143
35 294 27 150
44 342 34 142
41 328 27 147
34 293 31 145
34 293 31 145
36 283 29 156
43 343 27 146
41 328 27 147
41 328 27 147
44 342 34 142
36 283 29 156
38 281 30 153
41 317 34 143
37 329 30 145
37 333 32 144
38 322 29 146
38 322 29 146
39 321 31 143
36 283 29 156
41 328 27 147
37 333 32 144
34 293 31 145
39 321 31 143
41 317 34 143
37 281 34 151
36 283 29 156
38 308 32 144
35 294 27 150
36 283 29 156
38 281 30 153
36 283 29 156
37 333 32 144
39 321 31 143
41 328 27 147
38 281 30 153
38 308 32 144
37 281 34 151
37 281 34 151
34 294 30 147
35 294 27 150
42 321 29 147
37 333 32 144
42 321 29 147
35 294 27 150
43 343 27 146
37 333 32 144
41 328 27 147
37 329 30 145
42 321 29 147
36 283 29 156
43 343 27 146
44 342 34 142
38 308 32 144
35 294 27 150
41 328 27 147
35 294 27 150
44 342 34 142
44 342 34 142
37 333 32 144
35 294 27 150
35 294 27 150
38 308 32 144
41 328 27 147
41 317 34 143
38 308 32 144
38 308 32 144
39 321 31 143
37 281 34 151
36 283 29 156
35 294 27 150
44 342 34 142
44 342 34 142
37 303 28 148
38 308 32 144
36 283 29 156
38 281 30 153
37 329 30 145
38 307 27 148
41 317 34 143
36 283 29 156
39 321 31 143
35 294 27 150
38 308 32 144
39 321 31 143
38 322 29 146
37 297 27 149
37 297 27 149
41 328 27 147
37 284 31 150
35 285 30 147
38 308 32 144
43 343 27 146
37 281 34 151
39 321 31 143
41 328 27 147
39 321 31 143
39 321 31 143
44 342 34 142
41 328 27 147
34 293 31 145
34 293 31 145
36 283 29 156
43 343 27 146
41 328 27 147
41 328 27 147
44 342 34 142
36 283 29 156
38 281 30 153
41 317 34 143
37 329 30 145
37 333 32 144
35 294 27 150
41 328 27 147
37 333 32 144
34 293 31 145
39 321 31 143
41 317 34 143
37 281 34 151
36 283 29 156
35 294 27 150
38 281 30 153
37 333 32 144
39 321 31 143
41 328 27 147
38 308 32 144
37 281 34 151
34 293 31 145
41 328 27 147
35 294 27 150
38 281 30 153
44 342 34 142
39 321 31 143
38 281 30 153
36 283 29 156
43 343 27 146
37 281 34 151
38 281 30 153
37 333 32 144
37 281 34 151
35 294 27 150
38 281 30 153
35 294 27 150
37 281 34 151
38 281 30 153
41 328 27 147
37 281 34 151
38 308 32 144
39 321 31 143
35 294 27 150
41 317 34 143
39 321 31 143
39 308 30 144
37 333 32 144
36 336 29 145
37 281 34 151
36 283 29 156
37 333 32 144
37 281 34 151
37 329 30 145
41 328 27 147
36 283 29 156
36 283 29 156
40 300 27 148
43 343 27 146
41 328 27 147
39 321 31 143
41 317 34 143
37 281 34 151
39 321 31 143
37 333 32 144
41 328 27 147
38 308 32 144
38 307 27 148
41 317 34 143
35 294 27 150
36 283 29 156
42 321 29 147
39 321 31 143
41 317 34 143
36 283 29 156
43 343 27 146
38 281 30 153
35 294 27 150
35 294 27 150
36 283 29 156
43 343 27 146
34 293 31 145
37 329 30 145
