242644 3000.3
37 271 33 153
31 262 31 161
38 263 31 154
37 296 34 152
36 276 33 153
42 364 28 164
33 260 31 157
33 255 32 156
31 264 31 155
34 256 33 154
35 259 30 156
32 253 29 158
34 257 30 157
32 253 29 158
32 268 30 157
33 255 32 156
34 275 34 153
33 264 31 154
31 263 31 156
34 258 31 155
31 263 31 156
33 263 30 155
34 258 31 155
32 261 31 157
33 278 33 153
32 261 31 157
33 264 31 154
34 256 33 154
31 264 29 158
34 257 30 157
32 265 31 154
32 265 31 154
33 263 30 155
35 259 30 156
34 275 34 153
33 260 31 157
38 262 30 155
31 264 29 158
31 264 31 155
33 278 33 153
32 268 30 157
38 262 30 155
32 254 29 158
32 266 31 154
33 265 30 155
31 265 31 155
33 256 32 156
31 266 29 158
34 260 31 155
34 258 30 157
35 257 33 154
31 264 31 156
32 271 30 157
35 263 30 155
35 264 31 154
35 283 33 153
36 278 33 153
34 264 33 154
31 265 29 159
35 275 34 153
37 274 33 153
31 264 29 160
34 288 33 153
45 317 33 153
49 392 36 157
47 377 34 155
51 404 37 163
51 389 35 162
37 285 37 164
42 319 36 161
46 337 33 163
45 341 32 155
44 322 36 159
54 390 36 166
54 413 33 159
53 428 33 155
48 382 36 161
44 353 33 158
42 318 36 158
48 361 39 157
50 428 40 164
44 348 40 167
50 354 32 159
51 402 36 164
45 376 34 156
42 315 36 160
57 439 32 155
43 342 33 158
45 360 35 162
50 408 36 160
50 398 43 167
42 321 36 159
45 326 33 153
41 310 32 157
37 289 34 153
42 325 33 153
45 339 37 163
46 334 32 159
46 338 37 159
43 325 37 159
54 402 37 163
44 331 39 160
42 337 34 155
40 333 33 153
47 332 33 160
44 327 37 161
50 371 36 159
45 335 31 154
42 334 33 154
47 366 34 157
47 359 31 154
42 322 40 160
40 305 31 155
44 332 33 154
50 385 36 158
45 346 34 153
46 361 31 157
52 350 36 164
43 327 38 171
48 386 34 154
46 374 33 161
45 332 38 162
37 293 33 154
41 317 31 154
46 338 35 164
39 289 36 156
45 326 36 159
45 334 31 156
44 358 36 158
61 459 34 155
41 320 33 153
50 381 38 162
56 409 42 162
47 379 33 153
42 332 36 157
44 338 38 164
46 340 46 163
42 343 35 165
42 310 34 153
52 379 34 153
54 391 39 159
44 327 38 154
52 402 36 156
50 400 34 160
51 422 32 155
56 449 38 162
50 373 37 160
55 401 38 164
45 362 35 165
43 327 37 159
41 321 41 160
46 339 37 164
48 372 40 164
45 354 37 164
43 339 35 168
51 392 36 158
40 329 31 155
43 327 34 155
48 378 36 159
46 338 35 160
50 396 35 162
50 341 37 169
43 330 33 164
39 291 33 153
43 343 33 153
51 376 35 165
44 344 31 154
49 394 38 154
51 395 39 157
40 298 31 157
54 400 33 154
54 406 34 157
56 451 44 168
42 325 35 160
50 390 33 160
39 326 33 165
40 316 31 155
43 342 31 154
41 319 36 157
67 520 41 164
60 402 35 167
46 349 32 155
54 399 38 162
47 370 37 163
43 359 32 154
51 398 30 159
41 321 30 156
51 410 33 161
54 380 34 159
55 451 43 168
40 314 34 156
51 390 37 160
37 292 37 163
45 393 33 160
45 353 36 161
52 384 33 155
53 386 35 162
42 347 37 165
44 332 38 163
44 331 33 159
45 363 35 161
48 374 37 163
49 382 35 159
37 301 37 164
47 345 33 153
44 367 38 167
49 399 39 159
57 427 33 158
48 378 35 159
52 414 33 155
55 434 39 157
44 317 41 160
43 333 35 161
46 319 31 155
41 326 39 157
45 352 33 158
51 370 40 160
45 343 39 158
51 390 34 153
44 339 33 159
50 423 35 164
50 366 37 159
56 441 35 162
43 328 36 157
45 370 35 166
54 442 39 157
47 327 36 157
50 381 34 154
44 333 32 161
43 342 38 166
40 318 32 159
40 318 33 161
47 354 41 164
54 403 36 161
52 425 36 158
50 383 35 165
52 396 42 166
50 330 34 158
44 354 39 158
42 309 40 162
48 387 38 170
52 401 39 157
42 338 39 158
44 345 36 158
52 431 32 155
43 322 34 153
49 340 34 162
43 351 33 153
43 333 34 153
48 380 34 155
50 377 40 161
51 391 37 159
45 343 36 166
47 354 40 168
41 320 34 156
41 332 34 155
44 349 34 155
44 360 32 160
41 326 40 164
48 351 35 156
54 407 36 160
53 358 40 160
39 311 31 158
45 364 31 156
55 385 42 166
44 336 35 162
56 450 36 156
51 381 34 156
47 354 33 158
46 367 38 163
41 320 33 155
42 314 37 164
41 322 33 158
47 389 35 159
48 370 41 164
41 328 33 154
44 334 35 155
51 386 35 160
46 349 35 165
41 352 37 167
49 370 33 155
44 344 31 155
48 369 46 171
47 366 34 155
47 348 37 159
53 425 38 168
48 377 33 153
47 361 38 163
46 347 35 162
38 316 37 159
64 473 35 164
59 424 32 160
44 349 33 159
45 327 35 155
40 298 34 154
44 335 36 158
42 314 37 159
51 415 39 159
47 386 38 160
37 299 31 155
