201524 2340.24
35 284 33 156
37 259 33 158
37 263 33 157
35 264 32 158
37 266 34 156
36 262 32 158
38 261 31 158
36 271 33 157
38 265 33 156
36 267 31 158
37 286 36 155
32 271 32 165
34 294 33 157
39 270 36 155
36 261 32 159
34 267 29 162
33 263 30 159
33 281 31 158
33 272 29 162
34 268 31 158
35 274 33 157
37 271 33 156
32 273 30 161
35 274 33 157
33 259 30 161
34 267 29 162
33 272 29 162
33 281 31 158
34 268 31 158
33 261 30 160
32 273 30 161
33 263 30 159
37 271 33 156
33 261 30 160
36 261 32 159
32 275 30 160
32 275 30 160
33 259 30 161
33 264 30 159
34 260 30 161
33 262 30 160
32 277 30 160
34 269 31 158
34 268 29 162
32 274 30 161
33 273 29 162
36 264 32 158
38 261 32 158
35 268 31 158
33 285 31 158
33 261 30 162
33 283 32 158
36 263 32 159
37 272 33 156
35 275 33 157
37 265 33 157
37 261 33 158
38 267 33 156
36 272 33 157
32 273 32 163
38 264 33 157
35 289 33 156
39 263 33 157
70 532 51 201
73 534 55 202
77 674 55 208
57 493 51 199
66 518 46 204
77 586 71 215
56 463 48 216
72 537 58 215
66 514 51 191
71 537 53 199
64 529 45 185
67 528 41 192
91 733 59 220
65 521 47 201
78 606 48 194
63 468 47 197
76 622 49 186
67 558 56 194
77 592 66 217
68 521 45 186
86 661 60 209
78 684 60 205
55 444 48 194
64 535 55 198
65 572 46 199
59 510 48 192
73 623 43 204
59 527 40 193
79 539 50 195
72 654 55 199
74 679 55 192
64 518 43 195
66 517 52 205
66 530 44 201
73 590 40 197
70 531 64 199
81 571 49 197
66 601 54 199
66 529 50 209
77 647 43 196
69 527 47 194
69 587 47 211
75 579 67 203
77 613 39 198
72 549 55 197
66 555 40 201
64 470 42 187
60 481 50 202
72 555 47 182
75 626 54 207
73 588 49 202
64 507 41 199
74 564 52 205
75 619 45 204
56 468 51 198
60 469 40 193
77 591 46 202
57 443 51 191
69 571 51 187
61 485 50 198
55 445 40 195
61 452 42 200
85 671 54 200
70 575 47 199
74 609 43 180
69 544 42 191
75 608 52 195
64 493 42 195
68 599 49 199
60 488 46 197
86 726 52 198
95 805 48 199
76 580 49 200
95 705 55 210
78 646 42 198
72 533 51 203
72 566 50 213
75 551 48 209
68 598 58 190
78 586 53 191
72 577 57 201
55 433 41 192
68 543 48 203
78 627 52 211
53 438 42 193
59 434 50 177
68 504 59 209
72 575 45 188
65 512 46 190
67 610 50 194
57 498 37 187
74 587 44 195
79 610 58 207
51 420 49 182
63 544 42 194
85 674 58 220
54 468 42 184
71 476 45 207
56 460 51 203
85 628 58 196
56 472 44 184
73 638 45 194
59 484 44 207
70 582 39 178
51 396 45 195
77 622 45 200
65 521 44 200
73 606 52 191
63 544 44 202
71 478 60 202
83 660 48 224
79 620 56 207
73 621 58 208
73 554 58 192
74 550 46 196
73 557 44 185
60 472 52 184
72 571 50 211
82 671 54 209
63 503 48 188
73 568 56 201
49 421 41 199
90 710 69 212
64 565 49 191
67 548 53 186
69 540 43 214
63 465 46 190
68 539 49 200
78 565 48 205
58 467 48 188
70 597 46 189
63 478 44 211
69 513 62 199
84 663 45 206
71 590 49 192
66 488 43 191
71 539 49 207
53 478 45 192
61 467 48 202
63 548 44 189
65 515 44 194
73 590 44 196
64 543 54 194
63 531 53 186
81 659 45 189
58 486 41 181
73 615 46 198
71 536 46 195
67 538 52 196
73 487 47 206
87 695 46 193
68 531 48 204
65 540 44 205
69 537 51 207
77 647 59 212
60 490 42 204
68 579 45 203
76 508 47 195
67 513 50 205
62 534 44 190
65 547 38 192
78 582 43 200
73 549 56 194
78 706 63 197
69 555 51 197
84 689 67 207
69 528 45 202
63 492 49 200
58 461 48 192
60 472 43 188
63 548 36 180
61 513 48 186
72 592 36 189
76 604 58 216
70 497 44 196
64 496 49 207
59 501 49 190
62 484 42 199
59 475 49 180
76 598 62 211
66 563 45 197
74 591 47 208
65 517 47 197
67 576 42 199
71 597 54 197
80 651 50 194
53 414 38 186
70 503 45 194
74 599 51 196
70 593 50 214
60 464 51 206
76 620 54 200
60 489 45 198
62 540 47 205
80 633 59 213
60 523 38 187
73 576 49 213
64 545 52 200
69 564 64 206
65 580 37 196
60 503 60 194
65 562 42 210
71 613 47 202
61 528 45 191
62 489 47 201
56 484 46 198
74 580 51 209
75 598 49 206
83 666 65 195
68 549 54 186
73 588 54 211
71 548 49 189
70 572 55 217
70 553 50 203
70 589 63 200
71 542 56 211
69 513 52 186
80 608 44 203
65 519 40 196
62 541 43 186
72 531 46 188
70 588 40 190
61 489 50 203
54 478 44 202
82 608 55 212
86 722 58 215
68 614 44 202
60 510 48 199
51 438 41 188
60 504 37 179
70 634 48 189
71 571 50 200
79 612 51 200
66 555 52 205
72 591 45 186
65 482 44 200
74 592 46 200
