279 6.36886
35 258 33 140
34 262 33 140
34 262 33 140
31 253 27 147
31 253 27 147
31 233 31 145
30 250 30 145
33 238 33 142
34 250 30 142
34 236 31 143
34 242 28 144
34 241 29 143
34 240 27 145
33 250 31 141
32 258 31 141
34 236 31 143
30 256 30 144
30 258 29 144
32 241 29 144
32 243 28 144
35 258 33 140
31 256 29 145
30 258 29 144
32 242 29 143
31 246 29 146
31 240 31 142
31 246 29 146
31 246 30 144
31 233 31 145
32 256 30 142
34 239 29 144
34 239 29 144
34 238 30 144
33 245 33 141
33 245 33 141
32 244 27 145
32 244 27 145
32 243 28 144
35 258 33 140
35 258 33 140
35 258 33 140
35 258 33 140
35 258 33 140
35 258 33 140
34 262 33 140
34 262 33 140
34 262 33 140
34 250 30 142
34 250 30 142
34 250 30 142
34 250 30 142
34 250 30 142
34 250 30 142
34 250 30 142
34 250 30 142
34 250 30 142
34 250 30 142
34 250 30 142
34 250 30 142
34 250 30 142
34 250 30 142
34 250 30 142
34 250 30 142
34 250 30 142
34 250 30 142
34 250 30 142
34 250 30 142
34 250 30 142
34 250 30 142
34 250 30 142
34 250 30 142
34 250 30 142
34 250 30 142
34 250 30 142
34 250 30 142
34 250 30 142
34 250 30 142
34 250 30 142
34 250 30 142
34 250 30 142
34 250 30 142
34 250 30 142
34 250 30 142
34 250 30 142
34 250 30 142
34 250 30 142
34 250 30 142
34 250 30 142
34 250 30 142
34 250 30 142
34 250 30 142
34 250 30 142
34 250 30 142
34 250 30 142
34 250 30 142
34 250 30 142
34 250 30 142
34 250 30 142
34 250 30 142
34 250 30 142
34 250 30 142
34 250 30 142
34 250 30 142
34 250 30 142
34 250 30 142
34 250 30 142
34 250 30 142
34 250 30 142
34 250 30 142
34 250 30 142
34 250 30 142
34 250 30 142
34 250 30 142
34 250 30 142
34 250 30 142
34 250 30 142
34 250 30 142
34 250 30 142
34 250 30 142
34 250 30 142
34 250 30 142
34 250 30 142
34 250 30 142
34 250 30 142
34 250 30 142
34 250 30 142
34 250 30 142
34 250 30 142
34 250 30 142
34 250 30 142
34 250 30 142
34 250 30 142
34 250 30 142
34 250 30 142
34 250 30 142
34 250 30 142
34 250 30 142
34 250 30 142
34 250 30 142
34 250 30 142
34 250 30 142
34 250 30 142
34 250 30 142
34 250 30 142
34 250 30 142
34 250 30 142
34 250 30 142
34 250 30 142
34 250 30 142
34 250 30 142
34 250 30 142
34 250 30 142
34 250 30 142
34 250 30 142
34 250 30 142
34 250 30 142
34 250 30 142
34 250 30 142
34 250 30 142
34 250 30 142
34 250 30 142
34 241 29 143
34 239 29 144
46 374 27 146
36 293 33 140
34 250 30 143
41 329 28 144
44 297 28 146
35 269 29 143
34 263 31 141
34 253 30 142
34 263 31 141
41 331 28 144
39 297 33 140
34 258 30 142
39 281 29 143
37 283 31 141
39 281 31 141
44 307 29 143
43 301 33 140
42 312 33 140
39 314 29 145
34 261 30 142
37 285 31 141
52 321 33 140
46 342 33 140
45 308 29 144
44 340 29 143
34 262 30 144
39 293 31 141
34 290 31 143
35 271 33 143
37 271 30 142
35 282 30 142
37 306 33 141
38 300 31 141
36 276 30 142
51 359 29 147
50 386 29 145
47 346 33 140
35 265 31 144
40 297 31 141
39 308 31 141
37 289 30 142
38 276 31 142
37 284 31 142
51 419 33 140
39 280 31 142
37 294 30 143
36 281 31 145
41 314 31 141
40 341 31 141
39 293 30 142
39 289 30 143
37 299 31 142
37 301 30 142
38 297 30 142
44 316 31 141
41 318 31 141
41 290 31 142
37 301 30 143
37 297 31 147
42 299 30 142
38 296 30 144
40 302 30 142
39 293 31 142
41 300 30 142
44 317 31 141
42 345 31 141
41 296 33 144
40 295 34 142
38 298 30 144
38 323 30 143
42 303 30 142
38 314 31 143
39 299 31 142
41 306 30 142
46 332 31 141
44 348 31 141
40 310 31 147
40 297 36 146
39 315 30 144
38 300 33 144
43 303 31 143
41 320 30 143
39 316 31 142
46 311 30 142
45 334 31 141
40 312 31 143
42 315 30 142
45 309 31 142
47 372 31 141
41 313 31 143
40 327 30 144
39 321 31 142
43 321 30 142
45 320 31 142
42 319 30 143
49 373 31 141
42 331 30 144
41 314 36 147
40 323 31 142
43 334 30 142
48 320 30 143
47 322 31 142
56 459 34 141
44 334 30 145
43 319 36 147
40 326 33 142
47 333 30 144
44 339 30 142
41 326 31 142
40 338 31 142
46 359 30 142
44 327 34 144
42 337 34 142
44 337 31 143
54 366 31 142
48 381 30 142
47 381 30 144
47 356 34 142
44 334 36 147
44 327 36 148
44 339 31 143
48 370 30 144
50 379 30 142
49 379 31 142
56 344 31 147
51 392 31 142
48 407 30 144
47 348 33 145
45 354 33 146
45 363 31 143
48 351 31 143
52 350 33 148
51 401 34 142
46 364 31 143
59 452 33 145
50 372 31 148
46 379 36 147
35 263 33 140
35 260 34 140
35 260 34 140
31 253 27 147
31 253 27 147
31 233 31 145
30 246 30 145
34 250 30 142
33 238 33 142
34 249 31 141
34 242 28 144
34 241 29 143
34 240 27 145
34 236 31 143
33 258 31 141
31 256 29 145
30 256 30 144
32 244 27 145
32 241 29 144
30 258 29 144
30 258 29 144
33 245 33 141
32 243 28 144
32 242 29 143
31 240 31 142
31 246 29 146
31 246 29 146
35 263 33 140
34 249 31 141
31 246 30 144
34 236 31 143
31 234 31 144
34 250 30 142
34 239 29 144
34 239 29 144
34 238 30 144
33 245 33 141
32 244 27 145
32 243 28 144
31 234 31 144
31 233 31 145
35 263 33 140
35 263 33 140
35 263 33 140
35 263 33 140
35 263 33 140
35 263 33 140
35 260 34 140
34 250 30 142
34 250 30 142
34 250 30 142
34 250 30 142
34 250 30 142
34 250 30 142
34 250 30 142
34 250 30 142
34 250 30 142
34 250 30 142
34 250 30 142
34 250 30 142
34 250 30 142
34 250 30 142
34 250 30 142
34 250 30 142
34 250 30 142
34 250 30 142
34 250 30 142
34 250 30 142
34 250 30 142
34 250 30 142
34 250 30 142
34 250 30 142
34 250 30 142
34 250 30 142
34 250 30 142
34 249 31 141
34 249 31 141
34 242 28 144
34 242 28 144
34 242 28 144
34 242 28 144
34 242 28 144
34 242 28 144
34 242 28 144
34 242 28 144
34 242 28 144
34 242 28 144
34 242 28 144
34 242 28 144
34 242 28 144
34 242 28 144
34 242 28 144
34 242 28 144
34 242 28 144
34 242 28 144
34 242 28 144
34 242 28 144
34 242 28 144
34 242 28 144
34 242 28 144
34 242 28 144
34 242 28 144
34 242 28 144
34 242 28 144
34 242 28 144
34 242 28 144
34 242 28 144
34 242 28 144
34 242 28 144
34 242 28 144
34 242 28 144
34 242 28 144
34 242 28 144
34 242 28 144
34 242 28 144
34 242 28 144
34 242 28 144
34 242 28 144
34 242 28 144
34 242 28 144
34 242 28 144
34 242 28 144
34 242 28 144
34 242 28 144
34 242 28 144
34 242 28 144
34 242 28 144
34 242 28 144
34 242 28 144
34 242 28 144
34 242 28 144
34 242 28 144
34 242 28 144
34 242 28 144
34 242 28 144
34 242 28 144
34 242 28 144
34 242 28 144
34 242 28 144
34 242 28 144
34 242 28 144
34 242 28 144
34 242 28 144
34 242 28 144
34 242 28 144
34 242 28 144
34 242 28 144
34 242 28 144
34 242 28 144
34 242 28 144
34 242 28 144
34 242 28 144
34 242 28 144
34 242 28 144
34 242 28 144
34 242 28 144
34 242 28 144
34 242 28 144
34 242 28 144
34 242 28 144
34 242 28 144
34 242 28 144
34 242 28 144
34 242 28 144
34 242 28 144
34 242 28 144
34 242 28 144
34 242 28 144
34 242 28 144
34 242 28 144
34 242 28 144
34 242 28 144
34 242 28 144
34 242 28 144
34 242 28 144
34 242 28 144
34 242 28 144
34 242 28 144
34 242 28 144
34 242 28 144
34 242 28 144
34 242 28 144
34 242 28 144
34 242 28 144
34 242 28 144
34 242 28 144
34 242 28 144
34 241 29 143
32 243 28 144
32 242 29 143
40 257 27 145
37 281 27 145
37 274 27 146
35 246 31 142
34 243 29 143
32 248 28 144
35 257 30 142
34 244 28 144
33 246 31 144
40 317 27 145
36 267 34 142
35 279 31 142
34 245 30 145
32 254 28 144
37 265 30 142
34 249 28 144
37 252 30 143
34 258 30 143
34 261 29 143
36 260 29 143
35 249 31 143
42 277 30 142
41 342 30 142
41 317 27 145
37 275 31 142
36 301 31 142
35 251 28 144
34 255 30 144
37 260 29 143
34 262 30 143
37 259 30 143
53 396 29 143
42 329 27 147
39 301 33 142
37 257 30 144
34 267 30 143
44 321 30 142
35 278 28 146
37 271 28 144
39 307 31 142
36 269 29 147
35 260 31 144
37 261 30 143
43 316 34 142
41 327 31 142
41 316 35 142
38 281 28 144
37 292 28 144
37 270 30 143
36 296 30 144
37 271 29 144
49 335 33 142
48 349 31 142
47 345 33 142
41 308 28 144
38 272 29 145
37 275 29 144
42 309 30 143
38 285 31 143
59 405 33 142
39 273 30 145
38 284 29 147
38 281 30 144
43 286 31 143
40 295 31 143
39 289 32 143
42 293 29 144
41 274 29 146
41 279 29 145
40 280 29 145
39 282 29 145
46 375 31 143
42 281 33 148
40 294 29 145
40 282 33 149
38 298 31 144
39 310 30 144
42 304 29 144
38 309 30 146
39 291 30 145
41 287 31 144
44 308 30 144
43 337 29 144
42 295 29 145
41 309 31 144
40 314 29 145
38 317 31 144
42 312 30 144
44 311 29 145
43 334 29 146
42 317 30 144
41 336 30 146
46 323 29 146
46 317 36 149
44 329 29 145
43 331 30 144
42 332 30 145
44 328 31 144
46 321 30 144
52 337 30 147
48 353 29 145
47 384 30 145
47 359 31 144
46 374 31 145
50 338 30 145
51 347 30 144
52 357 29 146
51 397 29 146
46 393 33 150
52 405 39 148
34 258 33 140
34 258 33 140
32 269 31 141
31 253 27 147
31 253 27 147
31 233 31 145
30 250 30 145
33 238 33 142
34 252 31 141
32 269 31 141
34 252 30 142
34 242 28 144
34 241 29 143
34 240 27 145
34 236 31 143
32 241 29 144
33 258 31 141
31 256 29 145
30 258 29 144
30 256 30 144
30 258 29 144
32 243 28 144
32 242 29 143
31 246 29 146
31 240 31 142
31 246 29 146
31 246 30 144
31 233 31 145
34 236 31 143
32 256 30 142
30 250 30 145
34 239 29 144
34 239 29 144
34 238 30 144
33 245 33 141
33 245 33 141
32 244 27 145
32 244 27 145
32 243 28 144
34 258 33 140
34 258 33 140
34 258 33 140
34 258 33 140
34 258 33 140
34 258 33 140
34 258 33 140
34 258 33 140
34 258 33 140
34 258 33 140
34 258 33 140
34 258 33 140
34 258 33 140
34 258 33 140
34 258 33 140
34 258 33 140
34 252 31 141
34 242 28 144
32 269 31 141
32 243 28 144
36 254 28 144
35 267 33 140
34 264 28 144
34 245 29 143
32 264 31 142
34 255 31 141
35 260 28 144
34 253 30 142
34 253 30 142
34 253 30 142
34 253 30 142
34 253 30 142
34 253 30 142
34 253 30 142
34 253 30 142
34 253 30 142
34 253 30 142
34 253 30 142
34 253 30 142
34 253 30 142
34 253 30 142
34 253 30 142
34 253 30 142
34 253 30 142
34 253 30 142
34 253 30 142
34 253 30 142
34 253 30 142
34 253 30 142
34 253 30 142
34 253 30 142
34 253 30 142
34 253 30 142
34 253 30 142
34 253 30 142
34 253 30 142
34 253 30 142
34 253 30 142
34 253 30 142
34 253 30 142
34 253 30 142
34 253 30 142
34 253 30 142
34 253 30 142
34 253 30 142
34 253 30 142
34 253 30 142
34 253 30 142
34 253 30 142
34 253 30 142
34 253 30 142
34 253 30 142
34 253 30 142
34 253 30 142
34 253 30 142
34 253 30 142
34 253 30 142
34 253 30 142
34 253 30 142
34 253 30 142
34 253 30 142
34 253 30 142
34 253 30 142
34 253 30 142
34 253 30 142
34 253 30 142
34 253 30 142
34 253 30 142
34 253 30 142
34 253 30 142
34 253 30 142
34 253 30 142
34 253 30 142
34 253 30 142
34 253 30 142
34 253 30 142
34 253 30 142
34 253 30 142
34 253 30 142
34 253 30 142
34 253 30 142
34 253 30 142
34 253 30 142
34 253 30 142
34 253 30 142
34 253 30 142
34 253 30 142
34 253 30 142
34 253 30 142
34 253 30 142
34 253 30 142
34 253 30 142
34 253 30 142
34 253 30 142
34 253 30 142
34 253 30 142
34 253 30 142
34 253 30 142
34 253 30 142
34 253 30 142
34 253 30 142
34 253 30 142
34 253 30 142
34 253 30 142
34 253 30 142
34 253 30 142
34 253 30 142
34 253 30 142
34 253 30 142
34 253 30 142
34 253 30 142
34 253 30 142
34 253 30 142
41 306 28 144
37 267 33 140
37 259 30 142
36 283 33 140
33 267 31 142
38 287 29 143
36 265 31 141
34 262 30 144
34 263 30 142
43 287 29 143
42 325 28 144
40 263 30 142
39 278 33 140
38 301 33 140
34 276 30 142
37 279 31 141
38 304 29 143
35 265 32 142
37 265 30 143
41 291 29 143
35 267 30 142
43 339 28 144
41 292 29 145
39 303 33 140
37 297 34 141
36 272 30 142
39 314 29 143
38 298 31 141
40 287 33 141
41 305 29 143
40 310 29 143
45 306 29 143
43 321 33 140
40 274 30 142
36 275 30 142
43 291 33 141
38 301 31 141
41 300 31 141
49 330 33 140
47 347 29 143
45 352 29 143
44 332 36 140
43 337 33 140
38 281 31 142
36 286 31 143
41 305 31 141
36 302 31 142
39 316 33 141
38 323 31 141
44 284 30 142
38 289 30 142
40 307 31 141
45 334 33 140
41 283 30 143
53 421 29 144
46 348 33 140
39 289 34 144
38 295 30 147
38 285 34 145
37 313 31 143
48 338 33 140
44 311 31 141
40 316 33 141
40 294 30 142
42 321 31 141
40 325 31 141
47 342 33 140
38 311 30 142
38 291 31 144
38 293 31 142
43 316 31 141
40 289 31 142
43 324 31 141
42 347 33 141
40 294 30 143
39 315 30 142
38 298 32 143
41 306 30 142
38 311 31 142
40 296 31 142
44 331 31 141
43 345 33 141
40 297 34 142
40 294 34 147
39 329 30 142
39 304 33 147
42 313 30 142
40 297 30 143
39 313 31 142
41 299 33 142
45 339 31 141
44 357 30 142
41 304 37 146
41 303 34 147
40 307 30 145
39 316 31 147
40 309 30 143
39 319 31 142
49 328 31 142
48 387 31 141
45 307 30 145
44 320 33 142
42 343 30 146
40 321 32 143
45 385 30 142
45 320 32 143
42 336 33 142
42 330 31 143
45 361 31 142
44 347 30 143
51 321 33 144
49 401 31 141
48 352 30 143
42 327 32 143
50 400 31 141
44 324 33 142
49 338 31 142
43 323 32 143
50 360 30 149
49 375 30 143
47 331 34 142
44 359 34 143
48 352 31 143
52 352 34 142
50 391 32 143
48 358 31 144
47 337 36 146
47 368 37 147
