35261 720.126
67 513 51 179
46 341 34 158
44 344 35 169
57 480 40 185
51 419 41 152
44 367 33 167
54 386 38 171
55 415 35 168
61 479 43 171
45 367 39 154
44 378 41 168
48 367 39 157
48 409 38 160
83 721 46 200
55 378 48 164
56 385 45 174
63 546 34 175
47 429 46 184
55 439 42 169
59 485 39 178
50 399 35 169
61 511 31 164
48 399 37 161
46 390 45 169
51 404 36 164
55 403 36 163
63 517 56 171
47 367 42 161
70 629 62 187
57 447 46 174
86 653 46 191
67 575 41 159
47 361 40 153
67 548 45 167
49 365 36 166
50 407 37 165
43 356 36 158
53 443 47 166
57 380 43 173
57 434 40 184
57 420 41 174
50 382 33 164
55 426 47 170
62 517 38 162
52 417 36 177
61 463 40 165
54 460 41 161
57 501 41 163
53 444 32 157
69 597 48 163
53 400 46 169
44 365 30 165
44 344 36 165
45 389 41 160
49 403 38 162
45 385 37 162
51 414 43 170
71 524 40 163
49 391 40 161
58 527 37 159
52 433 40 175
49 390 37 163
56 446 43 167
55 433 40 167
73 559 62 192
41 355 38 160
60 503 36 155
63 450 40 165
65 501 44 164
51 435 43 162
62 499 38 165
54 437 49 176
66 552 43 163
70 552 37 176
67 548 35 159
49 432 39 168
63 470 43 194
61 497 38 166
52 437 43 165
58 438 43 158
52 398 34 157
74 617 42 162
52 434 44 168
50 443 37 162
52 412 34 162
59 514 38 175
46 408 40 174
51 427 39 173
52 430 41 173
53 432 37 162
49 376 36 159
81 668 66 187
70 557 44 176
47 406 37 164
56 395 41 170
58 511 40 161
56 474 33 155
53 443 36 167
43 394 36 156
49 414 36 169
60 505 37 168
47 391 34 159
64 485 49 181
50 384 37 157
52 418 35 167
48 362 35 160
45 380 33 157
52 460 41 158
52 406 42 164
58 484 38 173
59 474 36 169
44 335 35 160
64 557 37 174
61 475 37 177
49 370 38 164
63 500 49 166
41 346 34 165
56 420 38 167
51 382 33 163
58 475 40 170
52 424 31 156
52 446 38 161
72 582 38 161
48 408 38 161
74 641 62 176
52 469 41 168
57 408 32 169
53 453 34 175
50 416 37 163
49 366 33 157
50 475 33 161
49 424 47 167
51 430 40 173
54 432 39 171
63 537 39 186
59 429 34 170
47 345 34 159
54 436 35 171
44 349 37 162
55 444 33 163
52 450 32 163
60 527 38 162
61 531 40 185
51 407 33 170
58 439 53 164
47 341 44 163
50 395 38 161
63 567 39 176
57 485 35 165
58 473 34 164
67 520 43 203
78 566 60 211
57 484 32 164
53 423 39 169
50 434 41 161
45 358 35 160
52 439 42 169
43 355 30 160
43 373 41 160
76 645 58 178
50 408 36 161
51 418 41 163
53 418 43 158
58 489 51 173
53 398 47 171
53 434 34 168
61 503 35 157
43 365 39 159
63 557 52 189
54 447 34 168
40 336 33 156
45 371 38 158
45 388 36 164
54 454 39 163
50 429 37 167
60 478 48 173
53 442 38 160
61 445 53 173
60 466 43 177
47 399 42 175
43 350 36 167
57 506 48 168
54 463 33 159
48 415 41 165
59 490 37 171
65 532 45 170
56 418 35 172
55 434 38 163
68 540 40 192
47 374 34 163
67 541 50 205
55 444 49 176
59 494 39 169
46 373 40 175
50 398 35 169
55 482 40 164
51 394 37 159
62 522 47 166
53 471 36 173
48 404 34 161
54 443 45 173
64 548 45 173
48 404 35 177
45 331 36 168
51 426 45 164
59 404 41 164
47 384 41 163
53 388 35 165
64 513 37 168
57 463 29 160
57 494 45 165
59 466 36 162
55 446 32 163
53 451 37 165
66 510 51 172
58 442 36 163
58 458 38 168
46 403 39 175
54 476 35 164
49 437 34 162
48 375 36 166
61 535 39 172
53 425 38 162
47 416 40 170
61 476 43 163
66 535 38 171
50 426 38 160
55 442 44 177
55 422 33 166
49 392 35 164
56 441 37 173
48 347 38 170
54 446 36 166
58 450 35 169
50 387 42 170
61 483 44 160
57 450 50 176
56 441 37 173
54 476 46 207
52 397 40 170
59 457 39 181
60 532 50 190
45 380 36 167
70 551 57 166
64 467 34 176
57 468 40 172
61 477 34 161
49 402 39 159
50 380 37 165
49 383 34 168
63 464 47 164
74 550 36 173
50 434 43 167
61 521 48 175
63 442 43 163
51 355 35 164
52 432 49 169
45 378 34 175
59 496 57 180
46 421 36 157
44 367 32 162
48 366 40 161
47 392 33 159
47 401 41 160
53 406 45 166
53 458 31 162
54 431 38 167
58 492 49 165
47 343 30 163
55 470 33 163
55 423 34 167
60 525 37 173
51 451 30 156
48 398 34 160
53 405 38 168
63 518 54 196
48 417 38 163
57 461 36 165
53 455 38 179
49 396 37 172
54 431 34 166
60 497 39 161
56 494 54 184
47 370 39 162
69 539 40 177
62 457 36 164
44 379 37 165
52 434 36 162
58 481 48 181
54 435 32 161
60 426 55 172
52 424 36 167
51 387 34 161
46 385 32 164
60 442 48 174
43 364 31 164
52 422 38 173
62 543 36 161
57 476 38 169
57 469 37 171
