352176 3480.31
33 263 31 156
32 278 30 158
34 286 29 161
35 298 31 155
34 269 34 155
47 342 36 152
37 323 30 157
36 276 34 154
36 295 31 155
39 295 36 153
43 378 36 152
35 283 29 161
44 359 36 152
38 302 34 153
38 321 30 157
35 267 30 159
35 271 30 158
38 309 33 154
33 272 30 158
38 310 37 152
33 264 30 160
33 268 30 159
31 270 30 159
37 301 36 153
32 265 30 161
32 269 30 160
38 285 37 153
37 274 37 154
32 264 30 162
31 265 30 162
54 438 29 160
33 271 33 155
34 278 34 154
32 267 31 156
31 265 31 157
37 303 34 153
33 307 32 155
30 267 30 161
33 271 33 155
34 261 30 160
30 267 30 161
37 288 37 153
37 288 37 153
30 271 30 159
36 310 33 154
30 267 30 161
32 267 31 156
34 261 30 160
34 278 34 154
30 271 30 159
36 310 33 154
33 307 32 155
37 303 34 153
31 265 31 157
30 271 30 159
31 267 31 157
32 268 31 156
33 264 31 156
33 274 30 158
34 263 31 156
32 282 30 158
31 275 30 160
35 288 34 155
58 447 45 186
68 552 43 193
84 697 56 191
49 410 38 174
51 437 49 180
71 498 40 188
65 508 49 186
68 497 51 197
51 432 44 179
57 453 41 183
54 443 41 179
55 454 39 173
60 486 49 190
58 443 49 194
75 591 56 196
60 462 48 199
55 419 45 190
59 445 49 191
79 640 45 200
75 548 44 184
66 510 47 188
59 483 40 202
64 526 48 211
61 495 38 183
77 589 50 190
70 510 45 195
56 470 41 180
57 459 41 185
75 621 48 206
61 513 50 195
55 443 37 179
64 533 40 185
83 613 56 183
54 448 42 195
60 522 50 180
72 562 45 188
59 527 46 185
67 479 50 190
60 508 43 184
65 524 36 181
54 475 35 182
57 450 42 194
62 448 45 198
53 399 42 181
57 445 42 171
67 575 54 185
71 541 39 176
46 368 44 180
49 401 36 180
60 459 47 185
72 570 39 180
77 517 46 179
63 505 49 191
69 609 53 195
62 522 41 177
53 444 41 177
58 459 44 192
62 485 47 192
68 591 52 183
57 485 38 175
62 545 44 185
55 456 41 174
53 428 42 185
69 481 44 201
76 643 43 182
68 528 54 190
63 480 41 169
72 535 45 186
58 410 46 178
61 487 45 183
67 485 55 182
59 502 43 186
74 608 56 194
71 573 47 178
62 476 54 182
55 466 42 185
61 511 40 184
74 506 46 182
68 539 44 195
62 478 44 177
64 545 45 182
67 501 43 187
63 459 40 180
69 588 40 190
71 526 45 186
51 472 42 189
59 489 48 188
67 592 39 174
67 537 46 186
77 585 49 181
54 424 39 170
71 598 42 192
62 504 55 190
66 516 43 191
83 614 54 201
67 513 43 194
53 437 46 197
68 613 58 185
53 434 37 178
75 579 54 196
63 532 46 169
54 423 42 177
84 611 55 185
69 478 40 180
58 405 37 178
62 444 46 197
67 603 44 190
63 485 41 181
75 560 54 188
65 576 40 184
60 474 47 191
72 609 48 193
68 567 50 202
55 480 38 185
65 512 46 171
58 445 52 181
74 514 43 196
62 475 46 192
63 526 47 178
66 522 46 202
76 658 38 192
62 487 43 186
73 576 51 196
53 408 32 180
63 481 46 175
62 506 51 182
61 483 55 185
58 480 49 197
59 429 42 176
71 582 47 182
65 446 47 196
59 458 43 184
73 551 60 183
56 417 51 178
65 472 46 191
70 513 43 180
64 578 50 190
59 479 37 183
60 535 47 186
64 484 49 198
65 481 40 191
64 492 43 184
63 522 51 193
79 606 64 201
73 542 45 183
74 603 44 183
63 542 48 190
84 612 44 194
62 543 40 182
54 494 51 195
58 469 44 195
76 614 44 192
67 511 44 185
60 445 45 187
63 495 55 191
64 568 50 191
65 543 43 184
61 498 37 177
70 556 42 184
53 458 46 185
76 618 47 190
62 494 46 191
52 466 42 182
72 532 44 190
76 618 41 182
53 436 42 191
63 507 50 191
66 593 43 196
68 564 44 180
68 500 46 179
63 487 45 187
56 432 51 180
65 465 43 192
69 599 63 200
61 445 48 183
86 706 47 186
77 667 50 171
63 509 48 190
63 447 49 200
66 561 42 187
68 542 40 181
75 545 38 184
58 461 42 187
61 497 38 183
67 601 45 178
66 476 43 196
59 460 44 189
74 609 45 194
54 449 45 188
55 432 40 174
56 460 47 189
51 413 40 185
58 457 40 182
58 451 42 191
60 450 39 191
48 394 45 178
53 452 40 188
72 582 42 192
65 506 47 185
77 567 48 183
55 405 43 184
66 470 40 193
61 463 38 181
72 573 46 185
60 480 47 186
79 683 52 203
58 468 44 175
68 545 45 201
62 494 41 175
62 453 43 179
65 510 45 178
88 695 48 210
66 501 51 193
65 540 44 189
61 491 43 189
49 382 39 182
66 486 43 184
67 503 49 192
87 689 70 196
53 435 45 193
54 434 42 187
60 468 43 193
63 496 45 192
63 497 43 189
66 461 41 187
51 382 44 181
55 435 48 192
68 498 47 188
64 562 54 187
60 466 46 202
62 528 41 185
72 619 42 168
62 503 39 186
60 473 48 193
56 436 44 187
65 547 38 174
67 454 41 178
