18924 360.076
36 244 31 141
34 239 33 141
29 250 26 151
33 262 29 143
29 237 28 146
34 242 33 140
29 250 26 151
30 228 29 147
35 259 29 143
30 230 27 148
31 248 28 144
30 229 29 146
33 247 33 140
32 251 30 142
35 259 29 143
33 262 29 143
30 231 27 147
30 228 29 147
29 235 27 147
31 248 28 144
30 243 30 143
29 250 26 151
29 235 27 147
29 234 29 145
31 238 30 143
30 243 30 143
29 250 26 151
34 245 31 141
31 246 31 141
32 240 31 142
33 242 32 141
32 240 31 142
33 239 31 142
31 242 31 142
36 244 31 141
34 245 31 141
33 242 32 141
31 242 31 142
31 238 30 143
29 234 29 145
30 230 27 148
31 246 31 141
30 241 29 144
31 246 31 141
33 239 31 142
32 240 31 142
30 243 30 143
31 238 30 143
29 232 29 146
30 229 29 146
31 242 31 142
33 239 31 142
30 231 27 147
30 243 30 143
30 241 29 144
34 245 31 141
34 245 31 141
31 246 31 141
32 240 31 142
29 237 28 146
32 251 30 142
31 242 31 142
34 239 33 141
32 240 31 142
33 247 33 140
31 238 30 143
31 246 31 141
30 241 29 144
31 238 30 143
36 244 31 141
29 232 29 146
31 246 31 141
33 239 31 142
32 240 31 142
31 246 31 141
31 246 31 141
31 246 31 141
31 242 31 142
33 239 31 142
30 243 30 143
33 239 31 142
31 238 30 143
33 239 31 142
33 239 31 142
30 243 30 143
31 242 31 142
33 239 31 142
33 239 31 142
33 239 31 142
31 242 31 142
33 239 31 142
31 238 30 143
33 239 31 142
31 242 31 142
33 239 31 142
33 262 29 143
31 242 31 142
34 245 31 141
31 242 31 142
33 239 31 142
33 239 31 142
31 242 31 142
31 242 31 142
31 242 31 142
31 242 31 142
31 246 31 141
31 238 30 143
33 239 31 142
31 238 30 143
31 242 31 142
31 246 31 141
33 239 31 142
33 239 31 142
33 239 31 142
31 246 31 141
31 246 31 141
31 242 31 142
31 242 31 142
31 246 31 141
32 240 31 142
32 240 31 142
31 242 31 142
31 242 31 142
31 246 31 141
33 239 31 142
34 245 31 141
31 242 31 142
31 242 31 142
32 240 31 142
31 242 31 142
31 246 31 141
34 245 31 141
33 239 31 142
32 240 31 142
32 251 30 142
31 242 31 142
34 245 31 141
31 246 31 141
31 242 31 142
31 238 30 143
31 242 31 142
31 246 31 141
33 239 31 142
31 242 31 142
31 242 31 142
31 246 31 141
30 243 30 143
31 242 31 142
33 239 31 142
33 239 31 142
33 239 31 142
31 242 31 142
31 246 31 141
31 246 31 141
33 239 31 142
31 242 31 142
31 246 31 141
33 239 31 142
31 238 30 143
31 242 31 142
31 242 31 142
33 239 31 142
31 246 31 141
33 239 31 142
31 242 31 142
31 242 31 142
31 242 31 142
31 242 31 142
31 242 31 142
31 246 31 141
31 242 31 142
31 242 31 142
34 245 31 141
31 238 30 143
31 242 31 142
34 245 31 141
33 239 31 142
32 240 31 142
36 244 31 141
31 238 30 143
31 242 31 142
33 262 29 143
31 242 31 142
31 246 31 141
33 239 31 142
31 242 31 142
33 239 31 142
33 262 29 143
30 243 30 143
34 245 31 141
31 246 31 141
31 246 31 141
34 245 31 141
34 245 31 141
31 242 31 142
31 242 31 142
34 245 31 141
31 242 31 142
31 242 31 142
32 240 31 142
31 242 31 142
31 242 31 142
31 242 31 142
31 242 31 142
32 240 31 142
34 245 31 141
31 242 31 142
31 242 31 142
31 242 31 142
33 239 31 142
31 242 31 142
31 246 31 141
34 245 31 141
33 239 31 142
31 242 31 142
31 246 31 141
31 242 31 142
32 240 31 142
31 242 31 142
33 239 31 142
32 240 31 142
33 239 31 142
31 242 31 142
33 239 31 142
35 259 29 143
33 239 31 142
31 242 31 142
31 246 31 141
31 238 30 143
31 242 31 142
31 246 31 141
30 243 30 143
35 259 29 143
31 242 31 142
33 239 31 142
33 239 31 142
32 240 31 142
33 239 31 142
31 246 31 141
31 242 31 142
33 239 31 142
33 239 31 142
33 239 31 142
31 238 30 143
31 242 31 142
33 239 31 142
31 242 31 142
31 242 31 142
33 262 29 143
32 240 31 142
30 243 30 143
33 239 31 142
31 242 31 142
32 240 31 142
31 242 31 142
31 242 31 142
31 246 31 141
31 242 31 142
31 242 31 142
31 246 31 141
33 239 31 142
33 239 31 142
33 239 31 142
29 232 29 146
31 242 31 142
32 240 31 142
33 239 31 142
30 243 30 143
31 242 31 142
31 246 31 141
29 232 29 146
31 242 31 142
34 245 31 141
33 239 31 142
31 242 31 142
33 239 31 142
33 239 31 142
31 242 31 142
31 246 31 141
33 239 31 142
31 242 31 142
31 242 31 142
31 242 31 142
31 242 31 142
31 242 31 142
36 244 31 141
33 239 31 142
32 240 31 142
31 242 31 142
31 238 30 143
31 242 31 142
33 239 31 142
31 242 31 142
33 239 31 142
31 242 31 142
31 246 31 141
32 240 31 142
31 242 31 142
31 242 31 142
31 246 31 141
