106074 2460.43
56 482 36 164
61 443 37 164
50 378 37 162
52 433 34 169
41 358 34 161
57 474 39 173
49 414 31 164
61 459 57 163
56 497 38 166
47 380 32 156
50 406 35 161
52 374 34 159
46 370 35 155
48 402 37 166
82 575 50 181
49 411 42 173
54 432 36 154
68 540 40 178
51 370 41 175
57 465 42 174
44 356 33 160
75 625 38 184
59 471 44 175
52 450 41 169
55 421 35 174
66 546 56 199
48 356 36 163
36 286 30 154
60 492 36 162
48 389 34 170
43 352 38 161
46 362 41 157
52 405 34 166
45 360 42 168
55 476 49 171
67 543 40 177
53 429 34 167
46 406 43 162
39 290 35 159
50 433 35 155
69 594 49 182
41 352 34 160
45 380 32 163
52 432 37 171
51 429 48 171
50 412 38 165
53 385 41 165
57 465 41 154
72 595 43 189
68 536 40 169
57 497 39 182
45 374 35 161
55 401 44 178
59 437 57 182
56 464 47 170
52 407 37 172
56 449 35 176
56 461 37 176
54 362 38 162
54 387 32 165
46 389 37 160
48 385 37 168
54 395 36 170
38 310 32 154
53 394 35 161
48 358 32 167
60 462 32 169
45 360 35 162
55 462 42 169
42 350 30 154
69 466 39 176
49 382 34 166
52 386 32 168
60 467 43 161
54 451 33 169
53 417 43 172
61 461 51 170
54 487 41 178
51 409 34 160
50 401 37 161
45 368 30 160
44 381 32 157
58 468 40 174
49 379 43 176
40 318 32 156
54 393 40 171
41 364 33 161
51 395 40 166
41 338 37 165
46 366 32 160
70 596 37 161
50 404 35 170
47 404 41 174
46 371 29 157
61 396 32 169
56 480 34 163
58 453 35 166
46 349 31 166
49 411 37 172
49 421 41 170
64 496 49 178
55 408 37 170
69 466 50 185
56 450 49 175
57 452 31 170
63 481 40 170
43 357 29 159
60 465 46 176
60 436 33 171
45 368 38 161
54 470 37 180
45 335 31 165
48 361 30 159
43 338 38 166
44 376 36 163
49 348 34 166
46 357 36 166
60 481 41 170
45 378 40 172
45 363 33 156
46 371 32 170
58 466 35 160
57 484 43 166
64 508 37 166
47 377 43 158
47 380 34 171
51 348 35 160
46 349 39 167
67 524 46 178
56 473 37 157
51 403 32 167
60 447 37 162
45 332 31 159
43 343 32 162
51 406 32 160
62 516 39 169
51 413 40 179
47 379 32 161
47 384 35 163
45 361 32 164
43 347 37 156
51 421 35 170
48 342 36 161
47 369 34 159
56 423 38 167
65 520 42 181
48 393 36 163
49 375 34 158
43 329 32 161
54 447 37 172
83 613 67 201
47 394 33 163
56 489 40 180
56 459 43 168
47 343 29 155
49 429 43 171
58 400 42 170
71 605 35 181
51 407 31 166
57 434 37 162
53 434 35 164
42 356 33 160
52 436 36 153
53 363 35 163
59 520 34 162
43 338 29 159
43 372 33 164
45 358 30 159
59 438 37 166
39 333 29 158
38 320 30 165
57 391 35 163
36 293 33 157
52 398 37 167
45 388 34 163
45 340 31 166
50 415 33 164
47 361 30 157
70 547 34 173
58 513 47 187
49 409 39 167
45 339 37 158
55 407 35 170
43 363 36 165
39 328 32 158
45 334 36 160
55 490 37 172
55 436 45 190
54 397 46 161
53 418 32 160
57 490 38 178
47 381 35 156
55 466 42 177
46 401 37 166
58 459 32 167
54 429 44 158
56 407 35 163
50 389 37 174
50 413 32 157
57 498 47 162
54 475 39 181
60 427 44 168
43 347 32 170
47 360 41 164
43 355 35 161
59 525 49 175
55 408 38 165
54 439 43 178
55 481 44 173
44 370 35 158
54 414 36 161
47 381 38 159
48 422 40 178
49 410 41 166
51 406 31 165
40 349 34 160
54 424 35 173
60 480 40 167
47 374 31 160
72 636 40 177
57 448 39 175
62 449 45 157
44 337 32 163
53 439 40 176
45 380 30 168
61 439 35 178
57 466 34 170
61 479 42 172
43 329 34 159
50 417 31 162
69 614 50 188
41 336 31 159
44 360 37 158
50 412 40 176
58 439 50 170
49 415 38 170
49 350 32 158
62 542 51 184
51 408 30 159
51 429 34 157
58 476 35 169
66 580 39 188
46 365 33 165
76 602 42 174
54 375 36 165
49 399 39 168
62 482 32 177
56 478 45 178
54 469 42 169
69 537 38 185
34 285 31 159
48 370 34 169
56 438 47 173
54 454 39 180
54 435 31 164
47 369 29 157
59 498 47 163
48 398 32 160
47 391 35 169
42 325 29 158
51 333 32 164
45 359 33 166
45 352 32 158
37 329 32 156
60 513 46 171
58 473 40 173
43 347 34 167
65 460 40 174
47 402 37 159
55 456 53 180
43 322 38 165
60 477 40 172
56 441 32 162
51 416 39 170
52 406 43 165
78 691 47 194
66 506 35 162
54 436 35 163
52 422 39 161
48 392 39 169
61 480 50 178
57 509 37 175
55 411 43 175
54 385 34 170
65 523 40 168
49 440 42 172
54 448 35 169
45 355 33 169
47 363 35 174
65 517 45 177
50 439 38 177
60 447 46 168
70 582 48 189
43 363 34 164
61 543 49 174
36 329 35 157
67 561 44 193
57 474 39 182
44 374 39 168
64 516 37 169
