40716 960.202
55 483 41 170
48 373 46 174
62 496 36 163
53 480 41 158
48 394 34 163
48 378 39 167
42 331 34 158
50 397 38 168
65 441 51 174
40 327 30 163
52 448 47 164
42 383 35 172
66 534 46 174
43 342 36 162
62 504 42 172
62 477 49 167
70 504 43 182
56 450 44 166
61 520 42 160
56 449 41 174
53 498 34 163
53 440 42 175
61 547 36 168
50 413 34 161
58 453 41 160
63 498 34 167
57 449 43 181
48 418 34 161
70 615 42 178
56 478 40 159
54 429 33 157
52 382 33 160
55 422 42 173
44 362 34 165
72 611 55 188
59 451 39 174
64 487 40 169
62 525 42 181
53 393 35 168
57 442 37 169
60 473 50 170
43 347 35 158
70 549 52 183
58 468 49 164
51 445 41 169
50 411 45 171
64 581 49 179
55 456 35 167
52 431 35 162
50 397 37 164
48 401 35 167
54 394 37 168
44 336 33 160
52 424 34 166
44 365 33 166
74 662 63 188
70 548 47 173
55 493 51 174
48 406 38 166
50 437 32 165
55 467 36 166
71 583 51 179
45 346 36 160
72 601 49 181
44 352 39 171
62 522 49 165
46 369 32 165
57 388 56 164
60 510 37 167
51 445 45 178
85 701 56 184
72 542 45 170
58 422 39 163
62 541 43 170
51 390 40 186
62 531 43 164
55 443 43 180
62 534 52 181
48 391 32 159
66 501 58 174
48 405 48 180
54 409 35 166
54 458 38 168
55 420 40 170
54 455 36 157
71 538 36 167
64 499 44 173
52 401 41 170
56 458 44 171
51 424 39 164
60 493 47 172
45 394 31 159
59 466 54 174
66 570 60 188
54 433 44 167
48 408 38 163
43 358 41 161
52 422 38 165
52 449 39 160
55 443 36 162
56 435 42 170
48 381 34 165
55 415 41 160
64 448 52 172
55 455 50 185
52 382 36 155
47 387 37 175
47 397 35 160
62 489 49 168
54 467 44 193
56 457 30 159
55 410 35 169
74 613 47 174
48 342 36 162
66 545 40 178
78 623 51 186
63 534 37 168
68 556 54 165
60 514 40 171
55 491 43 166
63 529 49 179
60 468 37 169
54 391 38 157
40 345 32 165
71 568 43 168
64 548 45 169
59 500 37 164
61 494 46 180
53 428 42 166
63 458 44 171
75 648 44 183
53 445 41 172
51 376 38 164
48 393 36 166
50 418 36 165
49 404 34 162
59 476 39 160
54 460 42 159
40 331 29 165
42 343 33 163
56 464 34 158
62 573 48 176
57 506 44 185
66 530 40 174
43 338 32 159
65 530 44 201
68 580 53 190
51 382 37 169
48 349 32 159
58 459 46 167
47 342 35 165
57 495 43 175
50 396 37 157
48 423 33 163
48 404 43 161
41 326 33 162
60 504 49 182
57 476 47 163
57 478 44 168
48 401 38 171
49 434 32 168
43 364 36 167
43 354 33 161
51 419 36 174
55 444 41 167
55 447 35 162
78 648 53 186
59 467 32 171
62 479 39 165
54 454 46 167
53 429 38 168
53 448 34 160
49 426 35 169
68 531 49 181
74 595 35 172
49 420 36 166
61 504 41 178
53 404 48 175
56 469 36 164
64 549 50 184
50 426 37 181
75 670 42 189
66 551 38 181
58 457 36 157
55 442 41 162
46 387 33 165
46 403 38 157
51 420 31 161
53 371 32 166
64 541 46 176
60 490 38 172
58 484 44 163
55 417 34 174
62 505 41 185
50 401 37 165
55 473 38 175
55 411 33 164
57 474 44 177
47 380 38 156
52 404 37 163
60 513 51 183
53 427 46 173
47 354 36 173
38 337 30 161
47 400 34 166
43 317 34 160
43 344 32 161
49 400 33 160
53 449 34 170
48 403 32 166
55 465 47 171
41 311 34 162
53 463 40 179
45 351 35 160
41 330 32 163
50 420 47 166
53 450 50 168
54 445 45 173
56 492 46 172
92 747 70 210
56 412 39 172
51 406 35 166
60 504 43 167
43 365 37 174
62 502 47 178
58 487 44 187
62 440 41 166
60 462 48 172
62 524 42 171
47 405 35 173
51 408 42 171
57 460 38 169
68 560 49 172
50 437 41 167
54 420 37 155
37 315 31 165
48 378 34 170
43 341 34 169
51 375 33 163
50 396 35 170
62 516 38 177
73 599 50 183
54 395 36 164
54 470 43 169
47 411 38 175
58 492 36 160
67 562 36 163
64 519 40 166
47 391 32 161
65 571 39 176
55 459 37 169
55 447 37 167
48 408 40 171
51 425 39 168
54 427 32 158
51 408 37 158
66 545 33 164
51 407 43 168
53 455 36 161
63 518 48 195
49 418 38 171
51 441 41 173
60 466 37 175
46 386 33 168
53 413 32 166
63 436 50 163
50 429 33 159
50 410 33 164
51 402 33 158
60 436 39 176
66 539 51 176
64 504 51 175
49 369 33 173
50 390 31 162
49 391 38 164
70 503 51 172
47 386 38 158
59 480 38 173
52 414 36 172
57 486 33 175
50 413 45 165
43 342 37 161
54 430 39 167
60 463 33 162
53 430 37 169
52 405 38 170
46 351 37 164
52 459 48 168
48 400 39 163
50 451 31 162
55 448 41 171
54 455 35 164
65 487 50 171
56 474 44 166
47 400 39 157
48 405 42 171
58 441 47 174
78 575 60 195
58 411 35 160
49 404 40 165
