10153 120.019
29 239 27 148
31 229 30 146
31 238 26 151
33 246 33 140
34 243 33 140
31 238 26 151
33 256 27 147
29 239 27 148
30 236 29 149
30 237 27 150
31 235 31 142
34 243 33 140
33 242 31 141
31 235 31 142
33 242 31 141
32 237 28 144
31 236 29 143
32 237 28 144
31 238 26 151
32 237 28 144
31 236 29 143
31 229 30 146
32 237 28 144
31 230 31 143
31 236 29 143
31 234 28 145
32 237 28 144
30 241 28 146
30 236 29 149
31 229 28 147
30 237 27 150
31 236 29 143
33 242 31 141
31 235 31 142
31 229 30 146
29 238 29 147
32 237 28 144
31 235 31 142
31 236 29 143
32 232 28 145
33 242 31 141
30 245 29 145
34 241 31 141
32 232 28 145
31 234 28 145
29 238 29 147
33 242 31 141
32 244 31 141
32 237 28 144
31 231 29 144
31 230 31 143
31 229 28 147
31 236 29 143
31 231 29 144
31 230 31 143
31 236 29 143
31 235 31 142
32 244 31 141
31 235 31 142
32 232 28 145
33 242 31 141
33 246 33 140
31 236 29 143
31 235 31 142
31 235 31 142
33 242 31 141
31 235 31 142
31 236 29 143
31 236 29 143
31 236 29 143
33 242 31 141
31 236 29 143
31 235 31 142
33 242 31 141
31 236 29 143
31 236 29 143
33 242 31 141
31 236 29 143
31 235 31 142
31 235 31 142
31 236 29 143
32 237 28 144
32 237 28 144
33 242 31 141
32 237 28 144
33 242 31 141
31 236 29 143
31 236 29 143
33 242 31 141
33 242 31 141
31 236 29 143
31 236 29 143
31 236 29 143
31 235 31 142
32 237 28 144
31 235 31 142
31 235 31 142
31 235 31 142
31 235 31 142
31 236 29 143
31 236 29 143
32 237 28 144
31 236 29 143
32 237 28 144
32 237 28 144
31 236 29 143
31 235 31 142
31 235 31 142
31 235 31 142
31 235 31 142
33 242 31 141
33 242 31 141
31 235 31 142
31 235 31 142
31 235 31 142
31 236 29 143
31 236 29 143
32 237 28 144
31 235 31 142
31 236 29 143
31 235 31 142
31 236 29 143
31 235 31 142
31 230 31 143
31 236 29 143
31 235 31 142
31 235 31 142
31 236 29 143
31 235 31 142
33 242 31 141
31 230 31 143
31 236 29 143
31 236 29 143
33 242 31 141
31 235 31 142
32 237 28 144
31 235 31 142
31 235 31 142
33 242 31 141
33 242 31 141
31 236 29 143
31 236 29 143
31 235 31 142
31 236 29 143
31 236 29 143
31 235 31 142
31 236 29 143
31 236 29 143
31 235 31 142
31 235 31 142
31 235 31 142
31 235 31 142
32 237 28 144
31 236 29 143
31 235 31 142
33 242 31 141
31 235 31 142
31 235 31 142
31 236 29 143
31 236 29 143
32 237 28 144
31 236 29 143
31 236 29 143
31 236 29 143
31 236 29 143
31 235 31 142
31 238 26 151
32 237 28 144
31 236 29 143
31 236 29 143
33 242 31 141
31 238 26 151
31 236 29 143
31 236 29 143
31 235 31 142
31 235 31 142
31 236 29 143
32 237 28 144
31 235 31 142
31 236 29 143
31 235 31 142
31 236 29 143
31 235 31 142
31 236 29 143
33 242 31 141
31 235 31 142
31 236 29 143
31 235 31 142
33 242 31 141
33 242 31 141
31 235 31 142
31 236 29 143
31 236 29 143
31 236 29 143
31 236 29 143
31 236 29 143
31 235 31 142
32 237 28 144
32 232 28 145
31 236 29 143
31 235 31 142
33 242 31 141
31 236 29 143
31 236 29 143
31 236 29 143
31 235 31 142
31 235 31 142
31 236 29 143
31 235 31 142
31 229 28 147
31 236 29 143
31 236 29 143
31 235 31 142
32 232 28 145
32 237 28 144
33 242 31 141
31 235 31 142
31 236 29 143
31 236 29 143
32 237 28 144
31 235 31 142
31 235 31 142
33 242 31 141
31 235 31 142
31 236 29 143
32 237 28 144
31 236 29 143
31 236 29 143
32 237 28 144
32 237 28 144
32 237 28 144
31 236 29 143
32 237 28 144
31 235 31 142
31 235 31 142
31 235 31 142
33 242 31 141
31 235 31 142
31 235 31 142
31 235 31 142
31 236 29 143
31 235 31 142
32 244 31 141
32 237 28 144
33 242 31 141
32 237 28 144
31 236 29 143
31 236 29 143
32 237 28 144
31 236 29 143
31 236 29 143
31 235 31 142
31 235 31 142
33 242 31 141
32 237 28 144
33 242 31 141
31 236 29 143
31 235 31 142
32 237 28 144
31 236 29 143
32 237 28 144
31 236 29 143
31 236 29 143
31 236 29 143
31 236 29 143
31 236 29 143
33 242 31 141
31 235 31 142
32 238 27 148
31 235 31 142
31 236 29 143
31 236 29 143
31 236 29 143
32 237 28 144
31 235 31 142
32 237 28 144
31 236 29 143
31 235 31 142
31 235 31 142
31 236 29 143
31 236 29 143
31 236 29 143
32 237 28 144
31 236 29 143
31 235 31 142
31 236 29 143
31 235 31 142
31 236 29 143
32 237 28 144
31 236 29 143
33 242 31 141
31 235 31 142
33 242 31 141
31 236 29 143
32 237 28 144
31 236 29 143
32 237 28 144
31 236 29 143
31 236 29 143
32 237 28 144
