124324 1740.23
31 263 29 165
33 245 31 157
34 258 29 165
39 287 39 148
34 250 32 156
33 247 31 157
36 284 36 150
33 254 31 157
33 245 31 157
33 247 31 157
36 261 36 154
33 248 31 157
35 281 33 151
34 256 32 156
33 247 31 157
34 249 30 158
34 256 32 156
32 257 31 160
34 252 32 156
33 247 31 157
37 305 31 153
35 259 35 155
36 264 36 153
32 256 31 160
34 248 30 158
34 250 32 156
34 249 30 161
33 247 31 157
36 263 36 154
33 273 33 156
35 267 35 151
34 248 30 158
33 245 31 157
34 252 32 156
33 249 31 157
33 245 31 157
35 267 35 151
36 264 36 153
34 252 32 156
33 245 31 157
35 280 33 151
34 250 32 156
35 267 35 151
33 255 31 157
33 245 31 157
35 266 32 154
35 267 35 151
33 249 31 159
34 257 32 156
32 256 30 164
33 249 31 157
34 262 32 155
34 256 32 156
32 254 31 163
33 249 31 157
34 246 30 158
35 259 33 155
34 253 32 156
36 263 36 154
32 270 32 158
35 267 35 151
34 252 32 156
33 260 31 157
33 245 31 157
33 247 31 157
34 250 32 156
35 267 35 151
34 274 32 154
33 247 31 157
33 245 31 157
35 259 35 155
33 245 31 157
38 297 32 152
34 256 32 156
33 245 31 157
33 249 31 157
37 284 33 151
33 248 31 157
36 263 36 154
33 249 31 159
33 253 29 165
35 259 35 155
36 275 36 150
33 273 33 156
34 261 30 157
34 250 32 156
35 259 33 155
33 247 31 157
34 250 32 156
33 248 31 157
35 267 35 151
34 275 31 155
34 252 32 156
33 248 31 157
32 256 30 164
33 245 31 157
36 261 36 154
35 267 35 151
33 245 31 157
33 245 31 157
35 267 35 151
34 250 32 156
36 261 36 154
33 251 31 157
33 245 31 157
35 259 35 155
35 272 33 152
33 247 31 157
34 256 32 156
33 248 31 157
34 252 32 156
34 248 30 158
34 252 32 156
34 252 32 156
34 254 30 158
33 249 31 157
34 250 30 158
34 250 32 156
34 274 32 154
33 250 31 159
36 275 36 150
36 264 36 153
34 250 32 156
33 247 31 157
34 246 30 158
33 245 31 157
35 267 35 151
31 259 29 165
33 248 31 157
34 250 32 156
35 260 35 155
33 247 31 157
36 263 36 154
34 273 34 154
33 245 31 157
34 261 30 157
36 261 36 154
35 262 35 154
35 259 35 155
33 248 31 157
35 262 31 156
35 268 32 153
35 267 35 151
33 250 31 159
34 261 30 157
35 259 35 155
35 263 32 154
34 250 32 156
34 250 32 156
33 249 31 159
35 259 35 155
33 245 31 157
34 246 30 158
34 250 32 156
35 260 33 155
33 245 31 157
37 302 36 149
35 262 35 154
33 250 31 157
33 245 31 157
35 268 32 153
34 248 30 158
35 259 35 155
34 250 32 156
33 245 31 157
38 305 32 152
35 267 35 151
33 248 31 157
35 259 33 155
32 257 31 160
34 250 30 158
33 249 31 157
36 261 36 154
33 273 33 156
34 246 30 158
34 246 30 158
33 249 31 157
36 261 36 154
34 253 32 156
32 260 31 160
39 282 39 149
35 259 35 155
34 274 32 154
33 245 31 157
33 248 31 157
33 247 31 157
36 275 36 150
33 250 31 157
33 245 31 157
33 245 31 157
36 261 36 154
33 245 31 157
35 267 35 151
34 273 34 154
33 245 31 157
35 263 32 154
35 259 35 155
32 257 31 160
34 250 32 156
33 245 31 157
37 273 31 154
35 272 33 152
35 267 35 151
33 248 31 157
33 261 31 156
33 249 31 157
34 248 30 158
34 246 30 158
34 250 32 156
33 250 31 157
35 267 35 151
34 252 32 156
33 247 31 157
34 250 32 156
33 248 31 157
33 245 31 157
35 267 35 151
35 259 35 155
34 250 32 156
33 245 31 157
38 279 35 150
33 248 31 157
35 259 35 155
33 250 31 162
33 245 31 157
37 284 33 151
36 275 36 150
34 250 32 156
37 286 32 152
33 255 31 157
33 249 31 157
34 269 30 157
34 252 32 156
32 254 31 163
33 249 31 157
33 249 31 157
34 262 32 155
34 252 32 156
35 262 35 154
31 263 29 165
35 267 35 151
34 256 32 156
33 248 31 157
33 247 31 157
34 249 30 161
34 250 32 156
35 259 35 155
33 250 31 157
33 247 31 157
34 246 30 158
34 253 32 156
34 246 34 157
36 261 36 154
34 252 32 156
34 252 32 156
34 249 30 161
35 259 35 155
34 262 32 155
35 282 32 152
33 253 31 157
34 261 30 157
35 259 35 155
35 287 35 151
33 256 31 157
34 253 30 158
34 253 32 156
34 275 31 155
34 250 32 156
34 250 32 156
33 250 31 162
36 264 36 153
33 268 30 162
34 250 32 156
34 250 32 156
34 248 30 158
33 247 31 157
36 275 36 150
35 259 35 155
33 248 31 157
34 246 34 157
38 279 35 150
34 250 32 156
36 261 36 154
33 253 31 157
33 247 31 157
34 256 32 156
35 260 35 155
33 247 31 157
36 270 32 153
33 255 31 157
35 259 33 155
35 259 33 155
34 252 32 156
33 256 31 157
34 254 30 158
33 247 31 157
34 246 30 158
34 250 32 156
35 281 32 153
32 254 31 163
