152645 600.031
34 278 31 153
46 375 32 142
34 308 28 151
38 318 26 152
39 302 27 154
54 464 31 144
39 292 37 144
54 464 31 144
46 375 32 142
46 390 29 145
39 285 35 145
39 285 35 145
46 375 32 142
40 312 31 146
41 361 27 148
46 375 32 142
37 287 30 151
43 342 33 143
38 318 26 152
38 293 30 150
43 342 33 143
42 366 28 146
37 281 31 152
41 361 27 148
39 327 28 147
34 308 28 151
39 285 35 145
35 306 32 145
39 298 32 146
44 313 34 144
38 318 26 152
36 314 29 146
37 287 30 151
46 390 29 145
44 313 34 144
44 313 34 144
37 287 30 151
39 327 28 147
43 342 33 143
35 306 32 145
40 316 33 144
35 286 32 149
34 293 29 151
39 302 27 154
36 314 29 146
38 318 26 152
34 278 31 153
46 390 29 145
37 281 31 152
36 314 29 146
39 327 28 147
41 339 31 145
40 316 33 144
38 301 32 145
39 292 37 144
42 351 30 145
41 361 27 148
41 339 31 145
36 314 29 146
35 286 32 149
42 366 28 146
35 286 32 149
34 278 31 153
34 278 31 153
38 318 26 152
43 342 33 143
42 366 28 146
42 351 30 145
39 292 37 144
42 366 28 146
41 361 27 148
38 318 26 152
40 312 31 146
39 345 27 149
39 327 28 147
39 349 32 144
39 298 32 146
38 318 26 152
38 318 26 152
34 278 31 153
38 301 32 145
34 293 29 151
40 316 33 144
44 313 34 144
39 349 32 144
42 351 30 145
38 295 30 149
34 308 28 151
34 293 29 151
36 296 29 148
39 302 27 154
35 286 32 149
36 296 32 147
34 293 29 151
41 339 31 145
35 286 32 149
42 351 30 145
44 313 34 144
39 298 32 146
34 308 28 151
39 327 28 147
38 318 26 152
41 361 27 148
34 278 31 153
34 293 29 151
39 298 32 146
34 308 28 151
39 327 28 147
39 302 27 154
39 302 27 154
34 308 28 151
40 316 33 144
39 285 35 145
42 366 28 146
42 351 30 145
37 287 30 151
37 287 30 151
39 292 37 144
38 318 26 152
39 298 32 146
39 302 27 154
40 316 33 144
54 464 31 144
39 302 27 154
39 302 27 154
38 318 26 152
54 464 31 144
36 314 29 146
46 390 29 145
37 281 31 152
43 342 33 143
37 287 30 151
37 312 31 147
38 318 26 152
34 302 29 149
35 306 32 145
44 313 34 144
39 285 35 145
35 306 32 145
39 298 32 146
37 312 31 147
43 342 33 143
40 316 33 144
35 306 32 145
46 375 32 142
39 327 28 147
44 313 34 144
40 312 31 146
42 351 30 145
46 375 32 142
34 278 31 153
41 361 27 148
34 278 31 153
34 278 31 153
46 390 29 145
54 464 31 144
42 366 28 146
42 366 28 146
38 318 26 152
41 361 27 148
41 361 27 148
35 306 32 145
34 308 28 151
35 286 32 149
35 286 32 149
39 302 27 154
34 278 31 153
38 318 26 152
37 281 31 152
46 375 32 142
38 318 26 152
36 314 29 146
38 318 26 152
36 314 29 146
54 464 31 144
44 313 34 144
37 281 31 152
44 313 34 144
35 286 32 149
40 312 31 146
38 318 26 152
34 278 31 153
46 390 29 145
37 281 31 152
39 292 37 144
41 361 27 148
35 286 32 149
42 366 28 146
34 278 31 153
43 342 33 143
42 366 28 146
42 351 30 145
39 292 37 144
42 366 28 146
41 361 27 148
36 314 29 146
39 298 32 146
38 318 26 152
34 278 31 153
38 301 32 145
40 316 33 144
39 349 32 144
34 308 28 151
39 302 27 154
35 286 32 149
36 296 32 147
34 293 29 151
35 286 32 149
42 351 30 145
39 298 32 146
37 281 31 152
46 375 32 142
39 302 27 154
54 464 31 144
39 292 37 144
54 464 31 144
46 375 32 142
39 285 35 145
46 375 32 142
40 312 31 146
41 361 27 148
46 375 32 142
43 342 33 143
38 293 30 150
42 366 28 146
38 318 26 152
41 361 27 148
39 327 28 147
34 308 28 151
39 285 35 145
39 298 32 146
37 287 30 151
46 390 29 145
44 313 34 144
44 313 34 144
37 287 30 151
35 306 32 145
40 316 33 144
35 286 32 149
39 302 27 154
38 318 26 152
40 316 33 144
35 306 32 145
46 375 32 142
39 327 28 147
44 313 34 144
40 312 31 146
46 375 32 142
34 278 31 153
41 361 27 148
34 278 31 153
34 278 31 153
46 390 29 145
54 464 31 144
42 366 28 146
42 366 28 146
43 342 33 143
41 361 27 148
35 306 32 145
35 286 32 149
35 286 32 149
39 302 27 154
34 278 31 153
38 318 26 152
38 318 26 152
36 314 29 146
54 464 31 144
44 313 34 144
37 281 31 152
44 313 34 144
35 286 32 149
40 316 33 144
34 293 29 151
39 298 32 146
34 308 28 151
39 327 28 147
39 302 27 154
39 302 27 154
34 308 28 151
40 316 33 144
39 285 35 145
42 366 28 146
42 351 30 145
37 287 30 151
38 318 26 152
39 298 32 146
40 312 31 146
54 464 31 144
39 302 27 154
38 318 26 152
36 314 29 146
46 390 29 145
43 342 33 143
37 312 31 147
38 318 26 152
34 302 29 149
35 306 32 145
44 313 34 144
39 285 35 145
35 306 32 145
