696992 2700.09
38 318 26 152
38 318 26 152
49 447 33 141
34 271 29 149
33 291 32 150
41 358 36 140
46 390 34 140
52 434 31 141
39 292 28 155
35 276 31 146
42 354 27 145
49 447 33 141
44 329 31 142
35 308 28 151
39 275 33 148
39 292 28 155
42 336 34 141
33 287 31 151
33 296 29 151
36 310 30 144
49 447 33 141
39 289 31 144
44 329 31 142
37 302 27 148
36 310 30 144
42 336 34 141
33 291 32 150
38 318 26 152
33 291 32 150
46 390 34 140
49 447 33 141
36 285 35 142
36 285 35 142
38 335 27 147
37 295 33 144
35 276 31 146
46 390 34 140
35 276 31 146
38 335 27 147
41 358 36 140
37 302 27 148
36 301 33 144
42 354 27 145
36 305 33 143
36 305 33 143
38 318 26 152
37 313 28 145
37 302 27 148
39 289 31 144
33 298 29 149
33 291 32 150
40 284 28 148
40 328 34 142
44 329 31 142
39 292 28 155
41 358 36 140
37 313 28 145
40 328 34 142
36 285 35 142
36 285 35 142
39 289 31 144
38 335 27 147
34 271 29 149
40 284 28 148
38 335 27 147
40 284 28 148
42 354 27 145
40 284 28 148
37 313 28 145
37 295 33 144
34 271 29 149
42 354 27 145
34 271 29 149
34 279 34 144
36 305 33 143
37 302 27 148
39 292 28 155
40 284 28 148
36 285 35 142
33 291 32 150
37 313 28 145
33 287 31 151
39 289 31 144
33 287 31 151
33 291 32 150
40 328 34 142
40 284 28 148
37 295 33 144
49 447 33 141
42 336 34 141
33 295 29 152
40 328 34 142
33 296 29 151
39 292 28 155
42 336 34 141
36 310 30 144
49 447 33 141
33 296 29 151
38 318 26 152
36 301 33 144
40 328 34 142
36 285 35 142
33 287 31 151
42 336 34 141
40 328 34 142
52 434 31 141
36 301 33 144
36 305 33 143
46 390 34 140
37 302 27 148
52 434 31 141
37 302 27 148
40 328 34 142
39 292 28 155
36 285 35 142
37 313 28 145
33 298 29 149
35 276 31 146
37 313 28 145
44 329 31 142
36 310 30 144
41 358 36 140
36 285 35 142
33 291 32 150
39 292 28 155
38 318 26 152
37 313 28 145
39 275 33 148
34 271 29 149
33 287 31 151
34 271 29 149
36 285 35 142
36 310 30 144
49 447 33 141
49 447 33 141
41 358 36 140
39 292 28 155
37 302 27 148
33 291 32 150
33 291 32 150
49 447 33 141
35 276 31 146
44 329 31 142
33 291 32 150
33 298 29 149
38 318 26 152
33 291 32 150
37 313 28 145
40 328 34 142
38 318 26 152
39 289 31 144
36 310 30 144
39 275 33 148
41 358 36 140
37 302 27 148
46 390 34 140
39 289 31 144
35 308 28 151
39 292 28 155
37 302 27 148
37 295 33 144
40 328 34 142
34 271 29 149
39 292 28 155
49 447 33 141
41 358 36 140
33 295 29 152
36 305 33 143
33 295 29 152
40 328 34 142
41 358 36 140
40 328 34 142
39 292 28 155
36 310 30 144
49 447 33 141
33 291 32 150
40 328 34 142
36 285 35 142
42 336 34 141
39 289 31 144
49 447 33 141
37 302 27 148
52 434 31 141
36 301 33 144
36 305 33 143
46 390 34 140
37 302 27 148
52 434 31 141
37 302 27 148
39 292 28 155
36 285 35 142
33 298 29 149
39 292 28 155
38 335 27 147
34 271 29 149
40 284 28 148
38 335 27 147
37 313 28 145
39 289 31 144
36 285 35 142
42 354 27 145
34 271 29 149
34 279 34 144
36 305 33 143
37 302 27 148
35 276 31 146
40 284 28 148
36 285 35 142
37 313 28 145
33 287 31 151
39 289 31 144
33 291 32 150
36 285 35 142
40 328 34 142
40 284 28 148
37 295 33 144
33 291 32 150
35 276 31 146
44 329 31 142
33 291 32 150
35 276 31 146
36 285 35 142
36 285 35 142
39 289 31 144
49 447 33 141
39 275 33 148
41 358 36 140
46 390 34 140
49 447 33 141
35 308 28 151
39 292 28 155
37 295 33 144
40 328 34 142
34 271 29 149
39 292 28 155
49 447 33 141
41 358 36 140
33 295 29 152
38 318 26 152
41 358 36 140
37 313 28 145
44 329 31 142
36 310 30 144
38 318 26 152
36 305 33 143
33 291 32 150
39 292 28 155
38 318 26 152
42 354 27 145
39 275 33 148
34 271 29 149
36 301 33 144
33 291 32 150
38 335 27 147
35 276 31 146
49 447 33 141
41 358 36 140
39 292 28 155
37 302 27 148
46 390 34 140
37 295 28 146
33 291 32 150
39 289 31 144
40 328 34 142
36 285 35 142
44 329 31 142
40 284 28 148
52 434 31 141
35 276 31 146
33 298 29 149
33 295 29 152
38 318 26 152
37 325 31 143
40 328 34 142
45 344 28 144
38 318 26 152
33 298 29 149
36 301 33 144
49 447 33 141
33 291 32 150
33 291 32 150
36 285 35 142
49 447 33 141
34 271 29 149
36 301 33 144
46 390 34 140
42 336 34 141
39 292 28 155
39 292 28 155
41 335 31 142
41 358 36 140
33 291 32 150
34 271 29 149
41 358 36 140
39 321 36 141
35 276 31 146
40 284 28 148
36 305 33 143
40 328 34 142
46 390 34 140
