683527 2700.09
33 261 30 145
41 354 34 140
32 267 29 148
50 395 33 140
50 395 33 140
41 324 39 140
34 305 27 156
39 322 26 150
49 371 27 145
41 324 39 140
41 354 34 140
36 300 31 143
45 380 27 146
41 350 27 147
41 324 39 140
33 261 30 145
38 307 27 153
36 315 27 150
38 307 27 153
33 261 30 145
34 276 28 149
42 319 27 147
44 297 31 143
45 380 27 146
33 284 29 146
45 380 27 146
41 315 28 146
36 300 31 143
32 267 29 148
34 293 28 147
36 300 31 143
37 307 31 141
39 322 26 150
44 297 31 143
35 316 33 142
34 293 28 147
50 395 33 140
33 261 30 145
36 300 31 143
33 261 30 145
41 311 29 144
35 313 29 144
38 307 27 153
45 380 27 146
34 275 29 147
37 314 27 148
34 293 28 147
41 350 27 147
37 285 30 144
45 380 27 146
41 324 39 140
39 322 26 150
32 267 29 148
37 307 31 141
45 365 30 142
32 267 29 148
33 284 29 146
37 285 30 144
41 350 27 147
34 276 28 149
36 300 31 143
32 267 29 148
34 275 29 147
36 300 31 143
35 313 29 144
36 300 31 143
41 315 28 146
45 380 27 146
35 313 29 144
37 285 30 144
45 365 30 142
45 359 29 143
45 365 30 142
45 359 29 143
41 354 34 140
34 290 29 145
37 285 30 144
41 354 34 140
41 350 27 147
41 350 27 147
34 290 29 145
35 316 33 142
35 316 33 142
34 290 29 145
37 285 30 144
34 305 27 156
34 305 27 156
41 311 29 144
41 324 39 140
37 314 27 148
34 293 28 147
41 324 39 140
41 315 28 146
34 305 27 156
35 313 29 144
41 350 27 147
41 324 39 140
35 313 29 144
38 319 28 145
35 276 34 142
38 316 30 143
45 365 30 142
41 311 29 144
50 395 33 140
34 293 28 147
36 300 31 143
36 300 31 143
41 324 39 140
41 350 27 147
41 311 29 144
33 284 29 146
36 300 31 143
35 316 33 142
41 324 39 140
41 350 27 147
41 354 34 140
38 307 27 153
38 307 27 153
45 365 30 142
34 275 29 147
45 380 27 146
34 305 27 156
45 365 30 142
34 305 27 156
39 322 26 150
41 324 39 140
39 322 26 150
38 307 27 153
45 380 27 146
41 324 39 140
41 311 29 144
50 395 33 140
45 380 27 146
45 359 29 143
41 311 29 144
45 380 27 146
41 350 27 147
44 297 31 143
37 285 30 144
41 354 34 140
41 324 39 140
36 300 31 143
41 324 39 140
41 324 39 140
34 290 29 145
45 380 27 146
35 316 33 142
32 267 29 148
41 324 39 140
41 350 27 147
35 313 29 144
36 300 31 143
37 285 30 144
42 319 27 147
38 307 27 153
33 261 30 145
41 324 39 140
35 313 29 144
41 354 34 140
34 305 27 156
37 285 30 144
45 380 27 146
34 293 28 147
38 307 27 153
41 324 39 140
50 395 33 140
45 380 27 146
41 324 39 140
41 311 29 144
41 311 29 144
41 354 34 140
32 267 29 148
50 395 33 140
36 300 31 143
38 307 27 153
38 316 30 143
34 275 29 147
34 305 27 156
41 311 29 144
38 307 27 153
35 316 33 142
36 300 31 143
39 322 26 150
36 300 31 143
41 315 28 146
45 380 27 146
35 313 29 144
37 285 30 144
45 365 30 142
45 365 30 142
45 359 29 143
41 354 34 140
41 354 34 140
41 350 27 147
34 290 29 145
35 316 33 142
34 275 29 147
34 290 29 145
37 285 30 144
41 311 29 144
37 314 27 148
34 293 28 147
41 324 39 140
41 315 28 146
34 305 27 156
35 313 29 144
41 350 27 147
41 324 39 140
35 313 29 144
35 276 34 142
38 316 30 143
33 261 30 145
41 354 34 140
33 261 30 145
36 315 27 150
38 307 27 153
34 276 28 149
44 297 31 143
45 380 27 146
33 284 29 146
45 380 27 146
36 300 31 143
32 267 29 148
39 322 26 150
44 297 31 143
34 293 28 147
45 365 30 142
41 311 29 144
35 313 29 144
38 307 27 153
34 275 29 147
37 314 27 148
37 285 30 144
45 380 27 146
41 324 39 140
39 322 26 150
49 371 27 145
45 365 30 142
32 267 29 148
33 284 29 146
34 276 28 149
34 293 28 147
34 290 29 145
45 380 27 146
32 267 29 148
41 324 39 140
41 350 27 147
35 313 29 144
36 300 31 143
37 285 30 144
42 319 27 147
38 307 27 153
41 324 39 140
34 305 27 156
37 285 30 144
45 380 27 146
41 324 39 140
50 395 33 140
45 380 27 146
41 311 29 144
41 311 29 144
41 354 34 140
32 267 29 148
50 395 33 140
36 300 31 143
34 305 27 156
38 316 30 143
34 275 29 147
34 305 27 156
41 324 39 140
38 307 27 153
39 322 26 150
50 395 33 140
34 293 28 147
36 300 31 143
41 350 27 147
36 300 31 143
35 316 33 142
41 350 27 147
41 354 34 140
38 307 27 153
38 307 27 153
34 275 29 147
45 380 27 146
34 305 27 156
34 305 27 156
35 316 33 142
41 324 39 140
39 322 26 150
38 307 27 153
41 324 39 140
50 395 33 140
45 359 29 143
41 311 29 144
45 380 27 146
41 350 27 147
44 297 31 143
37 285 30 144
41 324 39 140
36 300 31 143
