17894 211.912
40 243 28 147
37 240 33 140
36 233 31 142
33 276 26 152
33 276 26 152
33 256 33 140
28 244 27 148
29 243 27 148
39 239 30 142
36 237 31 141
31 247 31 144
29 246 28 147
31 268 30 142
39 234 29 143
29 250 29 146
31 268 30 142
32 250 27 145
30 252 29 143
32 264 31 141
39 234 29 143
37 242 30 142
33 250 32 141
32 264 31 141
32 250 27 145
29 250 29 146
31 255 31 142
30 252 29 143
33 250 32 141
28 244 27 148
33 259 31 141
37 240 33 140
35 235 31 142
34 249 33 140
33 236 29 143
29 243 27 148
40 243 28 147
35 243 30 142
34 247 31 141
31 247 31 144
33 259 31 141
33 256 33 140
34 249 33 140
34 247 31 141
39 239 30 142
37 242 30 142
36 237 31 141
36 233 31 142
35 241 33 140
35 241 33 140
35 238 31 141
35 235 31 142
33 238 31 142
33 236 29 143
31 255 31 142
39 239 30 142
39 239 30 142
39 239 30 142
39 239 30 142
39 239 30 142
39 239 30 142
39 239 30 142
39 239 30 142
39 239 30 142
39 239 30 142
39 239 30 142
39 239 30 142
39 239 30 142
39 239 30 142
39 239 30 142
39 239 30 142
39 239 30 142
39 239 30 142
39 239 30 142
39 239 30 142
39 239 30 142
39 239 30 142
39 239 30 142
39 239 30 142
39 239 30 142
39 239 30 142
39 239 30 142
39 239 30 142
39 239 30 142
39 239 30 142
39 239 30 142
39 239 30 142
39 239 30 142
39 239 30 142
39 239 30 142
39 239 30 142
39 239 30 142
39 239 30 142
39 239 30 142
39 239 30 142
39 239 30 142
39 239 30 142
39 239 30 142
39 239 30 142
39 239 30 142
39 239 30 142
39 239 30 142
39 239 30 142
39 239 30 142
39 239 30 142
39 239 30 142
39 239 30 142
39 239 30 142
39 239 30 142
39 239 30 142
39 239 30 142
39 239 30 142
39 239 30 142
39 239 30 142
39 239 30 142
39 239 30 142
39 239 30 142
39 239 30 142
39 239 30 142
39 239 30 142
39 239 30 142
39 239 30 142
39 239 30 142
39 239 30 142
39 239 30 142
39 239 30 142
39 239 30 142
39 239 30 142
39 239 30 142
39 239 30 142
39 239 30 142
39 239 30 142
39 239 30 142
39 239 30 142
39 239 30 142
39 239 30 142
39 239 30 142
39 239 30 142
39 239 30 142
39 239 30 142
39 239 30 142
39 239 30 142
39 239 30 142
39 239 30 142
39 239 30 142
39 239 30 142
39 239 30 142
39 239 30 142
39 239 30 142
39 239 30 142
39 239 30 142
39 239 30 142
39 239 30 142
39 239 30 142
39 239 30 142
39 239 30 142
39 239 30 142
39 239 30 142
39 239 30 142
39 239 30 142
39 239 30 142
39 239 30 142
39 239 30 142
39 239 30 142
39 239 30 142
39 239 30 142
39 239 30 142
39 239 30 142
39 239 30 142
39 239 30 142
39 239 30 142
39 239 30 142
39 239 30 142
39 239 30 142
39 239 30 142
39 239 30 142
39 239 30 142
39 239 30 142
39 239 30 142
39 239 30 142
39 239 30 142
39 239 30 142
39 239 30 142
39 239 30 142
39 239 30 142
39 239 30 142
39 239 30 142
39 239 30 142
39 234 29 143
39 234 29 143
37 242 30 142
42 250 33 140
40 252 33 140
39 239 29 143
39 238 31 141
37 240 29 143
34 245 31 142
40 240 30 142
38 243 30 142
37 239 31 142
38 243 30 142
39 242 30 142
39 242 30 142
41 241 30 142
39 242 29 143
39 239 31 141
39 238 31 142
38 250 30 142
38 243 31 142
39 243 30 142
40 242 30 142
40 242 30 142
39 243 30 142
41 240 31 142
40 242 29 143
39 250 29 143
39 245 31 141
39 241 31 142
40 243 30 142
39 244 30 142
40 243 30 142
39 244 30 142
39 241 31 142
40 243 30 142
40 243 30 142
39 244 30 142
39 244 30 142
41 244 30 142
41 244 29 143
41 243 31 142
39 248 30 142
39 247 31 141
40 245 31 141
40 245 30 142
41 244 30 142
43 252 29 143
43 244 34 143
41 256 29 143
40 247 31 141
40 246 30 142
41 245 30 142
40 246 30 142
40 246 30 142
40 246 30 142
44 254 29 143
40 248 31 141
40 247 31 142
40 248 30 142
40 248 30 142
40 248 30 142
46 273 29 143
45 260 29 144
41 248 30 142
40 251 31 141
40 251 30 142
41 248 30 142
40 251 30 142
42 248 30 142
40 253 31 141
40 252 30 142
41 249 30 142
40 252 30 142
43 249 32 142
42 257 31 141
40 253 30 142
41 250 30 142
41 250 30 142
42 260 31 141
41 251 30 142
40 258 30 142
44 264 31 141
42 251 31 142
41 252 30 142
41 252 30 142
44 273 31 141
42 252 30 142
42 252 30 142
41 254 30 142
44 252 30 142
42 253 30 142
41 258 30 142
44 252 30 143
42 255 30 142
42 255 30 142
42 257 30 142
42 258 30 142
45 258 30 142
44 259 34 144
42 266 30 142
42 261 31 142
42 261 31 142
48 260 30 142
45 267 30 142
44 283 31 142
49 307 31 142
49 270 30 143
48 285 33 146
45 296 36 145
50 288 30 143
49 296 33 146
51 297 30 143
40 243 28 147
37 240 33 140
36 233 31 142
33 276 26 152
33 276 26 152
33 256 33 140
28 244 27 148
29 243 27 148
39 239 30 142
36 237 31 141
31 268 30 142
39 234 29 143
29 250 29 146
29 246 28 147
31 268 30 142
32 250 27 145
31 247 31 144
32 264 31 141
39 234 29 143
32 264 31 141
33 250 32 141
31 255 31 142
30 252 29 143
33 250 32 141
35 241 33 140
29 243 27 148
33 259 31 141
35 235 31 142
34 249 33 140
33 236 29 143
30 247 29 145
30 244 28 147
40 243 28 147
37 235 29 143
34 236 31 142
32 250 28 144
32 245 29 144
30 252 29 143
30 252 28 144
30 245 29 146
29 250 29 146
28 244 27 148
33 259 31 141
33 256 33 140
34 249 33 140
32 251 31 142
31 247 31 144
37 235 29 143
36 233 31 142
35 241 33 140
35 238 31 141
35 238 31 141
34 239 31 141
34 236 31 142
33 240 30 142
33 237 31 142
32 245 29 144
31 255 31 142
30 252 27 145
30 245 29 146
29 246 28 147
40 243 28 147
40 243 28 147
40 243 28 147
40 243 28 147
40 243 28 147
40 243 28 147
40 243 28 147
40 243 28 147
40 243 28 147
40 243 28 147
40 243 28 147
39 239 30 142
39 239 30 142
39 239 30 142
39 239 30 142
39 239 30 142
39 239 30 142
39 239 30 142
39 239 30 142
39 239 30 142
39 239 30 142
39 239 30 142
39 239 30 142
39 239 30 142
39 239 30 142
39 239 30 142
39 239 30 142
39 239 30 142
39 239 30 142
39 239 30 142
39 239 30 142
39 239 30 142
39 239 30 142
39 239 30 142
39 239 30 142
39 239 30 142
39 239 30 142
39 239 30 142
39 239 30 142
39 239 30 142
39 239 30 142
39 239 30 142
39 239 30 142
39 239 30 142
39 239 30 142
39 239 30 142
39 239 30 142
39 239 30 142
39 239 30 142
39 239 30 142
39 239 30 142
39 239 30 142
39 239 30 142
39 239 30 142
39 239 30 142
39 239 30 142
39 239 30 142
39 239 30 142
39 239 30 142
39 239 30 142
39 239 30 142
39 239 30 142
39 239 30 142
39 239 30 142
39 239 30 142
39 239 30 142
39 239 30 142
39 239 30 142
39 239 30 142
39 239 30 142
39 239 30 142
39 239 30 142
39 239 30 142
39 239 30 142
39 239 30 142
39 239 30 142
39 239 30 142
39 239 30 142
39 239 30 142
39 239 30 142
39 239 30 142
39 239 30 142
39 239 30 142
39 239 30 142
39 239 30 142
39 239 30 142
39 239 30 142
39 239 30 142
39 239 30 142
39 239 30 142
39 239 30 142
39 239 30 142
39 239 30 142
39 239 30 142
39 239 30 142
39 239 30 142
39 239 30 142
39 239 30 142
39 239 30 142
39 239 30 142
39 239 30 142
39 239 30 142
39 239 30 142
39 239 30 142
39 239 30 142
39 239 30 142
39 239 30 142
39 239 30 142
39 239 30 142
39 239 30 142
39 239 30 142
39 239 30 142
39 239 30 142
39 239 30 142
39 239 30 142
39 239 30 142
39 239 30 142
39 239 30 142
39 239 30 142
39 239 30 142
39 239 30 142
39 239 30 142
39 239 30 142
39 239 30 142
39 239 30 142
39 239 30 142
39 239 30 142
39 239 30 142
39 239 30 142
39 239 30 142
36 237 31 141
41 241 30 142
39 260 33 140
39 237 29 143
36 241 31 141
39 244 30 142
39 238 31 141
40 242 30 142
39 238 31 141
41 243 30 142
41 241 29 143
39 239 31 141
37 253 31 141
39 244 30 143
38 243 31 142
39 251 30 142
38 246 31 141
40 245 30 142
42 244 29 143
39 243 31 141
38 257 31 141
38 251 31 142
41 245 30 142
39 254 30 142
40 246 30 142
41 245 30 142
40 246 30 142
40 246 30 142
40 246 30 142
44 247 30 142
43 252 29 143
40 243 31 141
38 273 31 141
42 244 30 143
39 246 31 142
40 248 30 142
40 248 30 142
44 247 30 142
39 248 31 141
40 248 30 142
44 261 29 143
41 244 31 141
40 244 31 142
39 249 31 141
40 249 30 142
40 245 31 141
42 245 31 143
41 249 30 142
39 250 31 141
41 249 30 142
40 246 31 141
41 249 30 142
41 249 30 142
44 249 30 142
41 251 30 142
40 247 31 141
40 246 31 142
39 257 31 141
39 250 31 142
40 246 31 142
45 251 30 142
44 253 30 143
42 249 31 141
41 254 30 142
41 248 31 142
40 253 31 141
41 252 31 141
40 253 31 141
41 248 31 142
46 252 30 143
44 248 31 142
44 248 31 142
41 257 30 142
40 255 31 141
45 253 30 142
42 255 30 142
42 259 31 141
42 256 30 142
41 264 30 142
41 260 30 143
40 264 31 141
40 260 31 142
42 256 30 142
41 262 31 141
45 258 30 142
44 288 31 141
42 260 30 142
41 267 31 142
48 402 31 141
45 260 30 143
42 265 30 142
46 271 30 142
42 272 30 142
44 277 30 142
44 275 31 142
43 307 30 142
46 277 30 142
45 278 30 143
44 287 30 142
47 283 36 147
44 288 31 142
49 309 33 146
48 301 33 148
45 310 31 142
45 296 36 147
45 316 31 142
47 320 31 142
50 357 31 142
57 369 36 147
40 243 28 147
37 240 33 140
36 233 31 142
33 276 26 152
33 276 26 152
33 256 33 140
28 244 27 148
29 243 27 148
39 239 30 142
36 237 31 141
31 268 30 142
39 234 29 143
29 250 29 146
29 246 28 147
31 268 30 142
32 250 27 145
31 247 31 144
32 264 31 141
39 234 29 143
32 264 31 141
33 250 32 141
31 255 31 142
30 252 29 143
33 250 32 141
35 241 33 140
29 243 27 148
33 259 31 141
35 235 31 142
34 249 33 140
33 236 29 143
30 247 29 145
30 244 28 147
40 243 28 147
37 235 29 143
34 236 31 142
32 250 28 144
32 245 29 144
30 252 29 143
30 252 28 144
30 245 29 146
29 250 29 146
28 244 27 148
33 259 31 141
33 256 33 140
34 249 33 140
32 251 31 142
31 247 31 144
37 235 29 143
36 233 31 142
35 241 33 140
35 238 31 141
35 238 31 141
34 239 31 141
34 236 31 142
33 240 30 142
33 237 31 142
32 245 29 144
31 255 31 142
30 252 27 145
30 245 29 146
29 246 28 147
40 243 28 147
40 243 28 147
40 243 28 147
40 243 28 147
40 243 28 147
40 243 28 147
40 243 28 147
40 243 28 147
40 243 28 147
40 243 28 147
40 243 28 147
39 239 30 142
39 239 30 142
39 239 30 142
39 239 30 142
39 239 30 142
39 239 30 142
39 239 30 142
39 239 30 142
39 239 30 142
39 239 30 142
39 239 30 142
39 239 30 142
39 239 30 142
39 239 30 142
39 239 30 142
39 239 30 142
39 239 30 142
39 239 30 142
39 239 30 142
39 239 30 142
39 239 30 142
39 239 30 142
39 239 30 142
39 239 30 142
39 239 30 142
39 239 30 142
39 239 30 142
39 239 30 142
39 239 30 142
39 239 30 142
39 239 30 142
39 239 30 142
39 239 30 142
39 239 30 142
39 239 30 142
39 239 30 142
39 239 30 142
39 239 30 142
39 239 30 142
39 239 30 142
39 239 30 142
39 239 30 142
39 239 30 142
39 239 30 142
39 239 30 142
39 239 30 142
39 239 30 142
39 239 30 142
39 239 30 142
39 239 30 142
39 239 30 142
39 239 30 142
39 239 30 142
39 239 30 142
39 239 30 142
39 239 30 142
39 239 30 142
39 239 30 142
39 239 30 142
39 239 30 142
39 239 30 142
39 239 30 142
39 239 30 142
39 239 30 142
39 239 30 142
39 239 30 142
39 239 30 142
39 239 30 142
39 239 30 142
39 239 30 142
39 239 30 142
39 239 30 142
39 239 30 142
39 239 30 142
39 239 30 142
39 239 30 142
39 239 30 142
39 239 30 142
39 239 30 142
39 239 30 142
39 239 30 142
39 239 30 142
39 239 30 142
39 239 30 142
39 239 30 142
39 239 30 142
39 239 30 142
39 239 30 142
39 239 30 142
39 239 30 142
39 239 30 142
39 239 30 142
39 239 30 142
39 239 30 142
39 239 30 142
39 239 30 142
39 239 30 142
39 239 30 142
39 239 30 142
39 239 30 142
39 239 30 142
39 239 30 142
39 239 30 142
39 239 30 142
39 239 30 142
39 239 30 142
39 239 30 142
39 239 30 142
39 239 30 142
39 239 30 142
39 239 30 142
39 239 30 142
39 239 30 142
39 239 30 142
39 239 30 142
39 239 30 142
39 239 30 142
42 254 33 140
39 244 29 143
39 238 31 141
37 241 31 142
39 242 30 142
42 250 29 143
40 238 31 141
39 239 31 141
39 238 31 142
38 248 31 142
40 244 30 142
39 245 30 142
39 239 31 141
39 238 31 142
39 238 31 142
39 238 31 142
44 266 29 143
40 239 31 142
40 239 31 142
39 243 31 141
39 241 31 142
42 244 30 143
39 248 30 142
41 245 30 142
40 246 30 142
41 245 30 142
39 241 31 142
40 246 30 142
41 245 30 142
41 245 30 142
40 246 30 142
40 246 30 142
54 346 29 143
40 245 31 141
40 245 31 141
39 246 31 141
39 257 30 142
41 247 30 142
40 248 30 142
40 249 30 142
40 246 31 142
40 246 31 142
39 258 30 142
39 248 31 141
39 247 31 142
41 249 30 142
40 247 31 142
39 250 31 141
43 251 30 142
42 250 30 143
41 252 30 142
41 252 30 142
41 247 31 142
39 251 31 141
40 250 31 141
45 251 30 142
44 250 31 141
42 251 30 143
42 247 31 142
41 255 30 142
41 255 30 142
40 251 31 141
41 248 31 142
42 254 30 142
44 254 30 142
42 254 31 141
41 258 30 142
41 251 31 142
40 269 31 141
41 257 31 141
45 258 30 142
42 259 31 141
41 259 30 142
41 254 31 142
40 286 31 141
41 259 30 142
41 259 30 142
42 263 31 141
42 256 31 142
41 260 30 142
40 291 31 141
41 258 31 142
45 262 30 143
43 269 31 141
42 258 31 142
41 295 31 141
41 268 30 142
41 266 31 142
42 282 31 141
43 317 31 141
43 268 30 142
42 260 31 142
47 317 31 141
43 270 30 143
43 262 31 142
42 264 31 142
47 304 30 142
42 264 31 142
48 322 30 142
48 275 30 143
47 345 31 141
45 281 30 143
44 262 31 142
42 299 31 142
43 263 31 142
48 329 30 142
44 280 31 142
47 280 31 142
45 291 33 145
45 288 33 146
46 295 33 146
