209 3.20324
73 649 47 197
67 515 43 191
57 431 41 184
59 472 46 182
68 551 37 167
66 497 39 169
70 563 42 179
66 518 37 181
57 470 35 176
64 474 55 190
49 395 43 178
59 468 46 189
60 453 41 178
52 426 38 184
59 503 47 181
64 501 45 191
62 475 40 192
66 540 38 164
63 495 44 185
63 492 36 168
66 553 49 199
71 587 40 193
54 480 38 181
48 401 45 164
62 494 45 176
55 429 35 170
49 413 39 169
47 409 42 176
81 623 49 179
78 593 43 183
52 450 34 180
46 400 41 183
58 511 35 180
51 420 36 169
52 449 40 173
51 421 37 182
67 587 45 188
59 487 50 184
58 462 41 168
54 484 46 173
41 355 34 169
52 420 42 179
52 423 39 196
72 523 46 186
53 476 37 176
47 400 40 179
56 483 34 166
60 465 34 176
57 456 39 173
57 462 40 186
56 445 34 178
61 547 40 182
61 524 46 187
64 540 43 182
45 405 35 173
66 489 42 178
60 494 31 166
56 434 43 181
49 406 45 171
58 472 41 189
54 452 47 182
51 425 38 178
64 499 43 204
55 458 41 190
61 445 34 175
62 487 45 196
55 445 40 163
65 566 38 194
64 489 44 173
66 525 48 182
50 451 42 197
62 536 43 177
58 455 42 187
65 481 40 179
50 379 37 168
69 531 39 179
60 501 38 183
59 454 36 193
52 443 37 186
54 433 44 168
54 480 34 175
46 403 36 174
50 398 41 167
58 484 37 180
54 422 40 191
66 503 47 184
66 537 48 197
59 510 49 176
92 811 39 183
62 460 40 167
70 495 37 179
66 561 35 179
66 484 47 167
52 437 43 175
61 511 44 181
45 389 33 168
50 383 36 162
47 403 36 177
61 457 41 185
67 505 40 170
59 493 37 185
72 602 38 171
52 422 44 182
64 512 46 174
71 581 34 180
45 387 39 175
65 543 48 197
61 500 35 177
61 475 34 186
57 496 41 190
90 674 50 201
62 568 43 190
66 482 34 177
50 410 36 188
62 501 36 170
49 383 39 174
53 426 36 172
60 471 45 185
50 431 34 173
63 561 40 177
54 470 43 171
74 606 42 186
62 491 48 174
57 434 40 180
59 515 41 178
67 473 44 188
65 545 46 192
55 455 33 166
63 526 36 169
55 455 37 171
62 503 39 174
61 510 47 202
49 446 41 190
68 582 42 195
51 424 40 184
64 519 39 170
48 426 39 168
61 504 43 185
56 455 38 192
56 454 41 173
68 552 37 169
75 583 38 171
79 594 40 185
74 621 45 189
74 665 43 204
51 426 40 189
53 418 34 169
73 606 51 194
78 654 42 199
65 450 43 166
54 473 43 187
64 523 44 194
45 373 38 173
50 370 37 167
56 412 35 183
67 556 45 194
54 450 35 167
72 502 48 180
54 442 39 186
65 505 41 188
61 436 46 188
55 457 40 178
51 434 38 177
65 578 40 187
60 468 52 172
51 431 34 169
50 400 38 170
53 402 35 185
61 536 33 163
51 428 46 186
57 442 40 184
53 474 38 176
50 396 43 181
69 615 46 206
62 521 43 174
53 409 38 165
63 511 36 174
51 372 41 175
56 456 50 175
56 465 48 181
65 539 40 196
75 596 48 192
62 518 46 195
55 474 41 196
67 594 43 191
52 454 37 182
77 584 41 183
66 548 39 174
55 444 47 182
75 623 40 199
69 489 40 177
61 527 41 200
62 525 37 172
78 649 41 187
60 495 34 177
52 422 40 177
56 494 45 168
70 585 37 192
51 431 39 182
57 472 36 172
56 515 44 179
70 452 56 177
57 438 40 165
59 523 52 176
45 372 41 173
57 465 37 197
70 494 41 174
55 452 46 182
56 449 43 182
77 605 48 207
54 486 54 192
63 474 38 182
56 398 36 173
58 523 35 175
54 412 35 186
61 474 48 173
61 479 45 192
56 508 34 184
68 552 45 190
65 540 51 184
59 525 44 190
65 535 52 187
47 371 35 169
60 514 39 178
56 467 47 183
53 458 39 182
74 591 46 188
74 519 44 186
66 505 47 185
62 546 44 184
57 474 43 184
68 539 51 190
57 508 33 180
66 500 41 191
55 456 41 184
51 462 34 174
52 427 39 168
65 559 51 171
57 477 35 184
57 357 38 170
56 469 38 181
52 469 41 189
67 506 42 177
66 568 42 192
52 474 40 193
64 543 40 183
52 444 40 178
59 470 34 169
75 611 40 196
53 432 45 195
66 533 38 190
57 427 36 171
53 418 40 182
45 400 42 182
64 485 55 170
53 441 44 192
66 484 38 177
68 548 54 192
63 475 42 176
64 420 39 166
49 444 37 177
58 494 49 181
46 376 38 179
53 440 39 183
61 484 50 190
57 488 39 177
48 394 36 174
64 562 38 174
78 560 35 170
60 537 32 163
55 484 39 179
58 467 49 194
61 455 41 171
43 365 37 169
56 498 41 185
58 501 34 170
65 501 39 181
57 453 45 178
72 634 43 187
61 502 42 181
55 466 41 196
53 386 45 171
55 441 38 175
59 453 37 177
62 524 45 195
69 624 50 184
54 432 38 171
64 544 38 182
69 548 49 176
67 559 46 195
54 432 35 168
61 474 47 178
59 485 37 182
59 474 37 187
52 413 39 176
66 553 46 198
53 414 35 182
60 473 39 186
69 477 41 180
59 487 46 177
