181417 2700.34
53 406 32 153
51 383 35 168
62 492 38 152
47 421 35 173
59 454 56 176
51 385 38 152
44 342 33 147
56 465 47 175
55 431 35 165
61 475 39 177
46 365 32 165
54 433 37 156
61 469 35 157
52 452 39 154
42 307 37 156
69 544 40 153
49 406 40 162
44 330 29 152
60 515 52 183
48 394 34 173
59 482 40 156
53 439 39 156
57 475 39 156
70 564 53 172
59 523 50 170
73 543 47 172
60 450 37 166
67 586 51 186
65 553 44 185
51 415 42 159
51 417 41 174
62 453 43 178
60 461 53 157
57 467 39 172
64 430 37 163
55 459 45 173
61 486 38 173
55 435 40 164
56 471 38 157
62 519 41 172
50 426 40 172
56 472 37 165
57 446 49 169
46 391 33 156
54 381 35 157
49 421 32 163
55 468 37 174
39 312 34 160
53 433 43 161
57 451 42 181
53 409 42 167
81 649 43 192
54 417 40 160
49 404 43 157
73 536 45 171
54 446 48 166
41 342 36 158
61 511 51 179
51 384 40 161
55 394 29 156
41 363 35 159
42 346 33 152
75 644 39 171
51 397 35 168
60 469 40 169
54 422 31 158
48 367 35 158
59 451 42 172
67 605 53 157
60 455 44 167
54 479 48 160
41 338 31 159
60 445 47 153
53 380 35 159
55 391 32 160
59 471 35 159
66 560 37 163
49 389 46 167
56 381 36 167
62 503 41 177
69 545 40 162
53 440 37 172
50 388 41 163
40 339 34 151
63 528 35 173
47 393 35 170
57 477 42 156
67 521 41 176
53 425 35 157
49 384 47 170
79 680 48 177
48 404 31 155
63 554 43 159
68 490 47 195
60 487 34 163
48 403 32 160
63 514 44 192
56 444 48 182
43 330 29 149
55 449 45 164
51 401 41 150
66 499 42 162
56 444 37 159
47 378 36 158
63 458 40 156
63 539 40 182
50 357 40 149
60 444 60 183
63 505 37 165
53 473 36 164
56 405 31 159
51 400 44 173
59 435 52 168
52 429 35 155
49 355 32 158
56 457 43 163
52 435 44 160
68 562 53 195
65 481 41 180
47 379 32 158
58 488 31 158
46 334 32 157
52 441 37 160
58 486 39 164
59 475 36 161
41 333 31 152
41 334 41 163
70 556 41 162
57 505 36 169
49 415 44 185
47 414 38 153
63 460 40 156
39 333 32 158
45 384 40 159
53 412 48 161
50 417 33 159
53 412 41 163
60 455 43 164
45 359 31 157
56 450 47 165
49 433 38 165
58 454 45 161
69 550 54 162
63 496 42 178
59 439 38 162
77 592 43 171
46 406 36 167
76 593 44 176
51 373 33 158
58 493 37 174
53 408 33 152
46 373 35 160
55 430 40 166
52 457 37 180
63 521 53 185
47 428 40 165
58 475 38 174
55 417 43 164
58 484 44 190
52 420 35 171
56 398 37 166
57 435 43 168
38 332 29 152
46 326 35 158
78 622 51 176
59 472 54 178
59 463 47 168
46 352 29 152
60 492 39 161
52 414 33 155
61 506 39 164
61 499 45 165
50 405 32 157
56 430 51 174
44 397 37 166
54 451 38 159
42 351 39 158
51 367 35 155
43 352 38 161
59 499 34 172
57 458 47 174
58 473 40 182
66 522 48 177
49 406 48 165
44 333 41 148
68 473 41 166
53 425 36 163
56 423 41 188
49 407 37 170
59 470 40 162
47 397 32 156
57 471 31 156
43 367 37 155
52 416 32 152
65 521 36 166
61 511 40 162
44 343 34 156
73 618 51 189
40 323 36 162
73 517 51 188
44 391 35 152
41 321 31 151
45 378 37 165
47 360 36 155
44 358 35 160
54 441 41 168
55 449 43 158
49 409 46 181
69 548 39 192
71 577 50 185
72 573 56 173
57 450 45 171
55 458 40 163
43 384 30 154
67 599 45 163
53 456 34 150
71 560 49 175
54 448 41 175
55 443 43 167
62 512 54 159
41 305 31 151
73 555 41 180
79 626 62 183
45 372 35 166
55 475 45 166
50 377 40 163
61 448 38 159
56 451 37 164
47 401 36 151
51 423 41 156
58 459 46 169
70 561 47 179
69 548 66 178
55 473 39 179
44 390 33 166
66 526 43 186
66 573 49 179
64 525 34 157
47 401 34 161
50 386 34 157
75 557 43 168
68 551 41 163
57 517 35 164
61 460 44 162
49 383 35 156
64 518 45 181
58 407 38 164
52 459 40 165
66 469 39 178
68 578 48 164
55 442 39 167
50 408 42 162
53 409 48 161
60 452 40 155
55 480 49 160
53 414 35 155
46 356 29 152
51 393 46 173
56 482 47 164
55 432 35 178
56 468 42 157
54 420 40 165
49 399 36 161
67 514 52 170
82 700 64 201
53 393 38 158
49 405 36 155
61 530 45 187
44 353 32 158
62 511 47 165
58 505 40 184
49 409 33 156
59 480 37 172
63 530 56 179
76 534 74 186
57 479 34 173
75 605 45 194
60 500 38 166
51 417 37 156
47 383 31 160
53 413 30 156
57 472 39 174
73 536 43 184
68 488 43 165
53 423 45 167
60 471 30 155
63 523 43 157
49 405 31 158
54 446 35 151
47 369 38 156
45 360 37 154
52 427 36 173
55 468 38 164
62 476 49 155
47 366 32 154
69 603 43 157
42 323 32 153
53 439 39 160
50 358 36 155
55 496 35 159
