105604 1740.29
30 229 28 146
28 234 27 146
31 241 31 141
30 253 28 144
34 230 29 145
32 236 32 142
29 241 26 151
31 241 31 141
29 241 26 151
30 229 28 146
30 253 28 144
32 236 32 142
34 230 29 145
32 236 32 142
31 240 26 151
31 237 30 142
30 238 30 142
31 237 30 142
30 232 29 144
28 234 27 146
30 232 29 144
30 232 29 144
31 233 28 145
30 229 28 146
29 241 26 151
28 234 27 146
32 236 32 142
30 231 29 145
31 233 28 145
30 232 29 144
30 229 28 146
30 233 29 143
30 233 29 143
31 233 28 145
30 232 29 144
31 233 28 145
32 236 32 142
29 238 29 145
31 233 28 145
30 232 29 144
30 232 29 144
30 231 29 145
30 238 30 142
32 236 32 142
31 234 28 144
32 236 32 142
34 230 29 145
31 237 30 142
31 240 26 151
30 229 28 146
31 233 28 145
30 235 28 145
30 231 29 145
30 235 28 145
30 232 29 144
31 233 28 145
30 232 29 144
30 232 29 144
31 233 28 145
30 232 29 144
32 236 32 142
30 232 29 144
31 233 28 145
30 232 29 144
31 233 28 145
30 232 29 144
32 236 32 142
31 233 28 145
30 232 29 144
32 236 32 142
30 232 29 144
31 233 28 145
30 232 29 144
30 232 29 144
30 232 29 144
30 232 29 144
30 232 29 144
30 232 29 144
31 233 28 145
30 232 29 144
30 232 29 144
31 233 28 145
32 236 32 142
30 232 29 144
30 232 29 144
30 232 29 144
30 232 29 144
31 233 28 145
31 233 28 145
34 230 29 145
30 232 29 144
32 236 32 142
30 232 29 144
30 232 29 144
30 232 29 144
30 232 29 144
31 233 28 145
31 233 28 145
31 233 28 145
30 231 29 145
32 236 32 142
30 232 29 144
32 236 32 142
30 232 29 144
30 232 29 144
31 233 28 145
32 236 32 142
31 233 28 145
30 232 29 144
30 232 29 144
31 233 28 145
30 232 29 144
30 232 29 144
30 232 29 144
30 232 29 144
30 232 29 144
31 233 28 145
30 232 29 144
30 232 29 144
30 232 29 144
31 233 28 145
30 232 29 144
31 233 28 145
30 232 29 144
30 232 29 144
30 232 29 144
30 231 29 145
30 232 29 144
31 233 28 145
32 236 32 142
30 232 29 144
30 232 29 144
31 233 28 145
32 236 32 142
31 233 28 145
30 232 29 144
30 231 29 145
31 233 28 145
30 232 29 144
30 232 29 144
30 232 29 144
32 236 32 142
30 232 29 144
30 232 29 144
30 232 29 144
30 232 29 144
31 233 28 145
32 236 32 142
32 236 32 142
32 236 32 142
30 232 29 144
30 232 29 144
31 233 28 145
30 232 29 144
30 232 29 144
31 233 28 145
30 232 29 144
31 233 28 145
32 236 32 142
30 229 28 146
32 236 32 142
34 230 29 145
34 230 29 145
30 232 29 144
30 232 29 144
30 232 29 144
30 232 29 144
30 232 29 144
30 232 29 144
30 232 29 144
34 230 29 145
32 236 32 142
30 232 29 144
30 232 29 144
31 233 28 145
30 232 29 144
30 232 29 144
30 232 29 144
32 236 32 142
31 241 31 141
32 236 32 142
30 232 29 144
30 232 29 144
30 232 29 144
31 233 28 145
30 232 29 144
30 232 29 144
31 233 28 145
30 232 29 144
30 232 29 144
30 232 29 144
30 232 29 144
30 232 29 144
30 232 29 144
31 233 28 145
30 232 29 144
30 232 29 144
30 232 29 144
30 232 29 144
30 232 29 144
30 232 29 144
32 236 32 142
30 232 29 144
31 233 28 145
30 232 29 144
32 236 32 142
31 233 28 145
31 233 28 145
30 232 29 144
31 233 28 145
30 232 29 144
30 232 29 144
30 232 29 144
30 232 29 144
30 232 29 144
30 232 29 144
30 232 29 144
32 236 32 142
30 232 29 144
30 232 29 144
30 232 29 144
31 233 28 145
30 232 29 144
30 232 29 144
30 232 29 144
30 232 29 144
30 232 29 144
32 236 32 142
30 232 29 144
30 232 29 144
30 232 29 144
30 232 29 144
30 232 29 144
30 232 29 144
32 236 32 142
30 232 29 144
32 236 32 142
30 232 29 144
30 229 28 146
31 233 28 145
31 233 28 145
30 232 29 144
30 232 29 144
31 233 28 145
30 232 29 144
31 233 28 145
31 233 28 145
30 232 29 144
30 232 29 144
31 233 28 145
30 232 29 144
30 232 29 144
31 233 28 145
31 233 28 145
30 232 29 144
30 232 29 144
30 232 29 144
31 233 28 145
30 232 29 144
30 232 29 144
30 232 29 144
31 233 28 145
30 232 29 144
31 233 28 145
30 232 29 144
30 232 29 144
30 232 29 144
30 232 29 144
30 232 29 144
30 232 29 144
30 232 29 144
31 233 28 145
31 233 28 145
30 232 29 144
30 232 29 144
30 232 29 144
30 232 29 144
30 232 29 144
32 236 32 142
31 233 28 145
30 232 29 144
30 232 29 144
30 232 29 144
30 232 29 144
30 232 29 144
32 236 32 142
31 233 28 145
30 232 29 144
30 232 29 144
31 233 28 145
32 236 32 142
34 230 29 145
30 232 29 144
31 233 28 145
31 233 28 145
31 233 28 145
32 236 32 142
30 232 29 144
30 232 29 144
30 232 29 144
