7 0.179429
58 504 50 194
57 484 50 204
84 606 50 206
66 544 51 207
90 736 57 222
80 562 64 217
72 552 46 191
73 616 51 211
89 736 61 225
89 667 61 217
68 525 43 205
73 613 49 205
92 779 52 219
72 611 57 212
78 662 45 204
79 667 74 228
70 603 52 206
61 485 60 203
71 595 60 197
81 635 45 221
87 711 49 214
67 513 56 193
65 520 56 218
72 542 58 200
60 526 40 198
82 616 55 206
76 586 53 202
77 607 64 207
91 817 68 218
66 529 51 210
78 603 55 207
84 617 52 205
79 621 47 206
73 571 44 183
91 801 53 212
68 524 47 194
89 773 50 202
68 545 60 221
86 647 54 226
81 725 47 195
95 765 64 204
81 620 60 230
96 771 65 225
65 549 49 224
86 679 60 224
91 808 73 228
64 517 54 210
84 673 53 196
80 620 52 215
113 1012 86 212
67 579 62 217
78 557 52 199
83 739 52 220
71 545 55 218
68 530 49 199
84 728 71 225
82 635 62 217
69 595 49 222
73 546 53 222
68 613 54 219
69 579 48 204
67 544 47 210
75 639 65 215
70 574 61 211
68 564 52 200
77 563 51 217
99 821 56 216
75 624 49 202
77 698 54 199
79 658 46 221
62 499 49 210
74 637 52 202
87 725 54 231
74 600 54 229
83 667 49 195
77 639 51 205
62 500 40 199
63 504 55 221
86 755 58 224
77 645 51 226
68 572 57 220
76 644 58 228
65 555 50 212
79 658 50 212
69 575 55 210
68 576 44 210
59 492 55 203
88 719 70 212
68 561 51 195
80 587 66 207
89 731 64 223
79 694 58 209
76 607 57 200
76 643 49 205
81 698 64 217
66 519 53 216
79 654 48 195
79 663 59 209
71 623 46 202
91 854 64 209
83 686 51 209
94 714 58 216
74 529 51 194
61 536 48 218
67 529 46 209
95 784 61 207
57 470 51 206
75 596 53 217
76 587 54 221
81 625 53 227
83 713 69 206
78 621 65 214
65 513 58 211
84 672 66 202
81 660 57 210
72 599 61 231
77 626 58 217
94 786 76 215
91 788 82 220
81 657 70 193
96 821 56 215
75 578 45 228
64 531 47 199
83 648 53 216
67 549 48 208
68 562 59 223
67 573 49 216
77 639 65 212
79 686 55 215
75 609 47 189
77 653 49 206
80 609 51 218
69 581 62 212
79 673 54 211
72 615 51 216
72 589 68 224
62 520 54 186
75 553 52 212
76 630 50 217
58 542 49 215
77 640 59 203
58 475 58 212
88 664 74 212
62 476 45 203
74 629 59 233
81 688 60 211
75 609 52 207
75 617 58 195
72 602 53 214
75 588 62 210
76 637 45 217
62 536 52 219
77 583 67 201
79 597 57 216
81 597 61 205
73 616 62 227
66 574 51 210
67 564 61 212
58 496 55 204
79 593 70 214
103 819 55 216
81 642 62 216
62 545 61 219
76 600 40 213
57 495 39 193
84 684 50 217
88 695 65 203
74 618 46 200
95 716 61 234
87 760 72 229
79 693 68 217
87 789 43 194
91 792 65 213
87 703 58 208
78 636 50 214
86 695 52 213
87 709 65 226
90 681 44 215
87 682 65 230
69 590 59 199
90 729 56 210
84 739 45 211
88 771 63 221
82 623 67 221
74 669 72 222
64 537 51 195
82 657 65 213
82 628 56 200
81 548 53 222
87 700 56 211
70 620 57 221
81 714 50 222
65 531 55 209
94 766 56 221
79 670 51 197
79 700 62 227
72 607 61 217
64 534 45 197
93 728 59 204
71 558 58 214
85 640 56 219
82 687 55 220
75 590 62 235
86 702 58 202
76 651 51 200
65 548 48 211
86 620 54 212
83 726 51 208
89 809 51 192
66 532 55 216
101 842 80 205
77 698 53 206
75 615 65 217
66 561 43 200
69 596 53 206
63 513 54 199
77 648 60 210
96 700 55 220
75 585 58 217
70 563 53 218
81 679 64 219
83 650 53 225
65 528 51 205
83 723 55 210
89 661 47 211
65 557 51 201
68 550 47 206
87 665 61 217
76 679 59 215
93 800 78 217
67 527 56 201
62 542 50 215
89 740 57 212
83 657 55 205
67 548 64 219
69 583 53 212
63 526 43 195
76 641 53 220
74 572 50 198
82 597 57 228
96 698 69 229
72 598 56 201
69 523 55 204
74 607 51 219
73 588 54 224
89 654 55 216
90 664 57 207
66 535 44 202
71 600 63 207
82 708 48 198
80 675 54 203
82 651 76 201
81 615 64 217
73 538 57 207
72 600 50 212
64 507 52 202
85 670 51 190
68 502 55 205
75 597 50 207
63 496 45 189
76 625 48 211
91 730 63 201
75 607 52 216
69 536 59 207
77 681 47 212
83 647 47 213
85 703 47 209
73 620 57 220
67 561 63 203
69 581 44 207
76 583 50 212
83 684 58 212
68 550 60 216
73 604 52 201
61 478 53 196
71 585 62 216
71 537 51 226
93 812 57 205
58 469 48 201
71 538 60 202
75 595 42 194
68 500 53 188
68 496 56 215
77 607 58 210
73 617 47 207
85 640 58 216
78 619 54 221
73 618 67 215
79 646 49 194
66 529 59 201
70 572 52 215
78 677 53 229
59 464 47 211
69 567 62 199
86 758 53 220
87 705 62 230
86 761 77 216
70 522 48 200
66 576 62 213
82 665 61 217
