129029 2700.52
205 2596 204 970
210 2787 204 949
208 2665 204 958
210 2756 204 951
213 2876 213 948
212 2682 204 957
250 3159 213 946
204 2659 204 961
204 2826 204 958
213 2744 204 953
210 2638 204 967
208 2728 204 956
206 2752 204 955
205 2823 204 956
204 2649 204 964
208 2850 204 953
209 2885 204 951
220 2923 213 947
220 2646 204 964
219 2949 213 947
217 2781 213 950
208 2794 204 954
204 2625 204 974
205 2749 204 957
205 2740 204 958
204 2630 204 972
206 2734 204 959
204 2614 204 995
207 2750 204 955
209 2872 204 952
204 2576 204 998
204 2621 204 992
223 3047 222 945
204 2644 204 971
225 2981 222 946
229 2979 222 946
264 3494 220 944
204 2682 204 961
211 2771 204 954
208 2702 204 958
207 2633 204 970
208 2766 204 955
206 2655 204 964
206 2659 204 963
211 2618 204 972
206 2744 204 959
208 2615 204 974
228 2941 204 952
217 2734 204 956
217 2689 204 960
204 2665 204 969
204 2648 204 974
211 2699 204 959
205 2650 204 970
212 2745 204 956
222 2988 204 951
208 2756 204 956
208 2750 204 957
206 2735 204 960
209 2631 204 973
224 2933 213 952
205 2640 204 978
232 2990 204 950
349 4694 237 1222
306 4041 239 1244
318 4167 244 1212
365 4967 225 1214
386 5294 243 1307
329 4349 239 1264
353 4637 255 1204
360 4869 253 1227
342 4695 237 1304
341 4592 249 1312
355 4691 237 1236
368 4675 220 1300
399 5150 274 1235
333 4469 249 1228
417 5600 248 1405
385 5244 213 1226
357 4866 237 1297
328 4277 227 1289
313 4286 222 1151
341 4170 213 1220
379 4873 245 1351
360 4942 269 1275
358 4953 258 1293
404 5451 249 1342
465 6229 249 1354
341 4660 225 1262
398 5374 262 1238
356 4461 222 1229
465 6394 278 1334
311 4293 248 1209
325 4290 237 1218
332 4373 220 1281
357 5016 238 1276
318 4242 220 1236
358 4697 234 1242
420 5513 248 1282
397 5561 231 1409
459 6161 264 1400
391 5377 241 1350
329 4608 216 1194
308 4189 256 1199
401 5299 247 1393
364 5034 244 1205
396 5354 234 1186
399 5320 224 1270
357 4580 225 1220
287 3814 216 1272
327 4398 238 1261
324 4246 262 1200
368 4780 244 1245
410 5690 249 1297
362 4922 255 1230
332 4467 225 1225
342 4498 220 1227
379 5044 252 1294
371 4870 246 1249
326 4420 234 1342
381 5284 248 1291
387 5092 213 1253
372 4933 241 1179
392 5269 241 1318
344 4618 231 1216
378 5059 232 1248
319 4158 213 1219
306 4218 234 1201
374 4968 235 1304
418 5609 238 1345
319 4514 228 1264
347 4296 222 1243
441 5737 263 1350
399 5504 258 1212
335 4645 222 1261
425 6094 222 1312
302 4199 232 1220
331 4476 225 1267
296 4139 213 1245
368 5061 216 1263
362 4844 238 1333
352 4721 222 1269
432 5743 272 1318
343 4358 234 1318
408 5162 226 1317
352 4552 246 1202
359 4633 244 1225
328 4451 242 1275
361 4712 269 1239
336 4308 255 1214
399 5457 228 1245
343 4709 261 1261
354 4704 263 1308
311 4146 237 1170
357 4625 228 1310
393 5335 281 1337
374 4841 258 1272
380 5176 253 1267
366 5095 229 1230
360 4408 258 1224
389 5270 229 1324
318 4261 267 1278
368 4902 232 1226
331 4441 241 1286
376 5257 228 1281
376 5106 225 1337
364 4808 250 1206
315 4363 234 1294
454 5665 300 1347
363 5088 225 1314
369 4872 235 1278
320 4401 225 1208
343 4854 247 1191
366 4746 220 1346
404 5510 226 1340
371 5101 208 1244
337 4223 265 1280
428 5037 267 1223
375 5053 225 1242
425 5735 267 1278
342 4676 265 1314
364 4279 237 1250
456 5401 246 1267
334 4571 253 1306
291 4034 234 1186
339 4182 229 1238
395 5308 225 1260
428 5595 213 1237
370 4885 244 1310
358 4512 222 1306
439 5798 250 1283
373 4910 220 1238
275 3803 267 1185
370 4814 222 1240
481 6490 346 1448
358 4744 225 1296
341 4589 204 1222
346 4742 258 1216
398 5462 273 1300
381 4815 256 1275
376 5006 269 1350
367 4950 237 1241
362 4799 231 1341
384 5166 267 1274
328 4517 216 1227
375 4827 271 1280
358 4925 241 1320
404 5192 224 1238
328 4333 238 1252
319 4163 246 1253
391 4908 258 1208
359 4593 226 1291
386 5356 246 1273
392 5513 246 1300
459 6009 278 1396
415 5287 237 1246
317 4267 208 1329
298 4041 225 1273
331 4410 251 1240
350 4707 261 1300
350 4873 249 1309
317 4236 248 1168
346 4637 242 1276
436 5807 281 1297
326 4436 211 1184
361 4816 225 1273
308 3992 246 1230
358 4952 229 1313
349 4753 240 1374
376 5159 217 1241
371 4974 237 1336
332 4277 265 1207
374 4920 253 1263
331 4283 253 1173
334 4453 225 1247
368 4875 258 1296
340 4637 225 1247
358 4751 244 1283
302 3822 246 1245
307 4166 237 1191
373 4958 274 1265
365 4674 234 1279
368 4899 250 1333
342 4768 234 1257
347 4500 251 1242
336 4788 234 1216
425 5476 274 1334
341 4370 243 1224
312 4174 204 1246
310 4075 237 1296
386 5127 237 1238
318 4217 250 1285
350 4777 225 1220
374 5109 272 1197
384 4810 232 1282
343 4470 222 1169
382 4819 222 1294
390 5560 234 1288
331 4381 213 1265
409 5239 273 1281
398 5496 304 1333
300 3904 222 1241
349 4681 244 1245
351 4779 279 1330
308 4039 241 1264
366 4816 216 1327
345 4644 253 1221
384 4881 222 1317
410 5286 250 1273
348 4533 225 1317
386 4677 268 1249
283 3669 234 1218
387 5127 244 1331
372 4895 249 1260
369 5100 241 1206
345 4898 249 1316
312 4047 211 1195
432 5690 234 1288
317 4366 277 1211
332 4459 262 1252
350 4678 234 1286
349 4577 237 1240
368 4943 246 1203
327 4311 246 1267
337 4377 272 1244
357 4783 246 1183
322 4221 243 1187
423 5864 257 1341
312 4080 222 1188
415 5629 286 1348
389 5149 246 1247
373 5045 232 1287
343 4521 259 1176
384 4945 234 1295
345 4815 226 1268
393 5168 236 1305
401 5382 255 1302
363 4744 237 1200
357 4577 246 1257
404 5372 258 1265
