46066 1380.42
204 2109 204 895
213 2089 213 915
204 2108 204 895
254 2410 254 866
213 2099 213 886
213 2098 213 886
221 2309 218 874
204 2106 204 895
213 2097 213 901
213 2098 213 886
213 2126 213 880
213 2098 213 886
220 2185 220 876
213 2113 213 886
213 2099 213 886
213 2101 204 895
222 2109 222 884
206 2164 204 889
213 2105 213 886
204 2098 204 909
211 2161 211 880
213 2121 213 882
213 2137 213 880
204 2108 204 895
213 2097 204 910
213 2100 213 886
204 2100 204 909
213 2098 213 886
213 2126 213 880
206 2139 204 889
220 2147 220 876
204 2094 204 924
213 2098 213 886
222 2110 222 884
213 2098 213 886
213 2089 213 915
229 2156 229 874
213 2132 213 880
213 2106 213 886
213 2089 213 915
220 2165 220 876
213 2098 213 886
220 2164 220 876
206 2126 204 891
213 2091 213 915
213 2131 213 880
220 2199 220 876
204 2098 204 909
213 2105 213 886
204 2140 204 889
213 2100 204 895
213 2126 213 880
222 2109 222 884
204 2105 204 895
213 2098 213 886
213 2098 204 895
213 2121 213 882
222 2109 222 884
213 2132 213 880
206 2139 204 889
220 2147 220 876
213 2098 213 886
206 2164 204 889
213 2089 204 924
213 2098 204 895
213 2100 213 886
229 2156 229 874
211 2172 211 878
213 2098 213 886
213 2097 213 901
213 2121 213 882
204 2094 204 924
231 2219 211 878
213 2121 213 882
204 2094 204 924
213 2107 204 895
218 2257 218 874
213 2098 213 886
213 2126 213 880
204 2100 204 909
213 2098 204 895
222 2112 222 884
220 2185 220 876
211 2322 211 888
213 2144 204 889
222 2107 222 884
213 2121 213 882
213 2098 204 895
213 2100 213 886
204 2100 204 909
220 2147 220 876
211 2170 211 878
222 2107 222 884
213 2098 213 886
206 2139 204 889
213 2091 213 915
213 2124 213 880
211 2168 211 878
213 2091 213 915
213 2089 204 924
220 2147 220 876
213 2098 213 886
213 2126 213 880
204 2108 204 895
213 2097 213 901
213 2121 213 882
211 2163 211 878
204 2094 204 924
213 2121 213 882
213 2098 213 886
222 2107 222 884
213 2098 204 895
222 2108 222 884
213 2111 213 886
213 2125 204 891
213 2098 213 886
213 2100 204 895
213 2100 213 886
211 2163 211 878
204 2098 204 909
238 2214 238 872
213 2138 213 880
213 2098 213 886
213 2098 213 886
204 2094 204 924
213 2091 213 915
222 2138 222 878
204 2101 204 909
213 2098 213 886
213 2099 213 886
213 2124 213 880
213 2097 213 901
213 2126 213 880
211 2175 211 878
204 2094 204 924
206 2131 204 889
213 2127 213 880
213 2132 213 880
213 2121 213 882
213 2100 213 886
220 2151 211 885
213 2127 213 880
213 2137 213 880
204 2100 204 909
213 2140 204 889
213 2121 213 882
213 2126 213 880
213 2098 213 886
213 2099 213 886
204 2098 204 909
213 2121 213 882
213 2097 213 901
213 2097 204 910
213 2099 213 886
213 2126 213 882
213 2097 213 901
227 2266 227 872
213 2129 213 880
204 2108 204 895
204 2094 204 924
211 2160 211 880
204 2094 204 924
213 2121 213 882
213 2098 213 886
213 2097 213 901
231 2267 211 878
220 2154 220 876
204 2105 204 895
213 2121 213 882
206 2164 204 889
213 2105 204 895
213 2099 213 886
213 2124 213 880
211 2200 211 880
204 2094 204 924
213 2089 204 924
213 2105 204 895
213 2126 213 880
222 2109 222 884
204 2148 204 889
236 2253 236 870
213 2121 213 882
211 2172 211 878
213 2096 213 915
213 2098 213 886
213 2098 213 886
218 2288 218 874
204 2106 204 895
213 2089 204 924
213 2095 213 915
213 2124 213 880
204 2094 204 924
213 2131 213 880
211 2163 211 878
213 2091 213 915
220 2153 211 885
222 2107 222 884
206 2126 204 891
213 2099 213 886
204 2094 204 924
211 2169 211 878
211 2174 211 878
220 2147 220 876
204 2108 204 895
213 2133 204 889
213 2098 213 886
204 2101 204 909
213 2096 204 924
213 2100 213 886
204 2105 204 895
229 2156 229 874
213 2103 213 886
213 2098 213 886
213 2100 213 886
204 2105 204 895
213 2089 213 915
229 2169 229 874
213 2124 213 880
213 2100 213 886
213 2091 213 915
220 2154 220 876
213 2098 213 886
213 2121 213 882
204 2094 204 924
213 2089 213 915
231 2229 211 878
229 2169 229 874
213 2098 213 886
227 2213 211 878
213 2107 213 886
213 2098 213 886
206 2161 204 889
222 2107 222 884
204 2105 204 895
213 2100 204 895
213 2098 213 886
213 2128 213 882
222 2107 222 884
213 2137 213 880
204 2122 204 895
229 2156 229 874
222 2107 222 884
204 2094 204 924
213 2097 213 901
213 2098 204 895
213 2099 213 886
213 2121 213 882
204 2105 204 895
213 2098 213 886
204 2094 204 924
222 2109 222 884
213 2097 204 910
213 2127 213 880
213 2098 213 886
213 2104 213 886
213 2089 204 924
213 2123 213 882
213 2134 213 882
212 2191 211 878
204 2112 204 895
206 2129 204 889
213 2121 213 882
218 2261 218 874
206 2129 204 889
213 2107 204 895
222 2107 222 884
214 2150 204 889
213 2098 213 886
213 2099 213 886
204 2094 204 924
222 2133 222 878
206 2161 204 889
213 2100 213 886
213 2098 213 886
204 2098 204 909
213 2098 213 886
229 2177 229 874
213 2123 213 882
204 2105 204 895
213 2091 213 915
220 2185 220 876
213 2099 213 886
213 2126 213 880
213 2113 213 886
213 2097 213 901
213 2114 213 886
213 2124 213 880
204 2094 204 924
211 2160 211 880
204 2121 204 895
213 2121 213 882
213 2121 213 882
222 2108 222 884
206 2126 204 891
204 2105 204 895
213 2097 213 901
213 2089 204 924
213 2100 213 886
211 2172 211 878
204 2098 204 909
