190478 3600.02
349 4195 220 1154
349 4195 220 1154
305 2531 303 818
303 2536 303 818
287 2350 285 822
267 2496 258 855
340 3678 231 975
325 3097 258 849
298 3228 240 966
309 2561 276 824
308 2861 249 927
276 2422 267 847
308 2861 249 927
302 2652 267 840
287 2350 285 822
294 2433 294 820
348 3205 249 904
281 2361 276 831
343 3223 249 903
296 2428 294 820
281 2361 276 831
302 2652 267 840
348 3205 249 904
276 2422 267 847
343 3223 249 903
294 2433 294 820
305 2531 303 818
303 2536 303 818
309 2561 276 824
296 2428 294 820
349 4195 220 1154
349 4195 220 1154
343 3223 249 903
305 2531 303 818
305 2531 303 818
305 2531 303 818
305 2531 303 818
305 2531 303 818
305 2531 303 818
305 2531 303 818
305 2531 303 818
305 2531 303 818
305 2531 303 818
305 2531 303 818
305 2531 303 818
305 2531 303 818
305 2531 303 818
305 2531 303 818
305 2531 303 818
305 2531 303 818
305 2531 303 818
305 2531 303 818
305 2531 303 818
305 2531 303 818
305 2531 303 818
305 2531 303 818
305 2531 303 818
305 2531 303 818
305 2531 303 818
305 2531 303 818
305 2531 303 818
305 2531 303 818
305 2531 303 818
305 2531 303 818
305 2531 303 818
305 2531 303 818
305 2531 303 818
305 2531 303 818
305 2531 303 818
305 2531 303 818
305 2531 303 818
305 2531 303 818
305 2531 303 818
305 2531 303 818
305 2531 303 818
305 2531 303 818
305 2531 303 818
305 2531 303 818
305 2531 303 818
305 2531 303 818
305 2531 303 818
305 2531 303 818
305 2531 303 818
305 2531 303 818
305 2531 303 818
305 2531 303 818
305 2531 303 818
305 2531 303 818
305 2531 303 818
305 2531 303 818
305 2531 303 818
305 2531 303 818
305 2531 303 818
305 2531 303 818
305 2531 303 818
305 2531 303 818
305 2531 303 818
305 2531 303 818
305 2531 303 818
305 2531 303 818
305 2531 303 818
305 2531 303 818
305 2531 303 818
305 2531 303 818
305 2531 303 818
305 2531 303 818
305 2531 303 818
305 2531 303 818
305 2531 303 818
305 2531 303 818
305 2531 303 818
305 2531 303 818
305 2531 303 818
305 2531 303 818
305 2531 303 818
305 2531 303 818
305 2531 303 818
305 2531 303 818
305 2531 303 818
305 2531 303 818
305 2531 303 818
305 2531 303 818
305 2531 303 818
305 2531 303 818
305 2531 303 818
305 2531 303 818
305 2531 303 818
305 2531 303 818
305 2531 303 818
305 2531 303 818
305 2531 303 818
305 2531 303 818
305 2531 303 818
305 2531 303 818
305 2531 303 818
305 2531 303 818
305 2531 303 818
305 2531 303 818
305 2531 303 818
305 2531 303 818
305 2531 303 818
305 2531 303 818
305 2531 303 818
305 2531 303 818
305 2531 303 818
305 2531 303 818
305 2531 303 818
305 2531 303 818
305 2531 303 818
305 2531 303 818
305 2531 303 818
305 2531 303 818
305 2531 303 818
305 2531 303 818
305 2531 303 818
305 2531 303 818
305 2531 303 818
305 2531 303 818
305 2531 303 818
305 2531 303 818
305 2531 303 818
305 2531 303 818
305 2531 303 818
305 2531 303 818
305 2531 303 818
305 2531 303 818
305 2531 303 818
305 2531 303 818
305 2531 303 818
305 2531 303 818
305 2531 303 818
305 2531 303 818
305 2531 303 818
305 2531 303 818
305 2531 303 818
305 2531 303 818
305 2531 303 818
305 2531 303 818
305 2531 303 818
305 2531 303 818
305 2531 303 818
305 2531 303 818
305 2531 303 818
305 2531 303 818
305 2531 303 818
303 2536 303 818
296 2428 294 820
287 2350 285 822
276 2422 267 847
386 3403 240 985
346 3916 231 1030
334 3623 240 1054
305 2548 303 818
299 2446 294 829
268 2774 258 938
322 3260 249 963
311 2983 265 877
345 3603 249 913
386 3403 240 985
280 2770 258 883
303 2831 276 839
295 2552 285 832
299 2612 267 850
333 3334 249 941
280 2710 258 915
334 3623 240 1054
296 2657 276 844
300 2494 294 822
301 2626 285 829
296 2600 294 820
305 2531 303 821
268 2774 258 938
297 2536 294 827
334 3623 240 1054
334 3623 240 1054
351 4074 247 1062
305 2558 303 818
305 2558 303 818
305 2531 303 831
289 2785 258 893
351 3804 249 977
348 3853 256 995
317 2968 258 883
322 2824 267 876
289 2785 258 893
313 2621 285 836
320 2894 285 835
300 2716 294 848
303 2724 276 866
307 2810 267 879
310 2725 276 852
310 2625 294 827
299 2958 258 887
303 2636 294 820
317 2968 258 883
310 2786 258 885
299 2958 258 887
310 2786 258 885
317 2968 258 883
317 2968 258 883
329 2945 283 859
314 2947 258 895
313 3222 265 926
305 2565 303 818
300 3048 267 918
308 2878 276 888
327 3015 276 860
317 2667 294 827
329 2934 285 883
313 2659 294 833
303 2669 294 856
303 2690 294 820
360 3838 283 887
352 3071 258 944
317 3087 258 910
312 2603 303 818
310 2736 303 818
305 2584 303 821
304 2835 294 863
346 3512 276 890
344 3135 285 870
337 2975 276 900
337 2950 285 898
317 2692 294 830
315 2676 294 840
311 2767 294 852
308 2933 285 899
315 2716 294 825
376 3750 267 923
328 3365 267 988
325 3529 258 979
313 2638 303 818
312 2782 303 818
305 2697 303 851
347 3262 285 900
338 3151 267 953
342 3309 276 920
317 2842 294 828
326 3602 285 901
326 2823 294 832
308 2732 303 839
320 2697 294 848
318 2758 294 838
356 3096 294 838
327 2820 303 818
326 2648 303 828
325 3046 294 855
318 2884 306 842
319 2836 303 833
327 2866 294 845
339 3164 294 889
335 3178 294 895
328 3070 303 824
328 2699 303 838
319 2905 310 839
327 2897 303 831
331 2909 303 825
340 2901 303 845
361 3265 303 859
363 3391 303 888
