72729 1620.32
316 3820 273 1162
425 5533 252 1311
339 4635 228 1186
319 4195 204 916
277 3731 243 924
302 4075 240 1119
275 3559 243 970
322 4062 261 985
326 4229 249 1076
431 5838 311 1414
328 4287 246 1224
351 4746 225 1246
319 4068 243 1162
362 4840 267 1139
373 4862 261 1176
313 4089 280 1179
308 4054 228 1078
402 5021 252 1305
307 3827 243 1149
310 4070 241 987
289 3741 267 955
342 4442 258 1034
260 3493 223 1010
317 3986 261 1132
311 4254 234 1252
296 4026 255 1025
378 4678 301 1344
375 4953 262 1109
300 3709 288 922
280 3590 222 933
371 4983 249 1272
298 3761 270 963
282 3494 231 894
290 3732 204 1062
332 4292 270 968
282 3612 261 993
374 5071 234 1009
320 4137 225 1158
357 4381 261 1245
303 4115 243 978
324 4353 225 1051
382 4913 279 1334
321 3933 237 948
306 3849 246 1057
473 6154 272 1480
384 5027 239 1250
275 3367 247 1083
292 3749 283 975
332 4199 270 1075
286 3850 213 1050
241 3150 222 956
381 5211 222 1130
285 3632 244 988
308 4102 223 1094
296 4036 223 1185
312 4203 228 1229
288 3888 228 1052
318 3948 264 1081
338 4381 261 1102
330 4342 258 1231
308 4024 261 962
285 3540 240 1007
316 4001 249 1143
385 5174 238 1321
278 3645 262 1084
260 3383 216 943
277 3570 231 1011
292 3757 258 1245
302 3768 246 1143
311 3805 255 1074
254 3176 229 990
364 4949 273 1145
309 4066 243 1015
290 3601 234 993
265 3185 249 910
326 4280 237 1111
290 3794 283 1084
344 4635 294 1148
273 3328 240 1059
271 3542 225 959
285 3649 270 1030
245 2865 204 997
358 4359 262 1067
316 4056 249 1232
336 4214 261 1315
249 3235 213 1050
302 4046 253 1140
317 4069 235 1143
278 3465 267 964
273 3363 270 881
334 4155 243 1080
279 3771 252 918
319 4351 256 1112
288 3911 244 1020
267 3615 221 954
255 3279 228 1002
317 4056 264 1301
315 4270 258 1161
357 4707 270 1184
248 3178 238 910
343 4500 270 1164
312 3746 252 1097
360 4702 247 1304
343 4354 235 1113
318 4135 270 1043
374 4600 276 1269
300 3765 225 1067
381 4971 291 1207
276 3601 249 1119
324 4228 231 1092
431 5596 291 1182
280 3548 240 982
329 4348 291 1073
345 4447 220 1051
275 3538 267 903
321 4265 279 986
282 3701 282 909
378 4979 255 1107
444 5976 242 1412
345 4654 228 1215
334 4534 255 1137
320 4047 273 922
421 5162 264 1406
290 3782 238 1023
324 4041 267 1226
367 4713 303 1257
282 3474 249 1001
340 4421 249 1165
344 4337 276 1117
302 3790 262 1059
331 4366 218 1061
335 4152 258 1031
333 4133 273 1117
356 4641 285 1225
292 3466 213 1031
308 3791 225 1114
301 3456 228 1013
320 4139 243 991
350 4427 291 1127
452 5873 319 1621
349 4372 234 1056
261 3362 249 928
289 3795 247 1117
249 3236 216 1036
304 4108 218 973
330 4010 225 1067
297 3893 262 1032
353 4420 273 1129
319 4137 234 1026
311 4004 246 1213
349 4757 276 1387
317 3937 243 975
365 4742 246 1302
336 4463 216 1260
306 3899 244 1129
365 4787 220 1302
324 4406 252 1098
364 4533 273 1242
302 3978 213 1179
288 3637 264 982
262 3429 223 959
346 4607 255 1134
273 3643 231 996
379 5061 244 1187
319 3919 259 1023
383 4851 240 1180
286 3493 234 976
294 3846 204 1199
274 3494 229 955
295 3890 261 1025
310 3956 246 953
369 4951 261 1183
286 3833 239 1110
305 4135 213 1044
327 4185 240 1017
274 3333 213 950
329 4370 235 1032
415 5445 257 1355
367 4846 228 1224
308 3862 258 1136
391 5104 285 1184
326 3842 259 1076
373 4695 288 1277
436 5940 386 1477
288 3764 228 1128
316 3901 213 1110
278 3508 243 953
388 4900 250 1170
331 4321 243 1140
276 3717 240 1021
264 3465 213 1030
325 4500 204 1129
402 5038 255 1307
317 4125 225 1120
267 3318 238 988
266 3142 234 1076
295 3798 258 1014
306 4028 234 1036
386 5129 255 1339
293 3461 240 1006
301 3843 213 1019
299 3978 259 1168
303 3831 258 958
319 4145 262 1158
332 4312 243 914
375 5072 285 1245
422 5581 267 1419
236 3006 216 932
302 3720 282 924
370 4533 258 1233
276 3822 240 921
323 4119 273 1103
320 4043 250 994
325 4243 249 1317
339 4482 204 1082
304 3742 213 908
323 4391 261 992
352 4695 237 1200
424 5332 318 1371
333 4372 288 1298
258 3038 258 875
312 3886 250 905
313 3980 231 1157
304 3800 225 1022
246 3130 246 975
337 4568 228 1152
350 4093 271 1406
343 4752 222 1125
367 4857 243 1174
351 4351 246 1198
326 4155 276 1056
445 5677 270 1285
359 4596 303 1202
303 4102 225 1081
349 4305 216 1113
280 3510 274 1022
322 4245 292 1185
366 4899 285 1203
372 4831 237 1140
377 5192 288 1246
387 4885 211 1200
306 3941 265 927
368 4976 264 1275
331 4140 216 1076
391 5167 243 1245
267 3463 225 1037
295 3790 258 993
324 4062 264 960
310 4296 259 1204
363 4712 276 1289
332 4349 271 1180
302 3813 246 1159
419 5416 247 1274
333 4065 243 1083
284 3619 213 990
319 3992 225 1120
395 5103 272 1308
351 4876 252 1164
383 4876 267 1032
314 3861 276 901
284 3620 235 1035
390 5031 267 1311
276 3552 225 919
316 4177 234 1139
389 5119 258 1300
276 3578 243 1067
328 4289 284 1224
354 4718 291 1215
312 3917 264 1042
353 4222 264 1179
301 3862 270 1231
259 3299 235 993
247 3186 247 908
294 3868 282 1067
320 4137 220 933
316 4018 246 1063
391 5108 273 1359
251 3170 213 912
323 4080 256 1167
299 3849 243 914
410 5159 280 1233
290 3860 234 1043
370 5088 244 1276
342 4320 294 1140
341 4390 282 1243
287 3773 229 1008
333 4406 267 1088
293 3614 225 992
338 4470 276 988
347 4822 228 1138
305 4010 225 1135
318 4335 252 1018
287 3617 238 983
276 3544 205 996
271 3384 228 962
363 4762 258 1278
337 4162 213 1225
236 2984 231 903
334 4532 232 1093
301 4077 249 1075
