23 1.27428
313 4224 213 936
289 3873 240 971
236 3062 204 1049
236 3062 204 1049
307 4065 222 960
236 3149 204 1014
261 3363 211 999
248 3422 213 983
280 3571 204 994
289 3858 220 974
253 3211 213 1007
287 3382 205 1000
288 3905 204 975
276 3815 204 1004
250 3394 211 996
277 3615 204 1002
242 3378 213 996
250 3318 204 1010
278 3808 204 995
278 3808 204 995
302 3825 216 990
290 4075 204 992
266 3527 231 993
253 3092 227 1063
246 3126 204 1056
240 3205 216 1075
240 3201 222 1037
278 3452 218 1004
287 3798 204 994
277 3718 213 992
270 3416 222 1013
267 3414 211 1027
248 3337 213 1045
253 3249 229 1016
240 3205 216 1075
253 3092 227 1063
264 3515 220 1009
257 3288 213 1043
274 3605 213 1000
276 3482 211 1008
247 3488 204 1054
260 3441 229 1003
263 3335 213 1029
267 3328 222 1022
269 3368 204 1026
262 3435 213 1018
274 3465 204 1010
259 3386 213 1039
277 3602 213 994
250 3436 204 1015
265 3373 204 1041
252 3401 222 1027
252 3462 222 998
252 3462 222 998
240 3201 222 1037
253 3092 227 1063
321 4066 204 998
281 3624 213 997
257 3315 234 1020
257 3292 204 1173
257 3292 204 1173
257 3212 218 1064
246 3365 213 1146
318 3972 204 1008
267 3671 225 1004
287 3664 204 1011
249 3323 211 1057
268 3502 229 1009
254 3233 213 1088
247 3284 222 1068
257 3320 204 1096
263 3231 213 1069
283 3543 211 1009
246 3365 213 1146
267 3669 231 1012
274 3556 222 1004
256 3292 211 1122
249 3323 211 1057
256 3292 211 1122
280 3415 204 1038
258 3439 211 1023
269 3386 204 1045
263 3523 204 1044
265 3576 222 1013
266 3469 204 1021
267 3455 204 1026
277 3609 204 1013
271 3409 222 1022
272 3444 213 1022
280 3596 211 1013
267 3304 222 1041
281 3458 204 1016
254 3455 213 1022
278 3385 211 1041
274 3556 222 1004
267 3599 204 1017
278 3385 211 1041
269 3386 204 1045
257 3292 204 1173
246 3365 213 1146
365 4680 204 1011
323 4415 218 998
265 3412 211 1085
263 3664 204 1061
257 3339 240 1051
330 4349 212 1005
275 3587 229 1020
293 3986 211 1011
278 3386 213 1074
282 3560 225 1010
289 3763 218 1012
310 3819 204 1013
285 3616 220 1028
290 3835 213 1008
296 3899 211 1009
258 3483 213 1062
274 3833 229 1023
270 3437 213 1068
307 3850 204 1012
280 3570 222 1017
292 3535 204 1037
266 3616 204 1032
284 3587 222 1010
273 3501 204 1044
284 3867 213 1004
272 3637 204 1025
271 3534 211 1041
277 3735 204 1018
264 3450 213 1030
269 3509 211 1043
280 3692 204 1019
296 3899 211 1009
358 4573 204 1014
306 4035 220 1004
292 4056 231 1017
277 3418 230 1109
272 3698 204 1090
258 3517 225 1076
315 3944 211 1016
267 3656 218 1043
271 3621 222 1068
298 3911 213 1005
309 3866 227 1009
265 3422 225 1105
270 3467 231 1031
296 3991 222 1018
271 3639 213 1094
280 3494 222 1041
286 3585 204 1087
270 3576 227 1070
289 3762 204 1020
273 3650 204 1025
293 3659 227 1012
286 3758 204 1022
278 3882 213 1023
366 4927 213 1007
282 3680 221 1089
282 3642 227 1046
277 3817 231 1027
273 3701 204 1061
327 4353 222 1010
330 4076 225 1015
284 3764 211 1031
290 3894 204 1020
313 4086 213 1012
304 3787 229 1012
307 4010 222 1016
291 3771 213 1024
274 3725 204 1055
286 3742 204 1047
288 3675 204 1030
281 3769 204 1028
330 4422 222 1012
299 3715 222 1117
284 3989 231 1030
278 3869 204 1089
274 3780 222 1057
330 4393 213 1019
297 4035 204 1020
304 3801 211 1036
281 3938 220 1033
302 3900 204 1036
284 3848 211 1054
282 3767 213 1065
290 3763 204 1078
283 3732 213 1088
298 3953 204 1029
295 3716 213 1048
290 3862 204 1042
287 3784 204 1058
300 3831 204 1056
288 3979 204 1038
288 3802 211 1052
290 3725 213 1045
296 3878 213 1032
285 3780 222 1037
325 4086 216 1022
309 4169 204 1027
303 3861 204 1143
301 4073 222 1020
298 3808 229 1041
295 3901 204 1066
290 3844 234 1095
288 3970 213 1081
310 4093 204 1020
304 3885 204 1138
306 3847 204 1097
293 3870 222 1080
291 3935 225 1043
300 4040 213 1034
300 3986 204 1051
300 3864 229 1040
296 3944 204 1055
308 3880 213 1033
299 3924 204 1053
303 3958 204 1035
308 3955 204 1029
363 4575 213 1029
358 4663 222 1022
300 3915 213 1081
298 4010 204 1055
295 3963 213 1084
294 4010 234 1079
343 4397 222 1029
327 4082 218 1030
305 4109 222 1049
319 4084 211 1040
318 3976 204 1044
315 3925 222 1037
302 4002 213 1072
305 3917 220 1074
308 3917 213 1062
309 4099 204 1031
304 3938 213 1060
304 3985 204 1083
341 4501 204 1032
316 4004 207 1162
312 3920 244 1077
307 4060 204 1065
300 4011 213 1056
308 3959 234 1087
306 3932 213 1134
315 4243 204 1033
328 4192 211 1050
322 4177 211 1053
328 4124 204 1062
310 4012 204 1152
316 4031 204 1075
309 4042 204 1063
341 4382 211 1064
335 4401 204 1038
331 4430 204 1060
320 4145 222 1058
315 4015 213 1079
311 4134 204 1069
305 4026 213 1090
300 4163 222 1065
326 4318 211 1065
322 4350 216 1056
336 4083 204 1074
322 4048 218 1064
334 4095 213 1069
309 4032 213 1083
325 4140 204 1068
332 4091 204 1082
330 4385 204 1064
345 4444 213 1044
337 4091 204 1150
321 4180 204 1084
316 4048 218 1106
309 4165 232 1104
314 4136 213 1070
317 4106 227 1093
325 4094 213 1083
311 4071 216 1104
318 4127 213 1104
378 4686 204 1095
350 4820 222 1046
344 4186 231 1075
326 4139 213 1077
322 4229 204 1110
317 4214 220 1129
314 4238 222 1097
320 4278 227 1077
352 4727 220 1059
316 4160 222 1082
370 4918 204 1124
340 4415 230 1081
324 4245 204 1158
365 4674 220 1107
335 4541 211 1123
342 4318 222 1092
324 4332 204 1126
398 5183 246 1098
381 5247 211 1130
373 4582 220 1177
360 4843 204 1156
326 4377 234 1143
357 4868 213 1133
385 5138 204 1169
311 3938 211 991
290 3978 204 994
286 3891 220 979
257 3350 204 1099
255 3370 211 1208
241 3162 229 991
241 3162 229 991
255 3370 211 1208
289 3699 213 983
285 3545 218 1004
268 3431 222 1002
301 3975 204 1005
252 3258 222 1052
257 3411 218 1043
270 3652 213 987
291 3633 204 1006
241 3377 220 1047
255 3466 213 1080
256 3496 211 1018
290 3848 211 998
301 3975 204 1005
260 3290 213 1057
262 3219 204 1014
262 3411 204 1007
255 3466 213 1080
259 3381 204 1012
260 3290 213 1057
290 3848 211 998
261 3491 220 991
255 3370 211 1208
345 4612 229 980
267 3542 231 1003
262 3265 229 1071
258 3428 204 1103
257 3405 211 1128
328 4239 204 999
313 4001 213 984
303 3766 213 992
286 3837 213 1002
261 3396 223 1086
269 3304 222 1023
268 3611 220 1002
262 3278 211 1037
262 3439 204 1059
263 3472 204 1009
328 4239 204 999
258 3425 218 1076
322 4061 204 1001
258 3428 204 1103
261 3415 213 1023
322 4061 204 1001
258 3425 218 1076
267 3542 231 1003
259 3270 222 1090
259 3270 222 1090
261 3519 204 1086
262 3265 229 1071
262 3438 204 1088
261 3519 204 1086
269 3304 222 1023
269 3304 222 1023
262 3265 229 1071
261 3519 204 1086
259 3270 222 1090
259 3270 222 1090
326 4050 229 992
311 3897 238 993
307 4154 213 1006
271 3404 222 1077
268 3443 204 1189
263 3522 204 1051
257 3405 218 1155
301 3623 216 1015
271 3404 222 1077
324 4122 213 1000
294 3894 208 1022
258 3473 227 1107
315 3996 213 1010
292 3723 218 1009
260 3532 225 1133
262 3490 211 1045
296 3796 222 1008
298 3713 211 1013
312 4014 204 1015
267 3406 213 1118
266 3461 220 1032
299 3814 204 1016
268 3443 204 1189
260 3532 225 1133
292 3723 218 1009
257 3405 218 1155
270 3519 220 1011
265 3531 204 1025
270 3420 211 1064
266 3419 222 1108
270 3420 211 1064
268 3426 211 1108
268 3426 211 1108
266 3419 222 1108
268 3443 204 1189
257 3405 218 1155
257 3405 218 1155
257 3405 218 1155
358 4530 220 1003
267 3466 222 1133
263 3604 204 1076
263 3543 211 1165
263 3520 238 1062
262 3587 220 1057
331 4346 213 1010
299 3752 229 1019
321 4108 222 1010
324 4187 213 1014
263 3520 238 1062
304 4060 218 1014
306 3933 220 1018
272 3502 216 1046
287 3501 211 1111
302 3969 204 1021
293 3808 229 1021
314 3965 211 1019
270 3511 211 1141
282 3659 204 1026
268 3547 213 1038
281 3606 227 1022
267 3552 211 1083
280 3548 204 1029
287 3797 220 1024
274 3605 229 1022
281 3606 227 1022
273 3520 213 1100
270 3543 220 1096
300 3980 204 1019
271 3569 211 1041
273 3481 222 1040
327 4349 204 1019
318 4206 238 1015
317 4164 241 1021
280 3514 220 1071
277 3542 220 1129
272 3626 204 1083
306 3951 211 1029
282 3728 232 1034
297 3906 220 1024
275 3628 220 1058
278 3577 223 1046
323 4092 210 1028
285 3717 213 1033
290 3842 222 1026
283 3829 204 1034
289 3765 204 1045
323 4043 211 1023
322 4264 204 1023
322 4065 222 1019
292 3697 211 1033
286 3647 204 1066
285 3656 204 1051
277 3587 220 1044
277 3578 213 1076
278 3711 213 1062
281 3690 213 1072
284 3913 213 1027
325 4137 204 1023
325 4137 204 1023
327 4057 213 1024
320 4203 211 1029
288 3617 220 1082
285 3794 204 1066
275 3654 220 1106
272 3682 222 1092
324 3941 204 1051
312 4131 204 1034
289 3668 211 1063
306 3990 216 1030
299 3618 213 1076
288 3813 216 1040
279 3848 220 1056
287 3738 219 1048
291 3919 211 1045
307 4072 213 1029
300 3738 220 1047
284 3709 220 1058
297 3680 204 1061
321 4019 204 1047
301 3928 213 1043
298 3961 211 1044
287 3687 204 1053
301 3668 204 1056
353 4611 213 1026
306 3643 220 1109
297 3719 222 1117
289 3715 227 1116
285 3879 204 1093
285 3739 220 1063
339 4357 204 1043
307 4107 218 1029
309 3889 218 1046
302 4060 211 1061
331 4451 211 1044
288 3923 218 1051
328 4400 204 1051
290 3771 204 1072
292 4046 218 1043
299 3693 204 1092
299 3824 222 1053
294 3812 213 1056
294 3826 204 1067
303 3803 204 1053
355 4473 204 1052
352 4827 220 1033
302 3885 227 1057
292 3784 204 1090
291 3826 204 1109
285 3989 227 1070
313 4256 218 1037
290 3855 218 1095
293 3951 224 1064
293 3787 213 1084
297 3814 213 1082
309 4130 204 1066
298 3991 218 1052
310 4027 204 1053
300 3837 218 1077
306 3984 204 1067
295 3856 204 1072
347 4702 211 1054
336 4336 222 1044
301 3892 233 1077
300 4037 204 1093
300 3786 211 1216
292 3876 229 1106
306 3831 218 1142
302 3848 230 1171
318 4404 204 1058
302 4146 218 1057
325 4269 204 1063
327 4027 204 1065
296 3972 213 1083
316 4063 211 1060
299 3880 213 1103
331 4357 218 1048
327 4360 222 1051
319 3992 204 1093
300 3996 220 1053
301 3983 211 1165
302 3924 204 1119
302 3853 211 1121
303 3878 218 1074
301 4061 211 1073
349 4490 218 1055
313 4031 204 1152
308 3885 213 1105
306 4096 204 1093
301 4008 225 1078
303 4250 218 1116
332 4339 204 1063
324 4085 211 1109
321 4004 220 1058
304 3959 220 1075
328 4329 213 1066
323 4202 213 1087
321 4416 213 1067
316 4027 218 1085
326 4313 213 1074
327 4355 213 1061
328 4063 218 1080
321 4325 213 1087
358 4797 215 1092
323 4143 225 1068
321 4442 204 1151
315 4003 234 1116
310 4139 211 1129
351 4524 204 1093
341 4552 204 1095
316 4381 220 1080
334 4541 218 1074
320 4244 211 1095
311 4050 231 1084
322 4174 204 1097
312 4069 223 1083
323 4068 218 1091
365 4742 232 1088
337 4368 204 1103
329 4087 220 1098
319 4325 211 1194
319 4290 229 1129
360 4639 222 1094
351 4298 211 1111
325 4431 211 1124
326 4299 213 1100
338 4330 211 1125
382 4895 220 1104
341 4478 204 1169
333 4278 220 1105
366 4487 216 1135
350 4357 220 1108
345 4548 227 1167
341 4655 204 1198
356 4529 222 1117
353 4675 247 1109
297 3990 204 973
273 3267 222 953
230 3034 204 979
260 3318 213 972
257 3191 213 976
296 3859 204 978
325 4048 213 973
288 3894 231 956
252 3224 234 984
242 3259 204 1099
240 3093 220 1099
237 3210 220 1114
237 3210 220 1114
267 3155 204 1073
279 3751 222 971
260 3380 213 980
301 3864 213 976
275 3710 231 979
292 3873 231 963
239 3255 213 1046
252 3339 213 993
246 3235 231 984
239 3266 213 1007
244 3159 204 1023
239 3255 213 1046
246 3115 213 1042
250 3377 204 987
242 3259 204 1099
240 3093 220 1099
243 3125 222 1031
275 3710 231 979
243 3125 222 1031
246 3235 231 984
243 3147 213 1029
252 3234 222 987
243 3147 213 1029
246 3235 231 984
240 3093 220 1099
294 3930 204 989
286 3843 222 973
253 3361 234 1010
248 3204 211 1033
244 3223 204 1097
244 3223 204 1097
239 3335 222 1091
291 3885 213 983
252 3328 223 1030
285 3874 231 975
245 3373 220 1023
290 3775 231 985
251 3457 204 1052
288 3789 222 987
249 3287 204 1077
270 3585 204 996
253 3361 234 1010
263 3732 204 994
249 3287 204 1077
242 3307 222 1061
275 3689 211 995
256 3476 213 1016
254 3523 222 1004
276 3384 220 1003
243 3303 213 1035
267 3566 204 1020
260 3346 204 1042
269 3672 220 990
278 3636 220 992
262 3412 204 1029
263 3425 213 998
246 3246 222 1058
265 3507 211 1020
239 3335 222 1091
281 3559 204 1015
284 3581 213 992
275 3639 213 991
265 3679 204 1023
246 3246 222 1058
285 3874 231 975
285 3627 222 989
261 3544 204 1041
255 3339 222 1011
242 3307 222 1061
260 3406 222 993
281 3559 204 1015
261 3301 204 1044
248 3204 211 1033
278 3636 220 992
261 3301 204 1044
275 3639 213 991
256 3476 213 1016
242 3330 222 1039
242 3330 222 1039
263 3383 204 1035
263 3383 204 1035
245 3373 220 1023
265 3507 211 1020
275 3689 211 995
285 3627 222 989
265 3679 204 1023
285 3627 222 989
253 3361 234 1010
246 3246 222 1058
245 3373 220 1023
242 3307 222 1061
239 3335 222 1091
320 3743 229 990
312 3990 213 984
301 4299 204 994
277 3716 250 997
256 3215 220 1137
244 3252 204 1145
244 3252 204 1145
294 4023 231 986
278 3732 243 1001
265 3407 204 1091
285 3777 220 999
246 3366 229 1065
305 3999 204 1008
285 3960 231 995
274 3633 211 1019
267 3493 222 1002
263 3597 204 1073
263 3290 211 1036
256 3548 204 1085
256 3325 222 1065
256 3389 213 1057
300 3978 213 992
289 3593 207 1017
276 3685 204 1009
259 3520 222 1049
259 3266 213 1051
262 3379 222 1040
273 3541 213 1028
271 3475 204 1034
289 3593 207 1017
251 3407 229 1037
263 3423 204 1143
252 3403 229 1038
292 4022 204 996
267 3456 220 1018
272 3722 204 1016
287 3585 213 998
268 3559 204 1033
260 3567 213 1039
264 3557 213 1032
267 3580 213 1004
273 3739 204 1011
293 3962 231 988
293 3962 231 988
294 4023 231 986
310 4273 204 1001
293 3891 222 1000
271 3550 250 1009
271 3449 204 1094
263 3289 222 1059
260 3407 220 1080
310 4154 204 1002
286 3531 231 1006
296 3660 204 1062
294 3923 213 1003
268 3375 229 1036
288 3314 220 1047
285 3641 211 1083
280 3738 211 1017
262 3487 213 1052
271 3644 204 1069
276 3501 213 1040
283 3563 213 1030
280 3738 211 1017
265 3464 220 1046
268 3672 216 1012
277 3628 213 1015
292 3668 204 1034
269 3595 222 1028
264 3459 216 1060
272 3731 204 1020
310 4273 204 1001
274 3614 231 1004
267 3312 213 1051
281 3706 204 1061
286 3695 213 1010
274 3723 204 1038
274 3623 213 1025
272 3605 222 1012
292 3728 204 1017
267 3611 213 1029
271 3667 222 1003
274 3668 220 1008
340 4431 204 1007
321 4262 211 1002
285 3610 234 1022
284 3493 213 1060
274 3814 204 1032
265 3683 216 1117
262 3525 220 1057
277 3501 229 1055
300 4023 204 1019
294 3926 216 1007
274 3702 211 1082
277 3773 222 1009
273 3659 213 1092
340 4431 204 1007
276 3558 213 1101
315 3674 211 1070
290 3719 213 1010
280 3637 220 1045
313 4311 204 1010
313 4311 204 1010
287 3617 213 1044
283 3693 216 1017
280 3643 213 1031
300 3793 211 1020
275 3732 204 1022
275 3732 204 1022
348 4405 204 1017
322 4390 225 1006
287 3750 204 1034
273 3833 232 1074
273 3539 220 1102
274 3721 222 1066
298 4113 204 1023
280 3735 213 1045
300 4006 212 1028
305 4007 204 1027
284 3754 216 1029
282 3746 229 1024
296 3864 213 1010
292 3720 213 1020
294 3953 204 1033
287 3859 225 1018
291 3768 213 1013
290 3962 213 1014
332 4122 204 1024
322 3969 229 1013
317 4198 222 1020
299 3747 217 1060
289 3840 204 1136
282 3833 220 1096
323 4086 213 1030
292 3900 211 1085
302 4125 204 1023
286 3800 216 1078
300 3994 204 1033
288 3916 219 1059
296 3763 204 1052
293 3796 216 1080
295 3954 204 1034
295 3897 204 1050
299 3915 204 1045
332 4237 229 1021
330 4403 229 1019
303 4022 204 1069
296 3820 211 1067
325 4217 222 1027
309 4103 213 1049
318 3993 204 1037
310 3964 204 1063
301 4195 222 1042
299 4018 216 1065
327 4037 213 1034
317 4303 204 1024
311 4021 204 1039
310 4114 204 1045
309 4309 204 1044
326 4038 204 1040
323 4358 204 1042
314 4108 204 1066
306 4110 211 1122
302 3911 243 1089
298 3972 213 1077
315 4178 209 1043
300 3914 222 1118
308 4035 229 1071
309 4123 225 1054
313 4073 220 1048
319 4054 213 1073
340 4279 204 1042
337 4643 204 1097
334 4162 229 1054
299 4016 222 1079
328 4488 213 1070
322 4252 211 1094
315 4070 213 1079
320 4371 220 1051
321 4274 225 1064
324 4420 222 1050
315 4092 222 1075
366 4496 216 1083
341 4375 204 1134
340 4251 226 1080
336 4682 222 1058
299 4045 222 1084
320 4175 220 1103
341 4588 204 1074
362 4544 220 1097
332 4429 222 1079
336 4576 222 1073
325 4293 231 1114
324 4401 228 1105
321 4282 253 1084
