24996 3542.39
285 2651 285 822
285 2651 285 822
221 2261 204 853
221 2228 213 850
217 2264 204 852
276 2540 276 824
276 2540 276 824
267 2438 267 826
267 2438 267 826
249 2367 249 830
259 2393 258 828
231 2365 222 838
242 2290 240 836
249 2327 249 832
258 2365 258 830
239 2418 231 834
228 2352 221 842
239 2418 231 834
224 2252 213 846
231 2246 231 842
240 2291 240 836
227 2262 204 851
249 2327 249 832
230 2430 222 838
222 2283 222 840
240 2314 240 834
231 2304 231 836
220 2279 210 849
240 2363 240 832
219 2261 213 849
219 2287 210 848
231 2254 231 840
259 2393 258 828
258 2397 258 828
258 2365 258 830
249 2367 249 830
231 2246 231 842
219 2285 213 844
225 2267 204 850
228 2352 221 842
222 2251 222 842
258 2397 258 828
227 2262 204 851
220 2265 213 847
222 2239 213 848
222 2239 213 848
222 2243 222 844
218 2278 204 850
220 2272 213 845
220 2265 213 847
242 2290 240 836
220 2272 213 845
219 2275 213 846
219 2273 213 848
240 2363 240 832
230 2430 222 838
221 2261 204 853
218 2262 204 852
224 2252 213 846
240 2291 240 836
221 2228 213 850
240 2314 240 834
231 2304 231 836
222 2243 222 844
219 2287 210 848
225 2248 222 842
221 2270 213 846
218 2278 204 850
218 2262 204 852
217 2264 204 852
222 2260 213 846
221 2270 213 846
219 2275 213 846
231 2254 231 840
225 2267 204 850
225 2248 222 842
221 2250 213 848
219 2285 213 844
231 2274 231 838
231 2274 231 838
222 2260 213 846
222 2251 222 842
221 2250 213 848
220 2279 210 849
220 2273 204 850
285 2651 285 822
285 2651 285 822
285 2651 285 822
285 2651 285 822
285 2651 285 822
285 2651 285 822
276 2540 276 824
276 2540 276 824
276 2540 276 824
276 2540 276 824
276 2540 276 824
276 2540 276 824
276 2540 276 824
276 2540 276 824
276 2540 276 824
276 2540 276 824
276 2540 276 824
276 2540 276 824
276 2540 276 824
276 2540 276 824
276 2540 276 824
276 2540 276 824
276 2540 276 824
276 2540 276 824
276 2540 276 824
276 2540 276 824
276 2540 276 824
276 2540 276 824
276 2540 276 824
276 2540 276 824
276 2540 276 824
276 2540 276 824
276 2540 276 824
276 2540 276 824
276 2540 276 824
276 2540 276 824
276 2540 276 824
276 2540 276 824
276 2540 276 824
276 2540 276 824
276 2540 276 824
276 2540 276 824
276 2540 276 824
276 2540 276 824
276 2540 276 824
276 2540 276 824
276 2540 276 824
276 2540 276 824
276 2540 276 824
276 2540 276 824
276 2540 276 824
276 2540 276 824
276 2540 276 824
276 2540 276 824
276 2540 276 824
276 2540 276 824
276 2540 276 824
276 2540 276 824
276 2540 276 824
276 2540 276 824
276 2540 276 824
276 2540 276 824
276 2540 276 824
276 2540 276 824
276 2540 276 824
276 2540 276 824
276 2540 276 824
276 2540 276 824
276 2540 276 824
276 2540 276 824
276 2540 276 824
276 2540 276 824
276 2540 276 824
276 2540 276 824
276 2540 276 824
276 2540 276 824
276 2540 276 824
276 2540 276 824
276 2540 276 824
276 2540 276 824
276 2540 276 824
276 2540 276 824
276 2540 276 824
276 2540 276 824
276 2540 276 824
276 2540 276 824
276 2540 276 824
231 2274 231 838
276 2543 276 824
236 2309 213 846
231 2292 231 852
267 2439 267 826
258 2424 258 828
245 2445 231 836
240 2308 222 844
242 2341 240 834
235 2337 231 838
256 2441 249 830
251 2357 249 832
249 2439 249 832
250 2411 249 832
251 2323 249 836
276 2544 276 824
246 2332 213 846
245 2331 240 855
237 2372 231 838
255 2377 249 832
262 2497 258 828
267 2449 267 826
243 2425 240 836
246 2343 240 834
276 2543 276 825
267 2437 258 830
280 2598 258 828
276 2551 276 824
256 2344 222 852
247 2460 213 848
243 2398 240 839
246 2356 240 834
243 2489 231 850
270 2455 267 826
267 2517 267 826
247 2431 231 838
257 2445 249 832
264 2434 249 832
268 2513 258 830
258 2433 258 832
268 2469 267 828
260 2429 258 832
263 2429 249 833
264 2414 258 832
268 2503 267 826
285 2740 213 858
276 2552 276 824
253 2358 240 840
248 2461 240 835
258 2545 231 855
271 2554 258 830
267 2528 267 826
260 2438 258 832
269 2496 267 828
273 2533 258 830
260 2387 249 836
254 2446 249 834
250 2403 240 838
257 2511 240 834
259 2417 249 834
268 2522 267 828
258 2456 249 832
279 2636 249 832
276 2553 276 824
269 2404 249 838
261 2454 240 851
260 2468 240 836
254 2471 249 840
259 2419 258 841
265 2521 240 834
272 2498 267 828
267 2539 267 826
279 2551 258 830
271 2509 267 828
257 2451 249 834
255 2448 249 841
259 2431 249 834
276 2554 276 824
276 2554 276 824
267 2624 240 836
266 2595 240 854
260 2439 249 836
258 2515 258 838
261 2443 249 834
273 2504 267 828
259 2497 249 834
267 2550 267 826
269 2546 267 828
272 2535 267 828
260 2476 249 834
298 2909 240 846
276 2556 276 824
261 2565 249 857
261 2489 258 839
271 2619 267 826
280 2611 267 826
263 2500 249 834
273 2525 267 828
284 2691 267 826
276 2563 276 824
263 2511 249 836
270 2549 249 834
285 2697 267 828
285 2658 249 848
279 2566 276 824
276 2583 276 824
272 2662 249 834
267 2524 267 845
264 2538 258 840
276 2526 258 839
276 2564 276 825
289 2657 258 848
288 2812 249 847
279 2567 276 824
276 2588 276 824
276 2556 267 843
271 2650 267 840
279 2681 258 844
291 2846 267 840
285 2773 258 855
276 2608 276 824
276 2595 276 825
291 2747 267 842
291 2748 267 852
288 2612 288 831
281 2627 276 824
281 2630 276 824
286 2764 279 849
