1447 47.8244
349 4829 246 1311
373 4588 248 1154
345 4465 246 1158
326 4230 265 1344
303 3989 243 1170
346 4402 225 1276
395 4900 300 1338
334 4553 246 1181
429 5791 314 1485
424 5725 277 1406
370 4932 225 1111
369 5114 249 1331
374 5187 276 1148
305 3975 252 1279
368 4757 269 1188
356 4819 229 1390
436 5717 279 1249
285 3853 270 1094
318 4402 230 1336
297 4112 252 1044
407 5266 270 1310
326 4488 231 1139
321 4198 249 1083
426 5439 275 1383
319 4304 238 1288
365 4446 255 1227
333 4248 220 1282
291 4050 240 1270
301 4094 258 1221
427 5388 402 1460
346 4434 276 1248
357 4678 264 1197
385 4944 243 1305
403 5328 271 1379
412 5246 288 1319
374 5031 300 1259
364 4964 310 1322
434 5033 222 1376
404 5103 246 1415
380 4682 261 1369
333 4228 258 1303
393 5219 264 1404
404 5458 292 1333
345 4312 240 1188
369 5035 261 1348
363 4942 244 1321
389 5054 269 1260
350 4654 256 1441
369 5126 255 1156
280 3782 225 1182
362 4852 261 1188
441 5689 285 1362
394 5214 264 1386
411 5573 255 1354
324 4393 238 1311
285 3792 264 1208
359 4493 244 1395
327 4114 234 1298
369 4753 288 1238
350 4361 282 1129
417 5317 254 1398
385 5134 247 1389
392 5459 266 1384
402 5209 309 1126
349 4745 273 1257
357 4908 277 1204
404 5113 313 1282
386 5151 305 1458
405 5315 275 1305
392 5174 246 1329
352 4651 288 1229
316 4013 243 1152
362 4947 258 1251
356 4413 252 1334
334 4484 274 1223
290 3892 213 1165
391 5182 346 1347
340 4594 275 1329
361 4444 225 1270
437 6018 237 1375
329 4437 262 1410
362 4895 266 1363
453 5418 256 1343
399 5185 253 1326
395 4898 281 1311
408 5278 279 1287
339 4669 252 1215
423 5528 305 1432
346 4706 248 1376
376 5058 286 1351
341 4234 250 1406
420 5639 273 1436
416 5404 244 1259
374 4894 295 1301
361 5041 277 1285
391 5155 229 1262
407 5320 253 1370
353 4624 273 1315
301 4012 240 1121
291 3929 223 1237
339 4492 222 1269
380 5238 244 1323
341 4579 253 1260
435 5453 253 1323
431 5270 240 1361
333 4365 264 1151
369 4769 234 1360
347 4473 299 1227
329 4481 265 1236
341 4632 229 1406
379 4830 288 1231
282 3740 254 1290
358 4686 255 1206
358 4662 259 1340
436 5543 271 1437
291 3728 234 1218
360 4773 265 1360
395 5383 287 1470
382 5214 251 1389
351 4514 276 1168
383 5062 260 1433
402 5113 258 1349
416 5181 269 1363
440 5696 288 1375
410 5279 237 1079
317 4428 259 1283
362 4784 223 1395
384 5092 284 1325
426 5634 294 1314
373 4733 264 1323
380 4906 255 1364
370 4757 244 1196
355 4746 276 1342
449 5474 271 1325
347 4563 244 1376
327 4229 243 1260
383 4894 289 1381
335 4307 242 1297
316 4221 255 1289
380 4742 255 1267
415 4926 242 1335
388 4860 271 1152
458 5450 256 1294
338 4613 264 1290
351 4627 271 1319
389 5044 232 1446
354 4801 300 1351
379 4838 243 1373
352 4538 258 1242
384 4753 313 1242
254 3392 231 1207
348 4428 243 1293
355 4693 284 1243
398 4763 266 1387
306 4017 255 1144
349 4710 229 1346
361 4459 286 1272
370 4741 288 1246
419 5636 279 1385
392 4740 297 1273
382 4875 234 1384
297 3981 243 1064
409 5239 235 1333
368 4857 262 1349
337 4378 241 1292
373 4695 250 1350
318 3807 250 1157
349 4829 234 1243
358 4599 266 1205
304 4107 282 1272
345 4388 236 1286
370 4935 241 1350
373 4823 261 1298
374 5030 255 1247
351 4666 271 1160
335 4478 273 1332
425 5773 249 1325
392 4959 339 1375
414 5484 299 1325
346 4730 258 1252
340 4477 225 1131
402 5200 251 1351
318 4268 296 1234
377 4809 279 1239
396 5026 232 1327
457 5677 246 1346
359 4868 273 1305
385 4896 264 1298
402 5364 243 1216
356 4686 262 1337
368 4965 270 1427
323 3991 246 1241
334 4417 213 1146
334 4285 243 1212
381 4500 267 1116
454 5640 279 1403
331 4588 227 1187
357 4803 255 1296
376 4879 283 1285
318 4120 264 1238
413 5133 308 1343
339 4637 258 1212
326 4110 229 1371
359 4527 279 1185
332 4551 246 1181
415 5536 294 1427
411 5392 302 1341
335 4588 276 1155
370 4654 267 1355
328 4271 243 1250
443 5782 230 1392
338 4407 276 1348
385 5248 270 1294
349 4424 213 1214
417 5406 300 1354
360 4879 237 1326
338 4259 262 1343
366 4439 238 1246
354 4671 230 1273
437 5886 279 1355
393 5008 225 1319
393 5291 303 1427
394 5277 272 1505
426 5768 267 1281
347 4608 272 1318
394 4804 220 1388
393 5172 246 1414
469 6137 293 1557
319 4249 265 1279
328 4280 253 1342
346 4757 280 1315
375 4961 264 1251
315 4231 243 1101
346 4735 245 1399
321 4292 272 1351
370 5007 231 1286
381 4945 252 1367
404 5163 339 1429
376 4995 254 1313
322 4073 264 1058
404 5244 255 1208
333 4254 231 1270
439 6123 264 1272
379 5015 279 1306
324 4324 272 1249
343 4250 231 1223
415 5601 241 1421
365 4815 261 1095
446 5609 262 1303
448 6054 280 1186
367 4638 267 1236
395 5161 268 1432
296 4041 243 1244
327 4090 273 1253
351 4687 239 1378
473 6004 273 1333
417 5500 308 1371
386 5176 295 1364
286 3775 266 1164
358 4644 246 1277
373 4781 231 1334
321 4405 234 1225
360 4916 276 1243
398 5277 265 1340
362 4622 234 1229
352 4700 256 1416
390 5239 227 1230
442 5821 281 1326
331 4383 258 1137
368 4948 247 1222
329 4258 291 1132
422 5390 307 1393
380 4976 243 1272
362 4733 248 1377
417 5293 255 1468
319 4214 262 1305
388 4780 265 1471
319 4160 261 1235
360 4731 239 1379
452 6176 241 1441
360 4745 250 1478
368 4891 309 1271
352 4557 293 1383
358 4665 280 1396
438 5865 248 1410
388 4996 253 1399
374 4566 261 1300
342 4449 234 1330
421 5576 280 1424
316 4264 268 1261
361 4278 246 1168
358 4822 317 1256
417 5502 267 1193
395 4769 289 1341
433 5921 286 1329
374 4740 253 1269
409 5446 242 1447
417 5019 271 1323
355 4609 262 1201
413 5316 243 1327
