15919 540.354
427 5634 260 1207
308 3814 288 1026
356 4681 234 1120
415 5783 292 1310
282 3421 216 1077
384 4985 252 1300
369 4886 274 1229
359 4595 255 1218
316 4207 243 957
433 4714 277 1326
277 3511 225 997
471 6120 373 1412
285 3748 255 1014
336 4411 243 1158
385 5005 294 1119
381 4959 291 1172
330 4271 255 993
328 4448 276 881
285 3821 222 1062
360 4980 263 1332
352 4755 246 1221
288 3622 234 954
356 4417 204 1077
288 3706 243 995
319 3854 213 979
306 3798 252 1036
344 4372 237 1070
330 4194 234 1141
443 5670 299 1412
409 5425 243 1296
331 4367 270 1038
431 5349 229 1433
384 4672 246 1111
366 4820 234 1224
308 3715 279 935
304 3956 261 992
410 5382 287 1293
332 4383 249 1175
328 4131 225 1227
282 3619 225 1039
289 3753 255 1085
247 3193 213 955
383 5016 289 1271
355 4435 237 1169
296 3884 267 1072
362 4625 264 1147
452 5926 264 1297
359 4315 222 1195
378 4727 316 1181
441 6108 293 1557
338 4396 231 1060
311 3947 234 983
360 4769 249 1214
380 4862 258 1261
300 4018 240 1007
283 3667 243 900
297 4105 222 1017
370 5015 258 1203
303 3984 222 939
333 4587 306 1179
373 5000 271 1282
360 4763 258 1156
334 4284 231 1031
309 3907 240 1004
299 3852 264 1156
321 4037 240 1024
260 3505 213 966
376 4733 231 1384
442 5875 333 1505
291 4033 237 1308
464 6011 335 1494
343 4299 252 1150
449 5440 260 1335
339 4215 222 1063
274 3398 231 992
406 5314 267 1262
376 5127 268 1281
297 4013 255 1162
309 3947 249 1087
342 4456 246 1059
356 4672 276 1209
321 4163 267 992
399 5155 306 1096
277 3842 231 1033
305 4126 249 1127
341 4543 267 1032
341 4463 270 1136
310 4036 261 1138
335 4044 258 1166
328 4398 231 1116
342 4259 243 1169
296 3961 234 1137
296 3852 285 1020
268 3460 249 1055
344 4009 279 1128
353 4559 225 1250
315 4315 246 1065
261 3338 240 1072
347 4670 255 1253
340 4244 240 1113
289 3964 243 1185
280 3638 249 1022
331 3935 240 954
319 4134 273 1157
294 3889 222 1134
365 4467 303 1110
265 3268 222 889
322 3745 237 1072
343 4299 282 1193
281 3560 231 996
316 4291 240 1189
351 4478 264 1120
321 3942 246 1047
357 4667 250 1231
386 4859 285 1457
315 4237 234 1023
312 4176 216 1067
333 4135 234 1106
388 4986 291 1241
385 5230 258 1185
355 4425 245 1063
407 5363 334 1281
365 4538 267 1208
343 4538 243 1186
329 4371 246 1203
290 3758 261 993
350 4648 255 963
312 4143 222 1162
320 3959 249 1022
376 5030 318 1273
357 4903 240 1109
353 4686 267 1062
296 3701 282 1212
366 4873 249 1144
376 4705 237 1199
330 4007 252 1015
312 3846 288 1042
435 5663 267 1262
338 4210 225 1115
302 4051 234 1088
374 4995 267 1188
332 4140 268 1274
374 4798 300 1355
261 3595 240 1003
472 6104 225 1354
416 5671 255 1194
432 5645 264 1109
400 5134 291 1245
362 4652 246 1325
355 4819 291 1325
361 4851 243 1102
394 5236 252 1228
418 5282 246 1296
296 3840 240 1010
380 5129 222 1218
328 4147 246 1193
265 3516 249 1033
317 4320 222 1210
284 3481 231 872
372 4570 240 1260
425 5792 249 1140
347 4737 270 1171
305 4029 270 1038
305 3729 243 991
301 3690 276 970
412 5078 239 1362
367 4459 234 1224
363 4514 339 1242
308 4093 243 995
355 4416 297 1179
338 4301 247 1110
358 4334 231 1212
261 3310 222 1006
402 5354 300 1441
359 4733 240 1017
385 5165 285 1464
326 4351 222 1012
306 3942 270 1059
289 3654 234 1071
345 4226 261 948
330 4520 282 1171
286 3745 213 919
302 3941 222 1000
342 4344 273 921
406 5428 252 1145
297 3782 225 1108
358 4673 246 1258
324 4312 234 1112
320 4258 229 1127
361 4875 240 1175
388 4573 231 1140
286 3590 264 1076
374 4798 276 1025
371 4774 243 1264
323 4411 270 1144
327 4464 234 1079
301 3869 222 957
345 4590 258 1017
322 4043 222 1062
304 4201 252 1146
316 4089 267 1143
304 4134 222 1170
356 4642 240 1010
402 5477 259 1307
330 4307 225 1048
372 4575 306 1183
319 4206 222 986
446 5569 255 1310
283 3531 258 945
330 4364 247 1302
442 5933 265 1249
311 3789 255 1062
320 4190 247 1051
279 3531 246 901
349 4849 270 1248
349 4678 285 1192
322 3883 243 945
247 3381 231 976
399 5259 258 1186
389 4911 300 1301
262 3284 231 945
324 4080 237 1141
296 3573 273 982
328 4163 279 1079
247 3344 243 1056
298 3576 237 1136
401 5312 286 1453
369 4679 306 1245
303 3893 231 1051
317 4078 222 1161
296 3743 261 910
423 5386 228 1296
265 3312 225 990
391 5296 282 1331
303 3888 270 997
327 4205 279 1189
336 4490 270 1110
393 5136 261 1192
334 4423 237 1174
324 4505 231 1143
388 5115 308 1292
376 4683 283 1319
302 3923 249 995
349 4648 252 1150
321 4279 273 1128
290 3653 240 1064
337 4268 246 1125
382 4813 270 1294
328 4178 258 1171
334 4384 270 1212
365 4290 243 1294
332 4271 228 1121
302 3909 252 889
417 5443 246 1270
360 4861 266 1485
326 4514 261 1340
277 3710 240 1025
306 4057 261 972
328 4467 231 1015
310 3814 234 957
361 4548 255 1205
304 3952 246 1103
348 4171 241 1313
278 3544 252 974
286 3778 261 1040
389 4924 309 1173
272 3655 225 970
362 4545 252 1170
340 4588 273 1237
350 4531 240 1046
381 4656 225 1056
405 5522 249 1191
305 3886 273 1005
297 3755 231 989
297 3944 237 1042
355 4815 240 1006
267 3540 243 887
312 4190 222 1040
346 4584 249 1135
272 3773 213 947
286 3387 222 978
305 3948 222 1233
276 3590 276 1054
314 4237 261 1083
342 4335 258 1205
346 4713 252 1069
330 3931 252 1083
353 4500 243 939
368 4771 222 1225
288 3730 261 995
310 4096 255 1075
285 3718 243 1033
336 4359 243 1174
321 4267 213 1143
392 5356 267 1306
261 3598 231 1155
365 5075 276 1247
322 4151 267 1190
293 4071 225 1199
432 5543 259 1178
