5468 180.099
306 4340 220 1111
304 3738 231 1020
289 3812 222 1085
373 4888 279 1272
345 4292 220 948
314 3980 234 1101
432 5120 286 1273
266 3525 240 921
326 4096 252 1064
288 3883 262 922
331 4163 255 1183
464 5878 316 1445
290 3795 241 984
301 3998 222 1087
401 5465 312 1227
328 4356 253 1296
428 5227 280 1439
333 4491 235 1250
290 3797 246 990
372 5038 288 1297
295 3663 262 1048
322 4262 220 903
312 4045 255 1008
427 5699 297 1300
281 3708 229 900
286 3841 231 963
366 4510 286 1118
287 3866 265 951
281 3632 246 955
377 4988 243 1357
263 3411 204 1016
319 3983 247 1008
293 3822 246 1039
338 4290 232 1197
388 5051 240 1290
289 3746 252 1054
390 5193 255 1376
376 4892 285 1396
354 4760 263 1351
300 3744 246 1019
323 4057 218 1081
272 3601 231 962
372 4886 286 1355
392 4966 303 1406
336 4254 282 1304
337 4435 234 1061
377 4891 244 1404
347 4707 270 1372
274 3724 222 917
266 3530 252 1052
300 3944 261 1157
336 4282 283 1071
290 3957 225 1039
293 3715 213 1024
323 4061 258 949
329 4168 246 1022
452 5811 269 1344
428 5782 264 1379
329 4225 264 1214
360 4801 234 1243
328 4366 252 1178
310 4058 243 1049
376 4980 256 1407
323 3906 213 1029
408 5029 282 1270
285 3843 220 919
405 5173 337 1256
350 4579 264 1248
359 4743 276 1302
256 3367 223 1069
440 5593 310 1236
347 4734 234 1138
418 5018 246 1310
376 5069 254 1371
252 3265 225 934
273 3404 256 1062
321 4196 291 981
283 3660 225 972
359 4635 282 1273
337 4417 258 1083
512 6472 297 1609
278 3682 204 939
387 5207 250 1321
297 3920 243 962
301 4044 244 1125
370 4766 258 1356
392 4976 277 1333
291 3824 243 1061
330 4134 234 1186
372 4991 270 1362
323 4296 283 1024
317 4084 234 1121
369 4670 270 1116
427 5400 265 1384
326 4403 304 1292
309 3964 301 1020
254 3563 222 1140
312 4127 216 1041
298 3806 252 1052
268 3542 241 998
335 4699 234 1104
435 5625 237 1302
302 4089 259 1026
412 5305 294 1228
348 4642 298 1129
288 3740 237 1062
394 5407 274 1298
340 4470 243 1104
437 6021 322 1422
297 3930 216 1043
356 4309 222 1040
338 4023 265 1072
292 3821 283 1123
354 4606 271 1277
413 5109 285 1198
333 4479 246 1140
334 4652 226 1236
358 4475 288 1023
279 3707 228 1118
293 3837 222 1067
303 3714 243 996
401 5218 311 1385
399 5177 224 1276
421 5698 291 1417
423 5358 324 1445
281 3352 255 1026
271 3592 222 1064
348 4136 234 1037
349 4442 262 1075
328 4457 256 1178
334 3848 222 921
398 5216 280 1446
274 3609 267 1021
353 4696 249 1161
338 4520 246 1194
332 4132 235 1066
413 5549 260 1472
288 3685 232 940
354 4607 237 1070
392 5252 319 1494
332 4457 204 1154
340 4546 267 1199
318 4244 223 1149
400 5497 254 1302
342 4439 295 1156
303 3957 232 1039
381 4978 245 1329
322 4103 241 1083
272 3498 228 1048
274 3646 252 1048
400 5200 295 1465
354 4815 278 1166
309 4144 261 944
309 3961 241 1050
335 4050 225 1052
514 6627 399 1600
401 5359 276 1224
371 4767 294 1204
378 5001 241 1313
355 4494 258 1141
299 3777 253 1089
339 4256 296 1211
309 4130 286 1142
334 4155 234 1178
266 3442 234 997
400 4860 255 1106
311 4277 259 1118
304 3960 225 1189
345 4412 328 1192
328 4271 264 1251
332 4410 237 1270
343 4447 279 1158
378 4867 243 1073
304 3971 265 982
254 3535 243 960
315 3877 213 1174
313 4092 228 993
341 4384 264 1134
309 4102 270 1178
441 5826 255 1294
443 5880 274 1383
277 3641 243 1052
453 5876 346 1426
428 5572 323 1455
390 4875 270 1363
403 5135 288 1230
309 3927 228 1186
259 3391 249 970
445 5875 270 1316
363 4599 268 1170
379 4827 274 1257
380 5035 298 1334
285 3723 253 1049
354 4897 216 1088
311 3908 222 1078
312 4178 286 1210
429 5763 319 1344
321 4237 204 1168
348 4354 274 1160
353 4728 225 1139
293 3860 243 1046
334 4561 250 1040
332 4443 233 1122
348 4656 267 1318
381 5090 225 1046
357 4658 253 1266
297 3906 234 1210
346 4705 262 1215
562 7157 340 1632
359 4711 279 1211
311 4125 234 1165
350 4482 301 1110
383 4849 256 1256
332 3973 289 1039
263 3486 234 928
319 4130 253 1064
399 4960 283 1190
361 4721 258 1261
387 4888 285 1271
335 4400 279 1209
317 3876 232 1098
313 4263 225 1052
400 4789 262 1156
282 3541 214 946
323 4300 255 1096
422 5294 258 1340
492 6245 312 1406
290 3625 231 1060
289 3768 267 1059
362 4556 249 1239
295 3794 247 1080
351 4572 262 1154
364 4224 283 1195
407 5233 234 1334
332 3964 241 1078
305 3975 262 1035
262 3696 220 906
279 3870 222 1089
381 4590 250 1529
384 4846 273 1155
342 4478 274 1221
314 4198 234 1142
289 3819 229 969
281 3738 225 1036
317 4131 244 1060
361 4647 217 1431
304 3912 252 925
408 5519 267 1094
319 4283 286 1274
361 4605 270 1223
384 5120 249 1153
329 4044 288 1148
384 5023 326 1201
375 4723 264 1121
346 4571 272 1182
374 4777 232 1200
391 4989 298 1257
313 4226 244 1136
315 4096 243 1148
356 4577 288 1188
370 4793 237 1238
472 6041 362 1540
334 4155 237 1164
463 6133 294 1481
307 4137 243 1053
370 4846 238 1090
347 4549 304 1221
435 5630 268 1455
309 3862 273 988
347 4565 298 1286
383 5182 279 1359
407 5717 228 1417
317 4246 252 1028
283 3887 216 971
305 3884 240 1020
404 5365 291 1384
314 4067 243 1184
315 4182 243 1051
260 3433 216 1012
300 3727 229 1031
337 4201 232 1236
429 5811 293 1354
321 4096 253 1086
269 3487 213 1022
319 4363 231 1121
314 4112 256 1085
293 3872 238 992
315 4415 298 1047
406 5443 291 1566
289 3579 241 1073
294 3978 228 1255
369 5035 255 1133
278 3593 247 916
421 5243 325 1280
283 3642 225 1118
283 3778 253 979
347 4339 234 1068
305 3901 261 994
368 4631 267 1216
313 4212 228 968
