10112 240.118
294 2669 294 826
204 2149 204 869
204 2181 204 865
204 2193 204 854
304 2662 294 826
204 2149 204 869
276 2467 276 830
267 2379 267 832
295 2559 285 828
204 2186 204 858
285 2566 285 828
286 2460 276 830
231 2244 231 840
250 2255 240 838
258 2332 258 834
204 2184 204 863
210 2280 210 848
213 2173 213 863
204 2193 204 854
259 2326 258 834
286 2460 276 830
240 2262 240 838
222 2239 222 842
222 2239 222 842
231 2244 231 840
268 2373 267 832
267 2379 267 832
222 2225 222 846
295 2559 285 828
241 2256 240 838
231 2244 231 840
258 2332 258 834
277 2461 276 830
249 2292 249 836
249 2292 249 836
285 2566 285 828
304 2662 294 826
294 2669 294 826
258 2332 258 834
268 2373 267 832
240 2262 240 838
222 2239 222 842
295 2559 285 828
231 2244 231 840
210 2280 210 848
241 2256 240 838
213 2263 210 848
259 2285 249 836
286 2460 276 830
285 2566 285 828
249 2292 249 836
267 2379 267 832
277 2372 267 832
277 2372 267 832
213 2162 213 865
222 2225 222 846
217 2236 213 844
249 2292 249 836
268 2325 258 834
204 2165 204 867
204 2219 204 850
213 2197 213 852
204 2193 204 854
204 2188 204 856
204 2165 204 867
204 2186 204 858
204 2184 204 863
204 2204 204 852
217 2236 213 844
213 2252 213 846
213 2252 213 846
240 2262 240 838
250 2286 249 836
231 2244 231 840
217 2236 213 844
295 2663 294 826
285 2566 285 828
213 2162 213 865
286 2460 276 830
249 2292 249 836
204 2188 204 856
213 2202 213 850
222 2239 222 842
277 2372 267 832
286 2460 276 830
258 2332 258 834
295 2559 285 828
216 2253 213 844
213 2252 213 846
204 2204 204 852
213 2217 213 848
204 2149 204 869
213 2202 213 850
250 2286 249 836
211 2274 210 848
213 2263 210 848
211 2274 210 848
213 2173 213 863
277 2372 267 832
216 2253 213 844
295 2663 294 826
286 2560 285 828
276 2467 276 830
277 2461 276 830
211 2274 210 848
267 2379 267 832
285 2566 285 828
222 2225 222 846
249 2292 249 836
258 2332 258 834
217 2236 213 844
249 2292 249 836
268 2373 267 832
211 2274 210 848
276 2467 276 830
241 2256 240 838
267 2379 267 832
285 2566 285 828
259 2326 258 834
259 2285 249 836
213 2202 213 850
240 2262 240 838
213 2257 213 844
231 2244 231 840
213 2197 213 852
213 2162 213 865
204 2181 204 865
217 2236 213 844
213 2217 213 848
204 2219 204 850
204 2188 204 856
250 2255 240 838
286 2460 276 830
286 2560 285 828
259 2285 249 836
213 2257 213 844
295 2559 285 828
268 2325 258 834
295 2663 294 826
250 2286 249 836
259 2326 258 834
241 2256 240 838
277 2461 276 830
240 2262 240 838
258 2332 258 834
249 2292 249 836
240 2262 240 838
249 2292 249 836
286 2460 276 830
276 2467 276 830
259 2285 249 836
231 2244 231 840
267 2379 267 832
295 2559 285 828
285 2566 285 828
285 2566 285 828
204 2186 204 858
276 2467 276 830
259 2285 249 836
268 2373 267 832
267 2379 267 832
258 2332 258 834
249 2292 249 836
240 2262 240 838
286 2560 285 828
276 2467 276 830
258 2332 258 834
211 2274 210 848
231 2244 231 840
222 2225 222 846
285 2566 285 828
249 2292 249 836
286 2460 276 830
250 2255 240 838
217 2236 213 844
276 2467 276 830
285 2566 285 828
259 2326 258 834
258 2332 258 834
295 2559 285 828
258 2332 258 834
249 2292 249 836
276 2467 276 830
258 2332 258 834
204 2193 204 854
277 2461 276 830
204 2188 204 856
295 2559 285 828
277 2461 276 830
258 2332 258 834
285 2566 285 828
258 2332 258 834
295 2559 285 828
276 2467 276 830
268 2373 267 832
211 2274 210 848
285 2566 285 828
240 2262 240 838
204 2193 204 854
285 2566 285 828
285 2566 285 828
204 2181 204 865
304 2662 294 826
231 2244 231 840
295 2559 285 828
294 2669 294 826
268 2373 267 832
285 2566 285 828
267 2379 267 832
277 2372 267 832
249 2292 249 836
286 2460 276 830
268 2373 267 832
295 2559 285 828
231 2244 231 840
222 2225 222 846
240 2262 240 838
267 2379 267 832
267 2379 267 832
231 2244 231 840
240 2262 240 838
231 2244 231 840
286 2460 276 830
222 2225 222 846
286 2460 276 830
240 2262 240 838
222 2225 222 846
286 2460 276 830
295 2559 285 828
258 2332 258 834
267 2379 267 832
213 2257 213 844
204 2188 204 856
222 2239 222 842
204 2193 204 854
213 2197 213 852
277 2372 267 832
267 2379 267 832
285 2566 285 828
204 2204 204 852
250 2255 240 838
240 2262 240 838
213 2252 213 846
213 2263 210 848
277 2372 267 832
259 2326 258 834
213 2257 213 844
277 2461 276 830
250 2255 240 838
268 2373 267 832
295 2559 285 828
258 2332 258 834
285 2566 285 828
267 2379 267 832
231 2244 231 840
231 2244 231 840
267 2379 267 832
211 2274 210 848
276 2467 276 830
267 2379 267 832
231 2244 231 840
231 2244 231 840
277 2372 267 832
204 2186 204 858
277 2461 276 830
222 2239 222 842
240 2262 240 838
213 2197 213 852
216 2253 213 844
204 2149 204 869
204 2204 204 852
213 2263 210 848
204 2165 204 867
249 2292 249 836
276 2467 276 830
295 2559 285 828
241 2256 240 838
285 2566 285 828
286 2560 285 828
268 2373 267 832
276 2467 276 830
211 2274 210 848
249 2292 249 836
240 2262 240 838
285 2566 285 828
277 2461 276 830
268 2373 267 832
211 2274 210 848
211 2274 210 848
295 2559 285 828
285 2566 285 828
240 2262 240 838
258 2332 258 834
285 2566 285 828
240 2262 240 838
204 2193 204 854
294 2669 294 826
277 2461 276 830
277 2372 267 832
268 2373 267 832
