8890 300.208
266 3465 220 990
336 4453 236 1004
460 5752 285 1456
295 3646 227 1010
356 4668 276 1150
303 3935 275 1122
404 5062 288 1294
309 4148 222 1027
299 3970 238 1066
309 4151 239 1188
283 3740 236 1091
383 4672 248 1388
356 4551 220 1071
330 4377 305 1081
309 4032 223 999
313 3790 251 1204
333 4185 236 998
410 5322 278 1428
366 4674 250 1205
351 4400 250 1122
307 4013 223 1116
332 3998 290 1159
340 4334 234 1334
328 4497 240 1139
301 4047 232 1141
307 4174 245 1040
299 3985 273 1090
384 5167 265 1122
387 5265 246 1168
374 4764 278 1232
339 4696 283 1427
359 4849 257 1007
243 3182 213 973
353 4831 252 1102
299 3900 227 1247
327 4266 257 1000
295 3683 222 1043
418 5609 225 1457
374 5214 305 1243
323 4421 234 1206
424 5154 260 1428
372 5029 252 1355
328 4227 280 1156
363 4828 265 1239
311 4149 232 1122
360 4895 265 1179
324 4039 241 1013
352 4494 244 1120
267 3567 229 998
331 4403 237 1168
346 4582 225 1260
268 3466 239 948
340 4427 294 1233
271 3494 229 968
362 4746 270 1298
288 3754 238 1088
375 4734 223 1026
319 3956 238 950
397 5485 251 1442
379 4869 272 1265
335 4378 267 1155
299 3999 220 1114
355 4622 232 1134
349 4317 216 1129
372 5122 250 1385
404 5221 283 1162
439 5530 266 1351
449 5968 304 1492
348 4400 242 1129
288 3609 253 1142
409 5266 261 1432
327 4511 257 1186
496 6694 289 1440
403 4960 259 1362
316 3919 237 1049
397 5268 232 1243
351 4687 248 1107
359 4627 323 1161
426 5574 293 1190
395 4823 263 1284
323 4152 222 1093
232 3088 232 911
255 3555 222 1222
324 4204 232 1077
294 3674 244 1104
356 4369 220 959
276 3691 232 962
384 4770 298 1271
366 4842 237 1238
303 3717 249 1043
287 3865 229 1008
373 5049 278 1397
401 5672 256 1274
348 4404 268 1209
363 4752 234 1103
421 5502 266 1450
488 6486 337 1569
304 4049 211 1072
315 3985 235 985
317 4113 241 965
354 4659 220 1057
333 4390 251 1108
328 3825 264 1024
263 3605 227 1081
313 4059 245 901
320 3956 251 1058
344 4322 301 1243
281 3430 232 982
269 3528 222 952
281 3607 218 978
330 4508 266 1136
324 4103 218 1281
351 4715 231 1122
329 4347 247 1233
331 4169 287 1129
337 4515 235 1054
351 4481 244 1173
408 5212 251 1302
325 4454 273 1114
271 3654 220 934
352 4615 213 1130
453 5860 327 1430
373 4912 244 1232
414 5110 262 1281
334 4415 249 1220
379 4970 251 1160
327 4322 255 1337
374 4714 284 1300
336 4454 245 914
389 5109 282 1391
354 4964 257 1335
378 5014 293 1386
432 5482 262 1222
324 4133 265 1021
354 4852 256 1266
311 4110 246 1159
321 3831 263 1030
283 3962 248 1079
357 4673 229 1366
310 4118 262 1120
396 5119 229 1062
330 4396 248 1038
356 4392 302 1110
310 4254 250 1034
319 4155 220 1048
377 4879 276 1258
383 4953 250 1122
416 5464 279 1300
330 4210 267 1259
337 4381 307 1252
366 4597 246 1160
349 4660 248 1201
362 4897 271 1334
325 4311 304 1338
319 4110 216 1031
393 5201 298 1136
371 4654 253 1198
339 4516 280 1323
329 4369 231 1070
378 5048 247 1381
348 4376 271 1062
344 4803 258 1336
321 4117 225 1019
347 4586 251 1242
421 5598 241 1343
276 3663 259 1034
378 4882 241 1416
278 3701 262 1156
302 4047 232 1094
270 3363 234 1018
321 4171 220 1180
273 3459 229 1048
421 5143 302 1241
354 4441 278 1140
361 5073 275 1230
365 4442 229 1140
349 4563 257 1181
312 4147 247 1143
391 5060 269 1409
344 4832 237 1119
371 4704 262 1191
354 4612 241 1143
247 3199 229 992
338 4582 242 1319
346 4649 232 1280
404 5349 235 1226
348 4592 278 1243
343 4602 266 1210
299 4145 246 1235
321 4159 260 1016
350 4719 255 1267
326 4320 253 938
281 3569 239 963
389 4948 269 1241
405 5342 284 1298
318 4180 265 1055
340 4402 261 1264
317 4324 232 1005
332 4302 225 1054
310 3734 236 1129
331 4300 252 1069
317 4247 281 1160
330 4278 228 1075
298 3872 213 1131
350 4685 235 1289
366 4634 244 1213
333 4607 251 1218
295 3832 229 921
344 4456 268 1262
385 4927 268 1350
313 3979 239 1039
402 5265 253 1066
336 4192 247 1096
329 4232 248 1255
334 4398 261 1135
325 4404 290 1139
468 6071 268 1235
415 5475 274 1238
354 4868 241 1128
316 3946 269 1110
330 4300 242 1200
458 5881 385 1605
326 4188 238 1022
310 3922 246 1102
336 4388 231 1176
315 4036 244 1089
275 3649 249 1072
371 5161 304 1292
298 4059 259 1129
273 3445 240 978
310 4155 231 1119
309 4240 274 1161
338 4397 298 1217
295 3862 243 1290
248 3093 223 1000
468 6297 295 1373
323 3979 248 1039
315 4218 251 1075
262 3615 213 1091
330 4450 213 1148
330 4288 248 1060
316 4335 237 1085
394 5293 257 1204
335 4552 308 1039
291 4021 257 1062
360 4860 253 1203
311 4081 243 1034
298 3980 220 1147
331 4238 250 1038
336 4159 297 1165
389 5012 286 1366
394 5131 291 1480
283 3671 254 940
325 4185 305 1179
360 4581 274 1381
322 4145 245 1051
292 3880 244 1006
288 3727 225 1067
322 4296 216 1157
320 4330 273 1315
324 4189 256 1352
393 5152 255 1253
286 3713 245 1049
357 4415 258 1231
295 4115 255 1173
365 4417 251 1138
273 3654 211 1003
375 5242 247 1405
298 4008 248 1150
326 4321 269 1061
446 5831 249 1477
300 4063 231 957
411 5212 240 1358
340 4375 259 1026
332 4516 265 1163
276 3613 222 1171
320 3945 259 1101
398 5185 317 1220
392 4855 223 1251
388 5037 218 1108
424 5832 286 1409
358 4922 260 1198
361 4479 246 1224
279 3635 248 987
364 4922 258 1384
281 3683 229 1055
330 4451 247 955
307 3953 250 1121
282 3822 231 961
294 4007 218 1098
294 3757 220 994
304 4182 250 1186
337 4364 222 1015
309 3952 238 988
367 4995 286 1080
268 3505 213 1106
339 4425 259 1067
288 3935 222 1053
259 3448 240 916
324 4205 262 1179
