3175 106.808
350 4624 258 1224
298 3576 234 1121
338 4647 243 1114
233 3137 213 939
270 3664 216 1025
259 3532 204 1060
310 4054 279 1148
318 3924 252 1101
312 3796 231 1097
303 3873 288 1037
288 3851 273 1087
311 3992 228 1050
389 5177 259 1250
301 3995 255 959
338 4577 237 1276
332 4270 249 1063
353 4502 256 1173
289 3907 261 975
262 3160 231 1002
423 5755 225 1174
321 4320 246 1111
332 4573 237 1174
338 4229 282 1201
325 4186 204 1186
382 4719 285 1226
312 4130 246 1077
272 3353 240 1014
340 4509 225 1275
367 4711 255 1326
338 4615 258 1127
342 4404 258 1026
302 3730 237 1074
298 3824 231 934
251 3349 240 964
368 4695 310 1232
366 4759 273 1429
308 4115 276 1121
303 3912 264 1258
271 3704 225 1031
330 4202 204 1113
288 3540 246 1040
262 3526 225 983
265 3586 237 1047
423 5400 293 1369
347 4623 243 1165
357 4378 306 1214
342 4510 291 1162
320 3996 255 1025
312 4175 255 1232
427 5662 270 1358
315 4204 270 1186
247 3386 231 988
360 4548 279 1357
351 4318 246 1063
406 5430 270 1127
390 4793 270 1186
364 4691 255 1357
397 5300 303 1231
304 3981 240 929
314 3999 282 948
305 3940 264 1038
361 4768 276 1363
379 5147 270 1226
338 4676 267 1175
354 4581 267 1284
288 3558 246 994
319 4197 259 1107
273 3615 234 1052
316 4128 258 1005
301 3945 288 1151
263 3394 243 990
300 3888 252 999
332 4444 225 1127
408 5560 300 1410
343 4295 258 1315
351 4511 255 1297
375 5098 276 1166
390 4596 273 1196
379 5050 258 1105
262 3536 240 1095
386 5068 279 1292
284 3629 237 1113
412 5558 323 1514
297 3742 222 1044
275 3486 234 1070
356 4407 249 1178
323 4167 261 1132
292 3932 213 1046
303 3803 234 1069
285 3668 237 1098
323 4227 273 1260
306 4006 252 1051
331 4115 237 1266
416 5173 324 1165
321 4249 270 1109
385 5253 300 1258
305 3844 243 1135
366 4892 288 1247
265 3238 246 1036
332 4270 225 1162
375 4862 246 1186
384 5020 312 1214
342 4474 282 1108
315 3772 258 1071
304 4104 237 1188
284 3800 243 953
295 3915 222 965
350 4741 276 1121
377 4744 285 1242
337 4234 258 1174
333 4367 222 1108
296 4051 213 1122
392 5430 273 1256
382 5043 288 1272
331 4410 276 1127
409 5385 294 1275
393 5476 272 1381
292 3628 246 1127
348 4572 252 1212
395 5329 282 1492
421 5614 303 1395
314 4317 237 1046
357 4743 261 1280
366 4889 323 1357
293 3929 249 1177
292 3621 270 1077
331 4022 285 1060
281 3631 225 992
332 4441 273 1228
317 4014 228 1061
429 5593 279 1276
281 3707 249 1027
403 5350 249 1246
372 5039 234 1190
412 5555 246 1382
311 3951 225 1060
309 4044 249 965
303 4013 246 1056
285 3831 213 1035
350 4861 243 1121
327 4090 261 967
414 5609 247 1276
342 4283 261 1206
288 3705 243 1017
369 4873 216 1406
301 4032 282 1170
332 4410 258 1178
349 4384 282 1019
296 3830 225 1076
316 4075 237 1046
283 3610 234 1024
325 3952 267 1158
252 3400 213 940
358 4535 282 1330
287 3719 237 1088
311 3974 246 997
357 4670 236 1150
320 4198 240 1118
376 4703 267 1265
346 4550 261 1133
303 4072 225 952
328 3866 213 967
289 3666 267 1130
334 4127 294 1057
324 4344 234 1123
447 6042 274 1311
250 3309 222 951
281 3881 228 1218
290 3626 258 1033
324 4198 303 1190
285 3677 231 963
361 5008 267 1278
344 4812 279 1050
347 4547 270 1134
295 3837 237 1047
396 5218 328 1303
330 4285 268 1246
341 4455 270 1185
392 5030 216 1263
451 6129 289 1365
322 4393 276 1215
286 3577 243 965
386 4958 279 1202
342 4444 285 1100
301 3936 222 1144
326 3942 264 1125
289 3704 255 1067
362 4834 246 1126
384 5025 267 1379
312 4293 264 1128
376 4955 237 1183
278 3628 255 969
316 4049 267 1121
277 3730 225 1063
311 3954 249 1162
324 4268 249 954
335 4526 264 1063
385 5169 255 1162
319 4125 237 1132
263 3248 237 1019
336 4473 243 1220
448 6184 282 1491
362 5061 282 1284
300 4033 258 1225
393 5025 297 1090
381 5116 297 1225
315 3887 279 1182
437 5886 234 1207
367 4713 298 1358
340 4671 267 1246
246 3093 246 1034
265 3084 249 948
308 4108 279 1109
424 5645 286 1452
352 4473 252 1175
388 5424 268 1435
274 3637 234 988
461 6066 265 1484
345 4143 303 1207
307 4093 246 1091
295 4000 246 1094
354 4791 276 1271
329 4276 213 1102
380 5016 234 1145
467 6106 254 1435
322 4206 213 1078
436 5576 249 1281
324 4202 246 1172
372 4948 258 1174
346 4325 264 1152
348 4606 273 1029
407 4991 237 1242
320 4226 258 1252
398 5310 313 1407
325 4550 264 1089
347 4187 237 1049
301 4098 228 1241
270 3681 225 1140
317 3932 243 1106
310 4405 246 1088
315 3894 279 1088
298 3928 283 1163
418 5616 294 1386
407 5354 279 1324
285 3769 243 1179
400 5392 320 1553
370 4588 306 1237
321 4316 261 1104
348 4266 253 1302
444 5798 291 1354
402 5151 258 1275
429 5932 352 1273
371 4784 285 1430
362 4630 273 1182
289 3975 255 993
317 4265 213 1122
373 4958 228 1066
373 4846 302 1442
361 5045 228 1362
364 4464 248 1322
278 3772 234 1043
298 3745 231 979
328 4207 234 1244
338 4238 282 1187
316 4322 267 1157
331 4567 249 1238
297 3789 249 987
273 3672 252 1025
299 4127 270 1029
433 5490 333 1345
349 4768 225 1152
424 5369 294 1323
332 4617 264 1172
442 5437 264 1244
329 4442 255 1233
366 4904 261 1284
384 4793 237 1213
371 4845 267 1130
262 3508 234 988
279 3366 255 1032
341 4474 233 1131
358 4902 273 1174
474 5704 256 1446
299 3757 246 987
385 5084 274 1363
359 4746 294 1222
383 4952 279 1189
318 4388 213 1067
381 4837 300 1395
364 4840 246 1065
420 5467 258 1469
451 6154 313 1444
305 3902 237 1058
422 5813 259 1454
351 4682 243 1233
280 3595 234 1064
289 3890 273 1169
319 4193 237 1223
320 4090 297 1100
314 3997 246 1021
