27 0.741635
333 4588 289 1366
321 4221 256 1488
383 5187 233 1531
388 4967 353 1253
315 4169 268 1499
312 4142 287 1441
451 6197 355 1199
321 4310 247 1414
318 4207 270 1497
321 4221 256 1488
313 4219 249 1318
312 4162 292 1452
390 4878 355 1217
321 4214 263 1379
333 4150 315 1448
323 4258 274 1417
341 4372 269 1437
321 4310 247 1414
340 4508 291 1416
316 4250 257 1457
410 5089 283 1247
326 4305 253 1363
350 4650 295 1213
349 4472 255 1431
339 4397 266 1408
321 4221 256 1488
325 4281 250 1369
342 4437 262 1499
342 4443 283 1311
340 4486 294 1341
370 4625 316 1251
357 4454 286 1492
340 4332 278 1552
352 4412 269 1402
351 4246 266 1476
321 4221 256 1488
363 4784 342 1231
363 4541 275 1298
329 4297 298 1415
340 4193 315 1448
386 5059 338 1181
339 4332 269 1354
334 4360 304 1207
352 4403 278 1475
318 4199 270 1497
373 4656 304 1326
369 4887 320 1228
320 4165 238 1506
324 4418 278 1394
338 4526 262 1517
315 4169 268 1499
324 4505 284 1392
343 4423 259 1284
332 4528 285 1445
340 4332 278 1552
340 4332 278 1552
322 4383 274 1389
354 4267 278 1455
348 4456 278 1309
315 4153 278 1395
337 4695 297 1245
350 4426 267 1468
350 4662 269 1383
321 4221 256 1488
317 4356 280 1457
312 4131 264 1434
367 4859 312 1193
316 4155 282 1221
321 4221 256 1491
321 4221 256 1488
353 4443 269 1385
333 4150 315 1448
416 5527 317 1250
348 4456 278 1309
301 4176 266 1453
328 4403 251 1524
386 5059 338 1181
326 4185 256 1551
346 4566 297 1249
323 4247 250 1390
380 4789 230 1445
344 4375 280 1298
371 4912 271 1234
324 4486 298 1334
353 4702 273 1341
354 4267 278 1455
343 4491 271 1342
336 4452 295 1458
321 4221 256 1491
315 4185 264 1512
369 4759 313 1227
325 4327 245 1282
327 4207 254 1497
312 4162 292 1452
325 4327 245 1282
301 4176 266 1453
348 4323 278 1325
362 4841 291 1274
312 4162 292 1452
318 4207 270 1497
336 4490 304 1253
340 4193 315 1448
362 4536 337 1253
297 4018 245 1301
321 4221 256 1488
353 4348 327 1374
346 4349 339 1260
316 4250 257 1457
340 4470 300 1324
301 4176 266 1453
341 4372 269 1437
337 4487 255 1452
357 4454 286 1492
321 4214 263 1379
335 4416 255 1350
324 4073 282 1488
323 4258 274 1417
339 4231 324 1467
348 4456 278 1309
321 4256 271 1506
401 5269 357 1230
342 4443 283 1311
309 4137 273 1423
312 4162 292 1452
345 4258 315 1450
312 4162 292 1452
371 4701 313 1288
326 4457 243 1393
316 4132 256 1381
350 4426 267 1468
349 4456 335 1333
312 4162 292 1452
294 3758 280 1278
355 4842 262 1291
319 4282 266 1442
340 4567 257 1475
346 4476 248 1310
333 4588 289 1366
345 4518 255 1424
324 4219 266 1434
373 4656 304 1326
370 4553 319 1277
366 4636 303 1291
325 4269 282 1503
368 4736 260 1488
348 4323 278 1325
370 4553 319 1277
317 4108 269 1500
343 4448 262 1364
324 4219 266 1434
348 4323 278 1325
332 4142 285 1396
342 4437 262 1499
334 4329 273 1425
348 4510 325 1253
312 4162 292 1452
358 4769 302 1125
353 4624 295 1322
309 4137 273 1423
312 4162 292 1452
345 4360 276 1238
325 4281 250 1369
339 4418 267 1377
340 4193 315 1448
312 4162 292 1452
410 5089 283 1247
369 4759 313 1227
325 4269 282 1503
324 4418 278 1394
332 4528 285 1445
339 4435 264 1432
315 4169 268 1499
350 4410 262 1347
363 4863 311 1331
350 4404 259 1390
340 4332 278 1552
350 4404 259 1390
359 4512 276 1298
337 4463 251 1450
324 4486 298 1334
384 5311 336 1166
343 4491 271 1342
316 4155 282 1221
321 4221 256 1488
312 4162 292 1452
321 4221 256 1491
384 5311 336 1166
321 4310 247 1414
321 4221 256 1491
312 4142 287 1441
379 4538 280 1355
321 4221 256 1491
352 4566 294 1319
329 4594 277 1278
312 4162 292 1452
375 4789 319 1336
343 4526 300 1370
333 4395 285 1352
331 4448 260 1396
315 4185 264 1512
382 4960 291 1288
363 4710 318 1293
346 4566 297 1249
343 4397 239 1501
326 4457 243 1393
316 4132 256 1381
356 4501 309 1424
341 4308 280 1495
312 4131 264 1434
324 4219 266 1434
334 4360 304 1207
359 4450 254 1458
315 4169 268 1499
343 4321 253 1434
320 4165 238 1506
312 4162 292 1452
358 4978 325 1255
335 4474 250 1316
334 4380 267 1308
312 4142 287 1441
367 4986 323 1215
317 4108 269 1500
343 4423 259 1284
318 4115 258 1432
318 4199 270 1497
367 4986 323 1215
358 4769 302 1125
325 4269 282 1503
371 4701 313 1288
329 4246 255 1442
341 4305 280 1495
335 4416 255 1350
348 4452 305 1474
318 4115 258 1432
328 4403 251 1524
317 4356 280 1457
336 4517 279 1373
332 4142 285 1396
335 4433 265 1318
341 4561 315 1423
317 4138 282 1221
352 4412 269 1402
336 4254 261 1439
312 4142 287 1441
333 4523 274 1406
321 4221 256 1488
342 4567 280 1379
351 4246 266 1476
321 4221 256 1488
341 4305 280 1495
357 4454 286 1492
321 4221 256 1488
379 4538 280 1355
343 4389 292 1393
343 4389 292 1393
337 4487 255 1452
349 4544 280 1312
348 4510 325 1253
416 5527 317 1250
323 4247 250 1390
364 4600 265 1443
333 4395 285 1352
398 5254 333 1204
340 4486 294 1341
339 4435 264 1432
314 4349 264 1390
354 4675 272 1316
319 4206 269 1528
339 4231 324 1467
321 4256 271 1506
348 4323 278 1325
349 4741 255 1429
321 4221 256 1488
390 4410 276 1424
352 4378 277 1541
321 4221 256 1488
367 4859 312 1193
335 4433 265 1318
324 4219 266 1434
321 4221 256 1488
367 4986 323 1215
343 4321 253 1434
294 3758 280 1278
329 4246 255 1442
301 4176 266 1453
322 4383 274 1389
360 4498 276 1464
353 4278 315 1431
348 4698 267 1313
297 4018 245 1301
313 4144 283 1373
340 4567 257 1475
350 4479 262 1435
335 4294 263 1428
364 4503 238 1399
301 4176 266 1453
349 4389 306 1395
334 4329 273 1425
363 4710 318 1293
334 4305 288 1451
