43259 1080.19
207 2040 204 860
328 2774 321 816
206 2001 204 881
321 2801 321 816
204 2002 204 881
328 2774 321 816
319 2638 312 818
310 2564 303 820
310 2564 303 820
292 2422 285 824
312 2665 312 818
283 2372 276 826
267 2326 267 828
294 2517 294 822
285 2440 285 824
266 2264 258 830
258 2282 258 830
256 2247 249 832
294 2517 294 822
274 2308 267 828
294 2517 294 822
303 2591 303 820
231 2170 231 838
285 2440 285 824
301 2499 294 822
249 2248 249 832
222 2239 222 840
248 2135 240 838
206 2013 204 875
283 2372 276 826
292 2422 285 824
301 2499 294 822
239 2127 231 840
204 2023 204 871
204 2030 204 866
232 2169 231 838
256 2212 249 834
276 2390 276 826
248 2222 240 834
319 2638 312 818
303 2591 303 820
222 2250 221 842
265 2269 258 830
248 2103 240 840
215 2081 213 846
206 2015 204 871
240 2231 240 834
222 2083 222 844
213 2031 213 862
208 2046 204 856
274 2308 267 828
258 2282 258 830
249 2248 249 832
276 2390 276 826
312 2665 312 818
319 2638 312 818
267 2326 267 828
224 2241 221 842
274 2308 267 828
206 2015 204 871
211 2151 210 848
321 2801 321 816
230 2047 222 851
274 2308 267 828
248 2222 240 834
234 2138 213 844
204 2057 204 858
204 2032 204 864
216 2080 213 846
276 2390 276 826
232 2169 231 838
276 2390 276 826
224 2129 222 842
206 2024 204 864
204 2006 204 877
249 2174 240 836
224 2176 222 840
319 2638 312 818
312 2665 312 818
224 2129 222 842
233 2078 213 846
207 2040 204 860
222 2083 222 844
233 2224 231 836
204 2108 204 854
248 2135 240 838
213 2031 213 862
206 2003 204 879
204 2057 204 858
204 2004 204 879
256 2212 249 834
206 2022 204 866
212 2092 204 850
249 2248 249 832
276 2390 276 826
206 2001 204 881
285 2440 285 824
258 2282 258 830
319 2638 312 818
206 2005 204 877
213 2012 213 875
213 2091 213 848
276 2390 276 826
310 2564 303 820
211 2151 210 848
213 2091 213 848
230 2067 222 849
215 2049 213 853
212 2092 204 850
208 2046 204 856
211 2151 210 848
219 2148 213 844
267 2326 267 828
285 2440 285 824
204 2108 204 854
257 2195 249 834
240 2185 240 836
224 2241 221 842
239 2065 231 849
213 2053 213 853
206 2089 204 852
206 2089 204 852
217 2149 213 844
219 2148 213 844
222 2056 222 851
215 2069 213 851
213 2055 204 855
258 2282 258 830
240 2121 240 840
310 2564 303 820
294 2517 294 822
257 2230 249 832
213 2055 204 855
215 2069 213 851
222 2056 222 851
204 2108 204 854
240 2153 240 838
240 2165 231 838
266 2264 258 830
265 2269 258 830
232 2169 231 838
257 2195 249 834
248 2103 240 840
231 2261 231 836
249 2213 249 834
222 2250 221 842
213 2055 204 855
239 2127 231 840
211 2151 210 848
240 2231 240 834
207 2040 204 860
239 2065 231 849
222 2150 222 842
234 2138 213 844
214 2137 213 846
214 2137 213 846
217 2149 213 844
233 2139 213 844
231 2261 231 836
224 2254 222 838
222 2076 222 849
207 2042 204 858
216 2080 213 846
207 2042 204 858
233 2224 231 836
257 2195 249 834
233 2224 231 836
204 2030 204 866
204 2021 204 875
213 2012 213 875
208 2098 204 850
213 2142 210 848
219 2148 213 844
256 2247 249 832
240 2121 240 840
248 2177 240 836
215 2182 213 844
224 2254 222 838
206 2087 204 854
215 2049 213 853
213 2053 213 853
240 2165 231 838
215 2182 213 844
231 2100 231 842
213 2142 210 848
240 2185 240 836
233 2139 213 844
215 2081 213 846
222 2239 222 840
233 2078 213 846
240 2153 240 838
249 2174 240 836
206 2044 204 858
206 2044 204 858
231 2100 231 842
230 2047 222 851
206 2087 204 854
230 2076 222 844
207 2042 204 858
215 2069 213 851
208 2098 204 850
230 2067 222 849
206 2015 204 871
207 2042 204 858
216 2080 213 846
248 2222 240 834
213 2012 213 875
213 2091 213 848
231 2170 231 838
231 2136 231 840
257 2230 249 832
249 2248 249 832
204 2021 204 875
204 2032 204 864
222 2056 222 851
204 2004 204 879
206 2003 204 879
206 2024 204 864
222 2150 222 842
206 2005 204 877
249 2213 249 834
204 2006 204 877
256 2247 249 832
206 2022 204 866
206 2013 204 875
248 2177 240 836
231 2136 231 840
206 2005 204 877
206 2001 204 881
204 2002 204 881
204 2023 204 871
283 2372 276 826
312 2665 312 818
222 2239 222 840
224 2129 222 842
204 2023 204 871
212 2092 204 850
206 2015 204 871
204 2004 204 879
248 2177 240 836
249 2248 249 832
217 2149 213 844
249 2174 240 836
240 2165 231 838
230 2076 222 844
213 2031 213 862
283 2372 276 826
233 2224 231 836
248 2222 240 834
285 2440 285 824
204 2057 204 858
328 2774 321 816
208 2098 204 850
207 2040 204 860
328 2774 321 816
239 2065 231 849
319 2638 312 818
276 2390 276 826
267 2326 267 828
249 2248 249 832
233 2139 213 844
258 2282 258 830
303 2591 303 820
274 2308 267 828
319 2638 312 818
328 2774 321 816
207 2040 204 860
258 2282 258 830
276 2390 276 826
212 2092 204 850
301 2499 294 822
248 2222 240 834
276 2390 276 826
224 2129 222 842
230 2047 222 851
233 2224 231 836
276 2390 276 826
249 2174 240 836
248 2222 240 834
310 2564 303 820
207 2042 204 858
249 2248 249 832
215 2182 213 844
285 2440 285 824
224 2129 222 842
248 2222 240 834
328 2774 321 816
276 2390 276 826
258 2282 258 830
294 2517 294 822
230 2076 222 844
213 2031 213 862
204 2057 204 858
213 2031 213 862
216 2080 213 846
204 2030 204 866
234 2138 213 844
204 2006 204 877
224 2241 221 842
312 2665 312 818
