70307 840.1
295 2513 294 820
294 2519 294 820
294 2519 294 820
226 2154 222 844
219 2230 204 852
215 2303 204 850
214 2176 213 850
276 2357 276 824
277 2349 276 824
267 2312 267 826
267 2312 267 826
286 2422 285 822
285 2428 285 822
258 2290 258 828
259 2286 258 828
250 2233 249 832
295 2513 294 820
285 2428 285 822
244 2280 240 832
249 2221 249 834
228 2381 221 842
229 2215 213 844
231 2327 231 834
240 2180 240 838
237 2287 231 834
222 2155 210 848
224 2160 204 850
286 2422 285 822
228 2381 221 842
219 2222 213 846
241 2171 240 838
231 2155 231 842
231 2276 222 838
222 2155 210 848
249 2263 249 830
236 2282 221 842
240 2207 240 836
219 2270 213 844
222 2224 222 842
249 2263 249 830
219 2230 204 852
276 2357 276 824
231 2165 231 840
277 2349 276 824
250 2216 249 834
231 2256 231 836
229 2314 222 838
240 2283 240 832
222 2281 222 840
221 2169 213 846
235 2241 231 836
215 2303 204 850
258 2290 258 828
233 2304 231 834
230 2326 221 842
229 2314 222 838
225 2224 213 844
224 2246 222 840
220 2191 213 846
229 2215 213 844
228 2194 222 840
233 2182 231 838
223 2257 222 840
219 2270 213 844
226 2220 213 844
224 2160 204 850
249 2255 249 832
233 2182 231 838
221 2169 213 846
214 2176 213 850
259 2286 258 828
240 2283 240 832
220 2191 213 846
236 2234 231 836
240 2207 240 836
231 2276 222 838
231 2195 231 838
226 2201 222 840
226 2201 222 840
250 2216 249 834
241 2171 240 838
237 2287 231 834
235 2303 221 842
230 2326 221 842
223 2257 222 840
222 2281 222 840
221 2170 204 850
231 2155 231 842
224 2246 222 840
236 2234 231 836
250 2233 249 832
240 2230 240 834
226 2163 222 842
240 2180 240 838
231 2165 231 840
226 2220 213 844
226 2163 222 842
224 2222 222 842
224 2218 222 844
224 2218 222 844
249 2255 249 832
249 2221 249 834
236 2282 221 842
233 2304 231 834
231 2195 231 838
228 2194 222 840
226 2154 222 844
224 2234 213 844
221 2170 204 850
295 2513 294 820
295 2513 294 820
295 2513 294 820
295 2513 294 820
295 2513 294 820
295 2513 294 820
295 2513 294 820
295 2513 294 820
295 2513 294 820
295 2513 294 820
295 2513 294 820
295 2513 294 820
295 2513 294 820
295 2513 294 820
295 2513 294 820
295 2513 294 820
295 2513 294 820
295 2513 294 820
295 2513 294 820
295 2513 294 820
295 2513 294 820
295 2513 294 820
295 2513 294 820
295 2513 294 820
295 2513 294 820
295 2513 294 820
295 2513 294 820
295 2513 294 820
295 2513 294 820
295 2513 294 820
295 2513 294 820
295 2513 294 820
295 2513 294 820
295 2513 294 820
295 2513 294 820
295 2513 294 820
295 2513 294 820
295 2513 294 820
295 2513 294 820
295 2513 294 820
295 2513 294 820
295 2513 294 820
295 2513 294 820
295 2513 294 820
295 2513 294 820
295 2513 294 820
295 2513 294 820
295 2513 294 820
295 2513 294 820
294 2524 294 820
285 2689 285 822
254 2274 231 838
241 2225 240 838
235 2362 231 836
252 2296 249 832
286 2427 285 822
277 2402 276 824
262 2397 258 828
267 2296 267 830
267 2442 240 832
259 2284 249 834
271 2408 267 826
276 2380 276 826
258 2295 258 832
271 2315 267 828
276 2476 276 824
260 2355 258 830
267 2469 267 826
253 2375 240 834
277 2371 276 826
269 2430 267 826
261 2307 258 830
267 2368 267 828
294 2549 294 820
294 2549 294 820
285 2712 240 836
266 2331 231 840
254 2297 249 834
252 2329 249 834
286 2456 285 822
274 2551 267 826
263 2439 240 838
258 2299 258 832
279 2383 276 826
267 2358 249 832
264 2408 258 828
268 2382 267 828
277 2384 276 826
268 2325 267 830
277 2424 267 826
278 2415 276 824
267 2403 267 828
277 2442 276 824
260 2407 258 830
261 2375 258 830
275 2434 267 826
259 2401 249 832
264 2334 258 830
266 2380 249 832
304 2570 267 826
295 2564 294 820
285 2640 267 826
268 2336 267 830
266 2359 249 838
264 2376 249 834
261 2360 258 832
286 2485 285 822
281 2419 276 824
288 2457 285 822
276 2349 258 832
276 2446 276 826
270 2395 267 828
270 2390 249 832
267 2350 267 832
265 2360 258 830
277 2462 276 824
278 2429 276 824
276 2391 267 828
287 2475 285 822
277 2422 276 826
267 2355 267 830
308 2910 249 832
296 2574 294 820
295 2627 294 820
287 2432 249 847
268 2382 258 830
266 2434 249 839
286 2499 285 822
278 2435 276 824
274 2456 267 828
288 2478 285 822
276 2477 276 826
277 2398 267 828
287 2495 285 822
296 2575 294 820
278 2436 249 847
272 2386 258 830
268 2407 258 830
288 2522 285 822
279 2440 276 824
292 2496 285 822
277 2440 267 828
277 2522 276 826
278 2500 276 826
298 2934 249 849
296 2588 294 820
277 2391 267 833
268 2412 258 830
273 2400 258 844
288 2539 285 822
283 2470 267 828
279 2480 276 826
286 2486 276 824
280 2558 276 824
285 2466 285 824
286 2459 285 824
285 2534 276 824
304 2645 294 820
284 2439 258 847
278 2424 276 841
271 2542 258 830
268 2428 267 837
290 2590 285 822
286 2579 267 828
288 2499 276 824
286 2464 285 824
280 2550 276 826
282 2424 276 833
274 2521 258 830
278 2504 258 830
285 2545 276 824
294 2616 285 822
289 2631 276 824
287 2429 285 833
280 2433 267 845
276 2509 276 839
286 2491 285 824
293 2520 276 826
294 2496 267 843
290 2607 276 824
288 2548 276 826
309 2699 276 824
288 2557 276 826
286 2509 285 824
302 2685 276 843
298 2766 276 848
286 2516 285 824
294 2536 294 826
286 2543 285 824
322 2940 285 837
289 2545 288 835
