333811 1380.05
304 4096 222 903
304 4096 222 903
243 2891 204 984
248 2937 240 964
225 2935 204 1093
226 2773 222 1013
215 2956 213 1006
260 3400 225 921
299 3900 220 907
215 2956 213 1006
229 2876 213 1081
221 2891 213 1033
236 2898 231 998
270 3626 205 930
234 2920 216 1019
282 3452 238 911
218 2942 204 946
241 3284 211 935
246 3149 234 932
248 3021 213 937
236 2898 231 998
299 3900 220 907
282 3452 238 911
278 3564 207 926
246 3149 234 932
281 3448 211 925
218 2942 204 946
234 2920 216 1019
229 2876 213 1081
265 3528 222 905
248 2937 240 964
246 2876 222 971
243 2891 204 984
248 3021 213 937
234 2920 216 1019
246 3149 234 932
226 2773 222 1013
278 3564 207 926
221 2891 213 1033
248 3021 213 937
222 2938 204 996
255 3475 204 934
238 2872 204 989
269 3289 213 929
225 2935 204 1093
282 3452 238 911
242 3097 213 940
255 3475 204 934
278 3564 207 926
270 3626 205 930
275 3222 222 915
239 3211 213 930
237 2938 213 944
255 3475 204 934
265 3528 222 905
235 2835 223 1008
235 2835 223 1008
246 3149 234 932
246 3149 234 932
241 3284 211 935
235 2835 223 1008
241 3284 211 935
240 3102 204 941
225 2935 204 1093
265 3528 222 905
226 2773 222 1013
304 4096 222 903
275 3222 222 915
226 2773 222 1013
248 2937 240 964
253 3431 222 922
270 3626 205 930
246 2876 222 971
225 2935 204 1093
278 3564 207 926
274 3464 204 938
278 3564 207 926
215 2956 213 1006
225 2935 204 1093
265 3528 222 905
281 3448 211 925
235 2835 223 1008
238 2872 204 989
278 3564 207 926
304 4096 222 903
253 3462 222 914
253 3462 222 914
222 2938 204 996
282 3452 238 911
240 3102 204 941
240 3102 204 941
237 2938 213 944
241 3284 211 935
275 3222 222 915
242 3097 213 940
238 2872 204 989
241 3284 211 935
299 3900 220 907
242 3097 213 940
270 3626 205 930
271 3617 204 915
270 3626 205 930
237 2938 213 944
234 2920 216 1019
237 2938 213 944
237 2938 213 944
240 3102 204 941
278 3564 207 926
255 3475 204 934
255 3475 204 934
246 2876 222 971
265 3528 222 905
235 2835 223 1008
246 3149 234 932
282 3452 238 911
238 2872 204 989
242 3097 213 940
236 2898 231 998
229 2876 213 1081
237 2938 213 944
229 2876 213 1081
253 3431 222 922
270 3626 205 930
274 3464 204 938
274 3464 204 938
237 2938 213 944
275 3222 222 915
242 3097 213 940
234 2920 216 1019
241 3284 211 935
282 3452 238 911
237 2938 213 944
248 2937 240 964
241 3284 211 935
248 2937 240 964
282 3452 238 911
225 2935 204 1093
271 3617 204 915
278 3564 207 926
282 3452 238 911
248 3021 213 937
278 3564 207 926
242 3097 213 940
248 3021 213 937
236 2898 231 998
242 3097 213 940
282 3452 238 911
253 3431 222 922
226 2773 222 1013
241 3284 211 935
282 3452 238 911
241 3284 211 935
236 2898 231 998
225 2935 204 1093
278 3564 207 926
271 3617 204 915
304 4096 222 903
278 3564 207 926
237 2938 213 944
299 3900 220 907
248 2937 240 964
235 2835 223 1008
278 3564 207 926
278 3564 207 926
237 2938 213 944
282 3452 238 911
253 3431 222 922
238 2872 204 989
235 2835 223 1008
270 3626 205 930
239 3211 213 930
265 3528 222 905
225 2935 204 1093
225 2935 204 1093
270 3626 205 930
278 3564 207 926
265 3528 222 905
234 2920 216 1019
242 3097 213 940
270 3626 205 930
248 3021 213 937
246 2876 222 971
242 3097 213 940
304 4096 222 903
229 2876 213 1081
271 3617 204 915
271 3617 204 915
248 2937 240 964
225 2935 204 1093
221 2891 213 1033
282 3452 238 911
226 2773 222 1013
235 2835 223 1008
235 2835 223 1008
235 2835 223 1008
241 3284 211 935
235 2835 223 1008
240 3102 204 941
225 2935 204 1093
226 2773 222 1013
226 2773 222 1013
248 2937 240 964
270 3626 205 930
278 3564 207 926
215 2956 213 1006
265 3528 222 905
281 3448 211 925
235 2835 223 1008
304 4096 222 903
253 3462 222 914
222 2938 204 996
282 3452 238 911
240 3102 204 941
275 3222 222 915
299 3900 220 907
242 3097 213 940
271 3617 204 915
270 3626 205 930
234 2920 216 1019
237 2938 213 944
243 2891 204 984
215 2956 213 1006
221 2891 213 1033
236 2898 231 998
270 3626 205 930
234 2920 216 1019
282 3452 238 911
246 3149 234 932
236 2898 231 998
278 3564 207 926
218 2942 204 946
265 3528 222 905
248 2937 240 964
246 2876 222 971
278 3564 207 926
260 3400 225 921
234 2920 216 1019
221 2891 213 1033
248 3021 213 937
222 2938 204 996
269 3289 213 929
225 2935 204 1093
282 3452 238 911
242 3097 213 940
270 3626 205 930
275 3222 222 915
239 3211 213 930
225 2935 204 1093
225 2935 204 1093
299 3900 220 907
278 3564 207 926
237 2938 213 944
299 3900 220 907
248 2937 240 964
235 2835 223 1008
278 3564 207 926
238 2872 204 989
235 2835 223 1008
270 3626 205 930
239 3211 213 930
265 3528 222 905
241 3284 211 935
225 2935 204 1093
278 3564 207 926
234 2920 216 1019
242 3097 213 940
270 3626 205 930
248 3021 213 937
246 2876 222 971
229 2876 213 1081
271 3617 204 915
271 3617 204 915
248 2937 240 964
225 2935 204 1093
241 3284 211 935
255 3475 204 934
265 3528 222 905
235 2835 223 1008
282 3452 238 911
238 2872 204 989
236 2898 231 998
229 2876 213 1081
229 2876 213 1081
253 3431 222 922
237 2938 213 944
275 3222 222 915
242 3097 213 940
234 2920 216 1019
235 2835 223 1008
248 2937 240 964
241 3284 211 935
248 2937 240 964
225 2935 204 1093
271 3617 204 915
278 3564 207 926
282 3452 238 911
248 3021 213 937
248 3021 213 937
236 2898 231 998
242 3097 213 940
