27 1.23616
304 4017 204 1063
299 4007 211 1041
257 3402 204 1123
255 3260 227 1173
254 3330 238 1148
254 3330 238 1148
286 3646 211 1043
297 3903 204 1066
257 3457 216 1109
257 3265 232 1084
276 3298 204 1089
267 3545 222 1056
266 3383 236 1070
275 3371 213 1059
267 3545 222 1056
270 3442 204 1068
266 3383 236 1070
255 3403 220 1057
257 3402 204 1123
256 3436 218 1089
256 3433 213 1150
256 3433 213 1150
267 3545 222 1056
254 3330 238 1148
254 3330 238 1148
254 3330 238 1148
254 3330 238 1148
325 4314 211 1063
302 4022 222 1051
293 3432 241 1082
284 3486 248 1103
265 3562 204 1265
265 3562 204 1265
261 3458 222 1130
272 3673 209 1177
320 4143 213 1054
315 3847 241 1051
291 3468 232 1097
298 3780 204 1074
311 4097 213 1060
305 3987 229 1051
283 3501 241 1108
272 3590 229 1056
284 3486 248 1103
275 3665 211 1127
264 3704 220 1088
284 3923 204 1068
279 3561 204 1123
267 3747 213 1143
283 3535 204 1155
286 3768 222 1057
268 3517 213 1163
285 3618 213 1065
271 3534 213 1092
267 3747 213 1143
276 3713 204 1089
283 3501 241 1108
264 3704 220 1088
264 3517 222 1091
278 3439 213 1136
281 3600 213 1079
282 3771 213 1068
278 3439 213 1136
268 3517 213 1163
281 3600 213 1079
278 3694 213 1073
276 3593 211 1100
278 3694 213 1073
276 3593 211 1100
272 3590 229 1056
264 3517 222 1091
284 3486 248 1103
283 3501 241 1108
276 3593 211 1100
268 3517 213 1163
268 3517 213 1163
265 3562 204 1265
336 4538 211 1079
294 3615 211 1226
283 3777 231 1057
280 3936 204 1111
264 3500 255 1137
264 3500 255 1137
262 3585 233 1167
321 4222 213 1064
265 3598 245 1108
313 4151 213 1070
323 4219 204 1080
262 3585 233 1167
277 3623 211 1132
292 4032 205 1091
284 3640 204 1212
281 3501 225 1197
290 3697 238 1101
283 3691 204 1190
270 3622 225 1134
300 3731 236 1068
299 4048 211 1086
290 3892 220 1074
303 3544 220 1143
301 3739 227 1096
322 3951 222 1063
298 3985 229 1061
273 3520 222 1113
291 3897 216 1094
307 3860 222 1068
294 3615 211 1226
309 4159 213 1085
272 3717 213 1147
298 3656 204 1156
294 3841 229 1079
296 3755 232 1062
274 3756 229 1090
298 4027 204 1089
288 3878 229 1084
303 3713 204 1097
296 3935 215 1090
279 3563 213 1127
298 3645 231 1099
283 3756 238 1081
285 3784 211 1119
281 3791 204 1129
290 3759 213 1122
288 3658 204 1146
274 3563 213 1151
288 3715 216 1102
298 3772 204 1116
283 3691 204 1190
297 3791 204 1092
274 3706 213 1127
309 4159 213 1085
296 3935 215 1090
285 3784 211 1119
288 3658 204 1146
283 3805 204 1102
288 3811 211 1095
272 3793 213 1107
272 3793 213 1107
291 3897 216 1094
274 3563 213 1151
284 3792 204 1096
288 3811 211 1095
285 3784 211 1119
285 3784 211 1119
264 3500 255 1137
262 3585 233 1167
373 5102 204 1081
332 4247 231 1061
300 3767 264 1069
289 3619 213 1223
289 3606 222 1117
286 3766 204 1200
278 3715 236 1118
303 3732 254 1114
331 4525 211 1082
294 3892 236 1072
292 4012 220 1090
322 4190 229 1070
314 4215 213 1078
283 3694 213 1197
278 3807 211 1176
328 4128 229 1076
306 3751 220 1118
331 4525 211 1082
311 3780 213 1162
299 3710 220 1139
289 3937 211 1101
290 3751 232 1113
294 3652 211 1203
300 3808 204 1156
285 3799 213 1110
287 3870 210 1144
298 3841 213 1097
287 3870 210 1144
288 3888 211 1142
286 3919 204 1159
292 3892 204 1096
294 3652 211 1203
287 3864 204 1160
305 3821 204 1115
305 3821 204 1115
287 3898 204 1117
293 3855 211 1096
293 3855 211 1096
287 3898 204 1117
305 3821 204 1115
293 3855 211 1096
376 5114 204 1093
312 4305 245 1074
298 3913 204 1198
292 4020 204 1144
287 3812 253 1130
342 4482 213 1087
308 3875 220 1172
357 4377 213 1086
336 4121 229 1098
310 3936 211 1123
319 4259 238 1097
320 4386 218 1093
313 4139 242 1092
301 3892 219 1103
332 4176 238 1089
290 3898 225 1110
325 4312 213 1089
288 3855 227 1110
287 3838 229 1143
322 4193 239 1100
297 4020 204 1103
324 3969 225 1101
315 4226 204 1099
353 4380 204 1098
299 3996 204 1115
299 3996 204 1115
353 4380 204 1098
342 4487 238 1092
332 4604 206 1100
307 3895 222 1160
300 4023 204 1144
296 3962 232 1132
338 4322 226 1098
325 4232 209 1103
316 3989 220 1129
329 4459 213 1094
309 3898 229 1118
296 4146 234 1114
303 4170 216 1125
333 4122 211 1107
316 4365 204 1123
307 3909 222 1103
331 4093 213 1117
341 4346 204 1103
302 4139 204 1138
320 4142 204 1108
297 4047 213 1130
308 4051 204 1135
303 3975 222 1105
304 3904 231 1116
305 4083 204 1126
304 4193 204 1129
306 4044 211 1119
318 4169 204 1119
318 4169 204 1119
320 4142 204 1108
364 4778 239 1096
312 4152 204 1144
306 3980 241 1126
304 4026 222 1118
339 4234 222 1103
336 4461 204 1118
325 4298 206 1111
319 4166 213 1122
354 4640 204 1108
305 4095 211 1130
329 4173 220 1111
350 4714 204 1109
318 4212 204 1132
340 4620 204 1111
323 4285 204 1129
340 4620 204 1111
318 4012 222 1118
333 4678 204 1118
333 4678 204 1118
344 4621 255 1113
336 4116 213 1152
333 4459 204 1213
305 4174 213 1151
323 4166 238 1175
319 4304 222 1122
335 4218 225 1126
324 4391 206 1135
340 4535 216 1114
327 4192 213 1132
333 4521 204 1138
344 4487 204 1119
342 4471 222 1121
325 4467 225 1121
368 4776 204 1119
363 4287 227 1137
362 4811 211 1128
342 4572 211 1153
340 4718 204 1150
334 4264 227 1149
332 4278 222 1147
334 4348 213 1142
345 4571 222 1121
353 4490 211 1142
355 4604 204 1146
340 4397 222 1127
377 4823 229 1138
374 4843 204 1235
354 4939 204 1163
343 4533 231 1135
340 4300 229 1164
333 4583 230 1155
344 4361 213 1227
355 4633 220 1155
361 4834 213 1150
343 4534 230 1156
381 4865 216 1223
369 4568 216 1240
323 4049 211 1034
315 4243 220 1011
290 3426 211 1138
262 3530 204 1081
256 3076 213 1043
244 3283 220 1014
300 3958 204 1049
255 3460 211 1094
245 3109 216 1125
286 3704 213 1039
245 3109 216 1125
262 3454 211 1112
278 3567 204 1065
290 3426 211 1138
292 3535 204 1056
282 3738 213 1034
282 3738 213 1034
264 3446 204 1083
258 3552 211 1086
276 3714 204 1075
275 3508 211 1067
273 3468 204 1081
273 3468 204 1081
290 3426 211 1138
290 3426 211 1138
245 3109 216 1125
324 4002 213 1051
301 3707 220 1025
293 4036 205 1076
285 3361 220 1027
278 3700 245 1052
264 3489 204 1094
257 3519 213 1282
256 3524 220 1106
260 3362 239 1129
257 3519 213 1282
313 3600 204 1083
324 4002 213 1051
257 3551 234 1085
262 3395 216 1092
287 3635 211 1080
281 3627 238 1050
292 3842 204 1092
278 3510 220 1063
278 3700 245 1052
257 3551 234 1085
297 3456 213 1068
292 3842 204 1092
297 3711 204 1059
282 3461 213 1096
260 3362 239 1129
256 3524 220 1106
286 3764 205 1089
286 3764 205 1089
258 3597 220 1059
279 3656 213 1053
263 3651 213 1056
293 4036 205 1076
264 3362 220 1074
260 3517 213 1064
264 3362 220 1074
279 3656 213 1053
278 3510 220 1063
260 3517 213 1064
278 3700 245 1052
278 3510 220 1063
278 3510 220 1063
264 3362 220 1074
260 3362 239 1129
257 3519 213 1282
257 3519 213 1282
257 3519 213 1282
257 3519 213 1282
257 3519 213 1282
346 4522 211 1063
318 4168 227 1036
272 3418 231 1091
267 3563 204 1137
264 3388 225 1107
262 3563 229 1164
262 3563 229 1164
327 4369 204 1070
278 3592 211 1103
303 4061 213 1067
318 4168 227 1036
288 3896 218 1065
328 4408 211 1069
304 3939 204 1076
276 3520 213 1082
290 3748 220 1042
278 3388 221 1159
286 3799 204 1096
292 3982 211 1089
292 3684 222 1055
292 3684 222 1055
296 3879 204 1093
283 3706 227 1072
284 3419 220 1125
290 3520 211 1118
298 3723 213 1079
274 3657 220 1073
279 3540 204 1111
284 3631 204 1108
278 3388 221 1159
301 3760 204 1089
274 3657 220 1073
284 3419 220 1125
279 3540 204 1111
301 3884 213 1072
284 3419 220 1125
278 3388 221 1159
262 3563 229 1164
262 3563 229 1164
262 3563 229 1164
372 5078 211 1069
309 3863 222 1046
305 3926 247 1057
278 3671 204 1210
278 3671 204 1210
271 3469 241 1139
269 3646 211 1185
372 5078 211 1069
336 4377 211 1074
345 4259 213 1072
284 3688 229 1078
303 4112 218 1084
295 3749 234 1060
297 3773 223 1081
277 3694 211 1152
331 4005 204 1078
275 3662 222 1141
340 4203 213 1075
269 3646 211 1185
322 4289 208 1078
295 3749 234 1060
278 3693 213 1116
294 3791 213 1103
295 3527 214 1137
326 4000 213 1087
316 3963 220 1058
279 3569 204 1129
322 3826 220 1081
300 3983 220 1051
314 4026 220 1047
295 3527 214 1137
322 4289 208 1078
283 3580 211 1120
289 3895 220 1075
282 3649 220 1101
277 3694 211 1152
291 3637 204 1125
306 3978 204 1096
307 4070 211 1077
286 3807 213 1101
307 3825 204 1100
291 3985 213 1089
311 3828 211 1090
311 4085 204 1079
280 3657 204 1117
308 4088 204 1093
291 3637 204 1125
308 4088 204 1093
311 3813 211 1094
293 3808 204 1101
280 3657 204 1117
293 3808 204 1101
311 3813 211 1094
311 4085 204 1079
291 3637 204 1125
280 3657 204 1117
278 3671 204 1210
278 3671 204 1210
278 3671 204 1210
278 3671 204 1210
277 3694 211 1152
277 3694 211 1152
277 3694 211 1152
361 4782 220 1063
327 4332 227 1048
297 3586 246 1133
282 3569 245 1184
281 3940 204 1177
276 3647 227 1277
276 3647 227 1277
348 4624 204 1084
309 3961 243 1081
361 4782 220 1063
330 4036 234 1055
282 3827 232 1156
293 3673 213 1123
287 3612 206 1138
295 3673 235 1102
308 4189 218 1095
314 3900 204 1108
284 3838 207 1126
278 3721 225 1162
342 4253 227 1058
336 4225 211 1082
346 4342 225 1058
309 4113 229 1098
338 4485 204 1091
317 4179 229 1091
303 3749 211 1129
348 4624 204 1084
298 3692 220 1103
279 3695 211 1166
343 4449 220 1065
319 4169 220 1068
284 3706 213 1126
320 4158 204 1099
305 3990 211 1103
289 3596 211 1178
284 3768 204 1133
279 3695 211 1166
295 3930 204 1107
323 3985 211 1094
310 3720 225 1102
343 4449 220 1065
307 4159 227 1100
338 4485 204 1091
324 3977 227 1083
325 4018 220 1066
346 4342 225 1058
325 4018 220 1066
318 3829 220 1102
289 3596 211 1178
361 4782 220 1063
361 4782 220 1063
361 4782 220 1063
343 4449 220 1065
289 3596 211 1178
378 4992 220 1087
336 3662 251 1164
334 4245 232 1077
295 3619 211 1171
295 3619 211 1171
294 3881 204 1140
287 3845 220 1152
371 4697 204 1094
329 4120 229 1084
339 4237 227 1088
338 4453 211 1095
307 3960 211 1109
336 4258 216 1105
296 3882 211 1127
306 3869 213 1127
299 3876 227 1150
304 3830 204 1146
330 4321 211 1108
294 3961 220 1139
302 4059 204 1109
307 3960 211 1109
307 3960 211 1109
307 3960 211 1109
295 3619 211 1171
324 4123 214 1122
316 4191 204 1111
301 3900 239 1177
296 3751 213 1214
294 3932 207 1177
308 4058 234 1117
316 4017 211 1153
323 3976 211 1128
294 4011 213 1173
320 4184 211 1123
318 4026 211 1126
363 4757 216 1116
325 4186 245 1138
324 4243 204 1125
317 3955 220 1230
312 4056 218 1176
322 4293 211 1173
317 4275 211 1217
339 4137 220 1130
323 4264 223 1131
326 4108 222 1162
333 4199 220 1128
377 4937 211 1127
363 4790 204 1140
345 4449 211 1218
338 4379 231 1141
327 4154 221 1182
358 4535 211 1128
343 4391 213 1194
345 4377 218 1146
349 4347 211 1140
340 4432 216 1142
390 4811 204 1170
385 5044 217 1130
365 4879 204 1141
349 4577 248 1144
330 4275 222 1271
336 4397 222 1213
345 4645 227 1149
353 4430 211 1142
358 4419 211 1161
414 4912 223 1183
368 4788 218 1229
358 4638 230 1159
374 4809 220 1215
317 4216 213 998
275 3760 229 989
275 3380 234 1164
273 3205 213 1175
252 3386 204 1160
250 3403 213 1092
276 3811 204 1034
317 4216 213 998
299 3759 213 1002
274 3594 220 1011
264 3471 231 1011
270 3455 211 1064
270 3396 229 1088
252 3391 213 1113
260 3428 204 1126
275 3380 234 1164
250 3417 220 1061
292 3760 211 1052
292 3760 211 1052
266 3611 213 1026
266 3425 204 1132
271 3557 204 1078
273 3556 229 1051
267 3748 204 1092
267 3748 204 1092
268 3574 204 1086
270 3582 229 1020
270 3582 229 1020
250 3417 220 1061
270 3396 229 1088
273 3556 229 1051
275 3380 234 1164
250 3417 220 1061
344 4251 204 1056
337 4274 204 1053
296 4016 229 994
295 3893 238 999
267 3497 204 1129
256 3424 211 1163
256 3424 211 1163
318 4129 211 1044
309 3931 213 1012
298 4095 220 1027
295 3893 238 999
314 4200 204 1059
275 3453 211 1136
276 3612 229 1051
337 4274 204 1053
265 3433 220 1107
277 3838 204 1086
283 3621 222 1066
274 3434 231 1105
296 4016 229 994
269 3551 231 1097
261 3527 213 1120
283 3760 213 1049
297 3957 204 1073
287 3631 213 1065
270 3708 213 1077
289 3731 204 1097
277 3664 222 1025
280 3435 213 1118
271 3659 204 1110
292 4010 229 1013
277 3474 213 1114
262 3605 211 1126
263 3562 213 1104
292 4010 229 1013
261 3527 213 1120
276 3792 213 1058
290 3942 211 1081
270 3631 220 1069
277 3664 222 1025
283 3621 222 1066
276 3792 213 1058
271 3563 220 1081
265 3433 220 1107
274 3434 231 1105
262 3605 211 1126
271 3563 220 1081
290 3942 211 1081
269 3551 231 1097
337 4274 204 1053
283 3621 222 1066
283 3621 222 1066
274 3434 231 1105
271 3563 220 1081
386 4906 206 1056
340 4252 238 1005
297 3945 240 1023
278 3550 204 1161
265 3448 211 1221
262 3573 222 1158
363 4493 222 1012
386 4906 206 1056
272 3563 231 1081
350 4688 220 1052
278 3550 204 1161
355 4575 220 1045
344 4263 204 1071
281 3700 227 1070
285 3609 216 1106
289 3776 238 1036
359 4501 220 1052
302 4101 211 1086
327 4215 211 1067
306 4004 204 1080
276 3597 220 1124
351 4474 204 1058
318 3672 220 1105
301 3569 213 1117
312 3841 211 1095
275 3541 213 1144
351 4474 204 1058
327 4215 211 1067
340 4252 238 1005
309 4221 222 1022
280 3785 229 1048
322 3890 204 1093
297 3902 240 1026
265 3644 222 1137
291 3630 229 1057
283 3540 213 1159
304 3864 222 1028
319 4220 211 1065
293 3963 211 1091
271 3546 211 1148
292 3727 204 1131
286 3865 213 1087
271 3546 211 1148
289 3776 238 1036
291 3810 213 1073
262 3573 222 1158
294 3788 213 1055
283 3849 204 1120
297 3902 240 1026
278 3827 204 1159
290 3778 229 1034
288 3944 204 1114
281 3722 213 1116
291 3959 204 1106
265 3644 222 1137
284 3816 204 1129
276 3635 222 1084
287 3852 213 1111
287 3852 213 1111
277 3634 213 1126
284 3708 213 1114
277 3758 213 1119
291 3806 213 1085
294 3788 213 1055
285 3747 222 1050
290 3778 229 1034
282 3752 211 1128
288 3944 204 1114
285 3747 222 1050
282 3752 211 1128
292 3748 220 1069
277 3758 213 1119
292 3748 220 1069
291 3959 204 1106
284 3708 213 1114
291 3959 204 1106
289 3776 238 1036
288 3944 204 1114
288 3944 204 1114
287 3852 213 1111
287 3852 213 1111
262 3573 222 1158
356 4407 213 1057
342 4578 222 1025
310 4019 231 1040
284 3633 204 1254
278 3732 204 1188
274 3529 211 1235
271 3559 213 1165
326 4219 213 1069
349 4371 213 1065
273 3625 211 1216
321 4162 220 1057
292 3887 229 1056
355 4524 204 1067
337 4454 213 1057
299 3828 206 1175
293 3936 229 1049
274 3645 218 1163
299 3828 206 1175
295 3675 213 1158
281 3598 222 1145
277 3544 213 1220
280 3811 231 1077
279 3623 222 1131
305 3692 204 1192
288 3641 220 1162
274 3645 218 1163
305 4187 204 1112
294 3987 204 1117
284 3633 204 1254
302 4115 220 1081
344 4431 213 1058
305 4141 222 1036
300 3775 231 1105
271 3559 213 1165
302 3924 211 1123
339 4417 204 1083
302 4075 222 1056
285 3745 213 1118
309 4026 204 1085
273 3629 211 1182
310 3874 213 1073
305 3692 204 1192
308 4218 204 1101
300 3849 220 1086
308 3879 213 1092
302 3924 211 1123
280 3753 213 1140
284 3905 204 1131
287 3902 204 1144
290 3882 231 1076
292 3850 204 1126
308 3879 213 1092
290 3835 204 1135
278 3732 204 1188
344 4431 213 1058
292 3850 204 1126
293 3834 220 1102
290 3835 204 1135
287 3756 211 1164
287 3756 211 1164
273 3625 211 1216
308 4218 204 1101
293 3891 213 1082
292 3884 213 1085
293 3891 213 1082
292 3884 213 1085
284 3905 204 1131
305 3692 204 1192
292 3884 213 1085
284 3633 204 1254
278 3732 204 1188
273 3625 211 1216
273 3625 211 1216
370 4717 204 1075
351 4847 240 1044
304 3899 204 1149
298 3704 211 1209
284 3574 234 1182
370 4663 207 1075
290 3810 218 1163
333 4365 222 1045
322 4391 220 1064
296 3939 229 1072
292 3903 213 1127
326 4074 220 1079
343 4157 213 1074
342 4356 213 1082
296 3882 233 1099
308 3866 204 1178
319 4194 213 1084
307 4022 213 1117
315 4163 204 1111
318 3875 213 1141
317 4136 204 1095
319 4114 204 1086
307 4122 213 1102
312 4038 204 1116
312 4038 204 1116
354 4213 220 1081
323 4158 241 1129
318 4313 204 1108
315 4111 204 1152
301 3787 211 1220
291 3961 220 1194
294 3860 225 1171
329 4245 204 1092
305 3978 213 1138
313 4213 207 1121
304 3951 211 1217
318 4300 204 1141
320 4180 211 1122
322 4308 211 1110
351 4459 204 1094
319 4372 204 1165
319 4079 229 1139
307 4142 213 1150
322 4319 220 1112
325 4347 205 1115
341 4321 213 1110
358 4650 213 1121
356 4890 204 1099
339 4214 233 1195
324 4403 204 1227
335 4350 222 1114
326 4350 213 1171
346 4764 217 1112
355 4818 213 1140
356 4739 211 1101
373 4591 213 1180
341 4532 222 1114
342 4566 222 1120
