42461 1620.5
204 2066 204 921
204 2066 204 921
321 2842 321 816
204 2071 204 904
204 2114 204 869
321 2842 321 816
312 2713 312 818
312 2713 312 818
303 2620 303 820
294 2522 294 822
303 2620 303 820
294 2522 294 822
303 2620 303 820
260 2292 258 834
251 2275 249 836
258 2329 258 830
221 2410 221 842
276 2400 276 826
276 2400 276 826
240 2271 240 838
204 2067 204 911
251 2275 249 836
204 2066 204 921
285 2465 285 824
276 2400 276 826
267 2354 267 828
249 2320 249 832
267 2354 267 828
240 2271 240 838
231 2342 231 836
222 2207 222 846
267 2354 267 828
285 2465 285 824
294 2522 294 822
276 2400 276 826
294 2522 294 822
231 2237 231 842
285 2465 285 824
285 2465 285 824
216 2201 213 848
285 2465 285 824
204 2071 204 904
223 2356 222 838
238 2345 222 838
231 2263 231 840
204 2067 204 911
242 2266 240 838
251 2275 249 836
212 2317 210 848
231 2284 222 840
267 2354 267 828
258 2297 258 834
207 2181 205 856
221 2410 221 842
222 2451 222 838
216 2222 213 846
204 2073 204 897
212 2317 210 848
221 2410 221 842
204 2072 204 899
204 2071 204 904
204 2076 204 892
206 2087 204 882
206 2135 204 865
210 2376 210 848
216 2197 213 850
210 2376 210 848
204 2077 204 890
204 2078 204 886
258 2297 258 834
223 2356 222 838
208 2107 204 869
213 2111 213 867
231 2263 231 840
258 2329 258 830
204 2093 204 875
204 2091 204 879
204 2073 204 897
216 2222 213 846
213 2168 213 854
208 2107 204 869
204 2103 204 871
204 2146 204 863
204 2157 204 862
208 2217 204 852
240 2312 240 834
206 2135 204 865
258 2297 258 834
216 2197 213 850
213 2111 213 867
213 2210 213 850
231 2294 231 838
249 2320 249 832
213 2168 213 854
222 2254 222 842
231 2237 231 842
212 2216 204 852
231 2294 231 838
211 2140 204 863
222 2228 222 844
238 2345 222 838
242 2266 240 838
205 2177 204 859
204 2092 204 877
204 2092 204 877
204 2103 204 871
204 2079 204 884
204 2102 204 873
204 2072 204 899
204 2225 204 852
204 2077 204 890
260 2292 258 834
205 2177 204 859
204 2091 204 879
231 2263 231 840
213 2168 213 854
204 2078 204 886
213 2101 213 873
285 2465 285 824
204 2076 204 892
213 2230 213 846
231 2237 231 842
303 2620 303 820
213 2111 213 867
213 2274 213 844
294 2522 294 822
267 2354 267 828
204 2093 204 875
207 2181 205 856
285 2465 285 824
222 2451 222 838
211 2187 204 857
249 2320 249 832
240 2312 240 834
204 2299 204 850
231 2342 231 836
222 2145 222 858
213 2141 213 860
207 2172 204 858
204 2157 204 862
204 2175 204 861
207 2172 204 858
204 2089 204 883
204 2089 204 883
216 2197 213 850
222 2254 222 842
207 2188 204 857
238 2345 222 838
204 2091 204 879
204 2175 204 861
213 2141 213 860
204 2079 204 884
213 2101 213 873
222 2179 222 852
207 2181 205 856
206 2176 204 858
211 2187 204 857
211 2140 204 863
212 2226 210 850
222 2285 222 840
211 2187 204 857
204 2157 204 862
206 2087 204 882
204 2079 204 884
222 2285 222 840
231 2237 231 842
213 2230 213 846
212 2317 210 848
207 2188 204 857
222 2207 222 846
249 2280 249 836
249 2280 249 836
213 2210 213 850
213 2214 213 848
204 2076 204 892
213 2274 213 844
204 2200 204 857
204 2114 204 869
231 2263 231 840
204 2138 204 865
205 2223 204 852
204 2299 204 850
212 2226 210 850
206 2087 204 882
213 2214 213 848
222 2228 222 844
222 2179 222 852
204 2225 204 852
204 2138 204 865
213 2230 213 846
204 2091 204 879
204 2180 204 858
204 2078 204 886
213 2274 213 844
204 2180 204 858
204 2102 204 873
213 2101 213 873
216 2201 213 848
207 2188 204 857
204 2076 204 892
204 2073 204 897
204 2093 204 875
208 2217 204 852
231 2284 222 840
222 2145 222 858
204 2200 204 857
205 2223 204 852
206 2176 204 858
204 2146 204 863
212 2216 204 852
276 2400 276 826
210 2376 210 848
260 2292 258 834
208 2107 204 869
251 2275 249 836
222 2451 222 838
258 2329 258 830
249 2320 249 832
294 2522 294 822
204 2146 204 863
207 2181 205 856
294 2522 294 822
222 2451 222 838
258 2329 258 830
204 2076 204 892
260 2292 258 834
260 2292 258 834
240 2312 240 834
213 2111 213 867
204 2077 204 890
294 2522 294 822
276 2400 276 826
303 2620 303 820
285 2465 285 824
285 2465 285 824
285 2465 285 824
213 2101 213 873
242 2266 240 838
312 2713 312 818
312 2713 312 818
321 2842 321 816
312 2713 312 818
303 2620 303 820
213 2230 213 846
303 2620 303 820
303 2620 303 820
276 2400 276 826
267 2354 267 828
204 2067 204 911
276 2400 276 826
213 2101 213 873
294 2522 294 822
303 2620 303 820
285 2465 285 824
276 2400 276 826
276 2400 276 826
249 2320 249 832
249 2320 249 832
294 2522 294 822
303 2620 303 820
294 2522 294 822
204 2071 204 904
204 2071 204 904
303 2620 303 820
285 2465 285 824
204 2066 204 921
303 2620 303 820
294 2522 294 822
312 2713 312 818
216 2222 213 846
204 2103 204 871
285 2465 285 824
204 2093 204 875
213 2141 213 860
285 2465 285 824
294 2522 294 822
204 2067 204 911
303 2620 303 820
213 2230 213 846
238 2345 222 838
204 2146 204 863
258 2297 258 834
216 2201 213 848
204 2073 204 897
211 2140 204 863
251 2275 249 836
231 2294 231 838
212 2226 210 850
204 2180 204 858
204 2092 204 877
204 2079 204 884
204 2091 204 879
204 2072 204 899
204 2073 204 897
204 2091 204 879
204 2076 204 892
251 2275 249 836
231 2263 231 840
240 2312 240 834
223 2356 222 838
