111471 2640.51
407 5327 267 1338
275 3414 204 1049
274 2855 267 858
413 5411 270 1333
270 2847 270 875
354 4492 243 1121
340 4015 276 1002
272 2956 270 898
262 2980 249 890
293 3330 234 944
304 3929 225 1056
440 5288 303 1263
374 4705 263 1323
298 3591 261 934
324 4189 234 1168
233 2664 213 900
272 3346 225 920
267 3038 216 913
243 2704 204 870
369 4621 266 1435
290 3611 234 1026
365 4908 294 1183
290 3236 282 937
306 3535 261 942
290 3478 222 904
240 2784 204 907
267 3278 240 878
290 3449 216 955
322 4055 222 1111
281 3506 216 907
318 3893 234 1193
235 2993 212 933
382 4929 271 1137
283 3351 240 922
327 3703 249 1100
259 2831 231 915
286 3215 216 894
301 3722 233 1026
365 5021 276 1326
271 3457 225 942
341 4413 241 975
312 3738 234 1008
241 2968 204 974
265 3187 237 940
398 5358 249 1220
245 2803 234 951
251 2974 204 963
254 3102 234 916
295 3045 267 873
293 3641 267 1041
279 3501 261 929
293 3413 231 998
348 4229 261 1008
299 3756 225 1011
266 3160 228 943
233 2839 216 915
310 3811 252 933
240 2800 213 873
315 4048 231 1021
285 3302 240 927
232 2734 225 914
240 2887 225 887
293 3477 252 943
290 3185 249 912
298 3228 273 917
309 3688 258 1106
250 3098 225 931
285 3148 249 933
278 3417 252 1037
298 3623 222 984
291 3878 218 938
254 3044 234 922
377 4835 246 1170
353 4313 237 1124
254 2774 213 881
368 4542 264 1134
270 3007 222 907
327 4115 234 986
345 4357 270 1102
255 3017 216 916
382 4961 303 1294
334 4179 228 1036
276 3345 213 903
363 4710 234 1135
268 3216 216 877
248 3019 216 948
300 3810 270 965
292 3718 261 1031
410 4971 294 1211
313 3964 288 1156
253 3024 204 879
277 3375 205 940
292 3438 223 1093
373 4644 264 1245
283 3301 213 961
277 3453 216 1043
275 3201 222 873
328 4155 225 1150
273 3191 223 940
334 3908 243 1004
260 3246 204 901
319 4049 276 1117
364 3958 237 1112
257 2870 249 923
334 4491 234 1031
274 3206 246 964
259 3080 204 962
300 3334 258 870
361 4674 246 1193
290 3232 240 993
262 3147 232 996
333 3849 255 995
296 3573 261 901
225 2663 213 884
425 4941 337 1109
307 3543 270 891
373 4053 234 990
232 2599 231 859
304 3806 258 1170
242 3005 225 884
261 3188 213 973
355 4322 273 1055
285 3231 225 917
353 4337 216 1174
272 3288 212 882
289 3590 208 983
230 2605 222 868
301 3738 261 1040
373 4466 285 1235
280 3483 231 1015
311 3882 235 1096
262 3214 225 993
264 3284 234 985
320 3711 237 950
301 4022 225 1089
418 5336 241 1279
297 3813 240 1119
395 5078 276 1260
269 3335 234 982
295 3473 252 1007
329 3993 214 1222
285 3518 216 963
284 3165 234 891
283 3198 243 988
252 3087 216 916
302 3628 234 1072
244 2818 213 890
296 3507 225 1006
217 2459 213 864
325 4040 237 984
279 3501 204 988
324 3740 222 945
262 2916 231 886
295 3471 267 882
299 3506 243 1042
270 3516 225 921
308 3994 241 1145
247 3047 204 988
270 3256 213 945
474 6357 289 1572
262 3163 204 896
368 4634 235 1276
287 3480 255 943
299 3748 240 1042
269 3326 228 1037
401 4703 228 1292
245 2738 240 893
270 3260 204 968
256 3071 225 1063
229 2641 204 892
352 4117 240 1119
329 3837 279 983
305 3812 231 971
303 3651 213 965
333 4137 264 1121
344 4234 276 1089
366 4382 291 1366
332 4001 234 1084
340 4470 276 1308
350 4306 268 1027
364 4907 282 1158
368 4817 267 1229
354 4311 252 1141
316 4111 249 1135
284 3799 228 1073
375 4824 265 1303
351 4438 216 1041
346 4359 264 1054
250 3099 228 977
278 3356 204 990
353 4661 265 1262
351 4307 261 1280
434 5611 298 1285
333 3833 213 987
288 3207 285 941
327 3731 255 1066
330 4077 243 1119
300 3694 234 997
345 4680 246 1145
276 3163 276 964
277 3521 216 949
299 3560 249 919
322 3820 252 1058
293 3600 225 1103
268 3352 255 920
389 4676 255 1225
313 3571 246 1033
246 2850 222 904
249 3033 216 1027
268 3127 204 927
344 4112 213 1117
301 3733 279 1020
276 3292 237 913
379 4716 264 1177
283 3402 204 920
259 3287 225 940
354 4478 264 1188
279 3314 261 890
340 4304 267 1257
291 3365 282 924
284 3358 249 940
290 3395 255 1003
241 2860 204 946
376 4809 264 1306
258 3046 237 927
280 3426 228 952
284 3552 213 933
347 4120 216 1053
251 2671 249 862
285 3541 246 1034
376 4803 261 1283
231 2845 225 886
292 3563 249 926
318 3770 216 1052
300 3799 225 1013
367 4685 252 1267
308 3465 225 1171
288 3557 216 971
299 3536 225 1068
323 4231 232 1065
351 4517 324 1215
271 3101 270 910
239 2914 213 941
340 3587 243 1019
274 3180 222 874
290 3558 222 945
377 5032 228 1185
321 4039 243 1162
312 3673 204 1034
296 3356 255 944
325 3939 234 980
376 4708 250 1366
321 4081 252 1046
319 4081 237 1078
278 3646 243 1008
256 3068 228 896
364 4716 276 1079
335 3871 270 926
293 3602 222 1071
212 2450 204 881
290 3488 243 894
238 2511 213 915
236 2816 234 902
339 4495 234 1059
306 3913 265 1239
244 2590 213 861
253 2935 213 870
222 2677 216 883
409 4997 265 1294
271 3134 243 890
312 3793 204 954
321 3955 216 959
271 3272 261 903
344 4448 255 1187
296 3458 237 1058
286 3434 241 990
264 3151 225 921
318 3949 204 967
247 2834 204 907
306 3875 235 1113
257 2691 231 878
285 3640 246 1032
259 3177 252 913
296 3619 249 1156
260 2892 213 935
275 3360 252 937
392 5200 252 1420
302 3801 216 973
336 3587 312 977
306 3768 261 926
360 4497 238 1310
324 4047 225 1078
334 4411 272 1255
441 5534 285 1402
402 4713 228 1122
387 4857 273 1288
356 4269 231 1206
302 3601 220 981
316 3811 228 959
364 4481 276 1114
