2664 115.79
285 2957 285 822
285 2957 285 822
204 2332 204 893
204 2332 204 893
276 2846 276 824
276 2846 276 824
267 2781 267 826
258 2712 258 828
258 2712 258 828
267 2781 267 826
249 2629 249 830
240 2563 240 832
249 2629 249 830
204 2338 204 879
240 2560 240 834
204 2363 204 872
231 2452 231 839
236 2587 231 834
204 2337 204 890
228 2508 222 838
222 2751 222 838
224 2435 213 844
212 2529 210 848
213 2430 213 869
233 2475 204 850
213 2393 213 870
222 2637 221 842
208 2438 204 862
204 2338 204 879
231 2663 231 834
210 2481 204 858
218 2481 213 844
204 2363 204 872
222 2420 222 844
213 2393 213 870
217 2416 210 848
225 2520 221 842
207 2580 204 860
233 2619 231 834
217 2416 210 848
208 2438 204 862
213 2606 213 846
204 2337 204 890
217 2513 213 846
213 2524 204 855
223 2663 222 838
222 2637 221 842
208 2586 204 859
227 2543 222 838
231 2496 231 836
210 2481 204 858
236 2587 231 834
231 2496 231 836
212 2535 204 852
213 2606 213 846
240 2563 240 832
240 2560 240 834
214 2442 204 853
213 2524 204 855
224 2420 222 840
208 2473 204 860
226 2596 222 838
231 2663 231 834
216 2516 213 844
226 2596 222 838
227 2543 222 838
212 2535 204 852
231 2490 231 838
214 2577 204 850
208 2586 204 859
217 2503 204 852
232 2631 231 834
224 2571 221 842
207 2580 204 860
233 2619 231 834
231 2452 231 839
222 2456 222 842
228 2508 222 838
215 2461 213 848
215 2461 213 848
208 2473 204 860
225 2520 221 842
216 2516 213 844
214 2442 204 853
222 2531 222 840
222 2522 222 841
222 2522 222 841
214 2515 213 849
215 2526 213 846
214 2577 204 850
214 2515 213 849
213 2474 213 853
232 2631 231 834
216 2444 210 850
231 2490 231 838
213 2430 213 869
233 2475 204 850
224 2571 221 842
216 2444 210 850
224 2420 222 840
223 2663 222 838
223 2430 222 842
217 2503 204 852
224 2435 213 844
223 2430 222 842
222 2456 222 842
217 2513 213 846
222 2531 222 840
215 2526 213 846
215 2524 210 850
212 2529 210 848
216 2516 204 852
213 2474 213 853
285 2957 285 822
285 2957 285 822
285 2957 285 822
285 2957 285 822
285 2957 285 822
285 2957 285 822
276 2846 276 824
276 2846 276 824
276 2846 276 824
276 2846 276 824
276 2846 276 824
276 2846 276 824
267 2781 267 826
267 2781 267 826
267 2781 267 826
267 2781 267 826
267 2781 267 826
267 2781 267 826
258 2712 258 828
258 2712 258 828
258 2712 258 828
258 2712 258 828
258 2712 258 828
258 2712 258 828
249 2629 249 830
249 2629 249 830
249 2629 249 830
249 2629 249 830
249 2629 249 830
249 2629 249 830
240 2563 240 832
240 2563 240 832
240 2560 240 834
240 2560 240 834
240 2560 240 834
240 2560 240 834
240 2560 240 834
282 3093 276 826
263 3124 231 834
234 2565 231 844
226 2833 204 850
260 2916 258 828
276 2869 240 832
265 3095 213 844
254 2889 249 830
233 2606 221 848
241 2719 210 848
229 2757 213 845
239 2709 222 838
231 2632 231 838
259 3032 240 832
228 2673 222 841
244 2653 221 842
249 2782 249 834
258 2771 258 832
240 2805 240 834
233 2653 231 836
251 2901 249 832
259 2850 240 833
239 2621 231 838
254 2803 249 832
285 3392 240 832
261 2979 258 828
242 2668 240 836
236 2790 213 847
231 2734 222 844
265 2933 249 830
254 3051 249 830
256 2771 222 839
257 2886 221 842
249 2849 249 834
243 2715 231 836
240 2684 240 837
233 2859 231 838
258 2863 258 832
238 2682 222 846
257 3002 249 832
253 2843 249 835
240 2713 222 840
248 2913 240 835
233 2712 222 843
259 2874 240 834
235 2855 231 836
247 2861 222 838
254 2844 222 838
240 2711 231 837
241 2708 231 838
234 2718 231 838
240 2724 240 836
241 2718 240 836
286 3283 240 834
284 3142 276 828
279 3152 258 828
269 3392 240 834
240 2690 240 841
236 2762 222 854
234 2924 234 849
277 3134 249 830
254 2922 249 834
265 2941 249 831
264 3145 222 838
276 3298 240 835
246 2837 222 849
258 2887 258 834
236 2869 231 836
259 2895 258 832
248 2739 231 838
247 2798 231 836
238 2774 231 838
244 2732 231 840
284 3362 240 834
244 2852 222 840
242 2773 240 836
300 3595 240 834
286 3376 258 828
258 2740 258 840
244 2926 222 843
240 2760 240 846
287 3244 249 832
270 3111 249 834
283 2906 231 837
270 3225 222 839
299 3452 240 835
243 2820 231 839
253 2960 222 841
263 3121 231 837
284 3416 249 832
254 2872 222 844
270 3213 231 836
246 2811 240 838
247 2858 240 836
250 2775 240 839
253 2772 231 838
247 2758 240 840
247 2837 231 838
285 3071 232 837
278 3281 249 835
255 3000 222 859
247 2802 240 844
245 2888 231 842
257 3094 222 842
247 2887 240 836
257 2843 249 840
254 2858 231 839
247 2870 231 838
273 3096 222 846
259 3191 222 842
258 2874 240 849
255 2941 240 836
249 2935 231 865
249 2926 249 845
252 2875 231 838
249 3009 231 839
284 3446 222 851
271 3195 222 855
263 2999 240 836
254 2885 231 838
252 2957 240 842
252 3103 231 852
268 3018 240 836
267 3003 267 836
266 3178 249 836
258 2929 231 847
256 2966 231 838
289 3298 249 836
258 2972 231 840
257 3044 231 857
267 3008 240 838
265 3106 231 838
266 3081 231 839
294 3159 240 838
286 3300 231 842
271 3189 240 838
268 3002 252 841
265 3058 231 846
263 2994 234 843
261 3146 249 840
274 3097 249 838
287 3147 231 839
302 3606 231 839
297 3453 231 842
282 3016 240 844
280 3293 249 838
276 3158 240 849
270 3162 240 844
275 3190 240 845
300 3654 240 850
285 2957 285 822
285 2957 285 822
204 2332 204 893
204 2332 204 893
276 2846 276 824
276 2846 276 824
267 2781 267 826
258 2712 258 828
267 2781 267 826
249 2629 249 830
236 2587 231 834
258 2712 258 828
249 2629 249 830
240 2560 240 834
231 2452 231 839
240 2563 240 832
204 2337 204 890
204 2338 204 879
228 2508 222 838
212 2529 210 848
242 2505 221 843
224 2435 213 844
231 2718 231 834
213 2393 213 870
233 2475 204 850
213 2430 213 869
222 2637 221 842
208 2438 204 862
222 2420 222 844
223 2663 222 838
210 2481 204 858
222 2751 222 838
204 2363 204 872
204 2570 204 854
226 2439 210 848
222 2751 222 838
210 2481 204 858
213 2393 213 870
208 2473 204 860
228 2539 221 842
206 2485 204 852
224 2571 221 842
242 2505 221 843
206 2485 204 852
205 2529 204 862
216 2516 213 844
204 2353 204 874
204 2353 204 874
204 2337 204 890
219 2498 213 844
222 2537 222 842
233 2661 231 834
219 2498 213 844
233 2661 231 834
222 2637 221 842
231 2452 231 839
231 2521 231 836
227 2633 222 838
240 2560 240 834
231 2521 231 836
223 2478 222 840
215 2427 213 846
213 2563 204 850
214 2442 204 853
214 2442 204 853
204 2363 204 872
204 2343 204 876
204 2542 204 860
204 2343 204 876
204 2342 204 877
204 2338 204 879
208 2438 204 862
204 2542 204 860
240 2563 240 832
215 2636 213 845
233 2475 204 850
216 2516 213 844
226 2439 210 848
216 2493 210 848
212 2529 210 848
224 2467 222 842
215 2427 213 846
222 2568 222 840
213 2430 213 869
231 2494 231 838
204 2525 204 871
204 2342 204 877
224 2435 213 844
215 2636 213 845
213 2445 213 846
204 2570 204 854
226 2541 221 842
223 2478 222 840
204 2525 204 871
213 2563 204 850
205 2529 204 862
222 2420 222 844
216 2499 204 850
213 2445 213 846
224 2467 222 842
208 2473 204 860
215 2524 210 850
228 2539 221 842
223 2663 222 838
222 2568 222 840
222 2537 222 842
231 2494 231 838
224 2571 221 842
216 2493 210 848
215 2524 210 850
285 2957 285 822
285 2957 285 822
285 2957 285 822
285 2957 285 822
285 2957 285 822
285 2957 285 822
285 2957 285 822
285 2957 285 822
285 2957 285 822
285 2957 285 822
285 2957 285 822
285 2957 285 822
285 2957 285 822
276 2846 276 824
276 2846 276 824
276 2846 276 824
276 2846 276 824
276 2846 276 824
276 2846 276 824
267 2781 267 826
267 2781 267 826
267 2781 267 826
267 2781 267 826
267 2781 267 826
267 2781 267 826
258 2712 258 828
258 2712 258 828
258 2712 258 828
258 2712 258 828
258 2712 258 828
258 2712 258 828
249 2629 249 830
249 2629 249 830
249 2629 249 830
249 2629 249 830
249 2629 249 830
249 2629 249 830
224 2467 222 842
224 2467 222 842
224 2467 222 842
224 2467 222 842
279 3131 258 828
261 3151 221 843
240 2873 213 852
225 2620 222 844
255 2951 249 830
248 2712 222 838
238 2751 231 837
228 2682 222 840
235 2643 222 841
262 2837 231 836
259 2806 249 832
263 2921 258 831
249 2816 249 833
247 2766 240 836
258 2950 258 831
243 2880 240 836
245 2917 240 832
246 2809 240 835
256 2928 231 834
250 2813 249 832
244 2885 240 834
256 2886 231 836
287 3360 258 829
279 3174 213 852
254 2679 222 842
230 2828 222 844
272 3322 221 852
273 3078 249 830
251 2846 249 834
240 2818 240 837
276 2816 231 838
248 2957 231 839
263 2919 240 834
234 2689 222 842
244 2715 222 840
271 3164 231 834
246 2775 240 838
266 2910 231 836
260 3025 231 836
264 3084 249 830
265 2969 231 835
256 3019 231 837
241 2808 222 840
250 2963 240 832
252 2823 249 832
256 2946 240 834
253 2834 231 839
253 2828 240 836
251 2915 222 838
306 3547 258 829
291 3664 213 858
234 2710 222 846
280 3282 231 836
284 3434 240 832
267 3095 249 830
240 2951 240 840
253 2891 249 835
262 2802 240 842
258 2957 231 839
269 2954 222 840
272 2988 240 834
251 2849 222 845
247 2854 222 841
254 2830 249 832
259 3045 240 834
263 2939 231 839
271 3032 231 837
249 2859 240 837
259 2985 222 838
269 3087 231 837
250 2963 222 840
306 3671 258 829
253 2987 222 850
242 2852 231 852
298 3341 231 836
247 3008 240 849
271 3144 258 830
292 3400 240 834
283 3370 249 830
277 3090 222 838
250 2867 231 842
249 2862 249 837
280 3468 240 834
272 3079 240 836
264 3089 222 840
285 3456 240 834
259 3000 231 839
257 2914 240 838
269 3035 222 841
268 2898 249 832
254 3025 249 832
255 2992 249 833
280 3333 240 836
274 3149 258 831
261 2888 261 839
253 3011 222 869
252 2911 249 851
254 2895 231 855
265 2926 243 843
280 3162 222 838
269 3131 232 847
264 3170 222 842
271 3125 231 842
273 2962 249 832
252 3018 252 841
261 3046 258 833
269 3004 249 835
258 3141 231 849
252 2929 240 842
269 3046 240 838
259 3025 240 840
263 3028 249 832
295 3301 222 840
282 2953 282 844
279 3309 232 853
273 3407 234 847
268 3042 258 832
253 2947 249 845
252 2990 240 843
284 3237 231 838
278 3005 270 836
289 3153 249 833
291 3085 240 840
265 3042 261 841
264 3044 249 835
290 3291 249 832
287 3259 231 841
286 3263 240 839
270 3110 249 835
268 3016 240 845
254 3025 240 844
259 3040 243 843
291 3488 231 844
283 3164 279 837
275 3198 249 835
259 3125 249 849
286 3348 240 842
274 3130 243 844
302 3544 231 852
283 3293 261 837
282 3235 252 843
281 3243 249 854
279 3387 249 836
276 3288 261 843
282 3331 261 840
314 3411 249 840
307 3732 249 846
291 3445 252 843
298 3515 282 863
285 2957 285 822
285 2957 285 822
204 2332 204 893
204 2332 204 893
276 2846 276 824
276 2846 276 824
267 2781 267 826
258 2712 258 828
267 2781 267 826
249 2629 249 830
249 2629 249 830
258 2712 258 828
236 2587 231 834
242 2546 240 837
231 2452 231 839
204 2337 204 890
240 2556 240 836
204 2338 204 879
234 2498 222 841
224 2435 213 844
222 2637 221 842
213 2393 213 870
213 2430 213 869
212 2529 210 848
208 2438 204 862
223 2663 222 838
214 2442 204 853
231 2718 231 834
204 2363 204 872
226 2439 210 848
222 2420 222 844
222 2751 222 838
233 2661 231 834
228 2508 222 838
222 2751 222 838
208 2473 204 860
213 2393 213 870
240 2563 240 832
207 2541 204 854
216 2516 213 844
220 2444 213 845
204 2555 204 857
226 2541 221 842
214 2442 204 853
204 2353 204 874
204 2353 204 874
204 2337 204 890
216 2516 213 844
205 2529 204 862
231 2452 231 839
211 2443 204 851
210 2470 204 850
209 2527 204 850
206 2527 204 857
222 2637 221 842
231 2718 231 834
213 2485 213 847
240 2563 240 832
220 2444 213 845
215 2427 213 846
210 2470 204 850
204 2363 204 872
204 2343 204 876
240 2560 240 834
204 2530 204 859
204 2343 204 876
204 2342 204 877
204 2338 204 879
207 2541 204 854
234 2557 231 836
213 2485 213 847
204 2530 204 859
231 2571 231 836
211 2443 204 851
242 2546 240 837
231 2507 222 840
227 2539 222 840
222 2566 222 840
204 2525 204 871
215 2427 213 846
231 2551 231 837
213 2430 213 869
221 2514 213 844
214 2519 210 848
231 2571 231 836
226 2584 222 838
204 2342 204 877
224 2435 213 844
222 2561 222 841
208 2473 204 860
231 2494 231 838
222 2500 222 842
226 2584 222 838
208 2438 204 862
240 2556 240 836
213 2526 213 845
213 2497 213 846
204 2525 204 871
233 2661 231 834
227 2539 222 840
225 2565 222 840
223 2663 222 838
221 2514 213 844
209 2527 204 850
231 2494 231 838
234 2498 222 841
226 2439 210 848
225 2565 222 840
213 2526 213 845
212 2529 210 848
206 2527 204 857
204 2555 204 857
224 2571 221 842
205 2529 204 862
222 2500 222 842
222 2420 222 844
224 2571 221 842
213 2447 213 848
231 2551 231 837
240 2560 240 834
226 2544 222 841
214 2519 210 848
213 2447 213 848
226 2544 222 841
226 2496 222 842
234 2557 231 836
226 2496 222 842
224 2497 210 848
285 2957 285 822
285 2957 285 822
285 2957 285 822
285 2957 285 822
285 2957 285 822
285 2957 285 822
285 2957 285 822
276 2846 276 824
276 2846 276 824
276 2846 276 824
276 2846 276 824
276 2846 276 824
276 2846 276 824
267 2781 267 826
267 2781 267 826
267 2781 267 826
267 2781 267 826
267 2781 267 826
267 2781 267 826
258 2712 258 828
258 2712 258 828
258 2712 258 828
284 3379 267 829
252 3009 210 848
228 2611 213 874
227 2758 213 860
262 2911 231 834
261 3059 222 838
249 2700 249 830
231 2638 231 847
260 2834 240 832
244 2974 240 834
240 2744 240 836
238 2725 213 844
239 2838 221 842
257 2788 231 837
247 2848 240 834
235 2737 222 841
233 2829 213 846
241 2718 222 840
238 2814 222 840
250 2793 231 836
231 2672 231 844
231 2783 231 843
238 2774 231 838
305 3479 267 829
287 3187 213 846
240 2736 222 848
237 2785 222 854
236 2822 222 843
271 3300 240 834
277 3224 222 838
258 2791 258 835
250 2877 249 830
251 3007 222 841
249 2837 249 833
260 2911 221 843
247 2839 221 846
240 2862 240 836
239 2916 231 839
257 2853 231 837
256 2926 231 837
245 2775 231 838
254 2988 240 835
253 2757 222 847
253 2801 222 840
238 2759 222 842
254 2993 231 836
250 2793 249 834
259 2772 221 846
248 2854 240 836
273 2999 231 836
263 3089 249 830
262 3011 221 857
254 3117 222 840
249 2760 222 842
243 2816 222 859
240 2915 231 843
260 2995 240 835
265 2825 222 841
262 2877 249 832
259 2925 240 836
264 2921 221 847
251 2802 231 840
242 2837 222 842
262 3051 222 840
257 2913 231 837
263 2896 249 831
249 2821 231 838
254 3007 231 837
277 3081 231 836
267 2964 221 847
265 3122 258 832
264 3358 231 837
254 2849 231 842
250 2902 231 852
244 2904 222 845
267 3241 249 833
271 2882 222 842
270 3153 249 832
266 3070 240 835
258 2855 232 840
249 2911 249 843
253 2928 240 838
249 3043 231 838
269 3034 231 838
247 3103 222 842
264 3145 222 840
259 2933 240 836
256 3056 240 837
255 2940 231 841
255 2867 222 843
253 2992 222 843
249 3075 222 842
284 3414 249 833
271 3006 221 847
269 3280 258 832
260 2917 222 856
255 2895 249 847
250 2948 222 846
271 3212 240 835
254 3044 231 839
283 3162 222 841
274 3339 231 838
276 3062 222 842
283 3240 231 836
267 3157 240 836
279 3149 249 836
258 2987 222 843
264 2976 231 841
263 2983 249 837
267 3271 222 840
300 3596 249 834
286 3401 279 834
273 3425 258 832
259 3042 222 843
259 2982 249 846
256 3024 240 849
295 3255 231 836
268 3137 231 840
290 3197 222 842
282 3327 240 835
262 3170 231 841
293 3467 232 837
292 3489 231 838
285 3206 240 839
276 3367 222 841
262 3067 249 840
278 3215 231 839
301 3377 261 837
285 3387 240 835
277 3121 240 863
274 3144 222 856
268 3163 231 845
296 3250 231 840
277 3132 222 850
270 3142 243 842
275 3166 222 843
291 3290 243 843
289 3415 252 839
273 3372 231 856
269 3221 240 861
289 3304 231 847
280 3327 231 847
281 3309 240 844
287 3385 231 845
290 3308 243 845
286 3366 231 850
278 3463 240 856
297 3368 273 869
293 3376 232 853
308 3489 234 854
