47551 1470.7
333 2859 321 816
208 2036 204 860
331 2854 321 817
204 2072 204 852
321 2860 321 816
294 2535 294 822
312 2725 312 818
268 2314 267 828
276 2367 276 826
303 2627 303 820
286 2462 285 825
324 2724 312 818
322 2719 312 819
250 2243 249 832
240 2157 240 838
313 2621 303 821
204 2063 204 854
258 2278 258 830
295 2461 285 825
295 2530 294 823
297 2466 285 824
285 2467 285 824
208 2061 204 852
267 2320 267 828
213 2037 213 858
304 2529 294 823
259 2272 258 830
304 2622 303 821
276 2367 276 826
267 2320 267 828
231 2101 231 844
222 2126 222 842
277 2361 276 826
304 2622 303 821
258 2278 258 830
240 2231 240 834
249 2249 249 832
232 2134 231 840
222 2191 221 842
315 2626 303 820
306 2534 294 822
217 2123 213 846
240 2157 240 838
213 2076 210 850
241 2151 240 838
250 2192 249 834
232 2095 231 844
285 2467 285 824
276 2367 276 826
249 2249 249 832
258 2278 258 830
223 2081 222 846
226 2164 222 840
232 2095 231 844
213 2037 213 858
217 2132 213 844
240 2231 240 834
227 2180 221 842
213 2153 204 850
241 2175 240 836
232 2134 231 840
297 2466 285 824
321 2860 321 816
222 2191 221 842
204 2063 204 854
241 2175 240 836
312 2725 312 818
213 2073 213 848
267 2320 267 828
276 2367 276 826
208 2036 204 860
259 2272 258 830
213 2073 213 848
222 2112 213 846
249 2249 249 832
204 2072 204 852
241 2226 240 834
213 2064 213 850
258 2278 258 830
227 2226 222 838
231 2139 231 840
227 2180 221 842
222 2348 222 838
208 2053 204 854
313 2720 312 819
213 2076 210 850
249 2249 249 832
221 2246 221 842
218 2120 213 846
217 2123 213 846
214 2149 204 850
226 2235 222 838
249 2198 249 834
231 2218 222 838
211 2184 210 848
313 2621 303 821
295 2530 294 823
324 2724 312 818
331 2854 321 817
295 2461 285 825
333 2859 321 816
313 2720 312 819
216 2170 210 848
210 2087 210 850
324 2724 312 818
333 2859 321 816
306 2534 294 822
331 2854 321 817
315 2626 303 820
222 2348 222 838
213 2076 210 850
224 2173 222 840
295 2461 285 825
297 2466 285 824
277 2361 276 826
268 2314 267 828
259 2272 258 830
258 2278 258 830
210 2087 210 850
223 2081 222 846
227 2226 222 838
232 2134 231 840
231 2101 231 844
222 2112 213 846
211 2184 210 848
209 2161 204 850
208 2053 204 854
204 2043 204 860
231 2167 231 838
217 2123 213 846
221 2246 221 842
217 2123 213 846
216 2170 210 848
241 2151 240 838
214 2149 204 850
224 2173 222 840
218 2120 213 846
222 2112 213 846
213 2064 213 850
204 2072 204 852
213 2141 213 846
227 2226 222 838
231 2218 231 836
250 2243 249 832
303 2627 303 820
295 2461 285 825
294 2535 294 822
286 2462 285 825
322 2719 312 819
222 2176 222 840
222 2191 221 842
227 2226 222 838
249 2249 249 832
312 2725 312 818
240 2231 240 834
222 2126 222 842
285 2467 285 824
218 2120 213 846
209 2161 204 850
222 2126 222 842
276 2367 276 826
213 2055 213 852
208 2061 204 852
250 2192 249 834
249 2198 249 834
204 2043 204 860
267 2320 267 828
232 2095 231 844
240 2231 240 834
295 2530 294 823
322 2855 321 817
297 2466 285 824
222 2176 222 840
226 2235 222 838
209 2161 204 850
226 2164 222 840
231 2167 231 838
224 2173 222 840
213 2073 213 848
250 2243 249 832
249 2249 249 832
213 2153 204 850
208 2061 204 852
213 2141 213 846
217 2132 213 844
231 2139 231 840
213 2055 213 852
213 2073 213 848
295 2530 294 823
213 2064 213 850
304 2529 294 823
313 2621 303 821
204 2072 204 852
322 2855 321 817
312 2725 312 818
285 2467 285 824
304 2622 303 821
250 2192 249 834
208 2036 204 860
210 2087 210 850
313 2621 303 821
313 2720 312 819
285 2467 285 824
258 2278 258 830
297 2466 285 824
249 2198 249 834
213 2073 213 848
204 2043 204 860
295 2461 285 825
249 2249 249 832
213 2064 213 850
241 2151 240 838
232 2134 231 840
213 2073 213 848
286 2462 285 825
303 2627 303 820
204 2072 204 852
267 2320 267 828
231 2218 222 838
303 2627 303 820
304 2622 303 821
227 2226 222 838
204 2043 204 860
258 2278 258 830
204 2063 204 854
241 2226 240 834
333 2859 321 816
217 2123 213 846
249 2249 249 832
204 2072 204 852
213 2064 213 850
259 2272 258 830
211 2184 210 848
218 2120 213 846
295 2530 294 823
249 2249 249 832
331 2854 321 817
222 2126 222 842
213 2055 213 852
321 2860 321 816
297 2466 285 824
268 2314 267 828
213 2073 213 848
241 2151 240 838
208 2036 204 860
208 2053 204 854
222 2112 213 846
213 2076 210 850
249 2198 249 834
322 2719 312 819
306 2534 294 822
315 2626 303 820
295 2530 294 823
331 2854 321 817
213 2073 213 848
333 2859 321 816
304 2622 303 821
258 2278 258 830
312 2725 312 818
276 2367 276 826
258 2278 258 830
250 2192 249 834
297 2466 285 824
295 2530 294 823
267 2320 267 828
231 2101 231 844
286 2462 285 825
204 2063 204 854
211 2184 210 848
304 2622 303 821
240 2180 240 836
315 2626 303 820
268 2314 267 828
276 2367 276 826
240 2231 240 834
286 2462 285 825
259 2272 258 830
231 2218 231 836
285 2467 285 824
240 2180 240 836
227 2180 221 842
222 2126 222 842
232 2134 231 840
213 2153 204 850
213 2141 213 846
224 2173 222 840
213 2073 213 848
286 2462 285 825
312 2725 312 818
333 2859 321 816
304 2622 303 821
258 2278 258 830
303 2627 303 820
297 2466 285 824
258 2278 258 830
224 2173 222 840
249 2249 249 832
222 2112 213 846
313 2621 303 821
232 2134 231 840
