104134 2220.45
205 2596 204 970
210 2787 204 949
204 2659 204 961
208 2665 204 958
210 2756 204 951
212 2682 204 957
213 2876 213 948
210 2638 204 967
220 2646 204 964
213 2744 204 953
204 2826 204 958
206 2752 204 955
208 2728 204 956
204 2625 204 974
205 2749 204 957
220 2923 213 947
208 2850 204 953
209 2885 204 951
208 2794 204 954
219 2949 213 947
217 2781 213 950
205 2740 204 958
204 2644 204 971
206 2734 204 959
207 2750 204 955
209 2872 204 952
204 2576 204 998
223 3047 222 945
225 2981 222 946
229 2979 222 946
250 3159 213 946
211 2776 204 952
206 2659 204 963
205 2615 204 984
211 2618 204 972
208 2702 204 958
206 2802 204 955
204 2630 204 979
204 2716 204 961
217 2734 204 956
204 2648 204 974
205 2791 204 959
204 2665 204 969
209 2631 204 973
217 2753 204 955
208 2766 204 955
211 2699 204 959
209 2697 204 961
204 2627 204 990
206 2744 204 959
212 2745 204 956
204 2708 204 963
208 2756 204 956
204 2699 204 967
208 2750 204 957
206 2735 204 960
205 2659 204 971
205 2714 204 961
209 2655 204 972
213 2799 213 951
232 2858 204 949
204 2607 204 1023
225 2941 204 949
328 4505 204 1048
292 3848 225 1037
254 3413 204 1007
250 3321 204 1003
272 3774 204 1062
267 3525 204 1035
240 3176 213 1008
251 3191 204 979
240 3084 213 991
244 3088 204 998
262 3501 204 1000
261 3308 216 997
249 3143 204 1031
271 3601 204 1005
250 3317 213 1026
267 3671 204 1020
274 3521 204 994
253 3335 204 1006
304 4035 204 1003
244 3128 204 1009
273 3613 216 1022
300 3952 213 1045
258 3470 204 997
249 3321 204 1056
265 3500 204 1024
241 3182 204 1013
299 3985 225 1050
334 4411 204 1030
218 2896 204 1017
261 3439 213 995
265 3406 204 1034
265 3343 216 1023
262 3328 204 997
292 3724 213 1006
278 3645 204 1014
256 3247 213 1003
268 3409 204 1014
290 3664 204 1050
295 3753 216 992
239 3148 204 1010
284 3748 204 1006
313 4071 204 1074
252 3295 216 1030
249 3331 204 1018
256 3424 204 978
215 2876 204 999
291 3792 213 1039
258 3395 204 1008
267 3455 204 1052
256 3299 204 992
266 3616 204 1024
285 3817 213 1010
316 4134 204 1019
290 3631 216 1031
247 3344 204 1026
225 2955 216 1001
275 3515 204 989
247 3322 216 1055
302 3987 204 1043
269 3569 213 982
245 3292 213 995
254 3263 216 1063
318 4102 204 1044
252 3319 204 1032
290 3726 204 1006
263 3640 204 1007
254 3434 204 1009
268 3395 204 1032
279 3897 213 1049
266 3587 225 1019
272 3627 204 1022
281 3897 204 985
272 3590 216 1001
325 4397 204 1060
268 3291 204 981
259 3504 213 972
259 3212 204 984
265 3665 216 1105
217 2853 204 998
288 3798 216 1000
265 3563 204 1028
266 3418 216 1017
256 3443 225 979
277 3770 204 1052
277 3503 213 992
248 3227 204 1059
267 3558 216 1017
257 3362 204 1006
293 4021 213 1003
254 3473 213 986
231 3087 204 1015
248 3359 204 1015
289 3899 204 1047
236 3188 204 1034
313 4226 204 1041
260 3385 204 997
254 3357 204 1021
269 3496 204 1016
254 3405 216 1003
268 3609 204 1049
258 3504 216 1015
247 3213 204 1013
242 3222 216 1053
249 3317 204 990
293 3816 216 1006
242 3212 213 1014
237 3290 204 1003
244 3267 213 1013
261 3460 204 1017
267 3496 204 1032
252 3301 204 1004
293 3814 213 1030
242 3194 204 1005
257 3526 204 1039
254 3229 204 1041
225 2939 204 994
267 3673 204 983
268 3614 204 1026
281 3855 204 1008
300 3992 204 1045
261 3458 216 982
274 3634 204 1015
244 3066 216 994
265 3351 204 1002
303 3914 216 1067
263 3322 204 1008
272 3705 204 988
295 3954 204 1020
290 3899 204 1054
244 3100 213 986
239 3302 204 996
256 3344 213 1050
330 4275 213 1034
267 3604 213 1046
237 3164 204 1045
307 4001 213 1039
256 3449 204 1023
313 4121 204 1033
221 2895 204 1018
290 3822 216 1043
246 3104 204 1010
230 3146 204 999
248 3282 213 1023
280 3651 213 1027
326 4392 216 1060
258 3396 204 995
250 3267 204 1016
279 3550 204 1009
260 3444 204 1016
266 3603 204 1021
265 3555 204 1013
287 3905 216 1024
288 3754 204 1097
266 3483 204 983
249 3191 213 1003
281 3730 204 1037
264 3549 216 1016
294 3896 216 1078
265 3515 213 976
299 3992 204 1028
257 3548 204 984
278 3714 213 1012
263 3434 204 1034
270 3664 213 999
224 2906 216 1022
253 3365 213 1037
269 3644 204 1063
241 3238 204 983
254 3512 216 994
279 3634 204 1008
292 3824 204 986
266 3567 204 983
257 3442 216 1014
246 3445 204 1040
257 3448 204 1054
281 3739 213 1025
282 3707 216 1046
302 4037 213 1018
268 3513 216 1049
253 3470 204 1035
243 3189 204 986
319 4210 204 1036
274 3596 216 1008
255 3403 204 1033
260 3383 216 1023
258 3491 225 1033
237 3213 204 1042
248 3218 204 1003
238 3169 216 1001
230 3177 213 1021
253 3305 225 1011
295 4053 213 1043
253 3404 204 1019
287 3711 216 1080
228 2983 204 1010
276 3716 213 1009
272 3764 204 1026
273 3648 204 1005
243 3177 213 990
254 3433 204 1029
279 3617 213 991
224 2930 204 998
293 3806 213 1029
291 3803 204 1088
269 3495 204 1021
303 3844 204 1058
227 2950 204 997
282 3731 216 1065
241 3192 204 1005
259 3423 204 1032
289 3941 213 1035
267 3555 204 1020
284 3823 204 1033
270 3426 204 1014
252 3215 204 988
242 3064 216 985
295 3912 213 1011
260 3288 204 1008
252 3399 204 1014
241 3077 204 1017
301 4053 216 1000
305 4030 204 1064
224 2932 204 983
251 3377 204 1016
236 3118 204 1007
292 3650 216 998
285 3763 204 1015
258 3384 213 1024
260 3401 213 1000
273 3507 204 1038
273 3693 213 1086
274 3774 213 982
273 3536 204 980
279 3576 216 1022
276 3695 204 1034
265 3555 213 1008
268 3445 216 1032
