89585 2160.42
266 3267 225 927
326 4160 264 1155
304 3189 261 861
360 4640 274 1289
391 4734 237 1081
251 2925 249 867
285 3640 234 922
249 3025 243 894
233 2713 225 881
316 3827 234 1000
276 3533 252 958
285 3754 231 897
268 3395 222 983
333 4347 222 946
292 3303 243 962
421 5586 307 1482
305 3454 225 959
283 3410 225 929
282 3575 250 971
354 4431 248 1212
364 4498 249 1224
262 3269 225 942
314 3747 261 1098
379 4730 261 1137
243 3168 204 918
319 3994 255 1067
284 3530 249 930
259 3085 243 889
288 3488 231 876
308 3607 243 961
293 3546 252 939
339 4507 255 1241
367 5023 254 1399
329 4264 204 1156
250 3229 237 1030
322 3891 234 1032
254 2923 240 895
305 3485 291 1006
280 3431 264 924
293 3505 243 1007
297 3745 231 1062
267 3295 252 977
302 3924 267 1071
266 3484 213 925
340 4152 234 1056
389 4767 285 1163
328 4189 273 1119
333 4063 285 1134
396 5228 240 1300
254 3022 204 891
300 3866 237 999
267 3133 213 946
268 3316 225 956
357 4609 262 1358
296 3689 225 997
327 4033 252 1066
300 3630 243 1007
330 4182 231 968
264 3364 231 958
263 3057 252 911
279 3189 261 861
315 3951 223 1107
288 3655 272 1213
361 4535 216 1083
351 4573 228 1242
298 3564 231 948
297 3678 249 1077
309 3879 213 1065
311 4037 282 1024
308 3903 231 920
319 4160 240 1135
357 4802 295 1259
253 3115 220 940
319 3868 240 1104
318 3674 240 1020
286 3049 225 881
281 3603 234 985
271 3312 252 962
288 3361 234 953
266 3490 225 1067
332 4362 267 1025
288 3236 282 953
351 4445 258 1231
272 3192 255 998
304 3945 216 913
303 3841 258 1047
273 3109 249 927
338 4021 240 1098
262 3212 222 908
313 4119 234 1156
361 4892 253 1245
285 3417 213 939
313 3932 225 893
360 4727 216 1210
264 3252 216 1001
321 4145 225 1082
307 3645 246 985
417 5218 320 1222
285 3327 231 913
335 4436 285 1218
314 3496 282 935
330 4045 258 1087
291 3576 210 885
258 3379 231 943
336 4127 243 982
333 3907 255 1117
419 5350 339 1499
360 4309 256 1202
312 3899 246 1206
280 3474 255 1104
482 6319 297 1274
304 3545 243 998
233 2939 222 926
367 4612 249 1155
241 3010 216 1028
281 3281 246 994
326 3996 228 975
289 3395 273 918
263 3318 231 871
352 4545 234 1103
272 3267 249 866
294 3706 279 1122
280 3306 252 914
261 2950 252 922
272 3269 213 986
359 4623 234 1075
281 3658 213 981
262 3277 255 969
346 4289 258 1075
312 3973 243 1105
303 3760 267 942
287 3558 216 1012
324 4191 253 1123
287 3339 213 987
323 4167 246 1111
339 4456 252 1212
306 3615 252 1025
311 4032 258 1119
339 4041 216 1104
304 3737 285 929
279 3750 279 981
276 3137 213 1095
331 4038 234 1047
308 3841 234 1035
228 2826 222 886
389 5043 282 1497
358 4441 258 1139
315 3740 249 1010
319 4070 216 995
327 4224 279 1111
355 4216 252 1085
290 3445 261 876
415 5370 313 1406
336 4158 318 1089
439 5651 267 1341
302 3562 222 951
413 5289 306 1287
312 3982 240 1068
302 3602 252 988
322 3693 291 962
257 3085 204 965
278 3257 240 943
333 4305 259 1103
277 3086 264 982
347 4359 225 1187
341 4011 270 1106
350 4541 264 1169
281 3611 261 1012
436 5836 249 1362
268 3224 222 982
306 3900 246 964
281 3491 225 944
389 4915 252 1260
272 3168 204 926
248 3065 213 901
276 3558 216 945
294 3564 234 906
294 3842 213 918
305 3613 252 1005
326 4075 276 942
319 4102 297 1156
310 3492 204 962
312 3699 216 1034
257 2974 216 949
278 3308 249 986
301 3734 261 967
210 2513 204 907
311 3745 249 1055
302 3837 282 1029
383 4811 246 1114
374 4883 237 1212
280 3100 261 921
291 3485 222 940
305 3666 261 1119
350 4014 243 1014
306 3982 243 983
304 3611 252 1028
248 3223 216 984
266 3342 243 950
337 4094 264 1151
352 4459 259 1266
308 3940 253 1114
381 4950 265 1336
404 5389 276 1241
376 4818 262 1255
248 3017 234 919
267 3244 231 925
269 2925 267 875
287 3575 234 890
268 3166 231 930
297 3852 225 978
314 3917 261 1028
272 3064 249 904
355 4477 252 1164
294 3708 249 1004
409 5415 252 1407
352 4852 255 1270
393 5109 314 1391
264 3216 231 946
259 3150 225 880
316 3990 252 1094
291 3597 216 972
261 3452 213 921
311 3652 252 974
278 3381 252 990
286 3437 270 937
293 3743 234 951
238 2963 213 912
313 3860 249 916
279 3307 222 956
254 3123 240 925
266 3268 234 1028
302 3841 222 1014
305 3908 249 1105
288 3370 216 1015
296 3546 279 969
336 4292 273 1110
316 4087 268 1212
323 4111 291 1211
307 3735 222 890
333 3816 258 1027
283 3158 222 1080
392 4918 255 1382
287 3262 273 951
342 4295 234 1092
288 3349 216 940
262 3080 231 890
262 3327 216 943
444 5748 317 1348
256 3234 252 915
270 3105 222 924
377 5056 270 1319
256 2981 243 956
400 5306 267 1381
361 4422 237 1320
274 3139 243 865
240 2830 216 879
365 4801 252 1164
404 5105 275 1488
276 3040 237 973
393 4760 269 1214
363 4823 266 1470
301 3659 240 920
297 3555 255 1038
270 3317 213 930
270 3195 270 868
271 3388 264 950
297 3573 243 945
305 3839 252 963
313 3575 234 1041
309 3673 234 1063
358 4718 288 1088
321 3979 264 1159
272 3444 243 917
319 3858 282 1165
321 4307 237 1352
262 2985 213 877
274 3484 210 991
318 4062 240 1070
382 4856 285 1176
333 4167 297 916
316 3843 246 1082
259 3018 222 906
342 4299 252 1227
315 3923 291 997
270 3396 261 880
273 3034 258 894
322 3803 274 1029
297 3817 234 1186
398 5299 255 1273
274 3332 204 893
357 4405 255 931
286 3668 243 995
277 3162 216 880
396 5081 273 1295
344 4314 285 1035
358 4488 279 1090
285 3014 222 912
297 3586 279 872
337 4408 240 1112
