12451 300.063
313 2672 303 836
208 2064 204 880
313 2672 303 836
204 2068 204 880
204 2069 204 875
204 2090 204 866
303 2679 303 836
295 2496 285 840
304 2575 294 838
249 2278 249 848
294 2582 294 838
286 2418 276 842
268 2313 258 846
249 2225 249 850
258 2320 258 846
285 2503 285 840
267 2363 267 844
208 2064 204 880
276 2425 276 842
204 2069 204 875
226 2236 222 854
249 2225 249 850
240 2259 240 850
208 2066 204 873
277 2356 267 844
222 2169 222 856
286 2497 285 840
232 2181 231 854
268 2357 267 844
276 2425 276 842
214 2123 213 860
259 2314 258 846
277 2419 276 842
294 2582 294 838
241 2111 231 858
295 2576 294 838
268 2357 267 844
240 2259 240 850
250 2158 240 854
267 2363 267 844
218 2169 213 858
204 2080 204 871
222 2102 222 860
285 2503 285 840
294 2582 294 838
268 2357 267 844
277 2419 276 842
208 2071 204 868
241 2138 240 856
303 2679 303 836
259 2218 249 850
276 2425 276 842
250 2272 249 848
212 2211 210 860
233 2178 231 854
231 2146 231 856
232 2112 231 858
213 2243 213 856
259 2314 258 846
209 2089 204 864
250 2191 240 852
233 2178 231 854
204 2090 204 866
231 2241 231 852
232 2140 231 856
204 2080 204 871
208 2066 204 873
204 2083 204 868
204 2069 204 875
259 2314 258 846
213 2081 213 864
213 2089 213 862
304 2575 294 838
295 2496 285 840
226 2236 222 854
250 2272 249 848
210 2205 204 862
277 2419 276 842
233 2178 231 854
277 2419 276 842
208 2078 204 866
214 2123 213 860
313 2672 303 836
217 2177 213 858
212 2211 210 860
214 2123 213 860
214 2123 213 860
206 2087 204 866
224 2098 222 860
259 2218 249 850
211 2265 210 860
210 2205 204 862
250 2158 240 854
240 2165 240 854
232 2140 231 856
241 2253 240 850
206 2087 204 866
208 2078 204 866
226 2236 222 854
214 2123 213 860
224 2098 222 860
241 2253 240 850
211 2265 210 860
223 2101 222 860
241 2111 231 858
204 2103 204 864
212 2130 210 862
240 2198 240 852
250 2272 249 848
223 2101 222 860
231 2118 231 858
210 2205 204 862
241 2159 240 854
241 2192 240 852
250 2272 249 848
231 2182 231 854
250 2219 249 850
267 2363 267 844
295 2576 294 838
276 2425 276 842
231 2146 231 856
258 2320 258 846
249 2278 249 848
240 2259 240 850
240 2198 240 852
213 2188 213 858
286 2497 285 840
304 2678 303 836
213 2081 213 864
222 2102 222 860
258 2320 258 846
268 2357 267 844
218 2169 213 858
277 2356 267 844
304 2575 294 838
233 2178 231 854
213 2127 213 860
212 2211 210 860
250 2191 240 852
231 2182 231 854
209 2089 204 864
217 2237 213 856
294 2582 294 838
267 2363 267 844
276 2425 276 842
295 2576 294 838
210 2205 204 862
208 2093 204 864
208 2078 204 866
231 2118 231 858
204 2073 204 873
250 2137 240 856
222 2132 222 858
208 2261 204 862
204 2083 204 868
240 2165 240 854
213 2127 213 860
222 2240 222 854
217 2237 213 856
213 2188 213 858
232 2181 231 854
208 2093 204 864
213 2081 213 864
204 2073 204 873
204 2068 204 880
208 2261 204 862
206 2087 204 866
213 2089 213 862
208 2071 204 868
213 2127 213 860
208 2078 204 866
240 2259 240 850
213 2243 213 856
223 2129 222 858
222 2132 222 858
295 2576 294 838
268 2357 267 844
222 2102 222 860
250 2158 240 854
277 2419 276 842
304 2678 303 836
250 2191 240 852
223 2129 222 858
212 2130 210 862
241 2111 231 858
259 2218 249 850
232 2112 231 858
217 2237 213 856
222 2240 222 854
268 2313 258 846
286 2497 285 840
241 2192 240 852
277 2356 267 844
250 2219 249 850
217 2177 213 858
241 2159 240 854
286 2418 276 842
241 2138 240 856
231 2241 231 852
204 2103 204 864
250 2137 240 856
204 2090 204 866
231 2182 231 854
259 2314 258 846
213 2127 213 860
222 2132 222 858
268 2313 258 846
277 2419 276 842
268 2313 258 846
295 2496 285 840
250 2272 249 848
250 2191 240 852
295 2576 294 838
259 2218 249 850
218 2169 213 858
303 2679 303 836
286 2418 276 842
259 2218 249 850
259 2314 258 846
268 2357 267 844
268 2357 267 844
295 2576 294 838
208 2078 204 866
267 2363 267 844
268 2313 258 846
217 2237 213 856
276 2425 276 842
204 2080 204 871
294 2582 294 838
295 2496 285 840
295 2576 294 838
222 2132 222 858
267 2363 267 844
304 2575 294 838
276 2425 276 842
204 2090 204 866
259 2218 249 850
231 2241 231 852
240 2198 240 852
232 2140 231 856
277 2419 276 842
204 2073 204 873
268 2313 258 846
223 2129 222 858
267 2363 267 844
222 2102 222 860
213 2127 213 860
232 2181 231 854
249 2225 249 850
294 2582 294 838
295 2576 294 838
223 2129 222 858
240 2259 240 850
208 2071 204 868
268 2357 267 844
226 2236 222 854
276 2425 276 842
222 2240 222 854
295 2576 294 838
240 2198 240 852
250 2219 249 850
295 2496 285 840
295 2576 294 838
213 2081 213 864
249 2225 249 850
217 2237 213 856
223 2101 222 860
240 2198 240 852
231 2146 231 856
267 2363 267 844
250 2272 249 848
277 2356 267 844
258 2320 258 846
232 2112 231 858
277 2419 276 842
285 2503 285 840
250 2219 249 850
218 2169 213 858
258 2320 258 846
258 2320 258 846
285 2503 285 840
295 2576 294 838
303 2679 303 836
218 2169 213 858
276 2425 276 842
276 2425 276 842
295 2496 285 840
295 2576 294 838
213 2188 213 858
222 2169 222 856
285 2503 285 840
286 2418 276 842
241 2159 240 854
250 2219 249 850
231 2146 231 856
233 2178 231 854
222 2132 222 858
233 2178 231 854
295 2576 294 838
204 2080 204 871
