28 0.127328
418 5797 233 1445
369 4541 278 1358
356 4381 270 1496
366 4606 310 1430
360 4687 252 1558
330 4533 298 1460
353 4740 255 1471
399 5316 243 1407
356 4381 270 1496
360 4687 252 1558
330 4533 298 1460
378 4730 266 1462
399 5316 243 1407
399 5316 243 1407
369 4790 262 1372
399 5316 243 1407
361 4714 287 1431
399 5316 243 1407
371 4966 243 1487
369 4790 262 1372
359 4794 286 1459
366 4606 310 1430
330 4533 298 1460
399 5316 243 1407
360 4687 252 1558
353 4740 255 1471
356 4381 270 1496
371 4966 243 1487
399 5316 243 1407
359 4794 286 1459
361 4671 296 1412
360 4513 292 1446
366 4606 310 1430
361 4671 296 1412
356 4381 270 1496
378 4793 257 1467
371 4966 243 1487
378 4730 266 1462
371 4966 243 1487
360 4513 292 1446
371 4966 243 1487
359 4794 286 1459
360 4513 292 1446
378 4730 266 1462
366 4606 310 1430
360 4687 252 1558
360 4513 292 1446
378 4730 266 1462
378 4793 257 1467
366 4606 310 1430
366 4606 310 1430
399 5316 243 1407
330 4533 298 1460
366 4606 310 1430
356 4381 270 1496
399 5316 243 1407
330 4533 298 1460
378 4730 266 1462
366 4606 310 1430
399 5316 243 1407
371 4966 243 1487
366 4606 310 1430
360 4513 292 1446
359 4794 286 1459
378 4730 266 1462
378 4730 266 1462
378 4730 266 1462
330 4533 298 1460
366 4606 310 1430
360 4687 252 1558
369 4790 262 1372
366 4606 310 1430
369 4790 262 1372
359 4794 286 1459
361 4671 296 1412
399 5316 243 1407
366 4606 310 1430
399 5316 243 1407
399 5316 243 1407
366 4606 310 1430
371 4966 243 1487
360 4513 292 1446
378 4730 266 1462
360 4513 292 1446
356 4381 270 1496
399 5316 243 1407
399 5316 243 1407
359 4794 286 1459
399 5316 243 1407
353 4740 255 1471
369 4541 278 1358
399 5316 243 1407
353 4740 255 1471
399 5316 243 1407
360 4513 292 1446
378 4793 257 1467
371 4966 243 1487
359 4794 286 1459
360 4687 252 1558
366 4606 310 1430
366 4606 310 1430
371 4966 243 1487
366 4606 310 1430
371 4966 243 1487
360 4687 252 1558
360 4513 292 1446
360 4513 292 1446
378 4730 266 1462
360 4513 292 1446
366 4606 310 1430
378 4730 266 1462
371 4966 243 1487
360 4513 292 1446
330 4533 298 1460
361 4671 296 1412
366 4606 310 1430
378 4730 266 1462
371 4966 243 1487
399 5316 243 1407
399 5316 243 1407
356 4381 270 1496
366 4606 310 1430
330 4533 298 1460
399 5316 243 1407
371 4966 243 1487
366 4606 310 1430
399 5316 243 1407
371 4966 243 1487
359 4794 286 1459
366 4606 310 1430
361 4671 296 1412
399 5316 243 1407
399 5316 243 1407
371 4966 243 1487
356 4381 270 1496
360 4513 292 1446
378 4730 266 1462
360 4513 292 1446
356 4381 270 1496
360 4513 292 1446
378 4793 257 1467
366 4606 310 1430
366 4606 310 1430
366 4606 310 1430
399 5316 243 1407
366 4606 310 1430
366 4606 310 1430
366 4606 310 1430
360 4513 292 1446
378 4730 266 1462
366 4606 310 1430
360 4687 252 1558
359 4794 286 1459
360 4687 252 1558
399 5316 243 1407
330 4533 298 1460
356 4381 270 1496
378 4730 266 1462
359 4794 286 1459
360 4513 292 1446
371 4966 243 1487
378 4730 266 1462
378 4730 266 1462
366 4606 310 1430
330 4533 298 1460
399 5316 243 1407
366 4606 310 1430
378 4793 257 1467
378 4730 266 1462
360 4513 292 1446
360 4687 252 1558
330 4533 298 1460
366 4606 310 1430
369 4790 262 1372
366 4606 310 1430
369 4790 262 1372
359 4794 286 1459
399 5316 243 1407
399 5316 243 1407
399 5316 243 1407
366 4606 310 1430
360 4513 292 1446
378 4730 266 1462
360 4513 292 1446
353 4740 255 1471
369 4541 278 1358
356 4381 270 1496
360 4687 252 1558
330 4533 298 1460
353 4740 255 1471
356 4381 270 1496
330 4533 298 1460
378 4730 266 1462
399 5316 243 1407
361 4714 287 1431
399 5316 243 1407
369 4790 262 1372
366 4606 310 1430
330 4533 298 1460
356 4381 270 1496
356 4381 270 1496
371 4966 243 1487
399 5316 243 1407
361 4671 296 1412
360 4513 292 1446
361 4671 296 1412
356 4381 270 1496
378 4793 257 1467
371 4966 243 1487
378 4730 266 1462
371 4966 243 1487
360 4513 292 1446
371 4966 243 1487
359 4794 286 1459
366 4606 310 1430
360 4513 292 1446
399 5316 243 1407
356 4381 270 1496
366 4606 310 1430
399 5316 243 1407
371 4966 243 1487
366 4606 310 1430
359 4794 286 1459
361 4671 296 1412
399 5316 243 1407
399 5316 243 1407
371 4966 243 1487
356 4381 270 1496
378 4730 266 1462
399 5316 243 1407
356 4381 270 1496
378 4793 257 1467
366 4606 310 1430
366 4606 310 1430
366 4606 310 1430
366 4606 310 1430
366 4606 310 1430
366 4606 310 1430
360 4513 292 1446
378 4730 266 1462
366 4606 310 1430
360 4687 252 1558
359 4794 286 1459
360 4687 252 1558
399 5316 243 1407
366 4606 310 1430
399 5316 243 1407
399 5316 243 1407
359 4794 286 1459
399 5316 243 1407
353 4740 255 1471
399 5316 243 1407
353 4740 255 1471
399 5316 243 1407
378 4793 257 1467
371 4966 243 1487
359 4794 286 1459
360 4687 252 1558
366 4606 310 1430
356 4381 270 1496
366 4606 310 1430
371 4966 243 1487
360 4687 252 1558
360 4513 292 1446
360 4513 292 1446
366 4606 310 1430
378 4730 266 1462
371 4966 243 1487
330 4533 298 1460
361 4671 296 1412
378 4730 266 1462
363 4826 262 1428
330 4533 298 1460
330 4533 298 1460
366 4606 310 1430
399 5316 243 1407
371 4966 243 1487
360 4513 292 1446
356 4381 270 1496
366 4606 310 1430
399 5316 243 1407
359 4794 286 1459
378 4730 266 1462
360 4513 292 1446
399 5316 243 1407
378 4730 266 1462
366 4606 310 1430
378 4730 266 1462
366 4606 310 1430
371 4966 243 1487
399 5316 243 1407
353 4740 255 1471
399 5316 243 1407
378 4730 266 1462
360 4513 292 1446
366 4606 310 1430
371 4966 243 1487
330 4533 298 1460
366 4606 310 1430
399 5316 243 1407
