3064 68.5904
346 4672 245 1090
300 3915 243 1209
285 3769 225 1022
367 4857 276 1190
424 5269 272 1388
333 4434 234 991
300 3949 252 1116
374 5195 289 1260
363 4518 246 1164
307 4117 264 1042
365 4807 246 1057
363 4875 252 1267
338 4205 263 1226
382 4908 255 1154
317 4027 265 1153
497 6859 364 1584
326 4480 234 1085
348 4612 256 1392
346 4660 286 1117
391 5021 258 1243
404 5505 251 1214
397 5015 263 1382
365 4733 274 1108
365 4591 280 1170
386 5318 249 1140
369 4894 282 1392
378 4783 264 1145
364 4665 276 1288
338 4101 232 1047
390 5271 266 1398
402 5215 253 1450
403 5188 243 1330
392 5373 302 1322
379 5119 255 1161
357 4350 249 1128
345 4416 258 1315
350 4709 228 1432
397 5148 304 1337
308 3881 204 1060
381 4612 318 1150
375 4831 319 1405
285 3759 273 1056
364 4953 261 1131
428 5376 232 1410
371 5146 302 1276
406 5040 257 1378
321 4224 255 1129
336 4401 264 1096
322 4350 255 1276
434 5860 287 1347
361 4709 252 1095
296 3867 246 1163
335 4504 279 1143
354 4582 237 1326
297 3939 255 1057
424 5634 285 1355
315 3988 234 1153
337 4422 205 1082
400 5049 283 1293
313 4264 270 1230
269 3333 237 989
341 4511 246 1174
316 4094 264 1064
322 4287 222 1088
326 4352 264 1148
355 4601 255 1174
410 5487 327 1299
312 4163 255 1056
342 4663 253 1230
421 5782 239 1333
332 4347 287 1048
350 4609 264 1121
285 4007 213 1045
250 3407 225 976
299 3911 255 1204
373 5015 258 1221
415 5507 330 1572
417 5434 301 1375
416 5534 317 1383
366 4957 273 1152
342 4687 235 1420
342 4457 279 1143
382 4928 282 1128
399 5317 249 1258
286 3960 237 1128
375 4773 297 1179
325 4197 255 1296
369 4682 284 1332
396 5443 265 1158
342 4779 255 1179
312 4088 256 1184
401 4687 255 1310
320 4269 265 1142
374 5210 246 1369
316 4220 255 1098
342 4476 288 1210
336 4504 260 1185
298 4040 252 1127
326 4453 282 1143
349 4748 285 1211
328 4380 276 1183
408 5198 258 1410
382 5270 274 1213
354 4662 213 1165
393 5059 244 1339
335 4160 257 1242
384 5153 330 1345
349 4811 231 1269
383 5241 263 1271
365 4708 258 1138
326 4267 292 1231
346 4839 252 1188
322 4192 249 1182
343 4331 237 1246
319 4261 234 1211
389 5191 253 1339
353 4356 243 1256
378 4913 288 1078
338 4392 297 1284
442 5792 216 1415
349 4374 261 1159
327 4611 240 1198
380 4598 225 1103
461 5785 286 1363
402 5335 269 1220
429 5574 288 1249
356 4595 267 1225
303 3838 255 1112
414 5374 281 1387
398 4928 237 1293
333 4291 234 1228
374 4639 240 1105
423 5385 300 1306
358 4851 260 1289
329 4304 309 1144
339 4566 252 1340
355 4817 246 1146
342 4670 249 1094
358 4655 267 1159
425 4963 291 1379
402 5196 275 1173
282 3948 267 1043
339 4596 259 1207
415 5729 246 1345
344 4423 272 1297
426 5842 267 1181
334 4317 261 1224
346 4674 270 1123
408 5320 258 1373
417 5172 314 1294
505 6409 385 1434
455 6211 273 1208
411 5140 263 1359
367 4941 268 1398
309 4020 226 1017
394 5154 228 1310
337 4397 215 1308
413 5583 271 1499
354 4577 216 1106
391 4940 246 1070
359 4818 277 1249
385 5198 291 1164
326 4409 264 1001
440 6161 330 1554
355 4824 252 1078
400 5276 261 1306
282 3975 226 1084
325 4288 262 1282
342 4846 265 1258
369 4957 321 1417
367 4762 273 1147
284 3776 255 1146
405 5219 281 1386
383 5189 267 1184
355 4878 255 1221
309 3822 246 1052
333 4369 267 1155
408 5377 237 1330
383 4970 286 1244
349 4796 294 1240
360 4896 248 1496
358 4410 234 1124
323 4227 225 1141
293 3827 265 1096
424 5496 284 1453
312 4146 222 1138
367 4918 255 1246
423 5488 314 1504
405 5549 288 1232
382 4907 255 1105
406 5445 282 1464
454 6285 270 1326
297 3931 273 1151
333 4279 255 1194
378 5270 282 1349
469 6171 310 1351
391 4799 243 1351
329 4217 282 1172
297 3762 216 1168
313 3826 258 1100
444 6121 297 1250
406 4844 256 1233
395 5020 246 1196
357 4859 229 1275
313 4299 252 1056
275 3685 222 1124
323 4148 276 1113
353 4675 291 1137
383 4776 277 1422
334 4788 248 1280
327 4257 252 1129
268 3446 243 1021
368 4687 277 1340
323 4398 279 1177
397 5118 292 1310
370 4585 258 1122
344 4525 256 1225
396 5026 297 1370
336 4251 222 1115
366 4718 292 1149
394 5345 291 1110
399 5010 259 1306
357 4882 249 1083
343 4734 228 1205
331 4584 225 1072
327 4295 267 1197
416 5652 287 1279
339 4431 255 1195
398 5154 246 1243
412 5376 264 1435
327 4193 242 1214
374 5278 286 1133
360 4573 270 1178
435 5703 289 1317
403 5316 262 1267
398 5020 234 1261
307 4287 234 1191
375 4828 276 1113
298 3924 246 1054
322 3811 264 1174
337 4339 251 1299
365 4892 230 1203
364 4565 216 1261
334 4251 296 1160
342 4559 244 1412
272 3527 231 951
363 4901 240 1138
372 4563 270 1229
309 4174 292 1097
332 4352 279 1244
385 5132 258 1275
328 4608 261 1187
376 5039 280 1334
325 4284 261 1028
366 4795 279 1199
361 4739 335 1309
433 5538 269 1330
427 5578 273 1164
291 3643 249 958
326 4359 255 1067
386 5265 277 1358
339 4576 309 1129
358 4866 265 1262
319 4403 211 1264
401 5192 258 1120
413 5619 314 1379
431 5311 314 1209
443 5616 267 1401
322 4389 244 1182
425 5437 267 1231
386 4988 261 1382
343 4648 222 1153
367 4957 276 1146
417 5474 270 1282
335 4247 264 1090
364 4666 258 1212
410 5613 241 1354
348 4753 247 1312
422 5450 266 1402
364 4642 279 1293
395 5358 283 1467
372 4942 285 1180
504 6816 321 1439
386 5395 286 1466
321 4184 279 1160
372 4672 251 1356
290 3899 249 1040
368 4796 276 1278
436 5301 285 1373
403 5452 284 1287
540 6540 485 1655
310 4215 259 1182
409 5647 318 1156
388 5241 301 1282
339 4616 234 1203
398 5044 274 1332
445 6256 283 1494
299 3973 252 1152
308 4099 249 1164
311 4182 234 1088
