20985 330.093
296 2727 294 825
294 2738 294 825
208 2033 204 859
204 2035 204 859
285 2605 285 827
276 2485 276 829
278 2480 276 829
287 2598 285 827
269 2378 267 831
267 2383 267 831
260 2328 258 833
233 2117 231 847
258 2270 258 835
249 2238 249 837
240 2168 240 843
287 2598 285 827
251 2302 249 835
242 2210 240 839
267 2383 267 831
222 2111 213 851
231 2100 231 849
228 2207 222 843
210 2124 204 855
209 2139 204 855
222 2218 221 847
213 2177 213 849
269 2378 267 831
258 2333 258 833
211 2115 210 855
213 2042 213 857
212 2185 210 853
231 2282 231 839
204 2080 204 857
260 2265 258 835
258 2333 258 833
251 2233 249 837
242 2163 240 843
231 2201 231 841
231 2147 231 845
222 2069 222 853
249 2306 249 835
240 2286 240 837
222 2148 222 847
229 2196 221 847
242 2183 240 841
233 2098 231 849
213 2119 213 851
251 2209 249 839
222 2217 222 843
222 2169 222 845
217 2105 210 855
260 2265 258 835
222 2069 222 853
213 2042 213 857
249 2306 249 835
205 2069 204 857
218 2156 213 849
233 2098 231 849
218 2143 210 853
249 2238 249 837
227 2211 222 843
240 2286 240 837
224 2215 221 847
222 2218 221 847
260 2328 258 833
231 2282 231 839
222 2080 222 851
251 2209 249 839
215 2148 210 853
251 2302 249 835
214 2170 213 849
214 2152 210 853
210 2063 204 857
251 2233 249 837
242 2163 240 843
213 2055 213 855
258 2270 258 835
223 2104 222 849
218 2143 210 853
209 2139 204 855
217 2112 213 851
216 2109 210 855
241 2213 240 839
228 2208 221 847
216 2109 210 855
212 2111 210 855
211 2115 210 855
241 2213 240 839
227 2212 221 847
223 2216 221 847
217 2105 210 855
240 2188 240 841
213 2055 213 855
224 2215 221 847
204 2080 204 857
204 2035 204 859
242 2183 240 841
231 2201 231 841
213 2157 210 853
213 2074 213 853
210 2063 204 857
213 2074 213 853
240 2188 240 841
231 2121 231 847
222 2106 222 849
231 2121 231 847
223 2215 222 843
213 2119 213 851
242 2210 240 839
240 2215 240 839
240 2168 240 843
231 2169 231 843
227 2212 221 847
227 2211 222 843
223 2216 221 847
223 2104 222 849
222 2217 222 843
222 2106 222 849
217 2112 213 851
213 2157 210 853
269 2378 267 831
269 2378 267 831
269 2378 267 831
269 2378 267 831
269 2378 267 831
269 2378 267 831
269 2378 267 831
269 2378 267 831
269 2378 267 831
269 2378 267 831
269 2378 267 831
269 2378 267 831
269 2378 267 831
269 2378 267 831
269 2378 267 831
269 2378 267 831
269 2378 267 831
269 2378 267 831
269 2378 267 831
269 2378 267 831
267 2383 267 831
267 2383 267 831
267 2383 267 831
260 2328 258 833
260 2328 258 833
260 2328 258 833
260 2328 258 833
260 2328 258 833
260 2328 258 833
260 2328 258 833
260 2328 258 833
223 2216 221 847
278 2489 276 829
245 2567 210 853
209 2097 204 857
267 2400 267 831
258 2303 258 835
269 2391 267 831
260 2343 258 833
237 2356 231 839
249 2249 249 837
249 2349 249 835
222 2163 222 847
229 2166 213 853
240 2196 240 843
231 2226 231 843
233 2146 231 847
231 2289 231 841
225 2199 213 849
240 2342 240 837
224 2223 221 847
226 2185 213 851
233 2211 231 841
222 2196 222 845
223 2192 213 851
240 2342 240 837
231 2232 222 843
240 2235 240 839
283 2613 276 829
232 2178 222 851
228 2217 213 853
224 2222 213 851
222 2203 222 847
269 2396 267 831
258 2411 240 837
260 2369 258 833
256 2236 249 841
234 2274 231 843
229 2274 221 847
240 2206 240 843
258 2330 258 835
233 2250 213 849
251 2353 249 835
237 2282 222 843
249 2244 249 839
243 2278 231 841
260 2303 258 835
225 2185 222 849
249 2293 249 837
227 2201 222 845
240 2259 240 841
251 2240 249 839
222 2220 222 845
240 2298 240 839
245 2249 240 841
238 2248 231 843
230 2275 213 849
228 2197 222 847
242 2280 240 839
241 2281 240 839
269 2399 267 831
260 2430 258 833
235 2196 231 849
226 2278 221 853
222 2203 222 861
240 2239 240 843
258 2349 258 835
234 2283 231 843
235 2203 222 845
251 2361 249 835
249 2259 249 839
240 2328 240 839
247 2296 240 839
246 2279 240 841
259 2353 249 835
251 2298 249 837
227 2247 222 847
231 2215 222 845
229 2261 222 845
260 2331 258 835
251 2242 249 839
285 2479 267 831
270 2607 258 833
269 2499 267 831
244 2313 221 853
235 2205 231 847
229 2341 222 849
272 2563 258 833
260 2377 249 835
231 2223 231 852
240 2254 240 843
258 2351 258 835
251 2411 249 837
238 2257 222 845
249 2308 249 839
251 2260 249 839
250 2326 231 843
249 2322 240 839
241 2364 231 844
248 2336 240 839
231 2248 231 847
237 2234 222 849
255 2383 249 837
256 2327 249 837
237 2225 231 845
289 2572 267 831
276 2620 276 831
248 2283 222 847
245 2293 222 845
243 2228 231 847
239 2247 231 845
274 2445 249 835
240 2287 240 843
261 2459 249 835
258 2363 258 835
249 2313 249 839
256 2364 249 837
251 2274 249 839
250 2395 240 839
260 2354 258 835
278 2669 276 831
250 2418 222 853
239 2259 231 849
261 2398 240 839
258 2368 258 835
249 2263 231 845
260 2363 258 835
249 2326 249 839
251 2305 249 839
241 2313 231 845
242 2281 231 845
260 2363 258 835
260 2368 258 835
258 2412 258 835
244 2291 231 849
241 2326 231 845
251 2306 249 839
249 2374 249 839
258 2388 258 837
260 2365 258 837
263 2381 249 839
261 2390 258 835
258 2506 258 837
256 2350 249 849
250 2389 240 845
260 2376 258 842
263 2466 249 839
258 2521 258 837
254 2422 243 854
282 2649 267 851
