39832 1440.35
204 1967 204 903
294 2582 294 826
204 2014 204 862
212 2065 204 854
285 2507 285 828
294 2582 294 826
286 2505 285 828
267 2399 267 832
258 2357 258 834
240 2161 240 842
267 2399 267 832
204 1984 204 876
204 1975 204 889
249 2239 249 838
231 2274 231 840
224 2183 222 844
258 2357 258 834
249 2322 249 836
240 2299 240 838
213 1993 213 874
222 2201 222 844
204 1975 204 889
204 1970 204 897
231 2274 231 840
240 2299 240 838
231 2274 231 840
267 2399 267 832
276 2453 276 830
277 2451 276 830
249 2239 249 838
277 2451 276 830
258 2357 258 834
249 2322 249 836
276 2453 276 830
216 2217 210 850
277 2451 276 830
277 2451 276 830
204 1970 204 897
204 1995 204 868
204 1967 204 903
213 1993 213 874
258 2357 258 834
213 2004 213 866
204 2022 204 860
210 2324 204 850
206 2115 204 852
204 2014 204 862
224 2131 222 846
217 2307 213 844
222 2054 222 856
218 2226 213 846
222 2093 222 848
222 2054 222 856
204 2014 204 862
227 2260 222 842
213 2004 213 866
219 2091 204 852
240 2209 240 840
231 2190 231 842
228 2193 213 846
213 2031 213 858
222 2054 222 856
216 2217 210 850
212 2279 210 848
222 2143 222 846
249 2322 249 836
226 2272 204 850
218 2281 204 850
211 2285 210 848
222 2298 222 842
214 2317 204 850
231 2190 231 842
224 2183 222 844
240 2161 240 842
217 2240 213 846
213 2144 213 848
213 2257 213 846
218 2281 204 850
217 2273 210 848
212 2065 204 854
213 2031 213 858
213 2031 213 858
277 2451 276 830
277 2451 276 830
294 2582 294 826
204 2022 204 860
204 2022 204 860
267 2399 267 832
286 2505 285 828
204 1995 204 868
213 1993 213 874
204 1984 204 876
218 2226 213 846
231 2116 231 846
224 2131 222 846
227 2175 210 850
228 2193 213 846
227 2175 210 850
240 2161 240 842
208 2112 204 852
218 2226 213 846
249 2239 249 838
214 2104 204 852
205 2134 204 852
209 2109 204 852
211 2285 210 848
209 2109 204 852
204 1984 204 876
213 2031 213 858
204 1995 204 868
204 1975 204 889
204 2022 204 860
219 2091 204 852
210 2324 204 850
214 2132 213 848
217 2188 210 850
212 2279 210 848
205 2134 204 852
240 2209 240 840
222 2201 222 844
205 2067 204 854
224 2183 222 844
204 2022 204 860
204 2075 204 854
220 2280 204 850
226 2272 204 850
220 2280 204 850
222 2080 222 850
216 2087 213 850
217 2300 204 850
213 2314 213 844
217 2307 213 844
231 2265 204 850
213 2066 213 852
208 2112 204 852
277 2451 276 830
213 2314 213 844
204 1995 204 868
286 2505 285 828
285 2507 285 828
221 2277 204 850
221 2277 204 850
206 2115 204 852
204 2075 204 854
231 2138 231 844
222 2080 222 850
227 2260 222 842
231 2265 204 850
220 2187 210 850
212 2105 204 852
231 2138 231 844
214 2317 204 850
208 2112 204 852
208 2112 204 852
213 2314 213 844
204 1967 204 903
221 2277 204 850
213 2257 213 846
213 2089 213 850
222 2093 222 848
213 1993 213 874
285 2507 285 828
213 2089 213 850
249 2322 249 836
277 2451 276 830
221 2277 204 850
286 2505 285 828
276 2453 276 830
216 2087 213 850
214 2104 204 852
220 2187 210 850
240 2299 240 838
222 2298 222 842
217 2240 213 846
213 2144 213 848
217 2273 210 848
249 2239 249 838
212 2105 204 852
206 2115 204 852
214 2132 213 848
217 2188 210 850
213 2066 213 852
213 2066 213 852
222 2143 222 846
231 2116 231 846
205 2067 204 854
217 2300 204 850
249 2239 249 838
286 2505 285 828
277 2451 276 830
249 2322 249 836
276 2453 276 830
231 2116 231 846
213 2004 213 866
258 2357 258 834
276 2453 276 830
267 2399 267 832
277 2451 276 830
276 2453 276 830
258 2357 258 834
240 2209 240 840
204 1975 204 889
277 2451 276 830
217 2273 210 848
205 2134 204 852
277 2451 276 830
277 2451 276 830
204 2022 204 860
267 2399 267 832
213 2031 213 858
219 2091 204 852
214 2132 213 848
286 2505 285 828
204 1967 204 903
249 2322 249 836
277 2451 276 830
276 2453 276 830
267 2399 267 832
206 2115 204 852
208 2112 204 852
213 2066 213 852
213 2031 213 858
204 1975 204 889
267 2399 267 832
204 1975 204 889
286 2505 285 828
221 2277 204 850
277 2451 276 830
276 2453 276 830
277 2451 276 830
276 2453 276 830
285 2507 285 828
213 2089 213 850
258 2357 258 834
213 2004 213 866
226 2272 204 850
286 2505 285 828
204 1995 204 868
213 2031 213 858
249 2322 249 836
240 2161 240 842
240 2299 240 838
213 2004 213 866
208 2112 204 852
222 2054 222 856
240 2209 240 840
222 2093 222 848
258 2357 258 834
240 2161 240 842
213 2004 213 866
240 2161 240 842
267 2399 267 832
231 2274 231 840
249 2239 249 838
228 2193 213 846
224 2183 222 844
213 2031 213 858
204 2022 204 860
217 2307 213 844
209 2109 204 852
205 2134 204 852
221 2277 204 850
222 2080 222 850
204 1967 204 903
204 2022 204 860
294 2582 294 826
285 2507 285 828
267 2399 267 832
258 2357 258 834
204 1984 204 876
204 1975 204 889
249 2322 249 836
249 2239 249 838
240 2161 240 842
213 1993 213 874
213 1993 213 874
240 2161 240 842
277 2451 276 830
276 2453 276 830
277 2451 276 830
204 1970 204 897
204 1967 204 903
210 2324 204 850
228 2193 213 846
222 2054 222 856
258 2357 258 834
213 2031 213 858
222 2298 222 842
231 2116 231 846
204 1975 204 889
277 2451 276 830
277 2451 276 830
214 2317 204 850
249 2239 249 838
267 2399 267 832
213 2031 213 858
204 2014 204 862
214 2104 204 852
249 2322 249 836
218 2226 213 846
