25371 300.083
294 2635 294 820
294 2635 294 820
208 2094 204 850
204 2099 204 850
285 2496 285 822
276 2416 276 824
276 2416 276 824
267 2364 267 826
214 2107 210 848
267 2364 267 826
258 2329 258 828
231 2120 231 842
223 2256 222 838
258 2275 258 830
249 2311 249 830
240 2302 240 832
249 2190 249 836
231 2296 231 834
213 2140 213 844
240 2142 240 840
222 2108 222 844
213 2101 213 846
231 2232 231 836
258 2275 258 830
231 2296 231 834
223 2183 221 842
258 2329 258 828
249 2244 249 832
249 2215 249 834
240 2159 240 838
222 2172 222 840
249 2311 249 830
240 2142 240 840
240 2302 240 832
213 2101 213 846
222 2142 222 842
249 2190 249 836
249 2215 249 834
240 2191 240 836
222 2172 222 840
223 2183 221 842
240 2238 240 834
240 2159 240 838
231 2181 231 838
231 2150 231 840
231 2150 231 840
231 2181 231 838
240 2191 240 836
294 2635 294 820
294 2635 294 820
294 2635 294 820
276 2416 276 824
267 2364 267 826
267 2364 267 826
267 2364 267 826
258 2329 258 828
258 2329 258 828
258 2329 258 828
258 2329 258 828
258 2329 258 828
258 2329 258 828
258 2329 258 828
258 2329 258 828
258 2329 258 828
258 2329 258 828
258 2329 258 828
258 2329 258 828
258 2329 258 828
258 2329 258 828
258 2329 258 828
258 2329 258 828
258 2329 258 828
258 2329 258 828
258 2329 258 828
258 2329 258 828
258 2329 258 828
258 2329 258 828
258 2329 258 828
258 2329 258 828
258 2329 258 828
258 2329 258 828
258 2329 258 828
258 2329 258 828
258 2329 258 828
258 2329 258 828
258 2329 258 828
258 2329 258 828
258 2329 258 828
258 2329 258 828
258 2329 258 828
258 2329 258 828
258 2329 258 828
258 2329 258 828
258 2329 258 828
258 2329 258 828
258 2329 258 828
258 2329 258 828
258 2329 258 828
258 2329 258 828
258 2329 258 828
258 2329 258 828
258 2329 258 828
258 2329 258 828
258 2329 258 828
258 2329 258 828
258 2329 258 828
258 2329 258 828
258 2329 258 828
258 2329 258 828
258 2329 258 828
258 2329 258 828
258 2329 258 828
258 2329 258 828
258 2329 258 828
258 2329 258 828
258 2329 258 828
258 2329 258 828
258 2329 258 828
258 2329 258 828
258 2329 258 828
258 2329 258 828
258 2329 258 828
258 2329 258 828
258 2329 258 828
258 2329 258 828
258 2329 258 828
258 2329 258 828
258 2329 258 828
258 2329 258 828
258 2329 258 828
258 2329 258 828
258 2329 258 828
258 2329 258 828
258 2329 258 828
258 2329 258 828
258 2329 258 828
258 2329 258 828
258 2329 258 828
258 2329 258 828
258 2329 258 828
258 2329 258 828
258 2329 258 828
258 2329 258 828
258 2329 258 828
258 2329 258 828
258 2329 258 828
258 2329 258 828
258 2329 258 828
258 2329 258 828
258 2329 258 828
258 2329 258 828
258 2329 258 828
258 2329 258 828
258 2329 258 828
258 2329 258 828
258 2329 258 828
258 2329 258 828
258 2329 258 828
258 2329 258 828
258 2329 258 828
258 2329 258 828
258 2329 258 828
258 2329 258 828
258 2329 258 828
258 2329 258 828
258 2329 258 828
258 2329 258 828
258 2329 258 828
258 2329 258 828
258 2329 258 828
258 2329 258 828
258 2329 258 828
258 2329 258 828
258 2329 258 828
258 2329 258 828
258 2329 258 828
258 2329 258 828
249 2311 249 830
249 2311 249 830
285 2560 285 822
234 2166 231 840
231 2189 231 838
276 2499 276 824
267 2371 267 826
258 2337 258 828
267 2331 267 828
240 2197 240 836
258 2284 258 830
252 2337 231 834
243 2282 240 834
249 2231 249 834
249 2316 249 830
240 2313 240 832
249 2256 249 832
231 2282 231 836
285 2576 285 822
231 2191 231 838
284 2520 276 824
276 2525 276 824
241 2290 240 836
258 2338 258 828
262 2342 231 836
252 2387 231 836
249 2266 249 834
267 2372 267 826
256 2244 240 836
267 2372 267 826
249 2320 249 830
249 2271 249 832
258 2307 258 830
249 2301 240 834
258 2307 258 830
258 2307 258 830
301 2614 285 822
231 2237 231 838
277 2454 240 834
285 2566 285 824
249 2292 249 832
267 2382 267 826
258 2339 258 828
267 2382 267 826
258 2308 258 830
249 2324 249 830
267 2388 267 826
249 2254 231 838
249 2296 249 832
258 2340 258 828
258 2311 258 830
249 2331 249 830
258 2340 258 828
267 2389 267 826
267 2338 240 840
262 2362 231 838
249 2298 249 832
258 2312 258 830
249 2332 249 830
261 2342 258 828
258 2349 258 828
249 2332 249 830
259 2344 258 828
261 2342 258 828
267 2402 267 826
249 2305 249 832
258 2316 258 830
259 2345 258 828
250 2336 249 830
258 2351 258 828
249 2340 249 830
267 2421 267 826
258 2309 249 832
249 2320 249 832
265 2336 249 830
260 2349 258 828
258 2358 258 828
258 2325 258 830
251 2341 249 830
249 2345 249 830
260 2349 258 828
249 2320 249 832
276 2430 276 826
269 2445 267 826
263 2311 258 832
249 2389 249 830
260 2353 258 828
258 2315 249 832
258 2331 258 831
258 2372 258 828
250 2324 249 832
260 2325 258 830
259 2331 258 830
283 2484 267 826
276 2456 276 826
258 2320 249 832
253 2334 249 834
252 2400 249 830
274 2334 258 830
258 2381 258 830
260 2359 258 828
264 2354 258 828
264 2354 258 828
273 2402 249 830
264 2365 258 828
258 2327 258 838
255 2407 249 830
258 2329 249 832
262 2403 249 830
277 2494 249 830
265 2365 258 828
260 2366 249 834
258 2331 258 834
265 2354 249 832
261 2356 249 832
269 2410 249 832
268 2419 258 828
267 2441 267 839
266 2481 249 832
280 2494 267 828
275 2449 258 830
271 2580 252 856
285 2575 276 837
