95725 2940.81
249 2864 216 943
263 3053 238 930
297 4002 241 1090
342 4667 262 1181
279 3548 216 1035
262 3151 259 900
283 3303 265 881
265 3025 229 898
235 2948 211 913
266 3398 229 929
378 4841 220 1225
303 3855 262 1041
364 4672 244 1183
329 3952 232 1043
231 2803 204 903
298 3793 225 937
327 4222 239 1135
282 3263 252 941
255 3409 211 979
230 2718 216 976
351 4470 232 1002
336 4188 246 1023
282 3492 213 991
273 3489 222 1152
238 3147 213 920
279 3468 234 930
381 4929 238 1294
374 4820 256 1217
293 3768 222 1080
348 4600 298 1291
299 3847 232 1006
253 3040 241 905
256 3203 225 906
258 3161 250 967
277 3514 204 1082
357 4618 243 1080
403 4970 262 1307
239 2992 220 933
231 2850 213 889
336 4209 240 1152
445 5624 232 1318
285 3314 231 1004
321 4055 225 1013
243 3168 211 992
309 3225 225 971
376 5019 278 1141
320 4271 204 1116
299 4033 246 1094
280 3459 241 967
276 3119 249 950
313 3987 216 1011
337 3960 240 1063
326 4003 216 1170
247 3113 216 940
279 3170 250 884
298 3778 225 1106
253 3097 250 886
392 4653 320 1278
295 3746 213 1079
391 4692 257 1180
345 4230 297 1260
330 3899 234 1135
331 4192 244 1167
323 4150 220 1157
257 3294 234 1029
256 3019 220 919
298 4089 231 1110
213 2638 204 932
304 3667 222 937
466 5822 322 1255
330 4600 243 1112
327 4052 213 1155
252 3117 213 973
251 3099 206 1017
352 4277 216 1020
334 3817 264 1204
303 3665 225 941
316 4099 220 1005
326 4146 213 1012
306 4034 238 918
375 4899 263 1283
440 6025 321 1548
259 3260 252 930
331 3976 204 968
306 3874 232 1100
261 3399 213 971
306 4059 220 1026
276 3513 231 954
297 3522 220 1038
310 3925 253 1054
304 3837 222 1020
244 3293 213 951
308 3980 229 1084
261 3225 216 995
407 4999 250 1209
374 4616 237 1127
311 3750 211 952
295 3718 250 944
301 3831 213 964
347 4438 213 1260
307 3889 211 1001
269 3527 238 895
361 4794 234 1283
362 4274 249 1261
315 4170 216 1173
349 4511 220 1191
288 3784 223 1112
418 5576 250 1361
321 3685 250 1071
249 2872 213 901
321 3915 259 1066
281 3451 211 904
295 3818 222 1111
314 3684 232 1138
282 3512 220 957
294 3763 213 1088
303 3760 223 1112
311 3833 234 952
277 3174 216 1000
266 3205 204 980
325 3962 238 962
376 4973 258 1375
402 5351 239 1468
327 3849 244 1067
280 3572 220 958
324 4386 211 1156
315 4003 250 1123
367 4534 243 1348
389 4662 259 1298
318 4066 253 1003
301 3625 213 1017
349 3977 246 1050
258 3290 253 1013
351 4511 246 1257
329 4050 255 980
381 4885 260 1287
291 3931 225 1026
337 4440 288 1155
312 3767 249 1039
277 3384 232 939
319 3517 259 968
261 3050 243 925
282 3472 211 1050
269 3365 220 1077
275 3388 216 958
325 3953 262 944
392 5075 249 1181
310 4250 242 1230
408 5149 350 1340
242 2581 225 896
265 3434 213 1024
289 3377 241 938
268 3492 222 946
385 5066 231 1052
314 4128 213 1062
279 3441 228 1037
255 3516 222 983
342 4078 241 1027
335 4281 247 1101
275 3365 231 965
281 3692 204 1058
252 3024 204 997
298 3618 229 1072
288 3523 252 1076
263 3265 220 903
327 3902 237 1137
319 4283 261 1049
251 3131 213 1019
359 4547 239 1237
294 3448 213 923
345 4522 274 1319
257 3244 250 977
342 4378 237 1166
252 3196 231 900
350 4706 253 1212
275 3356 241 942
305 4042 216 1109
283 3736 232 1102
308 3890 234 1073
311 3946 204 1152
334 4196 277 1134
298 3931 250 1190
412 5116 294 1373
248 3196 229 969
268 3264 237 991
249 3024 241 1002
350 4648 261 1240
263 3242 238 892
343 4149 246 1178
289 3625 228 973
296 3796 250 952
284 3770 229 1139
283 3588 216 998
254 3430 213 984
235 2708 213 909
271 3286 211 949
348 4298 228 1217
341 4137 232 1007
287 3752 246 1128
313 4044 228 1092
285 3599 229 977
296 3794 223 1028
339 4400 240 1214
327 4126 237 1250
336 4316 228 1255
231 2986 216 929
394 5252 262 1437
299 3498 232 1030
359 5017 272 1241
246 2946 213 1001
266 3377 237 1112
243 2958 231 900
366 4901 274 1323
351 4462 247 1242
292 3816 250 1017
288 3739 250 1023
371 4817 237 1282
250 3255 234 932
390 4890 287 1339
396 5495 286 1286
377 4849 253 1221
340 4732 303 1283
337 4309 246 1253
371 4409 259 1313
355 4173 241 1047
351 4389 220 1263
343 4267 234 1039
324 4187 249 1166
311 4077 234 1084
249 3122 216 1028
307 4105 239 1104
314 4143 204 1167
271 3607 234 1044
314 3668 204 1029
328 4125 262 1090
352 4555 235 1199
304 4154 225 909
384 5316 232 1071
304 3978 222 1103
255 3279 238 931
291 3685 271 1000
267 3032 216 917
284 3307 228 1018
339 4517 225 1117
296 3735 235 1098
266 3498 204 974
396 5326 261 1293
381 5043 228 1425
356 4975 204 1225
287 3683 240 947
295 3688 222 1026
285 3569 216 1021
250 3170 204 1019
376 4982 259 1252
315 4075 232 1084
364 4464 260 1206
288 3478 229 906
345 4194 241 1019
360 4577 244 1318
315 4002 222 1044
273 3318 204 957
241 3061 213 930
312 3675 241 951
307 3928 237 1083
339 4382 243 1017
357 4623 246 1180
293 3744 204 1029
258 3126 222 945
298 3672 234 1017
310 3892 222 1038
350 4495 255 1139
392 4838 246 1217
359 4605 237 1201
459 5964 290 1371
306 3565 220 916
279 3140 216 996
282 3502 204 1032
276 3617 216 949
305 3394 229 967
355 4589 263 1283
316 4057 204 1152
317 3915 232 1173
240 3019 232 911
270 3258 220 966
319 4095 240 941
406 5563 228 1325
361 4885 223 1275
294 3663 229 928
352 4582 213 1167
340 4345 225 1035
354 4463 244 1124
398 4732 248 1309
330 4156 244 1261
311 3696 238 956
278 3284 220 1029
333 4122 204 1080
276 3611 213 929
319 4147 246 1300
374 4981 298 1206
330 4289 246 1148
