50349 1380.27
204 2733 204 964
209 2612 204 983
213 2655 213 968
204 2713 204 971
214 2804 213 960
204 2618 204 998
211 2844 204 962
208 2650 204 981
218 2775 213 960
210 2696 204 974
218 2654 204 979
216 2596 213 1011
227 2777 220 958
204 2690 204 977
210 2890 204 962
205 2674 204 983
204 2660 204 992
207 2653 204 985
207 2624 204 994
204 2647 204 995
218 2789 204 963
206 2683 204 978
204 2710 204 974
216 2653 213 977
222 2781 204 963
204 2686 204 982
208 2614 204 996
205 2685 204 978
213 2823 213 963
215 2841 204 963
222 2720 222 959
233 2725 204 970
232 2999 211 960
205 2601 204 999
205 2601 204 999
204 2602 204 1021
204 2602 204 1021
209 2652 204 984
204 2692 204 977
209 2714 204 972
205 2923 204 970
209 2777 204 966
216 2741 204 968
213 2699 204 975
204 2773 204 973
210 2688 204 979
207 2807 204 966
207 2753 204 968
210 2832 204 965
205 2722 204 974
207 2678 204 986
207 2748 204 970
213 2812 204 965
204 2755 204 974
207 2677 204 993
208 2793 204 966
212 2816 204 965
219 2752 213 965
207 2646 204 1010
214 2717 213 969
213 2684 213 975
240 2962 204 964
226 3089 204 963
258 3192 204 999
254 3493 204 1006
227 2988 204 995
236 3156 204 1025
246 3126 204 983
261 3445 213 1030
285 4033 204 1014
269 3504 204 1071
241 3232 204 995
239 2997 213 970
242 3390 204 1043
233 3197 204 1019
255 3424 213 991
273 3868 204 1020
251 3320 213 1055
269 3482 204 1013
268 3822 204 995
272 3640 204 1045
268 3536 204 1030
245 3303 204 983
254 3356 213 1006
252 3403 213 996
253 3482 204 987
239 3190 213 988
284 3598 204 1028
267 3590 204 1010
248 3299 204 982
245 3391 204 1031
242 3291 213 1010
222 2940 204 991
252 3264 213 1035
264 3613 204 1007
280 3534 204 999
260 3647 204 994
292 3589 216 1081
259 3473 204 1017
267 3605 204 1010
242 3303 213 1001
252 3507 204 1014
247 3304 213 1010
248 3198 216 1039
239 3315 204 1039
236 3139 213 1000
235 3034 213 1000
257 3562 204 1030
243 3351 213 988
241 3301 213 999
282 3920 204 1032
264 3472 204 1004
244 3329 204 1036
232 3233 204 997
238 3225 213 978
266 3662 204 1001
234 3314 213 977
253 3583 213 1000
219 3059 213 984
241 3273 204 1014
237 3229 204 1029
242 3193 204 999
229 3094 213 1013
247 3370 204 982
267 3678 204 1023
238 3198 204 1011
282 3613 216 1139
279 3700 213 1028
272 3624 213 997
265 3387 204 1019
265 3657 204 978
253 3337 204 1009
237 3354 204 1002
287 3886 204 1009
232 3184 204 990
262 3566 204 998
222 3073 204 991
276 3617 204 1025
233 3222 204 1029
272 3677 204 1008
266 3513 204 1049
226 3090 204 1000
224 3080 204 1028
284 3796 213 1026
249 3357 213 991
264 3626 204 1017
257 3502 204 1044
266 3537 204 1010
253 3337 204 1007
228 2909 213 1043
221 2857 213 1016
253 3281 213 1008
297 3933 213 1031
244 3383 216 1070
252 3327 213 982
245 3261 204 1029
262 3649 204 1040
250 3185 204 1045
225 2976 204 976
266 3652 213 968
230 3081 213 993
246 3320 213 1051
243 3158 213 972
288 3666 204 1046
245 3411 204 1019
258 3126 213 1050
270 3588 204 1036
247 3374 204 1024
251 3459 204 1004
291 3887 204 1029
258 3432 213 1007
214 3035 204 989
237 3289 204 1017
210 2948 204 974
270 3675 204 1049
258 3471 204 1024
295 3921 204 1024
265 3390 204 1027
254 3523 204 1024
239 3090 204 998
245 3365 204 987
273 3588 204 1044
258 3657 204 1011
236 3251 204 1024
212 2979 204 988
214 2842 213 1041
254 3604 204 1046
250 3380 213 1011
260 3591 204 1018
255 3332 204 1018
271 3502 213 1027
234 3117 204 1009
242 3374 204 1039
254 3425 204 1029
215 2917 204 1019
240 3109 204 1010
224 3110 204 996
267 3297 204 1027
237 3083 204 968
238 3327 204 1027
262 3445 216 1003
291 3818 216 1064
243 3262 204 1016
243 3061 204 1004
256 3368 204 1011
231 3057 204 1023
252 3419 213 1029
262 3522 204 1015
242 3258 204 979
217 3010 204 1013
249 3371 204 996
225 2812 225 1022
262 3339 225 1050
265 3375 213 1037
212 3032 204 999
241 3329 204 1011
305 3749 204 1036
269 3774 204 1071
241 3382 204 995
247 3328 213 1014
227 3058 204 992
230 3161 204 1049
256 3339 213 1020
234 3324 204 1003
236 3027 213 1014
234 3122 204 1004
234 3081 213 977
264 3545 216 1024
265 3566 204 994
255 3586 204 993
224 3021 204 1025
236 3199 213 1001
251 3473 204 986
229 3168 225 1064
277 3774 204 1012
229 3149 204 995
291 4118 204 1036
264 3636 213 1017
269 3714 213 1025
257 3510 204 1010
238 3230 204 1073
230 3106 204 1009
244 3338 213 1025
213 2964 213 994
239 3315 204 1037
263 3512 204 1033
257 3481 204 1004
256 3355 213 1039
257 3455 204 988
228 3131 204 1021
286 3618 213 990
282 3920 204 1012
243 3252 216 1036
225 3026 204 997
247 3091 225 1058
253 3264 213 1016
217 2888 213 993
293 3990 213 1021
283 3685 204 1014
247 3277 204 1030
213 2863 204 987
246 3414 213 1011
260 3371 216 1012
238 3077 216 1056
249 3365 204 1021
277 3707 213 1016
261 3247 204 1002
278 3895 204 1050
230 3123 204 1011
297 4024 204 1001
273 3477 204 1012
249 3405 213 983
246 3110 213 993
245 3111 204 1054
251 3307 204 998
235 3293 204 1001
261 3264 213 1016
239 3280 204 992
239 3205 213 1003
241 3259 204 1025
300 4096 204 1043
239 3219 213 989
241 3327 204 1027
258 3454 204 1054
240 3279 204 1025
266 3579 213 1002
256 3453 216 1034
235 3186 204 1047
241 3288 213 1014
220 3052 213 1001
265 3406 213 995
238 3228 204 978
236 3270 213 1066
259 3230 213 988
233 3103 213 1037
246 3336 204 987
245 3353 204 1052
229 2976 204 986
283 3803 204 1031
268 3677 204 1054
