41234 1020.18
205 2095 204 857
204 2055 204 863
331 2750 321 821
204 2055 204 863
321 2757 321 821
204 2055 204 863
303 2525 303 825
322 2622 312 823
276 2333 276 831
295 2371 285 829
303 2525 303 825
285 2378 285 829
312 2629 312 823
313 2518 303 825
277 2327 276 831
267 2295 267 833
249 2186 249 843
258 2260 258 835
312 2629 312 823
240 2221 240 839
285 2378 285 829
304 2449 294 827
240 2196 240 843
258 2260 258 835
294 2456 294 827
222 2173 222 847
235 2216 231 841
231 2182 231 845
259 2179 249 843
213 2212 213 849
209 2077 205 861
312 2629 312 823
249 2236 249 837
295 2450 294 827
267 2295 267 833
295 2450 294 827
240 2196 240 843
222 2264 221 847
331 2750 321 821
286 2372 285 829
217 2103 213 853
222 2245 222 845
250 2233 249 837
268 2289 267 833
304 2449 294 827
259 2254 258 835
294 2456 294 827
277 2327 276 831
312 2629 312 823
258 2260 258 835
209 2077 205 861
234 2269 222 843
295 2371 285 829
205 2095 204 857
249 2236 249 837
231 2223 231 841
213 2142 213 851
235 2216 231 841
313 2623 312 823
304 2519 303 825
211 2133 210 855
304 2449 294 827
213 2072 213 859
215 2184 213 849
210 2215 210 853
213 2095 213 855
258 2260 258 835
222 2113 222 851
277 2288 267 833
206 2093 204 857
222 2245 222 845
295 2450 294 827
223 2262 221 847
213 2108 213 853
222 2173 222 847
276 2333 276 831
240 2221 240 839
217 2103 213 853
250 2233 249 837
213 2072 213 859
331 2750 321 821
267 2295 267 833
235 2256 222 843
240 2158 240 845
227 2277 222 843
212 2127 210 855
231 2144 231 847
221 2286 221 847
217 2103 213 853
224 2312 222 843
215 2184 213 849
204 2099 204 862
207 2171 204 855
233 2275 222 843
224 2312 222 843
267 2295 267 833
204 2099 204 862
208 2155 204 855
214 2071 213 859
240 2196 240 843
208 2080 205 861
207 2089 204 857
240 2158 240 845
212 2127 210 855
321 2757 321 821
234 2269 222 843
285 2378 285 829
276 2333 276 831
226 2280 222 843
294 2456 294 827
303 2525 303 825
322 2751 321 821
231 2223 231 841
213 2060 213 861
231 2144 231 847
259 2230 249 837
207 2089 204 857
204 2099 204 862
222 2245 222 845
216 2106 213 853
212 2174 210 853
225 2111 222 851
211 2177 210 853
250 2233 249 837
226 2280 222 843
268 2253 258 835
221 2286 221 847
222 2173 222 847
227 2277 222 843
249 2186 249 843
223 2262 221 847
225 2111 222 851
233 2275 222 843
223 2262 221 847
216 2093 213 855
211 2177 210 853
213 2120 210 855
213 2120 210 855
222 2113 222 851
222 2135 222 849
313 2518 303 825
268 2253 258 835
210 2215 210 853
224 2255 221 847
286 2372 285 829
267 2295 267 833
277 2327 276 831
312 2629 312 823
295 2450 294 827
268 2289 267 833
221 2286 221 847
222 2264 221 847
206 2093 204 857
214 2071 213 859
215 2184 213 849
277 2288 267 833
206 2093 204 857
205 2095 204 857
259 2254 258 835
312 2629 312 823
267 2295 267 833
208 2155 204 855
217 2103 213 853
240 2221 240 839
213 2060 213 861
204 2055 204 863
213 2072 213 859
206 2093 204 857
217 2103 213 853
204 2102 204 857
208 2155 204 855
213 2108 213 853
213 2212 213 849
249 2236 249 837
250 2180 249 843
231 2182 231 845
277 2288 267 833
259 2179 249 843
222 2135 222 849
207 2171 204 855
222 2264 221 847
222 2079 222 857
213 2108 213 853
222 2113 222 851
231 2223 231 841
216 2106 213 853
215 2184 213 849
213 2142 213 851
211 2133 210 855
277 2288 267 833
259 2254 258 835
322 2751 321 821
208 2080 205 861
235 2256 222 843
212 2174 210 853
313 2623 312 823
304 2519 303 825
222 2079 222 857
295 2450 294 827
214 2071 213 859
322 2622 312 823
213 2072 213 859
217 2103 213 853
204 2102 204 857
259 2254 258 835
250 2180 249 843
224 2255 221 847
225 2111 222 851
225 2111 222 851
213 2108 213 853
285 2378 285 829
267 2295 267 833
267 2295 267 833
331 2750 321 821
267 2295 267 833
303 2525 303 825
277 2288 267 833
259 2179 249 843
268 2289 267 833
206 2093 204 857
206 2093 204 857
303 2525 303 825
204 2055 204 863
313 2518 303 825
295 2371 285 829
304 2449 294 827
258 2260 258 835
303 2525 303 825
312 2629 312 823
204 2102 204 857
250 2233 249 837
217 2103 213 853
258 2260 258 835
258 2260 258 835
240 2221 240 839
321 2757 321 821
267 2295 267 833
312 2629 312 823
216 2106 213 853
267 2295 267 833
295 2371 285 829
277 2327 276 831
222 2113 222 851
267 2295 267 833
303 2525 303 825
216 2106 213 853
222 2079 222 857
286 2372 285 829
207 2171 204 855
208 2080 205 861
268 2289 267 833
304 2449 294 827
206 2093 204 857
204 2099 204 862
268 2289 267 833
231 2144 231 847
204 2099 204 862
207 2089 204 857
204 2102 204 857
240 2221 240 839
213 2108 213 853
215 2184 213 849
250 2233 249 837
304 2519 303 825
222 2079 222 857
217 2103 213 853
286 2372 285 829
250 2233 249 837
322 2751 321 821
213 2072 213 859
224 2312 222 843
207 2089 204 857
258 2260 258 835
231 2144 231 847
225 2111 222 851
213 2120 210 855
233 2275 222 843
286 2372 285 829
322 2751 321 821
303 2525 303 825
285 2378 285 829
303 2525 303 825
204 2102 204 857
276 2333 276 831
267 2295 267 833
205 2095 204 857
226 2280 222 843
240 2221 240 839
258 2260 258 835
209 2077 205 861
312 2629 312 823
222 2079 222 857
205 2095 204 857
235 2216 231 841
235 2216 231 841
294 2456 294 827
222 2113 222 851
267 2295 267 833
286 2372 285 829
295 2450 294 827
