128252 510.051
255 3410 238 949
228 2939 220 1034
286 3737 231 950
223 3027 211 1035
286 3111 204 1001
226 3025 216 1101
286 3737 231 950
233 3055 220 970
286 3737 231 950
236 3007 211 1080
236 3007 211 1080
273 3269 204 951
240 2957 204 1100
286 3737 231 950
255 3410 238 949
271 3650 204 988
254 3520 211 981
256 3254 204 990
271 3650 204 988
250 3318 204 991
265 3473 211 988
227 3021 204 1064
245 3060 204 1020
240 2994 213 1083
240 2957 204 1100
286 3737 231 950
254 3520 211 981
245 3060 204 1020
229 3089 204 1043
242 2976 204 1059
240 2994 213 1083
236 3175 217 1010
228 2939 220 1034
227 3021 204 1064
226 3025 216 1101
265 3473 211 988
223 3027 211 1035
239 3299 213 962
254 3520 211 981
273 3269 204 951
236 3175 217 1010
242 3195 213 999
236 3007 211 1080
265 3473 211 988
229 3050 211 1024
236 3007 211 1080
251 3204 204 992
256 3254 204 990
244 3188 216 986
237 3135 204 1031
273 3269 204 951
265 3473 211 988
251 3204 204 992
229 3050 211 1024
242 3195 213 999
226 3025 216 1101
223 3027 211 1035
256 3254 204 990
239 3299 213 962
239 2966 216 1002
245 3060 204 1020
223 3027 211 1035
233 3055 220 970
245 3291 204 1011
229 3050 211 1024
229 3089 204 1043
242 2976 204 1059
239 2966 216 1002
239 2966 216 1002
251 3124 204 995
239 3299 213 962
245 3060 204 1020
229 3089 204 1043
228 2939 220 1034
244 3188 216 986
229 3140 204 1014
237 3028 220 1005
286 3111 204 1001
265 3473 211 988
229 3050 211 1024
237 3028 220 1005
229 3050 211 1024
237 3028 220 1005
237 3028 220 1005
229 3050 211 1024
241 3026 211 1033
242 2976 204 1059
240 2957 204 1100
240 2994 213 1083
227 3021 204 1064
237 3028 220 1005
236 3007 211 1080
236 3007 211 1080
240 2994 213 1083
237 3135 204 1031
236 3007 211 1080
286 3111 204 1001
245 3291 204 1011
237 3028 220 1005
237 3135 204 1031
240 2957 204 1100
226 3025 216 1101
251 3204 204 992
242 3195 213 999
236 3007 211 1080
227 3021 204 1064
236 3007 211 1080
237 3135 204 1031
241 3026 211 1033
265 3473 211 988
265 3473 211 988
245 3060 204 1020
254 3520 211 981
240 2994 213 1083
245 3291 204 1011
254 3520 211 981
242 3195 213 999
237 3135 204 1031
251 3204 204 992
228 2939 220 1034
240 2957 204 1100
251 3204 204 992
236 3175 217 1010
242 3195 213 999
237 3028 220 1005
227 3021 204 1064
286 3737 231 950
233 3055 220 970
226 3025 216 1101
237 3028 220 1005
239 3299 213 962
227 3021 204 1064
286 3111 204 1001
265 3473 211 988
236 3175 217 1010
226 3025 216 1101
242 2976 204 1059
245 3060 204 1020
223 3027 211 1035
255 3410 238 949
254 3520 211 981
255 3410 238 949
236 3175 217 1010
239 2966 216 1002
256 3254 204 990
228 2939 220 1034
255 3410 238 949
242 3195 213 999
273 3269 204 951
223 3027 211 1035
226 3025 216 1101
229 3050 211 1024
245 3060 204 1020
251 3204 204 992
226 3025 216 1101
245 3291 204 1011
239 2966 216 1002
239 2966 216 1002
286 3737 231 950
251 3204 204 992
255 3410 238 949
229 3050 211 1024
245 3291 204 1011
265 3473 211 988
286 3737 231 950
229 3089 204 1043
240 2957 204 1100
254 3520 211 981
286 3737 231 950
271 3650 204 988
255 3410 238 949
251 3204 204 992
227 3021 204 1064
286 3737 231 950
286 3111 204 1001
286 3737 231 950
227 3021 204 1064
233 3055 220 970
286 3737 231 950
286 3737 231 950
273 3269 204 951
233 3055 220 970
226 3025 216 1101
286 3111 204 1001
286 3737 231 950
286 3737 231 950
286 3737 231 950
236 3007 211 1080
273 3269 204 951
227 3021 204 1064
240 2994 213 1083
236 3007 211 1080
242 2976 204 1059
237 3028 220 1005
228 2939 220 1034
240 2994 213 1083
242 2976 204 1059
273 3269 204 951
240 2957 204 1100
237 3028 220 1005
239 3299 213 962
273 3269 204 951
265 3473 211 988
241 3026 211 1033
256 3254 204 990
255 3410 238 949
228 2939 220 1034
255 3410 238 949
254 3520 211 981
250 3318 204 991
241 3026 211 1033
226 3025 216 1101
242 2976 204 1059
245 3060 204 1020
223 3027 211 1035
254 3520 211 981
255 3410 238 949
240 2957 204 1100
239 2966 216 1002
256 3254 204 990
228 2939 220 1034
255 3410 238 949
227 3021 204 1064
273 3269 204 951
223 3027 211 1035
255 3410 238 949
229 3050 211 1024
251 3204 204 992
226 3025 216 1101
245 3291 204 1011
237 3028 220 1005
251 3204 204 992
255 3410 238 949
245 3291 204 1011
237 3135 204 1031
265 3473 211 988
265 3473 211 988
251 3204 204 992
226 3025 216 1101
240 2994 213 1083
245 3291 204 1011
254 3520 211 981
240 2957 204 1100
228 2939 220 1034
240 2957 204 1100
229 3050 211 1024
286 3111 204 1001
237 3028 220 1005
227 3021 204 1064
286 3737 231 950
226 3025 216 1101
237 3028 220 1005
239 3299 213 962
227 3021 204 1064
236 3007 211 1080
237 3028 220 1005
233 3055 220 970
286 3737 231 950
236 3007 211 1080
273 3269 204 951
227 3021 204 1064
240 2994 213 1083
242 2976 204 1059
237 3028 220 1005
242 2976 204 1059
240 2994 213 1083
229 3050 211 1024
273 3269 204 951
286 3737 231 950
237 3028 220 1005
239 3299 213 962
273 3269 204 951
223 3027 211 1035
256 3254 204 990
239 3299 213 962
256 3254 204 990
255 3410 238 949
254 3520 211 981
250 3318 204 991
286 3737 231 950
245 3291 204 1011
229 3140 204 1014
244 3188 216 986
229 3089 204 1043
240 2957 204 1100
254 3520 211 981
286 3737 231 950
271 3650 204 988
255 3410 238 949
229 3089 204 1043
226 3025 216 1101
286 3111 204 1001
245 3060 204 1020
251 3124 204 995
239 2966 216 1002
286 3737 231 950
286 3737 231 950
273 3269 204 951
233 3055 220 970
239 2966 216 1002
