31436 180.031
238 3272 204 1104
270 3235 205 1153
235 3066 218 1028
235 3066 218 1028
289 3781 241 990
289 3781 241 990
242 3191 216 1061
254 3336 204 996
270 3545 229 995
270 3545 229 995
237 3369 204 1116
247 3177 211 1030
270 3545 229 995
235 3066 218 1028
285 3209 204 1070
265 3318 204 1099
270 3545 229 995
254 3336 204 996
285 3209 204 1070
237 3369 204 1116
247 3177 211 1030
265 3318 204 1099
270 3235 205 1153
235 3066 218 1028
246 3358 211 1061
247 3177 211 1030
237 3237 216 1137
247 3177 211 1030
237 3237 216 1137
237 3369 204 1116
285 3209 204 1070
237 3237 216 1137
270 3235 205 1153
270 3545 229 995
285 3209 204 1070
238 3272 204 1104
254 3336 204 996
265 3318 204 1099
238 3272 204 1104
237 3237 216 1137
237 3237 216 1137
235 3066 218 1028
270 3545 229 995
238 3272 204 1104
238 3272 204 1104
237 3237 216 1137
237 3369 204 1116
235 3066 218 1028
270 3235 205 1153
270 3545 229 995
270 3235 205 1153
237 3369 204 1116
247 3177 211 1030
237 3369 204 1116
247 3177 211 1030
237 3369 204 1116
247 3177 211 1030
235 3066 218 1028
237 3237 216 1137
235 3066 218 1028
235 3066 218 1028
265 3318 204 1099
285 3209 204 1070
237 3237 216 1137
237 3237 216 1137
238 3272 204 1104
285 3209 204 1070
247 3177 211 1030
270 3545 229 995
237 3237 216 1137
254 3336 204 996
270 3545 229 995
237 3237 216 1137
247 3177 211 1030
285 3209 204 1070
235 3066 218 1028
237 3237 216 1137
238 3272 204 1104
237 3369 204 1116
235 3066 218 1028
265 3318 204 1099
237 3369 204 1116
270 3545 229 995
270 3235 205 1153
238 3272 204 1104
237 3237 216 1137
237 3369 204 1116
237 3369 204 1116
235 3066 218 1028
270 3545 229 995
237 3237 216 1137
235 3066 218 1028
270 3545 229 995
270 3235 205 1153
235 3066 218 1028
247 3177 211 1030
270 3235 205 1153
237 3369 204 1116
237 3237 216 1137
235 3066 218 1028
238 3272 204 1104
285 3209 204 1070
270 3235 205 1153
265 3318 204 1099
237 3369 204 1116
285 3209 204 1070
237 3237 216 1137
285 3209 204 1070
247 3177 211 1030
237 3369 204 1116
270 3235 205 1153
237 3237 216 1137
237 3369 204 1116
237 3237 216 1137
237 3369 204 1116
237 3237 216 1137
270 3545 229 995
237 3237 216 1137
247 3177 211 1030
270 3545 229 995
237 3237 216 1137
247 3177 211 1030
285 3209 204 1070
235 3066 218 1028
237 3369 204 1116
270 3235 205 1153
235 3066 218 1028
237 3369 204 1116
237 3237 216 1137
235 3066 218 1028
235 3066 218 1028
237 3369 204 1116
237 3237 216 1137
270 3545 229 995
254 3336 204 996
237 3237 216 1137
247 3177 211 1030
235 3066 218 1028
247 3177 211 1030
238 3272 204 1104
270 3235 205 1153
235 3066 218 1028
265 3318 204 1099
237 3237 216 1137
237 3237 216 1137
235 3066 218 1028
237 3369 204 1116
285 3209 204 1070
238 3272 204 1104
237 3237 216 1137
238 3272 204 1104
237 3369 204 1116
237 3369 204 1116
265 3318 204 1099
235 3066 218 1028
270 3235 205 1153
285 3209 204 1070
238 3272 204 1104
235 3066 218 1028
237 3237 216 1137
237 3369 204 1116
285 3209 204 1070
237 3369 204 1116
285 3209 204 1070
235 3066 218 1028
285 3209 204 1070
285 3209 204 1070
270 3545 229 995
265 3318 204 1099
235 3066 218 1028
238 3272 204 1104
237 3237 216 1137
237 3237 216 1137
285 3209 204 1070
265 3318 204 1099
235 3066 218 1028
235 3066 218 1028
237 3237 216 1137
285 3209 204 1070
247 3177 211 1030
237 3369 204 1116
247 3177 211 1030
237 3369 204 1116
247 3177 211 1030
270 3545 229 995
270 3235 205 1153
237 3369 204 1116
247 3177 211 1030
270 3545 229 995
254 3336 204 996
270 3545 229 995
237 3237 216 1137
247 3177 211 1030
285 3209 204 1070
235 3066 218 1028
237 3237 216 1137
238 3272 204 1104
235 3066 218 1028
270 3545 229 995
270 3235 205 1153
238 3272 204 1104
237 3237 216 1137
235 3066 218 1028
246 3358 211 1061
235 3066 218 1028
270 3235 205 1153
265 3318 204 1099
237 3369 204 1116
270 3545 229 995
265 3318 204 1099
285 3209 204 1070
247 3177 211 1030
270 3545 229 995
270 3545 229 995
254 3336 204 996
242 3191 216 1061
289 3781 241 990
235 3066 218 1028
270 3235 205 1153
270 3545 229 995
247 3177 211 1030
237 3237 216 1137
237 3369 204 1116
285 3209 204 1070
270 3545 229 995
285 3209 204 1070
254 3336 204 996
265 3318 204 1099
238 3272 204 1104
237 3237 216 1137
237 3237 216 1137
235 3066 218 1028
270 3545 229 995
238 3272 204 1104
238 3272 204 1104
237 3237 216 1137
237 3369 204 1116
238 3272 204 1104
237 3237 216 1137
238 3272 204 1104
285 3209 204 1070
237 3369 204 1116
235 3066 218 1028
237 3237 216 1137
237 3369 204 1116
265 3318 204 1099
235 3066 218 1028
270 3235 205 1153
238 3272 204 1104
247 3177 211 1030
235 3066 218 1028
247 3177 211 1030
237 3237 216 1137
265 3318 204 1099
235 3066 218 1028
270 3235 205 1153
285 3209 204 1070
238 3272 204 1104
235 3066 218 1028
237 3237 216 1137
237 3369 204 1116
285 3209 204 1070
237 3369 204 1116
285 3209 204 1070
235 3066 218 1028
285 3209 204 1070
285 3209 204 1070
265 3318 204 1099
265 3318 204 1099
237 3237 216 1137
237 3369 204 1116
237 3237 216 1137
270 3235 205 1153
237 3369 204 1116
247 3177 211 1030
285 3209 204 1070
237 3369 204 1116
237 3369 204 1116
270 3235 205 1153
285 3209 204 1070
238 3272 204 1104
235 3066 218 1028
270 3235 205 1153
270 3545 229 995
235 3066 218 1028
235 3066 218 1028
237 3237 216 1137
247 3177 211 1030
270 3545 229 995
247 3177 211 1030
285 3209 204 1070
235 3066 218 1028
237 3369 204 1116
270 3235 205 1153
237 3369 204 1116
235 3066 218 1028
235 3066 218 1028
237 3369 204 1116
237 3237 216 1137
270 3545 229 995
