73752 1200.43
285 2327 285 822
217 1992 213 848
216 1997 204 850
216 1997 204 850
276 2263 276 824
276 2263 276 824
267 2222 267 826
267 2221 267 827
258 2185 258 828
258 2156 258 830
249 2161 249 830
249 2089 249 834
241 2147 240 832
240 2044 240 838
237 2152 231 834
224 2031 213 844
231 2021 231 842
233 2129 222 838
231 2138 231 836
224 2030 210 848
224 2030 210 848
226 2179 221 842
240 2061 240 836
225 2011 222 844
237 2087 221 842
258 2156 258 830
226 2006 222 846
222 2076 222 840
249 2089 249 834
217 2026 213 846
249 2125 249 832
231 2028 231 840
222 2028 222 842
217 2080 213 844
267 2222 267 826
240 2148 240 832
240 2044 240 838
232 2178 231 834
226 2179 222 838
218 2022 213 846
236 2109 231 836
220 2078 213 844
249 2161 249 830
229 2176 221 842
258 2183 258 829
235 2124 231 836
235 2098 221 842
258 2185 258 828
258 2183 258 829
241 2147 240 832
232 2132 231 836
230 2170 222 838
226 2006 222 846
267 2221 267 827
237 2087 221 842
217 2080 213 844
222 2076 222 840
240 2105 240 834
240 2061 240 836
227 2050 222 840
222 2013 222 844
227 2178 222 838
227 2050 222 840
225 2071 222 840
221 2011 213 846
240 2148 240 832
236 2093 221 842
226 2179 222 838
222 2013 222 844
221 2068 213 844
235 2098 221 842
221 2068 213 844
236 2165 231 834
233 2127 221 842
230 2167 221 842
229 2177 222 838
235 2124 231 836
232 2178 231 834
236 2093 221 842
231 2045 231 838
237 2152 231 834
236 2165 231 834
230 2167 221 842
225 2071 222 840
233 2129 222 838
233 2127 221 842
226 2026 222 842
249 2125 249 832
231 2045 231 838
231 2021 231 842
276 2263 276 824
276 2263 276 824
276 2263 276 824
276 2263 276 824
276 2263 276 824
276 2263 276 824
276 2263 276 824
276 2263 276 824
276 2263 276 824
276 2263 276 824
276 2263 276 824
276 2263 276 824
276 2263 276 824
276 2263 276 824
276 2263 276 824
276 2263 276 824
276 2263 276 824
276 2263 276 824
276 2263 276 824
276 2263 276 824
276 2263 276 824
276 2263 276 824
276 2263 276 824
276 2263 276 824
276 2263 276 824
276 2263 276 824
276 2263 276 824
276 2263 276 824
276 2263 276 824
276 2263 276 824
276 2263 276 824
276 2263 276 824
276 2263 276 824
276 2263 276 824
276 2263 276 824
276 2263 276 824
276 2263 276 824
276 2263 276 824
276 2263 276 824
276 2263 276 824
276 2263 276 824
276 2263 276 824
276 2263 276 824
276 2263 276 824
276 2263 276 824
276 2263 276 824
276 2263 276 824
276 2263 276 824
276 2263 276 824
276 2263 276 824
276 2263 276 824
276 2263 276 824
276 2263 276 824
276 2263 276 824
276 2263 276 824
276 2263 276 824
276 2263 276 824
276 2263 276 824
276 2263 276 824
276 2263 276 824
276 2263 276 824
276 2263 276 824
276 2263 276 824
276 2263 276 824
276 2263 276 824
276 2263 276 824
276 2263 276 824
276 2263 276 824
276 2263 276 824
276 2263 276 824
276 2263 276 824
276 2263 276 824
276 2263 276 824
276 2263 276 824
276 2263 276 824
276 2268 276 824
276 2268 276 824
235 2109 221 842
231 2045 231 840
230 2133 222 840
276 2263 276 825
267 2227 267 826
258 2191 258 828
240 2089 240 836
267 2227 267 826
234 2064 222 842
252 2151 249 832
258 2191 258 828
249 2118 249 834
248 2159 240 834
249 2176 249 830
240 2139 231 838
241 2169 240 834
235 2143 231 836
233 2164 222 838
251 2163 249 832
276 2268 276 824
276 2280 276 824
276 2280 276 824
237 2104 231 840
234 2129 222 842
267 2236 267 826
258 2192 258 828
249 2182 249 830
248 2142 222 840
245 2177 240 834
249 2112 249 838
238 2212 222 838
245 2127 240 836
238 2172 231 836
243 2151 222 840
249 2168 249 834
245 2201 222 838
276 2281 276 824
239 2106 231 840
248 2137 240 836
267 2247 267 826
258 2211 258 828
276 2244 276 826
257 2176 249 834
254 2207 240 834
268 2209 267 828
249 2185 249 832
244 2189 231 836
258 2182 258 830
249 2199 249 830
239 2190 231 836
276 2283 276 824
260 2127 240 840
245 2163 240 840
267 2250 267 826
263 2192 258 832
258 2221 258 828
249 2204 249 830
248 2144 240 836
249 2193 249 832
246 2194 240 837
259 2218 258 828
260 2196 258 830
276 2295 276 824
249 2144 249 836
247 2218 240 845
258 2224 258 828
267 2252 267 826
268 2194 249 834
274 2251 267 826
250 2204 249 830
248 2155 240 836
269 2221 267 828
276 2297 276 824
276 2297 276 824
256 2167 249 836
253 2232 240 836
249 2220 249 837
267 2273 267 826
258 2204 258 830
268 2252 267 826
258 2228 258 828
250 2208 249 830
286 2425 276 824
255 2347 240 844
254 2208 249 832
250 2250 249 832
270 2276 240 840
258 2229 258 828
266 2213 258 830
267 2282 267 826
274 2253 267 826
268 2261 267 826
253 2211 249 832
274 2253 267 826
274 2256 267 826
268 2289 267 826
256 2217 249 832
258 2233 258 828
274 2232 267 828
274 2258 267 826
268 2292 267 826
256 2220 249 832
259 2283 258 828
267 2235 267 830
265 2237 258 828
260 2243 258 830
268 2233 267 828
276 2261 276 826
274 2279 267 826
270 2297 258 828
262 2222 249 834
260 2269 249 832
270 2266 267 830
263 2228 249 832
274 2258 258 828
275 2262 267 826
273 2285 267 828
274 2238 267 828
279 2273 267 826
279 2273 267 826
277 2346 258 830
270 2236 249 832
264 2267 249 834
260 2295 249 832
274 2271 267 828
279 2252 267 828
288 2394 288 831
272 2254 249 834
267 2415 249 832
267 2333 267 843
269 2272 258 837
271 2260 258 832
271 2266 258 832
