10954 210.572
204 2180 204 916
213 2154 213 979
204 2180 204 916
238 2351 238 887
209 2174 204 919
204 2167 204 919
222 2359 222 893
204 2184 204 914
204 2161 204 925
204 2162 204 925
215 2204 213 907
204 2166 204 919
231 2296 222 898
213 2189 213 909
213 2166 213 922
204 2170 204 922
213 2189 213 909
206 2273 204 911
213 2183 213 912
204 2161 204 925
227 2617 211 904
213 2192 213 909
215 2211 213 902
204 2180 204 916
204 2162 204 925
204 2168 204 919
204 2161 204 925
204 2166 204 919
215 2209 213 905
204 2258 204 911
222 2234 222 900
204 2161 204 925
204 2169 204 919
213 2183 213 912
204 2167 204 919
213 2161 213 928
224 2224 222 900
215 2211 213 903
204 2181 204 916
213 2161 213 929
223 2264 222 900
204 2172 204 916
222 2237 222 900
204 2191 204 911
213 2158 213 936
215 2215 213 902
222 2237 222 900
204 2163 204 925
213 2189 213 909
204 2198 204 911
204 2169 204 919
215 2199 213 907
213 2189 213 909
204 2170 204 919
204 2167 204 919
204 2163 204 925
215 2199 213 907
213 2183 213 912
215 2209 213 905
204 2208 204 911
224 2224 222 900
204 2180 204 916
206 2276 204 911
204 2155 204 975
204 2164 204 925
204 2175 204 916
224 2236 222 900
213 2253 213 902
204 2163 204 925
204 2161 204 925
213 2192 213 909
213 2159 213 936
213 2298 213 902
213 2189 213 909
204 2157 204 975
204 2182 204 916
231 2296 222 898
204 2166 204 919
215 2208 213 905
204 2166 204 919
204 2170 204 919
213 2192 213 909
222 2251 222 900
206 2292 204 911
204 2208 204 911
213 2182 213 912
213 2193 213 909
204 2163 204 925
204 2171 204 919
204 2166 204 919
224 2224 222 900
204 2258 204 911
204 2176 204 916
204 2168 204 919
206 2273 204 911
213 2155 213 973
215 2204 213 907
213 2227 213 902
213 2159 213 936
204 2155 204 975
224 2224 222 900
204 2170 204 919
215 2204 213 907
204 2180 204 916
213 2161 213 928
213 2192 213 909
222 2232 222 900
204 2161 204 925
213 2189 213 909
204 2166 204 919
204 2180 204 916
204 2162 204 925
213 2183 213 912
213 2186 213 912
204 2184 204 914
204 2166 204 919
204 2167 204 919
204 2168 204 919
213 2233 213 902
204 2162 204 925
231 2304 231 891
215 2211 213 902
204 2175 204 916
204 2163 204 925
204 2155 204 975
213 2158 213 936
215 2215 213 902
204 2167 204 919
204 2167 204 919
204 2175 204 916
215 2200 213 908
204 2163 204 925
215 2208 213 905
213 2329 213 902
204 2156 204 975
204 2203 204 911
215 2208 213 905
215 2215 213 902
213 2192 213 909
204 2166 204 919
204 2208 204 911
215 2215 213 902
215 2215 213 902
204 2163 204 925
204 2208 204 911
213 2189 213 909
215 2215 213 902
204 2170 204 919
204 2175 204 916
204 2162 204 925
215 2200 213 908
204 2161 204 925
204 2162 204 925
204 2175 204 916
215 2199 213 907
204 2162 204 925
222 2359 222 893
215 2209 213 905
204 2172 204 916
204 2158 204 975
215 2215 213 902
204 2157 204 975
213 2192 213 909
204 2175 204 916
204 2161 204 925
219 2399 213 902
222 2237 222 900
204 2167 204 919
213 2192 213 909
204 2203 204 911
204 2167 204 919
204 2166 204 919
215 2204 213 907
206 2292 204 911
204 2161 204 925
204 2160 204 969
204 2184 204 914
215 2208 213 905
213 2183 213 912
204 2208 204 911
231 2304 231 891
213 2189 213 909
213 2255 213 902
213 2161 213 928
204 2166 204 919
204 2162 204 925
222 2359 222 893
204 2180 204 916
213 2159 213 936
213 2159 213 936
215 2200 213 907
204 2155 204 975
215 2215 213 902
213 2233 213 902
213 2159 213 936
215 2224 213 905
213 2192 213 909
204 2191 204 911
204 2175 204 916
204 2157 204 975
213 2242 213 907
224 2224 222 900
224 2224 222 900
204 2175 204 916
209 2200 204 911
204 2168 204 919
204 2165 204 925
204 2162 204 925
204 2176 204 916
204 2172 204 916
224 2224 222 900
204 2176 204 916
204 2166 204 919
204 2176 204 916
204 2166 204 919
213 2155 213 973
231 2266 229 896
215 2201 213 907
204 2175 204 916
213 2158 213 936
229 2278 229 896
204 2170 204 919
213 2189 213 909
204 2161 204 925
213 2155 213 973
213 2306 213 902
229 2278 229 896
204 2175 204 916
213 2306 213 902
204 2185 204 914
204 2166 204 919
204 2260 204 911
213 2182 213 912
204 2168 204 919
204 2170 204 919
204 2169 204 919
215 2199 213 907
204 2181 204 916
215 2211 213 903
204 2185 204 914
224 2224 222 900
213 2189 213 909
204 2155 204 975
204 2163 204 925
204 2165 204 925
204 2175 204 916
213 2192 213 909
204 2167 204 919
204 2163 204 925
204 2155 204 975
213 2183 213 912
213 2161 213 928
215 2209 213 905
213 2182 213 912
204 2181 204 916
204 2157 204 975
215 2200 213 908
213 2212 213 907
213 2306 213 902
204 2181 204 916
204 2191 204 911
213 2192 213 909
222 2237 222 900
204 2203 204 911
204 2178 204 916
213 2182 213 912
211 2350 204 911
204 2176 204 916
204 2168 204 919
204 2162 204 925
215 2215 213 902
204 2220 204 911
204 2168 204 919
204 2168 204 919
204 2161 204 925
204 2163 204 925
229 2278 229 896
215 2200 213 907
204 2167 204 919
213 2159 213 936
231 2292 222 898
204 2176 204 916
215 2208 213 905
213 2182 213 912
204 2163 204 925
213 2189 213 909
215 2201 213 908
204 2158 204 975
215 2227 213 902
204 2184 204 914
213 2192 213 909
213 2192 213 909
213 2183 213 912
204 2191 204 911
204 2175 204 916
204 2161 204 925
204 2160 204 969
204 2175 204 916
213 2279 213 902
204 2162 204 925
