24469 780.482
344 4277 270 1165
256 3309 247 1032
264 3207 222 932
324 4163 277 1125
373 4856 279 1280
323 4033 229 987
324 4156 289 1055
371 4455 264 1328
396 4993 265 1321
332 4319 284 1217
381 4734 230 1315
388 4983 283 1278
274 3508 263 1032
404 5336 271 1278
394 5319 242 1355
390 4878 250 1233
364 4516 256 1338
310 3878 216 1067
329 4080 283 1087
372 4977 299 1053
282 3539 239 939
332 4236 229 1264
316 3675 234 1106
341 4514 237 1139
271 3644 234 1119
304 4109 239 1118
274 3480 220 1018
299 3741 282 970
372 4945 253 1057
340 4413 292 1154
314 4191 248 1104
368 5077 312 1239
258 3276 205 931
467 5753 234 1442
356 4702 234 1240
329 4473 213 1083
392 5111 311 1115
331 4304 229 1022
346 4168 204 1112
294 3979 232 1196
365 4446 272 1101
377 4470 223 1173
379 4766 264 1163
265 3425 234 1052
372 4896 263 1331
294 3742 241 1075
365 5137 232 1214
369 4918 247 1316
337 4085 243 918
384 5109 267 1326
390 4991 275 1260
345 4560 271 1038
287 3732 250 958
403 5106 237 1409
331 4484 230 1142
303 3819 260 1065
335 4480 283 1116
283 3523 223 1046
328 4450 268 1164
388 5164 271 1253
309 4243 228 1186
266 3525 211 1032
375 4756 242 1228
460 5776 364 1574
300 3643 211 1143
342 4502 257 1173
324 4397 242 1271
304 3802 241 1080
306 3916 252 1047
408 5249 296 1361
382 4462 264 1280
319 4265 286 1069
352 4603 261 1181
360 4473 271 1106
322 3818 244 1084
376 4856 237 1259
340 4631 288 1063
286 3764 256 990
457 6320 288 1387
319 4132 235 1078
276 3429 256 1072
298 3828 263 944
331 4402 248 1341
265 3425 261 927
273 3687 246 1040
356 4365 279 1221
256 3424 225 1038
391 4988 251 1279
343 4117 265 1214
428 5667 312 1347
323 3904 240 1196
291 3840 229 1127
285 3514 239 1020
416 5433 328 1369
337 4719 262 1287
328 4178 211 1272
273 3313 268 941
309 4063 246 1249
308 3714 297 1078
312 4315 282 1225
377 5192 278 1184
336 4506 254 991
319 3927 229 1070
410 5117 280 1370
288 3653 241 968
277 3480 218 1007
307 3945 282 1190
342 4170 271 1130
351 4555 249 1212
318 4142 254 1118
347 4579 298 1111
301 3935 301 990
380 4661 235 1202
421 5346 268 1394
389 5252 293 1213
345 4240 256 1029
340 4674 241 1158
357 4484 272 1253
365 4623 244 1266
304 4018 268 1255
336 4233 286 1205
321 4460 265 1082
320 4177 266 1073
346 4550 263 1064
364 4377 205 1095
283 3462 234 930
338 4253 249 1210
352 4445 255 1029
297 3809 251 945
302 4021 213 1066
327 4210 272 961
356 4476 222 1013
334 4521 267 1116
301 3805 261 1063
355 4520 221 1160
386 4906 262 1178
314 4085 254 1061
305 3997 246 1143
274 3157 220 998
306 4024 293 1092
375 5129 290 1054
302 4248 262 1077
356 4828 246 1212
348 4315 280 1125
312 4008 220 976
289 3738 243 959
410 5252 260 1255
323 4425 237 1201
371 4899 270 1236
324 4139 204 1078
479 6327 337 1565
411 5117 265 1282
318 4295 256 1033
298 3725 235 1111
348 4689 290 1049
447 6077 309 1446
391 5073 237 1257
302 3958 241 1086
299 3648 220 1016
294 3878 250 1188
310 4115 234 1169
324 4064 264 1311
294 3732 232 1061
324 4155 303 992
284 3548 234 997
283 3493 220 973
355 4913 225 1340
403 5469 325 1466
318 4276 216 1111
390 5226 304 1354
375 4951 295 1241
355 4363 225 1181
355 4502 225 1033
423 5560 279 1333
311 4171 281 1283
321 4366 232 989
384 5088 302 1248
338 3917 244 1189
294 3777 225 1040
346 4558 299 1200
286 3594 236 963
323 4205 269 1203
369 4856 250 1244
276 3617 234 1053
286 3612 220 1056
403 5154 267 1364
306 3966 211 1108
360 4468 251 1166
375 4972 290 1212
392 5029 255 1357
325 4214 268 1160
317 3897 257 999
308 4082 237 1050
400 5525 263 1255
307 3997 245 945
369 4908 255 1365
345 4627 287 1283
378 4716 270 1365
263 3113 252 967
373 4724 271 1104
318 4097 222 1021
382 5016 229 1112
307 3749 241 1108
260 3497 241 1039
350 4563 223 1075
318 4261 246 1192
317 4078 244 1136
276 3642 276 1095
282 3605 275 986
354 4662 252 1111
327 4277 286 1112
438 5351 265 1389
362 4662 283 1180
308 3596 229 1077
341 4295 251 1043
343 4283 263 1174
324 4101 246 1073
317 4108 248 1080
328 4331 246 1081
361 4695 255 1209
468 6328 329 1269
340 4412 262 1070
356 4540 268 1281
421 5054 240 1255
264 3119 236 950
332 4153 296 1039
309 3990 249 998
312 4136 225 994
306 3726 247 993
404 4717 260 1339
302 3946 241 1106
339 4701 244 1204
323 4258 246 1227
326 4073 239 1041
339 4564 260 1181
359 4645 313 1303
285 3615 243 1005
455 5579 295 1273
411 5674 269 1297
403 5357 308 1319
397 5477 293 1489
410 5297 257 1167
360 4924 293 1298
386 5192 245 1284
291 3445 253 1144
396 5296 314 1459
344 4538 281 1179
280 3713 244 1165
347 4468 229 1138
394 5152 332 1223
312 3871 282 917
306 3863 216 1116
329 4034 250 1260
380 4933 281 1254
346 4330 252 1354
326 4380 211 1061
410 5140 276 1325
323 4189 273 1064
408 5528 286 1365
327 4156 241 1180
348 4524 246 1052
346 4565 225 1143
377 4913 323 1113
378 4815 262 1209
448 5852 262 1340
341 4535 255 1372
315 4251 252 1031
321 4214 257 960
347 4471 216 1146
404 5448 312 1309
282 3703 238 1090
362 4736 302 1105
325 4329 234 1161
379 4899 241 1330
400 5318 285 1270
285 3776 243 969
449 5593 322 1402
342 4262 252 1077
346 4311 213 1147
258 3159 211 957
359 4686 237 1326
314 3977 208 1079
341 4192 267 1009
360 4783 273 1027
314 4083 262 1107
364 4622 256 1437
314 4165 266 1048
312 3901 272 1068
296 4013 260 1037
311 3891 263 1076
353 4578 274 1166
317 4069 243 1181
297 3555 240 993
346 4532 259 1498
339 4540 268 1297
312 4176 234 1272
381 4915 239 1010
388 4730 260 1355
320 3971 300 1026
286 3665 279 907
