114689 3120.76
204 2168 204 869
204 2150 204 878
204 2168 204 869
249 2433 249 851
213 2162 213 868
204 2157 204 871
222 2227 222 857
204 2168 204 869
204 2152 204 876
204 2156 204 873
213 2182 213 861
204 2158 204 871
213 2213 213 859
205 2173 204 865
204 2156 204 873
204 2158 204 871
214 2170 213 866
205 2212 204 861
214 2170 213 866
205 2155 204 876
211 2372 204 861
205 2176 204 863
213 2182 213 861
204 2168 204 869
204 2153 204 876
213 2162 213 868
204 2156 204 873
204 2157 204 871
213 2182 213 861
207 2204 204 861
213 2201 213 859
204 2153 204 876
204 2159 204 871
214 2170 213 866
204 2159 204 871
204 2153 204 876
222 2196 222 857
213 2182 213 861
213 2164 213 868
204 2152 204 876
213 2207 213 859
213 2162 213 868
213 2201 213 859
205 2173 204 865
204 2152 204 876
212 2193 204 861
213 2206 213 859
204 2156 204 873
205 2173 204 865
204 2174 204 865
204 2159 204 871
205 2176 204 863
214 2171 213 866
204 2158 204 871
204 2159 204 871
204 2156 204 873
205 2176 204 863
214 2170 213 866
213 2182 213 861
205 2176 204 863
222 2192 222 859
213 2165 213 868
205 2220 204 861
204 2150 204 878
204 2156 204 873
213 2162 213 868
222 2196 222 857
206 2214 204 861
204 2156 204 873
204 2153 204 876
205 2173 204 865
204 2152 204 876
215 2236 204 861
205 2173 204 865
204 2150 204 878
205 2164 204 869
213 2201 213 859
204 2159 204 871
213 2182 213 861
204 2157 204 871
204 2159 204 871
205 2173 204 865
213 2201 213 859
206 2308 204 861
205 2176 204 863
213 2164 213 868
205 2176 204 863
204 2156 204 873
213 2162 213 868
204 2157 204 871
222 2196 222 857
207 2204 204 861
213 2164 213 868
204 2158 204 871
205 2212 204 861
204 2150 204 878
205 2176 204 863
211 2206 204 861
204 2152 204 876
204 2150 204 878
216 2190 213 859
213 2162 213 868
213 2182 213 861
205 2164 204 869
204 2153 204 876
205 2173 204 865
213 2194 213 859
204 2152 204 876
205 2173 204 865
204 2157 204 871
213 2164 213 868
204 2153 204 876
214 2170 213 866
204 2172 204 868
204 2172 204 868
204 2159 204 871
204 2160 204 871
213 2162 213 868
207 2204 204 861
204 2153 204 876
231 2230 231 855
213 2182 213 861
205 2164 204 869
204 2156 204 873
204 2150 204 878
204 2152 204 876
216 2190 213 859
204 2157 204 871
204 2158 204 871
213 2162 213 868
205 2176 204 863
204 2156 204 873
213 2182 213 861
207 2316 204 861
204 2151 204 878
205 2176 204 863
213 2182 213 861
205 2176 204 863
205 2173 204 865
204 2157 204 871
205 2176 204 863
212 2193 204 861
213 2194 213 859
204 2156 204 873
205 2176 204 863
205 2176 204 863
205 2176 204 863
204 2159 204 871
213 2162 213 868
204 2153 204 876
205 2176 204 863
204 2152 204 876
204 2153 204 876
213 2162 213 868
205 2176 204 863
204 2153 204 876
222 2227 222 857
205 2176 204 863
204 2162 204 870
204 2151 204 878
212 2194 204 861
204 2150 204 878
205 2176 204 863
213 2162 213 868
204 2152 204 876
208 2329 204 861
213 2201 213 859
204 2158 204 871
205 2173 204 865
204 2180 204 863
204 2162 204 870
204 2159 204 871
205 2176 204 863
206 2308 204 861
204 2152 204 876
204 2152 204 876
204 2168 204 869
213 2182 213 861
214 2170 213 866
204 2180 204 863
231 2253 231 855
205 2176 204 863
207 2212 204 861
204 2152 204 876
204 2157 204 871
204 2156 204 873
213 2275 213 859
205 2164 204 869
204 2150 204 878
204 2153 204 876
205 2176 204 863
204 2150 204 878
213 2182 213 861
207 2204 204 861
204 2152 204 876
212 2193 204 861
205 2173 204 865
205 2173 204 865
213 2162 213 868
204 2151 204 878
212 2198 204 861
213 2201 213 859
216 2190 213 859
205 2164 204 869
205 2176 204 863
204 2160 204 871
204 2156 204 873
204 2152 204 876
213 2164 213 868
204 2162 204 870
222 2196 222 857
213 2165 213 868
204 2157 204 871
213 2164 213 868
204 2158 204 871
204 2150 204 878
222 2209 222 857
205 2176 204 863
213 2162 213 868
204 2152 204 876
213 2201 213 859
204 2159 204 871
205 2173 204 865
204 2152 204 876
204 2150 204 878
213 2206 213 859
222 2227 222 857
213 2162 213 868
215 2236 204 861
204 2168 204 869
204 2159 204 871
207 2204 204 861
213 2164 213 868
204 2159 204 871
204 2160 204 871
204 2159 204 871
205 2176 204 863
213 2164 213 868
205 2176 204 863
204 2168 204 869
222 2196 222 857
205 2173 204 865
204 2150 204 878
204 2156 204 873
204 2156 204 873
213 2162 213 868
205 2176 204 863
204 2158 204 871
204 2156 204 873
204 2150 204 878
214 2170 213 866
204 2152 204 876
213 2182 213 861
213 2164 213 868
205 2164 204 869
204 2150 204 878
205 2176 204 863
205 2176 204 863
213 2220 213 859
205 2164 204 869
205 2173 204 865
205 2173 204 865
213 2206 213 859
205 2176 204 863
205 2165 204 869
213 2164 213 868
206 2302 204 861
213 2162 213 868
213 2162 213 868
204 2153 204 876
213 2182 213 861
205 2176 204 863
213 2162 213 868
204 2159 204 871
204 2153 204 876
204 2156 204 873
231 2230 231 855
205 2176 204 863
204 2159 204 871
204 2153 204 876
213 2207 213 859
213 2163 213 868
213 2182 213 861
205 2164 204 869
204 2156 204 873
205 2173 204 865
205 2176 204 863
204 2151 204 878
212 2193 204 861
204 2168 204 869
205 2173 204 865
205 2173 204 865
214 2170 213 866
205 2173 204 865
205 2164 204 869
204 2152 204 876
204 2152 204 876
213 2163 213 868
206 2214 204 861
204 2153 204 876
