921 35.7473
324 3368 321 814
321 3377 321 814
321 3377 321 814
206 2420 204 870
204 2487 204 872
204 2487 204 872
324 3368 321 814
312 3050 312 816
237 3160 210 848
303 2951 303 818
312 3050 312 816
267 2850 267 826
276 2922 276 824
276 2922 276 824
294 2973 294 820
267 2850 267 826
262 2821 258 828
258 2711 258 840
303 2951 303 818
298 2950 294 820
289 2947 285 822
285 2889 285 824
245 2842 222 838
249 2693 249 849
261 2718 249 830
252 2821 240 832
213 2522 213 864
237 3160 210 848
228 2760 221 845
238 2811 213 844
237 2783 204 850
250 2725 231 840
211 2558 211 866
231 2652 231 851
240 2726 240 836
240 3091 240 832
206 2469 204 868
240 3091 240 832
215 2683 213 857
206 2420 204 870
204 2558 204 870
223 2589 204 866
222 2604 222 855
258 2882 258 828
216 2513 210 866
216 2459 213 866
229 2640 222 853
285 2989 285 822
241 3013 240 832
294 2973 294 820
231 2652 231 851
230 2709 213 850
231 3042 231 838
222 2781 222 842
213 2482 213 866
234 2592 231 853
204 2608 204 862
219 2612 213 856
219 2612 213 856
240 2731 240 834
223 2742 204 860
206 2469 204 868
289 2947 285 822
221 2693 211 861
285 2889 285 824
236 2995 231 836
214 2520 213 859
249 2915 249 830
236 3029 204 852
237 2848 231 834
225 2502 222 859
219 2879 204 858
227 2754 222 844
240 2726 240 836
231 2727 231 840
298 2950 294 820
254 2887 249 830
240 2910 221 842
233 2964 213 846
213 2564 213 861
225 2502 222 859
261 2718 249 830
228 2760 221 845
205 2473 204 870
231 2859 221 843
249 2806 249 832
211 2697 211 860
243 2896 210 848
242 2996 210 848
221 2693 211 861
216 2513 210 866
226 2651 213 855
239 2816 231 836
222 2829 210 852
213 2564 213 861
243 2899 222 838
233 2765 222 843
222 2829 210 852
254 2887 249 830
249 2693 249 849
233 2964 213 846
211 2697 211 860
204 2608 204 862
252 2906 249 830
229 2640 222 853
227 2823 213 851
242 2874 240 832
287 2948 285 822
252 2821 240 832
227 2486 222 857
219 2879 204 858
286 2964 285 822
232 2868 231 838
236 3029 204 852
231 3042 231 838
245 2742 222 840
243 2896 210 848
235 2905 222 840
234 2919 222 840
226 2515 222 855
285 2989 285 822
250 2725 231 840
232 2868 231 838
227 2823 213 851
245 2842 222 838
231 2960 222 840
236 2819 231 838
235 2878 213 844
233 2765 222 843
245 2742 222 840
249 2915 249 830
227 2486 222 857
258 2770 258 830
226 2651 213 855
234 2592 231 853
249 2856 240 832
287 2948 285 822
238 2719 231 842
237 2726 231 838
286 2964 285 822
262 2821 258 828
233 2964 222 838
238 2719 231 842
234 2847 231 838
258 2770 258 830
238 2811 213 844
240 2731 240 834
231 2727 231 840
243 2899 222 838
252 2906 249 830
324 3368 321 814
335 4482 222 846
323 3902 222 858
321 3532 321 814
267 2936 249 838
253 3202 231 838
295 3106 285 822
303 3620 303 818
298 3305 294 820
275 3365 267 828
328 3565 312 816
286 3243 267 826
326 3690 312 816
261 3063 240 834
311 3217 303 820
284 3321 276 824
278 3220 240 832
263 2989 240 834
258 3077 258 830
280 3189 276 826
256 3095 249 830
312 3413 312 818
313 3317 312 818
285 3214 258 828
282 3448 267 826
279 3282 267 829
281 3136 276 826
344 3812 312 816
331 3554 321 819
321 3575 321 814
274 3405 231 841
267 3135 258 847
263 3171 240 839
301 3308 285 822
311 3693 231 838
327 3639 312 818
325 3803 303 818
296 3367 276 824
305 3500 294 820
271 3434 249 832
286 3229 276 829
314 3375 294 820
319 3811 303 818
282 3373 231 844
283 3550 240 834
296 3553 240 832
286 3462 240 836
285 3314 249 830
288 3375 267 826
289 3221 276 828
282 3380 267 829
267 3183 258 830
277 3157 258 830
274 3325 249 838
286 3495 267 826
285 3346 267 828
285 3378 258 828
339 3808 303 818
333 3601 321 814
328 3654 321 814
317 3853 258 828
309 3829 231 844
304 3216 285 831
269 3385 240 847
276 3304 258 844
314 3435 249 837
301 3527 294 822
287 3553 249 832
298 3552 240 840
293 3347 249 842
283 3361 276 831
329 3783 258 828
291 3547 249 835
316 3416 267 828
317 3710 294 820
297 3589 240 836
309 3368 276 824
311 3640 294 821
292 3422 285 826
326 3800 258 828
303 3422 267 826
310 3741 294 820
306 3389 285 829
303 3694 276 824
287 3771 249 830
281 3369 258 830
304 3392 285 822
307 3369 276 829
302 3408 285 822
357 4376 303 820
337 3687 321 816
312 3391 312 833
305 3600 240 838
300 3724 240 836
281 3428 267 830
311 3822 276 824
310 3549 285 822
328 3491 267 828
316 3479 276 826
318 3680 249 832
289 3414 258 832
290 3605 249 834
302 3498 285 824
298 3523 258 830
312 3820 249 830
314 3716 276 824
303 3631 267 828
295 3602 258 830
304 3630 267 828
333 3763 276 824
320 3691 285 822
317 3921 285 824
314 3511 294 825
312 3674 240 840
306 3418 276 836
293 3565 267 833
296 3534 258 838
320 3762 249 832
302 3520 285 829
306 3654 267 828
312 3622 258 830
324 3902 276 825
332 3825 276 826
312 3868 249 836
311 3511 285 827
304 3682 258 835
311 3774 258 830
319 3836 285 825
320 3564 285 824
351 3790 294 822
345 3930 285 822
336 3922 303 823
335 4178 276 824
325 3866 249 851
303 3530 303 829
308 3791 258 842
332 3999 276 826
313 3747 276 839
316 3807 267 833
319 3747 294 829
328 3938 267 828
317 3666 267 840
313 3896 276 833
357 4090 303 822
339 4224 276 826
329 4077 267 828
321 3746 276 845
343 4028 267 833
353 4155 267 828
337 4132 285 831
324 3383 321 814
321 3426 321 814
321 3426 321 814
206 2420 204 870
204 2487 204 872
204 2487 204 872
237 3160 210 848
324 3383 321 814
294 2973 294 820
312 3050 312 816
285 2889 285 824
312 3050 312 816
267 2850 267 826
303 2951 303 818
276 2922 276 824
289 2947 285 822
262 2821 258 828
276 2922 276 824
267 2850 267 826
303 2951 303 818
298 2950 294 820
258 2711 258 840
261 2718 249 830
210 2669 210 866
249 2885 222 838
249 2693 249 849
252 2821 240 832
240 2726 240 836
231 2652 231 851
220 2756 220 856
238 2811 213 844
250 2725 231 840
204 2558 204 870
237 2783 204 850
206 2420 204 870
206 2469 204 868
216 2459 213 866
235 2905 210 853
246 2834 240 833
231 2859 221 843
249 2900 249 830
224 2651 210 865
225 2502 222 859
240 3115 210 848
218 2527 213 859
242 3017 210 848
232 3078 221 842
239 2999 210 849
223 2589 204 866
227 2486 222 857
214 2794 204 855
258 2882 258 828
213 2482 213 866
236 2903 222 838
226 2515 222 855
211 2616 211 862
211 2612 211 864
206 2469 204 868
221 2693 211 861
240 2970 240 832
213 2578 213 859
226 2931 213 846
229 2958 222 840
231 3040 213 844
211 2697 211 860
240 2731 240 834
225 2752 204 856
240 2726 240 836
233 2656 210 864
285 3013 285 822
231 2885 231 836
226 2828 222 842
251 2830 221 842
240 3115 210 848
298 2950 294 820
230 3002 204 852
254 2725 249 832
286 2964 285 822
259 2881 258 828
230 2709 213 850
229 2640 222 853
215 2627 204 866
241 2965 240 833
215 2683 213 857
245 2874 210 849
244 2787 221 844
228 2833 213 845
241 3063 210 848
213 2564 213 861
220 2600 213 857
228 2760 221 845
223 2829 213 852
205 2473 204 870
222 2652 222 853
227 2764 213 851
226 2931 213 846
224 2804 222 844
217 2606 204 866
285 3009 285 823
261 2718 249 830
243 3071 221 842
222 2604 222 855
211 2558 211 866
223 2570 213 857
210 2669 210 866
227 2826 213 848
285 3009 285 823
249 2693 249 849
231 2652 231 851
224 2791 222 847
211 2697 211 860
211 2616 211 862
220 2756 220 856
214 2704 204 866
237 2848 231 834
224 2791 222 847
250 2732 249 832
234 2592 231 853
213 2578 213 859
256 2782 249 830
252 2821 240 832
245 2742 222 840
232 2796 231 836
221 2693 211 861
215 2683 213 857
256 2782 249 830
254 2725 249 832
250 2725 231 840
243 2771 222 842
238 2811 213 844
224 2804 222 844
245 2964 221 842
234 2847 213 844
229 2958 222 840
232 2842 222 840
285 3013 285 822
244 2787 221 844
242 2887 240 832
235 2762 231 836
233 2656 210 864
228 2760 213 851
218 2472 213 861
213 2522 213 864
239 2999 210 849
226 2780 222 844
236 2903 222 838
227 2826 213 848
245 2742 222 840
251 2830 221 842
237 2726 231 838
243 2771 222 842
318 3734 303 818
312 3368 312 816
244 3018 213 844
240 2908 240 838
292 3521 240 832
246 3213 222 842
248 3178 231 836
301 3301 294 820
276 3407 222 838
295 3334 285 822
249 3268 249 832
294 3407 294 820
271 3123 258 828
281 3382 276 826
285 3341 240 834
272 3152 249 830
291 3347 276 824
267 3067 267 830
295 3083 276 827
296 3360 267 826
259 3097 249 832
266 3047 249 832
254 3161 249 832
299 3316 294 820
269 3122 267 828
267 3153 267 828
346 3766 303 818
316 3593 312 816
314 3956 222 843
284 3075 276 832
261 3190 213 846
252 3197 222 856
317 3613 267 826
313 3650 240 834
309 3495 276 824
285 3429 249 830
262 3305 232 840
291 3475 285 827
294 3448 294 820
271 3094 258 833
269 3230 267 828
257 3388 222 846
264 3192 240 836
305 3337 285 822
280 3258 231 837
274 3164 258 830
307 3320 294 820
283 3268 258 828
273 3465 231 836
302 3349 276 826
301 3376 294 821
300 3217 267 828
299 3345 285 822
278 3084 267 833
277 3334 258 828
324 3744 267 826
319 3995 240 834
312 3513 294 820
294 3205 231 849
280 3304 222 851
272 3319 221 849
278 3368 240 841
299 3668 285 823
311 3541 276 824
300 3492 249 830
291 3217 249 843
280 3527 231 836
319 3433 285 822
279 3284 267 833
299 3719 294 822
293 3564 249 833
282 3393 258 835
291 3301 258 828
280 3319 249 841
281 3451 267 829
286 3402 258 828
305 3543 294 822
284 3252 258 830
307 3386 294 822
285 3526 231 841
282 3299 267 828
284 3292 267 828
345 4027 267 826
314 3550 303 820
312 3839 294 820
295 3627 222 855
292 3305 258 840
279 3367 249 855
282 3421 240 845
331 3847 285 822
316 3920 249 830
324 3625 294 820
340 3933 276 824
296 3439 258 828
314 3940 285 824
289 3758 231 843
285 3427 258 834
306 3777 231 836
285 3679 249 837
290 3556 240 836
282 3374 267 828
295 3479 258 832
305 3548 249 832
306 3542 231 838
314 3842 276 826
287 3795 240 836
314 3753 294 822
287 3390 249 844
333 4044 294 820
315 3755 231 840
304 3410 285 831
295 3872 240 850
284 3584 267 830
312 3958 294 825
296 3716 249 842
323 3793 294 822
328 3868 276 826
297 3594 240 836
295 3551 276 834
308 3691 249 832
299 3436 267 828
286 3713 258 835
304 3479 258 832
287 3556 258 836
297 3679 258 828
299 3542 258 830
305 3837 249 832
298 3487 267 828
346 3809 249 834
341 4091 249 836
341 3879 294 823
314 3701 240 858
310 3489 258 832
300 4038 240 837
300 3532 294 828
305 3562 267 839
319 3981 294 825
306 3554 285 831
316 3766 258 828
311 3866 249 837
308 3776 258 828
312 3754 240 838
372 4137 240 846
324 3867 258 834
318 3853 258 836
317 4021 258 831
374 4762 258 836
338 3953 276 853
336 4340 258 841
321 3567 321 814
321 3567 321 814
206 2420 204 870
204 2487 204 872
204 2487 204 872
240 3091 240 832
312 3050 312 816
294 2973 294 820
285 2889 285 824
312 3050 312 816
303 2951 303 818
267 2850 267 826
289 2947 285 822
276 2922 276 824
262 2821 258 828
303 2951 303 818
298 2950 294 820
267 2850 267 826
276 2922 276 824
231 2727 231 840
252 2821 240 832
261 2718 249 830
249 2751 249 832
210 2669 210 866
240 2726 240 836
237 2783 204 850
250 2725 231 840
258 2711 258 840
220 2756 220 856
245 2742 222 840
206 2469 204 868
206 2420 204 870
230 2709 213 850
204 2558 204 870
257 2918 249 831
218 2527 213 859
230 2812 221 842
240 3091 240 832
221 2693 211 861
237 2726 231 838
216 2459 213 866
223 2589 204 866
211 2616 211 862
226 2776 213 846
227 2486 222 857
222 2876 222 842
231 2885 231 836
213 2482 213 866
211 2612 211 864
211 2697 211 860
244 2716 240 836
258 2862 258 828
240 2731 240 834
215 2683 213 857
213 2564 213 861
258 2711 258 840
228 2777 222 838
234 2995 210 849
224 2781 213 844
228 2760 221 845
215 2844 213 853
298 2950 294 820
253 2924 249 830
246 2905 240 832
221 2851 213 850
249 2956 249 830
228 2792 204 852
215 2907 204 867
235 2923 231 834
222 2743 213 848
223 2807 213 846
250 2937 249 830
222 2604 222 855
285 3013 285 822
286 2964 285 822
285 3013 285 822
223 2634 222 849
228 2792 204 852
244 2716 240 836
237 2848 231 834
285 3009 285 823
227 2825 210 850
228 2927 221 842
205 2473 204 870
257 2918 249 831
234 2592 231 853
230 2709 213 850
235 2790 210 848
235 2763 204 865
224 2781 213 844
218 2527 213 859
225 2502 222 859
223 2849 204 854
206 2469 204 868
220 2686 210 864
241 3013 240 832
252 2821 240 832
231 3041 210 848
233 2656 210 864
213 2564 213 861
220 2764 220 855
211 2558 211 866
233 2897 204 850
225 2502 222 859
226 2651 213 855
258 2862 258 828
225 2679 222 842
285 3009 285 823
220 2756 220 856
211 2697 211 860
211 2616 211 862
218 2761 211 859
234 2995 210 849
215 2907 204 867
261 2718 249 830
216 2513 210 866
235 2763 204 865
228 2760 221 845
223 2849 204 854
220 2764 220 855
259 2904 249 830
235 2923 231 834
210 2669 210 866
231 3041 210 848
226 2515 222 855
222 2876 222 842
286 2964 285 822
249 2956 249 830
226 2651 213 855
223 2634 222 849
259 2904 249 830
224 2749 222 846
245 2742 222 840
233 2656 210 864
230 2954 204 850
245 2921 240 832
241 3013 240 832
211 2664 210 866
234 2592 231 853
258 2770 258 830
213 2522 213 864
232 2749 231 836
233 2737 231 838
216 2513 210 866
253 2924 249 830
262 2821 258 828
232 2749 231 836
204 2558 204 870
235 2790 210 848
222 2743 213 848
328 3761 294 821
325 3972 276 824
317 3402 312 816
273 3356 221 849
270 3454 213 848
237 2863 231 838
290 3598 213 846
267 3020 267 830
309 3728 240 833
268 3126 258 828
248 3181 222 844
263 2948 249 834
320 3828 294 820
301 3653 285 822
325 3758 303 818
256 3229 240 836
288 3308 285 824
282 3390 276 825
277 3472 267 826
283 3526 221 842
303 3483 303 820
284 3503 232 836
252 3102 222 845
296 3762 249 830
297 3729 222 838
261 3263 222 839
306 3449 294 822
274 3200 222 840
295 3316 240 834
278 3464 249 832
272 3115 267 828
306 3442 303 820
284 3243 249 832
334 3760 285 822
332 4000 276 824
312 3452 303 822
272 3312 222 843
257 3053 249 838
316 3810 240 834
305 3720 222 840
328 3675 285 824
286 3369 249 834
257 3208 231 840
268 3219 258 835
283 3396 258 828
281 3590 249 832
269 3111 231 838
293 3611 267 826
296 3447 285 827
275 3416 222 842
271 3098 267 830
298 3866 240 834
292 3473 240 837
298 3464 276 825
264 3064 240 838
273 3306 258 830
281 3215 249 836
273 3373 249 837
262 3209 231 838
339 4004 285 822
272 3471 222 852
258 3103 258 846
321 3926 240 834
311 3714 267 826
299 3770 267 829
265 3315 231 844
300 3492 276 826
278 3132 276 833
293 3499 249 836
318 3832 240 836
275 3548 222 847
307 3518 258 828
276 3193 231 838
283 3340 258 830
279 3179 258 841
307 3521 249 835
270 3486 240 843
275 3194 231 850
277 3471 222 851
269 3448 258 836
271 3298 240 846
278 3358 258 830
353 4247 285 822
286 3238 249 845
273 3342 231 846
268 3342 240 846
336 4153 276 826
340 4172 249 834
323 3737 267 827
298 3881 249 836
324 3843 240 836
308 3672 285 826
277 3359 231 843
309 3682 258 828
295 3551 249 838
315 3869 240 839
289 3282 276 834
306 3592 276 829
332 3616 276 828
285 3375 267 833
292 3434 258 833
290 3368 258 834
294 3389 267 830
279 3363 240 841
290 3682 258 832
285 3279 240 841
278 3400 240 842
341 3877 267 827
320 3761 285 827
317 4009 258 828
307 3500 231 850
299 3439 294 831
293 3295 288 838
291 3538 231 843
279 3484 258 845
287 3324 276 849
306 3907 249 836
325 3774 258 828
281 3385 240 844
315 3783 240 841
292 3589 249 842
309 3639 285 832
298 3459 285 833
294 3566 294 830
311 3822 267 832
295 3549 267 842
298 3446 258 834
314 3784 258 830
315 3627 267 831
298 3536 249 842
346 4187 267 827
315 3625 288 833
302 3537 267 834
293 3560 231 850
328 3758 240 847
296 3624 252 843
332 3855 258 828
325 4005 267 829
358 4518 258 830
312 3588 267 835
309 3573 267 840
298 3587 240 859
313 3685 258 847
343 3985 258 831
305 3696 267 841
349 4140 258 832
324 3656 267 845
313 3606 303 838
324 3659 270 839
350 4309 294 841
