25649 870.55
295 3622 243 1185
382 4699 347 1297
310 3983 258 1023
405 5329 255 1288
432 5515 258 1409
350 4219 291 1247
324 4296 225 921
307 4038 288 907
410 5473 348 1226
314 3899 282 1129
289 3363 249 910
331 4576 249 1131
342 4168 237 979
288 3758 264 1149
308 4162 276 1171
327 4207 213 1011
402 4908 351 1230
379 5075 237 1249
334 4348 243 1176
312 4137 234 1055
355 4909 243 1275
393 5118 261 1438
322 4121 243 956
299 3973 222 929
335 4274 285 1008
357 4193 324 1256
345 4417 252 1137
301 3938 222 995
333 4416 237 1165
341 4371 282 1006
354 4747 285 1223
385 4501 255 1173
377 4937 303 1229
518 6428 259 1411
403 5173 286 1137
306 3956 249 1119
327 4104 261 1226
311 4106 237 1037
345 4627 241 1249
366 4456 306 1194
311 4001 273 1147
312 4132 258 1148
313 4172 234 1013
288 3837 234 1028
272 3429 213 897
396 5237 274 1327
352 4784 258 1292
294 3810 231 951
302 3749 267 939
263 3386 225 957
329 4083 270 1022
351 4475 243 1210
326 4272 279 1086
298 3919 243 970
319 4095 279 1031
306 4097 234 983
288 3786 249 992
398 5417 250 1478
320 4243 295 1210
406 4752 295 1331
341 4377 237 1092
320 4091 261 1000
335 4353 246 1069
262 3471 246 1010
322 4423 261 1096
294 3903 255 1056
471 6216 326 1377
234 3137 222 883
312 3756 235 924
332 4390 276 1152
336 4158 276 1121
360 4763 252 1101
282 3838 240 1092
358 4677 279 1009
313 4033 252 1080
397 5393 291 1337
346 4807 285 1118
342 4539 246 1144
269 3575 243 1012
408 5526 264 1259
334 3978 253 1192
327 4150 279 1192
292 3968 237 1047
313 3986 276 1040
339 4327 246 1279
354 4410 222 1090
336 4261 294 1040
320 4182 213 1036
323 4192 237 1203
308 3950 252 1118
281 3578 258 1028
307 4150 237 1026
352 4419 288 1211
401 5113 261 1170
278 3479 240 890
242 3296 222 1054
332 4162 255 1017
366 4684 243 1118
322 4126 216 1111
271 3621 252 925
332 4075 222 964
326 4039 243 1086
372 4682 258 1140
356 4598 225 1020
319 4155 250 1187
342 4431 282 1185
348 4451 255 1026
339 4559 258 1091
322 4220 273 1276
288 3620 252 1036
289 3918 247 1089
315 4075 213 1124
323 4085 240 949
271 3619 234 1074
383 4710 289 1234
406 5153 258 1380
308 3899 276 1143
368 4280 246 1185
309 4080 258 1171
314 4249 226 1056
341 4560 243 994
361 4609 267 1201
317 4375 246 1025
379 5122 308 1457
383 4810 258 1135
310 3855 282 961
291 3791 273 1077
371 4901 289 1131
366 4795 279 1426
314 3929 237 970
295 3722 222 970
271 3433 261 889
327 4128 262 1278
280 3690 231 923
296 3727 222 975
281 3671 231 969
259 3234 213 961
333 4417 276 1076
393 4958 306 1235
300 3900 246 961
250 3362 204 928
295 3722 237 1129
322 4076 258 1143
329 4340 279 1088
315 3850 246 1202
341 4438 291 1212
362 4837 297 1049
318 3948 243 1018
351 4410 264 1069
353 4483 276 1315
334 4335 264 1155
318 4101 222 1166
358 4508 312 1142
314 3875 252 1085
333 4160 222 1196
344 4617 246 1120
293 3905 258 993
348 4610 313 1277
262 3390 222 974
368 4695 279 1136
291 3536 234 1040
261 3233 261 925
320 4403 216 1046
288 3898 258 970
282 3678 234 999
344 4363 255 1076
313 4356 282 1150
315 4006 252 1021
363 4548 319 1155
400 5293 255 1309
356 4683 246 1092
352 4646 258 1116
277 3421 258 960
268 3455 243 991
336 4506 216 1253
319 3843 238 1352
337 4299 288 1162
297 3768 255 998
281 3456 222 904
435 5873 288 1404
377 4909 254 1327
439 5534 258 1109
279 3598 243 1041
456 6197 260 1444
356 4378 297 1133
358 4789 253 1306
281 3763 246 1084
336 4025 249 1088
355 4657 253 1317
285 3761 237 990
345 4783 255 1185
348 4419 306 1171
323 4201 270 1015
391 5060 268 1452
364 4806 251 1372
329 4050 231 992
303 3782 252 1008
279 3496 255 986
319 4492 225 1128
294 3773 243 971
334 4528 252 1014
296 3700 270 937
321 4090 309 1065
297 3962 267 963
298 3753 222 926
295 3704 243 1014
370 4998 291 1236
325 4058 267 1016
380 4819 285 1027
452 5906 235 1182
332 4290 273 1135
285 3621 285 1042
363 4856 282 1064
378 4848 267 1212
366 4709 255 1149
279 3680 228 932
393 4755 246 1171
290 3593 246 1002
308 3845 234 908
388 4956 258 1212
318 3899 243 1104
350 4362 283 1327
323 4138 255 1055
328 4187 222 1163
273 3346 273 1053
326 4159 282 1028
304 4122 240 1020
321 3886 225 1127
278 3396 222 1044
346 4409 261 1312
289 3955 249 963
318 4017 261 1157
362 4595 279 1080
314 3994 264 984
365 4751 252 1017
351 4417 225 1128
362 4557 273 1073
374 5009 334 1298
313 4194 231 997
299 3746 288 962
405 5209 237 1279
304 4235 222 967
383 5144 220 1379
326 4270 240 1066
338 4421 264 1157
330 4205 291 1010
413 5230 264 1312
343 4601 279 1108
363 5011 241 1333
315 4254 243 1072
361 4515 235 1163
383 5236 260 1393
322 4251 234 1098
339 4395 240 990
298 3875 225 1031
264 3388 243 960
483 6314 286 1405
381 4722 297 1044
315 3954 213 1137
351 4438 327 1099
328 4108 273 1028
309 3925 285 1140
332 4501 234 1154
305 3952 270 1146
275 3618 213 991
397 4956 303 1242
357 4440 252 1120
308 4062 273 1054
427 5415 319 1426
403 5231 337 1375
411 5365 287 1414
472 6171 288 1387
310 3995 246 1036
318 4397 231 1058
407 5317 258 1561
333 4297 237 1172
330 4133 297 1135
452 5625 273 1467
320 4347 252 993
391 5341 267 1147
272 3409 222 915
339 4514 273 1068
400 5201 279 1392
247 3165 222 1091
455 5949 276 1512
288 3725 252 1062
315 4022 279 1043
287 3829 234 984
304 4202 285 1160
353 4610 285 1068
407 5241 300 1326
407 5287 227 1389
379 4896 273 1166
301 4055 243 1047
339 4338 240 1053
332 4330 222 908
292 3785 252 998
271 3439 243 988
357 4519 282 1047
329 4353 255 1218
