37 1.50461
276 3697 211 939
244 3338 204 1083
244 3338 204 1083
242 3147 220 992
223 2954 211 1006
262 3444 211 956
273 3645 204 961
273 3557 204 963
246 3032 204 1025
255 3353 211 967
249 3303 204 970
248 3061 204 995
246 3032 204 1025
249 3303 204 970
248 3360 204 964
249 3303 204 970
244 3338 204 1083
300 3854 211 953
261 3211 204 1140
248 3238 204 1038
227 3086 213 1037
227 3086 213 1037
278 3651 204 961
267 3323 206 988
243 3178 211 1024
258 3470 204 969
262 3362 204 977
268 3548 211 962
249 3543 204 967
244 3177 211 1009
254 3299 204 1027
244 3177 211 1009
249 3338 204 998
253 3353 204 995
254 3312 204 996
243 3178 211 1024
253 3353 204 995
244 3177 211 1009
243 3178 211 1024
243 3178 211 1024
227 3086 213 1037
333 4184 211 964
274 3371 220 992
248 3266 204 1083
243 3199 211 1154
237 3192 213 1038
307 3830 204 967
259 3501 218 980
273 3542 207 974
256 3237 211 1153
256 3526 213 1008
244 3270 211 1087
283 3704 204 976
273 3590 205 972
243 3199 211 1154
279 3714 204 970
267 3670 204 977
274 3371 220 992
261 3496 204 1005
263 3409 204 984
253 3481 204 1026
249 3277 211 1069
244 3325 211 1059
258 3339 204 1013
237 3192 213 1038
252 3243 211 1046
250 3281 204 1074
269 3317 211 1045
254 3495 204 1022
251 3410 211 1019
244 3325 211 1059
263 3461 211 979
263 3461 211 979
269 3317 211 1045
256 3479 211 1018
258 3370 204 1010
250 3281 204 1074
248 3266 204 1083
244 3270 211 1087
258 3370 204 1010
252 3243 211 1046
251 3410 211 1019
256 3237 211 1153
256 3479 211 1018
256 3237 211 1153
256 3237 211 1153
256 3237 211 1153
256 3237 211 1153
256 3237 211 1153
248 3266 204 1083
248 3266 204 1083
244 3325 211 1059
244 3325 211 1059
244 3270 211 1087
244 3270 211 1087
244 3270 211 1087
243 3199 211 1154
243 3199 211 1154
237 3192 213 1038
237 3192 213 1038
299 3984 204 972
296 4008 204 984
285 3718 218 970
278 3628 227 977
255 3398 204 1118
251 3427 204 1087
249 3231 213 1058
244 3253 213 1078
262 3507 218 1018
252 3415 222 1049
278 3628 227 977
247 3375 211 1091
254 3340 211 1093
298 3937 204 982
245 3378 220 1054
268 3723 211 977
270 3677 204 988
261 3457 204 1034
270 3499 206 988
281 3595 211 983
268 3346 204 1115
256 3481 204 1062
270 3499 206 988
259 3480 211 1046
266 3529 204 1025
268 3409 204 1001
261 3559 204 1027
264 3557 204 999
265 3355 211 1020
258 3479 204 1059
284 3648 204 996
280 3640 211 973
299 3984 204 972
298 3937 204 982
282 3717 204 986
284 3648 204 996
255 3398 204 1118
266 3406 204 1089
282 3717 204 986
297 3994 204 975
297 3994 204 975
256 3481 204 1062
268 3723 211 977
298 3937 204 982
297 3994 204 975
284 3648 204 996
278 3628 227 977
270 3499 206 988
268 3723 211 977
256 3481 204 1062
256 3481 204 1062
256 3481 204 1062
255 3398 204 1118
255 3398 204 1118
255 3398 204 1118
255 3398 204 1118
312 4165 218 972
312 4165 218 972
259 3246 219 1071
255 3536 204 1173
255 3536 204 1173
247 3360 218 1088
271 3667 207 1034
289 3718 204 986
278 3872 204 992
265 3428 204 1103
257 3578 211 1074
268 3459 213 1008
261 3463 211 1056
287 3696 211 987
259 3365 213 1095
283 3636 204 1015
273 3416 211 1072
247 3360 218 1088
281 3791 211 981
272 3535 204 1031
281 3791 211 981
281 3647 204 1020
266 3571 211 1030
269 3576 204 1080
272 3731 211 982
270 3672 204 1021
270 3451 211 1013
266 3729 204 1004
268 3459 213 1008
268 3461 211 1002
268 3461 211 1002
312 4165 218 972
281 3791 211 981
268 3461 211 1002
268 3461 211 1002
268 3461 211 1002
255 3536 204 1173
324 3773 204 1012
304 3875 211 984
289 3897 204 994
276 3537 220 1008
275 3524 213 1035
274 3551 204 1044
264 3631 213 1077
270 3640 211 1003
281 3627 211 1031
293 3742 211 991
288 3645 204 1025
283 3807 204 1006
296 3888 211 988
290 3746 211 998
287 3806 204 1009
295 3763 204 1024
294 3770 204 1015
313 3947 213 989
300 4088 217 990
288 3552 211 1058
275 3626 204 1052
270 3640 211 1004
279 3672 204 1047
295 3899 204 998
300 3842 211 1002
292 3867 211 1000
295 3604 211 1052
336 4429 204 1016
327 4402 218 994
294 3627 211 1080
277 3657 204 1056
276 3682 213 1111
273 3672 227 1059
301 4064 204 1043
277 3829 211 1013
310 3996 211 998
289 3652 218 1007
274 3754 222 1014
305 3966 204 1033
298 3642 204 1088
274 3727 220 1052
284 3678 212 1004
295 4018 211 1002
281 3786 211 1053
310 3861 204 1050
298 3687 211 1038
292 3786 211 1048
306 3736 211 1012
301 3894 211 1002
300 3890 204 1048
293 3742 204 1055
316 4066 204 1036
313 4184 204 1037
310 4068 211 1000
295 3686 204 1106
293 3831 220 1058
290 3711 204 1086
277 3856 220 1024
285 3764 211 1101
288 3843 207 1074
302 4173 213 1034
297 3987 218 1026
306 3941 218 1004
292 3972 213 1041
297 4033 204 1056
301 3889 218 1017
301 3748 211 1049
308 4042 211 1033
292 3907 211 1047
288 3726 211 1078
293 3866 204 1080
333 4256 204 1037
320 4134 217 1008
303 3962 220 1061
296 4213 204 1082
289 3739 211 1110
314 4125 211 1010
311 3918 211 1048
301 4054 220 1057
295 3986 211 1108
300 4126 218 1039
304 4165 204 1066
297 3969 204 1085
308 3971 211 1074
311 4133 204 1077
361 4860 218 1008
346 4943 204 1046
312 4173 233 1039
312 4056 204 1113
299 4088 211 1086
323 4374 204 1102
316 4194 212 1016
324 4309 204 1084
321 4157 211 1057
318 4092 211 1072
316 4343 211 1033
312 4179 211 1048
356 4872 204 1110
339 4735 204 1124
327 4527 218 1025
322 4099 211 1090
317 4223 220 1048
305 4194 211 1164
333 4579 211 1048
327 4461 211 1104
323 4395 218 1107
347 4594 211 1128
329 3845 204 950
289 4045 204 950
284 3774 222 941
234 3021 204 987
231 2985 213 977
224 3006 213 1009
301 3931 204 948
250 3128 220 954
230 3180 213 1003
237 3062 216 969
270 3494 213 946
282 3667 204 958
264 3594 204 971
248 3046 216 971
270 3494 213 946
278 3701 204 952
260 3289 213 964
263 3375 213 956
247 3297 213 966
253 3356 204 982
259 3339 204 985
235 3043 213 976
276 3870 204 967
276 3870 204 967
253 3355 204 984
263 3296 204 973
260 3289 213 964
263 3296 204 973
248 3046 216 971
328 4239 204 960
284 3370 225 967
278 3496 222 957
242 3026 204 1036
235 3072 204 1003
234 3138 213 995
266 3614 220 969
310 3970 204 964
287 3403 211 984
294 3767 213 965
300 4013 204 968
249 3262 204 993
256 3443 204 987
285 3808 204 971
273 3652 204 978
307 3704 211 971
243 3189 204 994
278 3556 213 968
239 3171 204 996
278 3496 222 957
289 3787 213 957
283 3626 204 974
255 3501 204 983
275 3380 213 972
294 3767 213 965
307 3704 211 971
255 3411 213 974
267 3431 204 983
272 3648 213 970
239 3165 213 994
272 3648 213 970
364 4864 204 969
294 3632 222 961
294 3632 222 961
267 3080 213 1060
267 3080 213 1060
237 3082 204 1060
343 4492 213 961
299 4009 216 969
242 3089 222 1013
247 3259 211 1001
242 3089 222 1013
330 4226 213 965
313 4305 213 967
292 3669 204 976
304 4059 213 969
330 4226 213 965
246 3383 213 994
257 3273 204 1005
304 3915 213 974
270 3502 204 986
284 3850 213 975
280 3889 204 982
261 3505 204 983
313 4305 213 967
247 3259 211 1001
294 4016 204 971
261 3458 213 978
240 3300 204 1005
260 3168 213 1001
258 3596 204 992
284 3850 213 975
258 3462 213 987
238 3109 204 1012
267 3240 204 996
249 3246 213 1001
238 3109 204 1012
280 3889 204 982
259 3208 204 1001
244 3285 204 999
246 3383 213 994
258 3596 204 992
244 3285 204 999
260 3354 204 995
260 3354 204 995
257 3498 204 994
257 3498 204 994
249 3246 213 1001
237 3082 204 1060
313 4305 213 967
284 3850 213 975
284 3850 213 975
280 3889 204 982
280 3889 204 982
246 3383 213 994
244 3285 204 999
238 3109 204 1012
332 4235 213 967
332 4235 213 967
303 3853 222 972
267 3105 211 1088
267 3105 211 1088
241 3179 204 1015
238 3217 211 1037
301 3942 204 981
266 3614 220 992
284 4007 204 982
241 3119 213 1068
281 3659 213 978
241 3179 204 1015
269 3592 211 986
287 3603 204 983
241 3119 213 1068
242 3160 204 1051
300 3512 204 990
266 3614 220 992
238 3217 211 1037
275 3484 204 995
253 3326 204 1006
257 3541 213 996
242 3160 204 1051
247 3386 213 997
281 3659 213 978
301 3942 204 981
261 3652 204 986
260 3449 204 1005
258 3350 211 1000
253 3173 204 1041
253 3326 204 1006
272 3488 213 993
253 3173 204 1041
246 3385 213 998
260 3486 204 1001
271 3518 204 985
260 3449 204 1005
300 3512 204 990
246 3385 213 998
269 3523 213 986
271 3518 204 985
247 3386 213 997
269 3523 213 986
332 4235 213 967
267 3105 211 1088
267 3105 211 1088
267 3105 211 1088
267 3105 211 1088
267 3105 211 1088
253 3326 204 1006
253 3326 204 1006
247 3386 213 997
247 3386 213 997
247 3386 213 997
242 3160 204 1051
241 3179 204 1015
241 3119 213 1068
241 3119 213 1068
238 3217 211 1037
338 4471 204 982
290 3922 213 980
260 3524 229 999
246 3183 204 1073
241 3215 204 1037
238 3266 211 1159
238 3266 211 1159
338 4471 204 982
311 3917 211 984
289 3926 204 983
262 3463 222 1013
260 3524 229 999
262 3463 222 1013
297 3540 204 991
274 3731 204 986
240 3245 213 1046
240 3245 213 1046
248 3293 213 1033
279 3352 213 1016
253 3370 204 1021
271 3692 204 992
262 3488 204 1008
259 3590 204 1007
270 3566 211 1005
266 3598 211 1005
265 3379 204 1011
278 3692 204 986
266 3387 213 1001
277 3526 204 993
241 3215 204 1037
273 3198 204 1036
245 3385 204 1026
267 3335 204 1024
277 3546 204 991
267 3335 204 1024
245 3385 204 1026
250 3279 213 1018
271 3532 204 1004
252 3261 211 1022
252 3194 213 1039
250 3279 213 1018
279 3352 213 1016
252 3194 213 1039
266 3387 213 1001
259 3590 204 1007
271 3545 213 985
266 3598 211 1005
338 4471 204 982
252 3194 213 1039
245 3385 204 1026
292 3885 204 986
283 3904 204 987
280 3869 213 985
280 3552 222 988
258 3191 216 1076
255 3360 204 1080
243 3241 211 1069
250 3341 213 1028
273 3769 218 989
291 3602 213 989
271 3574 204 1005
276 3723 204 1000
263 3541 213 1020
260 3413 204 1023
278 3508 213 1013
287 3454 204 1017
287 3436 211 1020
285 3655 213 989
281 3708 213 986
278 3752 204 988
302 4042 213 985
290 4067 204 995
265 3485 204 1031
256 3329 229 1069
271 3704 220 1017
288 3857 211 994
283 3783 216 999
298 3824 204 995
292 3877 204 1002
276 3564 213 1030
275 3749 204 1009
295 4030 204 1001
280 3709 213 1023
276 3712 213 1028
296 3779 213 997
348 4582 213 986
272 3704 204 1042
270 3517 213 1042
299 3908 204 998
323 4186 213 991
293 3959 211 996
295 3964 204 1018
291 3815 213 1028
273 3536 204 1039
280 3793 204 1034
298 3791 213 1021
278 3869 204 1036
293 3890 213 994
318 4162 204 999
312 3930 213 1020
304 3766 204 1062
300 4163 204 1007
293 3848 204 1054
283 3723 213 1059
292 3774 213 1044
309 3980 204 1025
302 4017 204 1002
298 3936 213 1012
328 4013 204 1039
307 4134 204 1009
299 3848 213 1056
298 3961 213 1014
308 4111 204 1031
324 4021 204 1047
326 4185 204 1012
311 4273 211 1024
308 4235 204 1068
306 4025 213 1017
315 4208 204 1016
337 4235 213 1021
317 4345 204 1035
315 4032 213 1057
314 4070 220 1020
312 4103 213 1029
276 3711 227 945
243 2948 204 1024
240 3101 204 1050
224 2958 211 1020
231 3146 218 991
265 3427 213 954
267 3081 204 1004
265 3475 204 954
241 3231 204 964
253 3123 213 977
248 3043 211 1000
249 3031 213 1012
243 2948 204 1024
241 3231 204 964
246 3176 211 981
253 3119 204 984
252 3199 204 1004
246 3176 211 981
267 3081 204 1004
241 3139 211 1013
250 3111 204 1022
265 3475 204 954
252 3199 204 1004
240 3117 204 1016
250 3111 204 1022
240 3117 204 1016
250 3111 204 1022
243 2948 204 1024
240 3117 204 1016
280 3712 211 959
265 3590 227 956
246 2986 204 1048
246 2986 204 1048
233 3092 220 1025
275 3551 204 969
237 3240 211 1020
248 3119 220 1011
250 3385 204 971
250 3141 213 1005
246 3267 213 965
258 3365 211 980
237 3240 211 1020
254 3250 204 995
250 3325 204 998
259 3155 211 1013
233 3092 220 1025
250 3141 213 1005
255 3184 204 988
247 3264 204 1036
248 3364 204 1014
252 3318 204 983
263 3163 204 995
247 3111 211 1040
263 3163 204 995
247 3210 211 1030
252 3318 204 983
251 3274 204 1009
255 3184 204 988
247 3111 211 1040
248 3205 213 1007
256 3180 211 1009
248 3364 204 1014
251 3227 204 1021
251 3208 211 983
247 3210 211 1030
250 3385 204 971
247 3130 204 1037
256 3180 211 1009
251 3227 204 1021
251 3274 204 1009
247 3130 204 1037
263 3163 204 995
252 3318 204 983
252 3318 204 983
251 3274 204 1009
251 3227 204 1021
251 3227 204 1021
248 3364 204 1014
247 3130 204 1037
247 3111 211 1040
247 3111 211 1040
247 3111 211 1040
246 2986 204 1048
246 2986 204 1048
246 2986 204 1048
315 4285 204 972
292 3841 227 957
247 3090 204 1075
244 3338 218 1078
235 3114 220 1040
302 3906 213 971
262 3465 222 972
244 3338 218 1078
246 3316 211 1041
274 3598 211 977
270 3589 227 970
249 3354 213 1016
282 3542 220 967
249 3255 204 1051
235 3114 220 1040
250 3419 204 1004
282 3542 220 967
253 3319 204 998
253 3272 211 1027
289 3518 204 974
256 3225 204 990
257 3506 211 980
258 3353 204 987
263 3311 213 982
251 3173 204 1045
251 3177 213 1031
249 3255 204 1051
248 3294 220 1004
276 3391 204 975
274 3598 211 977
255 3369 213 973
278 3583 220 971
251 3195 213 1022
289 3518 204 974
270 3589 227 970
251 3195 213 1022
254 3388 213 981
247 3090 204 1075
278 3583 220 971
251 3173 204 1045
249 3292 220 987
248 3336 211 1037
246 3316 211 1041
251 3334 211 983
276 3442 213 972
252 3325 204 990
256 3225 204 990
263 3311 213 982
251 3182 204 1038
248 3336 211 1037
252 3325 204 990
276 3442 213 972
251 3334 211 983
251 3182 204 1038
278 3583 220 971
274 3598 211 977
274 3598 211 977
263 3311 213 982
263 3311 213 982
251 3195 213 1022
251 3182 204 1038
251 3173 204 1045
251 3173 204 1045
249 3255 204 1051
247 3090 204 1075
247 3090 204 1075
247 3090 204 1075
246 3316 211 1041
246 3316 211 1041
246 3316 211 1041
244 3338 218 1078
244 3338 218 1078
235 3114 220 1040
299 3703 204 978
285 3873 204 977
285 3619 213 973
262 3261 222 999
250 3334 204 1086
250 3334 204 1086
244 3184 220 1069
270 3460 211 990
293 3849 211 986
251 3236 216 1023
255 3328 204 1039
254 3499 204 1001
278 3565 213 981
286 3464 213 978
251 3236 216 1023
256 3372 220 1013
252 3354 213 1021
244 3184 220 1069
273 3597 204 993
287 3811 204 987
257 3379 204 995
258 3201 204 1045
284 3734 213 980
253 3185 204 1061
268 3565 204 994
265 3261 204 1019
284 3734 213 980
273 3484 220 977
287 3811 204 987
266 3573 220 974
247 3225 220 1064
247 3225 220 1064
258 3269 204 1000
252 3277 204 1041
267 3480 213 986
272 3364 211 994
258 3201 204 1045
253 3185 204 1061
273 3484 220 977
252 3277 204 1041
257 3367 220 987
267 3480 213 986
267 3480 213 986
251 3236 216 1023
247 3225 220 1064
244 3184 220 1069
244 3184 220 1069
244 3184 220 1069
244 3184 220 1069
244 3184 220 1069
306 3936 206 983
296 4034 204 977
277 3519 220 977
274 3650 227 982
268 3248 218 1035
259 3325 220 1065
257 3400 204 1043
282 3883 213 987
287 3634 213 982
303 3711 211 985
262 3371 211 1011
272 3663 216 986
277 3519 220 977
277 3341 204 1019
257 3529 220 990
266 3367 211 1001
261 3408 204 1010
276 3709 204 993
258 3362 220 1010
295 3941 204 982
295 3941 204 982
267 3405 204 995
296 4034 204 977
340 4557 211 988
302 4066 213 978
265 3621 204 1018
264 3423 218 1056
262 3375 227 1050
261 3488 213 1015
315 3957 220 992
310 3818 204 996
266 3411 204 1026
293 3655 213 995
263 3624 211 1056
283 3873 204 996
271 3414 204 1011
274 3489 204 997
274 3414 204 998
268 3396 211 1053
322 3883 204 996
300 4001 204 998
280 3411 213 1027
266 3529 204 1060
264 3488 227 1060
270 3646 220 1036
301 3617 213 1000
275 3413 210 1030
280 3621 220 1026
289 3828 204 1000
280 3722 204 1017
287 3692 211 1004
274 3604 211 1035
281 3716 204 1010
285 3804 213 997
278 3695 211 1015
285 3506 204 1006
272 3615 211 1027
310 3977 204 1007
299 3679 204 1036
292 3814 204 1008
291 3876 213 1004
275 3486 211 1031
291 3757 211 1016
301 3643 204 1008
298 3724 204 1030
300 3507 204 1015
323 3854 220 1011
317 4199 204 1010
300 3777 204 1029
297 3767 227 1025
278 3584 211 1044
287 3646 213 1033
301 3682 204 1017
281 3719 211 1038
351 4438 213 1017
302 4094 204 1067
294 3931 218 1062
279 3823 211 1067
314 4026 204 1021
300 3839 211 1057
305 3833 204 1038
304 4090 204 1031
322 3956 204 1040
316 4119 211 1027
313 4196 204 1059
306 4013 213 1050
350 4568 213 1032
332 3990 204 1042
319 4241 220 1039
318 4229 204 1073
343 4130 211 1041
323 4245 204 1041
