12829 480.185
204 2089 204 899
204 2089 204 899
321 2933 321 816
204 2131 204 871
211 2153 204 863
321 2933 321 816
312 2801 312 818
312 2801 312 818
294 2590 294 822
294 2590 294 822
303 2689 303 820
303 2689 303 820
285 2524 285 824
267 2401 267 828
204 2095 204 886
285 2524 285 824
204 2093 204 897
276 2447 276 826
276 2447 276 826
267 2401 267 828
267 2401 267 828
213 2173 213 856
231 2352 231 837
240 2316 240 837
249 2292 249 836
222 2452 222 838
249 2292 249 836
249 2265 249 838
241 2365 240 834
258 2309 258 834
258 2377 258 830
238 2404 221 842
240 2368 240 834
222 2360 222 841
303 2689 303 820
276 2447 276 826
258 2309 258 834
258 2377 258 830
276 2447 276 826
303 2689 303 820
232 2275 231 841
285 2524 285 824
285 2524 285 824
249 2359 249 834
207 2218 205 856
238 2410 222 838
208 2113 204 878
232 2275 231 841
212 2251 210 850
227 2330 222 840
204 2143 204 867
208 2109 204 880
206 2100 204 884
258 2339 258 832
207 2121 204 873
231 2281 231 840
213 2118 213 876
223 2280 213 846
212 2251 210 850
227 2305 210 848
210 2381 210 848
211 2145 204 865
207 2259 204 852
204 2182 204 859
218 2284 213 846
207 2121 204 873
221 2414 221 842
213 2107 213 882
210 2381 210 848
213 2146 213 863
204 2171 204 861
206 2100 204 884
213 2118 213 876
213 2135 213 867
204 2089 204 899
216 2179 204 857
207 2125 204 871
204 2317 204 850
207 2129 204 869
216 2290 213 846
206 2164 204 863
216 2201 213 848
223 2424 222 838
222 2192 222 852
204 2093 204 897
204 2119 204 880
213 2155 213 861
207 2125 204 871
221 2414 221 842
223 2280 213 846
204 2165 204 863
204 2110 204 882
213 2181 213 854
222 2268 222 843
211 2145 204 865
267 2364 267 830
207 2129 204 869
241 2365 240 834
267 2364 267 830
213 2181 213 854
285 2524 285 824
249 2369 249 832
303 2689 303 820
208 2175 204 859
276 2447 276 826
222 2228 222 844
238 2410 222 838
240 2323 240 836
222 2281 213 846
241 2358 240 835
212 2251 210 850
241 2358 240 835
227 2297 210 849
222 2375 222 840
231 2352 231 837
218 2284 213 846
213 2336 213 844
216 2260 213 847
207 2190 204 857
227 2321 222 841
249 2265 249 838
227 2305 210 848
227 2330 222 840
213 2270 213 847
213 2328 213 845
231 2307 231 839
222 2268 222 843
249 2292 249 836
212 2241 204 852
221 2414 221 842
207 2218 205 856
213 2328 213 845
240 2361 240 835
232 2275 231 841
222 2272 222 842
231 2314 231 838
227 2297 210 849
231 2307 231 839
223 2280 213 846
222 2228 222 844
223 2424 222 838
207 2121 204 873
213 2270 213 847
231 2307 231 839
208 2242 204 852
231 2237 231 842
213 2155 213 861
222 2192 222 852
223 2280 213 846
208 2242 204 852
232 2279 231 840
207 2190 204 857
206 2164 204 863
213 2135 213 867
204 2142 204 869
213 2213 213 850
227 2303 213 844
216 2290 213 846
213 2336 213 844
222 2207 222 846
204 2165 204 863
249 2369 249 832
204 2151 204 865
227 2297 210 849
204 2202 204 857
258 2309 258 834
222 2207 222 846
222 2452 222 838
231 2314 231 838
231 2237 231 842
227 2321 222 841
208 2175 204 859
204 2093 204 897
213 2214 213 848
212 2327 210 848
258 2377 258 830
204 2131 204 871
258 2339 258 832
218 2284 213 846
232 2275 231 841
222 2272 222 842
267 2364 267 830
241 2365 240 834
204 2110 204 882
267 2401 267 828
240 2368 240 834
204 2263 204 852
232 2279 231 840
208 2175 204 859
213 2173 213 856
204 2131 204 871
240 2316 240 837
231 2277 231 841
227 2303 213 844
240 2323 240 836
204 2123 204 873
211 2145 204 865
204 2263 204 852
204 2143 204 867
204 2123 204 873
231 2314 231 838
204 2151 204 865
204 2171 204 861
216 2179 204 857
227 2305 210 848
207 2129 204 869
213 2107 213 882
211 2153 204 863
231 2277 231 841
208 2109 204 880
213 2181 213 854
222 2375 222 840
222 2272 222 842
241 2365 240 834
249 2369 249 832
204 2142 204 869
212 2327 210 848
267 2364 267 830
207 2259 204 852
231 2359 231 836
204 2119 204 880
222 2360 222 841
206 2164 204 863
212 2241 204 852
216 2201 213 848
204 2182 204 859
216 2260 213 847
204 2202 204 857
213 2146 213 863
213 2214 213 848
204 2317 204 850
240 2361 240 835
216 2201 213 848
204 2151 204 865
285 2524 285 824
213 2173 213 856
241 2358 240 835
207 2129 204 869
218 2284 213 846
207 2121 204 873
204 2151 204 865
267 2364 267 830
211 2145 204 865
213 2181 213 854
258 2309 258 834
207 2125 204 871
211 2153 204 863
223 2424 222 838
206 2164 204 863
211 2153 204 863
204 2110 204 882
276 2447 276 826
211 2153 204 863
258 2339 258 832
249 2359 249 834
303 2689 303 820
321 2933 321 816
212 2251 210 850
231 2352 231 837
312 2801 312 818
258 2339 258 832
216 2290 213 846
221 2414 221 842
232 2275 231 841
258 2309 258 834
312 2801 312 818
240 2368 240 834
321 2933 321 816
208 2175 204 859
211 2153 204 863
232 2275 231 841
312 2801 312 818
222 2228 222 844
212 2241 204 852
238 2410 222 838
303 2689 303 820
231 2352 231 837
231 2314 231 838
212 2327 210 848
240 2323 240 836
267 2364 267 830
213 2135 213 867
213 2135 213 867
231 2281 231 840
267 2364 267 830
258 2309 258 834
321 2933 321 816
218 2284 213 846
241 2365 240 834
208 2109 204 880
241 2358 240 835
221 2414 221 842
249 2292 249 836
207 2129 204 869
231 2281 231 840
216 2290 213 846
223 2280 213 846
227 2305 210 848
258 2339 258 832
211 2153 204 863
