49 2.96098
277 3663 213 903
268 3550 222 913
206 2783 204 1006
206 2783 204 1006
218 2836 204 953
256 3351 204 914
222 2995 222 952
231 3069 213 951
224 3073 204 934
254 3309 204 915
249 3351 213 923
271 3537 213 912
236 3064 222 915
233 3032 204 949
251 3438 213 922
251 3438 213 922
224 3073 204 934
233 3032 204 949
222 2995 222 952
251 3438 213 922
206 2783 204 1006
206 2783 204 1006
313 4088 213 905
239 3124 231 940
235 2957 213 959
229 3010 204 994
223 3033 204 985
265 3492 204 915
254 3415 214 932
301 3993 213 911
290 3767 222 909
284 3815 222 907
228 2968 213 992
239 3117 231 943
225 3167 222 946
261 3619 222 919
268 3313 213 925
228 3088 204 963
290 3767 222 909
251 3521 213 926
258 3365 204 927
246 3185 222 923
223 3033 204 985
236 3213 204 951
244 3176 204 936
230 3132 204 960
253 3352 204 935
233 3096 213 952
240 3091 222 955
228 3088 204 963
233 2973 204 959
237 3212 204 948
235 3211 204 956
242 3146 222 936
232 3153 213 940
245 3131 222 950
253 3352 204 935
228 2968 213 992
232 3153 213 940
239 3124 231 940
239 3124 231 940
232 3153 213 940
223 3033 204 985
223 3033 204 985
326 4533 213 910
233 3242 229 961
233 2975 213 975
224 3039 204 1010
303 4043 213 911
230 3105 213 999
282 3859 213 915
268 3567 204 920
236 3162 222 953
269 3497 222 917
233 3242 229 961
303 4043 213 911
276 3595 213 918
286 3586 213 919
232 3095 204 988
263 3497 213 928
230 3105 213 999
267 3582 222 926
274 3349 213 933
232 3095 204 988
242 3133 204 959
261 3276 204 939
256 3398 213 937
235 3057 204 969
236 3096 213 954
243 3149 222 945
251 3390 213 938
238 3245 204 968
251 2975 213 962
254 3454 213 935
245 3097 204 964
274 3349 213 933
248 3056 204 973
254 3533 204 936
248 3056 204 973
241 3218 213 949
247 3307 204 941
241 3051 213 960
244 3370 213 941
244 3190 204 946
238 3245 204 968
251 2975 213 962
247 3412 204 940
244 3247 213 943
236 3162 222 953
251 3181 204 946
241 3218 213 949
254 3533 204 936
268 3567 204 920
241 3175 213 950
245 3097 204 964
235 3057 204 969
247 3306 213 941
261 3440 222 935
254 3454 213 935
244 3247 213 943
268 3428 213 935
241 3175 213 950
268 3428 213 935
251 3179 213 940
241 3051 213 960
246 3176 213 946
246 3176 213 946
261 3440 222 935
251 3181 204 946
247 3306 213 941
261 3440 222 935
251 3181 204 946
251 3181 204 946
251 2975 213 962
245 3097 204 964
244 3247 213 943
241 3218 213 949
238 3245 204 968
236 3162 222 953
235 3057 204 969
232 3095 204 988
232 3095 204 988
230 3105 213 999
230 3105 213 999
230 3105 213 999
295 3744 226 920
287 3934 213 917
270 3642 231 925
244 3082 213 1005
237 3107 204 1018
231 3209 204 1013
269 3583 204 931
240 3207 222 971
251 3380 204 945
237 3123 213 978
278 3502 213 942
254 3128 204 972
246 3277 204 946
232 3091 231 1018
237 3123 213 978
272 3521 222 932
245 3082 204 996
236 3203 204 1011
246 3178 213 949
277 3536 213 928
274 3610 213 921
270 3562 213 938
274 3577 213 934
244 3236 213 958
245 3226 222 957
245 3082 204 996
245 3179 204 967
244 3140 213 964
245 3233 204 961
232 3091 231 1018
270 3642 231 925
231 3209 204 1013
242 3219 204 964
272 3521 222 932
244 3082 213 1005
242 3219 204 964
237 3107 204 1018
272 3521 222 932
270 3642 231 925
270 3642 231 925
244 3082 213 1005
244 3082 213 1005
244 3082 213 1005
242 3219 204 964
237 3107 204 1018
232 3091 231 1018
232 3091 231 1018
232 3091 231 1018
232 3091 231 1018
232 3091 231 1018
231 3209 204 1013
231 3209 204 1013
339 4255 204 931
334 4373 222 921
334 4373 222 921
245 3118 204 1007
241 3139 222 985
307 4107 213 923
247 3315 211 957
254 3183 213 965
285 3875 213 930
260 3398 213 945
269 3649 213 931
294 3565 213 938
281 3646 204 942
248 3239 222 950
294 3807 213 927
271 3581 213 943
339 4255 204 931
290 3814 204 940
294 3851 204 932
245 3344 222 962
246 3253 204 963
300 3836 204 935
253 3333 204 946
270 3593 213 936
300 3836 204 935
257 3325 204 948
257 3325 204 948
334 4373 222 921
316 4198 213 927
298 3946 222 927
276 3274 213 981
251 3299 204 973
296 4043 222 935
308 4104 204 936
263 3321 213 959
282 3724 213 936
267 3349 204 960
260 3366 204 949
306 4128 204 942
295 3569 213 942
277 3595 213 941
258 3458 204 954
254 3436 204 956
323 4061 222 928
317 4331 204 937
258 3540 204 969
252 3383 213 1013
251 3420 213 980
287 3959 222 938
312 4290 213 942
303 3842 222 937
265 3599 204 955
274 3477 204 950
311 4297 213 949
267 3437 204 954
263 3476 204 962
264 3509 204 960
307 3907 215 950
269 3515 213 961
268 3544 222 977
265 3534 204 1001
262 3563 222 978
288 3816 204 955
298 3901 213 953
265 3680 213 959
268 3697 204 970
268 3572 204 985
267 3609 204 977
282 3585 204 978
274 3601 204 966
276 3598 204 958
265 3578 204 982
391 4985 222 953
289 3585 204 983
278 3632 204 983
268 3800 213 994
300 4131 204 957
269 3636 222 975
282 3647 213 967
274 3645 211 969
297 3811 204 962
283 3602 204 992
291 3605 204 971
286 3788 204 968
274 3803 213 964
307 4216 213 961
285 3672 204 995
284 3789 204 993
281 3660 213 982
276 3819 213 964
303 3813 204 977
294 3947 204 979
289 3703 213 968
298 4082 204 962
344 4698 213 962
288 3887 222 973
286 3739 213 992
285 3863 204 1012
315 4338 213 967
299 4313 204 973
297 4079 204 988
322 4165 204 1012
287 3941 204 1020
343 4612 213 887
298 3898 222 877
210 2861 204 955
282 3685 204 899
227 2920 213 946
235 2934 222 903
237 3020 204 906
235 3142 222 899
258 3498 213 889
236 2972 204 924
258 3411 213 900
265 3374 213 903
265 3374 213 903
229 2925 204 933
230 3089 204 917
230 3089 204 917
227 2920 213 946
229 3031 204 928
233 3080 204 927
258 3411 213 900
229 2925 204 933
258 3498 213 889
233 3080 204 927
235 2934 222 903
229 3031 204 928
258 3411 213 900
230 3089 204 917
229 3031 204 928
229 3031 204 928
229 2925 204 933
280 3691 213 902
276 3810 222 904
222 2861 213 990
222 2861 213 990
215 2909 204 987
257 3530 220 906
242 3086 204 907
228 2992 216 956
239 3047 209 928
259 3554 213 905
259 3432 213 906
221 2947 211 971
217 2882 213 981
277 3569 213 903
239 3262 204 920
238 3031 211 942
225 3041 204 956
221 2947 211 971
217 2882 213 981
229 2984 211 963
239 3047 209 928
238 3114 204 925
234 3138 211 917
240 3165 213 913
230 3045 222 930
237 3255 204 921
230 2981 204 945
232 3191 204 933
215 2909 204 987
241 3187 204 915
230 3089 213 919
237 3205 213 910
230 2981 204 945
228 3028 213 960
237 3205 213 910
235 3028 213 938
230 3086 213 932
229 3060 213 935
225 3041 204 956
228 3028 213 960
235 3028 213 938
229 3060 213 935
238 2982 213 936
238 2982 213 936
230 3045 222 930
239 3262 204 920
239 3047 209 928
230 2981 204 945
228 3028 213 960
228 3028 213 960
222 2861 213 990
221 2947 211 971
221 2947 211 971
217 2882 213 981
215 2909 204 987
215 2909 204 987
215 2909 204 987
339 4266 231 904
230 2984 204 954
228 3072 204 988
227 3077 204 967
222 2997 213 979
303 4190 213 905
303 4190 213 905
287 3570 204 911
249 3228 222 910
254 3347 215 907
280 3848 213 906
242 3178 220 916
225 3044 213 958
273 3643 204 909
257 3481 209 912
285 3711 204 907
240 3189 213 931
263 3577 209 907
280 3848 213 906
222 2997 213 979
227 3077 204 967
265 3598 204 910
231 3121 213 943
228 3072 204 988
241 3134 204 926
241 3195 222 925
235 3166 204 948
257 3481 209 912
247 3106 204 920
239 3267 204 924
287 3570 204 911
243 3358 213 918
231 3109 204 953
231 3121 213 943
260 3428 213 907
230 2984 204 954
254 3381 204 914
250 3198 204 917
234 3099 213 949
237 3115 204 946
246 3282 213 923
234 3099 213 949
249 3234 213 916
237 3115 204 946
256 3286 204 915
254 3381 204 914
260 3302 204 912
260 3428 213 907
256 3331 213 910
249 3228 222 910
240 3221 213 926
245 3303 213 911
260 3302 204 912
246 3311 204 915
250 3198 204 917
246 3311 204 915
246 3282 213 923
245 3303 213 911
240 3221 213 926
243 3120 213 925
243 3120 213 925
249 3234 213 916
303 4190 213 905
287 3570 204 911
260 3428 213 907
249 3228 222 910
246 3311 204 915
245 3303 213 911
240 3221 213 926
237 3115 204 946
237 3115 204 946
231 3121 213 943
230 2984 204 954
228 3072 204 988
227 3077 204 967
222 2997 213 979
222 2997 213 979
222 2997 213 979
222 2997 213 979
311 3932 204 908
283 3794 213 907
252 3349 243 914
231 3010 204 979
229 3035 213 1034
228 3085 204 978
293 3732 204 909
229 3035 213 1034
231 3010 204 979
245 3387 231 932
283 3794 213 907
240 3239 204 964
270 3357 238 913
259 3469 222 909
277 3490 213 909
241 3182 204 943
266 3754 209 910
257 3421 222 911
248 3123 204 921
252 3349 243 914
243 3394 204 936
247 3303 213 921
255 3214 213 919
262 3366 204 917
283 3420 213 910
277 3490 213 909
249 3345 213 918
244 3195 204 935
252 3317 213 919
266 3449 204 912
268 3446 213 913
246 3380 204 916
228 3085 204 978
248 3123 204 921
248 3352 213 917
231 3010 204 979
229 3035 213 1034
229 3035 213 1034
229 3035 213 1034
229 3035 213 1034
228 3085 204 978
228 3085 204 978
228 3085 204 978
228 3085 204 978
228 3085 204 978
228 3085 204 978
308 4030 204 912
295 3948 213 907
274 3662 222 911
244 3200 211 984
242 3218 213 985
241 3296 204 973
275 3599 220 913
243 3416 211 969
253 3273 216 925
293 3917 209 912
246 3248 204 944
251 3419 213 917
291 3688 204 915
261 3233 209 925
291 3688 204 915
273 3370 204 919
264 3200 213 922
254 3380 204 931
254 3254 204 942
248 3387 222 919
255 3265 204 926
259 3313 204 922
248 3314 213 943
260 3214 213 929
248 3413 213 918
261 3233 209 925
291 3688 204 915
322 4290 213 916
255 3262 216 942
251 3294 213 967
249 3391 204 964
246 3311 229 957
299 3992 204 917
275 3679 213 917
266 3460 213 926
264 3389 213 933
271 3330 213 935
257 3276 204 937
263 3481 204 923
274 3605 204 920
273 3579 213 921
261 3475 204 928
260 3590 213 921
263 3473 213 936
305 4249 204 919
278 3781 222 923
258 3378 204 937
257 3301 220 944
273 3702 213 926
264 3695 213 929
281 3737 211 924
284 3701 204 920
280 3557 204 934
266 3513 204 935
282 3534 204 923
294 3882 204 928
292 4032 204 923
274 3470 204 954
269 3542 222 939
267 3462 213 943
266 3608 204 936
261 3474 209 943
286 3679 213 931
275 3619 211 935
267 3484 204 940
340 4321 204 923
303 4034 222 929
268 3500 204 966
263 3492 213 991
311 4207 213 928
298 3860 222 933
293 3644 211 935
274 3660 204 937
272 3652 204 939
299 3919 213 941
296 4057 204 940
276 3535 204 979
270 3521 213 988
284 3734 204 955
277 3769 213 951
283 3768 204 944
305 4025 222 956
293 4049 222 954
292 3910 204 958
291 3763 222 982
284 3824 211 958
316 4211 204 960
304 4189 220 958
266 3327 204 909
255 3511 213 903
255 3511 213 903
249 3217 220 930
212 2864 204 980
212 2864 204 980
253 3401 214 924
218 2959 204 962
239 3165 213 949
222 2898 204 950
255 3210 209 912
261 3417 204 928
240 3063 206 937
265 3131 204 938
240 3063 206 937
248 3165 213 932
243 3032 204 949
252 3264 204 938
243 3032 204 949
250 3204 204 942
250 3204 204 942
240 3296 204 932
252 3469 213 931
255 3225 204 931
252 3469 213 931
240 3296 204 932
239 3165 213 949
252 3469 213 931
286 3527 214 921
279 3577 213 905
275 3627 204 913
240 3197 222 946
230 2929 213 963
221 2953 204 1029
221 2953 204 1029
224 3053 204 969
240 3177 220 949
260 3199 209 944
279 3343 211 940
248 3478 220 932
226 3050 213 956
229 2987 222 958
265 3450 204 928
271 3550 213 916
237 3237 204 951
269 3566 220 922
260 3199 209 944
255 3362 213 924
241 3205 214 938
239 3116 213 954
229 2987 222 958
225 3027 204 963
257 3353 204 940
261 3260 204 950
239 3116 213 954
254 3527 213 932
224 3053 204 969
248 3306 213 936
238 3072 204 956
254 3261 213 947
269 3566 220 922
264 3312 204 944
241 3205 214 938
256 3422 204 936
256 3318 213 924
255 3237 213 942
256 3422 204 936
245 3262 204 950
248 3338 220 934
245 3262 204 950
247 3203 220 947
225 3027 204 963
240 3197 222 946
245 3315 204 946
238 3072 204 956
240 3177 220 949
254 3261 213 947
248 3306 213 936
245 3315 204 946
269 3566 220 922
260 3199 209 944
256 3422 204 936
245 3262 204 950
229 2987 222 958
229 2987 222 958
225 3027 204 963
288 3684 213 919
283 3892 213 911
283 3892 213 911
278 3665 229 919
261 2989 213 993
230 3058 204 983
227 3093 222 1030
227 3093 222 1030
264 3547 209 936
242 3051 204 1025
285 3534 204 935
243 3300 216 939
230 3126 213 972
239 3088 222 971
258 3418 220 931
268 3456 220 929
277 3770 204 917
245 3069 225 978
258 3613 215 938
245 3069 225 978
278 3665 229 919
250 3328 213 942
282 3358 213 941
257 3421 213 941
260 3495 204 947
276 3728 213 916
264 3515 215 930
265 3406 204 943
245 3316 204 950
267 3648 213 927
275 3431 204 938
271 3689 213 921
266 3569 204 939
242 3197 204 958
233 3151 213 960
242 3092 216 963
243 3223 204 956
236 3132 213 968
276 3692 204 923
233 3151 213 960
270 3497 204 936
235 3137 204 967
248 3136 213 955
240 3114 204 968
243 3223 204 956
242 3051 204 1025
277 3670 204 923
270 3661 204 935
240 3338 204 954
240 3338 204 954
248 3136 213 955
241 3108 213 967
235 3137 204 967
241 3108 213 967
245 3130 204 959
277 3670 204 923
270 3661 204 935
270 3661 204 935
270 3661 204 935
248 3136 213 955
243 3223 204 956
243 3223 204 956
241 3108 213 967
240 3338 204 954
235 3137 204 967
235 3137 204 967
233 3151 213 960
308 3905 204 917
291 3817 213 916
242 3071 204 987
241 3308 229 960
240 3082 204 1039
234 3101 204 984
242 3071 204 987
260 3339 208 952
262 3319 220 958
278 3676 213 929
292 3540 220 935
267 3324 222 950
291 3817 213 916
308 3905 204 917
282 3793 213 917
254 3117 204 982
252 3380 204 965
276 3835 213 931
249 3201 222 956
264 3573 204 948
266 3486 204 951
268 3546 211 945
247 3327 222 955
239 3148 204 967
273 3517 204 936
247 3332 211 950
248 3186 213 966
278 3741 204 929
257 3369 222 941
269 3819 204 942
239 3148 204 967
234 3101 204 984
267 3567 211 938
256 3530 204 957
278 3741 204 929
266 3344 204 952
292 3540 220 935
262 3319 220 958
265 3329 204 965
248 3186 213 966
242 3071 204 987
234 3101 204 984
234 3101 204 984
370 4820 225 918
241 3132 204 984
238 3252 204 1015
238 3252 204 1015
310 4138 204 921
293 3817 220 935
291 3880 213 924
256 3410 222 963
277 3790 209 941
258 3453 211 980
239 3208 213 974
287 3922 213 921
250 3231 213 972
259 3283 204 968
275 3755 210 937
292 3825 204 930
267 3546 204 955
271 3595 213 952
264 3377 213 955
273 3377 204 960
273 3693 204 946
268 3635 204 949
265 3795 204 965
277 3661 204 942
281 3736 213 937
283 3657 204 937
273 3634 213 938
273 3566 213 947
318 3753 210 938
317 4269 209 925
263 3502 204 984
244 3298 222 991
316 3918 204 930
279 3834 213 939
249 3341 213 988
300 3681 204 948
298 4088 204 936
291 4014 204 938
295 3864 211 934
283 3748 204 939
260 3473 213 973
275 3616 213 956
281 3855 204 946
266 3416 204 979
271 3569 204 965
265 3384 213 962
260 3564 213 970
277 3471 204 975
265 3421 211 974
274 3636 213 958
277 3713 213 947
273 3538 204 964
267 3607 204 971
270 3505 213 960
268 3526 213 959
305 3757 204 939
290 3848 204 952
277 3407 220 968
266 3457 204 992
297 3837 215 940
267 3521 213 973
273 3573 204 974
283 3761 204 955
274 3537 204 984
290 3750 213 953
276 3648 213 963
281 3620 204 965
280 3539 213 959
279 3715 204 964
277 3679 204 967
321 4447 213 939
287 3688 229 966
266 3541 204 1003
309 4043 204 941
292 3758 222 954
276 3660 211 991
273 3741 213 988
280 3834 204 969
289 3592 204 991
306 3943 204 944
302 3804 204 963
287 3672 213 982
288 3926 213 959
304 3882 211 954
304 3821 213 953
286 3782 204 967
305 3869 213 942
278 3680 213 967
329 4337 204 950
323 3983 215 961
298 3702 204 993
297 3733 204 1004
280 3859 204 978
292 3844 213 973
307 4105 213 952
300 4061 204 970
295 3868 213 971
313 4157 204 977
306 4031 213 973
290 3902 204 986
325 4260 204 989
313 4255 213 974
301 3981 204 1050
312 4161 211 991
