37116 1299.2
330 2895 330 812
330 2895 330 812
245 2315 240 834
244 2383 240 840
238 2411 222 838
321 2760 321 814
321 2760 321 814
312 2631 312 816
312 2631 312 816
294 2491 294 820
294 2491 294 820
260 2325 249 832
303 2564 303 818
285 2440 285 822
276 2408 276 824
267 2397 267 826
304 2550 303 818
286 2428 285 822
276 2408 276 824
258 2367 258 828
267 2397 267 826
256 2534 231 834
258 2367 258 828
238 2411 222 838
239 2389 231 836
239 2389 231 836
303 2564 303 818
249 2378 249 832
253 2373 249 830
247 2420 240 832
247 2420 240 832
256 2534 231 834
285 2440 285 822
249 2423 249 830
253 2373 249 830
249 2423 249 830
260 2325 249 832
245 2315 240 834
304 2550 303 818
286 2428 285 822
249 2378 249 832
330 2895 330 812
330 2895 330 812
330 2895 330 812
330 2895 330 812
330 2895 330 812
330 2895 330 812
330 2895 330 812
330 2895 330 812
330 2895 330 812
330 2895 330 812
330 2895 330 812
330 2895 330 812
330 2895 330 812
330 2895 330 812
330 2895 330 812
330 2895 330 812
330 2895 330 812
330 2895 330 812
330 2895 330 812
330 2895 330 812
330 2895 330 812
330 2895 330 812
330 2895 330 812
330 2895 330 812
330 2895 330 812
330 2895 330 812
330 2895 330 812
330 2895 330 812
330 2895 330 812
330 2895 330 812
330 2895 330 812
330 2895 330 812
330 2895 330 812
330 2895 330 812
330 2895 330 812
330 2895 330 812
330 2895 330 812
330 2895 330 812
330 2895 330 812
330 2895 330 812
330 2895 330 812
330 2895 330 812
330 2895 330 812
330 2895 330 812
330 2895 330 812
330 2895 330 812
330 2895 330 812
330 2895 330 812
330 2895 330 812
330 2895 330 812
330 2895 330 812
330 2895 330 812
330 2895 330 812
330 2895 330 812
330 2895 330 812
330 2895 330 812
330 2895 330 812
330 2895 330 812
330 2895 330 812
330 2895 330 812
330 2895 330 812
330 2895 330 812
330 2895 330 812
330 2895 330 812
330 2895 330 812
330 2895 330 812
330 2895 330 812
330 2895 330 812
330 2895 330 812
330 2895 330 812
330 2895 330 812
330 2895 330 812
330 2895 330 812
330 2895 330 812
330 2895 330 812
330 2895 330 812
330 2895 330 812
330 2895 330 812
330 2895 330 812
330 2895 330 812
330 2895 330 812
330 2895 330 812
330 2895 330 812
330 2895 330 812
330 2895 330 812
330 2895 330 812
330 2895 330 812
330 2895 330 812
330 2895 330 812
330 2895 330 812
330 2895 330 812
330 2895 330 812
330 2895 330 812
330 2895 330 812
330 2895 330 812
330 2895 330 812
330 2895 330 812
330 2895 330 812
330 2895 330 812
330 2895 330 812
330 2895 330 812
330 2895 330 812
330 2895 330 812
330 2895 330 812
330 2895 330 812
330 2895 330 812
330 2895 330 812
330 2895 330 812
330 2895 330 812
330 2895 330 812
330 2895 330 812
330 2895 330 812
330 2895 330 812
330 2895 330 812
330 2895 330 812
330 2895 330 812
330 2895 330 812
330 2895 330 812
330 2895 330 812
330 2895 330 812
330 2895 330 812
330 2895 330 812
330 2895 330 812
330 2895 330 812
330 2895 330 812
330 2895 330 812
330 2895 330 812
330 2895 330 812
330 2895 330 812
330 2895 330 812
330 2895 330 812
330 2895 330 812
330 2895 330 812
330 2895 330 812
330 2895 330 812
321 2760 321 814
321 2760 321 814
312 2631 312 816
312 2631 312 816
247 2420 240 832
330 2896 330 812
291 2502 285 822
265 2520 249 832
321 2761 321 814
274 2503 267 826
294 2541 294 820
285 2523 276 824
312 2639 312 816
303 2653 303 818
307 2616 303 818
330 2897 330 812
301 2573 294 820
289 2733 276 826
285 2655 285 829
321 2763 321 814
312 2656 312 816
291 2693 276 824
294 2592 294 820
309 2649 303 818
321 2763 321 814
303 2675 303 818
292 2622 285 824
330 2903 330 812
296 2605 294 820
294 2707 276 824
312 2663 312 816
309 2694 303 818
321 2772 321 814
321 2772 321 814
321 2772 321 814
330 2904 330 812
330 2904 330 812
312 2667 312 816
308 2727 303 834
300 2884 294 820
321 2777 321 814
306 2753 294 820
309 2736 303 818
330 2904 330 812
330 2910 330 812
312 2684 312 816
310 2813 303 831
306 2817 294 820
321 2789 321 814
318 2788 303 818
331 2910 330 812
330 2913 330 812
312 2697 312 816
307 2843 294 820
321 2792 321 814
323 2857 303 818
312 2697 312 816
330 2915 330 812
330 2915 330 812
314 2849 303 820
312 2704 312 816
322 2812 321 814
321 2818 321 814
330 2916 330 812
316 2717 312 816
312 2728 312 816
321 2819 321 814
312 2728 312 816
330 2920 330 812
330 2920 330 812
314 2732 312 816
312 2750 312 816
321 2820 321 814
323 2819 321 814
330 2920 330 812
330 2925 330 812
312 2760 312 816
321 2828 321 814
333 2938 330 812
330 2940 330 812
320 2783 312 826
312 2786 312 816
321 2837 321 814
322 2784 321 816
330 2944 330 812
315 2791 312 825
313 2792 312 832
312 2841 312 816
321 2793 321 820
318 2829 312 816
323 2846 321 814
321 2868 321 814
330 2960 330 812
322 2799 321 830
319 2829 312 832
318 2833 312 816
323 2851 321 814
321 2832 321 816
321 2871 321 814
335 2970 330 812
330 2977 330 812
325 2839 312 822
324 2875 312 816
322 2855 321 830
321 2874 321 814
327 2863 321 814
330 2975 330 813
337 2984 330 812
336 3010 330 812
325 2853 321 824
321 2884 321 814
327 2861 321 822
326 2879 321 814
341 2999 330 812
327 2887 321 814
327 2887 321 814
327 2887 321 814
331 2899 330 814
330 2899 330 837
327 2924 321 814
330 2904 330 820
330 2943 321 814
330 2913 330 822
327 2924 321 823
330 2895 330 812
330 2895 330 812
213 2138 213 885
207 2435 204 888
204 2506 204 872
321 2760 321 814
294 2459 294 820
312 2631 312 816
321 2760 321 814
303 2540 303 818
312 2631 312 816
294 2459 294 820
276 2355 276 824
303 2540 303 818
285 2405 285 822
267 2341 267 826
285 2405 285 822
276 2355 276 824
260 2292 258 830
249 2304 249 830
221 2780 221 842
207 2646 204 852
242 2273 231 836
267 2341 267 826
258 2329 258 828
254 2284 240 834
213 2160 213 877
221 2780 221 842
251 2299 249 830
240 2272 240 836
218 2244 213 844
206 2542 204 864
230 2276 222 838
231 2260 231 840
213 2160 213 877
204 2506 204 872
211 2407 210 848
212 2389 205 856
213 2582 204 850
215 2150 204 867
207 2435 204 888
225 2256 204 850
258 2329 258 828
213 2138 213 885
218 2472 204 850
209 2411 205 856
221 2232 210 848
214 2186 204 860
215 2578 204 852
231 2355 231 834
206 2542 204 864
240 2292 240 832
218 2209 210 853
204 2522 204 868
222 2316 222 838
206 2608 204 860
237 2281 231 836
233 2351 231 834
216 2230 210 858
212 2389 205 856
210 2603 204 852
213 2513 213 844
229 2262 222 842
208 2420 204 854
207 2646 204 852
206 2608 204 860
218 2204 210 855
215 2368 213 844
207 2519 204 868
204 2518 204 870
231 2286 231 836
217 2234 213 846
211 2172 204 862
207 2515 204 870
204 2581 204 862
231 2264 231 838
231 2260 231 840
229 2262 222 842
254 2284 240 834
237 2281 231 836
233 2351 231 834
222 2274 222 840
216 2230 210 858
213 2408 213 846
222 2176 222 856
215 2150 204 867
240 2292 240 832
215 2578 204 852
208 2420 204 854
223 2341 221 842
214 2423 213 844
211 2172 204 862
219 2277 204 850
223 2237 204 857
214 2186 204 860
213 2402 210 848
215 2256 210 855
249 2304 249 830
218 2209 210 853
215 2271 204 857
213 2175 213 858
251 2275 249 834
242 2273 231 836
221 2232 210 848
204 2581 204 862
224 2298 221 842
222 2176 222 856
218 2472 204 850
219 2268 204 855
260 2292 258 830
216 2250 213 846
223 2307 222 838
215 2317 204 855
216 2231 213 851
213 2234 213 851
210 2603 204 852
229 2288 222 838
224 2292 222 838
214 2365 210 848
214 2342 213 846
223 2237 204 857
222 2405 221 842
219 2246 210 848
230 2276 222 838
211 2407 210 848
218 2244 213 844
225 2256 204 850
217 2288 210 848
217 2234 213 846
224 2298 221 842
218 2204 210 855
223 2260 204 850
222 2266 222 842
219 2246 210 848
216 2250 213 846
214 2423 213 844
214 2365 210 848
213 2408 213 846
231 2264 231 838
217 2288 210 848
215 2268 213 846
213 2513 213 844
207 2515 204 870
251 2299 249 830
251 2275 249 834
240 2285 240 834
240 2285 240 834
240 2272 240 836
222 2274 222 840
215 2317 204 855
333 2975 330 812
266 2445 231 847
249 2521 249 863
323 2893 321 814
285 2625 285 822
312 2783 312 816
282 2759 240 841
264 2553 258 837
258 2693 249 832
306 2839 294 820
303 2676 303 820
277 2753 267 828
304 2838 276 824
276 2563 276 826
262 2573 249 834
282 2647 267 826
305 2657 303 818
303 2961 303 818
279 2569 249 834
280 2677 267 826
323 3110 321 814
288 2588 285 835
273 2624 249 839
322 2802 312 816
312 3022 267 826
305 2875 303 820
285 2651 285 822
286 2761 258 832
297 2593 276 826
312 2954 303 818
307 3025 294 820
287 2678 276 826
280 2715 267 830
309 2854 294 820
286 2842 249 834
288 2656 276 835
295 2593 276 828
284 2652 267 837
312 2729 312 818
275 2747 267 832
274 2720 267 835
308 2972 303 818
308 2882 294 820
287 2679 267 830
286 2748 267 828
312 2830 312 816
309 2821 303 820
355 3207 294 820
316 2919 312 816
314 2996 312 816
305 2611 276 834
275 2776 249 844
274 2653 258 844
330 2963 303 818
278 2659 249 841
276 2775 276 832
327 3063 303 818
311 2799 285 828
317 2875 276 826
319 2851 303 820
285 2675 285 830
296 2709 294 822
314 2779 312 818
285 2919 285 824
301 2841 285 827
285 2737 285 829
302 2980 285 822
292 2669 285 831
299 2642 294 831
297 3004 276 831
294 2850 285 824
334 2993 285 822
317 2966 312 816
305 3024 276 831
300 2827 249 843
284 2672 258 852
275 2712 267 849
316 2803 312 818
300 2827 294 824
284 2815 276 833
292 3017 258 841
309 2787 249 841
290 2919 285 826
294 2744 294 830
331 2881 285 824
294 2881 285 828
298 2891 294 822
299 2924 285 824
286 2691 276 843
294 2686 285 842
308 3005 285 822
294 2734 285 831
326 2802 285 839
323 2848 321 822
318 2975 312 816
314 3221 294 822
314 3084 249 854
291 2732 285 847
308 3000 267 850
297 2739 294 834
311 3037 258 841
317 2819 312 823
321 2889 321 818
321 3139 294 822
310 2805 258 846
301 2920 285 826
302 2855 276 833
292 2936 276 852
295 2962 285 829
293 2956 285 832
321 3178 285 822
305 3014 285 824
304 2977 294 824
321 2944 294 824
340 3452 312 816
327 3324 267 850
327 3018 321 816
323 3189 321 816
303 2842 294 835
297 2936 294 840
315 2891 276 833
325 3273 294 822
303 2862 285 845
321 3041 285 824
310 2923 294 827
308 3048 285 842
309 3137 285 841
344 3495 312 818
343 3076 330 828
320 2879 303 843
319 2900 276 834
309 2888 294 837
336 3171 303 828
324 2946 321 830
339 3294 276 833
338 3101 285 824
318 2950 312 829
312 2963 294 829
310 2969 294 829
351 3259 294 827
326 3211 303 833
321 3045 285 846
319 3202 276 834
314 2913 303 838
323 2935 276 838
341 3191 321 838
331 3029 285 839
330 3043 303 839
343 3410 324 843
334 3442 303 840
330 2895 330 812
330 2895 330 812
213 2138 213 885
207 2435 204 888
204 2506 204 872
321 2760 321 814
312 2631 312 816
321 2760 321 814
303 2540 303 818
312 2631 312 816
294 2459 294 820
204 2506 204 872
276 2355 276 824
303 2540 303 818
285 2405 285 822
267 2341 267 826
294 2459 294 820
285 2405 285 822
276 2355 276 824
260 2292 258 830
221 2780 221 842
207 2646 204 852
267 2341 267 826
249 2304 249 830
258 2329 258 828
254 2284 240 834
221 2780 221 842
242 2273 231 836
251 2299 249 830
231 2260 231 840
240 2243 240 852
227 2215 213 854
244 2319 204 850
219 2201 204 864
230 2276 222 838
211 2407 210 848
204 2581 204 862
213 2182 213 858
204 2581 204 862
209 2411 205 856
215 2150 204 867
207 2435 204 888
224 2298 221 842
222 2309 210 848
237 2282 231 836
258 2329 258 828
213 2459 213 844
215 2368 213 844
213 2138 213 885
212 2389 205 856
218 2472 204 850
219 2218 204 860
206 2542 204 864
213 2158 213 870
218 2244 213 844
206 2542 204 864
211 2645 204 850
240 2292 240 832
220 2346 210 853
222 2176 222 856
213 2238 213 853
206 2608 204 860
204 2522 204 868
233 2351 231 834
210 2603 204 852
212 2389 205 856
222 2316 222 838
227 2215 213 854
207 2519 204 868
208 2420 204 854
206 2608 204 860
231 2355 231 834
231 2260 231 840
215 2268 213 846
231 2286 231 836
204 2521 204 870
231 2264 231 838
227 2288 222 840
231 2393 204 850
213 2408 213 846
207 2646 204 852
254 2284 240 834
240 2292 240 832
218 2244 213 844
223 2341 221 842
214 2423 213 844
224 2207 213 856
215 2150 204 867
233 2351 231 834
219 2273 204 857
249 2304 249 830
244 2319 204 850
251 2275 249 834
218 2472 204 850
207 2515 204 870
260 2292 258 830
242 2273 231 836
228 2282 222 840
224 2207 213 856
213 2402 210 848
210 2603 204 852
240 2243 240 852
219 2273 204 857
229 2288 222 838
214 2365 210 848
223 2307 222 838
222 2405 221 842
208 2420 204 854
214 2240 204 860
213 2158 213 870
230 2276 222 838
211 2645 204 850
230 2459 204 850
229 2288 222 838
228 2282 222 840
227 2288 222 840
213 2459 213 844
224 2298 221 842
222 2176 222 856
214 2342 213 846
240 2272 240 836
231 2393 204 850
231 2264 231 838
224 2292 222 838
222 2266 222 842
222 2316 222 838
219 2218 204 860
214 2423 213 844
214 2365 210 848
214 2240 204 860
213 2408 213 846
223 2307 222 838
222 2309 210 848
215 2268 213 846
213 2238 213 853
251 2299 249 830
251 2275 249 834
240 2285 240 834
240 2285 240 834
240 2272 240 836
330 2895 330 812
330 2895 330 812
330 2895 330 812
330 2895 330 812
330 2895 330 812
330 2895 330 812
330 2895 330 812
330 2895 330 812
330 2895 330 812
330 2895 330 812
330 2912 330 812
306 3048 294 820
271 2727 231 847
247 2423 240 845
251 2621 249 830
270 2531 267 835
273 2461 258 838
277 2695 276 824
312 2814 312 816
285 2972 285 822
316 2961 294 820
327 2931 321 814
313 2854 303 818
282 2650 240 836
296 2659 294 822
303 2907 303 820
292 2678 285 822
329 2900 321 814
309 2920 303 818
347 3184 294 820
332 2958 330 812
330 2967 330 812
302 3024 249 842
278 2607 276 840
270 2670 258 834
312 2859 312 816
289 3054 258 830
280 2827 267 833
300 2818 285 824
316 2883 303 818
303 2915 303 820
327 3015 321 814
294 2742 294 822
296 2845 276 826
309 2994 303 818
287 2623 276 832
330 3005 321 814
289 2708 285 831
299 2737 294 827
291 2705 285 829
293 2864 285 822
291 2642 285 831
289 2885 276 826
290 2673 276 831
355 3315 294 820
330 2972 330 812
295 3003 258 837
278 2678 276 844
270 2747 267 844
341 3016 321 814
310 3125 276 826
312 3065 267 833
312 2863 312 816
349 3004 303 818
324 2945 276 826
289 2747 285 832
299 2758 267 842
294 2777 294 822
303 2958 303 820
306 2876 285 822
292 2802 285 829
304 2855 285 824
291 2908 276 831
294 2702 276 833
308 2970 276 828
319 3009 303 818
312 3027 303 818
295 2932 285 824
298 2750 294 831
329 3005 303 818
300 2879 285 824
301 2928 285 822
312 3005 276 826
339 3224 267 838
330 2995 330 812
307 2907 267 850
306 2732 285 834
291 3075 285 839
314 2863 312 816
295 2918 276 831
304 2786 294 842
316 3153 303 818
304 2778 303 825
295 2864 294 828
309 2992 285 822
325 3080 303 820
322 3131 303 818
329 3079 303 818
302 2971 294 822
308 2829 294 822
300 2885 285 824
297 2818 285 829
340 3107 330 812
321 3165 303 820
306 2811 303 825
298 2970 276 838
318 2895 312 816
312 2835 312 822
305 2920 276 831
301 3033 294 824
308 2900 294 822
300 2869 294 832
301 2855 285 836
298 3010 276 833
318 2887 312 818
310 2852 285 837
303 2963 294 827
306 2829 294 829
301 2939 276 837
356 3352 330 812
316 2833 312 825
303 2969 276 843
340 3329 276 831
321 3166 321 816
310 2925 294 822
336 2867 312 823
327 3273 312 818
332 3123 312 818
322 3093 321 816
313 2962 285 834
306 2991 285 839
306 3032 303 829
313 2864 303 828
303 2988 294 832
306 2942 294 836
312 3045 276 840
315 3054 276 837
326 3038 276 833
303 3041 294 828
307 3086 285 837
307 3020 303 828
346 3260 330 818
319 2979 276 845
310 2951 294 836
315 3219 285 841
342 3099 294 822
330 3007 294 830
323 3094 321 820
314 2959 303 834
310 2991 303 825
319 2953 312 823
316 3034 294 824
346 3358 294 827
329 2966 312 829
326 3067 312 825
323 3313 303 828
344 3401 303 830
340 3094 330 825
334 2994 312 829
328 3323 303 840
