59133 1800.03
204 2314 204 926
213 2246 213 893
208 2305 204 901
287 2824 285 855
213 2262 213 887
222 2257 222 885
229 2587 229 865
213 2275 213 884
213 2248 213 887
213 2248 213 887
216 2302 213 873
222 2257 222 885
223 2428 220 869
213 2279 213 879
213 2255 213 887
206 2275 204 929
213 2279 213 879
206 2355 204 887
213 2277 213 879
213 2255 213 896
222 2564 211 869
222 2288 222 877
216 2308 213 871
208 2305 204 901
204 2261 204 944
222 2259 222 885
206 2267 204 936
213 2255 213 887
216 2302 213 873
213 2292 213 884
222 2323 222 869
204 2261 204 946
222 2257 222 885
213 2276 213 879
213 2255 213 887
213 2248 213 887
231 2338 231 867
216 2305 213 871
222 2268 222 885
213 2248 213 887
220 2388 220 869
213 2262 213 887
222 2329 222 869
213 2286 213 884
213 2248 213 887
216 2305 213 871
220 2391 220 869
204 2265 204 936
213 2279 213 879
205 2317 204 893
213 2260 213 890
214 2292 213 879
213 2279 213 879
206 2275 204 929
213 2255 213 887
213 2258 213 890
214 2288 213 879
213 2275 213 879
216 2302 213 873
209 2320 204 887
222 2314 222 869
222 2264 222 885
208 2430 204 887
213 2246 213 893
213 2256 213 890
222 2264 222 885
231 2338 231 867
213 2343 213 873
213 2248 213 887
213 2246 213 893
222 2286 222 877
213 2246 213 893
228 2484 213 871
213 2280 213 879
213 2246 213 893
213 2275 213 884
231 2448 220 867
213 2255 213 887
216 2302 213 873
204 2270 204 930
206 2275 204 929
222 2285 222 877
229 2395 229 867
210 2542 210 878
209 2320 204 887
213 2275 213 884
214 2292 213 879
213 2259 213 890
222 2262 222 885
213 2261 213 895
231 2329 231 869
216 2312 213 878
222 2264 222 885
222 2257 222 885
206 2355 204 887
213 2246 213 893
216 2302 213 873
216 2318 213 871
213 2248 213 887
213 2246 213 893
222 2316 222 869
222 2257 222 885
216 2302 213 873
213 2287 213 900
213 2248 213 887
222 2285 222 877
222 2329 222 869
213 2256 213 890
214 2286 213 879
213 2255 213 887
222 2264 222 885
206 2263 204 944
213 2275 213 879
213 2277 213 879
208 2306 204 901
222 2257 222 885
213 2271 213 890
222 2262 222 885
213 2343 213 873
204 2265 204 936
240 2368 240 865
216 2305 213 871
213 2265 213 887
213 2248 213 887
213 2254 213 903
213 2248 213 887
222 2311 222 869
204 2270 204 930
222 2257 222 885
222 2257 222 885
222 2288 222 877
213 2248 213 887
216 2302 213 873
213 2343 213 873
213 2253 213 900
209 2320 204 887
216 2302 213 873
216 2314 213 873
222 2285 222 877
213 2256 213 890
216 2319 213 878
216 2315 213 871
216 2318 213 871
204 2270 204 932
209 2320 204 887
222 2288 222 877
216 2305 213 871
222 2257 222 885
222 2257 222 885
206 2263 204 944
222 2288 222 877
213 2248 213 887
204 2261 204 946
222 2264 222 885
214 2292 213 879
213 2248 213 887
238 2654 238 863
216 2302 213 873
213 2262 213 887
213 2246 213 893
216 2306 213 871
204 2261 204 946
222 2288 222 877
222 2257 222 885
213 2248 213 887
244 2694 211 869
222 2329 222 869
213 2259 213 890
214 2287 213 879
206 2353 204 887
213 2262 213 903
213 2255 213 887
222 2300 222 877
210 2542 210 878
204 2261 204 946
213 2253 213 893
213 2278 213 884
216 2302 213 873
213 2276 213 879
206 2353 204 887
247 2506 247 863
222 2288 222 877
213 2343 213 873
213 2248 213 887
213 2255 213 887
213 2248 213 887
229 2587 229 865
213 2262 213 887
213 2246 213 893
213 2248 213 887
222 2295 222 877
213 2254 213 903
216 2306 213 871
213 2343 213 873
213 2248 213 887
216 2314 213 873
222 2284 222 877
208 2309 204 893
222 2257 222 885
213 2253 213 900
220 2366 213 873
222 2329 222 869
222 2314 222 869
213 2263 213 887
216 2303 213 878
222 2259 222 885
206 2267 204 936
213 2255 213 887
222 2268 222 885
213 2268 213 890
231 2335 231 867
222 2264 222 885
213 2255 213 887
222 2264 222 885
213 2260 213 890
213 2246 213 893
231 2340 231 867
222 2294 222 877
222 2264 222 885
213 2248 213 887
229 2384 229 867
213 2255 213 887
222 2286 222 877
204 2261 204 949
213 2246 213 893
223 2428 220 869
229 2403 229 867
213 2255 213 887
226 2446 213 871
213 2279 213 879
213 2255 213 887
211 2358 204 887
213 2275 213 884
206 2275 204 929
213 2264 213 893
213 2259 213 887
214 2292 213 879
222 2264 222 885
216 2307 213 873
205 2313 204 909
231 2335 231 867
222 2284 222 877
204 2261 204 946
213 2248 213 887
204 2270 204 930
222 2262 222 885
222 2288 222 877
213 2271 213 890
213 2248 213 887
213 2254 213 903
213 2275 213 879
213 2248 213 887
216 2302 213 873
213 2275 213 879
213 2275 213 884
204 2261 204 946
222 2288 222 877
213 2312 213 878
222 2564 211 869
213 2262 213 887
208 2309 204 893
222 2285 222 877
223 2439 220 869
209 2320 204 887
213 2289 213 900
213 2275 213 879
214 2571 210 878
222 2264 222 885
222 2262 222 885
204 2261 204 949
216 2305 213 871
204 2350 204 887
222 2259 222 885
222 2257 222 885
206 2263 204 944
213 2248 213 887
240 2368 240 865
222 2288 222 877
213 2259 213 887
213 2248 213 887
229 2412 229 867
222 2264 222 885
216 2302 213 873
213 2275 213 884
213 2248 213 887
213 2279 213 879
222 2294 222 877
213 2254 213 903
216 2306 213 871
213 2263 213 887
214 2288 213 879
214 2287 213 879
213 2275 213 879
208 2309 204 893
207 2297 204 925
213 2248 213 887
204 2261 204 946
222 2264 222 885
216 2316 213 872
206 2263 204 944
