31698 600.015
207 2659 205 955
205 2732 205 954
207 2646 204 961
204 2593 204 982
204 2677 204 967
210 2618 205 970
206 2594 204 980
208 2638 204 967
209 2691 205 954
205 2672 204 962
213 2721 210 948
216 2760 205 953
206 2626 204 977
204 2649 204 973
212 2620 204 973
210 2748 210 949
218 2737 205 953
212 2711 204 959
206 2701 204 960
204 2617 204 981
212 2717 210 949
205 2738 204 960
209 2683 204 960
204 2663 204 972
210 2768 204 959
205 2647 204 976
210 2735 210 952
204 2571 204 1006
207 2644 204 976
211 2756 204 959
215 2843 211 945
218 2818 211 945
219 2846 211 944
218 2875 211 944
226 2885 210 947
225 2895 211 943
221 2928 210 947
207 2648 205 966
204 2684 204 969
205 2755 205 954
212 2671 204 961
211 2757 204 959
212 2779 210 949
209 2708 205 954
211 2697 205 955
206 2667 204 973
212 2745 210 950
206 2716 204 960
205 2705 204 962
208 2685 204 962
209 2696 205 958
208 2720 205 957
205 2690 205 966
205 2741 204 961
207 2693 205 963
213 2707 204 960
209 2692 204 961
210 2672 204 970
210 2711 204 960
210 2706 205 957
243 3133 211 945
207 2666 204 989
247 3196 210 948
252 3393 213 1019
285 3826 228 977
285 3685 204 1003
297 3837 211 1057
248 3077 211 1011
302 3776 223 1020
287 3780 204 1082
282 3748 211 1033
295 3920 218 1005
293 3823 211 1022
282 3613 221 1017
264 3580 221 1057
312 3991 208 1038
265 3394 216 987
263 3553 211 984
254 3133 205 975
319 4069 223 1026
255 3321 205 1022
293 3978 211 1003
248 3210 211 977
216 2886 204 1015
299 3958 211 990
277 3550 211 1029
236 3101 210 988
233 2949 204 1032
237 3088 211 990
250 3342 204 1033
258 3469 223 1037
321 4330 223 1075
310 4119 218 1006
235 3138 204 1016
250 3351 211 1065
265 3546 216 1055
281 3505 204 1048
283 3652 211 1000
271 3642 208 1041
300 3932 216 1100
264 3277 226 1014
252 3253 216 1009
279 3513 211 1067
290 3818 211 1023
281 3698 216 1017
256 3230 215 981
281 3593 211 1038
231 2964 216 1016
246 3193 204 996
321 4290 231 1017
244 3287 223 1036
250 3196 216 1026
267 3401 211 1018
270 3523 211 1009
242 3116 204 1043
339 4388 226 1035
279 3513 215 1006
272 3536 213 1041
273 3464 216 1036
309 4098 218 989
278 3582 215 1041
299 3721 216 1034
255 3221 205 1002
298 3882 213 1020
281 3645 221 1024
265 3517 216 1040
267 3465 216 1018
271 3597 223 1035
303 3803 223 1060
265 3544 211 1028
279 3649 210 1008
306 3817 216 1023
308 4232 226 1034
260 3339 204 1042
255 3378 234 1072
277 3542 236 1031
277 3560 221 1016
282 3477 228 1041
247 3182 213 1033
260 3455 211 991
278 3683 211 1021
290 3793 211 1039
293 3664 223 971
282 3391 231 1003
247 3309 216 1021
245 3095 211 1001
274 3519 211 1018
228 3049 204 1004
251 3164 204 993
262 3441 218 1003
270 3513 204 1029
282 3674 211 1020
257 3181 204 982
257 3339 211 1013
311 3917 204 1025
305 4030 218 1015
311 3993 223 1036
304 4062 212 1023
258 3391 226 1027
223 2968 211 1017
231 3175 204 1014
295 3757 231 1017
255 3308 204 998
254 3293 218 984
293 3927 221 1056
241 3233 216 1054
294 3809 218 1015
243 3182 223 1005
239 3146 211 1020
260 3467 228 1050
251 3256 205 1007
267 3504 223 1054
278 3617 213 991
290 3760 216 1026
300 3839 204 1025
266 3477 231 1010
306 4029 231 1049
276 3741 204 1041
268 3513 229 1063
270 3648 204 1039
275 3588 208 1019
256 3383 216 1004
240 3200 211 1038
324 4038 231 1018
283 3585 223 1006
250 3361 204 997
229 3039 211 1048
271 3457 213 1011
284 3430 228 1065
274 3554 216 1002
282 3557 216 1066
244 3308 204 1066
256 3253 223 1028
235 3081 218 992
300 3863 211 1045
240 3152 216 995
243 3274 218 1003
280 3634 204 1035
287 3538 223 1030
260 3414 208 1009
252 3245 231 1009
226 2903 218 976
273 3538 204 1030
245 3029 204 1019
280 3617 218 1021
250 3293 211 1049
296 3491 216 1072
275 3534 208 1056
277 3626 223 1012
270 3541 223 1014
247 3283 216 1017
237 3186 204 1006
264 3387 221 1049
267 3453 211 1015
265 3512 216 1066
269 3378 216 999
304 3819 216 999
258 3174 208 1030
279 3519 211 1039
283 3752 216 1017
291 3897 211 986
274 3641 204 1042
264 3407 249 1015
295 3646 218 1002
245 3059 211 1010
292 3735 211 965
340 4533 205 974
309 4112 208 1016
326 4040 211 1077
246 3214 228 1011
264 3535 218 987
289 3582 231 1034
276 3546 211 1009
286 3623 204 1001
247 3219 223 1034
287 3722 211 1049
285 3781 223 986
260 3448 204 1018
276 3710 223 1008
277 3475 216 994
272 3552 211 1032
244 3207 211 1007
284 3621 216 1009
250 3178 211 1010
263 3314 234 1065
261 3363 223 1030
257 3403 210 1009
302 3910 211 1031
308 4025 211 991
281 3562 211 1043
261 3416 216 1040
280 3622 223 1016
270 3521 211 1043
275 3520 216 1013
331 4408 223 1053
263 3471 208 1009
262 3368 204 1045
268 3492 235 1042
260 3389 218 984
281 3742 218 1020
291 3821 223 985
276 3619 218 1039
267 3477 204 996
277 3626 218 1025
280 3820 218 1062
256 3250 211 1022
262 3475 226 1014
261 3385 204 1010
260 3343 204 1000
230 3036 204 1010
277 3555 204 1009
264 3362 223 1020
259 3254 218 1015
247 3274 204 991
290 3861 231 1028
274 3409 213 1008
274 3630 213 1017
275 3162 204 1029
330 4278 231 1045
260 3158 205 999
306 4014 213 1028
319 4207 211 1013
233 3017 210 982
273 3435 211 1050
227 2886 204 988
261 3406 218 1011
287 3865 211 1044
264 3440 204 1005
270 3500 223 1009
283 3731 218 974
261 3402 204 1040
267 3438 205 985
296 3780 221 1058
295 3716 218 1004
257 3480 204 1007
259 3460 211 1001
235 2984 204 1006
305 3693 218 1009
274 3529 211 1004
238 2979 218 1016
