909 180.848
249 2548 249 849
249 2548 249 849
213 2357 213 861
204 2381 204 876
204 2381 204 876
231 2398 231 855
241 2494 240 851
240 2433 240 853
231 2471 231 853
213 2430 213 859
223 2514 221 857
227 2467 222 855
222 2373 222 859
223 2514 221 857
212 2415 210 863
205 2451 204 866
211 2424 205 869
212 2415 210 863
204 2419 204 872
213 2357 213 861
204 2479 204 865
208 2429 205 869
240 2433 240 853
207 2424 205 870
240 2495 240 851
204 2467 204 866
222 2373 222 859
204 2479 204 865
241 2494 240 851
204 2445 204 871
231 2471 231 853
222 2389 222 857
227 2467 222 855
222 2473 222 855
240 2495 240 851
213 2430 213 859
208 2429 205 869
204 2445 204 871
211 2424 205 869
204 2419 204 872
222 2473 222 855
205 2451 204 866
208 2386 205 870
208 2386 205 870
222 2389 222 857
207 2424 205 870
249 2548 249 849
249 2548 249 849
249 2548 249 849
249 2548 249 849
249 2548 249 849
249 2548 249 849
249 2548 249 849
249 2548 249 849
249 2548 249 849
249 2548 249 849
249 2548 249 849
249 2548 249 849
249 2548 249 849
249 2548 249 849
241 2494 240 851
241 2494 240 851
241 2494 240 851
241 2494 240 851
241 2494 240 851
241 2494 240 851
241 2494 240 851
241 2494 240 851
241 2494 240 851
241 2494 240 851
241 2494 240 851
241 2494 240 851
241 2494 240 851
241 2494 240 851
241 2494 240 851
241 2494 240 851
241 2494 240 851
241 2494 240 851
241 2494 240 851
241 2494 240 851
241 2494 240 851
241 2494 240 851
241 2494 240 851
241 2494 240 851
241 2494 240 851
241 2494 240 851
241 2494 240 851
241 2494 240 851
241 2494 240 851
241 2494 240 851
241 2494 240 851
241 2494 240 851
241 2494 240 851
241 2494 240 851
241 2494 240 851
241 2494 240 851
241 2494 240 851
241 2494 240 851
241 2494 240 851
241 2494 240 851
241 2494 240 851
241 2494 240 851
241 2494 240 851
241 2494 240 851
241 2494 240 851
241 2494 240 851
241 2494 240 851
241 2494 240 851
241 2494 240 851
241 2494 240 851
241 2494 240 851
241 2494 240 851
241 2494 240 851
241 2494 240 851
241 2494 240 851
241 2494 240 851
241 2494 240 851
241 2494 240 851
241 2494 240 851
241 2494 240 851
241 2494 240 851
241 2494 240 851
241 2494 240 851
241 2494 240 851
241 2494 240 851
241 2494 240 851
241 2494 240 851
241 2494 240 851
241 2494 240 851
241 2494 240 851
241 2494 240 851
241 2494 240 851
241 2494 240 851
241 2494 240 851
241 2494 240 851
241 2494 240 851
241 2494 240 851
241 2494 240 851
241 2494 240 851
241 2494 240 851
241 2494 240 851
241 2494 240 851
241 2494 240 851
241 2494 240 851
241 2494 240 851
241 2494 240 851
241 2494 240 851
241 2494 240 851
241 2494 240 851
241 2494 240 851
241 2494 240 851
241 2494 240 851
241 2494 240 851
241 2494 240 851
241 2494 240 851
241 2494 240 851
241 2494 240 851
241 2494 240 851
241 2494 240 851
241 2494 240 851
241 2494 240 851
241 2494 240 851
241 2494 240 851
241 2494 240 851
241 2494 240 851
241 2494 240 851
240 2495 240 851
240 2495 240 851
240 2495 240 851
240 2495 240 851
240 2433 240 853
231 2471 231 853
231 2471 231 853
227 2467 222 855
227 2467 222 855
222 2389 222 857
249 2554 249 849
249 2554 249 849
231 2398 231 857
224 2430 213 861
222 2420 222 857
227 2481 222 855
231 2484 231 853
241 2496 240 851
240 2438 240 853
240 2497 240 851
231 2450 231 855
240 2438 240 853
241 2496 240 851
249 2554 249 849
241 2496 240 851
241 2496 240 851
249 2567 249 849
247 2651 222 855
222 2435 222 876
222 2483 222 859
239 2572 222 857
231 2485 231 855
241 2497 240 851
240 2452 240 853
232 2485 231 853
240 2504 240 851
231 2491 231 853
249 2572 249 849
240 2454 240 853
232 2485 231 861
231 2492 231 853
241 2503 240 851
232 2487 231 853
232 2485 231 861
240 2507 240 851
232 2487 231 853
232 2487 231 853
232 2487 231 853
249 2574 249 849
240 2460 240 853
231 2495 231 853
241 2506 240 851
232 2492 231 853
240 2513 240 851
240 2513 240 851
241 2506 240 851
231 2495 231 853
241 2506 240 851
249 2576 249 849
240 2461 240 853
231 2499 231 853
241 2514 240 851
232 2496 231 853
240 2524 240 851
249 2584 249 849
240 2462 240 853
231 2499 231 855
231 2500 231 853
241 2518 240 851
240 2529 240 851
241 2518 240 851
251 2488 240 867
249 2607 249 849
231 2509 231 853
240 2541 240 851
232 2506 231 855
241 2494 240 859
245 2522 240 851
241 2527 240 851
241 2525 240 852
249 2656 249 849
241 2496 240 859
231 2509 231 868
240 2557 240 852
232 2511 231 853
245 2534 240 851
249 2528 249 851
240 2562 240 851
231 2515 231 855
241 2536 240 851
231 2528 231 853
232 2511 231 853
241 2538 240 851
240 2567 240 851
236 2511 231 853
231 2519 231 855
232 2512 231 853
241 2545 240 851
240 2572 240 851
234 2722 234 865
232 2516 231 868
240 2521 240 859
235 2534 231 853
247 2589 231 853
245 2556 240 851
241 2596 231 853
241 2532 240 866
240 2578 240 851
234 2583 231 868
240 2547 240 853
244 2545 240 859
251 2790 231 853
249 2561 249 851
241 2548 240 853
240 2585 240 851
240 2550 240 868
234 2587 231 868
240 2580 240 853
240 2596 240 851
238 2643 231 870
234 2630 231 883
252 2603 252 858
252 2596 252 873
247 2620 240 851
241 2675 240 866
240 2609 240 868
251 2605 240 865
251 2631 240 851
253 2657 240 851
251 2666 240 851
252 2678 252 853
264 2799 252 853
264 2799 252 853
252 2893 252 861
