255177 3600.02
69 801 67 356
71 763 66 350
70 822 67 353
75 730 67 356
78 825 78 343
77 768 72 347
70 769 66 360
91 916 90 337
84 939 61 369
79 802 78 344
71 759 66 352
72 730 67 359
91 973 62 360
71 754 66 355
75 854 62 368
71 738 67 358
72 803 72 346
84 847 84 340
84 788 78 345
81 912 61 371
77 758 63 364
89 831 84 340
90 945 90 337
73 791 72 346
71 795 63 353
73 815 63 352
81 787 66 349
77 762 63 358
89 866 62 362
82 821 62 370
72 781 72 347
81 882 62 363
80 822 78 343
72 743 67 356
72 784 63 353
71 770 63 357
84 829 84 342
77 802 63 352
75 767 63 355
72 832 68 349
80 857 62 365
82 757 80 354
85 839 84 340
74 771 72 348
73 813 66 349
78 799 78 345
78 926 62 364
83 833 62 368
78 778 63 354
85 908 61 374
80 949 61 376
72 772 72 349
87 957 62 362
70 794 67 357
80 834 62 369
74 804 66 349
72 770 63 355
78 886 62 365
70 789 67 359
116 1187 98 336
96 1041 60 378
76 729 74 357
69 801 67 356
115 1224 66 380
109 1193 75 371
119 1329 72 394
135 1458 84 365
129 1442 73 374
129 1469 72 374
137 1412 99 377
115 1317 93 374
93 1052 72 374
113 1222 86 373
107 1232 76 387
98 1127 82 394
119 1250 74 371
99 1118 71 368
105 1158 80 375
111 1155 72 371
118 1038 86 350
119 1318 79 363
100 1090 80 372
98 1104 67 370
109 1161 72 368
106 1103 79 364
95 1122 80 376
123 1539 73 387
109 1276 72 393
93 1102 74 369
104 1116 91 360
114 1270 86 369
129 1474 70 375
99 1064 87 371
107 1138 73 363
121 1393 75 370
113 1310 99 367
119 1363 91 371
113 1145 79 373
125 1429 87 368
79 1020 74 369
112 1244 73 358
143 1563 85 379
113 1196 72 388
110 1197 84 362
111 1305 94 388
110 1310 80 385
127 1365 88 376
108 1204 94 390
122 1300 102 362
117 1339 93 368
114 1156 67 372
114 1327 69 371
118 1264 88 382
95 1045 80 365
103 1177 95 377
113 1196 73 394
120 1285 74 382
109 1248 94 378
91 987 80 367
111 1242 91 370
116 1354 78 363
92 1015 74 361
104 1095 75 397
105 1193 80 371
103 1196 73 371
110 1245 74 376
104 1318 100 376
97 1028 80 382
117 1292 88 372
105 1194 75 376
135 1507 86 369
111 1242 78 375
134 1450 79 367
121 1264 80 380
96 1082 74 376
112 1357 106 359
94 1114 80 381
110 1242 93 376
100 1212 95 365
114 1176 85 365
143 1646 101 375
115 1165 73 378
115 1298 67 394
115 1170 88 366
128 1310 79 368
104 1230 74 398
106 1230 86 352
130 1363 90 353
111 1240 89 393
95 1106 87 367
103 1193 73 392
109 1203 73 382
109 1348 98 368
90 1029 80 358
101 1129 91 362
102 1187 69 387
106 1176 87 368
110 1150 85 359
103 1144 73 384
107 1201 80 366
111 1252 74 378
118 1273 73 372
116 1169 73 366
108 1187 67 379
103 1149 67 362
104 1169 100 356
107 1187 87 368
130 1412 78 372
110 1270 93 380
114 1313 92 374
103 1248 75 376
99 1150 91 375
106 1141 80 373
117 1260 85 361
102 1112 80 365
94 994 73 366
123 1252 107 371
108 1121 93 386
113 1222 68 379
108 1085 85 374
115 1185 91 365
118 1334 101 372
103 1203 103 370
106 1118 74 376
100 1150 81 374
98 1161 83 391
103 1133 73 383
117 1444 92 373
85 995 80 368
107 1233 86 374
103 1112 70 391
134 1444 66 392
116 1402 80 386
134 1471 66 382
130 1242 72 373
107 1122 87 378
105 1193 78 365
108 1281 71 369
104 1179 67 373
93 1102 93 367
112 1232 81 366
113 1269 88 403
119 1188 72 377
115 1282 72 373
106 1290 86 372
102 1131 73 377
127 1577 100 362
101 1155 88 368
89 1012 66 376
119 1361 100 389
102 1172 86 370
133 1411 71 373
124 1315 69 377
96 1072 93 373
116 1340 75 366
120 1222 86 384
105 1083 79 376
96 1069 85 351
109 1236 80 363
101 1009 85 368
86 1072 73 386
103 1042 79 367
92 1140 78 373
94 1049 74 370
104 1157 81 382
103 1010 72 366
101 1117 68 373
129 1380 66 387
96 1125 72 366
119 1271 75 396
103 1167 80 366
102 1298 100 376
130 1346 73 360
96 1029 73 369
107 1140 79 373
120 1366 93 380
108 1207 75 393
116 1412 73 384
123 1313 77 392
118 1231 73 378
109 1164 94 375
106 1147 94 368
107 1162 92 365
120 1426 92 365
119 1453 79 373
108 1163 94 370
105 1179 85 361
110 1284 72 385
155 1727 74 396
96 1044 73 373
104 1121 79 374
114 1383 86 379
120 1475 75 383
114 1241 87 379
103 1167 84 363
112 1233 70 379
97 1136 75 367
112 1164 85 371
99 990 79 373
102 1239 66 377
107 1210 81 384
127 1435 80 384
116 1389 76 366
128 1288 87 389
127 1383 66 386
113 1222 74 380
113 1184 76 372
115 1227 74 379
104 1135 79 384
99 1183 93 353
123 1339 74 370
121 1309 74 384
107 1234 107 390
110 1194 66 372
109 1266 75 376
92 1074 92 370
106 1218 88 394
99 1071 72 386
119 1378 119 355
145 1457 79 388
91 980 75 362
104 1129 63 382
104 1197 81 373
107 1181 86 366
93 1039 74 381
120 1205 71 401
100 1167 80 360
97 1040 87 367
128 1438 72 368
106 1180 80 387
94 1039 85 368
96 1122 70 385
126 1404 69 367
132 1439 80 411
125 1376 75 381
102 1192 74 381
100 1222 88 366
117 1084 81 372
120 1279 88 372
116 1258 74 380
