122088 3120.66
69 613 63 354
98 782 98 330
66 651 60 367
66 651 60 367
65 631 63 350
98 782 98 330
90 716 90 332
90 721 90 331
84 673 84 334
91 671 84 334
90 721 90 331
85 645 78 339
90 716 90 332
72 635 72 342
79 659 78 337
72 642 72 340
91 671 84 334
84 670 84 335
85 645 78 339
79 659 78 337
84 670 84 335
71 644 67 343
68 623 63 351
78 651 78 338
75 635 65 347
90 716 90 332
66 656 62 353
71 644 67 343
84 654 78 337
69 648 66 344
84 670 84 335
78 660 78 337
71 644 67 343
69 613 63 354
66 651 61 365
84 673 84 334
67 651 60 363
67 649 61 361
67 651 60 363
84 670 84 335
66 653 60 360
66 650 62 366
66 653 61 357
75 635 65 347
79 659 78 337
72 638 72 341
72 642 72 340
85 647 78 338
70 627 63 349
67 650 61 358
74 625 66 347
67 651 60 363
66 656 62 353
75 635 65 347
66 650 62 366
70 621 63 350
66 652 62 356
68 655 62 355
70 632 66 344
67 636 66 345
67 630 66 346
65 634 63 349
66 638 66 346
65 631 63 350
70 627 63 349
67 636 66 345
67 649 61 361
68 655 62 355
67 649 61 361
67 626 66 348
72 637 67 343
91 671 84 334
72 635 72 342
68 655 62 355
65 631 63 350
90 721 90 331
70 627 63 349
73 622 66 348
69 613 63 354
72 642 72 340
73 622 66 348
84 673 84 334
78 660 78 337
68 629 63 350
66 653 60 360
74 625 66 347
69 648 66 344
69 618 63 351
72 638 72 341
66 652 61 359
67 650 61 358
66 651 60 367
84 670 84 335
67 650 61 358
66 653 60 360
73 622 66 348
85 645 78 339
85 647 78 338
66 632 66 348
78 651 78 338
66 651 61 365
74 625 66 347
66 652 61 359
66 652 62 356
66 653 61 357
69 613 63 354
66 656 62 353
69 618 63 351
72 635 72 342
75 635 65 347
66 650 62 366
69 613 63 354
69 653 65 347
70 621 63 350
69 618 63 351
67 641 63 348
84 673 84 334
85 647 78 338
79 659 78 337
73 622 66 348
72 637 67 343
84 654 78 337
69 623 66 348
66 633 66 347
65 634 63 349
66 633 66 347
68 629 63 350
72 635 72 342
65 631 63 350
67 624 66 351
73 622 66 348
66 652 61 359
66 653 61 357
84 670 84 335
66 653 60 360
70 626 66 347
67 624 66 351
67 641 63 348
78 660 78 337
68 629 63 350
66 651 61 365
66 632 66 348
67 628 66 347
67 628 66 347
69 648 66 344
85 645 78 339
67 630 66 346
74 625 66 347
67 649 61 361
84 670 84 335
68 623 63 351
85 645 78 339
72 642 72 340
66 650 62 366
72 642 72 340
69 613 63 354
67 651 60 363
66 651 61 365
67 649 61 361
71 644 67 343
72 642 72 340
85 645 78 339
66 650 62 366
91 671 84 334
79 659 78 337
69 618 63 351
69 618 63 351
66 653 61 357
66 650 62 366
71 644 67 343
84 670 84 335
65 631 63 350
65 631 63 350
66 653 61 357
67 649 61 361
79 659 78 337
66 653 60 360
69 618 63 351
71 644 67 343
69 618 63 351
69 618 63 351
85 645 78 339
84 670 84 335
73 622 66 348
69 623 66 348
65 634 63 349
84 670 84 335
78 649 78 339
72 637 67 343
72 635 72 342
91 671 84 334
90 716 90 332
72 635 72 342
72 642 72 340
85 645 78 339
69 618 63 351
72 635 72 342
65 631 63 350
91 671 84 334
84 670 84 335
98 782 98 330
98 782 98 330
72 635 72 342
66 651 60 367
74 625 66 347
68 629 63 350
68 623 63 351
69 613 63 354
67 649 61 361
65 631 63 350
84 670 84 335
90 721 90 331
65 634 63 349
66 656 62 353
69 613 63 354
84 673 84 334
67 630 66 346
67 649 61 361
67 636 66 345
66 632 66 348
66 653 61 357
85 647 78 338
65 631 63 350
67 650 61 358
90 716 90 332
78 660 78 337
66 651 61 365
84 654 78 337
66 653 60 360
67 651 60 363
66 650 62 366
70 627 63 349
72 638 72 341
90 721 90 331
75 635 65 347
84 654 78 337
70 626 66 347
84 670 84 335
84 670 84 335
68 623 63 351
67 651 60 363
66 651 61 365
66 650 62 366
67 650 61 358
85 647 78 338
85 645 78 339
66 650 62 366
66 652 61 359
84 670 84 335
66 650 62 366
69 618 63 351
69 618 63 351
69 613 63 354
78 649 78 339
84 670 84 335
67 630 66 346
84 670 84 335
90 716 90 332
67 650 61 358
67 649 61 361
91 671 84 334
69 613 63 354
66 651 61 365
75 635 65 347
85 645 78 339
84 673 84 334
72 637 67 343
66 633 66 347
91 671 84 334
66 633 66 347
66 652 61 359
66 651 61 365
66 650 62 366
85 647 78 338
68 623 63 351
66 653 61 357
90 716 90 332
78 651 78 338
74 625 66 347
67 649 61 361
67 630 66 346
65 634 63 349
66 653 61 357
68 623 63 351
72 642 72 340
79 659 78 337
78 651 78 338
72 638 72 341
67 651 60 363
98 782 98 330
67 636 66 345
84 673 84 334
66 652 62 356
66 651 60 367
66 652 62 356
69 618 63 351
84 673 84 334
68 623 63 351
73 622 66 348
69 613 63 354
