40927 2945.05
149 1002 146 324
146 1009 146 324
146 1009 146 324
90 706 84 335
88 809 63 351
88 809 63 351
81 745 78 337
106 781 106 329
114 824 114 328
122 861 122 327
106 781 106 329
115 820 114 328
141 965 138 325
133 901 130 326
125 854 122 327
99 834 63 348
138 972 138 325
130 908 130 326
88 848 65 347
82 737 72 340
88 716 78 338
122 861 122 327
87 712 72 341
92 928 63 348
98 762 98 330
133 901 130 326
85 779 66 344
149 1002 146 324
98 762 98 330
90 796 67 343
90 790 90 333
141 965 138 325
85 726 84 335
138 972 138 325
94 753 92 333
90 723 84 334
90 814 65 349
92 928 63 348
96 757 90 331
130 908 130 326
87 821 67 343
84 836 66 349
90 706 84 335
85 779 66 344
86 730 78 337
82 737 72 340
88 848 65 347
94 753 92 333
84 836 66 349
92 754 92 333
87 767 84 334
114 824 114 328
87 729 78 338
87 712 72 341
140 970 138 325
132 906 130 326
124 859 122 327
81 745 78 337
91 763 90 331
91 761 90 332
90 822 90 332
87 767 84 334
86 723 84 335
125 854 122 327
115 820 114 328
89 739 84 334
91 763 90 331
88 716 78 338
96 757 90 331
87 709 84 335
140 970 138 325
132 906 130 326
124 859 122 327
95 759 90 331
95 759 90 331
91 761 90 332
90 822 90 332
89 739 84 334
90 796 67 343
90 790 90 333
87 821 67 343
90 814 65 349
87 709 84 335
85 726 84 335
87 729 78 338
86 730 78 337
149 1002 146 324
149 1002 146 324
149 1002 146 324
149 1002 146 324
149 1002 146 324
149 1002 146 324
149 1002 146 324
149 1002 146 324
141 965 138 325
141 965 138 325
141 965 138 325
141 965 138 325
141 965 138 325
141 965 138 325
141 965 138 325
141 965 138 325
141 965 138 325
141 965 138 325
141 965 138 325
141 965 138 325
141 965 138 325
141 965 138 325
141 965 138 325
141 965 138 325
141 965 138 325
141 965 138 325
141 965 138 325
141 965 138 325
141 965 138 325
141 965 138 325
141 965 138 325
141 965 138 325
141 965 138 325
141 965 138 325
141 965 138 325
141 965 138 325
141 965 138 325
141 965 138 325
141 965 138 325
141 965 138 325
141 965 138 325
141 965 138 325
141 965 138 325
141 965 138 325
141 965 138 325
141 965 138 325
141 965 138 325
141 965 138 325
141 965 138 325
141 965 138 325
141 965 138 325
141 965 138 325
141 965 138 325
141 965 138 325
141 965 138 325
141 965 138 325
141 965 138 325
141 965 138 325
141 965 138 325
141 965 138 325
141 965 138 325
141 965 138 325
141 965 138 325
141 965 138 325
141 965 138 325
141 965 138 325
141 965 138 325
141 965 138 325
141 965 138 325
141 965 138 325
141 965 138 325
141 965 138 325
141 965 138 325
141 965 138 325
141 965 138 325
141 965 138 325
138 972 138 325
133 901 130 326
133 901 130 326
130 908 130 326
141 979 138 325
124 961 80 339
95 790 86 336
130 914 130 326
109 835 100 332
123 929 122 327
116 860 114 328
125 869 122 327
117 870 84 334
120 836 114 329
106 839 98 330
102 846 94 335
109 880 106 329
113 852 106 329
100 856 92 333
100 850 94 335
105 852 98 330
111 837 92 333
124 880 122 327
141 1007 138 325
97 832 86 336
108 842 98 330
130 951 130 326
125 892 122 327
132 920 130 326
124 879 106 329
113 911 106 329
117 880 114 328
116 911 114 328
120 903 106 329
147 1030 138 325
141 1040 138 325
118 853 86 337
110 846 100 332
133 929 130 326
125 898 122 327
111 854 98 330
130 986 130 326
117 882 114 328
121 849 108 331
119 881 114 329
131 985 130 326
120 910 106 329
119 912 106 329
144 1036 138 325
141 1045 138 325
122 860 116 330
117 879 98 330
113 861 100 332
111 865 100 332
131 988 130 326
136 936 130 326
130 919 122 327
127 986 122 327
119 962 114 328
120 925 106 329
123 891 114 328
114 863 108 331
112 866 106 330
111 903 108 331
133 943 130 326
128 970 122 327
118 870 98 330
121 937 114 328
156 1049 138 325
151 1064 138 325
120 949 98 330
114 864 108 331
112 898 108 334
111 932 108 331
134 950 122 327
116 874 100 332
126 984 106 329
131 1009 130 326
131 993 122 327
133 946 130 326
123 902 114 328
126 868 116 330
124 898 114 328
122 920 116 330
113 914 108 331
143 958 130 326
131 1049 130 326
118 908 100 332
117 885 116 333
114 887 108 331
123 910 114 328
137 953 122 327
133 1004 130 326
135 964 122 327
134 965 130 326
141 974 122 327
138 975 130 326
137 1005 130 326
136 1017 122 327
134 922 110 333
124 918 124 329
118 943 100 332
121 933 108 331
127 918 116 330
132 925 114 328
123 929 114 328
139 985 130 326
130 962 100 332
123 1083 114 328
123 932 116 330
136 961 108 331
124 942 124 329
128 952 114 328
125 966 114 328
153 1042 130 326
142 1068 130 326
137 1011 108 332
125 949 124 329
123 962 116 330
126 966 114 328
124 957 116 330
129 954 114 328
130 966 114 328
129 949 124 329
127 970 116 330
126 1014 114 328
132 980 114 328
130 966 120 334
129 1044 114 328
127 1003 124 332
128 1006 116 330
143 995 124 329
133 1005 114 328
134 997 114 328
133 1008 124 329
142 1013 130 329
140 1040 124 329
139 1049 124 329
