97556 1620.26
70 613 63 348
72 600 67 350
90 706 90 331
70 611 63 351
66 667 63 348
91 654 84 334
90 698 90 332
90 698 90 332
80 634 78 338
84 657 84 334
67 672 66 344
74 636 72 340
84 654 84 335
84 632 78 338
74 618 72 342
91 651 84 335
73 604 67 347
84 632 78 338
90 706 90 331
78 648 78 337
91 654 84 334
84 654 84 335
76 628 72 340
72 600 67 350
80 634 78 338
72 602 63 348
66 667 63 348
69 643 66 344
76 628 72 340
78 615 72 342
70 611 63 351
69 650 67 343
66 669 66 345
78 616 72 341
68 640 66 346
79 644 78 337
79 635 78 338
91 651 84 335
67 672 66 344
68 646 66 344
68 640 66 346
72 621 67 343
79 611 72 342
72 619 65 347
84 657 84 334
66 669 66 345
90 698 90 332
71 617 66 344
79 611 72 342
72 601 64 350
73 605 65 347
78 616 72 341
79 635 78 338
80 614 72 341
74 636 72 340
75 620 72 341
70 606 66 348
68 640 66 346
72 621 67 343
90 706 90 331
73 605 65 347
73 605 65 347
79 611 72 342
72 607 66 344
69 650 67 343
67 672 66 344
66 667 63 348
78 615 72 342
75 620 72 341
76 628 72 340
71 617 66 344
72 602 63 348
71 623 65 347
91 651 84 335
74 636 72 340
72 607 66 344
76 628 72 340
84 632 78 338
72 601 64 350
71 623 65 347
67 672 66 344
72 601 64 350
66 669 66 345
72 619 65 347
84 654 84 335
91 651 84 335
84 657 84 334
91 654 84 334
68 646 66 344
72 626 72 341
72 626 72 341
70 613 63 348
78 648 78 337
66 669 66 345
68 641 66 345
78 624 72 340
72 602 63 348
73 604 67 347
67 670 65 347
69 643 66 344
76 628 72 340
79 644 78 337
71 623 65 347
72 621 67 343
75 620 72 341
75 633 72 340
72 619 65 347
71 617 66 344
78 639 78 338
70 606 66 348
69 643 66 344
72 601 67 348
73 637 72 340
78 615 72 342
74 618 72 342
78 624 72 340
78 616 72 341
71 617 66 344
72 601 64 350
84 632 78 338
72 638 72 340
71 623 65 347
72 600 67 350
67 670 65 347
73 605 65 347
69 650 67 343
78 639 78 338
70 607 66 345
73 605 65 347
75 633 72 340
78 615 72 342
73 604 67 347
72 638 72 340
80 614 72 341
74 618 72 342
73 637 72 340
80 634 78 338
68 641 66 345
72 619 65 347
75 620 72 341
72 601 67 348
67 672 66 344
78 615 72 342
72 619 65 347
73 605 65 347
79 635 78 338
72 619 65 347
78 615 72 342
80 614 72 341
73 604 67 347
67 670 65 347
70 607 66 345
66 669 66 345
84 654 84 335
72 600 67 350
74 636 72 340
78 616 72 341
75 620 72 341
73 605 65 347
74 618 72 342
72 601 67 348
72 601 67 348
72 601 67 348
72 600 67 350
79 635 78 338
72 619 65 347
67 670 65 347
71 617 66 344
72 626 72 341
72 619 65 347
72 621 67 343
78 615 72 342
69 650 67 343
72 601 67 348
74 618 72 342
73 605 65 347
78 648 78 337
72 621 67 343
66 669 66 345
73 604 67 347
72 602 63 348
72 621 67 343
75 620 72 341
72 621 67 343
74 618 72 342
84 632 78 338
90 706 90 331
68 641 66 345
75 620 72 341
84 632 78 338
70 606 66 348
80 614 72 341
78 648 78 337
78 615 72 342
74 618 72 342
67 672 66 344
80 614 72 341
68 646 66 344
66 667 63 348
73 605 65 347
73 605 65 347
70 613 63 348
70 606 66 348
78 616 72 341
75 620 72 341
72 602 63 348
72 600 67 350
72 602 63 348
75 620 72 341
75 620 72 341
84 632 78 338
84 632 78 338
75 620 72 341
72 601 64 350
78 615 72 342
78 624 72 340
84 654 84 335
78 616 72 341
70 611 63 351
66 667 63 348
78 615 72 342
84 632 78 338
73 604 67 347
67 670 65 347
73 605 65 347
78 639 78 338
72 601 64 350
68 640 66 346
72 600 67 350
75 620 72 341
79 635 78 338
75 620 72 341
66 667 63 348
70 613 63 348
74 618 72 342
80 614 72 341
70 611 63 351
74 618 72 342
79 611 72 342
73 605 65 347
67 672 66 344
72 601 64 350
84 657 84 334
67 670 65 347
78 648 78 337
72 602 63 348
67 672 66 344
78 648 78 337
66 667 63 348
72 621 67 343
72 601 67 348
72 638 72 340
70 607 66 345
72 600 67 350
66 669 66 345
67 672 66 344
75 633 72 340
73 604 67 347
80 614 72 341
84 654 84 335
90 698 90 332
70 606 66 348
72 600 67 350
68 640 66 346
66 667 63 348
78 615 72 342
79 644 78 337
70 606 66 348
74 618 72 342
69 650 67 343
70 613 63 348
73 605 65 347
91 651 84 335
75 620 72 341
75 633 72 340
72 619 65 347
80 614 72 341
71 617 66 344
91 654 84 334
67 672 66 344
70 611 63 351
69 650 67 343
78 615 72 342
72 621 67 343
75 620 72 341
67 670 65 347
70 613 63 348
73 604 67 347
74 636 72 340
80 614 72 341
79 611 72 342
72 602 63 348
84 654 84 335
73 604 67 347
72 601 64 350
90 698 90 332
66 667 63 348
66 667 63 348
73 604 67 347
66 667 63 348
