397879 2220.12
105 1160 105 332
86 843 66 365
116 1433 65 347
107 1189 90 332
72 859 72 375
130 1408 61 375
119 1321 63 348
94 961 92 339
105 1160 105 332
109 1379 64 350
105 1160 105 332
102 1197 84 335
88 862 74 359
84 855 79 356
97 1049 90 333
86 843 66 365
102 1197 84 335
76 919 73 355
116 1433 65 347
98 1149 78 338
90 903 67 356
110 1142 62 371
130 1408 61 375
88 862 74 359
97 1049 90 333
96 1079 66 345
82 877 70 349
85 963 85 342
111 1244 63 349
87 981 87 340
78 950 67 352
106 1209 65 350
101 1115 66 344
83 990 72 340
91 1112 84 339
84 869 71 362
86 843 66 365
84 869 71 362
72 859 72 375
85 963 85 342
94 1074 91 336
80 908 72 369
111 1244 63 349
111 1244 63 349
87 1033 66 346
89 923 78 343
81 908 63 351
82 877 70 349
78 950 67 352
91 1013 85 337
98 1149 78 338
86 996 86 339
91 1013 85 337
78 959 66 360
119 1321 63 348
107 1189 90 332
81 908 63 351
78 950 67 352
79 878 74 354
116 1433 65 347
79 878 74 354
94 961 92 339
91 1013 85 337
103 1120 67 343
90 957 66 350
87 1033 66 346
106 1209 65 350
79 878 74 354
105 1160 105 332
76 919 73 355
84 855 79 356
85 946 78 344
80 917 72 345
105 1160 105 332
78 959 66 360
111 1244 63 349
98 1149 78 338
105 1160 105 332
92 895 79 347
84 869 71 362
103 1120 67 343
94 1070 84 338
86 996 86 339
83 990 72 340
94 961 92 339
102 1197 84 335
92 895 79 347
84 855 79 356
87 981 87 340
84 977 72 344
88 862 74 359
110 1142 62 371
79 878 74 354
105 1136 78 339
78 959 66 360
105 1136 78 339
78 959 66 360
84 855 79 356
96 1079 66 345
94 1074 91 336
86 843 66 365
87 1033 66 346
96 1079 66 345
78 959 66 360
88 862 74 359
84 869 71 362
89 923 78 343
72 859 72 375
111 1244 63 349
76 919 73 355
94 1074 91 336
101 1115 66 344
84 869 71 362
92 895 79 347
86 996 86 339
96 1079 66 345
110 1142 62 371
94 1070 84 338
88 862 74 359
94 1074 91 336
83 990 72 340
110 1142 62 371
130 1408 61 375
98 1149 78 338
80 917 72 345
88 862 74 359
86 996 86 339
94 1074 91 336
89 923 78 343
87 981 87 340
98 1149 78 338
78 959 66 360
111 1244 63 349
110 1142 62 371
72 859 72 375
90 957 66 350
84 869 71 362
110 1142 62 371
105 1160 105 332
96 1079 66 345
83 990 72 340
103 1120 67 343
85 946 78 344
107 1189 90 332
89 923 78 343
88 862 74 359
101 1115 66 344
91 1112 84 339
85 963 85 342
80 917 72 345
105 1136 78 339
88 862 74 359
76 919 73 355
106 1209 65 350
97 1049 90 333
78 950 67 352
78 950 67 352
98 1149 78 338
110 1142 62 371
110 1142 62 371
111 1244 63 349
86 843 66 365
87 981 87 340
111 1244 63 349
84 869 71 362
92 950 78 340
90 903 67 356
78 959 66 360
101 1115 66 344
91 1013 85 337
98 1149 78 338
110 1142 62 371
94 961 92 339
110 1142 62 371
98 1149 78 338
105 1136 78 339
80 917 72 345
101 1115 66 344
101 1115 66 344
86 843 66 365
130 1408 61 375
98 1149 78 338
92 895 79 347
130 1408 61 375
107 1189 90 332
88 862 74 359
107 1189 90 332
86 843 66 365
109 1379 64 350
130 1408 61 375
86 843 66 365
94 1074 91 336
105 1160 105 332
88 862 74 359
86 996 86 339
76 919 73 355
85 946 78 344
98 1149 78 338
78 959 66 360
84 869 71 362
101 1115 66 344
98 1149 78 338
88 862 74 359
84 869 71 362
105 1136 78 339
87 981 87 340
85 946 78 344
111 1244 63 349
110 1142 62 371
79 878 74 354
105 1136 78 339
105 1136 78 339
84 855 79 356
96 1079 66 345
94 1074 91 336
86 843 66 365
87 1033 66 346
78 959 66 360
88 862 74 359
89 923 78 343
111 1244 63 349
94 1074 91 336
84 869 71 362
86 996 86 339
96 1079 66 345
80 908 72 369
130 1408 61 375
98 1149 78 338
88 862 74 359
86 996 86 339
94 1074 91 336
105 1160 105 332
91 1013 85 337
107 1189 90 332
78 950 67 352
79 878 74 354
116 1433 65 347
79 878 74 354
98 1149 78 338
103 1120 67 343
91 1013 85 337
87 1033 66 346
106 1209 65 350
85 963 85 342
84 855 79 356
85 946 78 344
78 950 67 352
111 1244 63 349
98 1149 78 338
103 1120 67 343
86 996 86 339
94 961 92 339
92 895 79 347
87 981 87 340
109 1379 64 350
98 1149 78 338
80 917 72 345
101 1115 66 344
86 843 66 365
130 1408 61 375
98 1149 78 338
130 1408 61 375
107 1189 90 332
88 862 74 359
107 1189 90 332
86 843 66 365
82 877 70 349
130 1408 61 375
94 1074 91 336
130 1408 61 375
88 862 74 359
86 996 86 339
85 946 78 344
84 869 71 362
101 1115 66 344
98 1149 78 338
110 1142 62 371
87 981 87 340
106 1209 65 350
78 959 66 360
111 1244 63 349
90 957 66 350
84 869 71 362
110 1142 62 371
83 990 72 340
91 1112 84 339
80 917 72 345
76 919 73 355
78 950 67 352
101 1115 66 344
85 946 78 344
110 1142 62 371
86 843 66 365
87 981 87 340
78 950 67 352
92 950 78 340
101 1115 66 344
85 963 85 342
98 1149 78 338
110 1142 62 371
