45 0.9898
91 1203 80 409
91 1001 83 393
99 1136 74 388
106 1248 106 371
92 959 83 398
98 982 75 399
106 1218 106 371
91 963 83 397
92 955 83 396
94 980 83 398
97 975 83 387
92 964 89 397
104 1100 89 384
91 971 83 397
92 964 89 397
95 980 83 393
91 965 83 395
88 1081 80 408
95 945 83 395
91 972 83 391
104 1126 81 387
95 974 83 393
97 992 89 386
94 987 83 393
90 959 83 396
98 982 75 399
94 964 83 396
92 961 83 391
92 974 89 388
89 1037 89 392
99 1021 89 384
94 937 83 393
91 959 83 395
91 964 83 397
91 973 83 398
96 958 75 398
98 1032 89 386
96 982 89 386
91 956 83 397
96 993 83 400
99 1021 89 384
91 962 83 400
101 1037 89 384
94 937 83 395
90 937 83 393
94 995 83 393
101 1072 89 386
91 963 83 400
93 982 83 396
88 1085 74 396
92 968 89 392
95 980 83 393
91 964 83 390
91 974 83 396
91 980 83 401
94 972 83 393
92 974 89 388
91 964 83 397
96 993 89 386
93 998 83 401
97 998 89 386
91 955 83 397
90 1104 74 392
99 991 81 398
99 987 75 399
92 961 83 390
97 1020 89 386
95 995 89 386
94 988 83 402
91 956 83 400
91 969 83 397
92 973 83 390
103 1128 81 387
91 972 83 391
91 987 83 397
92 951 83 397
100 1038 89 384
91 961 83 397
96 982 89 386
97 969 83 396
90 1071 74 388
97 975 83 387
102 1034 89 384
92 1017 89 388
98 1023 81 398
94 954 83 396
94 968 83 395
92 975 83 395
91 964 83 397
92 978 89 401
97 1003 89 384
98 1023 81 398
92 957 83 391
98 968 75 391
86 1000 74 404
91 992 83 395
90 956 89 392
93 1025 89 386
93 978 83 392
92 980 89 388
97 1003 89 384
91 953 83 392
96 982 89 386
89 949 83 393
92 998 91 406
91 964 83 397
102 1010 89 386
94 965 89 394
94 988 83 396
91 937 83 395
91 964 83 390
94 964 83 396
94 943 83 395
91 972 83 397
102 1006 81 396
92 975 83 400
90 959 83 396
94 969 83 398
96 1027 83 388
101 1003 83 393
99 1070 89 384
95 995 89 386
91 962 83 400
91 953 83 392
91 947 83 393
91 1001 83 393
96 993 89 386
93 1070 74 394
96 958 75 398
91 967 83 397
96 981 83 392
92 973 83 390
92 979 89 388
90 1031 89 386
94 971 89 390
102 1006 81 396
96 984 89 386
95 995 89 386
94 968 83 395
93 960 89 388
101 1000 81 393
94 1003 89 388
95 995 89 386
99 999 83 395
90 1071 74 388
91 968 83 397
94 1003 89 388
91 970 83 398
92 959 83 398
94 937 83 395
96 972 89 384
91 968 83 398
92 968 89 392
98 968 75 391
94 978 83 393
92 980 89 388
106 1267 106 371
91 988 83 391
91 966 83 397
93 953 89 392
95 1019 83 388
94 937 83 393
91 978 83 395
91 960 83 397
99 991 81 398
111 1342 82 385
102 1034 89 384
96 954 75 394
92 952 83 397
86 1000 74 404
94 966 83 395
94 969 83 398
92 979 89 388
90 1031 89 386
94 952 83 393
96 975 83 395
92 948 83 397
96 982 89 386
91 960 83 395
89 1037 89 392
106 1248 106 371
92 979 89 388
94 1019 83 388
96 985 83 400
96 985 83 400
91 959 83 395
106 1250 106 371
94 949 83 393
94 951 83 398
94 980 83 398
97 975 83 387
91 969 83 397
97 986 89 386
95 995 89 386
91 961 83 397
94 997 83 393
94 975 83 393
91 966 83 397
94 973 83 396
91 961 83 397
99 1043 83 392
97 991 89 384
97 990 89 386
99 970 81 396
93 989 83 393
94 988 83 402
93 961 83 395
91 956 83 395
94 954 83 396
90 942 83 393
102 1029 89 386
91 961 83 397
91 947 83 393
89 930 83 393
91 963 83 400
92 980 89 388
102 1060 89 386
95 956 89 392
91 956 83 397
91 948 83 393
101 1021 89 384
91 937 83 395
97 966 89 393
96 954 75 394
92 980 89 388
102 1070 89 385
99 1070 89 384
93 960 89 388
96 1058 81 387
91 962 83 400
95 945 83 395
94 1081 74 394
89 959 83 401
94 965 83 392
94 952 83 393
91 956 83 395
95 980 83 393
92 957 83 391
95 995 89 386
91 1047 91 406
100 1017 89 384
97 966 89 393
91 956 83 400
94 962 83 393
94 952 83 393
89 959 83 401
90 956 89 392
91 965 83 397
90 937 83 393
91 969 83 397
94 949 83 393
91 948 83 393
96 984 89 386
94 944 83 395
94 949 83 393
94 965 83 392
97 975 83 387
91 986 83 392
104 1126 81 387
100 980 83 398
101 1000 81 393
91 978 83 395
101 1051 89 384
91 987 83 395
95 980 83 393
94 943 83 395
87 1044 74 388
91 955 83 397
91 965 83 390
90 942 83 393
96 972 89 384
93 1070 74 394
96 977 83 393
92 955 83 396
95 976 83 393
92 998 91 406
104 1114 89 384
93 953 89 392
89 949 83 393
96 1004 89 386
104 1100 89 384
89 930 83 393
96 984 89 386
94 944 83 395
92 980 89 388
92 948 83 397
95 956 89 392
93 998 83 394
101 1002 83 391
91 965 83 397
93 982 83 396
94 973 83 393
92 986 89 388
91 974 83 396
94 973 83 393
91 970 83 398
94 977 83 398
94 949 83 393
96 1058 81 387
92 964 83 399
