110718 1500.19
73 697 66 352
66 766 66 349
72 736 72 345
68 712 66 351
78 877 61 361
74 854 62 358
70 711 66 349
74 913 61 361
72 711 63 356
67 823 63 352
73 704 66 350
67 770 63 358
67 787 66 348
68 737 63 357
73 721 63 351
77 833 62 364
66 759 66 362
70 715 63 355
69 707 66 356
78 835 78 342
72 726 66 348
73 921 62 366
71 703 66 358
68 725 66 349
86 798 62 360
70 705 66 354
70 796 63 351
87 785 62 368
67 748 66 360
72 729 72 347
69 748 66 348
78 816 78 344
76 897 61 361
75 904 62 355
72 718 63 352
67 751 66 351
73 734 72 346
67 754 66 349
69 777 63 352
85 819 62 361
91 915 60 379
74 714 63 354
79 827 78 342
68 774 66 348
91 977 62 353
71 708 66 352
69 743 63 355
71 738 66 348
68 793 63 355
70 731 63 354
84 825 78 342
77 902 62 355
71 737 63 353
70 767 63 352
76 846 62 377
79 825 78 343
72 777 63 351
90 925 60 386
87 941 60 367
93 1033 84 339
93 1033 84 339
87 941 60 367
89 938 63 352
99 1069 66 351
96 1063 72 355
84 919 63 362
109 1253 73 376
112 1061 70 370
101 926 66 378
95 1060 66 363
97 1060 66 360
93 972 72 360
94 928 66 358
94 922 66 367
99 1086 66 358
103 1036 66 370
119 1018 66 371
109 1192 66 355
102 1102 66 367
116 1147 66 374
84 1011 68 359
97 945 68 371
111 1062 71 361
98 843 66 359
111 1120 66 356
94 902 72 361
91 1012 68 378
120 1034 63 366
109 1102 66 366
83 846 66 362
100 856 66 365
81 936 66 359
82 794 66 364
86 880 63 377
86 790 66 352
103 918 66 368
88 845 66 354
104 973 66 355
90 852 72 356
103 1041 66 371
106 1136 76 377
98 905 72 366
100 1167 70 361
98 964 72 359
126 1282 66 362
104 1035 72 353
110 1000 66 358
124 1242 69 376
92 900 66 369
104 1012 63 373
88 902 66 362
106 1028 66 367
102 1079 66 357
99 938 69 376
93 971 66 375
105 1148 73 363
86 847 66 355
103 1038 66 372
105 1128 68 358
94 966 66 364
108 1203 66 372
95 993 63 363
105 1082 63 355
120 1467 66 366
92 982 72 368
88 863 66 379
107 1054 66 365
99 948 66 366
100 966 72 363
104 1087 63 369
83 893 66 370
85 904 66 367
116 1247 66 364
93 873 66 356
87 888 68 359
98 884 66 370
120 1042 63 369
89 934 66 375
101 992 66 372
88 893 72 361
103 1046 66 355
93 1071 66 355
102 1041 63 375
114 1132 66 376
108 1151 63 370
84 808 66 364
82 959 66 358
93 982 72 364
104 1004 66 359
100 1078 63 359
100 863 66 367
114 1271 66 367
89 1039 66 367
94 1040 72 357
89 889 68 365
96 954 66 370
90 889 63 365
127 1187 63 364
89 991 73 363
95 1152 76 368
97 1150 66 365
98 981 66 371
98 1022 66 372
120 1146 63 363
102 880 63 365
82 805 66 355
106 1049 63 361
101 1073 66 369
111 1094 72 365
126 1225 72 361
98 1032 70 376
94 854 66 358
103 1165 67 378
93 1011 66 366
107 868 66 361
101 994 66 363
110 1099 70 381
92 980 69 371
110 1047 73 363
109 1329 66 362
107 1153 66 367
95 905 69 376
92 913 66 358
100 922 72 350
107 1069 72 346
102 1119 66 366
115 1060 66 363
88 816 63 362
83 1007 66 369
111 1063 63 364
106 1072 66 369
100 1051 63 370
92 815 66 365
100 1013 69 360
100 1002 68 365
115 1065 63 358
100 1225 68 369
81 916 66 361
85 931 66 352
101 1238 72 355
94 958 66 363
110 1059 66 360
94 876 66 354
101 1116 66 371
95 971 66 373
98 1026 66 373
95 912 63 360
98 1010 66 365
98 921 66 364
115 1048 63 364
106 1019 66 355
102 1133 72 365
114 1037 66 365
93 845 66 364
96 1130 68 359
98 1006 63 381
94 953 66 352
85 815 66 369
106 1172 66 362
102 939 72 373
116 1217 66 361
94 953 66 358
128 1378 73 387
104 915 68 370
129 1221 72 375
103 1045 66 364
108 1123 72 355
112 1024 68 378
105 911 72 379
85 848 66 373
98 890 65 363
77 918 66 362
88 1053 66 356
99 965 63 368
92 990 66 360
103 1030 68 374
96 1185 66 368
86 813 72 351
96 865 66 372
89 1079 66 358
87 873 66 362
110 1160 66 367
104 1099 70 369
98 1037 66 368
90 820 66 365
111 1168 72 364
110 1263 66 372
100 1011 66 368
108 962 63 370
89 970 73 364
92 894 63 360
95 933 68 372
111 1073 66 372
90 962 66 353
100 1151 66 360
101 987 63 369
101 1006 66 364
100 873 66 355
99 919 66 361
108 1260 66 362
133 1431 71 386
111 1146 73 389
103 1056 63 369
97 1000 63 363
100 1104 66 362
110 1205 66 372
90 929 66 363
89 993 73 363
117 1072 70 369
93 872 66 363
94 1074 63 363
115 1004 66 355
115 1283 69 375
112 1069 65 382
110 1205 73 362
101 945 69 357
85 974 66 376
83 989 63 375
109 922 69 378
108 983 72 364
95 866 66 370
92 824 72 356
97 1148 67 370
87 882 68 374
98 1058 66 357
95 904 66 370
97 947 63 355
101 1037 77 385
96 928 66 360
102 1112 72 365
98 967 66 374
93 867 66 359
100 957 69 372
101 1040 70 376
111 1137 66 366
97 940 72 363
89 889 66 374
95 1029 66 361
118 1080 66 368
107 1017 66 359
