38569 690.213
71 837 67 353
84 798 67 365
75 802 66 354
76 881 72 347
77 836 63 353
80 947 78 342
75 815 73 350
81 957 72 345
86 874 66 348
80 800 67 358
74 840 73 350
87 914 72 345
72 816 67 356
84 927 78 342
79 833 72 349
73 805 67 362
75 917 63 353
78 808 63 355
75 849 66 350
74 846 63 359
71 830 67 359
74 812 66 352
83 855 72 347
74 828 63 363
82 957 66 348
75 808 66 352
83 891 78 346
80 804 66 353
84 944 63 351
79 932 78 344
80 905 78 345
82 832 66 350
78 860 72 347
82 968 64 352
76 848 72 349
84 916 66 348
73 821 67 353
92 917 78 344
86 939 63 351
74 809 66 354
76 841 66 350
76 844 63 355
73 812 67 356
82 923 78 344
85 945 72 345
77 808 63 360
75 876 63 357
79 915 78 345
77 824 63 355
75 840 63 359
77 811 63 358
77 830 72 351
79 859 79 347
81 837 66 350
83 954 66 348
76 838 63 360
76 842 63 357
76 834 72 351
86 887 85 346
112 1236 62 391
90 1015 84 339
90 1015 84 339
75 898 67 353
104 1016 67 372
107 1223 67 365
93 1000 67 356
95 1109 67 356
108 1161 67 372
102 1004 73 356
112 1264 73 365
101 1053 73 370
102 1000 67 370
105 1069 73 361
106 1087 67 359
106 1201 73 370
96 1042 67 369
95 1076 73 368
121 1282 73 358
114 1136 72 365
132 1453 67 358
100 1049 67 359
114 1315 67 379
102 1141 67 362
116 1385 67 361
101 1128 67 357
90 1067 67 364
103 1094 67 380
79 941 73 353
101 1066 73 359
118 1370 73 359
91 1009 67 356
97 1019 73 362
102 1180 67 359
113 1192 73 363
118 1379 67 362
99 1152 67 362
86 932 73 369
108 1193 67 362
95 1126 67 353
113 1194 73 361
102 1143 67 360
103 1098 73 367
86 949 67 356
99 1157 73 364
113 1103 67 361
102 1197 67 359
113 1180 67 367
91 979 67 359
117 1306 73 374
90 962 73 354
99 1052 71 359
122 1367 67 360
93 1018 72 362
100 1161 67 362
104 1067 73 355
117 1260 67 365
117 1455 67 362
106 1105 68 378
97 982 67 353
81 919 73 362
106 1214 67 359
85 922 73 350
106 1337 73 368
144 1625 71 350
100 1149 73 356
106 1016 75 360
96 1049 80 353
89 956 67 374
95 1001 73 353
82 985 73 367
89 988 67 360
103 942 67 358
121 1309 73 379
107 1074 67 363
97 1018 67 374
107 1195 67 363
106 1228 67 364
107 1025 67 372
100 1158 73 361
103 1208 67 358
123 1351 73 362
117 1228 67 365
113 1143 73 371
113 1288 74 362
126 1363 73 359
101 1145 71 353
95 1105 67 356
97 1144 67 364
103 1050 73 375
99 1070 67 365
94 1083 73 361
100 936 73 365
102 1187 73 364
105 1066 67 374
106 1201 67 362
104 1169 67 366
96 1074 67 353
100 963 67 366
97 1104 73 363
99 929 67 359
106 1173 67 360
103 1163 67 362
117 1405 73 361
99 1053 67 370
118 1228 67 370
110 1217 67 359
96 1082 73 360
92 1045 67 364
141 1568 72 362
101 1149 67 366
97 1006 67 360
95 1106 67 360
95 973 73 360
117 1408 73 361
102 1135 67 360
97 1035 67 361
101 1149 67 356
120 1328 73 350
129 1550 70 362
93 1076 67 370
103 1053 73 369
119 1353 67 367
110 1245 73 351
111 1274 73 359
103 1240 73 350
96 1070 67 359
120 1305 73 363
91 925 67 371
90 1031 67 366
92 1130 67 353
100 1088 67 362
102 1123 67 365
83 984 74 370
83 903 67 363
103 1209 67 358
102 1058 67 375
102 1152 67 362
99 1146 67 358
106 1126 67 357
98 1140 67 357
117 1332 73 353
105 1195 67 370
95 989 67 362
113 1251 72 359
116 1360 73 359
98 1052 67 364
114 1269 73 356
91 1032 73 359
77 923 67 359
106 1330 67 356
115 1134 73 369
99 1147 67 356
107 1246 73 350
99 1097 67 368
117 1295 67 358
94 1055 73 363
115 1075 67 373
92 1038 67 353
110 1307 67 370
92 991 73 362
112 1147 67 366
113 1315 67 367
132 1508 73 376
102 1108 67 372
100 1057 67 369
108 1073 67 368
91 959 67 356
99 1113 67 365
96 1141 67 356
102 1128 67 356
113 1180 74 359
89 940 73 363
110 1171 67 367
104 1164 73 350
105 1163 74 369
117 1396 67 367
99 1143 67 363
113 1244 67 374
105 1151 67 353
91 975 73 363
104 1228 67 353
127 1415 73 353
107 1194 73 351
101 1198 67 355
91 980 67 369
103 1083 67 353
103 1119 67 359
122 1414 67 353
102 1118 67 364
101 1126 67 357
101 1040 73 364
120 1422 67 370
104 1258 67 371
111 1239 67 367
107 1309 67 363
110 1220 73 359
119 1401 73 362
113 1307 67 365
104 1097 71 369
108 1208 67 371
103 1055 73 362
89 998 67 359
110 1311 67 361
105 1129 67 368
115 1340 73 359
84 856 67 371
104 1130 67 358
103 1163 67 356
114 1343 67 362
107 1079 67 370
91 1085 74 353
110 1255 67 359
103 1169 73 356
117 1131 67 365
85 997 67 353
86 1013 73 350
87 964 67 363
120 1333 67 365
124 1328 67 368
98 1011 67 373
122 1467 73 360
100 1178 67 353
108 1265 67 367
123 1129 73 356
91 1001 73 371
108 1123 80 357
106 1206 74 360
103 1160 73 359
97 1109 67 359
119 1289 67 372
96 1090 67 356
88 1046 67 365
119 1378 73 368
99 1237 67 365
88 996 67 371
114 1328 67 359
90 1058 73 359
93 1078 67 355
117 1264 67 362
102 1148 73 371
