97788 2580.53
98 734 98 330
99 730 98 330
68 607 60 365
65 613 63 358
101 722 98 331
68 605 66 354
68 607 60 365
90 717 90 332
75 625 72 343
87 674 86 336
93 688 92 334
84 682 84 335
78 666 78 338
78 666 78 338
98 734 98 330
84 673 78 337
79 617 72 345
92 703 92 333
98 734 98 330
90 724 90 331
92 703 92 333
95 697 92 333
72 617 70 346
76 629 72 342
73 644 72 340
69 645 66 344
78 657 78 339
90 724 90 331
95 697 92 333
101 728 98 330
78 675 78 337
66 612 66 349
66 609 66 355
72 628 72 343
85 671 78 337
70 611 66 348
89 672 86 336
87 674 86 336
70 610 68 347
101 728 98 330
90 691 84 334
84 695 84 334
99 730 98 330
68 609 66 351
67 607 64 360
99 730 98 330
93 688 92 334
67 609 64 358
69 659 67 343
70 610 68 347
87 674 86 336
72 617 70 346
93 699 92 333
84 682 84 335
76 629 72 342
69 641 65 347
72 632 65 347
72 651 72 340
72 651 72 340
69 659 67 343
72 634 72 341
72 634 72 341
78 657 78 339
72 632 65 347
68 613 66 348
66 615 64 355
85 671 78 337
90 680 84 335
90 717 90 332
68 608 60 362
67 616 61 357
69 610 64 352
72 617 70 346
67 606 63 363
74 618 72 345
73 619 72 344
77 627 72 342
72 620 66 345
73 644 72 340
70 640 63 348
67 607 62 361
93 699 92 333
72 637 67 343
78 666 78 338
84 682 84 335
85 662 78 338
92 703 92 333
95 686 92 334
66 612 66 349
67 606 61 364
68 608 60 362
93 699 92 333
69 610 62 353
68 605 62 356
68 605 66 354
67 606 61 364
69 610 62 353
87 674 86 336
90 717 90 332
68 610 60 360
70 611 66 348
67 606 63 363
67 609 64 358
69 606 61 357
68 605 62 356
78 666 78 338
68 607 60 365
95 686 92 334
84 682 84 335
77 627 72 342
72 651 72 340
74 618 72 345
67 607 62 361
77 627 72 342
89 669 86 337
67 609 66 352
67 607 62 361
101 722 98 331
67 609 62 359
78 666 78 338
68 609 66 351
84 682 84 335
68 605 61 359
69 606 61 357
69 606 61 357
74 618 72 345
74 618 72 345
75 625 72 343
98 734 98 330
68 607 60 365
68 605 66 354
78 666 78 338
77 627 72 342
79 617 72 345
89 669 86 337
78 657 78 339
65 616 63 355
93 688 92 334
70 611 66 348
66 610 66 352
67 606 61 364
72 626 63 348
67 607 62 361
69 606 61 357
67 606 61 364
68 605 64 355
69 659 67 343
70 611 66 348
72 622 72 344
85 662 78 338
70 640 63 348
89 669 86 337
90 691 84 334
69 659 67 343
78 666 78 338
72 620 66 345
93 699 92 333
93 688 92 334
84 695 84 334
99 730 98 330
90 680 84 335
95 686 92 334
89 669 86 337
84 682 84 335
69 636 66 345
101 722 98 331
72 622 72 344
95 697 92 333
75 625 72 343
76 629 72 342
78 675 78 337
68 605 66 354
66 612 66 349
68 609 66 351
89 672 86 336
68 607 60 365
72 626 63 348
65 616 62 356
74 618 72 345
73 619 72 344
68 608 60 362
72 628 72 343
69 645 66 344
69 606 61 357
72 626 63 348
72 617 70 346
69 636 66 345
77 627 72 342
68 613 66 348
66 615 64 355
69 641 65 347
70 611 66 348
84 673 78 337
68 608 60 362
93 699 92 333
78 666 78 338
93 699 92 333
66 610 66 352
68 607 60 365
70 611 66 348
93 688 92 334
69 659 67 343
84 682 84 335
68 607 60 365
98 734 98 330
70 611 66 348
93 688 92 334
67 607 62 361
66 618 64 352
67 606 61 364
67 607 62 361
69 610 62 353
72 634 72 341
101 728 98 330
65 613 63 358
90 691 84 334
67 607 64 360
67 616 61 357
68 608 60 362
68 608 60 362
98 734 98 330
79 617 72 345
70 610 68 347
67 609 66 352
67 616 61 357
72 628 72 343
75 625 72 343
67 606 63 363
78 666 78 338
90 724 90 331
72 632 72 342
77 627 72 342
65 616 62 356
66 609 66 355
66 609 66 355
67 607 62 361
92 703 92 333
90 691 84 334
93 688 92 334
66 610 66 352
68 608 60 362
65 616 62 356
75 625 72 343
89 669 86 337
67 607 62 361
70 610 68 347
66 615 64 355
101 722 98 331
76 629 72 342
67 607 62 361
89 669 86 337
90 691 84 334
72 632 65 347
72 622 72 344
72 622 72 344
84 682 84 335
68 608 60 362
99 730 98 330
68 605 64 355
66 618 64 352
67 607 62 361
67 609 62 359
67 618 60 360
67 616 61 357
69 606 61 357
90 724 90 331
90 691 84 334
93 699 92 333
101 728 98 330
65 613 63 358
68 607 60 365
68 608 60 362
66 610 66 352
68 605 66 354
69 636 66 345
67 606 63 363
69 610 62 353
67 606 63 363
84 682 84 335
68 605 66 354
68 605 62 356
78 666 78 338
68 608 60 362
69 610 62 353
68 609 66 351
98 734 98 330
90 717 90 332
67 607 62 361
90 717 90 332
98 734 98 330
85 662 78 338
72 617 70 346
95 697 92 333
68 605 61 359
84 682 84 335
78 657 78 339
79 617 72 345
76 629 72 342
78 675 78 337
68 607 60 365
