2374 31.5939
78 780 74 358
81 746 80 355
80 756 67 355
93 868 93 345
79 752 73 355
81 749 80 352
85 838 85 346
80 756 67 355
79 750 73 355
79 750 73 355
81 762 80 352
81 749 80 352
80 821 79 349
81 750 80 352
81 748 80 352
80 754 67 358
79 753 73 352
79 778 69 358
79 753 73 352
79 750 73 355
90 833 70 355
79 753 73 352
81 761 80 352
79 753 73 352
80 754 67 358
81 749 80 352
80 754 67 358
79 752 73 355
79 767 73 352
79 777 79 349
80 783 73 352
80 754 67 358
79 750 73 355
81 750 80 352
79 751 73 355
81 747 80 355
87 777 86 349
81 766 80 352
81 750 80 352
81 747 80 355
81 794 73 352
79 752 73 352
79 788 79 349
79 753 73 352
81 746 80 355
79 782 70 355
79 788 79 349
79 750 73 355
80 757 67 355
79 778 69 358
80 754 67 358
80 767 67 355
79 752 73 352
80 767 67 355
79 751 73 355
80 754 67 358
79 756 73 352
81 750 80 352
79 765 73 352
79 764 73 352
87 772 86 349
79 752 73 352
80 770 67 355
79 750 73 355
79 753 73 355
79 752 73 352
87 777 86 349
79 774 73 352
81 748 80 352
79 750 73 355
79 753 73 352
81 747 80 355
82 833 73 352
79 753 73 352
79 750 73 355
80 756 67 355
83 807 73 352
79 750 73 355
81 758 80 352
79 750 73 355
80 754 67 358
79 754 73 352
79 788 79 349
79 788 79 349
80 767 67 355
79 752 73 352
80 765 67 355
80 754 67 358
81 749 80 352
79 750 73 355
79 777 79 349
79 782 70 355
79 752 73 352
81 749 80 352
79 783 69 358
81 749 80 352
81 760 80 352
79 778 79 349
81 749 80 352
81 749 80 352
79 778 79 349
81 750 80 352
81 761 80 352
80 756 67 355
81 747 80 355
79 756 73 352
80 780 73 352
79 750 73 355
79 756 73 352
79 750 73 355
79 752 73 352
80 754 67 358
81 751 80 352
79 754 73 352
80 758 67 355
79 750 73 355
80 754 67 358
81 750 80 352
80 783 73 352
79 750 73 355
79 788 79 349
81 767 80 352
79 752 73 352
81 748 80 352
79 752 73 355
81 749 80 352
79 778 79 349
80 770 67 355
81 749 80 352
79 752 73 352
79 754 73 352
81 747 80 355
81 761 80 352
79 789 79 349
81 749 80 355
80 767 67 355
81 762 80 352
79 765 73 352
79 756 73 352
79 750 73 355
80 767 67 355
79 772 73 352
79 778 79 349
79 750 73 355
80 767 67 355
81 758 80 352
79 764 73 352
79 751 73 355
79 752 73 352
79 750 73 355
81 760 80 352
79 750 73 355
80 754 67 358
81 751 80 352
80 767 67 355
81 748 80 352
85 838 85 346
79 764 73 352
79 753 73 352
81 749 80 352
79 765 73 352
80 754 67 358
81 759 80 352
81 750 80 352
79 750 73 355
87 862 73 352
79 778 79 349
79 750 73 355
80 757 67 355
79 783 69 358
80 754 67 358
80 754 67 358
81 761 80 352
79 789 79 349
80 754 67 358
79 751 73 355
80 756 67 355
81 761 80 352
81 751 80 352
79 779 70 355
85 835 85 346
79 753 73 352
80 791 73 352
79 750 73 355
79 750 73 355
79 750 73 355
85 845 85 346
79 752 73 352
79 750 73 355
81 746 80 355
81 760 80 352
79 751 73 355
79 767 73 352
79 773 73 352
81 749 80 352
79 782 70 355
81 758 80 352
80 765 67 355
79 752 73 355
81 747 80 355
79 779 70 355
80 787 73 352
87 774 86 349
79 752 73 352
80 767 67 355
81 749 80 352
80 754 67 358
79 753 73 355
79 752 73 352
79 752 73 352
87 773 86 349
79 752 73 352
79 752 73 355
81 750 80 352
79 752 73 355
81 747 80 355
79 778 79 349
81 760 80 352
81 750 80 352
81 747 80 355
79 788 79 349
81 749 80 352
81 751 80 352
79 750 73 355
81 746 80 355
83 817 73 352
79 788 79 349
81 750 80 352
79 770 73 352
79 753 73 352
80 754 67 358
81 782 67 355
81 751 80 352
80 760 67 355
80 754 67 358
79 753 73 355
80 767 67 355
79 752 73 352
79 767 73 352
79 754 73 352
79 777 79 349
81 749 80 352
80 754 67 358
81 748 80 352
80 754 67 358
81 750 80 352
81 758 80 352
80 754 67 358
81 748 80 352
79 751 73 355
81 750 80 352
81 747 80 355
81 763 80 352
79 753 73 352
79 752 73 352
80 754 67 358
81 759 80 352
80 776 70 355
82 833 73 352
79 752 73 352
80 758 67 355
79 753 73 352
79 788 79 349
79 753 73 352
80 756 67 355
81 751 80 352
82 794 67 355
79 753 73 352
81 750 80 352
79 750 73 355
79 767 73 352
80 770 67 355
81 750 80 352
79 751 73 355
80 754 67 358
81 748 80 352
79 788 79 349
81 750 80 352
80 754 67 358
81 747 80 355
80 815 79 349
81 750 80 352
81 761 80 352
79 753 73 352
81 748 80 352
79 759 73 352
81 759 80 352
81 747 80 355
79 776 70 355
80 757 67 355
80 758 67 355
80 757 67 355
81 751 80 352
79 753 73 352
80 756 67 355
79 750 73 355
80 754 67 358
81 749 80 352
83 824 70 355
79 752 73 352
