7 0.136955
105 1188 87 382
95 1267 80 394
98 1226 73 402
97 1097 87 400
114 1347 77 390
106 1173 82 394
115 1351 80 387
128 1598 75 390
122 1442 73 401
135 1623 100 378
108 1214 80 407
107 1209 104 378
114 1346 79 400
103 1205 79 409
141 1690 95 374
107 1256 93 385
99 1171 87 401
115 1424 108 379
98 1243 80 403
117 1352 77 395
123 1475 87 383
109 1306 74 404
121 1486 81 387
105 1289 91 392
102 1308 101 396
111 1320 87 389
124 1354 115 383
121 1385 87 387
112 1260 87 396
105 1328 75 408
120 1329 80 397
112 1424 84 396
116 1282 86 395
107 1225 86 401
109 1372 80 402
115 1372 80 398
110 1253 99 400
127 1461 86 388
106 1238 81 408
138 1487 80 394
115 1477 82 397
113 1486 82 401
120 1416 115 384
112 1293 76 411
134 1759 88 382
149 1693 143 374
103 1199 87 402
99 1237 94 403
105 1268 82 405
119 1330 75 410
111 1411 101 386
121 1481 120 381
116 1321 88 394
108 1424 75 413
129 1557 103 383
110 1330 100 390
119 1416 82 400
119 1383 94 388
121 1532 88 389
125 1679 110 380
119 1546 79 402
109 1189 94 415
114 1307 101 393
127 1604 100 421
146 1696 94 397
112 1330 101 395
123 1498 80 412
110 1279 87 399
138 1678 83 426
104 1316 88 403
118 1260 86 409
112 1340 88 407
140 1471 86 400
125 1371 101 395
154 1737 88 404
134 1629 83 398
114 1329 87 385
119 1280 81 396
117 1369 81 399
107 1285 101 395
108 1320 93 379
114 1294 83 412
126 1371 94 397
132 1579 89 410
120 1454 87 388
137 1579 87 413
123 1565 80 400
129 1561 107 399
127 1435 75 395
134 1629 94 404
147 1748 100 409
111 1396 101 401
117 1354 79 413
122 1470 82 424
118 1366 94 405
123 1493 99 383
132 1517 95 418
114 1331 81 406
168 1888 109 408
125 1484 100 399
122 1404 100 384
178 2272 101 402
118 1423 93 409
133 1463 103 401
109 1377 86 398
103 1240 87 414
105 1298 95 395
111 1240 101 400
140 1725 95 400
110 1439 87 388
126 1472 102 391
124 1393 87 411
122 1440 93 418
114 1320 87 401
127 1394 88 391
141 1675 91 412
154 1817 94 427
131 1459 100 414
127 1422 95 430
121 1377 88 410
131 1737 81 395
141 1761 93 430
126 1580 85 392
119 1476 81 406
112 1428 107 386
130 1379 95 411
127 1553 88 421
118 1288 80 413
126 1443 95 392
106 1210 86 409
102 1223 92 397
127 1451 94 411
103 1311 93 416
106 1301 95 421
119 1337 95 418
150 1559 101 385
138 1631 96 400
130 1513 93 409
144 1562 97 416
118 1381 88 403
122 1427 88 415
131 1655 87 385
116 1415 87 394
123 1400 92 424
108 1297 88 392
107 1276 101 402
114 1361 80 408
120 1554 94 404
141 1786 96 401
128 1507 94 407
126 1550 115 403
131 1432 88 406
122 1322 100 405
119 1383 94 423
117 1324 93 408
109 1345 93 382
122 1290 87 399
137 1551 95 413
140 1669 86 406
125 1349 94 398
118 1383 100 402
122 1505 94 431
127 1463 94 399
114 1397 107 405
108 1347 87 403
125 1656 101 394
129 1674 87 403
122 1465 82 411
104 1247 95 403
113 1349 101 404
131 1527 101 412
104 1294 87 391
122 1463 95 411
108 1321 94 391
130 1541 95 415
96 1156 88 409
127 1447 94 384
126 1651 94 404
114 1288 97 410
117 1300 79 420
136 1514 93 400
116 1460 95 384
115 1242 87 395
149 1620 81 397
113 1415 106 415
121 1420 103 390
148 1617 94 389
101 1251 87 403
112 1295 81 393
133 1587 94 408
114 1335 81 398
113 1196 95 412
114 1381 88 396
143 1895 82 406
131 1622 87 400
100 1131 87 388
133 1580 102 417
116 1405 101 400
122 1436 87 400
127 1584 87 381
108 1366 107 402
122 1474 87 391
112 1420 106 417
154 1849 94 415
124 1441 100 398
119 1370 93 405
109 1350 80 391
139 1583 88 408
107 1329 96 408
123 1540 83 418
122 1417 87 402
122 1475 95 406
104 1206 73 405
132 1590 94 403
102 1194 93 398
115 1258 88 404
119 1397 100 398
146 1540 94 412
119 1368 101 417
139 1560 80 421
143 1617 87 403
101 1245 86 403
135 1635 102 410
116 1404 95 412
158 1795 94 411
143 1658 87 410
123 1500 90 396
98 1289 94 402
122 1407 94 393
105 1297 87 393
142 1580 93 396
118 1416 80 408
117 1312 108 391
121 1524 87 409
111 1389 80 404
115 1482 86 403
132 1579 102 404
141 1614 92 410
127 1600 81 404
104 1235 81 402
114 1398 94 398
139 1621 100 403
116 1374 101 409
122 1484 81 413
126 1600 103 432
141 1584 88 396
122 1387 90 417
151 1717 87 422
107 1331 93 390
132 1599 90 409
123 1497 100 403
121 1407 81 382
138 1614 87 405
122 1422 102 409
122 1483 94 405
118 1467 87 410
114 1435 87 408
138 1702 93 423
117 1373 88 402
118 1396 94 401
111 1300 94 403
130 1451 87 409
108 1375 94 410
112 1323 94 399
120 1376 74 429
127 1464 95 412
121 1365 102 416
150 1739 101 402
151 1902 108 412
103 1220 99 401
139 1442 90 415
110 1276 88 407
117 1436 73 418
127 1521 88 417
123 1515 93 383
115 1483 81 396
136 1539 101 397
119 1442 75 413
128 1453 93 411
103 1208 88 400
122 1460 93 437
114 1407 80 386
116 1236 77 408
119 1403 81 400
118 1459 82 434
120 1375 95 410
131 1589 117 417
120 1575 87 401
121 1573 95 403
125 1425 114 408
108 1446 88 390
122 1469 100 403
127 1537 94 405
140 1690 94 398
104 1187 81 393
144 1534 106 410
114 1419 80 395
118 1485 109 399
118 1403 101 387
115 1333 79 397
