28315 720.212
65 672 63 348
106 817 106 329
74 625 66 345
68 663 60 360
66 661 60 370
106 817 106 329
98 748 98 330
98 748 98 330
90 710 90 331
90 704 90 332
98 748 98 330
98 748 98 330
90 704 90 332
84 679 84 334
78 651 78 339
90 704 90 332
84 679 84 334
78 655 78 337
84 675 84 336
74 631 67 343
84 675 84 336
90 703 90 333
90 704 90 332
78 655 78 337
73 635 72 341
67 659 60 365
66 661 60 370
72 632 72 342
67 682 66 344
67 682 66 344
66 677 66 346
90 710 90 331
69 639 63 353
78 651 78 339
69 640 63 351
75 627 63 348
68 642 63 351
67 660 60 363
67 659 60 365
72 632 72 342
72 638 72 341
69 667 62 353
76 628 65 347
68 666 62 355
72 630 66 344
66 670 63 348
69 646 65 347
78 655 78 337
68 648 66 347
69 657 61 359
68 645 65 350
90 704 90 332
69 667 62 353
65 672 63 348
67 661 62 358
72 632 72 342
72 638 72 341
74 637 63 348
72 641 72 340
66 658 61 361
66 677 66 346
68 662 60 362
66 658 61 361
76 626 63 348
65 668 63 349
84 676 84 335
78 652 78 338
90 703 90 333
69 657 60 363
68 662 62 356
70 648 67 343
71 665 62 353
74 627 66 344
68 649 66 345
74 631 67 343
68 662 60 362
90 704 90 332
68 662 62 356
67 661 62 358
69 641 65 350
78 655 78 337
73 635 72 341
68 663 61 357
68 663 60 360
84 675 84 336
84 676 84 335
65 668 63 349
84 679 84 334
71 661 62 355
70 660 60 360
69 646 65 347
68 645 65 350
70 660 62 356
75 629 65 347
67 659 61 359
66 679 66 345
78 651 78 339
84 675 84 336
73 635 72 341
74 637 63 348
68 663 61 357
71 665 62 353
70 660 61 357
70 660 60 360
70 660 62 356
66 658 61 361
67 673 65 347
67 659 60 365
78 637 72 340
69 657 60 363
78 652 78 338
68 663 61 357
74 631 67 343
68 663 61 357
68 663 61 357
71 665 62 353
66 679 66 345
78 652 78 338
70 637 66 345
70 643 66 344
84 679 84 334
65 668 63 349
68 663 60 360
78 655 78 337
65 672 63 348
71 665 62 353
78 634 72 341
66 670 63 348
69 646 65 347
73 635 72 341
67 673 65 347
66 670 63 348
72 630 66 344
75 629 65 347
68 648 66 347
71 665 62 353
68 650 66 344
74 639 65 347
69 646 65 347
68 666 62 355
75 627 63 348
68 649 66 345
67 659 61 359
84 676 84 335
68 663 61 357
69 640 63 351
72 628 66 345
68 649 66 345
67 661 62 358
68 666 62 355
72 630 66 344
72 638 72 341
68 650 66 344
67 673 65 347
70 645 65 347
78 634 72 341
68 642 63 351
67 660 60 363
70 643 66 344
73 635 72 341
69 667 62 353
72 628 66 345
74 625 66 345
70 660 61 357
75 629 65 347
76 626 63 348
69 641 65 350
74 631 67 343
74 625 66 345
69 667 62 353
78 655 78 337
69 640 63 351
72 632 72 342
69 657 60 363
69 646 65 347
66 670 63 348
68 663 60 360
68 645 65 350
65 668 63 349
68 663 61 357
69 646 65 347
73 635 72 341
90 704 90 332
69 667 62 353
72 630 66 344
68 662 62 356
66 658 61 361
68 662 62 356
69 641 65 350
69 641 65 350
71 665 62 353
72 632 72 342
78 651 78 339
67 659 61 359
67 659 60 365
68 663 60 360
65 668 63 349
74 625 66 345
90 704 90 332
74 625 66 345
68 662 62 356
66 658 61 361
68 666 62 355
67 659 60 365
66 661 60 370
69 667 62 353
73 635 72 341
73 635 72 341
84 676 84 335
90 704 90 332
78 652 78 338
90 710 90 331
69 646 65 347
90 704 90 332
68 663 61 357
74 625 66 345
98 748 98 330
98 748 98 330
98 748 98 330
66 661 60 370
71 665 62 353
68 662 62 356
74 637 63 348
68 662 60 362
72 632 72 342
73 635 72 341
78 651 78 339
67 660 60 363
67 660 60 363
76 626 63 348
73 635 72 341
72 632 72 342
78 655 78 337
68 666 62 355
69 657 60 363
73 635 72 341
78 652 78 338
67 659 60 365
90 704 90 332
90 704 90 332
67 659 61 359
78 651 78 339
73 635 72 341
74 631 67 343
84 675 84 336
75 629 65 347
70 660 62 356
67 659 60 365
75 629 65 347
69 657 60 363
67 660 60 363
67 660 60 363
70 643 66 344
68 662 62 356
70 660 62 356
72 630 66 344
84 675 84 336
84 679 84 334
67 659 61 359
65 668 63 349
68 649 66 345
72 638 72 341
67 661 62 358
67 661 62 358
66 677 66 346
72 628 66 345
74 625 66 345
78 651 78 339
78 655 78 337
72 632 72 342
68 663 60 360
90 710 90 331
67 661 62 358
68 663 60 360
67 659 61 359
67 660 60 363
67 661 62 358
66 679 66 345
66 679 66 345
68 648 66 347
78 634 72 341
65 672 63 348
67 661 62 358
66 677 66 346
66 670 63 348
72 632 72 342
66 670 63 348
68 662 62 356
69 667 62 353
71 665 62 353
68 662 60 362
71 665 62 353
68 663 61 357
66 661 60 370
67 659 61 359
69 657 60 363
67 659 61 359
78 651 78 339
72 630 66 344
69 657 60 363
