144799 1680.33
130 924 130 326
84 670 63 348
81 657 78 338
79 686 66 346
122 834 122 327
114 782 114 328
107 743 106 329
106 746 106 329
98 722 98 330
98 722 98 330
92 707 90 331
90 732 90 331
81 662 66 344
85 698 84 334
79 688 72 340
81 658 72 341
106 746 106 329
92 694 92 333
83 669 67 343
87 678 84 334
84 671 65 347
83 669 67 343
92 694 92 333
83 669 78 337
80 666 72 340
86 668 86 337
86 678 86 336
81 657 78 338
91 725 90 332
86 678 86 336
86 669 65 347
92 705 90 332
86 680 84 335
87 670 84 335
81 658 72 341
91 727 90 331
83 669 78 337
86 683 84 334
92 705 90 332
87 670 84 335
86 683 84 334
86 680 84 335
92 707 90 331
91 725 90 332
106 746 106 329
106 746 106 329
106 746 106 329
106 746 106 329
106 746 106 329
106 746 106 329
106 746 106 329
106 746 106 329
106 746 106 329
106 746 106 329
106 746 106 329
106 746 106 329
106 746 106 329
106 746 106 329
106 746 106 329
106 746 106 329
106 746 106 329
106 746 106 329
106 746 106 329
106 746 106 329
106 746 106 329
106 746 106 329
106 746 106 329
106 746 106 329
106 746 106 329
106 746 106 329
106 746 106 329
106 746 106 329
106 746 106 329
106 746 106 329
106 746 106 329
106 746 106 329
106 746 106 329
106 746 106 329
106 746 106 329
106 746 106 329
106 746 106 329
106 746 106 329
106 746 106 329
106 746 106 329
106 746 106 329
106 746 106 329
106 746 106 329
106 746 106 329
106 746 106 329
106 746 106 329
106 746 106 329
106 746 106 329
106 746 106 329
106 746 106 329
106 746 106 329
106 746 106 329
106 746 106 329
106 746 106 329
106 746 106 329
106 746 106 329
106 746 106 329
106 746 106 329
106 746 106 329
106 746 106 329
106 746 106 329
106 746 106 329
106 746 106 329
106 746 106 329
106 746 106 329
106 746 106 329
106 746 106 329
106 746 106 329
106 746 106 329
106 746 106 329
106 746 106 329
106 746 106 329
106 746 106 329
106 746 106 329
106 746 106 329
106 746 106 329
106 746 106 329
106 746 106 329
106 746 106 329
106 746 106 329
106 746 106 329
106 746 106 329
106 746 106 329
106 746 106 329
106 746 106 329
106 746 106 329
106 746 106 329
106 746 106 329
106 746 106 329
106 746 106 329
106 746 106 329
106 746 106 329
106 746 106 329
106 746 106 329
106 746 106 329
106 746 106 329
106 746 106 329
106 746 106 329
106 746 106 329
106 746 106 329
106 746 106 329
106 746 106 329
106 746 106 329
106 746 106 329
106 746 106 329
106 746 106 329
106 746 106 329
106 746 106 329
106 746 106 329
106 746 106 329
106 746 106 329
106 746 106 329
106 746 106 329
106 746 106 329
106 746 106 329
106 746 106 329
106 746 106 329
106 746 106 329
106 746 106 329
106 746 106 329
106 746 106 329
106 746 106 329
106 746 106 329
106 746 106 329
106 746 106 329
106 746 106 329
106 746 106 329
106 746 106 329
106 746 106 329
106 746 106 329
106 746 106 329
106 746 106 329
106 746 106 329
106 746 106 329
106 746 106 329
106 746 106 329
106 746 106 329
106 746 106 329
106 746 106 329
106 746 106 329
106 746 106 329
106 746 106 329
106 746 106 329
106 746 106 329
106 746 106 329
106 746 106 329
106 746 106 329
106 746 106 329
106 746 106 329
106 746 106 329
106 746 106 329
106 746 106 329
106 746 106 329
106 746 106 329
106 746 106 329
106 746 106 329
106 746 106 329
106 746 106 329
106 746 106 329
106 746 106 329
106 746 106 329
106 746 106 329
106 746 106 329
106 746 106 329
106 746 106 329
92 705 90 332
92 694 92 333
122 872 122 327
90 693 80 341
87 708 78 337
115 804 114 328
94 705 92 333
98 724 98 330
92 717 90 331
106 754 106 329
110 750 106 329
91 696 84 334
106 754 106 329
90 721 84 335
98 724 98 330
110 750 106 329
110 750 106 329
106 754 106 329
106 754 106 329
106 754 106 329
98 724 98 330
116 833 114 328
96 716 80 340
92 700 86 336
88 722 78 338
95 706 84 335
110 752 106 329
106 755 106 329
100 718 100 332
106 755 106 329
97 734 90 331
100 729 98 330
92 719 90 332
98 743 98 330
98 722 98 331
98 722 98 331
106 755 106 329
98 722 98 331
110 754 106 329
106 756 106 329
96 701 94 336
94 767 92 333
94 737 86 337
94 718 94 336
98 716 94 335
98 733 98 331
100 722 100 332
101 734 98 330
96 719 92 333
99 766 98 330
95 709 92 336
100 722 100 332
100 747 98 330
101 734 98 330
106 758 106 329
106 758 106 329
104 734 100 332
102 737 92 333
100 769 98 330
100 736 100 332
106 734 98 331
104 734 100 332
101 736 98 330
106 758 106 329
106 758 106 329
106 758 106 329
106 758 106 329
107 758 106 329
106 792 106 329
104 735 100 333
102 858 92 333
101 768 98 330
102 737 100 332
102 744 98 330
110 758 106 329
107 800 106 329
104 738 100 332
106 744 106 330
110 759 106 329
104 740 100 333
108 743 100 332
111 766 106 329
110 768 106 329
105 778 100 333
115 773 106 329
114 786 114 329
110 816 106 329
110 801 100 334
110 772 106 330
116 786 106 329
114 792 108 331
