13493 360.095
139 1536 129 338
112 1202 79 376
130 1296 63 371
108 1202 84 348
102 1134 66 374
145 1545 101 333
112 1303 86 388
126 1341 91 356
108 1185 80 366
130 1427 88 389
100 1060 71 348
119 1271 89 397
100 1117 74 376
107 1100 91 394
100 982 68 376
106 1117 84 357
115 1281 78 368
134 1409 79 385
126 1427 74 394
104 1103 71 370
129 1458 73 355
104 1092 73 379
133 1680 90 399
143 1589 92 412
108 1201 75 375
103 1073 63 374
121 1255 88 355
107 1261 62 364
119 1409 91 386
109 1240 73 370
125 1225 73 355
117 1316 71 379
113 1080 82 358
135 1606 91 396
122 1264 90 417
113 1335 61 373
104 1168 84 366
117 1198 72 381
113 1144 68 375
137 1500 87 387
134 1499 101 378
113 1263 90 377
112 1174 70 387
105 1159 84 359
141 1392 73 375
118 1312 85 353
138 1726 72 390
156 1620 66 361
112 1287 74 391
136 1442 67 394
84 967 67 375
108 1034 65 381
121 1401 84 359
135 1535 88 407
141 1646 141 339
113 1242 75 402
113 1297 69 375
107 1085 71 355
126 1366 91 408
129 1549 66 385
150 1601 102 424
109 1173 75 366
136 1522 99 388
128 1341 80 375
119 1149 80 355
137 1429 92 403
113 1218 72 386
114 1325 68 372
122 1260 85 387
141 1493 92 421
158 1766 104 372
129 1327 83 432
133 1476 88 405
112 1213 67 378
137 1449 91 366
112 1110 83 393
129 1548 86 368
132 1413 87 394
100 1130 66 377
103 1145 91 337
120 1373 97 360
146 1524 74 416
92 1111 68 378
119 1366 98 403
103 1298 79 374
131 1447 93 396
114 1184 72 353
105 1082 90 369
126 1307 94 384
118 1184 82 360
153 1686 104 344
116 1404 102 375
110 1231 91 339
96 1048 67 404
95 1094 86 373
121 1251 84 371
131 1419 92 360
130 1410 97 411
121 1323 91 343
133 1522 93 359
100 979 73 348
136 1438 67 389
113 1382 94 341
103 1234 73 382
89 949 79 345
117 1260 62 368
135 1542 74 397
117 1298 102 389
113 1280 84 346
113 1184 75 375
121 1329 74 401
104 1096 72 352
112 1169 100 352
122 1447 97 403
111 1299 74 385
132 1319 94 387
120 1300 75 382
118 1302 85 355
113 1323 80 412
129 1433 79 367
123 1302 88 384
117 1389 104 343
122 1232 81 387
117 1286 75 400
130 1196 75 375
117 1346 91 352
106 1244 78 377
123 1331 74 395
107 1222 74 363
105 1078 79 355
147 1584 98 400
104 1100 73 396
135 1266 95 417
122 1267 71 391
120 1316 74 396
108 1296 67 368
113 1209 85 394
118 1452 101 349
126 1562 84 369
100 1112 81 368
123 1293 75 378
108 1212 67 393
97 1087 75 359
92 1060 79 348
103 1271 61 381
136 1563 86 391
131 1387 80 362
118 1461 96 340
113 1239 80 379
144 1571 105 400
121 1438 88 408
105 1219 73 361
111 1140 86 377
145 1557 111 362
104 1181 95 400
106 1232 69 396
99 1042 67 393
133 1591 81 394
119 1405 83 363
124 1461 91 356
159 1821 104 351
115 1396 81 388
117 1126 71 369
102 1183 91 357
90 1034 61 380
156 1869 101 417
138 1630 103 421
132 1463 97 404
119 1258 94 393
155 1730 105 428
124 1499 113 382
125 1371 82 397
102 1170 75 410
151 1807 102 409
107 1205 93 357
107 1226 67 382
132 1252 82 385
126 1287 90 389
130 1423 74 393
76 856 63 370
127 1358 97 402
90 1058 86 350
100 1084 71 363
114 1360 88 399
115 1209 74 365
112 1255 99 333
128 1265 96 407
121 1192 80 400
114 1247 87 341
117 1506 87 341
121 1362 89 381
107 1104 85 373
116 1381 76 403
117 1258 79 377
127 1467 68 382
115 1131 85 341
172 1961 98 333
110 1310 87 360
128 1364 73 417
128 1435 68 386
143 1598 101 340
113 1307 107 389
121 1148 84 361
141 1680 97 409
136 1538 94 391
106 1128 66 358
104 1102 91 346
123 1303 85 412
137 1609 111 338
127 1366 94 384
109 1220 69 390
137 1336 73 413
116 1264 73 393
111 1209 67 395
156 1736 112 341
111 1259 78 342
143 1510 101 417
131 1324 68 404
113 1123 79 370
109 1195 73 388
105 1198 74 388
107 1291 85 361
137 1438 62 380
118 1309 75 371
129 1489 60 374
124 1308 102 406
115 1378 83 385
117 1364 99 352
113 1257 62 377
130 1387 86 379
106 1183 70 371
106 1201 76 359
116 1270 85 353
95 1152 73 376
118 1490 97 355
152 1467 84 392
125 1439 93 352
162 2031 105 392
97 1101 75 386
134 1431 78 348
154 1698 91 364
92 1089 79 354
124 1244 81 398
102 1170 82 403
119 1352 77 386
120 1176 80 371
103 1136 74 388
157 1848 97 413
114 1295 75 423
132 1538 83 421
117 1540 81 404
128 1413 128 334
122 1496 74 434
115 1316 67 398
127 1352 84 407
113 1176 91 358
129 1331 87 401
91 1096 79 361
118 1253 73 377
121 1454 90 398
115 1302 78 366
106 1287 85 356
135 1407 103 397
149 1535 116 362
137 1471 94 404
105 999 61 364
126 1550 91 411
144 1551 99 381
101 1101 74 385
120 1358 79 352
129 1402 91 371
131 1313 84 360
129 1390 103 420
134 1446 69 364
128 1344 97 361
106 1250 62 371
119 1421 100 379
119 1217 80 403
114 1400 68 380
127 1411 83 413
116 1272 95 396
96 1081 76 377
102 1053 75 400
157 1692 95 407
129 1154 73 373
116 1169 105 380
127 1357 75 396
99 1088 67 389
95 1101 72 347
109 1149 88 393
106 1082 73 359
117 1362 91 350
117 1276 75 388
94 962 78 351
124 1237 72 359
122 1342 100 398
148 1547 85 383
134 1592 84 420
125 1480 74 386
122 1411 79 371
