92116 1620.25
119 953 91 345
120 1226 66 375
125 1295 94 362
124 1025 122 338
101 968 81 353
144 1500 137 366
118 1021 104 340
114 911 113 337
147 1245 106 342
119 1097 90 364
117 1001 114 347
131 1610 96 414
105 913 98 347
117 1005 97 353
113 1150 74 372
137 1363 73 381
164 1544 106 370
110 1088 82 359
119 1093 98 350
110 969 92 339
97 886 63 372
128 1091 90 351
98 1126 79 367
136 1221 91 367
113 951 90 340
115 1087 105 362
117 1186 75 393
92 938 74 365
113 1201 73 375
111 1236 75 397
111 1206 93 403
117 1156 84 376
108 932 66 352
132 1274 98 392
97 985 66 365
115 1268 75 374
109 956 106 344
143 1510 100 378
124 1299 100 366
112 915 78 367
129 1231 81 349
113 944 98 334
107 958 99 355
106 985 90 346
108 987 63 355
110 954 91 345
111 1304 67 390
133 1498 84 407
107 1099 72 345
120 1098 78 354
144 1323 114 377
141 1406 91 400
118 1299 79 366
112 1205 87 352
108 1059 63 367
122 984 85 343
114 997 91 350
109 921 92 351
122 1060 97 334
127 1259 86 374
91 935 80 357
107 1119 67 387
114 1186 92 354
106 1064 85 348
104 928 85 344
113 963 107 338
97 1059 72 350
109 983 79 354
113 1237 73 378
126 1051 78 362
143 1362 105 343
101 891 84 341
107 1209 80 369
111 1114 87 346
115 1226 73 367
123 1129 98 349
93 1103 73 394
88 958 67 377
115 1149 92 391
112 1106 72 377
131 1095 90 339
126 1044 91 341
157 1321 137 374
144 1032 120 338
133 1363 73 377
113 1244 87 391
125 1195 68 380
130 1368 107 352
115 1213 78 369
147 1435 128 370
134 1135 98 344
112 901 106 335
135 1198 128 360
126 1168 105 388
129 1264 128 352
108 1131 67 381
113 1120 91 351
111 888 84 352
106 1065 79 359
120 1122 108 358
116 1177 85 362
127 1265 87 359
124 1155 107 378
141 1225 108 359
122 1225 92 360
108 937 94 350
161 1549 121 367
121 1292 88 403
107 1180 72 375
116 1216 79 382
129 1260 91 349
124 1084 99 372
120 991 84 344
125 1311 85 361
136 1183 115 337
105 1082 66 362
115 1176 80 362
120 1147 86 365
119 901 92 343
122 1138 85 379
97 964 79 343
123 1058 90 334
113 1006 91 345
129 1200 93 369
133 1088 100 368
126 1038 107 339
135 1356 79 391
128 1055 107 369
149 1561 91 375
128 1447 79 403
118 1234 86 398
109 1049 99 354
120 1395 93 390
112 1068 105 350
106 951 81 346
122 1258 92 368
121 1088 91 359
126 1251 80 379
106 942 97 346
106 1083 85 366
117 942 106 332
125 1154 120 350
97 950 90 340
104 1006 90 393
142 1329 80 379
106 1133 85 352
121 1193 105 351
113 1211 79 362
116 1171 80 390
109 1129 73 358
117 1052 100 347
137 1222 84 351
130 1186 92 365
112 1027 99 339
144 1230 97 339
110 1066 84 347
117 1110 66 368
133 1115 92 367
104 1098 78 362
128 1127 102 392
128 1447 78 393
106 935 92 337
122 1033 113 351
126 1205 79 375
98 1002 72 344
110 1185 65 388
127 1172 120 400
115 1203 97 373
120 1218 115 377
127 1323 90 384
101 1000 63 371
119 1091 85 349
107 997 91 343
107 1036 71 361
100 975 87 381
120 1110 99 356
146 1443 143 353
107 1090 72 355
112 1181 86 374
102 909 66 357
121 1146 78 370
118 1228 94 390
117 1182 74 374
138 1139 97 361
103 1049 85 378
130 1370 78 360
124 1145 70 371
130 1251 92 360
99 1074 66 369
91 951 76 377
103 995 79 366
101 1006 97 351
134 1206 78 363
100 1201 60 383
102 888 94 353
107 1065 72 356
114 1230 93 372
119 1017 85 354
110 1149 85 365
120 1023 115 340
155 1263 107 357
106 1166 91 365
125 1132 98 363
126 1132 87 416
102 1011 87 365
94 1012 67 379
100 1070 65 368
117 1031 68 363
126 1173 86 368
109 905 78 345
182 1697 143 354
157 1379 137 372
118 1231 100 386
110 1100 79 370
152 1201 136 350
146 1438 88 377
145 1325 90 373
133 1299 106 373
102 1055 84 340
122 1054 94 352
157 1184 99 364
137 1128 98 347
139 1392 107 364
109 901 90 339
125 1021 98 336
125 1063 90 337
126 1177 79 375
109 961 93 351
135 1077 99 343
171 1703 136 389
106 964 89 356
129 1116 114 351
101 997 90 337
127 1130 85 343
128 928 112 338
109 1160 84 362
103 1100 85 358
114 1058 67 378
118 1066 83 350
115 942 90 334
126 990 97 347
124 1048 98 358
118 1276 92 406
106 917 106 338
108 1095 98 371
114 1270 74 380
93 897 73 368
134 1216 91 351
102 1000 90 390
122 1095 113 349
105 1116 85 358
108 1142 80 390
119 1144 95 382
120 1083 78 356
103 1205 74 398
139 1409 130 361
100 949 66 350
128 1007 92 337
126 1168 80 383
135 1286 108 396
137 1117 107 363
116 1075 91 355
110 1127 79 365
124 1280 85 381
136 1374 78 384
121 1267 92 398
132 1108 85 381
123 1337 88 394
114 997 82 360
113 979 74 370
116 1042 113 347
123 1099 90 337
117 1167 73 379
108 1057 85 369
113 1028 92 362
108 1043 85 373
97 1122 70 395
112 1204 76 388
137 1098 106 352
139 1471 103 365
110 1245 83 403
111 1210 87 377
129 1070 114 349
117 1016 113 340
114 1093 91 363
103 1106 85 357
126 1106 88 366
105 1020 97 345
122 1063 113 358
118 969 85 367
132 1099 91 346
119 1190 70 378
106 985 78 341
94 1038 65 378
114 1113 72 365
111 1310 79 377
117 943 97 335
113 1155 66 380
146 1478 137 329
135 1079 121 338
