291110 2160.16
107 1233 66 344
80 917 66 384
78 860 69 358
93 1150 92 335
93 1085 61 364
103 1283 74 341
77 884 73 355
93 1150 92 335
100 950 78 349
104 1065 62 375
85 902 85 352
80 917 66 384
80 917 66 384
104 1025 74 341
103 1283 74 341
86 910 63 370
80 918 67 370
96 944 63 352
107 1233 66 344
82 905 81 347
89 1000 72 348
94 1134 65 353
107 1233 66 344
93 1085 61 364
81 945 64 360
89 1055 72 343
98 1195 72 342
83 927 67 357
95 968 80 342
90 988 66 346
107 1233 66 344
77 884 73 355
88 993 84 336
99 1037 78 339
103 1283 74 341
91 1013 63 355
79 904 79 354
78 860 69 358
107 1233 66 344
107 1233 66 344
98 1209 66 345
93 1150 92 335
78 954 66 359
98 1195 72 342
93 1150 92 335
83 927 67 357
87 898 66 350
77 884 73 355
103 1283 74 341
85 1040 70 355
78 860 69 358
88 993 84 336
107 1233 66 344
81 945 64 360
104 1065 62 375
93 1150 92 335
90 988 66 346
94 1134 65 353
94 1076 78 342
87 898 66 350
81 939 66 359
82 905 81 347
88 993 84 336
83 953 74 350
83 953 74 350
103 1283 74 341
85 902 85 352
99 1037 78 339
90 960 78 344
88 993 84 336
99 1053 63 349
107 1233 66 344
78 954 66 359
95 968 80 342
94 1134 65 353
90 988 66 346
78 860 69 358
104 1065 62 375
104 1065 62 375
98 1195 72 342
90 988 66 346
77 884 73 355
98 1195 72 342
93 1085 61 364
86 910 63 370
98 1209 66 345
98 1195 72 342
95 968 80 342
80 918 67 370
77 884 73 355
82 905 81 347
78 860 69 358
85 902 85 352
82 905 81 347
103 1283 74 341
86 910 63 370
104 1065 62 375
91 1013 63 355
85 1040 70 355
85 1040 70 355
83 927 67 357
94 1134 65 353
85 1040 70 355
94 1076 78 342
81 945 64 360
94 1134 65 353
103 1144 66 345
98 1195 72 342
99 1037 78 339
94 1134 65 353
107 1233 66 344
93 1150 92 335
88 993 84 336
78 860 69 358
82 905 81 347
100 950 78 349
103 1283 74 341
88 993 84 336
78 860 69 358
96 944 63 352
103 1144 66 345
93 962 70 348
95 968 80 342
103 1144 66 345
83 927 67 357
89 1000 72 348
95 968 80 342
83 995 63 375
100 950 78 349
107 1233 66 344
82 914 66 375
87 898 66 350
85 902 85 352
99 1037 78 339
100 950 78 349
80 917 66 384
82 914 66 375
98 1195 72 342
85 1024 73 350
80 918 67 370
86 910 63 370
85 902 85 352
78 860 69 358
98 1195 72 342
80 917 66 384
83 927 67 357
88 993 84 336
100 950 78 349
85 1024 73 350
94 1076 78 342
104 1065 62 375
93 1085 61 364
93 1150 92 335
85 902 85 352
93 1150 92 335
82 905 81 347
85 1024 73 350
98 1195 72 342
78 860 69 358
93 1085 61 364
78 860 69 358
93 1150 92 335
100 950 78 349
103 1283 74 341
98 1195 72 342
94 1076 78 342
104 1065 62 375
78 860 69 358
78 860 69 358
91 1013 63 355
94 1134 65 353
99 1037 78 339
93 1150 92 335
91 1013 63 355
94 1076 78 342
85 902 85 352
80 917 66 384
82 914 66 375
94 1076 78 342
88 993 84 336
98 1195 72 342
83 927 67 357
93 1150 92 335
98 1195 72 342
93 1085 61 364
80 917 66 384
89 1055 72 343
93 1150 92 335
94 1134 65 353
94 1134 65 353
83 927 67 357
107 1233 66 344
85 902 85 352
100 950 78 349
80 917 66 384
83 927 67 357
78 860 69 358
88 993 84 336
80 918 67 370
103 1283 74 341
90 960 78 344
99 1053 63 349
78 954 66 359
95 968 80 342
94 1134 65 353
104 1065 62 375
90 988 66 346
98 1195 72 342
93 1085 61 364
98 1209 66 345
95 968 80 342
81 939 66 359
77 884 73 355
82 905 81 347
78 860 69 358
82 905 81 347
103 1283 74 341
86 910 63 370
104 1065 62 375
91 1013 63 355
94 1134 65 353
85 1040 70 355
81 945 64 360
94 1134 65 353
83 927 67 357
80 917 66 384
78 860 69 358
93 1085 61 364
100 950 78 349
85 902 85 352
80 917 66 384
104 1025 74 341
89 1000 72 348
94 1134 65 353
93 1085 61 364
89 1055 72 343
98 1195 72 342
103 1144 66 345
103 1283 74 341
91 1013 63 355
107 1233 66 344
98 1209 66 345
103 1283 74 341
78 860 69 358
107 1233 66 344
81 945 64 360
104 1065 62 375
93 1150 92 335
94 1076 78 342
87 898 66 350
94 1076 78 342
85 1024 73 350
94 1076 78 342
93 1150 92 335
93 1150 92 335
82 905 81 347
98 1195 72 342
78 860 69 358
93 1085 61 364
78 860 69 358
100 950 78 349
103 1283 74 341
98 1195 72 342
100 950 78 349
104 1065 62 375
91 1013 63 355
94 1134 65 353
99 1037 78 339
85 902 85 352
80 917 66 384
94 1076 78 342
93 1150 92 335
80 917 66 384
83 927 67 357
107 1233 66 344
80 917 66 384
89 1000 72 348
99 1037 78 339
93 1150 92 335
88 993 84 336
78 860 69 358
82 905 81 347
100 950 78 349
103 1283 74 341
78 860 69 358
103 1144 66 345
93 962 70 348
95 968 80 342
103 1144 66 345
78 860 69 358
100 950 78 349
107 1233 66 344
87 898 66 350
85 902 85 352
100 950 78 349
82 914 66 375
80 918 67 370
78 860 69 358
98 1195 72 342
83 927 67 357
