76877 1320.17
115 1306 83 400
94 1043 68 378
103 1073 71 360
121 1405 93 361
85 987 79 361
103 1019 91 348
111 1082 85 397
108 1066 81 390
112 1003 91 350
145 1346 105 340
106 906 85 344
103 1066 78 358
105 1027 85 348
110 1105 85 358
109 1059 90 352
122 1159 104 362
97 1089 77 377
107 1149 76 386
114 1126 86 378
112 1112 79 357
133 1323 84 384
143 1672 99 391
104 1050 78 361
118 1336 80 388
108 1138 79 366
104 1142 72 364
84 881 73 360
113 1179 67 382
143 1625 92 428
121 1222 75 406
112 1456 91 374
97 1189 78 377
137 1308 99 388
100 1226 70 391
137 1395 101 398
110 1117 91 357
104 1123 80 363
111 1149 81 391
91 1029 73 370
100 1200 80 369
122 1373 98 364
111 1175 81 389
108 1034 85 383
121 1379 91 369
108 1252 86 371
108 1121 85 367
110 1381 79 391
138 1613 103 421
92 1050 74 367
124 1372 80 380
91 934 78 363
105 1110 82 378
85 963 60 366
110 1181 73 367
99 957 68 361
105 1218 74 382
120 1309 97 392
123 1287 93 381
114 1256 79 349
112 1173 76 378
109 1199 76 381
111 1165 97 358
102 1067 80 367
106 1165 77 383
139 1566 77 383
128 1321 92 348
137 1655 97 368
97 959 66 372
109 1117 78 350
115 1186 68 394
95 1125 64 372
116 1138 90 384
106 1193 80 381
119 1204 79 379
143 1564 127 413
105 1056 85 351
86 989 63 363
132 1344 72 390
127 1030 98 357
126 1181 85 364
122 1266 91 349
107 1253 69 365
116 1236 86 376
92 1119 75 380
104 1152 81 418
117 1276 100 401
86 905 67 350
99 920 85 343
165 1669 103 395
92 904 92 352
116 1212 78 366
125 1268 84 356
105 1089 92 363
109 1210 79 380
104 1168 97 401
96 958 85 357
102 1010 85 356
115 1427 71 364
154 1822 105 411
124 1293 92 384
103 974 84 338
90 1114 74 377
119 1254 76 379
116 1325 68 407
104 918 92 340
109 1095 97 333
123 1254 85 379
126 1332 105 366
105 1138 78 363
94 1110 73 361
105 921 85 343
100 993 72 380
127 1507 118 383
109 1271 72 398
75 898 60 376
103 1191 70 384
127 1292 97 413
107 1074 73 379
104 1092 98 364
125 1381 82 390
114 1231 75 382
102 1107 70 391
110 1127 78 351
115 1273 67 382
119 1287 86 376
98 954 67 362
127 1442 99 367
115 1323 75 363
119 1362 74 371
134 1447 121 407
104 998 85 345
106 1143 73 358
119 1236 75 391
130 1261 93 390
116 1351 76 375
88 977 66 355
117 1161 70 386
137 1390 101 419
90 906 84 342
116 1205 90 372
96 997 79 393
103 1160 86 353
84 894 72 379
126 1428 73 380
85 954 85 359
100 996 63 365
128 1479 88 387
107 1181 102 405
110 1309 73 378
139 1545 104 390
111 1179 91 380
110 1117 85 380
94 1123 67 377
96 1094 68 373
79 1025 73 392
103 1037 84 396
161 1685 90 391
108 1236 86 353
127 1306 99 382
119 1325 68 375
127 1415 93 371
126 1286 81 383
112 1334 96 373
104 1135 97 339
115 1234 66 362
108 1155 91 358
94 1064 86 365
99 964 78 367
101 1156 80 385
110 1064 74 400
124 1462 86 380
137 1640 105 394
96 1032 74 369
106 1146 74 383
97 993 90 335
102 1077 61 366
89 1076 67 360
95 1152 79 349
145 1526 91 360
126 1341 98 388
118 1283 83 379
127 1339 80 364
109 1169 98 400
113 1283 86 379
107 1076 92 363
98 1105 79 353
123 1244 106 360
112 1169 76 381
122 1154 92 344
128 1387 74 404
110 1394 74 372
122 1316 73 382
135 1327 68 382
101 1126 69 375
139 1566 99 382
127 1526 92 392
117 1292 87 402
107 1146 73 380
113 1105 99 338
117 1204 99 383
110 1192 93 354
94 1022 68 375
97 1078 68 370
145 1734 83 378
121 1197 88 391
124 1267 75 393
114 1218 76 370
123 1217 78 365
128 1389 98 381
93 1015 75 386
81 982 81 355
106 1102 86 343
113 1150 94 359
137 1544 91 368
102 1035 78 361
91 947 84 342
106 998 75 378
104 1080 99 353
138 1411 91 399
94 1085 75 385
101 963 99 340
102 1084 89 393
103 1025 90 379
106 1182 80 351
100 1111 78 375
113 1060 86 375
105 1227 81 368
97 1062 73 393
143 1406 95 408
115 1411 68 374
118 1124 85 393
105 1198 86 370
93 1055 81 366
160 1670 97 373
86 923 68 370
117 1255 88 394
117 1137 71 389
128 1414 68 386
97 882 72 343
115 1241 89 375
131 1465 92 387
115 1281 77 399
106 1115 68 389
87 991 66 377
126 1381 73 377
122 1484 68 369
107 1365 68 398
112 1200 84 367
128 1404 95 405
102 900 74 345
113 1142 92 391
127 1396 86 380
83 906 68 386
115 1150 84 385
136 1249 84 380
125 1418 82 384
178 1812 119 366
106 1169 78 347
136 1425 67 360
97 1092 77 392
105 1194 73 357
132 1378 80 395
108 1069 92 347
122 1392 98 379
128 1315 79 356
99 1161 73 361
120 1469 86 378
97 1111 80 357
94 1003 74 391
136 1147 92 350
115 1304 63 355
126 1269 94 384
129 1435 80 398
107 1114 68 377
110 1396 83 394
100 970 78 375
116 1326 92 387
93 1038 64 376
127 1259 82 404
109 1200 74 385
107 1205 61 382
105 1295 75 376
128 1218 91 402
103 1178 80 352
129 1408 87 383
118 1301 108 395
108 1238 87 393
119 1228 86 379
100 1125 78 360
101 1086 73 395
102 1069 67 364
86 972 74 395
126 1162 90 388
100 1073 81 361
108 1049 92 352
156 1621 97 413
129 1407 107 414
122 1080 98 345
119 1301 79 377
116 1349 92 383
