26685 480.066
68 773 67 359
72 873 63 362
69 779 67 350
68 775 67 353
78 777 66 363
73 858 63 353
73 815 73 347
73 841 66 348
78 836 66 347
82 889 72 344
80 800 63 356
77 803 73 347
79 860 79 344
82 833 79 345
81 981 78 342
79 806 63 352
79 882 72 345
85 938 78 342
76 812 63 354
80 869 72 345
84 1001 62 366
89 944 62 377
87 1026 61 377
84 990 61 382
90 913 78 342
75 894 66 347
75 830 66 348
86 980 62 367
76 879 63 350
81 825 63 351
91 938 78 341
81 939 72 344
75 827 63 354
92 968 61 381
90 958 78 341
80 842 63 350
73 844 63 368
88 973 62 371
74 818 63 363
76 826 63 352
89 910 78 343
76 874 66 347
95 1003 61 377
73 819 66 356
85 981 62 373
79 804 63 354
85 829 66 348
75 815 63 370
78 851 63 350
76 810 73 347
76 852 63 351
73 825 66 352
80 803 63 354
73 854 63 359
91 871 78 344
74 823 63 362
92 868 72 345
94 1014 84 338
98 1062 60 385
94 1014 84 338
98 1062 60 385
68 773 67 359
67 790 67 350
86 1080 67 354
112 1139 67 370
116 1328 79 351
103 1164 73 367
98 1090 69 368
112 1193 64 372
97 1194 73 372
115 1206 80 371
90 1044 67 366
94 1061 79 368
98 1063 67 363
98 1094 63 365
98 1148 67 362
93 1045 69 362
104 1128 73 360
92 1005 67 362
119 1292 63 365
127 1428 73 362
106 1175 63 374
90 1036 80 363
111 1312 66 374
126 1358 68 380
98 1047 69 375
100 1047 67 371
100 1160 67 372
111 1262 70 374
116 1242 65 380
95 1115 63 374
106 1121 66 366
101 1147 73 370
90 1018 73 365
93 1128 67 353
113 1224 63 365
101 1087 75 377
88 1038 63 363
97 1203 67 380
103 1197 70 368
99 1142 63 365
112 1247 67 365
113 1352 67 367
120 1383 63 363
104 1225 73 368
85 966 73 368
101 1094 64 374
107 1042 63 359
143 1486 72 368
101 1119 72 356
97 960 67 362
99 1145 67 382
106 1097 69 376
103 1203 63 361
106 1103 66 368
86 971 65 363
93 1104 67 370
117 1110 63 363
109 1183 73 365
105 1213 63 379
100 1199 63 365
92 1129 67 370
115 1237 69 363
115 1273 79 370
97 1125 67 375
102 1094 66 368
118 1259 73 379
123 1333 67 377
103 1126 66 364
98 1004 70 366
99 1217 67 353
107 1164 66 356
103 1035 67 378
120 1274 73 372
112 1233 73 353
101 1111 69 384
83 969 67 355
100 1224 73 361
109 1175 72 363
107 1092 63 363
79 888 73 375
105 1113 63 362
102 1172 67 376
103 1157 66 356
81 992 67 371
118 1440 63 378
92 1044 63 370
116 1385 67 365
116 1214 66 365
100 1134 66 359
105 1277 67 382
94 1009 67 366
118 1216 64 380
100 1038 79 368
109 1167 73 361
90 1076 66 362
126 1401 63 361
100 996 73 360
104 1142 75 383
98 1182 73 359
89 956 75 371
107 1221 66 363
97 951 67 372
94 1070 86 360
107 1149 63 361
105 1128 67 374
96 1022 73 365
105 1183 63 360
109 1201 64 369
109 1149 66 380
95 1024 67 370
101 1038 66 371
98 1070 79 366
98 1039 67 356
101 1140 67 370
104 1061 67 362
104 1221 67 362
98 1070 69 371
105 1061 63 367
100 1190 67 384
85 942 66 360
115 1288 67 369
106 1056 65 368
96 1050 70 368
106 1141 75 365
94 980 67 373
94 1010 67 379
89 1092 68 371
114 1276 73 375
99 1064 66 366
110 1231 73 367
131 1481 70 379
109 1164 67 372
116 1340 63 365
113 1194 66 370
98 983 67 362
124 1335 70 379
100 1191 69 391
92 984 67 353
117 1295 69 379
107 1238 73 368
96 1083 70 380
103 1107 71 373
90 958 79 362
89 951 69 376
87 878 67 370
114 1287 69 380
103 1099 63 354
87 999 63 371
114 1342 66 365
86 1025 73 376
108 1220 63 374
111 1224 69 369
109 1212 80 365
85 1036 63 364
86 961 73 357
85 983 67 368
117 1350 67 378
103 1250 67 370
97 1078 74 381
100 1232 73 355
99 1030 79 361
86 1036 73 362
127 1388 63 374
99 1157 63 377
93 1067 67 362
102 1142 70 382
113 1227 73 355
89 1058 73 369
97 1119 67 382
119 1229 67 371
116 1397 70 368
104 1109 66 357
113 1134 67 364
119 1304 69 386
101 1144 67 368
92 1045 70 371
105 1103 73 368
107 1084 67 363
86 1027 67 359
99 1217 65 377
111 1201 75 365
87 1001 73 360
90 1146 67 364
100 1111 73 362
99 1079 66 357
97 1063 85 351
100 1096 80 365
97 1038 73 369
94 948 67 354
102 1056 67 368
101 1069 72 361
121 1207 69 377
105 1245 80 356
79 938 73 360
90 1002 70 365
103 1117 67 377
86 964 79 354
96 1062 73 383
111 1241 73 371
105 1123 70 374
117 1243 68 383
110 1036 70 362
95 1071 67 374
90 1033 67 361
129 1257 67 366
93 1024 67 376
101 1138 79 356
97 1080 67 372
101 1141 73 377
92 1048 67 360
106 1140 66 353
107 1071 66 357
81 879 67 359
144 1369 73 368
92 1127 65 363
112 1355 66 380
80 951 73 362
110 1237 67 362
98 1107 79 363
116 1280 63 366
98 1051 73 369
92 979 79 369
96 1032 67 351
79 847 70 368
99 1106 79 357
93 1005 67 372
106 1158 67 382
88 1011 67 375
110 1351 69 377
86 933 67 354
100 980 63 371
108 1197 73 370
121 1270 67 371
88 1040 67 371
109 1264 72 357
103 1099 73 363
102 1091 67 359
94 980 69 374
95 968 73 363
