84063 1440.39
117 823 114 328
72 629 66 349
114 829 114 328
65 641 62 366
65 642 60 368
67 646 60 363
101 731 98 331
98 742 98 330
106 784 106 329
109 778 106 329
98 742 98 330
96 702 92 334
109 778 106 329
107 780 106 329
79 670 78 338
84 688 84 335
96 702 92 334
90 718 90 332
73 671 72 340
90 732 90 331
88 678 86 337
84 703 84 334
70 637 68 348
82 649 80 341
109 778 106 329
106 784 106 329
90 718 90 332
90 732 90 331
88 669 86 338
82 649 80 341
81 639 74 344
90 709 90 333
88 678 86 337
84 703 84 334
107 780 106 329
84 683 78 337
70 660 67 343
115 825 114 328
68 643 62 355
84 688 84 335
68 634 60 360
72 630 66 346
69 636 63 349
66 643 63 357
70 653 65 347
67 645 66 353
101 736 98 330
117 823 114 328
84 679 84 336
78 693 78 337
71 646 66 345
67 649 66 351
81 639 74 344
71 646 66 345
65 641 62 366
69 635 63 352
70 653 65 347
65 644 62 363
90 732 90 331
81 639 74 344
106 784 106 329
107 780 106 329
84 688 84 335
96 702 92 334
76 642 74 344
109 778 106 329
99 738 98 330
78 658 78 339
70 637 68 348
96 702 92 334
76 642 74 344
78 648 72 342
78 658 78 339
78 673 78 338
88 678 86 337
72 655 72 342
67 637 61 362
65 644 62 363
67 633 62 359
67 636 61 364
78 658 78 339
74 651 66 344
68 641 64 354
82 649 80 341
67 638 62 356
66 652 66 354
72 629 66 349
66 654 61 359
101 731 98 331
90 709 90 333
115 825 114 328
70 660 67 343
67 637 61 362
67 638 62 356
90 709 90 333
67 644 61 358
66 642 60 367
65 644 61 365
70 637 68 348
78 693 78 337
84 679 84 336
72 630 66 346
90 718 90 332
72 650 72 343
99 738 98 330
78 648 72 342
67 646 62 353
65 642 60 368
69 635 63 352
68 631 62 361
66 642 60 367
96 702 92 334
67 636 61 364
67 651 66 350
67 649 66 351
117 823 114 328
67 644 61 358
72 676 72 340
68 631 62 361
65 644 61 365
66 640 63 360
109 778 106 329
67 651 66 350
68 644 61 357
75 650 66 344
79 670 78 338
82 649 80 341
66 640 63 360
67 632 64 360
68 631 62 361
99 738 98 330
84 683 78 337
114 829 114 328
101 736 98 330
74 651 66 344
66 640 63 360
78 644 72 343
70 654 66 344
99 738 98 330
73 671 72 340
76 642 74 344
114 829 114 328
67 638 62 356
74 651 66 344
68 641 64 354
72 676 72 340
75 650 66 344
70 654 66 344
70 639 63 348
67 646 60 363
68 644 61 357
67 641 61 361
68 641 64 354
78 663 72 340
72 676 72 340
78 673 78 338
73 665 72 341
72 668 72 341
73 665 72 341
72 655 72 342
109 778 106 329
78 657 72 341
72 676 72 340
78 663 72 340
73 671 72 340
99 738 98 330
107 780 106 329
67 646 62 353
78 648 72 342
66 643 63 357
67 635 64 357
88 669 86 338
67 644 61 358
73 671 72 340
68 631 62 361
72 650 72 343
72 635 66 345
70 653 65 347
67 638 62 356
67 637 61 362
67 651 66 350
76 642 74 344
66 652 66 354
81 639 74 344
72 630 66 346
78 657 72 341
70 654 66 344
66 640 63 360
72 668 72 341
67 633 62 359
67 641 61 361
68 634 60 360
84 679 84 336
76 642 74 344
67 632 64 360
67 645 66 353
78 648 72 342
68 634 60 360
107 780 106 329
96 702 92 334
65 641 62 366
67 646 62 353
72 630 66 346
70 653 65 347
88 669 86 338
67 651 66 350
72 630 66 346
67 641 61 361
98 742 98 330
76 642 74 344
82 649 80 341
67 644 61 358
109 778 106 329
84 683 78 337
107 780 106 329
78 693 78 337
73 671 72 340
90 709 90 333
73 671 72 340
81 639 74 344
67 638 62 356
78 658 78 339
65 642 60 368
72 630 66 346
72 630 66 346
76 642 74 344
66 648 62 356
90 709 90 333
66 643 63 357
66 648 62 356
114 829 114 328
107 780 106 329
107 780 106 329
74 651 66 344
72 650 72 343
109 778 106 329
66 642 60 367
68 641 64 354
117 823 114 328
67 645 66 353
67 635 64 357
90 718 90 332
69 635 63 352
67 645 66 353
72 630 66 346
114 829 114 328
107 780 106 329
66 643 63 357
88 678 86 337
78 693 78 337
69 635 63 352
67 646 62 353
84 703 84 334
88 678 86 337
72 650 72 343
66 652 66 354
84 683 78 337
66 652 66 354
72 629 66 349
72 650 72 343
72 630 66 346
75 650 66 344
72 650 72 343
67 645 66 353
69 635 63 352
65 642 60 368
65 644 62 363
88 678 86 337
65 644 61 365
99 738 98 330
109 778 106 329
67 646 62 353
74 651 66 344
78 663 72 340
67 644 61 358
70 637 68 348
68 631 62 361
81 639 74 344
114 829 114 328
67 632 64 360
73 671 72 340
88 669 86 338
67 638 62 356
73 671 72 340
76 642 74 344
72 655 72 342
67 637 61 362
72 635 66 345
82 649 80 341
67 633 62 359
107 780 106 329
67 638 62 356
67 646 60 363
107 780 106 329
82 649 80 341
84 679 84 336
65 644 62 363
72 635 66 345
88 678 86 337
72 650 72 343
