16367 1323.17
138 979 138 325
138 979 138 325
109 982 65 364
109 982 65 364
90 723 86 336
88 750 78 337
89 806 72 340
131 971 66 349
98 907 68 357
122 855 122 327
114 950 66 357
130 913 130 326
117 978 66 349
114 800 114 328
122 855 122 327
130 913 130 326
94 866 90 331
107 773 106 329
94 831 84 334
106 782 106 329
90 723 86 336
100 740 78 337
98 757 98 330
103 838 68 357
89 806 72 340
94 733 92 333
114 800 114 328
114 950 66 357
99 761 90 331
94 733 92 333
103 750 100 332
101 750 84 334
117 978 66 349
131 971 66 349
94 866 90 331
106 782 106 329
100 755 100 332
98 757 98 330
107 773 106 329
100 740 78 337
98 907 68 357
103 750 100 332
100 755 100 332
103 838 68 357
98 862 90 331
94 831 84 334
101 750 84 334
88 750 78 337
98 862 90 331
138 979 138 325
138 979 138 325
138 979 138 325
138 979 138 325
138 979 138 325
138 979 138 325
138 979 138 325
138 979 138 325
138 979 138 325
138 979 138 325
138 979 138 325
138 979 138 325
138 979 138 325
138 979 138 325
138 979 138 325
138 979 138 325
138 979 138 325
138 979 138 325
138 979 138 325
138 979 138 325
138 979 138 325
138 979 138 325
138 979 138 325
138 979 138 325
138 979 138 325
138 979 138 325
138 979 138 325
138 979 138 325
138 979 138 325
138 979 138 325
138 979 138 325
138 979 138 325
138 979 138 325
138 979 138 325
138 979 138 325
138 979 138 325
138 979 138 325
138 979 138 325
138 979 138 325
138 979 138 325
138 979 138 325
138 979 138 325
138 979 138 325
138 979 138 325
138 979 138 325
138 979 138 325
138 979 138 325
138 979 138 325
138 979 138 325
138 979 138 325
138 979 138 325
138 979 138 325
138 979 138 325
138 979 138 325
138 979 138 325
138 979 138 325
138 979 138 325
138 979 138 325
138 979 138 325
138 979 138 325
138 979 138 325
138 979 138 325
138 979 138 325
138 979 138 325
138 979 138 325
138 979 138 325
138 979 138 325
138 979 138 325
138 979 138 325
138 979 138 325
138 979 138 325
138 979 138 325
138 979 138 325
138 979 138 325
138 979 138 325
138 979 138 325
138 979 138 325
138 979 138 325
138 979 138 325
138 979 138 325
138 979 138 325
138 979 138 325
138 979 138 325
138 979 138 325
138 979 138 325
138 979 138 325
138 979 138 325
138 979 138 325
138 979 138 325
138 979 138 325
138 979 138 325
138 979 138 325
138 979 138 325
138 979 138 325
138 979 138 325
138 979 138 325
138 979 138 325
138 979 138 325
138 979 138 325
138 979 138 325
138 979 138 325
138 979 138 325
138 979 138 325
138 979 138 325
138 979 138 325
138 979 138 325
138 979 138 325
138 979 138 325
138 979 138 325
138 979 138 325
138 979 138 325
138 979 138 325
138 979 138 325
138 979 138 325
138 979 138 325
138 979 138 325
138 979 138 325
138 979 138 325
138 979 138 325
138 979 138 325
138 979 138 325
138 979 138 325
138 979 138 325
138 979 138 325
138 979 138 325
138 979 138 325
138 979 138 325
138 979 138 325
138 979 138 325
138 979 138 325
138 979 138 325
138 979 138 325
138 979 138 325
130 913 130 326
130 913 130 326
130 913 130 326
130 913 130 326
130 913 130 326
130 913 130 326
103 750 100 332
138 980 138 325
105 814 80 345
103 762 90 331
98 835 98 330
117 968 88 344
103 762 90 331
107 832 106 329
116 852 114 328
130 915 130 326
122 883 122 327
124 864 122 327
130 915 130 326
100 848 90 331
102 779 90 331
102 779 90 331
100 848 90 331
103 762 90 331
138 982 138 325
138 982 138 325
124 871 96 337
113 803 106 335
102 844 98 330
130 917 130 326
117 865 114 328
122 904 122 327
119 845 114 329
126 883 122 327
115 884 106 329
138 983 138 325
116 847 108 331
115 917 102 346
111 937 98 330
130 918 130 326
113 852 108 337
120 866 114 328
126 891 122 327
124 913 122 327
116 853 116 330
138 984 138 325
138 984 138 325
122 859 116 330
118 956 100 332
118 878 116 330
130 923 130 326
136 951 114 328
124 915 122 327
121 871 108 331
124 889 124 329
121 873 116 330
140 986 138 325
138 987 138 325
129 1049 116 330
129 891 126 331
124 959 104 342
121 993 102 334
125 1035 122 327
122 935 110 334
132 933 132 328
135 952 122 327
123 896 110 333
128 899 118 332
130 934 130 326
127 901 108 331
130 906 124 329
132 964 122 327
129 941 124 329
127 971 122 327
140 947 114 334
138 989 138 325
136 1044 110 339
134 934 130 328
128 978 108 343
122 1036 116 337
129 950 124 329
139 990 122 327
132 973 114 340
130 938 130 326
140 992 138 325
135 942 132 328
133 951 126 331
130 946 130 327
130 958 130 326
134 943 132 328
140 993 138 325
130 961 130 326
141 995 138 325
130 963 130 326
141 1003 138 325
130 967 130 326
142 970 132 334
141 1022 138 325
141 1022 138 325
130 1068 130 326
130 996 130 327
138 974 132 328
133 979 130 326
147 1047 132 328
138 979 138 326
138 974 132 329
135 1082 130 326
134 1003 130 333
143 999 130 332
147 991 138 326
141 976 132 334
138 1061 138 326
137 1088 130 332
144 1060 138 331
145 1004 138 331
147 1106 138 331
142 1033 132 334
137 1158 130 332
