32091 2886.2
149 1005 146 324
148 1008 146 324
113 839 100 332
107 865 78 337
95 1200 95 406
95 1200 95 406
96 1164 86 396
103 1113 86 362
104 1081 98 360
107 865 78 337
96 1164 86 396
138 1004 138 325
141 949 138 325
103 1113 86 362
127 879 122 327
133 907 130 326
132 910 130 326
111 848 106 329
148 1008 146 324
113 839 100 332
119 918 92 333
125 864 122 328
104 1081 98 360
119 918 92 333
110 850 108 331
124 883 114 328
123 951 98 330
116 932 94 335
116 932 94 335
124 883 114 328
125 972 122 327
110 850 108 331
140 952 138 325
125 972 122 327
141 949 138 325
133 907 130 326
126 890 122 327
127 879 122 327
132 910 130 326
140 952 138 325
138 1004 138 325
126 890 122 327
149 1005 146 324
125 864 122 328
149 1005 146 324
149 1005 146 324
149 1005 146 324
149 1005 146 324
149 1005 146 324
149 1005 146 324
149 1005 146 324
149 1005 146 324
149 1005 146 324
149 1005 146 324
149 1005 146 324
149 1005 146 324
149 1005 146 324
149 1005 146 324
149 1005 146 324
149 1005 146 324
149 1005 146 324
149 1005 146 324
149 1005 146 324
149 1005 146 324
149 1005 146 324
149 1005 146 324
149 1005 146 324
149 1005 146 324
149 1005 146 324
149 1005 146 324
149 1005 146 324
149 1005 146 324
149 1005 146 324
149 1005 146 324
149 1005 146 324
149 1005 146 324
149 1005 146 324
149 1005 146 324
149 1005 146 324
149 1005 146 324
149 1005 146 324
149 1005 146 324
149 1005 146 324
149 1005 146 324
149 1005 146 324
149 1005 146 324
149 1005 146 324
149 1005 146 324
149 1005 146 324
149 1005 146 324
149 1005 146 324
149 1005 146 324
149 1005 146 324
149 1005 146 324
149 1005 146 324
149 1005 146 324
149 1005 146 324
149 1005 146 324
149 1005 146 324
149 1005 146 324
149 1005 146 324
149 1005 146 324
149 1005 146 324
149 1005 146 324
149 1005 146 324
149 1005 146 324
149 1005 146 324
149 1005 146 324
149 1005 146 324
149 1005 146 324
149 1005 146 324
149 1005 146 324
149 1005 146 324
149 1005 146 324
149 1005 146 324
149 1005 146 324
149 1005 146 324
149 1005 146 324
149 1005 146 324
149 1005 146 324
149 1005 146 324
149 1005 146 324
149 1005 146 324
149 1005 146 324
149 1005 146 324
149 1005 146 324
149 1005 146 324
149 1005 146 324
149 1005 146 324
149 1005 146 324
149 1005 146 324
149 1005 146 324
149 1005 146 324
149 1005 146 324
149 1005 146 324
149 1005 146 324
149 1005 146 324
149 1005 146 324
149 1005 146 324
149 1005 146 324
149 1005 146 324
149 1005 146 324
149 1005 146 324
149 1005 146 324
149 1005 146 324
149 1005 146 324
149 1005 146 324
149 1005 146 324
149 1005 146 324
149 1005 146 324
149 1005 146 324
149 1005 146 324
149 1005 146 324
149 1005 146 324
149 1005 146 324
149 1005 146 324
149 1005 146 324
149 1005 146 324
149 1005 146 324
149 1005 146 324
149 1005 146 324
149 1005 146 324
149 1005 146 324
149 1005 146 324
149 1005 146 324
149 1005 146 324
149 1005 146 324
149 1005 146 324
149 1005 146 324
149 1005 146 324
149 1005 146 324
149 1005 146 324
149 1005 146 324
149 1005 146 324
149 1005 146 324
149 1005 146 324
149 1005 146 324
149 1005 146 324
149 1005 146 324
149 1005 146 324
149 1005 146 324
149 1005 146 324
149 1005 146 324
149 1005 146 324
149 1005 146 324
149 1005 146 324
149 1005 146 324
149 1005 146 324
149 1005 146 324
149 1005 146 324
149 1005 146 324
149 1005 146 324
149 1005 146 324
149 1005 146 324
149 1005 146 324
149 1005 146 324
149 1005 146 324
149 1005 146 324
149 1005 146 324
149 1005 146 324
149 1005 146 324
149 1005 146 324
148 1008 146 324
141 949 138 325
141 949 138 325
141 949 138 325
141 949 138 325
133 907 130 326
133 907 130 326
126 890 122 327
125 972 122 327
149 1008 146 324
148 1069 146 324
123 877 106 330
122 1348 99 357
126 1030 100 334
134 950 114 328
141 950 138 325
140 1007 138 325
134 936 130 326
131 929 122 327
133 907 122 327
132 922 122 327
149 1008 146 324
149 1008 146 324
149 1011 146 324
133 909 122 327
123 1229 108 349
132 1024 108 337
141 993 116 330
141 952 138 325
134 968 130 326
139 953 130 326
166 1303 114 346
155 1017 146 324
149 1026 146 324
136 934 122 327
135 1267 118 360
133 991 122 327
138 1073 121 338
145 1038 130 326
145 1009 116 330
141 963 138 325
141 963 138 325
151 1025 146 324
134 935 122 327
149 1027 146 324
140 935 122 327
135 964 122 327
141 980 138 325
143 975 138 325
149 1030 146 324
144 969 130 327
138 1049 122 335
137 1241 129 339
141 1059 138 325
140 1008 130 328
142 982 138 325
142 1027 122 327
161 1080 130 329
149 1036 146 324
145 977 132 328
144 1202 124 335
142 1182 124 344
151 1116 130 332
142 1201 127 343
147 990 138 326
143 999 138 325
143 1045 132 329
144 996 138 325
144 996 138 325
154 1024 132 328
152 1166 132 329
149 1053 146 324
148 1009 138 325
143 1115 138 333
145 1014 138 325
159 1071 146 324
154 1033 132 331
150 1128 146 324
148 1014 138 325
147 1029 138 325
163 1135 146 324
162 1256 146 324
150 1021 146 326
148 1062 138 333
147 1075 138 328
147 1066 140 327
154 1034 140 327
149 1110 138 325
172 1191 153 324
164 1222 146 324
164 1222 146 324
156 1093 138 331
155 1055 140 327
160 1125 146 325
155 1080 146 326
177 1454 138 336
169 1284 146 324
156 1165 146 334
