65349 1740.46
73 628 66 356
68 647 63 351
65 661 63 348
99 731 98 331
99 738 98 330
69 635 63 357
98 742 98 330
90 755 90 331
72 684 72 340
84 708 84 334
78 681 78 338
80 664 80 339
98 742 98 330
97 730 90 332
93 695 92 333
77 655 72 340
88 669 86 336
97 730 90 332
90 748 90 332
72 666 67 343
88 699 84 334
94 742 90 331
69 638 63 353
97 730 90 332
87 700 84 334
80 664 80 339
93 695 92 333
72 644 66 344
68 642 63 354
84 708 84 334
73 630 66 351
73 628 66 356
67 663 65 347
86 668 78 337
97 737 90 331
98 735 98 331
88 696 84 335
70 648 66 345
80 664 80 339
69 635 63 357
88 696 84 335
73 633 66 348
66 656 64 350
85 669 78 337
86 670 86 336
82 670 78 337
82 670 78 337
97 730 90 332
90 755 90 331
72 684 72 340
91 691 84 335
85 701 84 334
75 660 72 340
93 692 92 334
69 642 66 346
72 662 72 343
79 673 78 337
73 679 72 340
73 632 66 350
78 681 78 338
73 629 66 353
69 653 63 348
79 671 78 338
69 640 63 349
73 654 72 341
73 637 66 345
69 636 63 354
73 652 72 342
73 654 72 341
70 651 66 344
66 665 66 345
77 655 72 340
74 656 67 343
93 736 90 332
87 697 84 335
76 656 72 340
79 673 78 337
92 699 92 333
75 660 72 340
85 698 84 335
74 672 72 340
86 668 78 337
68 647 63 351
72 644 66 344
69 640 63 349
69 657 66 345
67 663 65 347
74 656 67 343
68 635 66 351
85 669 78 337
88 696 84 335
73 632 66 350
86 670 86 336
98 742 98 330
92 699 92 333
75 660 72 340
73 634 66 346
87 700 84 334
73 652 72 342
73 628 66 356
65 661 63 348
72 648 65 347
73 634 66 346
90 748 90 332
99 738 98 330
99 731 98 331
91 744 90 331
85 669 78 337
65 661 63 348
99 738 98 330
76 656 72 340
77 655 72 340
98 742 98 330
91 691 84 335
78 682 78 337
90 748 90 332
68 640 63 357
67 663 65 347
66 665 66 345
93 743 90 331
92 699 92 333
79 673 78 337
91 694 84 334
94 742 90 331
98 742 98 330
66 656 64 350
67 663 65 347
70 648 66 345
72 666 67 343
69 657 66 345
73 630 66 351
70 651 66 344
73 649 72 343
68 640 63 357
91 694 84 334
72 644 66 344
73 679 72 340
78 682 78 337
85 701 84 334
73 649 72 343
73 637 66 345
91 694 84 334
69 657 66 345
93 695 92 333
93 736 90 332
73 633 66 348
88 696 84 335
69 639 66 349
72 666 67 343
86 670 86 336
73 632 66 350
67 663 65 347
97 737 90 331
79 671 78 338
73 652 72 342
69 653 63 348
69 638 63 353
86 667 78 338
87 700 84 334
69 639 66 349
73 629 66 353
93 692 92 334
91 744 90 331
91 691 84 335
73 634 66 346
93 743 90 331
68 635 66 351
78 682 78 337
74 672 72 340
98 735 98 331
73 633 66 348
72 664 72 341
86 667 78 338
66 665 66 345
87 697 84 335
70 655 65 347
93 743 90 331
85 698 84 335
93 695 92 333
69 636 63 354
77 655 72 340
74 672 72 340
97 730 90 332
73 649 72 343
98 742 98 330
98 735 98 331
93 692 92 334
73 652 72 342
86 670 86 336
73 637 66 345
68 633 66 354
73 652 72 342
86 667 78 338
99 738 98 330
84 708 84 334
68 633 66 354
68 635 66 351
73 629 66 353
98 742 98 330
70 644 63 348
68 635 66 351
73 630 66 351
67 663 65 347
85 669 78 337
85 668 78 338
73 632 66 350
79 671 78 338
94 735 90 332
98 742 98 330
72 666 67 343
86 670 86 336
90 748 90 332
85 669 78 337
76 656 72 340
73 629 66 353
79 671 78 338
97 730 90 332
68 640 66 348
69 639 63 351
86 667 78 338
76 656 72 340
72 666 67 343
65 661 63 348
99 731 98 331
92 699 92 333
97 730 90 332
98 735 98 331
68 640 63 357
97 730 90 332
85 669 78 337
86 670 86 336
93 692 92 334
94 742 90 331
85 701 84 334
94 742 90 331
85 668 78 338
80 664 80 339
98 735 98 331
68 640 63 357
73 629 66 353
97 730 90 332
99 731 98 331
73 634 66 346
69 642 66 346
85 669 78 337
82 670 78 337
88 669 86 336
73 652 72 342
68 642 63 354
73 654 72 341
91 694 84 334
94 742 90 331
73 652 72 342
85 701 84 334
90 755 90 331
79 671 78 338
86 670 86 336
68 640 66 348
69 636 63 354
69 657 66 345
85 669 78 337
99 731 98 331
70 651 66 344
93 695 92 333
80 664 80 339
69 639 63 351
73 629 66 353
87 697 84 335
65 661 63 348
91 694 84 334
69 638 63 353
69 638 63 353
67 663 65 347
73 637 66 345
93 692 92 334
72 666 67 343
73 634 66 346
88 696 84 335
68 635 66 351
72 648 65 347
88 669 86 336
87 700 84 334
73 629 66 353
74 672 72 340
76 656 72 340
97 737 90 331
99 731 98 331
78 681 78 338
68 647 63 351
80 664 80 339
69 653 63 348
97 737 90 331
69 657 66 345
66 656 64 350
65 661 63 348
70 644 63 348
91 691 84 335
69 653 63 348
80 664 80 339
78 681 78 338
