86236 1560.24
66 775 66 355
78 780 78 343
72 776 72 346
68 764 66 349
67 767 66 352
79 874 72 345
83 891 78 342
69 780 64 352
73 754 64 355
78 754 72 349
72 757 66 349
67 757 66 360
75 762 72 346
68 748 63 363
79 759 72 346
68 822 63 355
84 818 84 340
68 759 66 351
73 831 63 353
74 765 64 352
76 820 61 364
70 778 62 358
69 863 61 366
76 821 62 356
69 756 66 355
67 815 64 359
67 784 63 364
71 828 61 366
77 906 61 362
76 755 66 352
68 775 63 358
71 889 61 364
72 767 63 358
91 892 84 339
67 829 65 356
90 923 84 339
78 851 62 353
78 811 61 369
84 970 61 359
68 829 62 358
78 760 63 360
85 815 84 340
77 893 63 352
71 789 63 355
79 845 62 353
68 771 62 365
90 940 61 359
74 785 63 355
67 804 62 367
81 926 61 361
70 762 66 349
85 845 63 352
84 909 61 361
67 849 62 366
80 864 63 352
69 792 62 358
74 856 61 364
68 812 62 360
84 814 84 342
94 1001 90 336
86 938 60 372
69 745 62 363
66 775 66 355
109 1019 78 343
93 1051 66 369
95 985 72 349
93 944 78 351
135 1204 78 362
80 951 66 364
98 1131 71 361
85 988 66 369
112 1220 75 375
109 1229 70 372
77 891 62 366
89 1054 67 366
89 1070 66 371
98 1039 66 365
107 1078 72 355
93 1039 66 355
93 1117 73 375
86 973 72 388
115 1289 62 358
91 989 66 365
85 879 78 345
93 1040 66 360
105 1168 72 366
85 958 66 371
90 994 62 364
101 1158 62 366
114 1315 72 369
91 978 66 369
77 901 67 363
96 1178 71 370
115 1111 78 343
80 908 67 358
105 1156 71 374
134 1232 84 352
91 1115 67 367
89 1055 66 368
90 928 66 366
88 1091 66 372
98 982 84 343
103 980 84 348
89 1038 62 367
78 922 66 364
89 974 62 364
103 1005 78 349
86 964 73 362
92 1087 67 372
97 1092 72 375
93 1055 66 360
98 1117 73 364
100 1189 71 367
105 1156 66 363
82 985 66 362
92 1129 64 361
92 1099 80 362
84 949 66 370
101 1125 78 345
100 985 75 351
108 1243 71 372
90 1006 78 354
93 1049 66 366
104 1139 66 374
82 985 66 364
104 1168 67 366
86 978 70 376
108 1179 72 353
106 1147 78 348
97 1087 62 371
97 1158 66 374
103 1124 66 361
95 1123 69 369
81 928 66 358
86 939 66 358
100 1074 71 371
102 1099 78 348
93 1029 66 363
85 962 70 372
93 1044 66 367
86 950 66 355
94 1141 81 369
106 1031 78 348
91 1086 66 368
88 1006 66 366
81 972 69 369
79 941 62 366
78 844 66 363
89 1016 65 369
82 912 62 366
92 989 66 349
99 1082 71 363
99 1018 78 353
104 1293 74 378
80 928 66 371
101 1194 62 364
107 1200 74 378
80 928 65 372
87 977 66 366
87 1054 71 355
90 1064 66 366
94 1044 62 363
103 1191 71 368
89 1016 63 355
88 1019 69 369
90 1030 73 375
87 990 66 362
104 1096 62 361
106 1032 67 373
106 1249 70 369
117 1322 75 382
80 915 66 361
96 1123 66 369
114 1215 67 374
93 1123 67 361
110 1046 66 366
93 1070 67 372
85 1038 62 364
91 1034 71 364
96 917 78 361
99 1119 66 355
85 1006 72 361
83 973 66 364
97 1199 66 363
94 1105 74 359
109 1253 73 372
85 1002 67 373
101 1025 78 351
102 1016 72 351
86 1029 66 357
98 1162 66 356
105 1101 78 348
108 1023 72 359
84 970 66 368
98 1094 62 363
91 1083 62 368
107 1112 84 347
80 905 66 366
109 1006 84 343
109 1182 71 370
101 1121 67 369
84 974 66 362
137 1312 72 354
93 1017 69 372
103 1084 62 365
111 1245 65 369
105 1024 64 370
92 1006 72 373
89 948 65 369
81 900 66 361
103 1047 78 352
88 1049 71 364
109 1293 74 378
119 1303 66 371
89 1015 66 367
83 1003 66 363
84 928 66 367
100 1198 73 372
83 1015 66 367
84 1009 80 377
92 1005 66 375
100 1035 72 354
93 1061 66 360
82 966 66 358
78 898 62 371
93 985 67 370
91 1024 66 361
82 956 69 371
87 975 73 357
85 976 66 355
95 1072 66 372
99 1171 70 373
90 887 72 350
101 1028 76 378
89 961 78 345
83 978 67 377
89 988 66 368
110 1272 79 382
97 1073 62 363
92 1053 66 372
102 1174 70 373
86 902 62 364
91 893 78 349
83 927 62 364
96 1122 62 365
108 1081 78 350
94 1098 66 369
99 1027 73 363
81 896 71 355
118 1334 66 373
91 1042 67 372
97 1102 66 365
73 878 66 355
95 1069 72 363
100 1143 68 373
94 1020 66 362
96 953 84 348
106 1069 72 358
95 989 72 362
93 1165 73 372
94 1013 72 368
96 1010 72 357
120 1307 66 366
97 1183 71 372
105 1238 71 379
96 1106 66 366
109 1075 72 378
97 1021 72 364
100 1046 72 361
129 1372 63 369
104 1026 78 349
97 1086 66 368
90 1028 62 363
81 893 66 370
94 1079 71 369
81 884 66 360
101 1040 69 370
97 1182 74 377
95 1008 66 366
91 896 78 353
117 1236 78 348
77 865 62 361
101 1060 73 377
111 1252 66 364
88 1002 67 377
98 1202 66 364
89 1079 66 368
84 946 66 355
82 985 71 369
98 1006 84 344
114 1258 71 361
93 1095 74 367
104 1164 81 377
99 1098 73 375
84 935 66 367
85 855 78 354
93 1085 80 377
98 1121 73 374
97 1235 72 381
96 1139 66 361
