128334 3420.72
109 766 106 329
109 766 106 329
65 613 61 359
67 615 60 360
67 603 64 358
67 606 60 368
106 772 106 329
98 728 98 330
101 722 98 330
95 697 92 333
85 662 78 338
87 674 86 336
84 695 84 334
84 695 84 334
78 666 78 338
106 772 106 329
101 722 98 330
78 657 78 339
92 703 92 333
72 628 72 343
95 697 92 333
90 718 90 331
98 728 98 330
90 718 90 331
72 617 70 346
89 672 86 336
90 711 90 332
70 610 68 347
69 608 61 357
99 724 98 330
107 768 106 329
66 622 62 353
93 688 92 334
85 671 78 337
72 634 72 341
84 695 84 334
78 675 78 337
90 680 84 335
90 711 90 332
68 609 66 351
70 610 68 347
87 674 86 336
67 606 61 364
66 609 66 355
66 605 63 366
74 629 65 347
84 682 84 335
70 609 66 349
77 627 72 342
75 638 67 343
67 606 60 368
65 621 62 356
66 606 64 363
65 612 63 361
67 615 60 360
66 605 61 367
92 703 92 333
85 662 78 338
89 672 86 336
72 617 70 346
90 718 90 331
89 669 86 337
78 666 78 338
73 644 72 340
101 716 98 331
65 614 63 358
72 624 63 349
93 699 92 333
69 645 66 344
72 651 72 340
90 718 90 331
107 768 106 329
76 629 72 342
89 669 86 337
99 724 98 330
72 631 65 347
66 611 66 352
68 616 66 348
69 642 65 347
69 608 61 357
66 611 66 352
72 626 66 344
69 645 66 344
78 657 78 339
69 652 67 343
101 716 98 331
78 657 78 339
73 644 72 340
71 641 65 347
69 608 61 357
71 641 65 347
72 640 67 343
68 607 62 356
84 673 78 337
66 620 64 352
69 652 67 343
66 622 62 353
72 634 72 341
73 639 67 343
66 615 64 355
65 612 63 361
66 605 63 366
67 606 61 364
66 605 61 367
101 722 98 330
66 615 62 356
66 613 60 363
69 628 63 348
72 620 66 345
69 636 66 345
67 603 64 358
67 603 62 359
68 609 66 351
72 634 72 341
65 612 61 362
78 657 78 339
72 621 63 350
66 622 62 353
109 766 106 329
77 627 72 342
78 657 78 339
65 612 61 362
72 651 72 340
72 621 63 350
93 688 92 334
72 617 70 346
90 691 84 334
78 666 78 338
95 686 92 334
93 699 92 333
75 627 72 343
73 644 72 340
72 634 72 341
76 629 72 342
74 629 65 347
66 615 62 356
93 688 92 334
66 605 61 367
77 625 72 343
98 728 98 330
65 612 63 361
66 622 62 353
75 638 67 343
66 617 66 349
68 609 66 351
90 691 84 334
93 688 92 334
75 638 67 343
72 631 65 347
75 633 72 342
90 680 84 335
69 636 66 345
84 682 84 335
69 642 65 347
95 686 92 334
101 722 98 330
69 636 66 345
75 638 67 343
72 619 72 344
75 633 72 342
72 624 63 349
78 675 78 337
72 628 72 343
72 626 66 344
89 672 86 336
66 617 66 349
68 604 60 360
73 639 67 343
65 612 61 362
68 607 62 356
72 640 67 343
72 618 66 346
77 625 72 343
72 634 72 341
85 671 78 337
73 639 67 343
77 627 72 342
72 651 72 340
72 621 63 350
77 627 72 342
67 615 60 360
66 605 63 366
72 619 72 344
84 673 78 337
68 609 66 351
72 628 72 343
77 625 72 343
72 618 66 346
65 621 62 356
68 604 60 360
67 606 61 364
68 605 66 357
69 612 64 352
65 613 61 359
72 620 66 345
66 615 62 356
67 603 64 358
67 616 61 357
89 672 86 336
85 671 78 337
73 644 72 340
78 666 78 338
87 674 86 336
68 607 62 356
66 605 63 366
90 711 90 332
109 766 106 329
67 615 60 360
69 608 61 357
95 697 92 333
93 699 92 333
107 768 106 329
65 612 61 362
66 622 62 353
65 612 63 361
70 610 68 347
65 612 63 361
72 651 72 340
78 657 78 339
65 613 61 359
69 645 66 344
71 641 65 347
72 634 72 341
72 628 72 343
68 607 62 356
66 606 64 363
89 672 86 336
68 604 60 360
101 716 98 331
72 651 72 340
85 662 78 338
69 628 63 348
66 613 60 363
89 669 86 337
95 697 92 333
107 768 106 329
75 638 67 343
74 629 65 347
67 603 64 358
68 607 64 355
65 612 63 361
78 675 78 337
70 610 68 347
68 605 66 357
69 652 67 343
66 606 62 364
77 627 72 342
67 615 60 360
67 603 64 358
69 628 63 348
72 620 66 345
78 657 78 339
90 711 90 332
106 772 106 329
68 604 60 360
67 606 60 368
84 673 78 337
101 722 98 330
78 675 78 337
95 697 92 333
90 680 84 335
85 662 78 338
65 612 61 362
85 662 78 338
72 617 70 346
109 766 106 329
68 607 64 355
66 622 62 353
101 716 98 331
75 638 67 343
71 641 65 347
78 657 78 339
77 625 72 343
66 615 62 356
72 651 72 340
69 642 65 347
68 606 61 359
67 616 61 357
68 604 60 360
72 621 63 350
84 695 84 334
67 616 61 357
75 627 72 343
67 615 60 360
90 718 90 331
67 615 60 360
99 724 98 330
75 638 67 343
67 615 60 360
106 772 106 329
67 606 61 364
67 606 60 368
68 607 62 356
68 606 63 358
66 615 62 356
72 617 70 346
78 666 78 338
68 616 66 348
93 699 92 333
68 609 66 351
