471567 3300.21
115 1163 84 335
98 982 60 376
76 790 66 359
113 1264 97 332
100 1176 98 333
76 790 66 359
98 982 60 376
113 1264 97 332
87 1047 86 338
81 881 63 370
113 1169 76 340
93 916 70 346
108 1175 84 334
98 1159 65 347
96 1093 78 338
102 1200 92 333
84 896 66 351
87 957 62 361
87 957 62 361
78 921 72 355
81 832 67 357
76 790 66 359
77 942 73 347
90 1035 90 335
81 844 80 349
81 832 67 357
94 982 94 339
91 999 61 367
86 924 63 365
89 1050 72 342
94 1082 63 350
95 965 83 338
94 1022 92 336
87 1047 86 338
93 916 70 346
93 916 70 346
106 1167 92 334
103 981 78 340
106 1167 92 334
81 844 80 349
96 1093 78 338
102 1200 92 333
92 980 85 340
91 999 61 367
77 938 72 351
86 890 62 369
95 965 83 338
106 1167 92 334
78 921 72 355
103 981 78 340
100 984 64 350
83 987 66 347
98 1159 65 347
80 858 72 343
78 873 78 341
108 1175 84 334
98 997 63 348
78 873 78 341
108 1175 84 334
90 1035 90 335
108 1175 84 334
89 1050 72 342
81 844 80 349
96 1093 78 338
90 1035 90 335
78 873 78 341
85 901 66 350
92 1092 63 348
94 1022 92 336
100 984 64 350
76 790 66 359
79 908 66 358
96 955 63 351
95 1003 72 342
79 908 66 358
95 960 91 339
86 924 63 365
80 992 66 344
80 858 72 343
86 890 62 369
108 1175 84 334
77 942 73 347
81 970 63 357
98 1159 65 347
83 941 66 349
90 998 86 340
78 873 78 341
80 858 72 343
81 844 80 349
90 940 66 344
92 980 85 340
100 1176 98 333
103 981 78 340
92 1092 63 348
83 959 63 356
81 881 63 370
115 1163 84 335
94 1022 92 336
81 881 63 370
95 960 91 339
87 957 62 361
77 942 73 347
86 890 62 369
98 982 60 376
100 1176 98 333
90 1035 90 335
90 1035 90 335
87 957 62 361
91 999 61 367
102 1200 92 333
84 896 66 351
84 896 66 351
79 908 66 358
84 896 66 351
81 832 67 357
95 965 83 338
86 924 63 365
76 790 66 359
99 1092 78 337
95 960 91 339
83 959 63 356
103 981 78 340
84 928 66 345
92 1092 63 348
90 1035 90 335
89 1050 72 342
94 982 94 339
103 981 78 340
108 1175 84 334
78 921 72 355
78 921 72 355
81 832 67 357
99 1092 78 337
78 873 78 341
81 881 63 370
81 844 80 349
79 908 66 358
81 832 67 357
84 928 66 345
94 1082 63 350
81 881 63 370
78 873 78 341
90 1035 90 335
85 901 66 350
87 1047 86 338
94 1022 92 336
84 896 66 351
98 1159 65 347
86 924 63 365
95 1003 72 342
89 1050 72 342
77 942 73 347
81 832 67 357
100 1176 98 333
96 1093 78 338
96 955 63 351
108 1175 84 334
78 873 78 341
79 908 66 358
115 1163 84 335
78 873 78 341
102 1200 92 333
108 1175 84 334
90 1035 90 335
78 873 78 341
106 1167 92 334
106 1167 92 334
89 1050 72 342
87 957 62 361
102 1200 92 333
93 916 70 346
93 965 63 355
106 1167 92 334
113 1264 97 332
85 901 66 350
81 881 63 370
115 1163 84 335
78 921 72 355
115 1163 84 335
98 982 60 376
87 957 62 361
86 890 62 369
93 965 63 355
113 1169 76 340
92 980 85 340
76 790 66 359
92 980 85 340
113 1264 97 332
89 1050 72 342
98 982 60 376
76 790 66 359
98 982 60 376
91 999 61 367
95 965 83 338
115 1163 84 335
94 982 94 339
98 997 63 348
95 965 83 338
93 916 70 346
81 832 67 357
94 1082 63 350
108 1175 84 334
83 987 66 347
94 982 94 339
81 832 67 357
90 1035 90 335
100 1176 98 333
106 1167 92 334
91 999 61 367
113 1264 97 332
81 881 63 370
102 1200 92 333
94 1082 63 350
91 999 61 367
78 921 72 355
95 960 91 339
95 965 83 338
86 924 63 365
76 790 66 359
95 1003 72 342
96 955 63 351
84 928 66 345
92 1092 63 348
89 1050 72 342
94 982 94 339
86 924 63 365
78 921 72 355
99 1092 78 337
81 881 63 370
81 844 80 349
76 790 66 359
100 984 64 350
78 873 78 341
87 1047 86 338
84 896 66 351
86 924 63 365
83 941 66 349
80 858 72 343
81 844 80 349
90 940 66 344
92 980 85 340
100 1176 98 333
103 981 78 340
92 1092 63 348
83 959 63 356
90 998 86 340
115 1163 84 335
95 1003 72 342
81 881 63 370
87 957 62 361
77 942 73 347
86 890 62 369
100 1176 98 333
77 942 73 347
90 1035 90 335
86 890 62 369
80 858 72 343
80 992 66 344
83 987 66 347
106 1167 92 334
95 965 83 338
113 1264 97 332
76 790 66 359
91 999 61 367
98 997 63 348
95 965 83 338
93 916 70 346
91 999 61 367
102 1200 92 333
103 981 78 340
94 982 94 339
81 832 67 357
90 1035 90 335
100 1176 98 333
106 1167 92 334
91 999 61 367
113 1264 97 332
81 881 63 370
102 1200 92 333
94 1082 63 350
89 1050 72 342
85 901 66 350
81 832 67 357
90 1035 90 335
96 1093 78 338
96 1093 78 338
79 908 66 358
81 844 80 349
90 1035 90 335
106 1167 92 334
106 1167 92 334
81 844 80 349
98 997 63 348
93 916 70 346
106 1167 92 334
83 987 66 347
85 901 66 350
81 881 63 370
115 1163 84 335
78 921 72 355
