118108 3180.71
66 729 66 359
79 644 67 353
98 767 98 330
101 762 98 330
70 686 60 374
71 682 60 370
101 762 98 330
90 751 90 331
96 721 92 333
89 699 86 336
90 751 90 331
81 691 78 337
80 677 80 339
74 657 73 343
74 666 72 342
80 677 80 339
84 712 84 334
68 662 68 352
98 767 98 330
67 739 61 358
95 723 92 333
86 703 86 336
91 702 84 336
84 712 84 334
86 703 86 336
78 692 78 337
73 653 73 344
93 726 92 333
96 721 92 333
93 726 92 333
77 650 63 354
67 703 66 359
69 659 66 344
74 692 61 357
74 657 73 343
68 731 66 350
85 710 84 334
75 670 72 341
74 649 66 351
68 665 68 347
70 697 62 358
82 658 67 343
67 739 61 358
95 723 92 333
78 687 78 338
70 654 63 348
79 651 67 346
78 671 72 340
67 705 61 361
71 692 60 368
66 735 61 364
81 651 66 349
77 650 63 354
81 654 66 344
75 662 72 342
69 656 64 353
73 716 61 357
72 674 72 341
72 676 72 340
66 735 61 364
67 726 62 356
68 724 62 355
72 673 72 342
67 705 61 361
68 730 62 353
76 664 72 341
71 653 67 346
91 702 84 336
72 684 60 366
95 723 92 333
79 651 67 346
92 728 92 333
69 704 62 355
85 710 84 334
79 650 64 353
66 735 61 364
68 711 66 352
85 708 84 335
70 690 60 372
74 666 72 342
68 707 66 353
66 709 66 362
70 695 61 361
68 706 62 356
71 683 61 367
72 680 60 367
71 688 60 369
67 701 62 360
72 685 62 362
71 693 61 365
72 685 61 363
71 693 61 365
70 698 62 355
70 649 67 347
69 656 66 350
90 751 90 331
89 699 86 336
70 686 60 374
84 712 84 334
73 645 67 354
71 682 60 370
72 685 61 363
78 671 72 340
66 708 62 365
82 658 67 343
77 650 63 354
76 695 62 353
92 728 92 333
70 649 67 347
79 644 67 353
69 658 63 348
71 694 62 355
69 659 65 347
69 659 65 347
68 713 61 358
73 716 61 357
84 667 72 340
71 682 60 370
72 680 61 366
70 686 60 374
70 687 62 370
70 690 60 372
73 686 61 360
69 658 66 345
68 662 68 352
71 653 67 346
81 651 66 349
70 691 61 369
79 644 67 353
91 702 84 336
78 653 66 345
71 697 60 366
73 687 62 357
71 679 62 368
71 660 67 343
69 654 66 351
85 708 84 335
70 654 63 348
70 686 61 373
81 691 78 337
90 751 90 331
71 678 61 371
78 687 78 338
67 724 61 359
70 686 61 373
72 685 61 363
70 687 61 371
68 731 66 350
79 648 67 347
66 733 60 367
78 671 72 340
66 733 60 367
81 669 72 340
76 664 72 341
71 697 60 366
70 646 67 352
70 695 61 361
67 727 66 353
70 652 63 354
67 705 61 361
78 661 72 341
71 694 62 355
71 683 61 367
69 659 65 347
80 670 72 340
78 660 72 342
69 658 66 345
70 691 62 368
71 679 61 369
78 661 72 341
72 689 60 364
71 700 62 353
84 712 84 334
71 688 60 369
70 698 62 355
70 652 63 354
70 654 66 345
72 676 72 340
73 645 67 354
78 671 72 340
71 679 61 369
72 673 72 342
70 646 67 352
71 700 62 353
71 682 60 370
68 730 62 353
78 660 72 342
72 680 61 366
68 706 62 356
89 699 86 336
85 708 84 335
67 724 61 359
72 674 72 341
79 648 67 347
73 687 62 357
71 678 60 372
66 729 66 359
73 686 61 360
75 662 72 342
69 658 63 348
71 678 60 372
79 651 67 346
71 694 61 361
66 728 62 362
72 681 62 363
74 690 62 354
81 669 72 340
72 684 60 366
73 653 73 344
79 644 67 353
72 681 62 363
72 689 60 364
67 707 62 358
73 645 67 354
67 701 62 360
66 709 66 362
68 704 61 359
68 665 68 347
68 713 61 358
67 727 66 353
68 711 66 352
84 687 78 337
70 686 60 374
71 700 62 353
75 662 72 342
68 660 68 353
69 658 63 348
70 651 66 350
92 728 92 333
71 700 62 353
72 680 61 366
66 729 66 359
96 721 92 333
70 686 60 374
71 697 60 366
71 693 61 365
96 721 92 333
79 648 67 347
85 710 84 334
69 702 62 358
70 687 61 371
70 651 66 350
69 658 63 348
79 644 67 353
67 739 61 358
73 653 73 344
68 660 68 353
67 739 61 358
69 702 62 358
82 658 67 343
80 677 80 339
95 723 92 333
71 700 62 353
71 683 62 366
73 716 61 357
82 658 67 343
67 726 62 356
90 751 90 331
92 728 92 333
69 659 65 347
79 651 67 346
95 723 92 333
68 730 62 353
75 662 72 342
81 654 66 344
73 687 61 358
101 762 98 330
98 767 98 330
71 678 60 372
78 671 72 340
72 689 60 364
68 731 66 350
70 646 67 352
90 751 90 331
69 659 65 347
69 658 66 345
73 653 73 344
67 699 61 363
78 661 72 341
71 682 60 370
67 724 61 359
70 687 61 371
67 726 62 356
72 673 72 342
72 676 72 340
69 656 64 353
70 646 67 352
71 679 61 369
78 692 78 337
70 687 62 370
70 656 66 344
70 654 63 348
75 670 72 341
70 695 61 361
71 693 61 365
71 697 60 366
71 678 60 372
71 688 60 369
74 690 62 354
68 730 62 353
