81643 1020.14
74 714 66 350
78 857 78 340
70 725 63 351
75 731 66 346
70 807 66 346
72 823 72 343
71 729 63 349
79 816 62 363
77 783 72 343
76 725 66 347
86 903 60 365
71 723 63 351
68 791 66 352
68 777 66 353
69 817 66 348
84 884 62 356
89 962 62 353
86 842 61 362
82 854 78 340
82 867 62 359
90 996 61 359
71 748 66 347
70 762 63 349
84 862 60 371
77 772 72 344
77 722 66 349
80 854 61 364
72 757 66 346
76 769 72 345
72 787 72 345
69 788 66 349
81 887 61 362
83 958 61 361
79 875 61 367
70 766 66 348
69 773 66 354
74 795 72 344
71 779 66 346
69 775 66 351
74 735 66 347
85 982 60 365
76 776 72 344
74 814 72 343
76 800 72 343
72 820 72 344
91 999 91 339
77 861 61 373
103 1080 84 339
76 737 66 347
74 755 63 349
77 748 66 346
75 780 66 346
76 805 72 343
74 829 72 343
77 792 72 344
72 777 66 348
72 751 66 349
73 771 66 348
74 804 72 346
74 781 73 347
77 733 66 350
78 866 78 342
84 868 78 341
101 1009 78 355
103 1029 69 361
110 1114 67 364
95 963 69 365
93 873 69 358
97 1038 73 364
91 915 66 357
112 951 73 376
94 932 63 355
91 963 63 354
96 848 63 361
116 1139 67 362
103 1058 70 361
107 1120 69 359
109 1019 66 370
102 1040 70 366
86 854 66 352
98 1046 73 360
97 1010 85 357
92 922 69 367
103 988 67 352
99 1052 66 356
120 1228 69 359
100 891 66 362
96 975 66 355
94 1023 66 352
100 990 69 374
97 1036 63 359
99 1067 66 363
122 1088 70 361
105 1163 67 364
86 924 73 354
89 922 78 352
101 994 65 359
95 975 66 350
94 1015 72 355
113 1172 66 356
101 1063 73 356
108 1100 77 377
101 1032 66 361
100 1047 66 347
96 1016 63 356
106 1036 70 370
97 1018 78 343
110 1132 68 377
103 901 63 365
105 1076 66 362
85 903 66 355
81 929 79 350
87 939 63 361
91 894 63 356
100 1041 73 361
118 1310 68 360
114 1142 67 356
96 950 63 356
105 1025 69 372
90 925 72 358
86 900 65 361
97 1019 66 364
99 910 66 356
97 1027 74 361
84 865 65 361
102 959 80 382
108 926 66 359
83 867 67 356
94 1035 72 346
98 1039 67 360
97 996 72 350
84 949 66 346
108 1120 69 363
87 985 85 343
112 1029 66 365
93 1028 63 364
92 955 67 364
89 951 67 359
94 987 63 356
97 991 69 359
101 1061 63 356
107 1130 70 359
109 1055 74 368
121 1224 63 367
123 1305 67 356
98 959 63 366
108 1057 66 359
88 945 78 343
92 883 63 356
114 1106 74 382
106 1085 66 353
94 1041 66 358
83 793 73 351
91 925 69 362
90 941 66 358
95 974 73 352
96 1026 78 356
100 1017 63 365
87 946 73 371
99 1019 72 352
97 1094 78 347
90 945 69 365
109 1116 69 373
106 976 71 353
88 895 66 353
99 1007 73 353
89 927 63 366
92 900 67 350
90 911 73 355
99 916 67 359
117 1312 75 371
91 992 78 347
114 1019 65 365
91 917 63 365
100 1034 73 352
112 1104 66 356
100 1083 66 356
85 908 72 347
98 1035 73 361
81 924 67 355
91 1005 70 364
105 1053 65 368
95 976 74 365
96 1001 63 364
96 957 66 358
117 1180 74 378
93 982 72 350
101 1162 79 357
102 928 67 362
118 1251 66 366
91 950 67 364
88 1002 65 361
102 1079 79 359
94 1084 63 367
93 991 69 362
107 1199 78 352
102 1060 76 358
99 997 63 366
113 1053 67 371
107 1177 79 354
88 987 85 343
119 1194 66 365
98 989 78 352
102 1023 67 363
96 1031 66 372
94 1071 78 357
92 968 63 354
93 924 63 352
123 1122 66 365
91 986 66 361
86 827 67 361
107 1003 66 359
98 1018 70 361
111 1140 73 352
92 939 63 358
107 1087 70 359
89 975 78 352
102 1072 85 347
95 1016 72 352
89 896 73 352
89 972 78 340
87 908 69 362
95 1071 85 358
84 902 78 343
91 932 70 358
96 1049 66 359
91 875 66 353
90 923 66 359
90 886 73 359
89 890 63 359
96 868 67 350
94 1016 66 370
103 1131 72 352
91 861 66 365
112 1180 72 353
91 926 63 355
91 981 79 360
110 1162 65 365
107 1060 66 358
99 936 63 352
93 989 74 359
115 1254 63 362
124 1144 66 349
90 910 73 349
100 1020 69 368
105 1061 66 363
89 915 73 364
100 985 66 352
99 1042 78 341
88 906 68 352
103 1164 63 355
94 1005 67 362
92 1080 66 367
92 975 65 361
113 1151 63 366
110 1031 69 366
82 900 78 343
106 1009 67 367
111 1084 66 368
92 1014 78 349
82 853 66 358
95 974 67 364
108 1119 73 361
99 1062 74 359
96 862 63 356
99 994 75 362
96 975 68 365
95 1028 66 364
100 1040 72 354
85 947 78 341
115 1232 67 355
94 856 73 356
91 1013 78 340
82 864 63 358
94 916 66 366
103 1010 65 364
96 1047 85 352
105 958 65 362
87 910 69 361
92 846 73 363
97 1037 67 359
95 893 63 356
95 1022 67 362
105 1081 70 362
98 989 63 361
89 949 66 361
92 992 66 353
102 1014 67 355
92 967 74 366
88 916 63 364
111 1092 73 362
99 981 73 359
132 1342 69 371
113 1153 67 355
109 1062 65 367
88 927 67 359
96 1021 72 352
83 983 66 361
84 897 72 352
127 1326 72 361
