224621 1020.09
85 861 79 364
101 1174 63 351
140 1635 90 331
141 1689 78 337
92 1095 63 376
78 886 73 369
106 1073 106 338
140 1635 90 331
140 1635 90 331
119 1333 78 338
140 1635 90 331
100 1013 93 340
115 1247 105 332
108 1139 84 335
96 1116 90 333
108 1139 84 335
115 1247 105 332
119 1333 78 338
83 932 80 359
101 1018 65 356
92 988 68 351
104 1233 86 337
95 1070 72 344
99 1105 63 363
99 1105 63 363
89 1032 79 341
141 1689 78 337
83 932 80 359
93 1171 66 346
90 1139 63 374
81 996 67 351
101 1018 65 356
98 930 77 349
101 1174 63 351
104 1233 86 337
81 996 67 351
100 1013 93 340
94 941 75 353
104 1233 86 337
98 930 77 349
95 1092 63 372
80 946 79 350
78 886 73 369
95 1109 63 360
86 974 78 353
115 1247 105 332
101 1174 63 351
83 932 80 359
119 1333 78 338
84 1033 64 354
97 1061 63 370
102 1246 85 338
92 988 68 351
108 1139 84 335
106 1073 106 338
90 1040 78 339
107 1047 63 366
94 985 78 342
94 941 75 353
85 861 79 364
104 1233 86 337
104 1233 86 337
115 1247 105 332
78 886 73 369
85 905 72 358
90 1139 63 374
86 974 78 353
96 1073 66 347
85 861 79 364
99 1105 63 363
94 985 78 342
93 1171 66 346
98 1060 63 373
89 1032 79 341
83 932 80 359
84 1033 64 354
106 1073 106 338
87 1028 84 345
102 1246 85 338
104 1233 86 337
104 1233 86 337
101 1174 63 351
84 1033 64 354
78 886 73 369
115 1247 105 332
87 950 72 346
92 988 68 351
96 1116 90 333
104 1233 86 337
95 1092 63 372
83 921 73 364
115 1247 105 332
78 886 73 369
87 1028 84 345
98 1060 63 373
92 988 68 351
140 1635 90 331
85 861 79 364
102 1246 85 338
92 988 68 351
104 1233 86 337
78 886 73 369
98 1060 63 373
104 1233 86 337
78 886 73 369
87 1028 84 345
96 1116 90 333
108 1139 84 335
95 1070 72 344
100 1013 93 340
95 1109 63 360
89 1032 79 341
115 1247 105 332
141 1689 78 337
94 941 75 353
107 1047 63 366
107 1047 63 366
107 1047 63 366
107 1047 63 366
95 978 79 345
108 1139 84 335
100 1013 93 340
95 1070 72 344
90 1040 78 339
98 1060 63 373
78 886 73 369
101 1174 63 351
89 1032 79 341
98 1060 63 373
98 1060 63 373
99 1105 63 363
87 1028 84 345
95 1070 72 344
95 1070 72 344
94 939 85 351
95 978 79 345
78 886 73 369
98 1060 63 373
85 926 66 354
100 1013 93 340
104 1233 86 337
95 978 79 345
95 1109 63 360
115 1247 105 332
92 988 68 351
84 1033 64 354
98 930 77 349
94 939 85 351
98 1060 63 373
104 1233 86 337
80 946 79 350
100 1013 93 340
104 1233 86 337
100 1013 93 340
81 996 67 351
98 1060 63 373
115 1247 105 332
104 1233 86 337
102 1246 85 338
87 1028 84 345
95 1109 63 360
98 930 77 349
115 1247 105 332
101 1018 65 356
97 1061 63 370
141 1689 78 337
98 1060 63 373
93 1171 66 346
91 989 85 344
95 1070 72 344
78 886 73 369
78 886 73 369
104 1233 86 337
95 1109 63 360
100 1013 93 340
115 1247 105 332
78 886 73 369
119 1333 78 338
84 1033 64 354
95 1070 72 344
78 886 73 369
119 1333 78 338
108 1139 84 335
95 1109 63 360
96 1116 90 333
115 1247 105 332
92 988 68 351
100 1013 93 340
140 1635 90 331
99 1105 63 363
119 1333 78 338
95 1070 72 344
106 1073 106 338
100 1013 93 340
92 1095 63 376
141 1689 78 337
107 1047 63 366
140 1635 90 331
95 1092 63 372
115 1247 105 332
101 1174 63 351
99 1105 63 363
94 939 85 351
115 1247 105 332
115 1247 105 332
85 861 79 364
93 1171 66 346
83 932 80 359
100 1013 93 340
100 1013 93 340
106 1073 106 338
99 1105 63 363
81 996 67 351
95 1070 72 344
92 988 68 351
89 1032 79 341
101 1018 65 356
95 1070 72 344
81 996 67 351
119 1333 78 338
78 886 73 369
99 1105 63 363
92 988 68 351
96 1116 90 333
115 1247 105 332
87 1028 84 345
78 886 73 369
87 1028 84 345
95 1109 63 360
104 1233 86 337
101 1018 65 356
104 1233 86 337
81 996 67 351
102 1246 85 338
93 1171 66 346
85 861 79 364
95 1070 72 344
78 886 73 369
78 886 73 369
140 1635 90 331
98 1060 63 373
100 1013 93 340
95 1109 63 360
98 1060 63 373
98 1060 63 373
95 978 79 345
89 1032 79 341
98 1060 63 373
85 926 66 354
100 1013 93 340
104 1233 86 337
101 1174 63 351
115 1247 105 332
84 1033 64 354
108 1139 84 335
95 978 79 345
98 1060 63 373
115 1247 105 332
89 1032 79 341
100 1013 93 340
95 1070 72 344
100 1013 93 340
86 974 78 353
95 1092 63 372
115 1247 105 332
87 1028 84 345
94 939 85 351
83 932 80 359
85 861 79 364
93 1171 66 346
83 932 80 359
93 1171 66 346
140 1635 90 331
106 1073 106 338
90 1139 63 374
81 996 67 351
95 1070 72 344
92 988 68 351
99 1105 63 363
94 941 75 353
94 985 78 342
78 886 73 369
92 988 68 351
119 1333 78 338
84 1033 64 354
95 1070 72 344
78 886 73 369
119 1333 78 338
108 1139 84 335
95 1109 63 360
96 1116 90 333
115 1247 105 332
90 1040 78 339
95 1092 63 372
104 1233 86 337
99 1105 63 363
92 988 68 351
95 1070 72 344
106 1073 106 338
87 950 72 346
