431 7.52757
74 833 63 354
70 829 66 355
82 938 72 346
76 895 66 351
75 815 66 355
79 871 66 351
72 844 63 356
77 926 72 348
80 824 63 354
83 908 66 350
92 1008 63 352
73 860 66 354
77 860 66 352
74 882 66 353
84 828 66 353
85 984 66 349
77 888 63 353
81 952 66 350
79 877 63 353
89 1072 66 348
91 900 66 350
71 824 66 355
81 841 66 353
91 975 68 349
89 857 66 352
75 867 66 353
69 798 63 358
79 824 66 354
82 942 66 350
87 983 66 349
79 869 73 351
99 978 66 349
99 1082 63 351
74 859 63 354
71 861 66 355
77 924 66 351
82 888 63 353
79 887 66 351
73 826 66 356
75 834 66 355
72 881 63 356
81 851 66 353
74 889 66 353
79 875 66 352
75 819 66 357
79 843 66 354
76 819 63 358
75 868 66 353
71 837 66 357
81 833 63 357
80 959 63 353
83 848 63 355
76 940 70 352
76 849 63 356
73 849 63 357
73 841 63 358
86 885 66 351
72 859 63 358
78 927 73 350
70 849 66 359
72 822 66 359
91 986 72 348
82 1028 72 346
99 1024 67 361
81 954 66 357
107 1193 77 364
106 1156 75 374
101 1098 66 360
101 1020 66 360
102 1196 67 362
77 901 66 359
108 1239 66 357
92 963 75 371
103 1163 70 370
89 1049 71 365
83 973 71 360
97 1106 70 366
85 961 67 359
104 1122 73 356
107 1243 76 364
97 1020 66 355
82 958 63 360
92 1071 68 359
97 1095 67 365
101 1096 67 367
93 1069 71 368
87 1012 73 357
84 1000 70 370
93 1005 75 357
87 958 63 361
127 1379 75 368
88 941 68 362
103 1192 65 364
110 1226 67 363
88 988 73 359
99 1159 66 360
97 1085 67 368
88 971 66 356
95 1023 67 362
88 987 71 364
85 986 66 360
91 994 67 361
94 1004 71 365
95 1102 75 371
94 1036 63 354
92 1030 68 357
93 1016 67 362
97 1071 76 368
82 942 66 351
91 1059 75 374
88 1003 66 360
100 1127 66 362
110 1247 66 360
98 1058 63 354
100 1080 71 371
103 1108 66 358
92 1017 67 365
85 935 75 369
91 1030 67 359
100 974 66 358
99 1158 66 358
114 1137 72 361
109 1081 70 368
96 993 71 365
99 1128 73 356
95 1008 75 355
100 1101 67 361
87 992 66 364
87 1005 71 368
83 968 63 360
86 967 66 357
96 1130 73 357
90 1050 80 373
96 1028 66 358
94 1030 63 360
79 927 67 364
92 1036 70 368
92 1082 73 361
89 925 66 364
89 951 67 363
87 985 75 373
76 912 73 353
82 936 65 360
97 1139 73 364
94 998 67 367
88 1078 71 362
97 1091 73 363
93 997 76 368
100 959 67 357
103 1131 66 361
80 923 63 361
98 956 65 362
90 973 75 361
109 1266 70 369
80 862 63 362
104 1046 65 373
104 1146 65 362
101 1042 75 371
84 932 66 362
100 1117 66 361
92 917 66 353
91 1003 67 362
97 1083 66 359
97 1017 75 357
82 888 63 357
92 1020 67 358
100 1040 75 361
101 1078 66 369
94 1048 65 367
98 1109 79 347
91 1011 67 364
109 1085 73 363
92 1037 66 360
96 993 68 354
87 1039 70 366
87 975 65 365
78 907 70 365
83 921 71 362
101 1149 73 368
104 1079 74 363
98 1114 74 363
99 1141 71 367
100 1000 73 356
87 1081 66 352
92 954 67 356
92 1037 66 361
93 1087 86 351
96 1022 66 360
94 1009 66 359
98 1104 70 368
97 1174 73 365
101 1165 67 365
95 1119 68 359
88 1044 67 357
77 868 66 362
84 952 66 361
112 1257 70 369
100 1046 77 362
100 990 70 367
106 1162 75 358
94 1096 76 365
75 899 65 367
97 1167 63 359
89 1083 66 362
80 931 67 359
94 941 70 363
92 1011 67 359
82 974 66 358
86 933 66 354
108 1141 66 358
97 1078 71 362
97 1137 66 359
89 1000 73 365
100 1116 67 365
88 1004 70 367
94 1043 66 370
95 980 66 365
100 1131 66 361
100 1070 72 364
95 1128 66 359
104 1086 66 367
109 1188 70 365
97 1042 66 358
82 977 73 360
93 1097 70 370
102 1157 75 370
96 998 68 362
87 965 63 360
92 1048 68 357
97 1117 76 365
106 1081 77 362
87 994 68 361
98 1067 66 359
93 1037 71 365
96 1087 66 358
101 1083 71 371
92 1014 65 362
90 983 66 361
108 1246 66 355
86 1022 70 365
103 1082 76 367
99 1127 75 364
102 1101 65 365
88 1032 66 360
89 1039 66 360
90 971 71 362
90 1007 67 357
93 1029 67 369
96 1005 76 373
79 917 67 356
101 1090 67 359
92 994 66 359
80 891 72 359
108 1216 67 360
83 936 66 365
97 1056 66 360
97 1077 75 373
90 1002 71 364
93 985 68 362
110 1132 66 362
103 1065 66 359
85 1022 63 364
98 1004 66 359
119 1168 66 359
83 984 66 365
107 1119 71 366
95 1025 68 357
87 970 71 365
92 949 71 364
94 1052 75 358
99 1174 74 364
93 1014 67 360
97 1084 66 362
79 968 67 359
93 1023 67 364
102 1086 67 365
80 917 67 359
103 1276 70 372
111 1212 66 359
85 980 67 357
106 1139 67 360
103 1048 71 362
127 1297 68 356
83 953 66 362
83 930 66 358
97 1026 63 359
93 1069 77 361
104 1056 63 362
106 970 67 357
94 1015 66 363
95 1108 67 364
91 967 70 368
108 1218 66 358
94 1021 67 362
84 950 66 360
85 979 66 356
102 1147 70 368
101 1134 65 369
95 1044 71 371
114 1233 70 371
