98064 1020.12
147 1009 146 324
146 1030 146 324
134 1118 78 357
134 1118 78 357
90 735 80 341
90 735 80 341
139 945 138 325
138 966 138 325
130 919 130 326
146 1030 146 324
122 887 122 327
126 865 122 327
118 833 114 328
131 898 130 326
93 770 86 336
95 754 88 339
114 905 114 328
111 829 90 332
104 810 98 331
98 759 84 334
98 759 84 334
111 819 106 329
93 741 92 333
103 784 100 332
100 801 100 332
147 1009 146 324
138 966 138 325
93 741 92 333
108 818 106 330
93 770 86 336
115 834 114 328
100 821 80 340
114 882 80 339
95 754 88 339
123 866 122 327
114 882 80 339
104 810 98 331
103 784 100 332
110 854 106 329
107 830 98 330
139 945 138 325
130 919 130 326
126 865 122 327
118 833 114 328
107 830 98 330
114 905 114 328
108 860 106 329
131 898 130 326
122 887 122 327
108 860 106 329
111 813 106 330
100 821 80 340
110 854 106 329
111 813 106 330
100 801 100 332
123 866 122 327
115 834 114 328
111 819 106 329
108 818 106 330
147 1009 146 324
147 1009 146 324
147 1009 146 324
147 1009 146 324
147 1009 146 324
147 1009 146 324
147 1009 146 324
147 1009 146 324
147 1009 146 324
147 1009 146 324
147 1009 146 324
147 1009 146 324
147 1009 146 324
147 1009 146 324
147 1009 146 324
147 1009 146 324
147 1009 146 324
147 1009 146 324
147 1009 146 324
147 1009 146 324
147 1009 146 324
147 1009 146 324
147 1009 146 324
147 1009 146 324
147 1009 146 324
147 1009 146 324
147 1009 146 324
147 1009 146 324
147 1009 146 324
147 1009 146 324
147 1009 146 324
147 1009 146 324
147 1009 146 324
147 1009 146 324
147 1009 146 324
147 1009 146 324
147 1009 146 324
147 1009 146 324
147 1009 146 324
147 1009 146 324
147 1009 146 324
147 1009 146 324
147 1009 146 324
147 1009 146 324
147 1009 146 324
147 1009 146 324
147 1009 146 324
147 1009 146 324
147 1009 146 324
147 1009 146 324
147 1009 146 324
147 1009 146 324
147 1009 146 324
147 1009 146 324
147 1009 146 324
147 1009 146 324
147 1009 146 324
147 1009 146 324
147 1009 146 324
147 1009 146 324
147 1009 146 324
147 1009 146 324
147 1009 146 324
147 1009 146 324
147 1009 146 324
147 1009 146 324
147 1009 146 324
147 1009 146 324
147 1009 146 324
147 1009 146 324
147 1009 146 324
147 1009 146 324
147 1009 146 324
147 1009 146 324
147 1009 146 324
147 1009 146 324
147 1009 146 324
147 1009 146 324
147 1009 146 324
147 1009 146 324
147 1009 146 324
147 1009 146 324
147 1009 146 324
147 1009 146 324
147 1009 146 324
147 1009 146 324
147 1009 146 324
147 1009 146 324
147 1009 146 324
147 1009 146 324
147 1009 146 324
147 1009 146 324
147 1009 146 324
147 1009 146 324
147 1009 146 324
147 1009 146 324
147 1009 146 324
147 1009 146 324
147 1009 146 324
147 1009 146 324
147 1009 146 324
147 1009 146 324
147 1009 146 324
147 1009 146 324
147 1009 146 324
147 1009 146 324
147 1009 146 324
147 1009 146 324
147 1009 146 324
147 1009 146 324
147 1009 146 324
147 1009 146 324
147 1009 146 324
147 1009 146 324
147 1009 146 324
147 1009 146 324
147 1009 146 324
147 1009 146 324
147 1009 146 324
147 1009 146 324
147 1009 146 324
147 1009 146 324
147 1009 146 324
147 1009 146 324
147 1009 146 324
147 1009 146 324
147 1009 146 324
147 1009 146 324
147 1009 146 324
147 1009 146 324
147 1009 146 324
147 1009 146 324
147 1009 146 324
147 1009 146 324
147 1009 146 324
147 1009 146 324
147 1009 146 324
147 1009 146 324
147 1009 146 324
147 1009 146 324
147 1009 146 324
147 1009 146 324
147 1009 146 324
147 1009 146 324
147 1009 146 324
147 1009 146 324
147 1009 146 324
147 1009 146 324
147 1009 146 324
147 1009 146 324
147 1009 146 324
147 1009 146 324
147 1009 146 324
147 1009 146 324
147 1009 146 324
147 1009 146 324
147 1009 146 324
147 1009 146 324
147 1009 146 324
147 1009 146 324
147 1009 146 324
147 1009 146 324
147 1009 146 324
147 1009 146 324
147 1009 146 324
147 1009 146 324
147 1009 146 324
147 1009 146 324
147 1009 146 324
147 1009 146 324
147 1009 146 324
146 1030 146 324
146 1030 146 324
146 1030 146 324
139 945 138 325
139 945 138 325
139 945 138 325
138 966 138 325
131 898 130 326
131 898 130 326
93 770 86 336
93 741 92 333
147 1014 146 324
115 821 100 332
120 913 116 330
127 885 108 331
139 959 138 325
139 959 138 325
131 909 130 326
124 873 116 330
124 878 122 328
131 899 130 327
124 903 122 327
147 1023 146 324
124 875 116 330
119 922 100 334
122 926 116 330
126 881 122 328
134 921 130 326
124 904 122 327
142 969 138 325
139 977 138 325
131 922 130 326
139 977 138 325
142 969 138 325
131 922 130 326
147 1027 146 324
125 935 116 331
124 906 122 327
132 984 130 326
139 946 138 326
140 990 138 325
139 991 138 325
148 1028 146 324
147 1069 146 324
125 1007 118 333
124 908 122 327
139 959 138 326
139 1003 138 325
150 1039 146 324
147 1073 146 324
127 912 122 327
139 978 138 326
139 1005 138 325
150 1039 146 324
150 1039 146 324
140 989 138 326
139 1010 138 325
129 921 122 328
128 953 122 327
147 1010 146 325
139 1019 138 325
138 987 124 329
135 946 126 331
133 927 132 328
130 932 130 329
140 989 130 327
147 1015 140 327
138 988 124 330
133 965 132 328
139 1009 126 333
