120383 802.586
130 1366 61 384
78 876 72 361
125 1538 98 332
125 1538 98 332
130 1366 61 384
130 1366 61 384
78 876 72 361
117 1377 84 335
80 880 63 362
80 880 63 362
89 941 69 354
83 956 74 349
103 1212 78 339
105 1201 86 337
111 1288 63 349
89 941 69 354
113 1324 78 337
130 1366 61 384
99 1201 72 342
111 1288 63 349
109 1374 66 347
102 1154 90 337
88 963 87 344
89 982 64 356
130 1366 61 384
113 1324 78 337
117 1377 84 335
103 1212 78 339
84 895 72 345
102 1116 65 349
102 1154 90 337
89 973 67 353
104 1073 84 338
83 956 74 349
130 1366 61 384
79 1001 73 355
84 895 72 345
87 1045 66 352
117 1377 84 335
96 1057 63 350
81 941 66 359
102 1154 90 337
130 1366 61 384
82 942 82 348
87 991 80 342
82 942 82 348
111 1288 63 349
111 1133 85 337
81 919 67 358
104 1073 84 338
79 1001 73 355
101 1010 66 348
79 1001 73 355
83 989 79 347
88 963 87 344
78 876 72 361
102 1154 90 337
109 1374 66 347
91 1080 72 344
130 1366 61 384
95 1141 91 335
92 1065 90 339
78 876 72 361
90 1074 78 340
109 1374 66 347
93 1109 66 349
103 1212 78 339
103 1212 78 339
92 1003 79 344
109 1374 66 347
111 1288 63 349
113 1324 78 337
113 1324 78 337
99 1201 72 342
81 919 67 358
95 1141 91 335
95 1141 91 335
96 1057 63 350
81 919 67 358
87 991 80 342
86 946 66 355
81 941 66 359
92 1003 79 344
90 1017 66 351
93 1109 66 349
92 1010 92 337
85 1018 67 348
90 1074 78 340
111 1133 85 337
111 1288 63 349
130 1366 61 384
87 1008 78 341
92 1010 92 337
109 1374 66 347
83 956 74 349
80 880 63 362
86 946 66 355
87 1095 84 339
111 1288 63 349
102 1154 90 337
92 1003 79 344
78 876 72 361
80 880 63 362
95 1141 91 335
96 1057 63 350
81 941 66 359
83 956 74 349
103 1212 78 339
84 895 72 345
89 982 64 356
81 941 66 359
96 1057 63 350
91 1080 72 344
101 1010 66 348
85 1018 67 348
87 1008 78 341
82 942 82 348
89 973 67 353
95 1148 72 343
87 1045 66 352
85 1018 67 348
82 942 82 348
92 1010 92 337
86 946 66 355
83 956 74 349
78 876 72 361
92 1003 79 344
103 1212 78 339
113 1324 78 337
88 963 87 344
92 1003 79 344
78 876 72 361
92 1010 92 337
87 1045 66 352
95 1148 72 343
102 1154 90 337
85 1018 67 348
103 1212 78 339
91 963 63 354
80 880 63 362
92 1065 90 339
111 1288 63 349
117 1377 84 335
80 880 63 362
91 1080 72 344
79 1001 73 355
81 941 66 359
86 946 66 355
102 1154 90 337
86 946 66 355
111 1288 63 349
95 1141 91 335
82 942 82 348
103 1212 78 339
103 1212 78 339
96 1057 63 350
90 1074 78 340
104 1073 84 338
87 1045 66 352
84 895 72 345
113 1324 78 337
89 973 67 353
87 991 80 342
83 956 74 349
102 1116 65 349
90 1074 78 340
102 1154 90 337
78 876 72 361
88 963 87 344
79 1001 73 355
101 1010 66 348
111 1288 63 349
111 1133 85 337
88 963 87 344
105 1201 86 337
87 1045 66 352
130 1366 61 384
92 1003 79 344
82 942 82 348
130 1366 61 384
81 941 66 359
87 1045 66 352
117 1377 84 335
130 1366 61 384
80 880 63 362
95 1148 72 343
88 963 87 344
89 941 69 354
105 1201 86 337
84 895 72 345
111 1133 85 337
86 946 66 355
117 1377 84 335
111 1288 63 349
96 1057 63 350
92 1010 92 337
85 1018 67 348
81 941 66 359
130 1366 61 384
103 1212 78 339
125 1538 98 332
91 1080 72 344
125 1538 98 332
113 1324 78 337
84 895 72 345
125 1538 98 332
90 1074 78 340
92 1010 92 337
104 1073 84 338
93 1109 66 349
78 876 72 361
87 1008 78 341
111 1288 63 349
87 1045 66 352
87 1045 66 352
111 1288 63 349
99 1201 72 342
87 1045 66 352
109 1374 66 347
113 1324 78 337
88 963 87 344
82 942 82 348
102 1154 90 337
111 1288 63 349
95 1141 91 335
80 880 63 362
96 1057 63 350
90 1074 78 340
104 1073 84 338
87 1045 66 352
84 895 72 345
89 973 67 353
86 946 66 355
111 1288 63 349
87 1095 84 339
78 876 72 361
88 963 87 344
101 1010 66 348
111 1288 63 349
111 1133 85 337
109 1374 66 347
105 1201 86 337
103 1212 78 339
83 956 74 349
88 963 87 344
92 1003 79 344
78 876 72 361
89 973 67 353
87 1008 78 341
95 1148 72 343
102 1154 90 337
85 1018 67 348
87 1045 66 352
91 963 63 354
111 1288 63 349
117 1377 84 335
96 1057 63 350
81 941 66 359
79 1001 73 355
81 941 66 359
89 982 64 356
84 895 72 345
93 1109 66 349
103 1212 78 339
125 1538 98 332
91 1080 72 344
113 1324 78 337
113 1324 78 337
84 895 72 345
90 1074 78 340
92 1010 92 337
104 1073 84 338
81 919 67 358
109 1374 66 347
109 1374 66 347
87 1045 66 352
92 1065 90 339
130 1366 61 384
91 1080 72 344
109 1374 66 347
113 1324 78 337
82 942 82 348
93 1109 66 349
130 1366 61 384
130 1366 61 384
111 1133 85 337
81 941 66 359
90 1074 78 340
85 1018 67 348
130 1366 61 384
80 880 63 362
95 1148 72 343
102 1154 90 337
89 941 69 354
90 1017 66 351
84 895 72 345
81 919 67 358
96 1057 63 350
95 1141 91 335
92 1010 92 337
