122287 1680.39
72 746 72 346
78 790 78 343
69 734 66 349
69 714 66 352
76 834 62 353
73 840 62 355
83 908 60 367
72 849 61 364
72 715 66 351
75 823 61 362
83 851 61 357
77 907 61 359
72 786 62 363
72 725 66 350
69 741 63 352
80 715 63 355
70 711 66 360
72 743 72 347
71 717 63 355
69 719 63 357
75 729 66 349
78 784 78 345
88 947 60 364
73 769 62 368
69 728 63 353
70 716 63 364
75 818 62 358
71 731 66 349
73 719 63 354
71 711 66 356
72 742 72 348
86 817 62 353
78 868 61 361
75 724 63 353
76 782 62 365
74 832 61 364
69 731 66 351
81 827 62 355
77 816 62 359
85 844 61 359
72 774 62 368
73 730 63 352
72 731 63 352
83 844 61 361
70 726 63 355
70 739 63 352
84 884 84 340
84 850 84 342
86 858 84 340
89 811 62 358
72 845 61 372
87 1063 60 362
89 830 60 372
68 742 66 350
72 702 66 354
87 856 84 340
68 742 66 350
72 702 66 354
72 702 66 354
87 856 84 340
74 808 66 350
75 793 72 346
76 781 72 347
100 971 84 349
98 913 72 354
86 876 86 346
95 1057 79 349
90 937 72 359
96 990 79 350
87 922 79 351
94 1002 79 350
103 1001 86 354
85 928 72 349
90 918 72 349
86 898 79 361
80 858 79 349
103 1011 85 358
81 906 78 351
93 985 79 349
95 997 91 355
92 990 84 354
95 947 87 354
97 925 79 348
91 878 72 349
106 992 79 351
99 1038 79 352
94 1001 72 358
103 956 72 352
95 949 93 347
97 968 72 348
122 1160 93 352
94 965 79 361
97 964 86 353
94 868 79 358
97 1008 93 353
85 910 79 355
82 886 72 355
104 1067 72 355
91 1013 72 349
90 952 66 358
111 1099 86 357
102 974 78 348
87 940 72 351
110 1062 92 361
103 1140 72 354
118 1073 79 358
103 1117 73 352
99 1002 79 349
75 823 66 351
114 1050 86 352
103 1072 72 357
83 854 79 346
100 932 78 358
79 852 72 354
99 934 79 349
89 991 79 348
97 1009 79 346
96 1000 72 361
108 1136 93 363
91 862 79 351
94 1002 72 348
82 843 79 353
87 914 79 352
96 953 79 349
82 822 79 354
103 921 79 350
109 1092 72 351
87 855 79 347
96 1010 79 352
86 879 86 346
94 1012 72 359
85 942 78 357
86 904 85 360
114 1088 79 350
79 907 72 363
90 985 79 355
95 953 79 355
99 1003 86 358
83 880 72 352
98 1037 72 358
97 1028 72 350
101 947 72 350
94 879 79 346
110 1021 85 357
78 840 73 351
86 885 86 347
80 822 72 353
105 1060 85 348
94 962 86 353
96 915 85 349
90 968 84 355
81 807 72 351
79 858 73 349
96 924 72 349
108 1054 72 354
90 926 72 354
90 915 86 349
79 830 72 348
91 958 86 355
93 891 79 352
80 896 79 357
79 816 72 352
85 929 72 354
81 812 79 352
87 836 79 358
101 984 93 351
93 994 72 349
110 954 78 357
88 950 79 351
81 875 79 350
91 962 72 361
89 945 86 353
86 914 72 351
100 1051 79 352
112 1062 66 351
96 913 79 355
91 920 72 351
97 1044 84 340
81 888 78 351
104 992 72 350
82 889 79 348
104 899 72 351
97 989 72 357
85 891 72 348
90 937 86 354
102 1033 72 348
89 894 66 357
79 844 79 355
97 905 79 348
87 901 72 350
93 949 79 351
100 990 72 349
87 880 79 352
76 813 72 354
98 1053 72 354
98 1059 86 353
90 876 72 346
87 930 79 358
116 1070 73 350
97 916 79 360
95 936 66 356
97 904 79 350
88 990 79 349
90 909 72 355
95 996 86 358
87 849 72 347
96 1005 79 349
72 795 72 354
82 903 79 347
91 984 79 356
88 882 79 346
105 955 72 348
91 968 79 356
87 938 73 349
94 990 85 351
86 932 86 355
81 861 79 347
104 1007 79 352
97 1027 79 363
94 969 72 353
88 1007 79 349
88 914 72 354
79 870 72 349
82 844 79 359
103 1092 79 360
109 1046 86 350
120 1206 86 361
78 894 72 364
85 949 72 362
109 1033 79 354
107 949 86 349
100 973 79 354
87 923 72 354
98 999 79 356
90 971 79 350
93 872 79 350
90 977 79 349
93 919 79 349
111 1191 79 346
97 1006 86 352
87 960 79 352
102 938 86 348
111 1110 86 356
83 820 72 348
93 976 79 360
79 874 79 356
92 939 72 349
89 984 72 354
92 1009 78 358
93 923 72 350
96 914 85 347
96 974 79 356
87 861 79 355
91 917 79 356
87 895 66 361
98 1054 72 353
99 1065 91 346
86 880 72 358
85 826 79 350
107 1078 84 341
95 913 72 364
81 879 79 349
89 978 72 361
88 911 79 351
95 958 86 354
90 913 72 351
89 944 72 352
75 818 72 356
99 977 79 354
87 914 66 354
91 1014 79 348
104 974 86 350
81 893 72 355
99 1132 78 359
102 1116 72 354
90 925 86 351
88 928 79 348
101 988 92 346
83 835 72 357
95 947 92 353
104 999 85 349
106 1127 78 358
86 893 79 353
77 794 72 351
77 816 73 357
96 990 73 356
90 889 79 346
87 928 79 347
81 880 73 353
94 983 72 346
105 1133 79 352
86 948 72 357
91 978 72 353
105 1056 86 355
76 784 66 358
79 866 79 350
102 959 72 348
91 880 72 351
101 947 86 346
90 940 86 348
