4301 78.044
73 853 73 353
68 874 67 362
79 910 79 348
73 906 73 351
81 979 63 359
72 936 67 354
95 1081 85 345
71 889 67 356
88 1063 72 348
69 915 67 359
82 968 72 349
77 978 65 361
86 954 65 356
93 1173 78 347
82 958 66 353
91 1095 85 346
75 960 66 365
69 863 67 370
101 1129 62 368
83 963 63 370
80 1026 63 366
98 1124 67 352
86 991 85 347
92 1108 62 374
80 930 66 367
80 904 79 350
106 1134 66 351
85 1013 85 347
72 869 67 358
74 864 67 362
86 906 72 352
76 871 67 356
83 1059 77 348
80 969 65 358
81 981 74 350
90 942 66 357
77 919 69 355
70 880 67 360
94 1061 62 377
80 951 65 365
72 878 67 356
69 882 67 361
72 865 67 364
80 929 72 353
81 953 65 358
78 949 66 361
86 954 66 353
69 870 67 368
85 903 79 352
82 966 72 350
95 1079 62 376
70 873 67 362
84 934 67 354
69 912 67 360
86 1064 61 381
86 947 66 365
110 1318 62 365
80 849 80 367
80 849 80 367
106 1306 100 343
106 1306 100 343
79 947 67 356
80 935 80 354
98 1154 81 361
108 1167 73 353
81 998 67 366
78 972 73 363
93 1208 79 352
99 1075 73 359
99 1146 74 364
111 1347 81 354
117 1266 75 367
92 999 80 364
97 1115 88 352
101 1108 73 360
76 934 67 356
118 1402 81 368
96 1125 80 355
103 1194 75 372
108 1224 73 357
106 1244 73 355
96 1104 73 363
96 1173 81 354
104 1110 73 359
109 1174 80 360
131 1540 81 357
115 1197 71 366
91 1057 81 360
88 940 73 360
78 1008 67 367
92 1104 82 361
110 1228 80 361
101 1129 87 358
80 977 67 369
95 1048 75 358
83 962 73 355
96 1146 86 360
110 1289 67 362
80 1010 74 367
90 1086 73 363
78 948 73 353
116 1195 79 356
96 1178 80 355
101 1175 73 364
108 1221 80 355
83 1036 74 361
87 1001 76 359
102 1160 88 366
93 1031 74 356
94 1122 80 360
99 1237 73 365
104 1178 79 356
99 1174 87 355
102 1197 76 359
119 1487 67 365
109 1226 81 368
86 1087 81 359
95 1158 75 361
98 1057 75 359
90 1065 75 367
93 1024 73 356
84 1078 75 370
89 1093 81 354
100 1087 73 360
79 893 67 358
123 1454 80 361
117 1304 81 360
97 1186 81 363
112 1302 73 359
85 1025 79 367
112 1215 81 352
89 1087 73 355
89 947 73 361
104 1284 75 363
102 1212 73 362
84 966 75 355
76 963 67 367
83 974 73 361
107 1168 81 356
99 1155 88 360
104 1199 81 361
104 1226 82 357
93 1138 80 362
95 1248 67 368
90 1008 74 359
87 1000 67 362
97 1196 67 366
84 972 73 363
112 1286 88 358
88 1090 81 360
122 1529 81 358
95 1052 78 357
85 1055 75 361
108 1286 88 366
111 1322 80 353
105 1246 81 358
117 1357 88 356
90 1183 81 359
83 939 67 375
97 1157 81 370
102 1184 82 357
90 1115 67 365
105 1150 88 352
91 1068 73 364
90 1062 81 354
107 1232 94 356
92 1046 80 355
90 1116 85 364
104 1225 73 353
115 1404 87 349
99 1127 80 353
106 1118 86 358
102 1067 73 353
99 1166 73 353
104 1080 76 360
99 1061 74 361
95 1148 79 354
87 1067 73 367
89 1051 88 355
94 1199 73 364
92 1035 81 365
95 1027 80 359
89 1110 75 368
126 1634 68 367
81 962 73 364
89 994 69 363
94 1098 73 365
89 1100 81 355
81 1021 74 357
80 919 80 358
100 1147 81 360
101 1202 81 365
86 1140 67 362
103 1152 67 362
87 1084 75 366
80 944 74 356
93 1058 81 365
93 1116 75 369
111 1354 88 360
88 1118 67 362
87 1068 67 365
108 1317 82 367
99 1150 81 352
89 1069 73 353
95 1132 67 359
92 1045 71 361
91 1098 67 367
94 1124 73 359
93 1113 80 355
90 1048 67 365
112 1337 73 363
85 1100 79 358
119 1433 81 358
94 1103 81 362
97 1136 76 353
101 1173 88 359
81 1037 67 368
104 1294 73 361
101 1214 81 363
77 904 73 358
125 1403 81 355
87 1044 81 357
92 1067 80 361
86 1047 74 364
100 1252 81 357
94 1066 81 357
102 1071 80 355
90 1119 67 362
106 1329 81 365
97 1186 80 361
96 1120 88 359
87 976 73 360
90 1123 67 363
120 1438 94 349
114 1306 81 359
106 1196 67 356
99 1131 88 352
95 1078 88 352
93 1092 76 355
88 1004 88 358
108 1233 67 356
102 1215 81 355
110 1299 81 369
110 1344 87 352
85 1069 73 364
113 1328 75 362
96 1209 80 359
115 1250 73 359
93 1196 73 361
99 1140 81 359
95 1123 80 358
99 1192 81 358
101 1181 81 360
115 1166 81 354
99 1074 88 361
96 1115 81 357
104 1174 87 361
94 1119 81 358
102 1208 80 359
87 983 80 364
90 1087 67 361
94 1179 81 358
129 1497 81 352
88 1018 74 359
85 1102 67 367
113 1272 80 361
96 1073 88 353
98 1173 81 361
83 1015 73 365
99 1143 73 359
91 1075 86 358
105 1194 79 356
95 1139 81 357
87 997 73 360
117 1322 75 362
88 1069 75 367
91 1130 78 367
138 1675 88 358
93 1063 67 372
93 1086 80 364
117 1281 74 358
96 1107 88 355
115 1439 73 360
105 1280 87 351
73 934 73 364
93 1136 76 364
91 998 80 359
99 1151 88 364
97 1158 74 361
112 1338 81 364
109 1261 81 369
99 1082 73 355
97 1104 88 354
108 1238 73 359
84 994 80 355
101 1181 75 363
120 1466 74 362
109 1165 73 361
103 1162 81 355
81 965 80 361
