7 0.135935
87 1146 87 399
116 1379 93 372
109 1213 85 382
112 1370 77 403
116 1434 84 380
93 1159 86 395
96 1246 81 409
118 1458 75 415
112 1328 92 377
123 1602 79 394
107 1310 91 380
108 1307 79 400
94 1215 93 393
113 1302 80 396
103 1211 88 392
107 1337 81 397
104 1243 80 413
136 1604 73 419
112 1281 81 403
110 1383 99 378
111 1299 91 381
95 1150 86 410
106 1255 83 408
108 1250 92 387
106 1337 106 372
127 1513 73 421
100 1244 83 417
107 1304 98 391
164 2130 74 418
112 1353 85 385
96 1212 87 403
116 1328 80 400
100 1155 87 414
104 1227 87 397
101 1228 92 395
101 1177 96 404
120 1392 99 373
107 1316 100 380
110 1315 98 380
119 1491 79 409
108 1399 81 417
120 1415 98 375
101 1305 99 393
121 1489 82 398
110 1339 85 402
111 1444 82 409
127 1510 93 383
122 1500 84 392
113 1471 83 400
107 1357 91 393
114 1313 81 419
111 1460 91 386
117 1457 84 395
109 1309 98 388
108 1294 99 392
108 1404 92 392
96 1197 94 415
113 1311 93 394
127 1480 91 384
123 1578 91 384
114 1482 81 409
123 1605 105 372
102 1234 91 400
106 1332 87 406
120 1462 110 403
104 1348 88 404
112 1382 93 384
134 1558 88 407
119 1351 75 410
115 1400 107 404
116 1434 115 398
110 1391 94 383
126 1568 89 412
128 1401 100 377
122 1467 102 404
124 1584 94 417
104 1334 95 414
114 1327 79 378
120 1438 96 406
114 1425 101 398
104 1201 95 379
123 1430 87 379
111 1374 108 397
109 1341 100 403
122 1501 87 406
123 1507 95 415
122 1476 96 403
112 1393 99 382
115 1467 103 408
117 1386 92 393
136 1479 106 371
108 1361 100 396
106 1285 86 405
125 1609 101 406
123 1532 102 405
125 1658 102 417
103 1235 101 393
128 1430 107 387
108 1253 99 377
147 1586 114 377
104 1294 87 414
117 1384 103 408
119 1504 95 399
111 1486 94 398
144 1853 82 406
126 1497 96 375
96 1247 88 415
95 1256 95 400
116 1396 106 379
130 1549 99 375
120 1589 101 420
111 1450 94 406
107 1374 87 408
123 1485 85 375
112 1409 94 408
124 1350 106 390
109 1399 81 412
128 1689 103 418
121 1581 100 421
118 1367 93 379
117 1410 97 410
109 1457 87 410
111 1403 101 415
122 1363 93 379
116 1543 96 412
126 1604 101 394
123 1361 93 380
107 1373 95 414
117 1490 102 400
101 1249 101 410
121 1442 99 378
105 1339 95 406
124 1576 87 412
141 1723 81 406
117 1393 99 371
130 1689 94 416
115 1515 94 402
108 1386 95 411
128 1577 102 400
115 1382 91 391
113 1445 101 406
113 1490 82 418
117 1366 101 381
136 1607 93 400
139 1853 104 419
112 1309 96 407
116 1461 96 426
129 1572 102 408
121 1444 99 386
133 1615 102 410
101 1207 95 413
119 1473 102 410
123 1644 94 400
119 1644 93 402
124 1564 109 406
106 1310 100 405
115 1398 94 412
105 1336 94 412
121 1484 88 410
140 1782 94 407
130 1659 110 409
130 1470 91 380
104 1414 94 409
139 1767 81 410
116 1505 101 399
117 1488 101 413
151 1902 95 402
121 1368 93 377
120 1563 94 404
121 1497 94 415
125 1649 111 416
111 1428 81 410
112 1406 100 397
136 1639 114 374
111 1338 101 407
133 1531 99 374
114 1394 87 410
108 1271 102 405
115 1387 87 404
114 1473 93 401
94 1255 87 407
127 1724 95 415
108 1276 100 385
133 1710 94 408
122 1402 100 374
103 1355 89 411
138 1649 93 385
108 1299 108 391
134 1610 101 411
139 1621 85 379
136 1576 93 380
126 1509 92 382
117 1469 93 401
111 1374 92 403
119 1432 90 413
100 1311 97 397
116 1418 97 411
114 1440 89 417
121 1581 110 395
119 1513 91 410
126 1690 87 398
132 1559 93 374
110 1355 93 375
117 1370 81 414
139 1543 93 390
115 1386 88 407
136 1716 101 399
120 1486 94 406
103 1249 90 420
135 1559 75 418
123 1385 99 394
134 1689 109 402
119 1423 94 378
105 1242 93 383
126 1480 94 386
109 1466 88 415
108 1326 103 410
123 1542 99 407
129 1558 88 408
129 1515 81 404
111 1381 102 407
125 1515 101 378
123 1546 87 411
128 1491 107 386
114 1456 81 406
143 1702 89 414
116 1420 101 404
106 1213 100 410
106 1402 88 408
102 1309 87 406
144 1783 87 409
129 1486 108 400
113 1486 88 404
125 1435 93 406
104 1394 96 409
106 1261 100 403
109 1289 79 408
108 1321 108 406
140 1595 102 416
113 1401 94 401
134 1712 95 418
105 1180 92 377
119 1421 88 404
117 1489 95 410
115 1414 102 414
99 1227 88 409
119 1452 95 412
123 1494 82 422
118 1435 81 395
137 1603 99 370
110 1490 96 405
116 1320 102 402
118 1456 93 384
111 1314 101 392
112 1387 94 402
102 1355 87 411
111 1449 87 415
104 1346 96 408
121 1521 96 412
134 1758 89 413
124 1558 81 428
119 1360 82 408
103 1306 87 414
119 1473 110 406
106 1341 88 414
110 1367 99 385
116 1569 87 398
136 1499 91 386
122 1583 89 417
118 1380 81 411
126 1428 85 383
109 1270 109 412
114 1199 108 379
152 1684 106 385
135 1426 101 388
112 1467 104 399
116 1534 102 399
133 1511 94 393
106 1294 102 402
108 1312 83 409
132 1668 89 409
120 1326 101 382
114 1522 100 410
107 1290 95 405
108 1461 81 413
114 1323 93 399
105 1447 88 407
107 1228 100 407
112 1325 102 400
152 1733 93 398
100 1292 87 425
124 1527 102 414
104 1281 85 387
106 1381 101 412
100 1316 95 395
115 1461 103 405
109 1366 108 401
139 1615 94 380
116 1491 109 408
116 1383 91 379
