6616 420.456
133 945 130 326
130 950 130 326
130 950 130 326
87 714 72 343
82 726 66 346
82 726 66 346
81 724 72 343
133 945 130 326
122 880 122 327
125 875 122 327
122 880 122 327
117 827 114 328
84 716 78 337
114 832 114 328
89 736 67 343
111 793 106 329
125 875 122 327
114 832 114 328
95 731 92 333
98 774 98 330
106 806 106 329
104 754 100 332
84 716 78 337
84 730 72 340
104 754 100 332
89 719 86 336
86 723 84 334
86 715 72 340
101 769 98 330
92 748 92 333
117 827 114 328
90 758 90 331
84 724 84 334
89 719 86 336
98 774 98 330
87 714 72 343
92 755 90 331
106 806 106 329
111 793 106 329
90 758 90 331
93 741 92 333
101 769 98 330
110 796 106 329
108 798 106 329
100 772 98 330
95 731 92 333
86 715 72 340
84 730 72 340
107 801 106 329
88 737 67 343
93 741 92 333
88 737 67 343
107 801 106 329
110 796 106 329
108 798 106 329
100 772 98 330
92 748 92 333
89 736 67 343
81 724 72 343
86 723 84 334
84 724 84 334
92 755 90 331
133 945 130 326
133 945 130 326
133 945 130 326
133 945 130 326
133 945 130 326
133 945 130 326
133 945 130 326
133 945 130 326
133 945 130 326
133 945 130 326
133 945 130 326
133 945 130 326
133 945 130 326
133 945 130 326
133 945 130 326
133 945 130 326
133 945 130 326
133 945 130 326
133 945 130 326
133 945 130 326
133 945 130 326
133 945 130 326
133 945 130 326
133 945 130 326
133 945 130 326
133 945 130 326
133 945 130 326
133 945 130 326
133 945 130 326
133 945 130 326
133 945 130 326
133 945 130 326
133 945 130 326
133 945 130 326
133 945 130 326
133 945 130 326
133 945 130 326
133 945 130 326
133 945 130 326
133 945 130 326
133 945 130 326
133 945 130 326
133 945 130 326
133 945 130 326
133 945 130 326
133 945 130 326
133 945 130 326
133 945 130 326
133 945 130 326
133 945 130 326
133 945 130 326
133 945 130 326
133 945 130 326
133 945 130 326
133 945 130 326
133 945 130 326
133 945 130 326
133 945 130 326
133 945 130 326
133 945 130 326
133 945 130 326
133 945 130 326
133 945 130 326
133 945 130 326
133 945 130 326
133 945 130 326
133 945 130 326
133 945 130 326
133 945 130 326
133 945 130 326
133 945 130 326
133 945 130 326
133 945 130 326
133 945 130 326
133 945 130 326
133 945 130 326
133 945 130 326
133 945 130 326
133 945 130 326
133 945 130 326
133 945 130 326
133 945 130 326
133 945 130 326
133 945 130 326
133 945 130 326
133 945 130 326
133 945 130 326
133 945 130 326
133 945 130 326
133 945 130 326
133 945 130 326
133 945 130 326
133 945 130 326
133 945 130 326
133 945 130 326
133 945 130 326
133 945 130 326
133 945 130 326
133 945 130 326
133 945 130 326
133 945 130 326
133 945 130 326
133 945 130 326
133 945 130 326
133 945 130 326
133 945 130 326
133 945 130 326
133 945 130 326
133 945 130 326
133 945 130 326
133 945 130 326
133 945 130 326
133 945 130 326
133 945 130 326
133 945 130 326
133 945 130 326
133 945 130 326
133 945 130 326
133 945 130 326
133 945 130 326
133 945 130 326
133 945 130 326
133 945 130 326
133 945 130 326
133 945 130 326
133 945 130 326
133 945 130 326
133 945 130 326
133 945 130 326
133 945 130 326
133 945 130 326
133 945 130 326
133 945 130 326
133 945 130 326
133 945 130 326
133 945 130 326
133 945 130 326
133 945 130 326
133 945 130 326
130 950 130 326
125 875 122 327
82 726 66 346
133 946 130 326
133 946 130 326
96 737 92 333
91 741 78 337
99 779 86 336
109 806 106 329
103 763 100 332
125 876 122 327
117 855 114 328
122 941 122 327
118 837 114 328
107 840 106 329
92 764 92 333
123 909 122 327
133 946 130 326
133 946 130 326
133 948 130 326
106 768 94 335
125 877 122 327
119 843 114 328
113 808 108 331
107 782 102 334
109 809 106 329
134 951 130 326
133 952 130 326
133 952 130 326
112 814 108 331
106 889 96 337
115 848 106 329
120 841 116 330
125 879 122 327
125 879 122 327
119 847 114 328
110 843 108 331
125 879 122 327
133 953 130 326
133 953 130 326
112 820 108 331
111 873 108 331
119 849 114 328
125 884 122 327
133 953 130 326
133 955 130 326
112 823 108 331
121 869 116 330
119 890 114 328
127 891 122 327
126 903 122 327
126 903 122 327
133 956 130 326
122 966 114 328
112 841 108 331
120 908 116 330
126 889 116 330
127 903 124 329
126 907 122 327
124 964 124 329
126 904 114 328
125 906 116 330
134 960 130 326
133 964 130 326
121 847 118 332
113 865 108 331
120 936 116 330
127 910 122 327
124 914 116 330
126 912 122 327
134 968 130 326
133 973 130 326
115 875 108 331
124 943 116 330
126 914 122 327
126 914 122 327
126 914 122 327
133 979 130 326
120 895 108 331
116 929 110 333
125 957 122 330
126 915 122 327
134 985 130 326
133 993 130 326
124 989 108 331
121 902 118 335
127 916 122 327
123 960 118 332
125 911 110 333
126 929 122 327
140 1012 130 326
127 937 124 329
126 940 122 327
127 942 122 327
126 962 122 330
133 953 130 329
127 1008 122 327
133 968 130 329
136 1016 130 329
