53 0.870408
77 947 74 361
80 971 67 361
81 1010 73 358
79 1041 73 358
80 980 80 358
87 1125 79 355
81 938 74 363
91 1107 79 355
80 967 68 361
74 935 67 364
79 984 73 361
94 1179 86 352
75 938 74 364
78 937 67 367
76 985 67 366
96 1189 79 355
77 967 74 361
82 1038 73 358
84 982 67 361
81 1012 77 358
80 1013 80 358
84 957 74 361
81 981 67 364
78 948 74 363
82 1003 68 361
77 956 67 367
79 1003 73 361
76 969 73 365
87 1031 73 358
83 1005 67 361
78 985 73 364
88 980 67 364
82 1004 67 363
79 1000 73 363
76 953 67 384
106 1344 86 354
79 948 67 367
75 944 74 367
78 970 74 361
81 998 67 364
77 991 74 361
77 961 69 368
79 944 74 366
82 1011 68 361
84 1039 77 358
83 987 70 364
77 987 73 366
86 963 74 361
88 986 67 363
88 1037 73 358
83 1022 67 361
80 1036 73 361
84 1007 67 363
83 967 74 363
85 1013 67 361
80 1051 67 366
84 966 74 364
80 1015 80 358
80 952 80 364
76 977 73 370
89 1006 67 361
84 1056 73 358
84 1013 80 358
102 1370 95 399
142 1819 80 413
107 1444 95 401
112 1515 86 401
141 1666 102 390
108 1427 89 411
122 1522 96 418
102 1255 74 408
117 1409 79 414
111 1399 92 409
136 1612 89 398
115 1518 106 414
132 1542 86 427
112 1315 104 396
127 1519 88 414
115 1448 80 423
112 1326 101 393
141 1819 116 396
116 1431 95 412
114 1393 95 393
149 1750 102 428
122 1479 109 409
108 1379 88 386
112 1394 79 405
109 1414 82 422
122 1648 88 418
118 1382 82 381
127 1575 76 412
142 1692 102 415
126 1528 94 411
123 1365 100 385
149 1807 85 408
128 1575 80 397
111 1373 100 414
132 1512 86 407
109 1337 102 406
115 1442 95 399
111 1354 87 422
142 1594 87 405
107 1401 82 406
125 1538 88 412
111 1343 103 397
121 1369 102 385
117 1384 89 415
106 1261 89 404
108 1441 93 402
101 1214 75 396
156 1992 84 414
120 1424 87 424
117 1338 95 391
106 1167 89 396
100 1305 74 406
118 1398 94 389
138 1581 95 416
141 1724 94 451
107 1401 88 417
98 1236 79 385
117 1439 96 401
117 1402 115 384
119 1407 81 396
123 1588 88 405
100 1143 82 412
134 1734 83 439
104 1305 95 410
147 1785 86 406
126 1495 81 383
119 1404 81 416
102 1278 87 409
132 1454 121 407
140 1608 99 412
124 1425 74 390
131 1523 98 422
133 1595 94 434
131 1622 81 422
125 1420 88 392
112 1306 75 412
100 1307 100 372
127 1510 89 397
121 1524 75 400
118 1467 94 374
120 1493 86 405
123 1545 82 412
135 1719 93 420
125 1523 88 395
111 1313 77 390
112 1408 81 406
121 1361 81 421
121 1602 89 407
113 1447 88 431
109 1343 83 397
137 1824 82 394
128 1525 110 390
124 1488 93 407
133 1687 93 391
125 1459 89 408
132 1627 91 405
137 1591 81 401
115 1441 87 394
114 1400 84 403
115 1457 80 399
129 1635 76 404
134 1585 92 395
132 1657 87 402
144 1658 108 400
131 1697 88 439
149 1778 75 391
104 1356 100 388
112 1425 88 400
110 1319 76 411
105 1269 83 404
119 1429 102 398
129 1440 81 385
108 1242 96 385
135 1482 87 399
136 1723 89 435
121 1423 95 411
122 1456 118 395
120 1471 95 409
118 1399 97 410
105 1187 93 391
120 1497 103 386
142 1536 95 416
132 1671 88 413
123 1448 75 390
112 1348 95 402
137 1620 75 398
142 1627 70 404
146 1668 94 406
149 1735 102 424
135 1706 74 407
175 2213 100 428
115 1352 93 414
143 1908 95 418
113 1502 81 408
139 1719 89 420
113 1364 83 400
124 1550 110 375
111 1339 89 404
130 1515 74 407
108 1344 76 411
136 1687 82 397
124 1360 73 415
129 1628 107 408
115 1287 113 439
130 1566 83 417
125 1551 83 402
141 1646 83 409
123 1611 96 420
106 1375 89 393
109 1313 88 402
104 1324 88 420
155 1798 96 387
123 1501 89 420
141 1815 89 406
104 1258 93 415
159 1969 85 420
132 1718 104 387
118 1360 82 407
123 1521 88 400
111 1356 82 424
126 1347 87 398
111 1311 80 394
142 1798 102 392
124 1490 115 394
128 1680 74 418
117 1407 108 400
143 1555 81 419
114 1390 95 396
118 1476 111 369
128 1652 107 419
132 1535 84 422
122 1306 81 393
120 1542 108 398
132 1599 83 426
137 1579 90 413
119 1437 88 426
121 1503 85 402
148 1613 117 416
122 1380 91 390
121 1438 81 413
118 1400 89 397
113 1367 82 408
147 1510 95 407
115 1404 88 394
109 1360 89 364
127 1458 95 397
135 1504 108 409
109 1363 86 408
123 1444 90 420
144 1822 95 405
116 1366 84 407
108 1446 84 398
119 1431 110 392
112 1298 88 419
135 1693 101 405
125 1515 74 398
151 1753 81 430
134 1525 88 412
104 1246 85 410
129 1549 103 400
96 1258 70 405
116 1434 74 414
113 1408 92 391
129 1411 88 399
118 1540 94 403
138 1648 100 379
136 1632 88 401
103 1224 87 426
126 1706 88 410
134 1588 80 405
133 1689 101 408
130 1555 98 422
135 1472 100 409
119 1390 91 399
104 1222 87 395
121 1464 85 416
118 1428 85 392
121 1405 94 392
115 1484 76 401
140 1529 87 396
117 1369 86 407
127 1586 97 394
112 1304 81 419
129 1620 74 409
107 1322 106 404
113 1441 89 421
127 1571 119 400
128 1481 97 414
122 1537 76 413
134 1491 81 423
127 1636 91 398
127 1545 101 396
119 1482 74 411
97 1108 97 387
119 1367 101 389
122 1587 90 418
130 1524 109 393
