16920 1021.16
138 884 130 326
131 909 130 326
126 1125 70 371
126 1125 70 371
86 695 78 337
115 1014 76 347
86 695 78 337
92 713 84 334
112 792 106 329
92 713 84 334
123 881 122 327
127 795 114 328
105 768 98 333
116 945 114 328
100 782 92 333
105 917 100 332
130 824 122 327
116 945 114 328
107 781 90 331
106 755 92 333
119 817 114 328
100 782 92 333
137 892 130 326
110 871 98 330
116 751 98 330
108 777 90 331
132 907 130 326
105 917 100 332
117 822 114 328
125 850 122 327
116 751 98 330
110 871 98 330
129 832 122 327
129 832 122 327
126 848 122 327
137 892 130 326
132 907 130 326
124 810 114 328
108 777 90 331
131 909 130 326
124 810 114 328
106 755 92 333
138 884 130 326
127 795 114 328
123 881 122 327
130 824 122 327
125 850 122 327
105 768 98 333
126 848 122 327
138 884 130 326
138 884 130 326
138 884 130 326
138 884 130 326
138 884 130 326
138 884 130 326
138 884 130 326
138 884 130 326
138 884 130 326
138 884 130 326
138 884 130 326
138 884 130 326
138 884 130 326
138 884 130 326
138 884 130 326
138 884 130 326
138 884 130 326
138 884 130 326
138 884 130 326
138 884 130 326
138 884 130 326
138 884 130 326
138 884 130 326
138 884 130 326
138 884 130 326
138 884 130 326
138 884 130 326
138 884 130 326
138 884 130 326
138 884 130 326
138 884 130 326
138 884 130 326
138 884 130 326
138 884 130 326
138 884 130 326
138 884 130 326
138 884 130 326
138 884 130 326
138 884 130 326
138 884 130 326
138 884 130 326
138 884 130 326
138 884 130 326
138 884 130 326
138 884 130 326
138 884 130 326
138 884 130 326
138 884 130 326
138 884 130 326
138 884 130 326
138 884 130 326
138 884 130 326
138 884 130 326
138 884 130 326
138 884 130 326
138 884 130 326
138 884 130 326
138 884 130 326
138 884 130 326
138 884 130 326
138 884 130 326
138 884 130 326
138 884 130 326
138 884 130 326
138 884 130 326
138 884 130 326
138 884 130 326
138 884 130 326
138 884 130 326
138 884 130 326
138 884 130 326
138 884 130 326
138 884 130 326
138 884 130 326
138 884 130 326
138 884 130 326
138 884 130 326
138 884 130 326
138 884 130 326
138 884 130 326
138 884 130 326
138 884 130 326
138 884 130 326
138 884 130 326
138 884 130 326
138 884 130 326
138 884 130 326
138 884 130 326
138 884 130 326
138 884 130 326
138 884 130 326
138 884 130 326
138 884 130 326
138 884 130 326
138 884 130 326
138 884 130 326
138 884 130 326
138 884 130 326
138 884 130 326
138 884 130 326
138 884 130 326
138 884 130 326
138 884 130 326
138 884 130 326
138 884 130 326
138 884 130 326
138 884 130 326
138 884 130 326
138 884 130 326
138 884 130 326
138 884 130 326
138 884 130 326
138 884 130 326
138 884 130 326
138 884 130 326
138 884 130 326
138 884 130 326
138 884 130 326
138 884 130 326
138 884 130 326
138 884 130 326
138 884 130 326
138 884 130 326
138 884 130 326
138 884 130 326
138 884 130 326
138 884 130 326
138 884 130 326
138 884 130 326
138 884 130 326
138 884 130 326
138 884 130 326
138 884 130 326
138 884 130 326
138 884 130 326
138 884 130 326
138 884 130 326
138 884 130 326
138 884 130 326
138 884 130 326
138 884 130 326
137 892 130 326
132 907 130 326
132 907 130 326
131 909 130 326
130 824 122 327
129 832 122 327
127 795 114 328
108 777 90 331
108 777 90 331
105 768 98 333
92 713 84 334
86 695 78 337
138 886 130 326
131 978 130 326
119 914 86 349
112 785 102 334
102 884 94 342
109 826 94 335
117 934 92 333
112 792 108 331
115 918 98 330
122 872 114 328
123 883 122 327
120 849 106 329
132 825 122 327
137 906 130 326
130 842 122 327
120 820 116 330
119 815 92 333
132 824 114 328
123 833 114 328
138 886 130 326
132 825 122 327
138 889 130 326
134 1019 98 330
124 900 94 337
117 824 110 333
114 833 102 334
123 937 114 328
124 912 107 332
130 876 122 327
135 854 114 328
119 862 98 333
122 869 108 331
132 848 124 329
129 876 106 329
127 875 114 328
135 848 122 327
131 856 124 329
132 850 114 331
129 863 114 328
133 854 122 327
141 885 114 328
138 898 130 326
132 831 122 333
121 1051 102 334
121 912 102 343
125 845 102 334
133 996 122 327
127 954 108 333
138 857 122 327
130 869 122 330
129 956 114 328
129 907 106 329
129 876 116 330
130 929 122 328
128 874 116 333
131 889 114 328
128 888 116 330
140 938 122 327
138 907 130 326
131 956 106 329
130 933 108 340
129 877 116 330
128 947 116 330
131 902 114 328
147 984 122 327
146 907 130 326
138 909 130 326
135 883 122 333
132 966 114 328
130 1058 122 341
130 903 124 338
144 919 118 335
137 925 130 331
131 897 116 336
141 923 114 328
135 935 114 328
138 890 130 332
135 927 122 329
144 944 114 328
141 927 130 326
136 980 114 328
135 954 116 338
135 922 124 335
133 1028 122 328
156 1098 116 336
142 933 130 326
140 1023 121 343
134 1142 123 331
136 993 122 329
150 965 130 326
150 961 130 332
147 992 130 326
139 1128 122 330
139 1027 122 342
143 1051 129 333
153 1012 130 326
148 1018 137 326
147 1126 129 348
