52480 570.114
132 912 130 326
130 936 130 326
130 936 130 326
86 660 63 348
81 679 63 348
81 625 72 342
75 626 66 344
124 838 122 327
122 862 122 327
116 793 114 328
114 817 114 328
108 761 106 329
80 644 65 347
106 777 106 329
102 698 100 332
132 912 130 326
122 862 122 327
98 751 98 330
95 672 92 333
75 629 72 343
81 627 72 340
78 638 78 339
89 648 86 336
87 632 80 339
81 631 67 343
96 729 90 331
84 669 84 335
92 688 92 333
101 735 98 330
90 731 90 332
124 838 122 327
114 817 114 328
100 714 100 332
76 634 72 340
82 636 80 339
86 664 86 336
116 793 114 328
106 777 106 329
90 666 84 334
78 627 72 341
84 638 78 337
108 761 106 329
96 727 90 332
90 733 90 331
78 646 78 337
102 698 100 332
98 751 98 330
92 688 92 333
90 665 84 335
84 670 84 334
84 637 78 338
81 626 72 341
81 625 72 342
78 639 78 338
100 741 98 330
99 750 98 330
93 687 92 333
88 650 86 336
100 714 100 332
90 733 90 331
84 670 84 334
94 678 92 333
76 632 67 343
84 636 78 339
79 643 78 337
87 658 86 336
101 735 98 330
95 672 92 333
89 648 86 336
88 650 86 336
87 658 86 336
78 646 78 337
99 750 98 330
94 678 92 333
93 687 92 333
90 665 84 335
86 664 86 336
79 643 78 337
100 741 98 330
78 639 78 338
96 729 90 331
96 727 90 332
90 731 90 332
81 631 67 343
78 628 72 340
90 666 84 334
84 669 84 335
84 637 78 338
84 636 78 339
132 912 130 326
132 912 130 326
132 912 130 326
132 912 130 326
132 912 130 326
132 912 130 326
132 912 130 326
132 912 130 326
132 912 130 326
132 912 130 326
132 912 130 326
132 912 130 326
132 912 130 326
132 912 130 326
132 912 130 326
132 912 130 326
132 912 130 326
132 912 130 326
132 912 130 326
132 912 130 326
132 912 130 326
132 912 130 326
132 912 130 326
132 912 130 326
132 912 130 326
132 912 130 326
132 912 130 326
132 912 130 326
132 912 130 326
132 912 130 326
132 912 130 326
132 912 130 326
132 912 130 326
132 912 130 326
132 912 130 326
132 912 130 326
132 912 130 326
132 912 130 326
132 912 130 326
132 912 130 326
132 912 130 326
132 912 130 326
132 912 130 326
132 912 130 326
132 912 130 326
132 912 130 326
132 912 130 326
132 912 130 326
132 912 130 326
132 912 130 326
132 912 130 326
132 912 130 326
132 912 130 326
132 912 130 326
132 912 130 326
132 912 130 326
132 912 130 326
132 912 130 326
132 912 130 326
132 912 130 326
132 912 130 326
132 912 130 326
132 912 130 326
132 912 130 326
132 912 130 326
132 912 130 326
132 912 130 326
132 912 130 326
132 912 130 326
132 912 130 326
132 912 130 326
132 912 130 326
132 912 130 326
132 912 130 326
132 912 130 326
130 936 130 326
130 936 130 326
124 838 122 327
79 643 78 337
78 639 78 338
132 919 130 326
130 942 130 326
92 691 66 344
84 639 78 337
124 839 122 327
108 781 106 329
90 734 90 331
97 713 94 335
116 799 114 328
115 826 114 328
102 704 100 332
101 748 98 330
93 648 86 336
124 839 122 327
132 919 130 326
96 703 84 336
106 791 106 329
105 743 84 335
124 839 122 327
132 920 130 326
130 943 130 326
87 653 78 338
91 696 78 337
124 847 122 327
94 737 92 333
102 736 102 335
123 815 114 328
106 748 100 332
113 833 98 330
114 752 108 331
132 920 130 326
115 835 114 328
106 806 106 329
111 794 106 329
110 774 106 330
116 819 114 328
111 773 108 331
110 805 106 329
133 925 130 326
132 926 130 326
132 926 130 326
94 724 78 338
124 870 122 327
101 752 92 333
106 740 94 336
116 844 114 328
110 776 108 331
120 841 114 328
102 744 102 335
102 747 100 333
113 784 106 330
106 834 106 329
108 796 108 332
111 817 106 329
112 800 106 329
106 800 100 332
132 930 130 326
105 779 92 333
104 764 102 334
114 804 106 329
124 880 122 327
122 850 114 328
125 873 122 327
113 865 100 332
124 844 114 328
110 813 108 331
110 778 110 333
114 786 108 331
112 811 108 331
113 801 108 331
132 931 130 326
132 931 130 326
114 788 102 336
109 826 92 333
108 813 100 333
124 882 122 327
124 865 122 328
114 828 106 329
112 803 102 334
115 800 108 331
118 820 116 330
110 800 110 333
124 868 114 328
118 820 116 330
136 942 130 326
132 973 130 326
118 808 108 331
114 854 106 329
110 818 110 333
124 883 122 327
124 879 122 328
122 823 116 330
116 834 116 330
126 852 124 329
116 814 108 331
133 949 130 326
126 852 124 329
134 983 130 326
118 818 116 332
116 826 108 331
112 827 110 333
124 890 122 327
116 854 114 329
116 847 116 330
128 894 122 327
126 873 124 329
118 831 108 332
116 862 108 331
118 848 116 330
118 877 114 329
120 875 114 329
118 831 116 331
130 908 122 327
129 941 122 327
125 881 124 329
118 837 108 332
122 880 116 330
126 872 116 331
125 926 108 331
124 884 124 329
132 910 122 327
130 945 122 327
127 919 124 329
124 884 116 330
120 838 118 332
130 944 122 328
134 889 116 330
132 924 122 327
132 912 130 327
120 838 118 333
132 921 130 327
