36261 1274.06
144 998 138 325
144 998 138 325
87 798 60 360
87 798 60 360
73 649 66 344
68 714 66 346
90 699 84 334
130 889 130 326
93 727 92 333
83 688 78 337
120 785 114 328
85 803 62 353
73 666 67 343
106 765 106 329
104 734 98 330
113 755 106 329
114 793 114 328
136 881 130 326
82 680 63 348
93 733 76 340
89 709 74 342
82 680 63 348
100 746 98 330
85 803 62 353
136 881 130 326
122 837 122 327
98 763 72 340
72 744 72 343
130 889 130 326
128 829 122 327
122 837 122 327
128 829 122 327
136 881 130 326
136 881 130 326
136 881 130 326
130 889 130 326
130 889 130 326
130 889 130 326
130 889 130 326
130 889 130 326
130 889 130 326
130 889 130 326
130 889 130 326
128 829 122 327
128 829 122 327
122 837 122 327
136 889 130 326
130 892 130 326
101 777 92 336
100 766 100 332
122 846 122 327
128 835 122 327
111 805 98 330
107 766 94 335
115 816 92 333
124 803 114 328
108 790 106 329
106 791 106 329
114 815 114 328
117 813 114 328
121 809 114 328
136 895 130 326
130 898 130 326
118 807 94 335
116 840 96 337
103 783 102 334
102 790 100 335
122 847 122 327
115 816 114 328
108 835 108 331
136 895 130 326
110 827 100 332
112 796 106 329
109 800 106 329
136 895 130 326
139 899 130 326
130 905 130 326
127 854 94 335
106 784 102 334
103 786 102 334
122 872 122 327
124 820 114 328
118 808 106 329
110 810 110 333
128 849 122 327
108 841 100 335
115 863 114 328
110 826 108 331
115 891 100 332
113 812 106 329
117 840 100 332
132 900 130 326
113 811 108 331
118 830 114 328
111 823 108 331
116 848 100 332
123 854 122 327
132 905 130 326
130 907 130 326
125 881 100 332
116 929 114 328
109 787 102 334
108 807 102 334
110 849 108 331
128 852 122 327
114 827 106 329
122 880 122 327
117 816 106 329
125 828 114 328
119 865 114 328
118 890 114 328
121 839 114 328
123 860 122 327
124 836 114 328
137 906 130 326
130 922 130 326
123 971 122 327
109 797 102 334
110 872 110 333
134 856 122 327
122 817 116 330
122 880 114 328
117 827 108 331
119 826 110 333
128 838 114 328
121 838 106 329
115 853 108 331
117 871 116 330
122 822 106 329
115 847 110 333
135 913 130 326
132 858 122 327
126 862 122 327
125 840 114 328
124 868 122 327
120 864 116 330
121 835 116 330
130 861 122 327
123 850 114 328
119 870 116 330
130 861 122 327
137 908 130 326
130 931 130 326
111 807 108 334
109 831 102 337
128 863 114 328
136 868 122 327
124 879 122 327
117 840 110 333
123 818 116 330
117 829 104 336
113 836 102 334
125 926 106 329
120 905 116 330
120 829 108 331
116 870 108 331
129 841 106 329
122 842 116 330
121 873 116 330
118 842 108 331
125 877 122 327
144 913 130 326
130 933 130 326
124 820 116 330
121 942 116 330
116 840 102 334
130 857 124 329
131 879 122 327
119 844 110 333
118 917 108 331
124 892 122 327
116 900 110 333
121 833 108 331
138 929 130 326
125 881 122 327
136 931 130 326
123 832 116 330
117 853 110 333
138 931 130 326
131 957 130 326
125 838 116 330
120 843 102 334
119 882 110 333
123 849 108 331
123 861 116 330
130 880 124 329
129 881 122 327
124 904 122 327
121 850 110 333
124 892 124 329
119 919 118 332
121 886 118 332
126 887 124 329
125 890 124 329
141 935 130 326
132 1002 130 326
123 845 102 334
119 923 118 332
121 860 110 333
123 851 108 331
138 950 130 326
135 887 122 327
124 911 122 327
125 895 124 329
131 880 124 329
133 983 130 326
123 877 116 330
127 846 116 330
130 886 124 329
125 869 116 330
126 849 116 330
130 889 122 327
143 942 130 326
134 1057 130 326
128 863 102 334
123 970 102 334
123 855 108 331
128 919 122 327
132 883 124 329
136 1015 130 326
124 948 124 329
136 870 116 330
124 885 116 330
138 964 130 326
131 893 122 327
125 901 124 329
130 896 122 327
131 873 116 330
124 867 102 334
138 967 130 326
125 895 102 334
124 862 108 331
129 898 116 330
137 894 122 327
125 941 124 329
131 893 124 329
129 928 122 327
131 901 122 327
126 914 124 329
130 909 122 327
130 900 124 329
149 968 130 326
138 970 130 326
131 906 102 334
129 863 108 331
124 865 118 332
140 908 122 327
127 881 110 333
131 894 124 329
126 935 116 333
126 917 124 329
138 940 122 327
130 967 122 327
130 915 116 330
146 972 130 326
142 1013 130 326
135 924 102 334
131 870 122 333
124 878 118 332
130 916 116 330
126 940 124 329
132 910 124 329
143 990 130 326
127 936 124 329
130 924 124 329
146 978 130 326
130 939 116 330
130 889 124 332
124 956 118 332
135 917 124 329
127 943 124 329
128 895 118 332
127 916 118 332
133 921 124 329
125 928 118 332
131 931 124 329
132 928 124 329
145 922 124 329
139 934 130 329
133 953 116 330
133 910 118 332
131 918 118 335
127 946 124 329
127 947 118 332
135 944 124 329
134 950 124 329
133 970 124 329
131 973 124 329
129 1003 124 329
135 952 124 329
133 972 124 329
132 976 124 329
131 982 124 329
137 963 124 329
136 974 124 329
132 977 124 329
144 980 124 329
139 1000 124 329
136 1007 124 329
147 1056 124 329
144 998 138 325
144 998 138 325
87 798 60 360
87 798 60 360
73 649 66 344
68 714 66 346
130 889 130 326
93 727 92 333
93 733 76 340
106 765 106 329
120 785 114 328
85 803 62 353
104 734 98 330
72 744 72 343
113 755 106 329
99 745 98 330
78 711 78 337
90 699 84 334
114 793 114 328
73 666 67 343
136 881 130 326
83 688 78 337
82 680 63 348
85 803 62 353
136 881 130 326
122 837 122 327
130 889 130 326
128 829 122 327
122 837 122 327
90 699 84 334
82 680 63 348
128 829 122 327
136 881 130 326
136 881 130 326
130 889 130 326
130 889 130 326
130 889 130 326
130 889 130 326
130 889 130 326
128 829 122 327
122 837 122 327
122 837 122 327
122 837 122 327
122 837 122 327
122 837 122 327
122 837 122 327
122 837 122 327
122 837 122 327
122 837 122 327
122 837 122 327
136 889 130 326
130 895 130 326
105 786 94 335
111 796 100 332
114 813 114 328
123 810 116 330
122 827 106 329
121 825 108 331
122 841 122 327
128 833 122 327
124 806 114 328
119 827 108 331
122 841 122 327
131 892 130 326
128 833 122 327
123 840 122 327
131 892 130 326
131 892 130 326
131 892 130 326
137 892 130 326
130 897 130 326
127 876 94 335
115 799 102 334
111 812 102 334
115 830 100 333
116 850 108 332
116 827 116 330
122 843 122 327
124 861 106 330
122 843 122 327
116 821 110 333
117 813 114 328
119 869 108 331
125 826 108 331
117 813 114 328
136 895 130 326
121 861 108 331
137 892 130 326
136 895 130 326
136 897 130 326
130 905 130 326
130 905 130 326
116 808 102 334
111 842 102 334
120 875 108 331
128 852 108 331
117 820 116 330
117 823 110 333
123 844 122 327
118 814 114 328
117 828 114 328
136 897 130 326
122 845 122 327
122 845 122 327
123 844 122 327
136 897 130 326
136 897 130 326
136 897 130 326
130 905 130 326
130 905 130 326
130 905 130 326
130 905 130 326
130 905 130 326
136 905 130 326
130 917 130 326
118 818 102 334
118 816 114 328
117 826 110 333
120 876 108 331
122 847 122 327
123 846 122 327
117 844 114 328
131 908 130 326
131 908 130 326
123 846 122 327
137 908 130 326
130 927 130 326
124 819 116 330
120 825 102 334
118 835 102 334
117 853 110 334
126 901 108 331
122 878 122 327
129 846 122 327
119 865 110 333
121 914 108 331
120 855 114 328
131 916 130 326
118 852 116 330
122 825 114 328
136 911 130 326
122 833 110 333
121 833 114 328
120 836 110 333
123 848 122 327
120 827 116 330
123 848 122 327
123 848 122 327
123 848 122 327
123 848 122 327
123 848 122 327
137 914 130 326
130 931 130 326
124 849 102 334
123 899 102 334
122 827 116 330
120 866 118 332
121 864 114 329
126 853 110 333
129 850 122 327
131 922 130 326
128 840 110 333
127 835 114 328
136 917 130 326
122 841 122 328
122 905 122 327
123 854 122 327
123 851 114 328
134 926 130 326
130 943 130 326
130 943 130 326
128 829 116 330
126 904 102 334
125 909 112 335
121 914 118 332
123 856 122 327
126 859 110 333
127 880 102 334
122 878 122 328
129 835 114 328
123 892 114 328
129 849 110 333
122 839 116 330
127 839 114 328
137 928 130 326
131 945 130 326
130 856 110 333
128 902 110 333
128 840 116 330
122 841 116 330
124 857 124 329
137 856 122 327
123 858 122 327
123 858 122 327
128 842 114 328
128 842 114 328
124 857 124 329
122 841 116 330
124 857 124 329
124 857 124 329
138 928 130 326
133 980 130 326
128 847 116 330
122 855 116 330
123 871 122 327
131 850 124 329
125 865 122 327
124 859 124 329
136 947 130 326
139 935 130 326
137 1000 130 326
128 849 116 330
122 865 116 331
129 876 122 327
124 884 122 327
125 860 124 329
125 860 124 329
138 960 130 326
123 858 116 330
125 860 124 329
139 959 130 326
139 959 130 326
129 850 116 330
124 862 118 332
122 931 116 331
130 879 122 327
124 901 122 327
130 863 124 329
124 887 124 329
126 869 116 330
124 885 116 330
125 874 124 329
129 887 122 327
130 863 124 329
132 885 122 327
131 867 124 329
129 852 116 330
126 872 118 332
125 911 122 327
124 896 116 330
125 879 124 329
125 884 118 332
126 879 116 330
130 890 122 327
129 893 122 327
130 877 124 329
130 877 124 329
125 879 124 329
132 869 124 329
129 897 122 327
129 854 116 330
126 902 116 330
126 884 118 332
125 892 118 332
126 898 124 329
131 888 124 329
130 889 124 329
130 889 124 329
131 889 124 329
130 859 116 330
129 948 116 330
129 899 122 327
125 897 118 332
131 911 122 327
131 892 124 329
130 888 118 332
129 913 122 327
125 907 118 332
137 892 124 329
136 911 130 327
135 902 118 332
125 929 118 332
130 917 124 329
127 911 118 332
134 900 124 329
132 904 118 332
131 904 124 329
132 904 118 332
141 899 124 329
139 967 130 327
132 906 118 332
125 937 118 332
130 931 124 329
134 914 124 330
137 911 124 329
129 914 118 332
140 902 124 329
140 930 124 329
133 931 118 332
131 945 124 329
127 946 118 332
131 936 118 332
145 932 124 329
133 952 124 329
133 952 118 332
142 933 124 329
140 952 124 329
137 982 130 329
133 953 118 332
141 972 124 329
144 998 138 325
144 998 138 325
87 798 60 360
87 798 60 360
73 649 66 344
68 714 66 346
130 889 130 326
82 680 63 348
106 765 106 329
93 727 92 333
87 714 86 336
120 785 114 328
85 803 62 353
83 688 78 337
113 755 106 329
89 709 74 342
114 793 114 328
73 666 67 343
136 881 130 326
96 727 90 331
104 734 98 330
93 733 76 340
99 745 98 330
72 744 72 343
85 803 62 353
136 881 130 326
122 837 122 327
78 711 78 337
130 889 130 326
128 829 122 327
122 837 122 327
128 829 122 327
136 881 130 326
136 881 130 326
136 881 130 326
136 881 130 326
136 881 130 326
136 881 130 326
136 881 130 326
136 881 130 326
136 881 130 326
136 881 130 326
136 881 130 326
136 881 130 326
136 881 130 326
136 881 130 326
136 881 130 326
136 881 130 326
136 881 130 326
136 881 130 326
136 881 130 326
136 881 130 326
136 881 130 326
130 889 130 326
130 889 130 326
130 889 130 326
130 889 130 326
130 889 130 326
130 889 130 326
130 889 130 326
130 889 130 326
130 889 130 326
130 889 130 326
130 889 130 326
130 889 130 326
130 889 130 326
130 889 130 326
130 889 130 326
130 889 130 326
130 889 130 326
130 889 130 326
130 889 130 326
130 889 130 326
130 889 130 326
130 889 130 326
130 889 130 326
130 889 130 326
130 889 130 326
130 889 130 326
130 889 130 326
130 889 130 326
130 889 130 326
130 889 130 326
130 889 130 326
130 889 130 326
130 889 130 326
130 889 130 326
130 889 130 326
128 829 122 327
122 837 122 327
122 837 122 327
122 837 122 327
122 837 122 327
137 892 130 326
130 902 130 326
123 847 88 338
108 774 102 334
111 792 94 335
120 828 114 328
128 837 122 327
116 808 110 333
117 833 100 332
122 842 122 327
111 834 108 332
116 819 116 330
117 811 116 330
114 824 108 331
136 895 130 326
115 811 108 331
136 895 130 326
123 840 122 327
136 895 130 326
136 895 130 326
136 895 130 326
137 898 130 326
130 905 130 326
130 905 130 326
120 828 96 337
117 844 94 335
110 778 102 334
108 810 102 335
116 809 110 333
122 861 122 327
121 833 114 328
128 846 100 333
129 840 122 327
118 812 116 330
117 812 108 332
124 820 108 331
120 831 94 335
116 823 116 330
123 849 122 327
117 826 108 331
123 821 108 331
121 825 108 331
116 823 116 330
130 905 130 326
130 905 130 326
138 901 130 326
130 907 130 326
128 905 94 335
113 790 102 334
109 810 102 335
124 857 122 327
117 839 108 332
127 835 114 328
111 791 102 334
125 821 108 331
117 820 110 333
121 842 114 328
124 818 110 333
122 829 116 330
136 905 130 326
123 872 122 327
123 872 122 327
118 812 116 331
118 850 116 330
122 841 122 328
120 845 116 330
118 850 116 330
122 828 108 331
118 831 108 331
133 913 130 326
131 924 130 326
115 799 102 334
113 832 102 334
124 864 122 327
123 903 122 327
129 835 114 328
117 821 110 333
119 858 108 331
120 850 108 332
118 812 116 333
122 839 116 330
123 843 114 328
118 856 116 330
122 846 108 331
132 915 130 326
122 819 116 331
137 914 130 326
136 925 130 326
118 811 102 334
115 839 102 334
124 871 122 327
132 883 114 328
130 857 124 329
118 856 118 332
129 859 108 332
119 885 116 330
118 822 110 333
119 866 108 331
131 871 114 329
116 832 110 334
123 840 116 330
120 863 116 331
122 841 116 330
121 874 116 330
117 820 102 334
123 863 108 332
137 922 130 326
127 958 122 328
121 822 110 333
120 825 102 334
118 850 102 334
129 876 122 327
127 925 124 329
129 840 116 331
120 911 116 330
124 870 108 331
118 850 110 333
120 875 116 331
125 846 116 330
123 854 116 330
124 852 116 330
132 876 122 327
131 877 124 329
129 881 122 327
123 851 102 334
122 833 110 333
121 910 118 332
119 878 102 334
118 872 110 333
125 874 108 331
128 847 116 330
123 856 116 330
120 865 102 334
119 863 110 333
139 915 130 327
130 934 122 327
129 843 110 334
123 871 102 334
132 903 122 328
128 847 116 331
124 860 102 334
131 880 124 329
132 877 108 332
130 895 108 331
130 889 124 329
131 927 122 328
124 856 110 333
124 856 116 330
124 856 116 330
124 856 110 333
142 986 108 331
136 889 124 329
130 927 124 329
124 864 102 334
124 858 110 333
128 861 116 330
124 866 116 330
136 895 124 329
131 964 124 329
127 878 102 335
125 863 110 333
124 873 118 332
124 913 116 331
128 878 102 334
126 866 118 332
126 872 116 330
125 863 110 333
138 905 124 329
137 932 124 329
136 895 130 329
129 874 116 330
128 880 110 334
126 881 110 333
126 898 118 332
126 906 116 330
128 893 116 330
137 948 124 329
129 881 116 330
127 884 110 333
127 913 118 332
127 915 124 330
132 884 118 332
131 941 110 333
129 887 116 330
128 940 110 334
127 930 118 332
139 991 110 333
130 889 124 330
130 887 116 331
127 931 118 332
130 891 116 330
129 927 118 332
132 903 124 330
131 906 116 330
130 901 116 331
136 914 116 330
133 932 116 330
132 904 118 332
130 908 124 332
135 925 116 331
137 927 116 330
136 965 118 332
140 969 116 330
138 953 118 338
137 973 118 332
141 1010 118 332
141 1021 118 332
