19619 120.016
80 985 70 374
95 1167 91 344
88 904 85 359
104 1217 60 384
105 1214 86 343
99 1022 61 403
115 1279 63 358
112 1300 68 354
94 1017 62 386
112 1300 68 354
114 1132 85 347
104 1217 60 384
86 911 80 373
83 913 74 363
103 1157 91 345
89 936 87 357
95 988 70 362
82 1038 66 380
113 1141 78 347
99 1130 72 351
93 1055 66 361
96 1102 67 356
81 949 79 382
108 1057 72 357
109 1043 63 363
110 1193 62 370
100 1078 72 353
112 1300 68 354
111 1148 71 352
86 946 63 369
111 1148 71 352
109 1043 63 363
92 1067 63 363
80 985 70 374
109 1043 63 363
98 1154 62 376
106 1200 68 355
85 982 73 367
110 1193 62 370
89 936 87 357
98 956 67 365
84 963 78 357
81 949 79 382
89 936 87 357
90 1042 66 363
88 919 72 362
81 949 79 382
103 1093 62 385
88 904 85 359
100 1078 72 353
103 1093 62 385
105 1214 86 343
86 911 80 373
103 1093 62 385
97 1060 63 364
92 1008 79 355
86 911 80 373
89 936 87 357
83 1010 78 351
83 1010 78 351
92 1067 63 363
113 1208 66 354
98 956 67 365
83 913 74 363
93 1055 66 361
97 1179 78 348
94 1017 62 386
106 1200 68 355
96 1212 85 350
109 1043 63 363
83 913 74 363
113 1208 66 354
96 1212 85 350
103 1093 62 385
94 1017 62 386
80 985 70 374
104 1217 60 384
113 1141 78 347
103 1093 62 385
80 985 70 374
97 1179 78 348
109 1043 63 363
90 1042 66 363
83 1010 78 351
103 1093 62 385
97 1179 78 348
82 1038 66 380
103 1093 62 385
108 1057 72 357
96 1212 85 350
98 1154 62 376
81 949 79 382
104 1217 60 384
96 1212 85 350
96 1102 67 356
83 1010 78 351
101 1155 80 348
95 957 68 363
84 963 78 357
109 1043 63 363
89 936 87 357
93 1055 66 361
93 976 67 368
114 1132 85 347
104 1217 60 384
105 1130 63 360
83 913 74 363
114 1132 85 347
100 1078 72 353
88 919 72 362
82 1038 66 380
89 936 87 357
86 946 63 369
96 1212 85 350
113 1141 78 347
81 949 79 382
114 1132 85 347
113 1141 78 347
114 1132 85 347
113 1141 78 347
86 946 63 369
104 1075 66 356
105 1214 86 343
92 1008 79 355
106 1200 68 355
114 1132 85 347
100 944 68 362
113 1141 78 347
93 1055 66 361
83 913 74 363
88 904 85 359
113 1208 66 354
88 904 85 359
104 1217 60 384
100 1078 72 353
92 1008 79 355
99 1130 72 351
104 1217 60 384
88 904 85 359
83 1010 78 351
115 1279 63 358
82 1038 66 380
93 1055 66 361
94 1017 62 386
80 985 70 374
82 1038 66 380
93 976 67 368
103 1093 62 385
104 1217 60 384
103 1149 62 373
92 1067 63 363
84 963 78 357
110 1193 62 370
85 982 73 367
90 1042 66 363
106 1200 68 355
93 1055 66 361
96 1212 85 350
100 1078 72 353
100 1078 72 353
81 949 79 382
89 1024 67 360
105 1130 63 360
98 1154 62 376
95 957 68 363
89 936 87 357
112 1300 68 354
88 904 85 359
81 949 79 382
88 919 72 362
88 904 85 359
114 1132 85 347
82 1038 66 380
115 1279 63 358
92 1008 79 355
99 1130 72 351
86 946 63 369
112 1300 68 354
105 1130 63 360
97 1179 78 348
86 946 63 369
96 1212 85 350
88 919 72 362
112 1300 68 354
96 1212 85 350
89 936 87 357
110 1193 62 370
88 904 85 359
85 982 73 367
93 976 67 368
104 1217 60 384
88 904 85 359
86 911 80 373
103 1157 91 345
82 1038 66 380
112 1300 68 354
114 1132 85 347
105 1130 63 360
114 1132 85 347
88 904 85 359
90 1042 66 363
100 1078 72 353
110 1193 62 370
98 1154 62 376
105 1130 63 360
95 1167 91 344
80 985 70 374
84 963 78 357
99 1022 61 403
96 1212 85 350
112 1300 68 354
106 1200 68 355
104 1217 60 384
97 1179 78 348
81 949 79 382
93 976 67 368
89 936 87 357
104 1217 60 384
86 911 80 373
105 1214 86 343
115 1279 63 358
111 1148 71 352
94 1017 62 386
104 1217 60 384
90 1042 66 363
92 1008 79 355
86 911 80 373
88 904 85 359
83 1010 78 351
115 1279 63 358
109 1043 63 363
93 1055 66 361
88 904 85 359
97 1179 78 348
80 985 70 374
103 1093 62 385
103 1093 62 385
103 1149 62 373
113 1141 78 347
84 963 78 357
94 1017 62 386
90 1042 66 363
108 1057 72 357
104 1217 60 384
89 936 87 357
93 1055 66 361
93 976 67 368
105 1130 63 360
82 1038 66 380
95 988 70 362
86 946 63 369
98 1154 62 376
96 1212 85 350
113 1141 78 347
103 1093 62 385
104 1075 66 356
103 1157 91 345
92 1008 79 355
114 1132 85 347
97 1179 78 348
83 913 74 363
113 1208 66 354
105 1130 63 360
104 1217 60 384
88 904 85 359
86 911 80 373
82 1038 66 380
114 1132 85 347
84 963 78 357
90 1042 66 363
83 1010 78 351
98 1154 62 376
104 1217 60 384
86 911 80 373
92 1008 79 355
96 1212 85 350
106 1200 68 355
104 1217 60 384
97 1179 78 348
93 976 67 368
104 1217 60 384
86 911 80 373
82 1038 66 380
100 1078 72 353
81 949 79 382
89 1024 67 360
94 1017 62 386
98 1154 62 376
112 1300 68 354
88 904 85 359
81 949 79 382
97 1179 78 348
115 1279 63 358
99 1130 72 351
105 1130 63 360
97 1179 78 348
86 946 63 369
96 1212 85 350
89 936 87 357
113 1208 66 354
