145125 1500.17
139 966 138 325
138 1007 138 325
138 1007 138 325
101 818 63 353
92 853 69 356
89 673 78 337
79 713 74 342
115 779 114 328
131 885 130 326
123 822 122 327
122 863 122 327
130 926 130 326
107 741 106 329
114 818 114 328
106 778 106 329
89 930 69 348
90 770 90 333
100 720 98 330
98 752 98 330
93 811 68 354
90 921 90 331
85 693 78 337
139 966 138 325
93 856 66 353
89 673 78 337
96 695 92 333
86 698 86 336
103 772 66 344
90 686 86 336
81 706 80 340
99 734 66 350
82 691 74 345
92 687 84 334
99 734 66 350
92 853 69 356
91 841 71 345
100 715 90 331
93 811 68 354
91 841 71 345
92 682 72 340
101 818 63 353
89 700 84 334
82 684 80 339
96 748 65 347
82 684 80 339
131 885 130 326
122 863 122 327
103 772 66 344
79 713 74 342
98 752 98 330
95 692 67 343
96 748 65 347
101 738 66 346
94 738 67 346
89 930 69 348
88 718 72 340
95 692 67 343
92 721 92 333
82 691 74 345
92 682 72 340
86 698 86 336
93 856 66 353
81 706 80 340
90 921 90 331
130 926 130 326
123 822 122 327
114 818 114 328
107 741 106 329
100 715 90 331
99 746 98 330
96 695 92 333
93 720 92 333
88 718 72 340
85 693 78 337
94 727 90 331
106 778 106 329
94 696 92 333
94 727 90 331
89 700 84 334
94 738 67 346
99 746 98 330
94 696 92 333
90 770 90 333
92 687 84 334
139 966 138 325
139 966 138 325
139 966 138 325
139 966 138 325
139 966 138 325
139 966 138 325
139 966 138 325
139 966 138 325
139 966 138 325
139 966 138 325
139 966 138 325
139 966 138 325
139 966 138 325
139 966 138 325
139 966 138 325
139 966 138 325
139 966 138 325
139 966 138 325
139 966 138 325
139 966 138 325
139 966 138 325
139 966 138 325
139 966 138 325
139 966 138 325
139 966 138 325
139 966 138 325
139 966 138 325
139 966 138 325
139 966 138 325
139 966 138 325
139 966 138 325
139 966 138 325
139 966 138 325
139 966 138 325
139 966 138 325
139 966 138 325
139 966 138 325
139 966 138 325
139 966 138 325
139 966 138 325
139 966 138 325
139 966 138 325
139 966 138 325
139 966 138 325
139 966 138 325
139 966 138 325
139 966 138 325
139 966 138 325
139 966 138 325
139 966 138 325
139 966 138 325
139 966 138 325
139 966 138 325
139 966 138 325
139 966 138 325
139 966 138 325
139 966 138 325
139 966 138 325
139 966 138 325
139 966 138 325
139 966 138 325
139 966 138 325
139 966 138 325
139 966 138 325
139 966 138 325
139 966 138 325
139 966 138 325
139 966 138 325
139 966 138 325
139 966 138 325
139 966 138 325
139 966 138 325
139 966 138 325
139 966 138 325
139 966 138 325
139 966 138 325
139 966 138 325
139 966 138 325
139 966 138 325
139 966 138 325
139 966 138 325
139 966 138 325
139 966 138 325
139 966 138 325
139 966 138 325
139 966 138 325
139 966 138 325
139 966 138 325
139 966 138 325
139 966 138 325
139 966 138 325
139 966 138 325
139 966 138 325
139 966 138 325
139 966 138 325
139 966 138 325
139 966 138 325
139 966 138 325
139 966 138 325
139 966 138 325
139 966 138 325
139 966 138 325
139 966 138 325
139 966 138 325
139 966 138 325
139 966 138 325
139 966 138 325
139 966 138 325
139 966 138 325
139 966 138 325
139 966 138 325
139 966 138 325
139 966 138 325
139 966 138 325
139 966 138 325
139 966 138 325
139 966 138 325
139 966 138 325
139 966 138 325
138 1007 138 325
138 1007 138 325
131 885 130 326
139 968 138 325
138 1075 138 325
92 722 92 333
92 722 92 333
115 837 114 328
108 760 106 329
123 831 122 327
106 792 106 329
131 893 130 326
130 959 130 326
144 1017 138 325
104 725 92 333
100 798 94 335
131 918 130 326
102 937 100 334
123 875 122 327
113 783 108 331
119 799 116 330
108 822 106 329
116 865 114 328
122 857 114 328
110 812 108 331
113 818 106 329
147 1041 145 325
114 782 110 333
100 920 94 338
132 919 130 326
118 882 114 328
107 832 102 334
128 894 122 327
123 917 122 327
111 816 96 337
116 819 108 331
116 824 106 329
110 848 110 333
121 896 100 333
114 801 94 335
113 842 94 335
112 834 110 333
132 955 130 326
120 816 96 338
118 929 94 335
108 931 102 335
115 876 110 333
126 878 124 329
122 898 114 328
126 818 102 335
121 842 108 331
123 946 122 327
119 865 118 332
120 854 116 330
120 837 102 334
118 940 118 332
118 948 116 330
133 912 132 328
132 971 122 327
132 970 130 326
127 847 104 336
118 961 108 340
119 879 110 333
129 874 116 330
130 895 124 329
121 955 116 330
123 880 118 332
124 947 124 329
125 924 124 329
131 959 122 328
122 889 116 330
127 880 116 330
136 988 130 326
133 918 132 328
132 1006 132 328
126 879 110 333
123 882 118 332
125 903 116 330
124 939 124 330
125 925 124 329
125 891 123 330
139 1037 137 326
139 990 138 326
128 893 118 332
126 927 110 333
125 968 116 331
133 925 132 328
133 945 124 329
126 947 124 329
147 1015 132 328
132 925 118 338
131 1035 118 335
130 965 124 329
139 954 126 331
136 950 118 332
139 957 126 331
131 987 130 329
