4540 120.015
103 1050 89 417
119 1230 77 383
126 1390 68 396
129 1255 98 339
104 1072 79 359
105 1110 90 336
121 1362 112 339
120 1440 104 367
133 1384 128 356
121 1339 105 338
113 1346 80 353
135 1500 98 355
115 1226 99 343
121 1271 92 341
96 1103 63 396
113 1285 81 373
110 1350 97 399
110 1124 88 392
94 939 84 350
121 1404 67 382
132 1577 120 342
133 1442 76 420
127 1366 99 338
117 1338 76 392
117 1323 86 367
132 1491 67 376
123 1242 92 365
118 1061 91 347
150 1471 80 401
151 1646 92 370
122 1294 85 362
122 1275 86 348
100 1255 67 394
108 1193 78 366
132 1347 66 354
118 1294 112 344
100 1143 73 354
92 1052 79 376
104 1056 78 399
123 1268 73 349
125 1343 80 363
151 1490 128 339
125 1134 69 357
127 1371 75 406
136 1344 72 378
125 1303 97 356
129 1365 87 360
112 1086 66 364
122 1267 87 377
131 1470 93 354
96 1093 91 349
134 1597 85 361
113 1215 68 373
99 1005 73 357
142 1610 86 410
106 1209 80 374
131 1354 72 386
144 1568 92 383
147 1437 91 349
114 1078 66 378
98 976 72 349
112 1035 79 354
144 1574 96 398
107 963 78 346
96 884 63 355
158 1741 96 397
101 1176 74 358
122 1378 67 366
109 1134 92 344
122 1272 112 338
132 1436 96 353
112 1386 83 380
139 1564 97 355
116 1162 80 355
98 1167 73 362
119 1232 79 355
134 1343 79 361
134 1357 92 369
114 1217 72 377
119 1305 74 386
132 1594 86 378
111 1296 91 363
114 1347 71 390
146 1585 67 402
123 1264 103 341
150 1675 106 353
126 1521 85 390
136 1362 117 430
101 1045 92 376
115 1282 93 349
119 1372 106 345
139 1353 93 355
109 1106 91 344
115 1254 97 368
120 1349 97 344
142 1506 97 342
115 1405 73 370
134 1358 85 354
126 1543 73 392
93 929 91 337
114 1301 106 347
122 1123 93 371
105 1355 79 389
122 1297 83 383
117 1256 107 343
152 1709 102 384
106 1238 91 352
114 1170 90 335
119 1254 91 357
124 1423 90 393
104 1092 80 372
111 1226 104 370
104 1100 66 358
123 1362 93 405
105 1168 86 369
109 1220 77 421
121 1317 74 385
118 1400 97 347
134 1425 69 365
121 1316 69 381
101 1182 66 369
104 1049 91 340
108 1116 72 375
117 1130 73 349
124 1363 93 364
121 1211 80 380
113 1393 113 344
115 1297 71 400
135 1515 99 344
117 1185 78 420
118 1131 71 378
125 1369 89 383
128 1312 92 363
119 1424 99 383
96 1153 74 378
152 1637 97 364
124 1336 78 398
112 1137 70 375
121 1326 107 359
137 1457 98 380
126 1275 112 337
93 1000 80 398
106 1198 87 417
102 1316 81 372
97 1018 67 359
151 1783 91 362
120 1366 74 365
181 2162 127 397
134 1610 106 354
118 1326 106 342
122 1302 85 349
119 1224 68 414
140 1765 98 383
101 1062 89 386
109 1046 84 340
117 1315 80 367
101 1243 77 409
143 1472 142 345
100 1201 66 354
115 1335 115 354
129 1643 65 395
97 1173 73 364
117 1388 100 359
106 1138 98 359
105 1081 91 351
115 1293 83 432
138 1395 95 376
126 1518 90 362
108 1117 73 354
127 1360 86 407
133 1283 88 365
89 965 73 357
100 1135 91 340
115 1312 68 385
113 1177 91 357
118 1277 81 363
115 1229 97 350
116 1305 82 366
122 1464 86 351
141 1629 95 423
113 1204 104 349
142 1539 105 346
114 1149 72 360
141 1654 101 378
113 1211 73 357
120 1416 88 409
110 1361 79 416
104 1108 91 358
117 1138 79 355
118 1301 91 352
108 1293 74 370
117 1298 92 371
132 1437 70 405
131 1525 73 380
154 1732 95 399
106 1034 73 367
120 1378 79 397
133 1533 79 382
128 1342 106 354
110 1111 91 363
111 1120 80 386
100 1100 79 355
124 1228 91 339
102 966 85 343
127 1523 85 395
106 1188 68 407
114 1142 80 381
116 1215 80 379
115 1285 85 391
124 1421 86 366
122 1471 74 408
130 1380 85 345
123 1324 92 377
114 1248 79 363
108 1146 89 399
127 1412 98 345
131 1405 104 364
122 1437 82 415
99 1022 91 352
95 997 85 365
121 1394 78 372
101 1163 86 361
106 1147 67 357
131 1454 102 371
121 1394 71 411
129 1370 77 420
132 1420 87 404
103 1190 73 372
97 1251 60 399
121 1333 78 384
97 1119 73 365
105 1207 73 362
105 1268 60 403
113 1318 66 390
133 1573 97 402
125 1070 84 356
110 1160 91 360
108 1063 91 342
110 1136 74 370
129 1549 63 397
115 1283 103 401
90 891 67 350
112 1188 111 340
109 1164 73 376
149 1765 107 381
107 1164 91 362
149 1604 73 405
132 1448 97 399
128 1451 107 341
108 1159 98 341
132 1627 74 365
124 1414 98 362
97 1024 66 354
146 1521 91 379
109 1235 61 405
118 1105 79 352
134 1508 114 339
121 1212 86 351
119 1403 113 345
122 1247 115 337
135 1394 105 379
120 1454 92 353
104 1168 84 350
108 1175 98 345
105 1234 74 363
91 939 85 344
102 1045 78 344
147 1488 92 375
121 1244 86 407
107 1196 94 415
92 1079 72 354
100 1108 61 373
118 1345 100 374
107 1316 66 358
134 1464 105 392
132 1445 90 376
105 976 72 363
101 1013 79 359
160 1788 107 410
127 1194 91 349
106 1003 74 353
98 1146 77 390
110 1227 84 389
140 1461 83 405
102 1126 79 350
91 1149 77 396
168 1997 97 402
106 1191 65 408
121 1266 67 412
164 1859 101 397
104 1185 80 355
130 1344 75 381
137 1651 102 405
116 1293 69 380
117 1188 75 370
109 1126 98 350
118 1166 103 361
115 1234 77 365
130 1414 77 386
133 1183 87 350
