22831 120.015
80 889 73 366
108 1180 61 392
108 1180 61 392
109 1330 78 344
114 1210 63 350
105 1204 97 339
80 952 66 359
110 1245 74 345
103 1117 91 343
97 1140 79 345
105 1204 97 339
108 1151 85 340
109 1330 78 344
90 1027 63 384
84 906 66 374
90 1027 63 384
94 969 92 347
104 1093 84 343
95 1059 63 358
89 925 72 366
109 1154 78 345
100 1048 68 348
108 1180 61 392
94 1031 65 361
91 903 68 370
94 1031 65 361
80 889 73 366
105 1053 85 342
88 963 73 356
110 1217 84 341
113 1233 72 345
97 1093 69 350
87 973 79 353
82 1003 79 346
84 998 72 349
105 1162 91 340
99 1055 63 352
90 1064 63 369
97 1093 69 350
84 906 66 374
89 926 67 372
99 1173 66 350
102 1093 85 344
80 889 73 366
104 1127 67 348
83 986 79 354
94 1007 62 373
94 1007 62 373
92 1019 63 367
82 1003 79 346
108 1180 61 392
104 1093 84 343
103 1117 91 343
88 963 73 356
92 1019 63 367
86 936 79 355
82 1003 79 346
104 1127 67 348
90 1064 63 369
85 1011 66 358
83 986 79 354
98 1132 91 342
92 1019 63 367
110 1245 74 345
99 1204 85 342
105 1162 91 340
113 1233 72 345
110 1217 84 341
80 952 66 359
80 952 66 359
94 1031 65 361
86 936 79 355
84 1038 68 357
82 1003 79 346
87 973 79 353
90 1027 63 384
97 1093 69 350
108 1151 85 340
92 1211 85 343
93 1012 66 355
87 973 79 353
110 1217 84 341
80 889 73 366
89 926 67 372
114 1210 63 350
80 889 73 366
108 1151 85 340
93 949 66 357
83 986 79 354
86 936 79 355
103 1117 91 343
94 969 92 347
99 1204 85 342
93 1019 65 366
98 1132 91 342
84 906 66 374
90 1064 63 369
109 1330 78 344
113 1233 72 345
93 1019 65 366
89 925 72 366
84 1038 68 357
102 1093 85 344
85 1011 66 358
98 1132 91 342
90 1064 63 369
85 1011 66 358
94 1031 65 361
92 1019 63 367
80 889 73 366
109 1154 78 345
100 1048 68 348
94 1031 65 361
94 969 92 347
88 963 73 356
90 1064 63 369
109 1154 78 345
87 973 79 353
110 1245 74 345
110 1229 78 344
108 1151 85 340
104 1093 84 343
99 1055 63 352
83 986 79 354
109 1330 78 344
82 1003 79 346
84 906 66 374
94 969 92 347
89 926 67 372
88 963 73 356
97 1093 69 350
86 936 79 355
109 1330 78 344
109 1330 78 344
84 1038 68 357
100 1048 68 348
109 1154 78 345
87 973 79 353
84 1038 68 357
84 998 72 349
100 1048 68 348
84 906 66 374
109 1330 78 344
104 1127 67 348
88 963 73 356
94 1031 65 361
84 1038 68 357
102 1093 85 344
85 1011 66 358
100 1048 68 348
87 973 79 353
80 889 73 366
89 925 72 366
103 1117 91 343
84 906 66 374
97 1140 79 345
103 1117 91 343
100 1048 68 348
82 1003 79 346
82 1003 79 346
92 1019 63 367
80 952 66 359
82 1003 79 346
84 1038 68 357
114 1210 63 350
110 1245 74 345
105 1204 97 339
109 1330 78 344
87 973 79 353
104 1127 67 348
87 973 79 353
99 1055 63 352
90 1064 63 369
92 1019 63 367
94 969 92 347
108 1180 61 392
110 1245 74 345
103 1117 91 343
109 1330 78 344
94 969 92 347
100 1048 68 348
92 1019 63 367
97 1093 69 350
97 1093 69 350
108 1180 61 392
90 1027 63 384
97 1140 79 345
89 925 72 366
99 1204 85 342
94 969 92 347
92 1019 63 367
90 1027 63 384
105 1162 91 340
108 1180 61 392
99 1204 85 342
94 1031 65 361
97 1093 69 350
109 1154 78 345
104 1127 67 348
84 906 66 374
105 1162 91 340
109 1154 78 345
91 903 68 370
109 1330 78 344
88 963 73 356
80 889 73 366
105 1053 85 342
110 1245 74 345
98 1132 91 342
90 1027 63 384
110 1217 84 341
113 1233 72 345
93 949 66 357
80 889 73 366
83 986 79 354
108 1151 85 340
105 1204 97 339
97 1140 79 345
80 889 73 366
94 1031 65 361
84 1038 68 357
89 926 67 372
85 1011 66 358
80 889 73 366
87 973 79 353
89 925 72 366
103 1117 91 343
84 906 66 374
100 1048 68 348
103 1117 91 343
93 1012 66 355
92 1211 85 343
82 1003 79 346
97 1093 69 350
80 952 66 359
82 1003 79 346
84 1038 68 357
114 1210 63 350
99 1055 63 352
85 1011 66 358
85 1011 66 358
92 1019 63 367
80 889 73 366
89 925 72 366
88 963 73 356
90 1064 63 369
113 1233 72 345
110 1229 78 344
108 1151 85 340
110 1245 74 345
82 1003 79 346
93 1019 65 366
94 969 92 347
103 1117 91 343
88 963 73 356
109 1330 78 344
93 949 66 357
84 1038 68 357
84 998 72 349
80 889 73 366
90 1027 63 384
104 1093 84 343
108 1180 61 392
104 1127 67 348
94 1007 62 373
94 1007 62 373
109 1154 78 345
98 1132 91 342
109 1330 78 344
88 963 73 356
92 1019 63 367
104 1127 67 348
110 1245 74 345
99 1173 66 350
90 1027 63 384
110 1217 84 341
113 1233 72 345
93 949 66 357
89 926 67 372
83 986 79 354
113 1233 72 345
90 1027 63 384
104 1127 67 348
87 973 79 353
82 1003 79 346
90 1064 63 369
92 1019 63 367
86 936 79 355
80 952 66 359
80 952 66 359
110 1217 84 341
108 1151 85 340
94 969 92 347
100 1048 68 348
92 1019 63 367
99 1204 85 342
92 1019 63 367
90 1027 63 384
97 1140 79 345
90 1064 63 369
