407 7.15772
115 1360 85 357
137 1544 104 346
114 1280 78 408
117 1440 91 361
102 1211 100 390
112 1431 73 363
115 1261 79 407
127 1698 105 344
119 1458 86 381
106 1120 73 363
109 1316 87 369
123 1396 85 350
124 1542 115 364
114 1314 79 357
116 1223 104 363
123 1489 73 369
148 1686 81 379
136 1517 86 366
111 1183 99 344
134 1420 73 377
121 1427 80 351
122 1399 74 375
127 1410 63 359
113 1415 99 343
120 1296 85 347
113 1193 74 399
108 1230 76 344
117 1336 73 373
123 1354 92 365
111 1174 85 352
117 1462 84 401
115 1175 69 377
143 1510 84 418
99 1172 75 391
111 1185 92 360
135 1492 111 350
122 1381 81 374
124 1455 79 361
97 1091 74 368
116 1518 85 357
92 1143 86 361
115 1492 74 353
120 1454 76 423
147 1709 112 348
138 1543 91 339
118 1322 99 366
121 1394 86 362
135 1403 93 342
122 1526 73 371
130 1626 87 362
112 1303 72 374
142 1434 79 371
122 1321 105 351
122 1176 81 379
147 1752 102 383
99 1246 86 372
117 1283 91 367
128 1525 93 364
142 1544 74 364
118 1528 93 371
109 1206 73 362
115 1410 73 377
104 1195 85 363
126 1385 108 344
133 1435 115 363
126 1504 80 369
131 1680 82 370
116 1279 73 371
134 1473 78 378
112 1233 93 392
110 1243 99 387
119 1324 86 359
103 1197 93 385
102 1265 93 359
140 1763 95 407
120 1273 66 374
122 1362 105 343
121 1319 73 373
119 1506 111 352
114 1343 98 367
107 1321 74 385
127 1488 68 363
125 1314 86 358
109 1186 106 355
149 1810 112 380
109 1329 66 367
112 1442 81 363
127 1436 86 360
110 1299 99 367
106 1227 73 396
113 1315 98 343
131 1330 79 397
122 1341 76 347
107 1250 75 358
119 1322 67 348
115 1438 78 374
124 1419 92 343
112 1340 85 382
159 1650 66 367
113 1359 98 338
136 1657 92 372
108 1092 79 368
99 1110 67 382
106 1151 72 386
112 1310 66 379
117 1360 86 377
133 1519 90 357
95 1113 73 347
110 1252 68 398
114 1308 92 365
126 1649 93 398
107 1298 98 346
134 1411 66 390
108 1360 82 366
121 1315 99 376
121 1399 78 356
107 1241 99 342
120 1427 85 347
119 1445 82 408
114 1352 86 372
144 1810 79 383
135 1475 77 392
119 1378 79 359
112 1257 73 374
123 1370 87 371
103 1239 93 356
112 1267 73 395
127 1454 66 374
108 1260 67 367
119 1442 76 397
107 1315 94 381
108 1436 79 356
132 1428 90 360
123 1338 86 357
132 1736 88 384
120 1503 91 398
116 1428 72 354
132 1404 74 388
135 1412 91 351
134 1587 106 384
135 1497 93 376
128 1541 93 383
122 1460 93 366
142 1612 73 362
123 1336 76 370
148 1667 98 370
139 1713 118 377
120 1297 74 392
133 1361 80 419
133 1595 76 360
111 1305 86 370
128 1575 108 357
122 1338 85 397
108 1228 71 394
112 1281 73 392
125 1489 83 352
112 1409 80 368
161 1595 79 359
140 1802 128 364
143 1792 119 340
137 1566 75 387
128 1615 77 385
98 1179 74 370
121 1528 92 370
110 1260 85 352
151 1793 88 377
117 1232 72 347
127 1490 65 405
129 1504 84 400
125 1334 73 383
110 1271 72 381
107 1281 87 398
149 1700 87 403
120 1287 106 347
118 1307 74 378
119 1389 73 366
129 1506 69 351
150 1861 84 362
142 1640 93 415
114 1437 86 351
133 1486 99 359
121 1372 66 389
124 1562 92 379
125 1418 114 355
102 1146 73 379
134 1314 89 361
108 1233 79 353
98 1138 80 373
129 1410 71 386
129 1441 86 362
153 1636 86 366
136 1757 86 401
132 1636 84 353
119 1347 76 373
95 1087 74 377
130 1661 80 394
110 1194 105 351
122 1467 99 357
111 1243 87 404
123 1552 78 351
123 1358 79 360
116 1124 86 374
119 1467 91 358
94 1110 92 354
129 1393 79 382
143 1763 93 404
100 1119 80 344
109 1313 83 346
152 1835 78 368
132 1570 104 338
116 1360 100 350
114 1389 79 349
116 1416 72 375
102 1243 83 380
92 1074 78 353
114 1345 97 368
152 1647 73 393
119 1435 103 378
122 1435 73 380
138 1638 92 366
129 1551 73 381
127 1525 93 407
111 1334 86 356
124 1367 73 384
124 1523 85 360
134 1589 89 422
128 1473 119 357
108 1339 99 385
142 1596 81 394
117 1292 78 373
114 1123 74 375
111 1324 78 359
145 1620 103 372
126 1317 67 404
121 1379 72 372
131 1494 77 365
132 1504 79 360
120 1162 87 404
125 1625 92 369
123 1398 92 379
123 1504 102 349
127 1447 78 352
148 1800 111 357
111 1150 84 350
118 1409 91 348
112 1329 67 368
118 1220 74 357
105 1186 85 342
111 1305 111 339
141 1503 89 355
110 1301 86 371
119 1506 106 377
109 1269 79 387
116 1425 112 337
116 1259 74 366
109 1321 73 388
128 1471 112 368
132 1575 93 386
128 1574 89 378
113 1235 68 413
131 1297 73 375
111 1342 70 382
114 1300 104 352
127 1474 80 401
117 1343 100 349
108 1289 79 356
136 1613 106 355
126 1526 84 359
142 1694 80 376
131 1403 63 380
151 1585 92 365
160 2065 80 392
120 1437 93 381
117 1291 74 360
132 1483 111 373
129 1539 93 415
117 1387 74 377
114 1270 80 351
117 1171 73 371
122 1417 98 352
118 1263 86 345
115 1310 107 386
133 1522 108 386
103 1248 82 380
115 1285 80 362
165 1871 98 352
145 1915 91 379
150 1688 94 355
160 1497 94 377
122 1362 85 367
122 1354 111 337
114 1329 73 384
123 1362 85 345
132 1737 85 379
131 1508 92 368
108 1323 80 367
116 1295 111 356
138 1593 79 410
121 1513 85 348
137 1506 79 362
