86130 600.045
120 1434 75 343
106 1111 106 338
88 1006 61 385
85 855 66 364
111 1202 61 370
75 917 73 369
115 1294 92 337
101 1160 61 372
109 1364 101 339
75 917 73 369
106 1111 106 338
110 1193 99 338
115 1294 92 337
115 1294 92 337
115 1157 76 342
116 1373 61 366
98 1033 70 350
113 1393 63 349
113 1243 90 338
75 917 73 369
90 1052 84 340
91 1004 79 343
108 1066 64 354
113 1243 90 338
79 1034 62 361
81 961 79 353
105 1256 105 339
110 1257 86 339
113 1393 63 349
109 1284 66 347
90 1072 72 344
88 1006 61 385
99 1083 66 348
94 1134 61 383
111 1202 61 370
75 917 73 369
110 1193 99 338
80 965 67 357
103 1233 63 351
78 865 66 366
89 1017 68 355
93 957 65 371
103 1233 63 351
75 917 73 369
94 1134 61 383
78 865 66 366
78 865 66 366
87 900 85 343
92 1042 66 350
115 1294 92 337
110 1257 86 339
116 1373 61 366
113 1393 63 349
90 1052 84 340
116 1373 61 366
83 979 66 357
90 1072 72 344
95 1039 71 354
93 957 65 371
90 1052 84 340
87 936 66 359
88 953 72 358
103 1233 63 351
81 961 79 353
90 1072 72 344
115 1294 92 337
98 1033 70 350
95 1039 71 354
86 978 63 360
115 1294 92 337
120 1434 75 343
104 953 78 341
80 965 67 357
109 1364 101 339
94 1134 61 383
101 1160 61 372
96 957 77 355
83 979 66 357
110 1193 99 338
83 979 66 357
113 1393 63 349
75 917 73 369
81 961 79 353
92 1042 66 350
90 1052 84 340
99 1083 66 348
99 1083 66 348
89 1055 66 356
94 1134 61 383
115 1157 76 342
96 985 68 351
109 1284 66 347
96 985 68 351
110 1193 99 338
87 917 66 360
108 1066 64 354
109 1284 66 347
99 1266 62 353
106 1111 106 338
87 900 85 343
96 957 77 355
104 953 78 341
92 1042 66 350
115 1294 92 337
101 1160 61 372
89 1055 66 356
75 917 73 369
105 1256 105 339
93 957 65 371
109 1364 101 339
94 1134 61 383
105 1256 105 339
101 1160 61 372
87 936 66 359
105 1256 105 339
116 1373 61 366
108 1066 64 354
86 978 63 360
111 1202 61 370
87 900 85 343
110 1193 99 338
90 1052 84 340
115 1294 92 337
96 957 77 355
79 1034 62 361
89 1017 68 355
89 1017 68 355
105 1256 105 339
87 900 85 343
88 1006 61 385
94 1134 61 383
93 957 65 371
104 953 78 341
108 1066 64 354
105 1256 105 339
90 1052 84 340
78 865 66 366
113 1393 63 349
103 1233 63 351
88 953 72 358
81 961 79 353
79 1034 62 361
99 1266 62 353
90 1072 72 344
88 1006 61 385
85 855 66 364
92 995 63 355
115 1294 92 337
115 1294 92 337
115 1294 92 337
92 995 63 355
96 985 68 351
89 1017 68 355
110 1193 99 338
115 1157 76 342
111 1202 61 370
87 900 85 343
78 865 66 366
109 1364 101 339
109 1364 101 339
109 1364 101 339
78 865 66 366
90 1072 72 344
103 1233 63 351
87 900 85 343
109 1284 66 347
108 1066 64 354
79 1034 62 361
109 1284 66 347
109 1364 101 339
92 995 63 355
106 1111 106 338
113 1243 90 338
81 961 79 353
106 1111 106 338
85 855 66 364
75 917 73 369
120 1434 75 343
85 855 66 364
110 1193 99 338
79 1034 62 361
101 1160 61 372
110 1193 99 338
113 1243 90 338
103 1233 63 351
78 865 66 366
109 1364 101 339
103 1233 63 351
113 1243 90 338
108 1066 64 354
109 1284 66 347
113 1243 90 338
89 1017 68 355
108 1066 64 354
78 865 66 366
79 1034 62 361
105 1256 105 339
106 1111 106 338
83 979 66 357
92 1042 66 350
91 1004 79 343
98 1093 61 380
80 965 67 357
75 917 73 369
85 855 66 364
96 985 68 351
95 1039 71 354
86 978 63 360
120 1434 75 343
96 957 77 355
83 979 66 357
113 1393 63 349
75 917 73 369
90 1052 84 340
99 1083 66 348
89 1055 66 356
110 1193 99 338
98 1033 70 350
109 1284 66 347
87 900 85 343
96 957 77 355
106 1111 106 338
92 1042 66 350
101 1160 61 372
75 917 73 369
93 957 65 371
109 1364 101 339
101 1160 61 372
87 936 66 359
89 1017 68 355
98 1033 70 350
75 917 73 369
91 1004 79 343
108 1066 64 354
113 1243 90 338
79 1034 62 361
105 1256 105 339
110 1257 86 339
113 1393 63 349
90 1072 72 344
111 1202 61 370
105 1256 105 339
103 1233 63 351
94 1134 61 383
78 865 66 366
92 1042 66 350
110 1257 86 339
83 979 66 357
93 957 65 371
90 1052 84 340
87 936 66 359
88 953 72 358
90 1072 72 344
110 1193 99 338
103 1233 63 351
115 1294 92 337
108 1066 64 354
92 995 63 355
106 1111 106 338
81 961 79 353
106 1111 106 338
85 855 66 364
85 855 66 364
110 1193 99 338
111 1202 61 370
78 865 66 366
113 1243 90 338
103 1233 63 351
78 865 66 366
109 1364 101 339
108 1066 64 354
109 1284 66 347
113 1243 90 338
105 1256 105 339
92 1042 66 350
80 965 67 357
75 917 73 369
99 1266 62 353
116 1373 61 366
86 978 63 360
110 1193 99 338
115 1294 92 337
79 1034 62 361
89 1017 68 355
105 1256 105 339
108 1066 64 354
113 1393 63 349
88 953 72 358
81 961 79 353
85 855 66 364
88 1006 61 385
85 855 66 364
92 995 63 355
115 1294 92 337
101 1160 61 372
92 995 63 355
89 1017 68 355
115 1157 76 342
111 1202 61 370
116 1373 61 366
