781549 3300.13
98 1127 62 364
110 1353 98 330
82 935 64 373
118 1342 114 329
120 1281 66 344
90 822 66 350
74 883 66 346
118 1342 114 329
111 1060 65 347
114 1139 84 334
110 1353 98 330
107 1249 84 334
88 893 63 364
79 835 79 357
112 1262 105 331
114 1274 90 331
107 1249 84 334
106 1148 106 331
90 968 72 342
86 916 65 366
87 876 72 343
102 902 92 340
106 1148 106 331
80 849 66 346
104 1098 74 341
84 902 78 341
85 1024 74 344
97 1045 97 332
97 1045 97 332
102 902 92 340
83 1029 63 370
110 1083 78 337
78 852 67 350
74 883 66 346
85 1024 74 344
74 883 66 346
86 1025 80 340
86 974 86 340
98 1051 90 333
110 1083 78 337
107 1052 72 341
107 1052 72 341
102 902 92 340
99 891 63 349
110 1083 78 337
120 1281 66 344
95 1117 72 340
99 891 63 349
106 1148 106 331
94 981 92 334
89 998 66 345
97 1045 97 332
81 839 78 342
120 1281 66 344
86 905 63 372
114 1274 90 331
107 1249 84 334
98 964 63 354
83 1029 63 370
88 1053 63 352
87 876 72 343
98 964 63 354
87 926 63 356
92 965 84 335
90 822 66 350
93 834 85 345
82 935 64 373
97 1045 97 332
85 1040 84 339
86 905 63 372
104 1098 74 341
110 1353 98 330
99 891 63 349
98 1127 62 364
86 905 63 372
89 1002 63 351
87 955 78 338
120 1281 66 344
105 1167 90 332
98 1127 62 364
98 964 63 354
88 1053 63 352
97 1045 97 332
85 1040 84 339
90 932 78 340
89 1002 63 351
87 876 72 343
83 1029 63 370
90 932 78 340
110 1083 78 337
86 1025 80 340
99 891 63 349
78 852 67 350
97 1045 97 332
107 1052 72 341
88 1053 63 352
107 1052 72 341
83 1029 63 370
82 935 64 373
110 1083 78 337
93 834 85 345
79 835 79 357
97 1045 97 332
120 1110 90 332
92 965 84 335
81 839 78 342
87 876 72 343
87 955 78 338
90 822 66 350
93 834 85 345
120 1281 66 344
84 902 78 341
98 1051 90 333
114 1139 84 334
105 1167 90 332
81 839 78 342
94 981 92 334
105 1167 90 332
79 835 79 357
98 1127 62 364
92 965 84 335
87 955 78 338
82 935 64 373
106 1148 106 331
110 1353 98 330
84 902 78 341
110 1083 78 337
83 1029 63 370
87 926 63 356
80 849 66 346
94 981 92 334
107 1052 72 341
79 835 79 357
93 834 85 345
110 1353 98 330
114 1139 84 334
79 835 79 357
97 1045 97 332
83 1029 63 370
79 835 79 357
78 852 67 350
86 916 65 366
81 839 78 342
98 964 63 354
86 916 65 366
93 834 85 345
98 948 84 337
84 902 78 341
85 1040 84 339
87 876 72 343
90 968 72 342
120 1281 66 344
110 1353 98 330
87 955 78 338
98 948 84 337
98 964 63 354
87 926 63 356
90 932 78 340
90 822 66 350
74 883 66 346
114 1139 84 334
114 1274 90 331
86 1025 80 340
110 1353 98 330
86 974 86 340
110 1083 78 337
98 948 84 337
78 852 67 350
106 1148 106 331
99 891 63 349
107 1249 84 334
110 1353 98 330
94 981 92 334
86 974 86 340
95 1117 72 340
95 1117 72 340
99 891 63 349
105 1167 90 332
89 998 66 345
81 839 78 342
94 981 92 334
82 935 64 373
90 968 72 342
94 981 92 334
110 1083 78 337
99 891 63 349
106 1148 106 331
110 1353 98 330
83 1029 63 370
83 1029 63 370
92 965 84 335
82 935 64 373
97 1045 97 332
79 835 79 357
88 893 63 364
79 835 79 357
107 1249 84 334
112 1262 105 331
97 1045 97 332
92 965 84 335
120 1110 90 332
111 1060 65 347
98 964 63 354
118 1342 114 329
118 1342 114 329
110 1083 78 337
102 902 92 340
74 883 66 346
98 964 63 354
78 852 67 350
92 965 84 335
114 1139 84 334
85 1024 74 344
82 935 64 373
120 1281 66 344
86 916 65 366
88 1053 63 352
90 822 66 350
90 932 78 340
83 1029 63 370
120 1281 66 344
90 822 66 350
90 968 72 342
78 852 67 350
107 1249 84 334
86 974 86 340
110 1353 98 330
87 955 78 338
98 948 84 337
87 926 63 356
90 822 66 350
74 883 66 346
110 1083 78 337
86 1025 80 340
82 935 64 373
120 1281 66 344
98 948 84 337
78 852 67 350
106 1148 106 331
99 891 63 349
107 1249 84 334
110 1353 98 330
86 974 86 340
95 1117 72 340
92 965 84 335
84 902 78 341
80 849 66 346
110 1353 98 330
106 1148 106 331
93 834 85 345
110 1353 98 330
82 935 64 373
97 1045 97 332
87 955 78 338
95 1117 72 340
78 852 67 350
98 1127 62 364
81 839 78 342
79 835 79 357
105 1167 90 332
81 839 78 342
87 876 72 343
90 968 72 342
114 1139 84 334
105 1167 90 332
118 1342 114 329
118 1342 114 329
87 955 78 338
102 902 92 340
74 883 66 346
86 905 63 372
78 852 67 350
92 965 84 335
111 1060 65 347
104 1098 74 341
86 916 65 366
88 1053 63 352
86 905 63 372
85 1040 84 339
83 1029 63 370
97 1045 97 332
82 935 64 373
89 1002 63 351
99 891 63 349
105 1167 90 332
89 998 66 345
81 839 78 342
82 935 64 373
94 981 92 334
99 891 63 349
90 932 78 340
87 876 72 343
98 964 63 354
92 965 84 335
82 935 64 373
97 1045 97 332
107 1249 84 334
98 964 63 354
98 1127 62 364
92 965 84 335
