141477 2340.34
67 628 66 344
106 835 106 329
107 830 106 329
69 656 60 370
65 653 62 356
71 654 60 370
98 759 98 330
98 759 98 330
78 668 78 337
73 656 72 340
78 654 78 338
93 710 92 333
99 754 98 330
98 759 98 330
71 655 60 368
90 733 90 332
84 682 84 335
90 733 90 332
79 665 78 337
93 710 92 333
84 682 84 335
90 733 90 332
84 682 84 335
66 657 60 363
90 734 90 331
84 682 84 335
92 714 92 333
84 692 84 334
69 638 67 343
72 661 72 340
99 754 98 330
76 633 65 347
76 631 63 348
72 661 72 340
70 658 60 360
71 655 60 368
65 650 63 356
65 651 63 353
73 648 72 341
84 682 84 335
90 733 90 332
84 682 84 335
65 653 61 359
78 654 78 338
66 656 61 357
67 640 63 348
66 659 60 362
79 665 78 337
84 682 84 335
69 638 67 343
66 659 60 362
84 692 84 334
70 658 60 360
67 628 66 344
107 830 106 329
92 714 92 333
69 638 67 343
65 655 62 353
66 643 66 345
69 635 63 350
93 710 92 333
66 661 60 360
65 650 63 356
66 659 60 362
73 648 72 341
65 652 63 352
66 641 63 349
66 642 66 346
67 636 63 350
66 656 61 357
69 635 63 350
90 734 90 331
65 650 63 356
69 635 63 350
69 637 65 349
66 638 63 351
76 631 63 348
98 759 98 330
93 710 92 333
93 710 92 333
67 641 65 347
67 634 63 351
66 641 63 349
72 653 72 341
98 759 98 330
67 628 66 344
65 653 61 359
66 657 60 363
66 643 66 345
66 643 66 345
90 733 90 332
72 636 65 347
69 638 67 343
65 652 63 352
66 642 66 346
84 692 84 334
106 835 106 329
106 835 106 329
98 759 98 330
72 653 72 341
106 835 106 329
98 759 98 330
93 710 92 333
99 754 98 330
79 665 78 337
65 653 61 359
65 653 61 359
69 638 67 343
65 650 63 356
92 714 92 333
93 710 92 333
78 668 78 337
67 628 66 344
79 665 78 337
76 631 63 348
76 631 63 348
76 633 65 347
65 651 63 353
67 640 63 348
65 652 63 352
66 643 66 345
67 636 63 350
66 657 60 363
67 641 65 347
67 634 63 351
69 638 67 343
66 639 63 350
66 639 63 350
65 651 63 353
66 657 60 363
70 658 60 360
72 653 72 341
66 638 63 351
66 642 63 348
67 634 63 351
69 637 65 349
98 759 98 330
84 682 84 335
65 653 61 359
106 835 106 329
99 754 98 330
84 682 84 335
99 754 98 330
93 710 92 333
90 733 90 332
99 754 98 330
65 653 61 359
84 682 84 335
98 759 98 330
72 661 72 340
67 628 66 344
67 628 66 344
98 759 98 330
69 638 67 343
107 830 106 329
90 733 90 332
66 659 60 362
84 692 84 334
84 682 84 335
90 733 90 332
72 653 72 341
70 658 60 360
71 655 60 368
66 638 63 351
66 661 60 360
84 692 84 334
84 682 84 335
67 628 66 344
98 759 98 330
98 759 98 330
98 759 98 330
69 638 67 343
69 638 67 343
90 734 90 331
106 835 106 329
106 835 106 329
98 759 98 330
69 638 67 343
84 692 84 334
65 653 61 359
84 682 84 335
92 714 92 333
90 734 90 331
98 759 98 330
67 628 66 344
78 668 78 337
84 682 84 335
90 734 90 331
90 733 90 332
67 628 66 344
69 638 67 343
98 759 98 330
69 638 67 343
106 835 106 329
84 692 84 334
98 759 98 330
78 654 78 338
84 692 84 334
71 655 60 368
90 733 90 332
98 759 98 330
84 692 84 334
84 682 84 335
90 733 90 332
84 682 84 335
66 643 66 345
90 734 90 331
84 682 84 335
73 656 72 340
93 710 92 333
65 650 63 356
65 653 61 359
98 759 98 330
73 648 72 341
84 682 84 335
84 692 84 334
98 759 98 330
90 733 90 332
90 733 90 332
66 656 61 357
98 759 98 330
84 682 84 335
107 830 106 329
90 733 90 332
67 628 66 344
93 710 92 333
65 650 63 356
66 639 63 350
66 642 63 348
67 628 66 344
78 654 78 338
69 638 67 343
90 734 90 331
93 710 92 333
98 759 98 330
66 643 66 345
90 733 90 332
66 659 60 362
106 835 106 329
71 654 60 370
79 665 78 337
67 636 63 350
72 653 72 341
72 661 72 340
106 835 106 329
70 658 60 360
65 653 62 356
65 653 61 359
79 665 78 337
67 628 66 344
66 657 60 363
65 652 63 352
71 654 60 370
106 835 106 329
98 759 98 330
78 668 78 337
98 759 98 330
98 759 98 330
90 734 90 331
84 682 84 335
93 710 92 333
93 710 92 333
84 682 84 335
73 656 72 340
79 665 78 337
90 733 90 332
76 631 63 348
90 734 90 331
90 733 90 332
78 668 78 337
93 710 92 333
69 656 60 370
84 692 84 334
76 633 65 347
65 652 63 352
84 682 84 335
67 640 63 348
71 655 60 368
78 654 78 338
72 653 72 341
73 656 72 340
79 665 78 337
65 653 61 359
106 835 106 329
69 638 67 343
106 835 106 329
71 655 60 368
78 668 78 337
90 733 90 332
98 759 98 330
67 628 66 344
98 759 98 330
66 643 66 345
66 659 60 362
84 682 84 335
79 665 78 337
90 733 90 332
90 733 90 332
84 692 84 334
84 682 84 335
