122377 1260.15
147 1002 146 324
146 1045 146 324
128 1158 72 348
128 1158 72 348
104 751 98 330
93 772 86 337
131 872 130 326
138 978 138 325
121 953 74 348
117 913 76 342
146 1045 146 324
139 930 138 325
96 769 94 341
123 831 122 327
98 769 78 337
114 861 114 328
111 773 106 329
130 934 130 326
122 922 122 327
117 913 76 342
117 1037 84 336
102 799 90 333
121 802 114 328
106 815 106 329
104 751 98 330
120 1037 84 334
106 769 90 331
118 939 84 336
99 790 94 336
104 771 92 333
121 953 74 348
100 786 86 336
106 769 90 331
96 769 94 341
147 1002 146 324
138 978 138 325
106 815 106 329
99 790 94 336
100 755 92 334
98 769 78 337
99 845 92 336
108 797 106 329
111 773 106 329
93 772 86 337
123 831 122 327
99 845 92 336
108 797 106 329
131 872 130 326
114 861 114 328
102 799 90 333
139 930 138 325
122 922 122 327
116 810 114 328
120 1037 84 334
100 755 92 334
100 786 86 336
130 934 130 326
118 939 84 336
115 811 114 328
121 802 114 328
116 810 114 328
115 811 114 328
104 771 92 333
147 1002 146 324
147 1002 146 324
147 1002 146 324
147 1002 146 324
147 1002 146 324
147 1002 146 324
147 1002 146 324
147 1002 146 324
147 1002 146 324
147 1002 146 324
147 1002 146 324
147 1002 146 324
147 1002 146 324
147 1002 146 324
147 1002 146 324
147 1002 146 324
147 1002 146 324
147 1002 146 324
147 1002 146 324
147 1002 146 324
147 1002 146 324
147 1002 146 324
147 1002 146 324
147 1002 146 324
147 1002 146 324
147 1002 146 324
147 1002 146 324
147 1002 146 324
147 1002 146 324
147 1002 146 324
147 1002 146 324
147 1002 146 324
147 1002 146 324
147 1002 146 324
147 1002 146 324
147 1002 146 324
147 1002 146 324
147 1002 146 324
147 1002 146 324
147 1002 146 324
147 1002 146 324
147 1002 146 324
147 1002 146 324
147 1002 146 324
147 1002 146 324
147 1002 146 324
147 1002 146 324
147 1002 146 324
147 1002 146 324
147 1002 146 324
147 1002 146 324
147 1002 146 324
147 1002 146 324
147 1002 146 324
147 1002 146 324
147 1002 146 324
147 1002 146 324
147 1002 146 324
147 1002 146 324
147 1002 146 324
147 1002 146 324
147 1002 146 324
147 1002 146 324
147 1002 146 324
147 1002 146 324
147 1002 146 324
147 1002 146 324
147 1002 146 324
147 1002 146 324
147 1002 146 324
147 1002 146 324
147 1002 146 324
147 1002 146 324
147 1002 146 324
147 1002 146 324
147 1002 146 324
147 1002 146 324
147 1002 146 324
147 1002 146 324
147 1002 146 324
147 1002 146 324
147 1002 146 324
147 1002 146 324
147 1002 146 324
147 1002 146 324
147 1002 146 324
147 1002 146 324
147 1002 146 324
147 1002 146 324
147 1002 146 324
147 1002 146 324
147 1002 146 324
147 1002 146 324
147 1002 146 324
147 1002 146 324
147 1002 146 324
147 1002 146 324
147 1002 146 324
147 1002 146 324
147 1002 146 324
147 1002 146 324
147 1002 146 324
147 1002 146 324
147 1002 146 324
147 1002 146 324
147 1002 146 324
147 1002 146 324
147 1002 146 324
147 1002 146 324
147 1002 146 324
147 1002 146 324
147 1002 146 324
147 1002 146 324
147 1002 146 324
147 1002 146 324
147 1002 146 324
147 1002 146 324
147 1002 146 324
147 1002 146 324
147 1002 146 324
147 1002 146 324
147 1002 146 324
147 1002 146 324
147 1002 146 324
147 1002 146 324
147 1002 146 324
147 1002 146 324
147 1002 146 324
147 1002 146 324
147 1002 146 324
147 1002 146 324
147 1002 146 324
147 1002 146 324
147 1002 146 324
147 1002 146 324
147 1002 146 324
147 1002 146 324
147 1002 146 324
147 1002 146 324
147 1002 146 324
147 1002 146 324
147 1002 146 324
147 1002 146 324
147 1002 146 324
147 1002 146 324
147 1002 146 324
147 1002 146 324
147 1002 146 324
147 1002 146 324
147 1002 146 324
147 1002 146 324
147 1002 146 324
147 1002 146 324
147 1002 146 324
121 802 114 328
121 802 114 328
106 815 106 329
104 771 92 333
147 1003 146 324
113 816 106 329
116 833 114 328
127 926 122 327
133 905 130 326
139 935 138 325
139 935 138 325
131 923 130 326
132 920 130 326
147 1004 146 324
147 1004 146 324
113 819 106 329
123 874 114 328
131 947 130 326
133 914 130 326
139 946 138 325
139 946 138 325
132 935 130 326
147 1008 146 324
120 878 116 330
133 918 130 326
139 959 138 325
147 1009 146 324
135 924 130 326
131 975 116 336
130 929 118 332
139 993 124 330
139 962 138 325
137 938 116 331
147 1011 146 324
138 939 130 326
139 975 138 325
143 963 138 325
141 968 138 325
142 964 138 325
147 1012 146 324
142 953 130 326
139 949 138 326
139 977 138 325
139 977 138 325
139 977 138 325
147 1018 146 324
147 1018 146 324
142 965 132 328
139 985 138 325
141 977 138 325
140 981 138 325
147 1022 146 324
147 1002 132 328
144 981 140 327
139 1001 138 325
142 989 138 325
142 989 138 325
150 1023 146 324
147 1024 146 324
144 999 140 327
143 1031 138 325
145 1002 138 325
150 1025 146 324
150 1008 140 328
147 1032 146 324
144 1083 138 325
144 1053 140 328
145 1012 138 325
152 1013 146 330
148 1040 140 327
147 1034 146 324
150 1026 146 324
151 1028 146 324
149 1035 146 324
147 1052 146 324
147 1052 146 324
147 1034 146 330
151 1030 146 324
150 1121 146 324
148 1043 146 330
158 1055 146 324
151 1059 146 324
151 1081 146 324
