0 0.00988468
140 1648 104 440
128 1579 94 414
168 2024 122 429
134 1586 95 411
130 1517 101 418
115 1423 90 432
145 1787 101 445
143 1784 101 455
132 1570 104 413
125 1521 111 439
182 1992 119 432
142 1629 103 438
146 1611 119 431
117 1369 102 419
142 1751 102 417
149 1888 100 436
148 1794 126 436
148 1884 129 454
139 1642 109 412
124 1525 121 395
149 1656 130 424
147 1770 116 456
161 2079 129 431
169 2176 100 447
162 1890 89 421
133 1501 94 451
135 1779 107 406
148 1767 129 405
143 1506 109 440
138 1759 115 412
142 1705 117 392
154 1927 116 428
137 1714 104 393
137 1593 129 407
128 1488 92 419
130 1521 95 446
146 1835 118 399
141 1757 96 458
148 1933 110 410
132 1594 124 407
152 1862 143 418
140 1775 114 432
138 1697 112 424
130 1487 93 448
167 1879 146 406
159 2041 135 417
159 1971 104 424
144 1675 126 441
145 1710 105 409
144 1936 124 400
116 1328 89 421
106 1314 88 411
134 1705 110 427
143 1868 116 439
120 1465 112 434
145 1843 88 442
135 1589 124 399
152 1695 118 409
126 1481 96 403
131 1593 105 419
137 1557 97 417
134 1733 115 438
163 1813 119 420
157 1807 107 415
142 1730 113 421
132 1680 115 413
165 2008 100 452
129 1658 110 410
125 1575 109 401
128 1542 104 413
118 1453 87 432
161 1948 85 421
134 1586 105 415
153 1913 131 425
141 1803 95 399
143 1878 102 433
141 1737 108 410
142 1698 113 431
157 2043 125 418
133 1607 132 408
148 1947 112 442
133 1603 133 414
140 1667 112 436
135 1630 103 412
126 1669 116 436
150 1760 108 413
148 1902 90 424
138 1731 89 411
153 1886 131 430
128 1633 118 426
136 1680 115 430
179 2114 131 419
172 2254 134 427
138 1729 98 428
131 1548 79 427
117 1544 103 417
150 1907 118 417
175 2074 130 429
130 1456 87 437
117 1464 105 414
149 1798 90 427
136 1676 117 421
147 1765 134 409
158 2029 95 429
126 1413 87 396
138 1528 80 395
147 1781 124 428
117 1352 96 434
151 1948 127 425
162 1913 129 433
120 1358 81 427
142 1533 124 426
137 1668 100 443
146 1663 102 415
152 1748 120 417
145 1696 102 431
147 1675 106 411
156 2050 109 427
136 1566 103 422
137 1775 129 427
145 1918 117 428
125 1508 110 429
136 1673 116 425
132 1551 103 435
154 1739 109 439
144 1650 90 431
148 1679 101 443
147 1700 126 432
129 1529 117 433
154 2015 95 431
122 1562 122 408
132 1648 123 416
135 1557 97 432
119 1422 110 409
121 1532 89 436
119 1491 102 426
147 1864 111 423
114 1404 91 434
134 1630 103 415
149 1844 116 442
151 1774 104 436
137 1593 117 430
118 1490 97 393
157 1740 154 435
156 1823 123 430
101 1229 101 423
123 1292 89 394
124 1501 106 402
142 1856 135 404
138 1594 84 446
141 1624 131 430
159 1941 131 422
126 1562 87 429
144 1760 101 433
133 1526 97 401
137 1650 131 434
120 1396 110 424
118 1331 88 425
151 1639 128 406
166 1912 83 424
123 1544 90 418
139 1701 120 454
122 1433 117 411
138 1577 109 404
130 1446 111 410
140 1847 102 427
112 1317 105 406
133 1728 112 420
133 1572 83 425
148 1831 88 437
148 1892 130 395
154 1898 96 414
132 1590 102 429
129 1707 100 434
133 1593 94 447
152 1778 150 394
155 1902 148 396
162 1927 124 399
147 1629 118 420
120 1504 95 431
134 1544 123 418
136 1724 126 392
115 1383 103 420
134 1731 116 421
128 1559 88 412
131 1520 111 441
146 1698 89 428
136 1720 117 458
171 2087 145 417
141 1788 114 442
139 1744 80 406
164 1965 125 445
128 1566 114 416
141 1674 95 436
144 1710 111 426
160 2004 133 421
125 1466 106 439
145 1696 107 431
141 1671 116 416
137 1623 111 432
132 1554 93 427
134 1627 108 428
148 1789 102 417
149 1864 93 431
151 1875 125 434
121 1375 94 410
136 1653 87 438
135 1698 130 436
132 1699 110 412
149 1830 107 451
127 1457 91 397
136 1477 105 417
134 1728 116 407
142 1678 102 428
129 1613 107 416
138 1577 124 402
132 1547 118 432
140 1701 100 401
147 1848 118 417
139 1661 125 432
143 1750 119 400
151 1740 98 431
136 1555 96 416
137 1623 97 442
170 1937 130 402
121 1492 112 429
121 1596 99 434
163 1946 87 427
149 1917 125 418
126 1494 90 426
176 2273 101 418
143 1792 128 415
161 1908 120 438
125 1571 90 425
155 1739 98 426
147 1759 104 429
123 1540 92 424
112 1315 80 412
142 1724 106 430
124 1476 82 430
145 1600 88 401
151 1906 91 428
135 1746 115 448
141 1782 97 406
134 1781 101 418
150 1504 110 437
134 1690 123 404
115 1335 90 439
129 1464 119 424
141 1780 84 410
142 1686 103 413
129 1530 107 416
130 1543 115 431
131 1522 94 433
124 1533 118 423
127 1557 86 418
155 1856 123 426
121 1568 111 424
147 1672 133 405
170 2075 118 421
144 1674 114 421
136 1541 95 439
143 1777 121 418
123 1525 110 434
128 1614 88 436
128 1471 97 429
162 1860 115 432
136 1728 102 436
127 1547 121 398
166 2069 102 461
174 2042 105 430
147 1820 142 419
160 1844 129 421
155 1967 103 434
140 1618 119 416
139 1696 102 425
144 1882 132 421
144 1866 111 438
136 1642 103 411
125 1490 117 421
161 1823 131 414
125 1517 116 396
111 1469 88 409
138 1626 89 436
168 2062 115 441
118 1515 109 422
145 1810 117 444
142 1751 132 436
130 1460 89 422
140 1677 104 416
122 1391 95 412
131 1662 91 419
144 1638 110 438
133 1682 102 423
135 1725 102 418
140 1580 93 423
144 1788 104 429
136 1495 119 420
131 1625 104 415
142 1716 103 411
