37894 245.011
265 3132 181 680
257 3197 177 683
233 2776 203 677
219 2810 175 692
196 2571 194 692
221 2740 173 686
206 2469 187 690
223 2829 198 676
240 3064 178 681
204 2515 191 687
233 2776 203 677
228 2816 174 685
201 2565 180 692
238 2937 179 682
216 2773 177 688
265 3132 181 680
207 2610 202 683
229 2962 188 676
223 2829 198 676
265 3132 181 680
208 2685 186 678
208 2615 180 690
240 3064 178 681
206 2469 187 690
247 2922 187 677
207 2530 191 684
201 2565 180 692
221 2854 184 680
219 2913 183 680
254 3177 186 677
215 2732 183 682
221 2740 173 686
255 3136 183 678
249 3006 182 681
229 2744 183 679
197 2571 185 686
213 2739 178 685
210 2678 178 686
216 2623 182 683
228 2816 174 685
249 3006 182 681
223 2829 198 676
214 2804 180 683
254 3177 186 677
196 2571 194 692
213 2787 177 687
199 2613 182 684
206 2469 187 690
210 2617 187 680
210 2617 187 680
213 2787 177 687
199 2613 182 684
249 3006 182 681
204 2515 191 687
219 2560 181 683
208 2685 186 678
249 3006 182 681
229 2744 183 679
233 2776 203 677
216 2773 177 688
219 2560 181 683
221 2740 173 686
249 3006 182 681
206 2469 187 690
212 2576 181 690
257 3197 177 683
201 2565 180 692
216 2839 183 681
198 2572 182 692
219 2560 181 683
223 2829 198 676
216 2839 183 681
231 2818 181 682
204 2515 191 687
201 2565 180 692
208 2685 186 678
249 3006 182 681
247 2922 187 677
217 2546 198 681
197 2571 185 686
254 3177 186 677
197 2571 185 686
257 3197 177 683
213 2739 178 685
249 3006 182 681
229 2962 188 676
201 2565 180 692
265 3132 181 680
221 2740 173 686
216 2839 183 681
229 2744 183 679
199 2613 182 684
211 2709 185 682
199 2613 182 684
223 2829 198 676
217 2546 198 681
208 2685 186 678
219 2560 181 683
206 2469 187 690
249 3006 182 681
233 2776 203 677
233 2776 203 677
214 2756 185 681
213 2787 177 687
214 2756 185 681
216 2839 183 681
207 2530 191 684
255 3136 183 678
201 2565 180 692
217 2546 198 681
265 3132 181 680
255 3136 183 678
229 2744 183 679
197 2571 185 686
228 2816 174 685
199 2613 182 684
215 2732 183 682
197 2571 185 686
210 2678 178 686
197 2571 185 686
229 2962 188 676
211 2709 185 682
211 2709 185 682
199 2613 182 684
254 3177 186 677
206 2469 187 690
219 2560 181 683
240 3064 178 681
223 2829 198 676
216 2773 177 688
213 2739 178 685
228 2816 174 685
207 2530 191 684
210 2617 187 680
210 2617 187 680
219 2560 181 683
201 2565 180 692
206 2469 187 690
206 2469 187 690
229 2744 183 679
233 2776 203 677
221 2607 178 683
208 2615 180 690
210 2617 187 680
249 3006 182 681
196 2571 194 692
217 2546 198 681
238 2937 179 682
217 2546 198 681
223 2829 198 676
214 2756 185 681
219 2560 181 683
228 2816 174 685
223 2829 198 676
223 2829 198 676
201 2565 180 692
223 2829 198 676
221 2740 173 686
208 2615 180 690
208 2685 186 678
215 2732 183 682
231 2818 181 682
249 3006 182 681
219 2560 181 683
208 2685 186 678
249 3006 182 681
231 2818 181 682
208 2685 186 678
265 3132 181 680
219 2810 175 692
213 2787 177 687
215 2732 183 682
219 2560 181 683
257 3197 177 683
196 2571 194 692
213 2787 177 687
221 2740 173 686
219 2560 181 683
219 2560 181 683
249 3006 182 681
196 2571 194 692
207 2610 202 683
265 3132 181 680
213 2739 178 685
216 2773 177 688
223 2829 198 676
197 2571 185 686
249 3006 182 681
223 2829 198 676
229 2962 188 676
233 2776 203 677
254 3177 186 677
207 2530 191 684
213 2739 178 685
223 2829 198 676
197 2571 185 686
210 2617 187 680
228 2816 174 685
201 2565 180 692
221 2740 173 686
208 2685 186 678
249 3006 182 681
229 2962 188 676
206 2469 187 690
254 3177 186 677
221 2740 173 686
206 2469 187 690
221 2607 178 683
211 2709 185 682
233 2776 203 677
214 2756 185 681
216 2839 183 681
207 2530 191 684
217 2546 198 681
265 3132 181 680
229 2744 183 679
228 2816 174 685
204 2515 191 687
215 2732 183 682
210 2617 187 680
208 2685 186 678
211 2709 185 682
199 2613 182 684
254 3177 186 677
199 2613 182 684
196 2571 194 692
216 2773 177 688
228 2816 174 685
207 2530 191 684
210 2617 187 680
223 2829 198 676
206 2469 187 690
257 3197 177 683
201 2565 180 692
198 2572 182 692
223 2829 198 676
231 2818 181 682
204 2515 191 687
249 3006 182 681
247 2922 187 677
217 2546 198 681
197 2571 185 686
254 3177 186 677
221 2740 173 686
206 2469 187 690
213 2739 178 685
201 2565 180 692
221 2740 173 686
216 2839 183 681
229 2744 183 679
211 2709 185 682
199 2613 182 684
208 2685 186 678
219 2560 181 683
249 3006 182 681
223 2829 198 676
213 2787 177 687
255 3136 183 678
221 2740 173 686
215 2732 183 682
196 2571 194 692
221 2740 173 686
219 2913 183 680
249 3006 182 681
221 2854 184 680
212 2576 181 690
216 2773 177 688
219 2810 175 692
197 2571 185 686
223 2829 198 676
207 2530 191 684
213 2739 178 685
223 2829 198 676
210 2617 187 680
221 2740 173 686
229 2962 188 676
206 2469 187 690
254 3177 186 677
223 2829 198 676
229 2744 183 679
233 2776 203 677
221 2607 178 683
208 2615 180 690
210 2617 187 680
249 3006 182 681
217 2546 198 681
223 2829 198 676
216 2623 182 683
219 2560 181 683
228 2816 174 685
221 2740 173 686
223 2829 198 676
201 2565 180 692
221 2740 173 686
249 3006 182 681
215 2732 183 682
219 2560 181 683
208 2685 186 678
249 3006 182 681
231 2818 181 682
