4371 122.187
246 3018 187 682
257 3167 224 677
313 3989 243 683
255 3122 223 681
258 3185 234 678
243 3084 208 676
320 4140 232 704
266 3328 201 704
247 3279 188 699
258 3416 178 685
270 3353 196 697
277 3530 211 696
229 2792 191 680
239 3098 177 686
253 3277 233 688
275 3486 208 677
260 3431 212 691
266 3553 185 686
251 3122 192 680
243 3273 199 692
259 3512 196 689
219 2882 200 680
259 3261 196 694
253 3287 218 676
275 3495 241 684
260 3269 206 681
293 3496 238 692
294 3595 215 702
296 3874 232 705
273 3546 207 692
254 3335 188 677
227 2830 193 677
253 3226 203 690
272 3401 242 691
268 3638 217 687
291 3701 192 686
257 3274 220 683
289 3615 246 698
225 2940 203 675
276 3421 260 685
273 3557 238 695
251 2887 210 697
244 3081 207 686
223 2873 212 679
246 3210 189 686
257 3391 178 681
246 3123 188 691
244 3113 216 698
343 4552 216 699
266 3312 231 689
262 3445 213 677
300 3771 178 685
267 3373 200 683
249 3071 180 681
245 3143 180 682
285 3624 212 683
225 2898 206 675
255 3188 205 692
255 3176 189 679
234 3082 216 673
274 3603 201 686
267 3286 187 682
267 3419 205 691
248 3096 207 699
246 3204 194 691
266 3452 191 678
272 3275 216 694
279 3324 188 683
256 3396 205 675
263 3164 207 675
258 3247 206 688
340 4181 194 689
229 2957 189 693
254 3251 212 682
260 3160 199 686
266 3196 233 679
258 3258 221 686
258 3421 189 693
309 3940 224 706
326 4090 222 680
266 3467 216 676
256 3350 225 686
222 2855 198 678
237 3147 185 684
246 3183 239 683
234 3066 197 682
240 3121 192 691
272 3272 221 684
277 3549 228 699
241 3098 192 679
269 3365 211 691
277 3671 198 679
268 3371 210 691
264 3473 204 680
252 3059 193 691
233 3174 218 685
228 2981 206 687
271 3415 229 676
292 3926 226 707
245 3139 213 700
239 3235 203 687
273 3508 212 686
254 3300 197 676
280 3762 226 681
294 3697 207 705
263 3371 194 684
248 3082 187 691
254 3376 199 690
282 3725 214 715
269 3504 189 689
285 3869 221 693
288 3671 193 701
235 2999 204 677
275 3435 187 684
229 3068 197 685
300 4066 190 682
251 3266 214 680
299 3802 224 680
257 3104 192 681
221 2866 199 677
332 4243 220 683
283 3579 228 697
271 3426 197 677
232 2906 207 679
254 3172 209 685
279 3360 184 685
299 3878 194 680
262 3140 202 675
258 3422 195 688
288 3659 227 701
268 3379 238 714
265 3431 216 679
252 3132 204 691
263 3211 233 681
232 3111 201 679
222 2898 181 690
277 3573 190 685
252 3158 192 678
247 3344 188 687
257 3161 217 695
273 3585 226 685
273 3522 187 683
229 2974 184 683
263 3019 213 688
316 4114 202 692
253 3236 199 700
248 3189 194 680
236 2924 199 699
275 3602 255 685
254 3362 200 697
278 3468 228 685
239 3020 203 680
254 3374 242 687
248 3184 201 679
261 3310 191 683
274 3537 219 696
258 3220 216 680
256 3327 200 691
241 3205 182 688
245 3313 204 683
258 3435 203 681
261 3222 192 681
239 3132 199 692
253 3135 233 678
246 3065 225 681
267 3537 201 685
233 2876 183 678
232 3081 202 686
253 3104 191 689
267 3563 192 698
299 3616 225 690
254 3212 199 695
224 2836 198 676
269 3396 202 686
294 3535 224 675
230 2883 198 686
300 3827 190 683
307 3813 204 679
287 3711 197 701
257 3203 210 689
238 3174 222 672
256 3432 229 687
246 3063 197 678
246 2939 187 682
231 2944 195 678
243 3163 215 682
252 3231 196 685
256 3273 221 686
252 3352 196 704
231 3065 207 685
243 3235 187 681
263 3346 200 677
289 3710 189 681
252 3539 199 685
272 3505 212 702
248 3154 187 684
271 3565 223 689
270 3458 221 677
291 3734 218 696
246 3277 192 690
268 3441 206 692
299 4079 208 683
218 2871 183 681
243 3166 190 683
280 3728 200 700
246 3174 201 722
215 2680 209 672
280 3345 211 683
281 3815 194 693
252 3198 201 683
249 3243 191 683
313 4176 255 717
256 3281 221 681
243 3161 194 679
241 3090 193 682
266 3356 199 675
271 3539 240 685
267 3475 223 675
250 3257 196 685
256 3247 229 680
325 3929 271 707
241 3140 206 685
285 3722 256 713
263 3579 218 696
319 3794 215 688
246 3072 229 677
272 3650 224 682
266 3300 199 683
256 3256 219 683
280 3577 198 690
245 3280 216 691
347 4364 214 701
268 3514 192 681
256 3071 214 688
255 3257 216 677
295 3818 179 683
211 2811 189 686
355 4762 240 705
257 3248 232 682
228 2956 188 679
267 3396 195 690
252 3174 227 686
272 3586 192 685
247 3320 206 684
238 3105 205 679
248 3054 213 696
233 3169 223 674
271 3418 195 687
267 3537 211 678
205 2611 196 683
272 3688 202 680
251 3250 225 675
263 3396 203 694
229 2978 186 683
291 3722 210 694
239 3071 209 680
282 3388 225 684
245 3129 202 680
316 4110 241 701
237 3134 201 680
241 3151 208 685
278 3403 218 692
252 3243 204 682
262 3511 205 699
243 3091 200 690
257 3349 230 699
267 3477 201 704
258 3405 206 687
245 3125 203 677
234 3112 189 681
308 3977 222 672
246 3163 179 689
324 4183 223 688
308 3946 200 686
298 3914 242 695
236 3118 184 688
252 3390 194 679
282 3753 225 706
276 3452 231 685
248 3201 239 690
312 4034 214 688
276 3520 196 704
259 3239 217 681
245 3213 204 673
239 3115 204 678
269 3496 222 692
253 3227 219 687
223 2904 201 680
257 3242 198 681
272 3345 185 680
245 3115 193 682
273 3621 204 688
281 3678 266 711
311 3895 187 683
249 3130 208 688
286 3643 205 690
250 3380 223 686
299 3671 224 688
250 3005 208 679
260 3403 216 686
