31546 840.138
209 2077 209 672
174 2105 173 684
191 2044 172 687
185 1877 178 680
191 2044 172 687
173 2011 173 685
209 2077 209 672
203 2017 203 673
197 1967 197 674
191 1928 191 675
203 2017 203 673
191 2044 172 687
191 1999 173 683
182 1927 176 682
197 1967 197 674
203 2017 203 673
185 1924 185 676
197 1967 197 674
197 1967 197 674
203 2017 203 673
191 1928 191 675
184 1881 178 680
178 1890 178 680
188 1902 185 676
183 1918 174 684
187 1925 176 682
177 1981 175 682
185 1883 180 679
183 1905 183 678
183 1905 183 678
190 1894 183 677
177 1950 173 686
179 1930 173 686
188 1902 185 676
175 2002 173 685
173 2011 173 685
197 1967 197 674
177 1950 173 686
186 1921 174 683
203 2017 203 673
183 1907 183 677
191 1928 191 675
197 1967 197 674
184 1901 183 678
184 1931 174 683
185 1883 180 679
182 1887 180 679
173 2011 173 685
176 1985 175 682
197 1967 197 674
189 1886 179 679
182 1927 176 682
185 1883 180 679
173 2011 173 685
183 1905 183 678
182 1927 176 682
186 1914 185 676
185 1877 178 680
176 2100 173 684
179 2088 173 684
177 1949 176 682
176 1998 173 685
179 2088 173 684
187 1910 185 676
184 1881 178 680
174 2105 173 684
179 1938 174 683
173 2011 173 685
178 1993 173 685
180 1889 180 679
181 1892 179 679
176 1998 173 685
184 1903 183 677
189 1886 179 679
180 1889 180 679
177 1950 173 686
178 1890 178 680
184 1931 174 683
179 1938 174 683
184 1931 174 683
185 1877 178 680
175 2002 173 685
190 1899 185 676
188 1902 185 676
183 1885 180 679
179 1895 179 679
190 1899 185 676
186 1921 174 683
184 1931 174 683
186 1921 174 683
181 1892 179 679
173 2011 173 685
191 1999 173 683
182 1891 179 679
184 1931 174 683
203 2017 203 673
174 1944 174 683
178 1993 173 685
185 1877 178 680
183 1918 174 684
186 1914 185 676
179 1895 179 679
190 1899 185 676
176 1985 175 682
186 1914 185 676
177 1981 175 682
183 1907 183 677
187 1910 185 676
177 1941 174 683
177 1941 174 683
185 1924 185 676
186 1921 174 683
175 2102 173 684
174 1944 174 683
191 1999 173 683
184 1881 178 680
184 1903 183 677
185 2001 173 683
176 2100 173 684
175 2102 173 684
184 1901 183 678
183 1885 180 679
190 1899 185 676
187 1925 176 682
186 1921 174 683
181 1892 179 679
185 1883 180 679
182 1919 174 684
185 1883 180 679
183 1905 183 678
179 1930 173 686
183 1907 183 677
183 1918 174 684
184 1901 183 678
182 1887 180 679
182 1887 180 679
191 1928 191 675
182 1891 179 679
183 1886 178 680
182 1891 179 679
185 2001 173 683
187 1925 176 682
182 1888 178 680
183 1885 180 679
182 1888 178 680
182 1919 174 684
182 1927 176 682
179 1895 179 679
190 1894 183 677
177 1949 176 682
175 2002 173 685
182 1888 178 680
182 1927 176 682
179 1895 179 679
184 1901 183 678
183 1918 174 684
184 1931 174 683
184 1931 174 683
182 1919 174 684
197 1967 197 674
185 1924 185 676
197 1967 197 674
184 1931 174 683
183 1905 183 678
186 1921 174 683
197 1967 197 674
203 2017 203 673
185 1877 178 680
209 2077 209 672
184 1901 183 678
183 1907 183 677
176 1985 175 682
209 2077 209 672
191 1928 191 675
182 1919 174 684
182 1919 174 684
173 2011 173 685
183 1907 183 677
183 1905 183 678
197 1967 197 674
173 2011 173 685
182 1887 180 679
183 1918 174 684
190 1899 185 676
183 1905 183 678
177 1981 175 682
190 1899 185 676
190 1899 185 676
203 2017 203 673
191 2044 172 687
177 1950 173 686
203 2017 203 673
182 1927 176 682
187 1925 176 682
182 1919 174 684
186 1921 174 683
182 1891 179 679
191 1928 191 675
203 2017 203 673
174 2105 173 684
185 1883 180 679
182 1927 176 682
197 1967 197 674
183 1907 183 677
197 1967 197 674
197 1967 197 674
183 1885 180 679
183 1885 180 679
203 2017 203 673
191 2044 172 687
197 1967 197 674
179 2088 173 684
184 1901 183 678
186 1921 174 683
182 1919 174 684
177 1941 174 683
191 2044 172 687
197 1967 197 674
182 1887 180 679
184 1931 174 683
197 1967 197 674
190 1894 183 677
197 1967 197 674
173 2011 173 685
182 1919 174 684
203 2017 203 673
175 2002 173 685
197 1967 197 674
186 1921 174 683
177 1981 175 682
184 1931 174 683
184 1931 174 683
185 1877 178 680
183 1886 178 680
184 1931 174 683
186 1921 174 683
183 1907 183 677
182 1919 174 684
183 1886 178 680
191 1999 173 683
184 1903 183 677
183 1918 174 684
197 1967 197 674
175 2002 173 685
183 1918 174 684
185 1883 180 679
190 1899 185 676
183 1907 183 677
183 1905 183 678
185 1883 180 679
183 1885 180 679
184 1931 174 683
188 1902 185 676
187 1910 185 676
191 1928 191 675
183 1885 180 679
182 1927 176 682
190 1899 185 676
187 1925 176 682
187 1925 176 682
203 2017 203 673
182 1927 176 682
191 1928 191 675
186 1921 174 683
177 1941 174 683
187 1910 185 676
183 1918 174 684
184 1881 178 680
185 1924 185 676
187 1910 185 676
176 1985 175 682
186 1921 174 683
176 1998 173 685
183 1905 183 678
191 1928 191 675
182 1919 174 684
185 1883 180 679
177 1949 176 682
183 1885 180 679
176 1998 173 685
203 2017 203 673
190 1894 183 677
180 1889 180 679
186 1921 174 683
187 1925 176 682
182 1927 176 682
197 1967 197 674
178 1890 178 680
184 1881 178 680
209 2077 209 672
185 1877 178 680
182 1927 176 682
209 2077 209 672
185 1877 178 680
182 1919 174 684
197 1967 197 674
179 1895 179 679
182 1927 176 682
203 2017 203 673
185 1877 178 680
