61655 570.099
210 1977 209 672
209 1998 209 672
209 1998 209 672
201 1982 175 682
201 1982 175 682
196 1906 187 678
205 1991 179 679
203 1974 203 673
202 1955 185 676
204 1954 203 673
200 1921 186 678
196 1913 181 681
197 1912 181 679
199 1954 178 680
199 1954 178 680
197 1912 193 677
205 1991 179 679
201 1944 191 675
199 1933 186 678
198 1937 183 677
201 1944 191 675
202 1926 198 676
203 1948 197 674
201 1920 192 677
201 1920 192 677
196 1913 181 681
202 1950 197 674
198 1935 187 676
197 1912 193 677
202 1926 198 676
203 1948 197 674
198 1927 192 677
198 1935 187 676
198 1934 192 675
210 1977 209 672
203 1974 203 673
199 1940 198 674
200 1921 186 678
198 1937 183 677
204 1954 203 673
202 1955 185 676
198 1927 192 677
196 1906 187 678
197 1912 181 679
199 1952 180 679
199 1952 180 679
199 1940 198 674
199 1940 186 676
199 1933 198 676
202 1950 197 674
199 1933 198 676
198 1934 192 675
210 1977 209 672
210 1977 209 672
210 1977 209 672
210 1977 209 672
210 1977 209 672
210 1977 209 672
210 1977 209 672
210 1977 209 672
210 1977 209 672
210 1977 209 672
210 1977 209 672
210 1977 209 672
210 1977 209 672
210 1977 209 672
210 1977 209 672
210 1977 209 672
210 1977 209 672
210 1977 209 672
210 1977 209 672
210 1977 209 672
210 1977 209 672
210 1977 209 672
210 1977 209 672
210 1977 209 672
210 1977 209 672
210 1977 209 672
210 1977 209 672
210 1977 209 672
210 1977 209 672
210 1977 209 672
210 1977 209 672
210 1977 209 672
210 1977 209 672
210 1977 209 672
210 1977 209 672
210 1977 209 672
210 1977 209 672
210 1977 209 672
210 1977 209 672
210 1977 209 672
210 1977 209 672
210 1977 209 672
210 1977 209 672
210 1977 209 672
210 1977 209 672
210 1977 209 672
210 1977 209 672
210 1977 209 672
210 1977 209 672
210 1977 209 672
210 1977 209 672
210 1977 209 672
210 1977 209 672
210 1977 209 672
210 1977 209 672
210 1977 209 672
210 1977 209 672
210 1977 209 672
210 1977 209 672
210 1977 209 672
210 1977 209 672
210 1977 209 672
210 1977 209 672
210 1977 209 672
210 1977 209 672
210 1977 209 672
210 1977 209 672
210 1977 209 672
210 1977 209 672
210 1977 209 672
210 1977 209 672
210 1977 209 672
210 1977 209 672
210 1977 209 672
210 1977 209 672
210 1977 209 672
210 1977 209 672
210 1977 209 672
210 1977 209 672
210 1977 209 672
210 1977 209 672
210 1977 209 672
210 1977 209 672
210 1977 209 672
210 1977 209 672
210 1977 209 672
210 1977 209 672
210 1977 209 672
210 1977 209 672
210 1977 209 672
210 1977 209 672
210 1977 209 672
210 1977 209 672
210 1977 209 672
210 1977 209 672
210 1977 209 672
210 1977 209 672
210 1977 209 672
210 1977 209 672
210 1977 209 672
210 1977 209 672
210 1977 209 672
210 1977 209 672
210 1977 209 672
210 1977 209 672
210 1977 209 672
210 1977 209 672
210 1977 209 672
210 1977 209 672
210 1977 209 672
210 1977 209 672
210 1977 209 672
210 1977 209 672
210 1977 209 672
210 1977 209 672
210 1977 209 672
210 1977 209 672
210 1977 209 672
210 1977 209 672
210 1977 209 672
210 1977 209 672
210 1977 209 672
210 1977 209 672
210 1977 209 672
210 1977 209 672
210 1977 209 672
210 1977 209 672
210 1977 209 672
210 1977 209 672
210 1977 209 672
210 1977 209 672
210 1977 209 672
210 1977 209 672
210 1977 209 672
210 1977 209 672
210 1977 209 672
210 1977 209 672
210 1977 209 672
210 1977 209 672
210 1977 209 672
210 1977 209 672
210 1977 209 672
210 1977 209 672
210 1977 209 672
210 1977 209 672
210 1977 209 672
210 1977 209 672
210 1977 209 672
210 1977 209 672
210 1977 209 672
210 1977 209 672
210 1977 209 672
210 1977 209 672
210 1977 209 672
210 1977 209 672
210 1977 209 672
210 1977 209 672
210 1977 209 672
210 1977 209 672
210 1977 209 672
210 1977 209 672
210 1977 209 672
210 1977 209 672
210 1977 209 672
210 1977 209 672
210 1977 209 672
210 1977 209 672
210 1977 209 672
210 1977 209 672
210 1977 209 672
210 1977 209 672
210 1977 209 672
204 1954 203 673
199 1940 198 674
198 1934 192 675
198 1934 192 675
198 1927 192 677
210 1982 209 672
210 1982 209 672
206 1998 191 675
199 1927 187 678
204 1944 197 676
205 1958 198 674
205 1950 203 675
205 1957 203 673
205 1957 203 673
205 1958 198 674
210 1982 209 672
217 2038 193 675
210 1983 209 672
207 2006 192 677
199 1935 198 678
205 1966 199 674
205 1958 204 673
209 1971 203 673
209 1971 203 673
205 1958 204 673
209 1971 203 673
209 1971 203 673
210 1986 209 672
210 1986 209 672
203 1936 198 678
205 1966 204 673
209 1979 203 673
205 1968 203 675
205 1968 203 675
211 1986 209 672
210 1995 209 672
209 2000 203 673
205 1972 204 675
204 1998 198 678
209 1978 203 675
210 1993 209 674
211 1986 209 672
210 1995 209 672
210 1995 209 672
214 2004 208 677
211 1990 209 672
210 1996 209 672
209 2015 203 673
209 2010 203 675
210 1996 209 672
210 1996 209 672
210 1996 209 672
210 1996 209 672
222 2025 203 673
218 2009 217 672
210 2021 209 672
209 2034 203 673
214 2019 209 672
214 2033 203 673
211 2042 204 673
210 2022 209 672
209 2051 204 673
219 2026 218 675
210 2032 209 672
214 2032 209 674
210 2038 209 672
211 2058 209 672
210 2047 209 674
219 2050 218 675
217 2068 209 672
216 2048 212 676
218 2072 217 672
217 2075 209 672
220 2092 209 672
224 2106 216 680
221 2108 209 672
