56399 780.085
190 2210 178 681
183 2274 173 685
191 2241 190 679
185 2363 185 679
194 2193 177 686
199 2260 183 678
191 2293 187 677
195 2324 174 684
187 2185 181 687
187 2339 183 678
184 2226 178 684
184 2310 178 682
196 2251 175 683
203 2309 193 676
190 2350 175 683
188 2293 183 678
194 2476 193 676
188 2410 187 677
191 2222 173 685
189 2318 187 677
185 2238 173 685
189 2277 181 680
193 2276 183 678
185 2283 178 681
185 2239 183 681
189 2220 177 684
186 2339 177 684
187 2231 178 682
189 2250 176 684
191 2212 176 686
185 2238 178 682
200 2370 193 676
217 2707 199 675
186 2253 178 681
189 2213 178 684
186 2450 184 679
196 2457 193 676
199 2390 193 676
191 2272 181 680
196 2265 182 680
203 2307 198 676
186 2350 186 680
183 2176 174 688
191 2280 183 679
198 2416 198 676
195 2299 176 683
198 2439 193 676
193 2265 186 680
194 2311 175 684
211 2563 204 675
194 2346 175 683
223 2548 199 675
219 2727 173 684
184 2377 184 681
184 2377 184 681
190 2225 178 681
186 2279 178 681
196 2347 173 685
195 2361 174 684
200 2277 181 680
203 2314 177 684
196 2323 177 691
206 2412 183 679
245 3110 221 690
267 3281 201 704
240 3029 197 698
272 3230 187 690
264 3406 187 690
262 3239 208 693
252 2952 220 696
247 3160 196 693
250 3006 191 691
232 2948 193 696
269 3070 195 692
295 3792 217 700
266 3184 210 697
272 3281 203 704
263 3125 203 697
261 3357 191 691
299 3669 196 699
222 2721 193 696
211 2721 179 689
296 3703 231 692
251 2909 203 698
246 3235 212 694
232 3032 197 697
245 2941 188 696
260 3416 197 691
285 3316 218 695
226 2824 182 695
303 3728 224 704
256 3367 208 696
250 2928 186 692
268 3294 222 704
251 3098 197 697
248 3110 192 694
222 2765 192 700
259 3318 216 708
239 2876 190 698
262 3270 204 689
280 3333 210 698
281 3636 210 703
243 2901 189 696
256 3174 206 691
288 3514 206 693
242 2896 197 696
249 3260 216 701
229 2891 190 709
264 3300 196 702
259 2980 207 696
248 3037 202 691
273 3585 187 691
267 3191 212 698
256 3114 197 689
275 3360 217 707
242 3003 191 694
218 2936 217 699
220 2859 203 699
276 3435 204 689
265 3214 219 694
260 3348 212 700
242 3231 211 686
256 3172 185 704
243 2986 206 696
253 3124 186 692
257 2935 196 693
264 3339 194 700
272 3329 182 697
236 2976 197 701
237 3052 202 707
257 2956 209 699
264 3255 196 703
261 3230 203 701
243 3156 196 691
239 2967 188 698
230 2886 203 690
294 3488 203 699
248 3104 197 692
264 3129 195 684
275 3376 213 690
260 3383 204 704
263 3218 199 687
246 2919 211 696
267 3410 203 694
249 3117 207 694
236 2854 200 697
237 2839 212 687
259 3368 196 693
220 2726 192 710
290 3409 190 693
234 2938 205 689
262 3225 196 698
246 3008 194 697
254 3258 203 697
226 2767 190 690
277 3534 197 701
231 2725 199 691
280 3626 204 703
254 3085 199 686
294 3733 207 699
279 3548 185 698
251 3072 188 702
255 3344 217 702
277 3519 221 694
249 3072 212 697
255 3242 205 703
250 3006 228 695
272 3363 192 694
241 2924 194 692
255 3120 212 696
247 3010 203 694
251 2984 193 697
270 3289 223 700
248 3022 194 684
249 2969 192 693
229 2951 197 690
264 3151 196 695
276 3544 229 695
266 3377 206 695
232 2782 195 692
272 3336 194 691
252 3136 223 698
254 3056 198 699
227 2744 202 701
249 2837 192 691
276 3365 197 693
271 3318 216 698
253 3199 196 688
272 3355 195 698
252 3134 194 696
233 2908 192 684
299 3711 223 697
299 3728 201 694
246 3085 197 695
263 3294 199 692
250 3038 210 700
238 2965 208 688
246 2988 201 699
277 3666 208 686
255 3310 223 700
216 2775 197 700
273 3211 193 694
245 3079 206 695
257 3110 218 690
273 3517 208 694
242 3184 204 701
280 3383 211 686
277 3494 215 693
262 3234 196 701
245 3052 216 689
276 3443 205 684
269 3315 195 698
266 3519 223 699
282 3405 194 696
211 2668 180 688
249 3037 191 700
226 2724 195 685
271 3132 229 691
218 2720 185 696
271 3235 207 700
273 3403 206 698
266 3372 214 702
221 2849 198 700
243 3065 201 699
265 3182 215 699
251 3257 203 701
280 3270 207 702
271 2965 233 694
250 3120 216 700
283 3691 185 695
250 3096 211 694
271 3198 196 699
253 3137 209 694
257 3132 190 698
264 3020 203 691
243 3026 194 691
255 3283 188 700
248 3168 211 700
238 2991 204 695
233 2924 203 693
259 3185 210 690
266 3023 206 701
257 3206 193 700
273 3342 195 700
224 2883 202 696
282 3343 232 692
258 3142 189 694
230 3008 215 701
254 3190 189 695
246 2943 212 698
277 3353 229 698
254 3036 188 696
267 3378 215 702
261 3309 212 694
247 2952 207 697
224 2734 196 695
249 2849 207 695
275 3467 242 705
256 3361 201 698
253 3145 197 693
257 3150 200 694
263 3357 203 691
241 2868 216 697
233 2851 199 700
274 3144 201 697
265 3390 217 696
237 3054 194 697
274 3521 219 692
265 3057 215 692
228 2864 198 695
265 3308 206 692
267 3412 216 697
277 3329 209 696
271 3512 222 699
287 3657 185 698
288 3740 201 697
266 3185 197 710
262 3314 194 687
249 3062 222 696
259 3372 204 709
247 3204 202 697
218 2780 189 696
277 3261 232 691
249 3215 196 697
258 3191 184 689
260 3258 188 698
276 3313 207 702
267 3430 224 695
281 3502 213 692
252 3195 191 705
274 3496 216 690
258 3228 201 694
258 3171 223 698
280 3292 196 697
308 3698 205 693
267 3242 196 691
259 3157 212 696
263 3233 195 694
284 3291 195 690
225 2706 211 691
