1988 49.7232
179 1958 178 680
179 2007 172 687
173 2069 173 685
209 2237 209 672
209 2237 209 672
203 2175 203 673
203 2175 203 673
191 2041 191 675
197 2151 197 674
176 2093 173 683
197 2151 197 674
197 2151 197 674
191 2041 191 675
197 2151 197 674
187 2004 185 676
197 2151 197 674
197 2151 197 674
179 1958 178 680
177 2089 172 687
174 2006 174 683
173 2069 173 685
177 2011 175 682
178 2018 173 685
178 1974 176 682
178 2084 173 683
174 2066 173 685
175 2033 175 682
187 2004 185 676
188 2002 185 676
191 2041 191 675
184 1967 180 679
191 2041 191 675
173 2069 173 685
182 1971 180 679
183 1977 183 678
183 1977 183 678
203 2175 203 673
179 1958 178 680
180 1973 180 679
183 1989 183 677
191 2041 191 675
183 1989 183 677
191 2041 191 675
187 2004 185 676
183 1977 183 678
185 2009 185 676
175 2005 174 683
187 2004 185 676
184 1967 180 679
176 1962 174 683
185 2009 185 676
179 1958 178 680
183 1977 183 678
178 2018 173 685
183 1989 183 677
179 1982 179 679
177 2089 172 687
179 1995 175 682
177 1980 176 682
174 2066 173 685
173 2069 173 685
180 1973 180 679
178 1960 178 680
177 2011 175 682
182 1971 180 679
181 1981 179 679
183 1970 180 679
174 2006 174 683
181 1981 179 679
175 2033 175 682
191 2041 191 675
179 1958 178 680
180 1973 180 679
188 2002 185 676
177 2091 173 683
184 1967 180 679
178 1960 178 680
185 2009 185 676
181 1981 179 679
182 1971 180 679
177 2091 173 683
179 1958 178 680
177 2011 175 682
178 2018 173 685
183 1989 183 677
179 2001 173 683
178 2084 173 683
176 1962 174 683
183 1977 183 678
184 1967 180 679
178 1974 176 682
183 1970 180 679
178 1960 178 680
187 2004 185 676
177 2091 173 683
185 2009 185 676
182 1971 180 679
179 2007 172 687
176 1962 174 683
177 2091 173 683
179 1982 179 679
187 2004 185 676
175 2005 174 683
188 2002 185 676
180 1973 180 679
179 2001 173 683
187 2004 185 676
177 2091 173 683
175 2005 174 683
185 2009 185 676
178 1960 178 680
178 1974 176 682
187 2004 185 676
203 2175 203 673
191 2041 191 675
174 2066 173 685
187 2004 185 676
203 2175 203 673
184 1967 180 679
209 2237 209 672
188 2002 185 676
188 2002 185 676
197 2151 197 674
187 2004 185 676
191 2041 191 675
184 1967 180 679
173 2069 173 685
182 1971 180 679
182 1971 180 679
185 2009 185 676
179 1958 178 680
184 1967 180 679
179 1958 178 680
188 2002 185 676
180 1973 180 679
178 2018 173 685
183 1970 180 679
180 1973 180 679
185 2009 185 676
197 2151 197 674
191 2041 191 675
183 1989 183 677
183 1970 180 679
191 2041 191 675
185 2009 185 676
179 1958 178 680
197 2151 197 674
178 1960 178 680
191 2041 191 675
187 2004 185 676
191 2041 191 675
181 1981 179 679
178 1960 178 680
197 2151 197 674
183 1989 183 677
185 2009 185 676
203 2175 203 673
203 2175 203 673
187 2004 185 676
185 2009 185 676
191 2041 191 675
187 2004 185 676
203 2175 203 673
179 1958 178 680
197 2151 197 674
197 2151 197 674
178 2018 173 685
187 2004 185 676
183 1989 183 677
173 2069 173 685
187 2004 185 676
191 2041 191 675
197 2151 197 674
197 2151 197 674
191 2041 191 675
197 2151 197 674
203 2175 203 673
173 2069 173 685
188 2002 185 676
183 1989 183 677
191 2041 191 675
203 2175 203 673
191 2041 191 675
188 2002 185 676
187 2004 185 676
185 2009 185 676
203 2175 203 673
191 2041 191 675
180 1973 180 679
185 2009 185 676
182 1971 180 679
182 1971 180 679
184 1967 180 679
185 2009 185 676
179 1958 178 680
191 2041 191 675
178 1960 178 680
174 2006 174 683
175 2033 175 682
179 1958 178 680
177 2089 172 687
185 2009 185 676
178 1960 178 680
188 2002 185 676
187 2004 185 676
191 2041 191 675
183 1977 183 678
181 1981 179 679
182 1971 180 679
184 1967 180 679
178 2084 173 683
178 1960 178 680
185 2009 185 676
187 2004 185 676
203 2175 203 673
179 1982 179 679
173 2069 173 685
178 2018 173 685
177 2011 175 682
178 2084 173 683
184 1967 180 679
177 2089 172 687
181 1981 179 679
174 2066 173 685
185 2009 185 676
187 2004 185 676
188 2002 185 676
185 2009 185 676
178 1960 178 680
180 1973 180 679
175 2005 174 683
179 2007 172 687
173 2069 173 685
209 2237 209 672
179 2007 172 687
209 2237 209 672
203 2175 203 673
197 2151 197 674
197 2151 197 674
178 1974 176 682
191 2041 191 675
197 2151 197 674
191 2041 191 675
203 2175 203 673
187 2004 185 676
191 2041 191 675
183 1970 180 679
178 1960 178 680
183 1989 183 677
191 2041 191 675
197 2151 197 674
191 2041 191 675
183 1970 180 679
191 2041 191 675
188 2002 185 676
178 1960 178 680
184 1967 180 679
197 2151 197 674
187 2004 185 676
183 1989 183 677
184 1967 180 679
191 2041 191 675
187 2004 185 676
188 2002 185 676
179 1958 178 680
173 2069 173 685
179 1958 178 680
185 2009 185 676
191 2041 191 675
191 2041 191 675
197 2151 197 674
197 2151 197 674
191 2041 191 675
191 2041 191 675
185 2009 185 676
188 2002 185 676
185 2009 185 676
187 2004 185 676
185 2009 185 676
185 2009 185 676
203 2175 203 673
203 2175 203 673
179 1958 178 680
197 2151 197 674
183 1989 183 677
179 1958 178 680
203 2175 203 673
188 2002 185 676
191 2041 191 675
191 2041 191 675
183 1989 183 677
197 2151 197 674
188 2002 185 676
203 2175 203 673
179 1958 178 680
188 2002 185 676
174 2006 174 683
179 2001 173 683
191 2041 191 675
188 2002 185 676
