148807 2100.2
185 2268 185 706
193 1992 184 704
197 2007 179 704
225 2400 225 684
203 2003 185 703
198 1998 190 703
203 2340 195 695
190 2009 184 704
197 1995 184 704
198 1998 190 703
203 2031 188 698
198 1998 190 703
213 2091 191 696
196 2001 190 702
186 1997 184 704
195 2000 179 704
196 2007 190 702
188 2052 184 706
196 2007 190 702
186 1996 184 705
207 2045 184 698
198 2018 184 699
198 2038 190 699
186 2003 184 704
193 1994 180 705
196 2001 190 702
190 1999 180 705
206 1999 185 703
202 2035 188 698
190 2041 190 703
210 2076 191 696
190 1999 180 705
196 2001 190 702
196 2007 190 702
193 1999 184 704
193 1992 184 704
210 2084 191 696
198 2038 190 699
196 2001 190 702
193 1992 184 704
210 2080 191 696
193 2000 184 704
204 2088 196 696
190 2010 184 704
193 1992 184 707
208 2038 184 698
204 2088 196 696
186 1996 184 705
198 2018 184 699
188 2052 184 706
198 1996 179 704
198 2018 184 699
198 2018 184 699
186 2011 184 705
206 1999 185 703
198 1996 179 704
198 2018 184 699
196 2007 190 702
198 2038 190 699
188 2027 184 704
204 2060 196 696
196 2008 190 702
189 2014 180 705
197 1993 179 704
198 1996 179 704
196 2001 190 702
210 2084 191 696
191 2054 184 699
198 1996 179 704
186 1996 184 705
198 2018 184 699
186 1996 184 705
213 2123 189 696
191 2017 190 703
186 1996 184 705
196 2008 184 703
206 2106 189 696
186 1997 184 704
202 2035 188 698
186 1997 184 704
195 2006 179 704
198 2018 184 699
207 2110 196 696
190 2434 190 700
199 2039 182 701
196 2007 190 702
191 2023 184 701
193 1994 180 705
196 2001 190 702
186 1997 184 704
204 2062 196 696
191 2045 184 700
196 2008 190 702
198 1998 190 703
189 2014 180 705
193 1992 184 707
202 2025 184 699
196 2075 188 698
186 1996 184 705
197 1992 179 704
203 2057 190 697
196 2001 190 702
203 2031 188 698
186 2009 184 704
197 1995 184 704
198 2018 184 699
203 2060 190 697
186 1996 184 705
198 2018 184 699
186 1997 184 704
196 2007 190 702
193 1994 180 705
196 2001 190 702
192 2015 190 703
191 2016 179 704
198 1998 190 703
195 2000 179 704
196 2001 190 702
191 2060 184 699
186 1996 184 705
210 2138 196 696
198 2038 190 699
193 2007 184 703
193 1995 184 704
186 1996 184 705
193 1992 184 704
204 2054 190 697
189 2014 180 705
198 1998 190 703
196 2001 190 702
198 2018 184 699
194 1996 184 704
203 2032 188 698
192 2076 184 699
186 1996 184 705
201 2031 179 702
203 2032 188 698
191 2047 184 699
198 2018 184 699
186 1997 184 704
202 2029 184 699
202 2042 188 698
198 2063 188 698
186 1997 184 704
200 2037 179 702
198 2018 184 699
198 2034 184 699
196 2001 190 702
196 2001 190 702
186 1996 184 705
198 2018 184 699
193 1995 184 704
193 1994 180 705
196 2001 190 702
191 2023 184 701
197 1995 184 704
218 2477 213 686
193 2036 184 700
190 2002 184 704
186 1996 184 705
207 2045 184 698
190 1999 180 705
198 2018 184 699
196 2001 190 702
197 1995 184 704
209 2075 184 698
204 2088 196 696
186 1997 184 704
198 2018 184 699
188 2052 184 706
195 2000 179 704
205 2001 185 703
202 2025 184 699
190 2434 190 700
193 1994 180 705
197 1992 179 704
197 2011 184 703
203 2032 188 698
196 2008 190 702
186 2052 184 704
210 2353 195 695
198 2018 184 699
191 2060 184 699
193 1995 184 704
194 1996 184 704
194 1996 184 704
202 2322 195 695
190 2010 184 704
186 1996 184 705
193 1992 184 704
202 2025 184 699
186 1996 184 705
202 2042 188 698
191 2047 184 699
193 1992 184 707
200 2033 184 699
198 2018 184 699
186 2009 184 704
203 2003 185 703
186 1996 184 705
209 2052 184 698
210 2080 191 696
204 2055 190 697
190 2002 184 704
198 2018 184 699
196 2001 190 702
190 1999 180 705
193 1994 180 705
196 2007 190 702
186 2003 184 704
206 2072 196 696
196 2007 190 702
194 1996 184 704
196 2001 190 702
186 1997 184 704
193 1992 184 707
206 2072 196 696
198 2018 184 699
196 2001 190 702
193 1992 184 704
208 2093 196 696
193 1999 184 704
198 2018 184 699
186 1996 184 705
193 1992 184 704
206 2106 189 696
207 2110 196 696
193 1999 184 704
213 2123 189 696
191 2010 190 703
206 1999 185 703
191 2082 182 702
196 2007 190 702
186 2003 184 705
197 2000 179 704
205 2001 185 703
198 2026 184 699
196 2008 190 702
194 2043 184 700
186 2011 184 705
206 2072 196 696
198 2018 184 699
190 1999 180 705
198 1996 179 704
190 1999 180 705
196 2001 190 702
198 2018 184 699
186 2003 184 705
198 1998 190 703
193 1994 180 705
196 2007 190 702
193 1992 184 704
203 2032 188 698
196 2007 190 702
191 2010 190 703
197 1996 179 704
198 2024 184 699
191 2045 184 700
201 2375 190 696
190 2010 184 704
199 2023 179 703
198 2018 184 699
201 2146 189 696
188 2033 184 704
197 2007 179 704
196 2008 190 702
192 2075 182 701
196 2001 190 702
196 2001 190 702
186 1996 184 705
202 2042 188 698
189 2014 180 705
196 2001 190 702
196 2001 190 702
190 1999 180 705
198 1996 179 704
213 2117 191 696
198 2018 184 699
186 1997 184 704
193 1992 184 704
208 2114 196 696
196 2001 190 702
203 2032 188 698
191 2010 190 703
194 1996 184 704
198 2018 184 699
198 2018 184 699
186 1996 184 705
207 2045 184 698
190 2009 184 704
198 2018 184 699
198 2018 184 699
196 2008 190 702
189 2018 184 704
189 2007 180 705
193 1995 184 704
193 1994 180 705
196 2001 190 702
191 2060 184 699
186 1996 184 705
