427369 2520.13
191 2516 183 688
214 2445 176 683
269 3496 204 673
191 2516 183 688
258 3213 208 673
233 3028 218 673
258 3213 208 673
246 3276 212 673
246 3276 212 673
269 3393 179 679
258 3213 208 673
228 2979 180 679
258 3213 208 673
219 2953 186 676
269 3496 204 673
269 3496 204 673
224 2844 185 676
269 3393 179 679
233 3150 216 673
233 3028 218 673
213 2747 206 674
233 3150 216 673
209 2683 183 677
216 2608 199 674
206 2462 191 682
212 2716 178 683
230 2861 175 682
215 2678 186 680
258 3209 214 673
244 3246 191 675
215 2867 175 684
204 2570 183 681
258 3213 208 673
206 2462 191 682
238 2690 180 679
258 3213 208 673
212 2716 178 683
196 2628 178 685
207 2668 189 678
215 2678 186 680
213 2747 206 674
232 2959 197 674
215 2678 186 680
212 2755 200 675
204 2622 187 679
191 2516 183 688
207 2668 189 678
207 2514 183 687
213 2826 192 675
204 2570 183 681
201 2558 173 685
191 2516 183 688
244 3246 191 675
217 2666 178 680
208 2645 203 676
215 2867 175 684
269 3393 179 679
209 2683 183 677
202 2554 196 681
196 2628 178 685
201 2651 185 684
224 2844 185 676
206 2462 191 682
208 2644 202 678
244 3246 191 675
213 2747 206 674
201 2558 173 685
207 2514 183 687
216 2608 199 674
258 3209 214 673
235 2784 175 684
233 3028 218 673
217 2666 178 680
238 2690 180 679
202 2554 196 681
197 2597 174 687
258 3213 208 673
233 3150 216 673
202 2603 182 683
207 2668 189 678
207 2668 189 678
207 2668 189 678
238 2690 180 679
269 3496 204 673
218 2798 174 684
213 2826 192 675
213 2826 192 675
205 2743 183 679
212 2716 178 683
193 2537 193 684
235 2784 175 684
198 2544 180 686
193 2537 193 684
232 2959 197 674
207 2668 189 678
230 2861 175 682
212 2755 200 675
206 2462 191 682
217 2699 191 676
214 2445 176 683
193 2537 193 684
219 2953 186 676
212 2716 178 683
216 2608 199 674
219 2953 186 676
208 2645 203 676
235 2784 175 684
258 3209 214 673
193 2537 193 684
230 2861 175 682
228 2979 180 679
208 2645 203 676
214 2445 176 683
201 2558 173 685
205 2743 183 679
232 2959 197 674
213 2826 192 675
208 2644 202 678
203 2571 187 683
217 2699 191 676
246 3276 212 673
197 2597 174 687
202 2554 196 681
233 3150 216 673
198 2587 196 681
232 2959 197 674
217 2666 178 680
204 2622 187 679
205 2743 183 679
230 2861 175 682
213 2826 192 675
207 2668 189 678
219 2953 186 676
209 2683 183 677
198 2587 196 681
207 2668 189 678
204 2622 187 679
235 2784 175 684
215 2867 175 684
230 2861 175 682
205 2743 183 679
258 3209 214 673
258 3213 208 673
207 2514 183 687
196 2628 178 685
206 2462 191 682
233 3028 218 673
258 3213 208 673
230 2861 175 682
208 2644 202 678
214 2445 176 683
246 3276 212 673
212 2716 178 683
216 2608 199 674
213 2747 206 674
219 2953 186 676
232 2959 197 674
233 3150 216 673
219 2953 186 676
205 2743 183 679
233 3028 218 673
193 2537 193 684
191 2516 183 688
230 2861 175 682
206 2462 191 682
244 3246 191 675
213 2826 192 675
246 3276 212 673
202 2554 196 681
191 2516 183 688
215 2867 175 684
206 2462 191 682
212 2716 178 683
206 2462 191 682
258 3213 208 673
230 2861 175 682
258 3213 208 673
213 2826 192 675
258 3213 208 673
215 2867 175 684
269 3393 179 679
233 3028 218 673
230 2861 175 682
258 3209 214 673
244 3246 191 675
202 2554 196 681
246 3276 212 673
258 3213 208 673
232 2959 197 674
269 3393 179 679
213 2747 206 674
201 2558 173 685
233 3028 218 673
217 2666 178 680
258 3213 208 673
246 3276 212 673
208 2645 203 676
217 2699 191 676
269 3393 179 679
215 2867 175 684
204 2622 187 679
217 2699 191 676
219 2953 186 676
197 2597 174 687
224 2844 185 676
207 2668 189 678
269 3496 204 673
197 2597 174 687
244 3246 191 675
216 2608 199 674
219 2953 186 676
224 2844 185 676
193 2537 193 684
196 2628 178 685
214 2445 176 683
201 2558 173 685
202 2554 196 681
232 2959 197 674
246 3276 212 673
214 2445 176 683
269 3393 179 679
233 3150 216 673
232 2959 197 674
204 2622 187 679
208 2645 203 676
219 2953 186 676
198 2587 196 681
207 2668 189 678
204 2622 187 679
191 2516 183 688
230 2861 175 682
213 2826 192 675
235 2784 175 684
233 3028 218 673
238 2690 180 679
202 2554 196 681
197 2597 174 687
202 2603 182 683
207 2668 189 678
207 2668 189 678
238 2690 180 679
207 2514 183 687
218 2798 174 684
205 2743 183 679
213 2826 192 675
205 2743 183 679
201 2558 173 685
198 2544 180 686
193 2537 193 684
232 2959 197 674
207 2668 189 678
213 2747 206 674
212 2755 200 675
217 2699 191 676
269 3393 179 679
258 3213 208 673
230 2861 175 682
258 3213 208 673
213 2826 192 675
258 3213 208 673
215 2867 175 684
213 2747 206 674
230 2861 175 682
258 3209 214 673
258 3213 208 673
232 2959 197 674
215 2678 186 680
233 3028 218 673
217 2666 178 680
258 3213 208 673
246 3276 212 673
208 2645 203 676
217 2699 191 676
269 3393 179 679
215 2867 175 684
197 2597 174 687
258 3213 208 673
207 2668 189 678
191 2516 183 688
201 2558 173 685
196 2628 178 685
206 2462 191 682
213 2826 192 675
258 3213 208 673
230 2861 175 682
207 2514 183 687
191 2516 183 688
212 2716 178 683
216 2608 199 674
207 2668 189 678
238 2690 180 679
233 3028 218 673
230 2861 175 682
206 2462 191 682
213 2826 192 675
246 3276 212 673
212 2755 200 675
191 2516 183 688
215 2867 175 684
206 2462 191 682
