146906 1020.14
219 2812 173 685
191 2485 181 690
205 2484 194 689
199 2618 179 691
238 3101 213 673
205 2484 194 689
290 3726 192 675
277 3465 198 675
238 3101 213 673
268 3465 192 676
268 3465 192 676
224 2929 207 674
195 2641 190 687
271 3326 187 676
219 2812 173 685
260 3188 201 675
195 2641 190 687
205 2484 194 689
214 2568 192 680
216 2746 183 679
244 3045 202 674
268 3217 177 682
246 3171 175 684
191 2485 181 690
238 3052 206 674
251 3297 199 675
260 3188 201 675
212 2651 188 677
226 2857 178 682
271 3326 187 676
235 2879 178 681
226 2857 178 682
204 2714 176 688
271 3326 187 676
216 2746 183 679
233 2981 180 679
212 2710 203 675
238 3052 206 674
200 2537 187 686
210 2791 183 678
233 2981 180 679
239 3270 200 675
204 2547 185 689
233 2981 180 679
205 2568 194 685
210 2672 196 683
216 2779 182 683
233 2779 175 686
250 3302 176 682
224 2896 180 681
199 2618 179 691
204 2714 176 688
212 2651 188 677
210 2672 196 683
238 3101 213 673
205 2484 194 689
199 2618 179 691
204 2547 185 689
210 2602 189 684
246 3171 175 684
210 2791 183 678
209 2780 197 676
271 3326 187 676
214 2813 187 677
233 2981 180 679
244 3045 202 674
239 3270 200 675
233 2779 175 686
268 3217 177 682
260 3188 201 675
212 2651 188 677
226 2857 178 682
199 2618 179 691
250 3302 176 682
220 2691 183 680
206 2515 199 682
210 2672 196 683
224 2929 207 674
203 2704 187 682
224 2929 207 674
195 2641 190 687
218 2687 186 684
199 2618 179 691
210 2602 189 684
206 2515 199 682
239 3270 200 675
268 3465 192 676
235 2879 178 681
251 3297 199 675
200 2713 187 683
212 2710 203 675
197 2592 183 685
211 2620 187 683
209 2824 183 679
233 2779 175 686
218 2928 178 680
218 2687 186 684
204 2714 176 688
195 2641 190 687
224 2896 180 681
216 2779 182 683
233 2981 180 679
233 2779 175 686
216 2746 183 679
244 3045 202 674
210 2602 189 684
238 3052 206 674
191 2485 181 690
200 2537 187 686
210 2602 189 684
204 2714 176 688
206 2515 199 682
216 2779 182 683
210 2791 183 678
233 2981 180 679
268 3465 192 676
233 2981 180 679
218 2928 178 680
216 2779 182 683
250 3302 176 682
214 2568 192 680
197 2592 183 685
210 2602 189 684
210 2672 196 683
212 2651 188 677
239 3270 200 675
212 2710 203 675
204 2714 176 688
226 2857 178 682
199 2618 179 691
209 2824 183 679
209 2686 178 685
205 2484 194 689
220 2691 183 680
250 3302 176 682
211 2620 187 683
268 3217 177 682
204 2714 176 688
250 3302 176 682
209 2686 178 685
268 3217 177 682
209 2780 197 676
251 3297 199 675
224 2896 180 681
204 2547 185 689
204 2714 176 688
224 2896 180 681
195 2641 190 687
191 2485 181 690
268 3217 177 682
191 2485 181 690
233 2981 180 679
204 2714 176 688
251 3297 199 675
239 3270 200 675
214 2568 192 680
251 3297 199 675
226 2857 178 682
233 2981 180 679
233 2981 180 679
271 3326 187 676
205 2568 194 685
191 2485 181 690
224 2896 180 681
204 2714 176 688
200 2713 187 683
216 2746 183 679
191 2485 181 690
205 2568 194 685
268 3465 192 676
224 2896 180 681
191 2485 181 690
191 2485 181 690
204 2547 185 689
235 2879 178 681
204 2714 176 688
205 2484 194 689
210 2602 189 684
271 3326 187 676
216 2746 183 679
211 2620 187 683
238 3052 206 674
211 2620 187 683
210 2602 189 684
210 2602 189 684
204 2714 176 688
220 2691 183 680
209 2780 197 676
212 2710 203 675
220 2691 183 680
200 2713 187 683
271 3326 187 676
199 2618 179 691
200 2713 187 683
212 2651 188 677
239 3270 200 675
200 2713 187 683
205 2484 194 689
239 3270 200 675
290 3726 192 675
220 2691 183 680
233 2981 180 679
212 2651 188 677
224 2896 180 681
204 2714 176 688
210 2672 196 683
238 3101 213 673
205 2484 194 689
199 2618 179 691
246 3171 175 684
209 2780 197 676
271 3326 187 676
214 2813 187 677
233 2779 175 686
260 3188 201 675
233 2779 175 686
199 2618 179 691
250 3302 176 682
206 2515 199 682
210 2672 196 683
224 2929 207 674
218 2687 186 684
268 3465 192 676
235 2879 178 681
218 2687 186 684
216 2779 182 683
233 2981 180 679
251 3297 199 675
191 2485 181 690
290 3726 192 675
277 3465 198 675
238 3101 213 673
224 2929 207 674
195 2641 190 687
271 3326 187 676
205 2484 194 689
214 2568 192 680
216 2746 183 679
244 3045 202 674
238 3052 206 674
233 2779 175 686
260 3188 201 675
212 2651 188 677
271 3326 187 676
235 2879 178 681
226 2857 178 682
204 2714 176 688
216 2746 183 679
233 2981 180 679
238 3052 206 674
233 2981 180 679
216 2779 182 683
210 2602 189 684
251 3297 199 675
239 3270 200 675
214 2568 192 680
233 2981 180 679
233 2981 180 679
191 2485 181 690
224 2896 180 681
216 2746 183 679
191 2485 181 690
268 3465 192 676
204 2547 185 689
205 2484 194 689
204 2714 176 688
211 2620 187 683
238 3052 206 674
211 2620 187 683
210 2602 189 684
204 2714 176 688
220 2691 183 680
199 2618 179 691
200 2713 187 683
239 3270 200 675
200 2713 187 683
205 2484 194 689
250 3302 176 682
238 3052 206 674
200 2537 187 686
206 2515 199 682
216 2779 182 683
210 2791 183 678
218 2928 178 680
197 2592 183 685
210 2672 196 683
212 2651 188 677
199 2618 179 691
209 2824 183 679
220 2691 183 680
211 2620 187 683
250 3302 176 682
209 2686 178 685
209 2780 197 676
251 3297 199 675
204 2714 176 688
195 2641 190 687
191 2485 181 690
268 3217 177 682
219 2812 173 685
