113419 840.077
293 3581 202 674
218 2414 184 696
218 2414 184 696
284 3635 193 675
189 2583 184 689
242 3106 173 686
242 3106 173 686
233 2783 207 674
228 2853 222 673
265 3259 197 675
265 3259 197 675
254 3202 182 679
284 3635 193 675
265 3259 197 675
211 2610 180 696
202 2665 177 693
220 2747 176 684
206 2720 206 679
293 3581 202 674
189 2583 184 689
231 2908 175 683
265 3259 197 675
213 2805 177 687
242 3106 173 686
233 2783 207 674
242 3106 173 686
252 3036 173 690
214 2495 187 685
195 2636 181 681
209 2526 190 692
227 2930 186 677
239 2826 184 678
207 2615 188 688
235 3068 185 677
242 3018 204 675
214 2495 187 685
214 2744 195 679
227 2930 186 677
220 2747 176 684
254 3202 182 679
238 3166 187 676
220 2747 176 684
218 2976 183 678
205 2760 178 687
216 2465 183 679
215 2835 199 677
293 3581 202 674
215 2835 199 677
293 3581 202 674
293 3581 202 674
209 2526 190 692
214 2945 178 680
213 2805 177 687
238 3166 187 676
216 2667 192 676
265 3259 197 675
238 3166 187 676
265 3259 197 675
214 2744 195 679
216 2465 183 679
215 2835 199 677
195 2636 181 681
216 2667 192 676
265 3259 197 675
203 2625 182 691
235 3068 185 677
189 2583 184 689
228 2853 222 673
215 2864 184 680
209 2526 190 692
195 2636 181 681
265 3259 197 675
210 2893 179 685
215 2835 199 677
216 2667 192 676
227 2930 186 677
252 3036 173 690
231 2908 175 683
265 3259 197 675
204 2546 204 691
195 2636 181 681
234 3074 183 677
209 2526 190 692
235 3068 185 677
228 2853 222 673
210 2893 179 685
209 2526 190 692
231 2908 175 683
204 2546 204 691
215 2849 189 680
211 2610 180 696
238 3166 187 676
195 2636 181 681
228 2853 222 673
231 2908 175 683
198 2574 192 681
238 3166 187 676
242 3106 173 686
206 2720 206 679
254 3202 182 679
204 2546 204 691
204 2546 204 691
214 2495 187 685
213 2629 182 686
215 2849 189 680
233 2783 207 674
216 2667 192 676
235 3068 185 677
203 2625 182 691
234 3074 183 677
242 3106 173 686
205 2760 178 687
284 3635 193 675
210 2893 179 685
209 2526 190 692
207 2615 188 688
216 2465 183 679
211 2610 180 696
231 2908 175 683
238 3166 187 676
238 3166 187 676
231 2908 175 683
205 2760 178 687
214 2744 195 679
205 2760 178 687
203 2625 182 691
202 2665 177 693
205 2760 178 687
234 3074 183 677
203 2625 182 691
213 2805 177 687
204 2546 204 691
211 2610 180 696
216 2465 183 679
203 2625 182 691
215 2835 199 677
189 2583 184 689
195 2636 181 681
195 2636 181 681
203 2625 182 691
235 3068 185 677
234 3074 183 677
220 2747 176 684
215 2864 184 680
218 2414 184 696
195 2636 181 681
218 2414 184 696
189 2583 184 689
220 2651 177 691
231 2908 175 683
242 3106 173 686
206 2720 206 679
195 2636 181 681
202 2665 177 693
234 3074 183 677
216 2667 192 676
215 2835 199 677
203 2625 182 691
218 2976 183 678
234 3074 183 677
238 3166 187 676
218 2414 184 696
238 3166 187 676
205 2760 178 687
234 3074 183 677
238 3166 187 676
202 2665 177 693
242 3106 173 686
202 2665 177 693
234 3074 183 677
228 2853 222 673
265 3259 197 675
207 2615 188 688
209 2526 190 692
265 3259 197 675
203 2625 182 691
195 2636 181 681
209 2526 190 692
198 2574 192 681
203 2625 182 691
218 2414 184 696
195 2636 181 681
284 3635 193 675
195 2636 181 681
220 2747 176 684
189 2583 184 689
228 2853 222 673
265 3259 197 675
216 2667 192 676
189 2583 184 689
242 3106 173 686
203 2625 182 691
198 2574 192 681
207 2615 188 688
220 2747 176 684
205 2760 178 687
189 2583 184 689
210 2893 179 685
195 2636 181 681
235 3068 185 677
203 2625 182 691
189 2583 184 689
215 2864 184 680
209 2526 190 692
265 3259 197 675
210 2893 179 685
215 2835 199 677
227 2930 186 677
252 3036 173 690
231 2908 175 683
265 3259 197 675
234 3074 183 677
265 3259 197 675
209 2526 190 692
231 2908 175 683
215 2849 189 680
231 2908 175 683
198 2574 192 681
206 2720 206 679
254 3202 182 679
204 2546 204 691
214 2495 187 685
233 2783 207 674
216 2667 192 676
205 2760 178 687
214 2495 187 685
233 2783 207 674
254 3202 182 679
284 3635 193 675
202 2665 177 693
189 2583 184 689
265 3259 197 675
195 2636 181 681
227 2930 186 677
239 2826 184 678
207 2615 188 688
235 3068 185 677
242 3018 204 675
210 2893 179 685
220 2747 176 684
220 2747 176 684
218 2976 183 678
205 2760 178 687
293 3581 202 674
293 3581 202 674
214 2945 178 680
216 2667 192 676
238 3166 187 676
214 2744 195 679
215 2835 199 677
265 3259 197 675
242 3106 173 686
216 2667 192 676
215 2835 199 677
203 2625 182 691
218 2976 183 678
234 3074 183 677
238 3166 187 676
205 2760 178 687
218 2414 184 696
242 3106 173 686
293 3581 202 674
228 2853 222 673
195 2636 181 681
209 2526 190 692
265 3259 197 675
203 2625 182 691
209 2526 190 692
195 2636 181 681
284 3635 193 675
195 2636 181 681
265 3259 197 675
189 2583 184 689
203 2625 182 691
198 2574 192 681
220 2747 176 684
211 2610 180 696
209 2526 190 692
207 2615 188 688
216 2465 183 679
211 2610 180 696
238 3166 187 676
238 3166 187 676
231 2908 175 683
205 2760 178 687
202 2665 177 693
203 2625 182 691
213 2805 177 687
204 2546 204 691
210 2893 179 685
216 2465 183 679
195 2636 181 681
235 3068 185 677
215 2864 184 680
195 2636 181 681
189 2583 184 689
189 2583 184 689
220 2651 177 691
231 2908 175 683
284 3635 193 675
