189572 1200.06
204 2489 176 695
257 3390 173 683
203 2453 182 687
267 3355 208 674
267 3355 208 674
190 2624 184 683
195 2502 188 688
204 2489 176 695
244 3135 175 682
245 2995 183 677
215 2775 206 676
238 2941 179 679
204 2489 176 695
257 3390 173 683
197 2505 178 687
227 2856 192 676
212 2715 202 677
218 2924 198 675
218 2924 198 675
201 2543 188 686
212 2715 202 677
204 2647 196 681
233 3084 176 683
203 2453 182 687
224 2558 194 678
201 2543 188 686
193 2546 183 682
195 2502 188 688
223 2538 187 685
208 2611 207 679
204 2647 196 681
201 2543 188 686
238 2941 179 679
238 2941 179 679
222 3052 174 684
208 2611 207 679
204 2701 193 680
212 2715 202 677
245 2995 183 677
229 2690 183 680
238 2941 179 679
233 3084 176 683
227 2856 192 676
206 2534 182 686
222 3052 174 684
224 2558 194 678
220 2887 178 680
208 2608 180 681
204 2489 176 695
211 2588 178 682
190 2624 184 683
220 2887 178 680
201 2543 188 686
211 2808 195 676
208 2608 180 681
218 2924 198 675
211 2808 195 676
245 2995 183 677
224 2558 194 678
223 2538 187 685
203 2453 182 687
222 3052 174 684
267 3355 208 674
204 2701 193 680
210 2697 179 686
190 2624 184 683
220 2887 178 680
190 2624 184 683
208 2608 180 681
210 2697 179 686
205 2615 186 678
211 2588 178 682
211 2588 178 682
213 2915 183 678
193 2546 183 682
220 2887 178 680
205 2792 181 685
195 2502 188 688
190 2624 184 683
204 2489 176 695
204 2489 176 695
215 2775 206 676
233 3084 176 683
222 3052 174 684
216 2764 173 685
227 2856 192 676
233 3084 176 683
203 2640 182 684
218 2924 198 675
190 2624 184 683
211 2808 195 676
222 3052 174 684
223 2538 187 685
227 2856 192 676
206 2534 182 686
226 2925 176 684
195 2502 188 688
224 2558 194 678
203 2453 182 687
204 2701 193 680
257 3390 173 683
213 2915 183 678
190 2624 184 683
233 3084 176 683
216 2764 173 685
238 2941 179 679
215 2775 206 676
226 2925 176 684
204 2647 196 681
211 2588 178 682
203 2640 182 684
223 2538 187 685
205 2792 181 685
190 2624 184 683
203 2640 182 684
205 2792 181 685
211 2808 195 676
204 2489 176 695
227 2856 192 676
211 2588 178 682
212 2715 202 677
267 3355 208 674
223 2538 187 685
224 2558 194 678
203 2640 182 684
201 2543 188 686
215 2775 206 676
213 2915 183 678
216 2933 186 676
210 2697 179 686
229 2690 183 680
201 2543 188 686
204 2701 193 680
201 2543 188 686
245 2995 183 677
211 2588 178 682
210 2697 179 686
222 3052 174 684
212 2715 202 677
190 2624 184 683
223 2538 187 685
204 2647 196 681
205 2792 181 685
257 3390 173 683
238 2941 179 679
204 2647 196 681
245 2995 183 677
204 2489 176 695
216 2764 173 685
203 2453 182 687
212 2715 202 677
201 2543 188 686
222 3052 174 684
190 2624 184 683
203 2453 182 687
220 2887 178 680
229 2690 183 680
201 2543 188 686
222 3052 174 684
211 2588 178 682
257 3390 173 683
212 2715 202 677
212 2715 202 677
204 2647 196 681
212 2715 202 677
201 2543 188 686
204 2489 176 695
203 2640 182 684
267 3355 208 674
222 3052 174 684
245 2995 183 677
211 2808 195 676
215 2775 206 676
211 2588 178 682
193 2546 183 682
245 2995 183 677
267 3355 208 674
215 2775 206 676
267 3355 208 674
245 2995 183 677
211 2588 178 682
216 2933 186 676
222 3052 174 684
193 2546 183 682
190 2624 184 683
201 2543 188 686
195 2502 188 688
245 2995 183 677
204 2647 196 681
210 2697 179 686
193 2546 183 682
203 2453 182 687
210 2697 179 686
222 3052 174 684
222 3052 174 684
233 3084 176 683
224 2558 194 678
223 2538 187 685
222 3052 174 684
267 3355 208 674
204 2701 193 680
208 2608 180 681
205 2615 186 678
211 2588 178 682
213 2915 183 678
220 2887 178 680
205 2792 181 685
195 2502 188 688
204 2489 176 695
245 2995 183 677
203 2640 182 684
218 2924 198 675
190 2624 184 683
211 2808 195 676
222 3052 174 684
223 2538 187 685
227 2856 192 676
206 2534 182 686
226 2925 176 684
195 2502 188 688
203 2453 182 687
233 3084 176 683
212 2715 202 677
257 3390 173 683
267 3355 208 674
204 2489 176 695
244 3135 175 682
245 2995 183 677
197 2505 178 687
227 2856 192 676
212 2715 202 677
212 2715 202 677
203 2453 182 687
193 2546 183 682
222 3052 174 684
216 2764 173 685
245 2995 183 677
229 2690 183 680
238 2941 179 679
233 3084 176 683
222 3052 174 684
224 2558 194 678
220 2887 178 680
211 2588 178 682
201 2543 188 686
211 2808 195 676
208 2608 180 681
218 2924 198 675
267 3355 208 674
204 2647 196 681
238 2941 179 679
204 2647 196 681
245 2995 183 677
204 2489 176 695
190 2624 184 683
222 3052 174 684
211 2588 178 682
212 2715 202 677
204 2647 196 681
212 2715 202 677
201 2543 188 686
204 2489 176 695
223 2538 187 685
222 3052 174 684
245 2995 183 677
245 2995 183 677
215 2775 206 676
267 3355 208 674
211 2588 178 682
216 2933 186 676
222 3052 174 684
245 2995 183 677
204 2647 196 681
210 2697 179 686
210 2697 179 686
212 2715 202 677
238 2941 179 679
215 2775 206 676
226 2925 176 684
204 2647 196 681
203 2640 182 684
223 2538 187 685
205 2792 181 685
190 2624 184 683
205 2792 181 685
211 2808 195 676
227 2856 192 676
211 2588 178 682
222 3052 174 684
223 2538 187 685
224 2558 194 678
203 2640 182 684
201 2543 188 686
213 2915 183 678
216 2933 186 676
210 2697 179 686
201 2543 188 686
204 2701 193 680
210 2697 179 686
222 3052 174 684
