80382 1560.28
209 2044 209 672
173 1856 173 685
175 2144 173 683
209 2044 209 672
176 1834 174 683
181 1863 172 687
204 1966 203 673
203 1967 203 673
197 1945 197 674
175 2144 173 683
197 1945 197 674
197 1945 197 674
196 1857 185 678
191 1895 191 675
203 1967 203 673
191 1895 191 675
191 1895 191 675
173 1856 173 685
180 1837 178 680
176 1834 174 683
190 1839 179 679
186 1889 185 676
192 1866 183 677
196 1857 185 678
183 1865 183 678
180 1842 179 679
204 1966 203 673
191 1864 183 678
179 1837 178 681
182 1861 172 687
175 1855 173 685
177 1947 173 683
186 1862 185 678
189 1858 185 678
176 1839 175 682
178 1837 178 682
192 1866 183 677
180 1842 179 679
190 1881 185 676
179 1837 178 681
189 1858 185 678
191 1895 191 675
197 1945 197 674
176 1834 174 683
197 1945 197 674
176 1839 175 682
178 1839 178 680
174 1852 173 686
191 1895 191 675
192 1866 183 677
174 1852 173 686
185 1859 172 687
183 1865 183 678
189 1858 185 678
183 1870 183 677
183 1870 183 677
190 1881 185 676
174 1852 173 686
176 1839 175 682
174 1852 173 686
196 1857 185 678
184 1860 172 687
184 1860 172 687
181 1863 172 687
177 1838 173 685
179 1837 178 681
177 1947 173 683
178 1837 178 682
191 1895 191 675
178 1839 178 680
180 1842 179 679
183 1870 183 677
176 1834 174 683
190 1881 185 676
175 1841 173 686
203 1967 203 673
180 1842 179 679
189 1858 185 678
192 1866 183 677
197 1945 197 674
185 1835 178 681
174 1852 173 686
176 1834 174 683
182 1861 172 687
179 1837 178 681
174 1852 173 686
176 1834 174 683
180 1842 179 679
176 1834 174 683
186 1889 185 676
190 1881 185 676
191 1895 191 675
192 1866 183 677
177 1947 173 683
176 1854 173 685
185 1835 178 681
175 1841 173 686
177 1838 173 685
196 1857 185 678
173 1856 173 685
186 1862 185 678
175 1855 173 685
189 1858 185 678
183 1865 183 678
173 1856 173 685
191 1864 183 678
185 1835 178 681
180 1842 179 679
203 1967 203 673
182 1861 172 687
179 1837 178 681
186 1862 185 678
185 1859 172 687
178 1839 178 680
175 1841 173 686
189 1858 185 678
175 1855 173 685
182 1861 172 687
176 1854 173 685
192 1866 183 677
174 1852 173 686
179 1837 178 681
190 1881 185 676
179 1837 178 681
174 1852 173 686
182 1861 172 687
178 1839 178 680
180 1842 179 679
174 1852 173 686
197 1945 197 674
182 1861 172 687
174 1852 173 686
180 1842 179 679
173 1856 173 685
180 1842 179 679
197 1945 197 674
183 1865 183 678
179 1837 178 681
186 1889 185 676
175 1841 173 686
185 1835 178 681
184 1860 172 687
181 1863 172 687
179 1837 178 681
184 1860 172 687
180 1837 178 680
184 1860 172 687
192 1866 183 677
185 1835 178 681
177 1838 173 685
178 1839 178 680
182 1861 172 687
178 1837 178 682
179 1837 178 681
173 1856 173 685
179 1837 178 681
178 1839 178 680
174 1852 173 686
197 1945 197 674
179 1837 178 681
191 1895 191 675
192 1866 183 677
175 1841 173 686
175 2144 173 683
177 1838 173 685
197 1945 197 674
179 1837 178 681
180 1837 178 680
179 1837 178 681
183 1870 183 677
175 1855 173 685
176 1834 174 683
178 1839 178 680
179 1837 178 681
174 1852 173 686
177 1838 173 685
178 1837 178 682
173 1856 173 685
178 1839 178 680
177 1838 173 685
204 1966 203 673
178 1837 178 682
192 1866 183 677
175 1855 173 685
197 1945 197 674
204 1966 203 673
189 1858 185 678
178 1839 178 680
176 1834 174 683
180 1837 178 680
197 1945 197 674
186 1862 185 678
175 2144 173 683
175 1855 173 685
176 1834 174 683
176 1839 175 682
209 2044 209 672
175 1855 173 685
175 1855 173 685
196 1857 185 678
176 1834 174 683
197 1945 197 674
181 1863 172 687
175 1841 173 686
185 1859 172 687
184 1860 172 687
204 1966 203 673
191 1864 183 678
180 1837 178 680
174 1852 173 686
175 1839 174 683
190 1881 185 676
192 1866 183 677
183 1870 183 677
189 1858 185 678
177 1838 173 685
179 1837 178 681
175 1855 173 685
174 1852 173 686
191 1895 191 675
176 1834 174 683
179 1837 178 681
182 1861 172 687
178 1839 178 680
178 1839 178 680
176 1839 175 682
180 1842 179 679
179 1837 178 681
173 1856 173 685
174 1852 173 686
183 1870 183 677
174 1852 173 686
181 1863 172 687
203 1967 203 673
190 1881 185 676
180 1842 179 679
182 1861 172 687
183 1870 183 677
192 1866 183 677
191 1864 183 678
175 1855 173 685
176 1839 175 682
186 1862 185 678
191 1895 191 675
196 1857 185 678
197 1945 197 674
191 1895 191 675
197 1945 197 674
204 1966 203 673
209 2044 209 672
182 1861 172 687
186 1889 185 676
189 1858 185 678
197 1945 197 674
179 1837 178 681
179 1837 178 681
175 1855 173 685
191 1895 191 675
204 1966 203 673
175 1841 173 686
174 1852 173 686
191 1895 191 675
176 1834 174 683
183 1870 183 677
178 1839 178 680
180 1837 178 680
186 1862 185 678
179 1837 178 681
179 1837 178 681
176 1834 174 683
176 1834 174 683
183 1870 183 677
184 1860 172 687
180 1837 178 680
179 1837 178 681
196 1857 185 678
178 1839 178 680
175 1855 173 685
183 1870 183 677
177 1838 173 685
179 1837 178 681
179 1837 178 681
176 1834 174 683
181 1863 172 687
174 1852 173 686
175 1841 173 686
184 1860 172 687
177 1838 173 685
176 1839 175 682
180 1837 178 680
176 1834 174 683
191 1895 191 675
178 1839 178 680
189 1858 185 678
175 1855 173 685
189 1858 185 678
204 1966 203 673
179 1837 178 681
192 1866 183 677
181 1863 172 687
