55494 1560.77
247 3040 188 692
264 2933 206 680
250 2931 182 682
227 2780 208 673
220 2689 178 681
272 3607 224 700
259 2981 176 690
250 3043 193 693
295 3532 193 694
261 3246 234 690
255 3220 201 694
281 3276 180 688
259 3177 203 688
283 3556 201 697
238 3093 187 699
250 3068 197 690
263 3153 213 689
244 2907 187 682
271 3371 238 692
271 3129 201 692
249 3005 188 680
250 3132 202 702
250 3250 205 687
254 3035 197 697
269 3147 185 691
222 2698 192 683
273 3396 223 689
249 2994 188 692
232 2830 182 689
221 2582 187 685
274 3236 208 686
253 2937 190 683
303 3855 200 690
255 3019 192 684
236 2685 182 684
242 2994 191 684
255 3037 209 685
258 3032 220 693
252 3054 179 679
238 2965 198 683
241 3070 181 680
267 3082 183 679
262 3278 192 681
277 3046 187 688
224 2781 188 686
240 2751 194 690
242 2958 187 692
264 3051 198 675
248 2868 194 688
240 3097 183 688
250 3170 193 681
264 3293 208 695
268 3235 192 688
242 2837 187 683
265 3250 196 677
247 3102 193 693
240 2916 189 682
250 2919 205 687
288 3649 207 695
225 2827 192 682
262 3236 203 690
249 2901 187 694
273 3362 190 683
260 3184 198 682
252 3025 196 677
293 3728 206 701
260 3158 179 685
222 2716 196 692
302 3629 234 703
287 3622 240 690
259 2856 198 685
248 3047 186 692
261 3083 191 684
253 3158 195 683
285 3480 185 681
225 2680 204 678
226 2825 187 689
330 4251 192 687
231 2664 191 677
285 3565 202 690
255 2961 189 699
265 3359 205 683
298 3602 237 702
262 3084 190 689
246 3292 190 693
269 3302 189 701
282 3326 212 688
261 3333 194 703
245 3113 217 702
271 3295 219 707
236 3207 220 680
236 2956 191 698
295 3376 199 697
229 2752 179 684
246 3309 185 681
254 2858 179 682
257 2974 209 677
289 3851 194 707
340 4024 190 696
264 3202 181 679
252 3141 209 693
235 2978 186 696
264 3091 192 678
243 2900 178 681
317 3897 197 690
272 3358 187 688
267 3243 181 689
285 3505 179 685
270 3103 194 692
250 3100 196 685
269 3172 197 679
240 3058 187 683
257 3203 191 682
279 3202 178 683
234 2946 192 680
273 3212 198 694
292 3658 191 695
267 3009 201 693
266 3222 213 693
337 4047 219 694
267 3211 200 692
282 3547 208 710
225 2776 192 678
263 3206 206 696
250 3039 209 678
243 2993 183 684
278 3287 209 703
278 3565 208 679
249 2881 203 690
266 2957 204 692
255 3064 212 701
267 3344 201 677
280 3310 216 682
230 2876 192 683
252 3058 186 678
241 3108 191 687
266 3319 226 687
238 2887 178 687
248 2957 197 691
265 3113 206 686
248 3030 180 680
241 2989 179 686
266 3356 192 676
283 3733 179 684
281 3251 185 684
254 3217 211 677
261 3240 192 680
244 3145 195 693
238 2986 197 691
255 3193 196 696
304 3741 214 696
266 3502 232 692
261 3221 215 702
246 3102 192 679
252 3353 232 697
276 3449 199 691
270 3560 207 675
273 3134 196 692
275 2886 199 687
242 3164 201 682
255 2989 190 688
259 3118 193 677
291 3449 198 701
283 3328 182 687
267 3385 194 691
275 3428 198 694
292 3201 191 687
269 3177 198 682
302 3461 195 694
274 3350 199 690
267 2904 190 680
266 3271 196 693
304 3842 221 690
246 3152 190 687
249 3184 184 690
256 2912 191 690
261 3295 190 691
231 2856 181 685
238 3049 207 695
257 3240 187 682
231 2690 181 686
248 3173 216 700
290 3665 201 702
236 3022 194 683
275 3213 204 693
237 2790 214 687
249 2787 193 695
310 3707 190 696
249 3351 205 694
276 3214 183 679
271 3452 211 692
293 3963 192 681
256 3122 181 683
247 2942 207 709
296 3943 228 707
254 3241 212 684
281 3396 201 680
213 2564 187 693
278 3367 203 681
245 2957 186 680
281 3147 228 690
256 3014 189 685
258 3117 197 689
274 3288 201 696
286 3241 197 688
244 2941 199 690
258 3016 178 685
226 2704 183 678
258 3268 196 682
256 3367 189 680
278 3278 197 703
275 3531 199 697
272 3349 189 702
290 3351 185 678
282 3399 248 701
280 3282 205 701
268 3035 203 693
239 2856 211 684
285 3397 190 690
220 2765 184 688
239 2907 173 685
246 2959 195 695
260 3364 197 677
274 3302 197 696
273 3589 186 695
288 3484 195 678
277 3516 219 716
242 2857 208 685
261 2916 186 697
243 2890 192 675
220 2635 186 684
258 3270 182 687
241 3050 200 684
280 3652 195 690
248 2895 192 681
266 3338 196 698
264 3145 226 684
248 2962 208 694
257 3197 183 678
245 2898 212 681
266 3218 226 692
289 3469 190 683
241 3012 189 692
284 3616 226 702
240 3157 200 694
270 3357 190 690
275 3220 198 682
235 3188 181 681
268 3116 203 675
309 3945 227 696
224 2817 180 688
252 3055 185 677
281 3311 191 682
227 2806 192 694
290 3615 187 698
252 3178 198 694
285 3617 240 689
237 2951 193 689
276 3167 215 700
265 3519 210 718
260 3335 190 682
254 3305 182 687
241 2889 179 693
285 3604 224 696
222 2763 180 681
245 3142 178 681
270 3390 200 690
270 3273 189 688
244 3012 190 692
258 2944 183 682
267 3100 199 693
243 2788 185 689
248 2956 183 686
243 2932 201 690
231 3074 187 683
244 2767 183 678
241 2817 216 685
231 2764 182 694
242 3046 210 680
271 3467 200 694
263 3312 189 686
242 2739 197 682
273 3326 201 690
283 3636 212 682
232 2873 179 684
238 3001 211 684
218 2816 196 681
236 2969 198 680
276 3647 199 687
271 3336 194 694
241 2859 191 678
243 2985 196 694
244 2954 214 676
251 3028 184 681
282 3444 184 685
250 3251 200 693
237 2809 182 686
247 3274 199 682
241 2898 194 679
249 3059 188 692
