629508 2940.13
218 2790 211 674
227 2785 172 687
260 3387 173 684
191 2324 177 685
191 2324 177 685
191 2324 177 685
191 2324 177 685
223 2679 198 674
202 2393 175 685
207 2531 187 682
201 2536 187 681
227 3097 191 675
249 3216 203 673
213 2609 180 683
195 2410 182 684
252 3257 179 679
234 2877 174 683
195 2410 182 684
240 2942 178 680
201 2536 187 681
213 2760 180 679
218 2881 173 685
231 2934 211 673
205 2622 202 676
220 2977 183 678
231 3031 174 683
210 2567 185 676
213 2760 180 679
218 2820 197 675
240 2942 178 680
206 2609 193 677
234 2877 174 683
209 2505 183 683
213 2609 180 683
219 2949 206 674
209 2505 183 683
195 2410 182 684
205 2622 202 676
197 2554 190 678
209 2505 183 683
243 2718 197 675
243 2718 197 675
204 2597 183 681
191 2324 177 685
228 2803 183 678
224 2772 176 682
195 2410 182 684
245 3156 197 674
252 3269 183 677
234 2877 174 683
206 2609 193 677
218 2790 211 674
203 2570 186 680
202 2626 191 676
249 3216 203 673
210 2567 185 676
206 2609 193 677
213 2760 180 679
260 3387 173 684
197 2554 190 678
231 2934 211 673
226 3052 208 673
213 2760 180 679
204 2597 183 681
228 2803 183 678
227 3097 191 675
252 3257 179 679
233 2906 191 675
224 2772 176 682
202 2393 175 685
219 2949 206 674
206 2609 193 677
226 3052 208 673
218 2790 211 674
195 2410 182 684
249 3216 203 673
210 2640 178 683
195 2410 182 684
227 2785 172 687
197 2554 190 678
245 3156 197 674
234 2877 174 683
220 2977 183 678
233 2906 191 675
201 2536 187 681
204 2597 183 681
252 3257 179 679
218 2820 197 675
218 2690 180 680
252 3257 179 679
218 2820 197 675
209 2673 180 682
195 2410 182 684
249 3216 203 673
197 2554 190 678
202 2393 175 685
245 3156 197 674
227 2785 172 687
225 2833 183 678
224 2772 176 682
231 2934 211 673
218 2820 197 675
252 3257 179 679
231 2934 211 673
191 2324 177 685
223 2679 198 674
224 2772 176 682
217 2880 196 675
231 3031 174 683
228 2803 183 678
224 2772 176 682
207 2531 187 682
231 3031 174 683
207 2531 187 682
218 2790 211 674
202 2626 191 676
228 2803 183 678
218 2881 173 685
218 2820 197 675
213 2609 180 683
223 2679 198 674
219 2949 206 674
219 2949 206 674
213 2760 180 679
228 2803 183 678
205 2622 202 676
205 2622 202 676
220 2977 183 678
223 2679 198 674
209 2505 183 683
218 2790 211 674
197 2554 190 678
218 2790 211 674
224 2772 176 682
219 2606 178 681
204 2597 183 681
240 2942 178 680
210 2683 180 681
209 2673 180 682
201 2536 187 681
223 2679 198 674
209 2673 180 682
233 2906 191 675
210 2567 185 676
217 2880 196 675
218 2881 173 685
227 3097 191 675
205 2622 202 676
217 2880 196 675
217 2880 196 675
191 2324 177 685
218 2790 211 674
219 2949 206 674
219 2949 206 674
227 2785 172 687
234 2877 174 683
234 2877 174 683
231 3031 174 683
209 2505 183 683
203 2570 186 680
249 3216 203 673
210 2567 185 676
228 2803 183 678
227 2785 172 687
240 2942 178 680
197 2554 190 678
210 2683 180 681
195 2410 182 684
195 2410 182 684
227 2785 172 687
252 3257 179 679
227 3097 191 675
207 2531 187 682
201 2536 187 681
217 2880 196 675
202 2626 191 676
206 2609 193 677
210 2640 178 683
217 2880 196 675
191 2324 177 685
206 2609 193 677
191 2324 177 685
243 2718 197 675
217 2880 196 675
249 3216 203 673
252 3257 179 679
213 2760 180 679
197 2554 190 678
227 3097 191 675
228 2803 183 678
204 2597 183 681
219 2949 206 674
231 3031 174 683
218 2820 197 675
205 2622 202 676
191 2324 177 685
207 2531 187 682
220 2977 183 678
213 2760 180 679
201 2536 187 681
240 2942 178 680
195 2410 182 684
252 3269 183 677
240 2942 178 680
260 3387 173 684
223 2679 198 674
231 3031 174 683
205 2622 202 676
202 2626 191 676
218 2881 173 685
195 2410 182 684
213 2609 180 683
223 2679 198 674
210 2640 178 683
218 2790 211 674
213 2760 180 679
206 2609 193 677
205 2622 202 676
245 3156 197 674
220 2977 183 678
223 2679 198 674
209 2505 183 683
218 2790 211 674
219 2949 206 674
218 2790 211 674
204 2597 183 681
240 2942 178 680
223 2679 198 674
252 3257 179 679
218 2820 197 675
209 2673 180 682
252 3257 179 679
195 2410 182 684
204 2597 183 681
197 2554 190 678
202 2393 175 685
245 3156 197 674
227 2785 172 687
225 2833 183 678
224 2772 176 682
218 2881 173 685
252 3257 179 679
201 2536 187 681
191 2324 177 685
223 2679 198 674
224 2772 176 682
217 2880 196 675
224 2772 176 682
207 2531 187 682
231 3031 174 683
234 2877 174 683
245 3156 197 674
202 2626 191 676
217 2880 196 675
203 2570 186 680
191 2324 177 685
206 2609 193 677
243 2718 197 675
249 3216 203 673
206 2609 193 677
234 2877 174 683
252 3269 183 677
206 2609 193 677
204 2597 183 681
218 2820 197 675
205 2622 202 676
191 2324 177 685
243 2718 197 675
213 2760 180 679
243 2718 197 675
240 2942 178 680
195 2410 182 684
223 2679 198 674
231 2934 211 673
227 3097 191 675
217 2880 196 675
228 2803 183 678
218 2790 211 674
219 2949 206 674
219 2949 206 674
227 2785 172 687
204 2597 183 681
203 2570 186 680
226 3052 208 673
209 2505 183 683
227 2785 172 687
240 2942 178 680
197 2554 190 678
210 2683 180 681
195 2410 182 684
197 2554 190 678
207 2531 187 682
237 3044 209 672
223 2679 198 674
231 2934 211 673
202 2393 175 685
217 2880 196 675
249 3216 203 673
223 2679 198 674
227 2785 172 687
