2 0.117552
282 3450 232 697
280 3562 194 709
276 3842 232 699
276 3814 245 698
249 3164 205 729
238 3017 232 721
229 3103 225 708
263 3603 202 701
247 3215 219 711
263 3512 242 699
256 3336 203 704
236 3121 210 722
249 3184 227 706
237 3130 207 712
246 3052 222 716
260 3326 201 719
249 3164 205 729
253 3302 206 708
253 3100 224 702
234 3200 223 707
258 3481 222 701
246 3052 222 716
260 3326 201 719
236 3121 210 722
238 3017 232 721
242 3164 224 707
242 3164 224 707
276 3842 232 699
276 3842 232 699
260 3326 201 719
249 3164 205 729
246 3052 222 716
242 3164 224 707
238 3017 232 721
236 3121 210 722
300 3826 249 701
280 3559 274 703
276 3659 273 699
257 3365 204 712
244 3133 216 715
241 3158 208 724
240 3161 228 713
249 3200 207 718
261 3584 248 702
264 3221 234 707
269 3512 211 705
274 3692 227 703
254 3395 208 715
249 3242 210 717
254 3191 214 716
262 3318 223 710
267 3530 209 709
260 3307 216 714
259 3298 225 713
254 3333 229 708
274 3523 210 706
257 3328 227 704
261 3170 234 711
259 3332 212 710
261 3170 234 711
261 3170 234 711
328 4137 204 713
296 3655 248 702
264 3491 255 708
251 3155 228 724
241 3255 228 723
304 3813 218 708
321 4026 220 705
250 3257 236 722
261 3434 212 718
279 3692 240 703
270 3576 249 704
281 3369 220 714
260 3471 209 717
279 3695 211 712
272 3630 219 706
253 3207 217 716
257 3524 220 714
263 3246 240 715
269 3352 231 707
277 3470 205 714
255 3449 231 710
246 3348 234 715
271 3298 234 712
262 3362 253 714
246 3402 216 716
267 3351 223 710
279 3476 215 711
271 3472 227 709
267 3564 231 705
265 3329 228 708
272 3484 215 710
265 3642 221 710
241 3255 228 723
265 3394 227 710
265 3412 213 714
278 3408 215 722
252 3386 219 716
252 3386 219 716
278 3408 215 722
246 3348 234 715
278 3408 215 722
252 3386 219 716
246 3348 234 715
241 3255 228 723
326 4311 230 705
310 3867 282 703
281 3752 206 716
264 3222 219 729
249 3277 239 733
311 4064 220 707
289 4003 232 707
283 3727 257 705
263 3492 249 713
267 3396 238 708
264 3222 219 729
267 3272 257 719
274 3603 224 712
281 3546 240 707
280 3332 221 718
285 3742 207 719
274 3642 209 722
281 3500 221 710
271 3677 230 712
254 3456 229 717
288 3535 235 709
253 3492 225 723
286 3706 218 713
258 3289 218 726
255 3291 234 718
281 3723 207 725
275 3686 220 709
258 3289 218 726
275 3640 213 716
283 3523 212 715
256 3363 235 716
270 3700 225 715
270 3333 231 721
289 3673 219 712
281 3546 240 707
260 3350 220 717
275 3372 225 712
253 3492 225 723
254 3288 233 719
270 3333 231 721
259 3383 232 718
275 3521 210 719
254 3456 229 717
265 3719 232 710
269 3711 218 718
260 3350 220 717
265 3719 232 710
254 3288 233 719
281 3546 240 707
270 3333 231 721
265 3719 232 710
264 3222 219 729
260 3350 220 717
258 3289 218 726
254 3456 229 717
254 3288 233 719
253 3492 225 723
310 3962 212 715
299 3562 273 708
294 3866 209 718
292 3814 250 707
269 3323 247 724
255 3334 236 718
267 3603 243 715
279 3543 225 712
270 3450 260 715
286 3816 216 721
280 3492 266 710
300 3717 232 710
300 3787 218 715
269 3534 252 709
261 3396 241 716
292 3388 237 715
295 3843 218 719
308 3801 270 707
276 3753 210 723
270 3601 238 717
275 3729 217 722
274 3563 239 713
268 3473 249 714
269 3690 247 714
259 3466 232 720
279 3879 241 709
296 3859 241 709
281 3525 222 712
283 3661 210 723
280 3495 220 717
263 3412 220 718
308 3801 270 707
285 3818 231 710
283 3661 210 723
299 3562 273 708
273 3520 222 717
259 3466 232 720
286 3736 223 710
275 3400 230 715
274 3672 221 717
263 3412 220 718
274 3569 271 708
274 3569 271 708
296 3859 241 709
275 3400 230 715
273 3520 222 717
308 3801 270 707
299 3562 273 708
296 3859 241 709
283 3661 210 723
274 3569 271 708
263 3412 220 718
259 3466 232 720
320 4238 215 719
315 4007 209 721
306 4143 264 708
282 3684 270 710
271 3541 227 728
261 3361 260 719
311 4194 213 724
279 3385 239 726
302 3873 234 710
292 4041 268 709
300 3708 214 726
295 4057 249 709
308 4218 213 722
269 3546 255 712
315 3992 219 721
308 4107 219 716
315 4007 209 721
278 3840 233 717
284 3497 256 718
280 3715 250 715
275 3680 234 716
278 3525 258 721
264 3486 260 717
272 3474 260 714
270 3453 250 722
306 3773 249 711
286 3616 230 714
271 3565 227 720
286 3870 245 711
288 4003 226 710
281 3757 222 712
284 3690 222 715
269 3622 245 719
304 3582 263 709
285 3637 225 713
285 3637 225 713
304 3582 263 709
281 3857 221 722
284 3558 229 722
315 4007 209 721
304 3582 263 709
300 3828 226 714
282 3893 222 730
277 3464 257 728
274 3566 255 712
272 3545 236 738
269 3740 257 716
286 3793 245 715
289 3728 234 719
290 3643 236 717
287 3709 241 721
287 3786 227 722
298 3865 239 713
279 3610 238 723
288 3603 240 724
273 3672 237 729
288 3759 253 715
296 3757 236 715
300 3763 226 715
286 3883 223 712
323 3881 228 719
318 4177 226 718
304 4222 228 717
292 3653 263 712
284 3670 255 712
282 3827 267 713
282 3663 256 726
307 3947 247 713
300 4068 232 717
296 3806 237 716
297 3789 249 716
301 3904 229 714
318 4134 238 714
308 3873 254 719
306 4248 245 714
302 3912 229 718
285 3774 255 712
300 3986 239 716
314 4214 229 717
323 4179 241 726
294 3894 256 715
302 3896 255 723
315 4163 277 715
300 4017 262 724
315 4075 265 723
295 3748 197 711
294 3767 203 707
275 3523 194 717
263 3318 232 701
260 3387 200 720
259 3484 205 699
234 2787 212 704
234 2787 212 704
242 3054 201 720
247 3204 207 717
251 3189 205 715
237 3093 203 718
268 3457 200 710
255 3309 204 708
258 3080 201 712
274 3311 199 709
260 3387 200 720
260 3387 200 720
234 2787 212 704
297 3823 211 704
293 3759 202 710
269 3529 229 700
256 3262 256 714
237 3059 221 721
235 3100 217 726
259 3246 239 714
264 3637 222 701
277 3721 211 707
250 3317 221 716
260 3170 236 708
237 3059 221 721
254 3271 216 717
259 3325 211 722
276 3420 207 711
264 3278 224 709
268 3396 219 716
251 3474 221 711
251 3364 217 720
274 3394 211 713
270 3290 233 706
255 3462 238 707
270 3455 205 710
261 3527 210 708
254 3443 232 713
262 3378 213 720
257 3449 234 711
259 3455 231 705
260 3429 205 720
270 3410 217 705
261 3527 210 708
270 3367 213 720
259 3416 214 713
256 3406 211 714
260 3295 232 709
260 3295 232 709
261 3527 210 708
260 3295 232 709
237 3059 221 721
300 3979 223 702
285 3716 209 722
268 3202 256 719
268 3202 256 719
239 3278 217 731
239 3278 217 731
246 3356 224 724
297 3821 253 703
266 3519 232 708
255 3272 254 722
277 3534 241 704
292 3679 209 715
255 3369 238 718
261 3471 235 718
274 3482 226 705
281 3602 222 711
268 3497 249 710
286 3594 209 716
266 3435 221 713
283 3579 211 714
271 3339 250 713
267 3645 212 715
266 3261 237 716
271 3621 222 706
263 3310 241 714
273 3395 225 712
284 3677 216 709
272 3310 245 710
259 3337 216 719
264 3633 215 722
275 3503 210 715
268 3416 237 712
272 3310 245 710
268 3480 214 714
274 3327 226 722
259 3337 216 719
263 3310 241 714
266 3261 237 716
272 3310 245 710
268 3202 256 719
266 3261 237 716
263 3310 241 714
259 3337 216 719
239 3278 217 731
320 3958 223 706
306 4225 233 706
289 3715 251 704
284 3609 271 707
278 3508 211 720
271 3320 246 717
261 3417 228 725
255 3388 250 718
287 3496 263 712
306 4225 233 706
296 3826 216 709
292 3870 220 710
280 3756 270 705
277 3505 255 710
284 3770 214 717
268 3476 222 716
274 3613 233 710
271 3636 215 723
268 3582 254 709
280 3807 237 709
291 3862 246 707
263 3359 247 714
296 3709 239 706
260 3546 223 722
262 3394 225 721
269 3432 217 720
269 3407 243 715
263 3601 241 714
292 3657 215 716
287 3693 219 713
269 3369 230 719
292 3724 244 705
287 3693 219 713
272 3567 238 709
269 3369 230 719
270 3646 226 714
260 3546 223 722
283 3607 216 718
283 3573 221 717
284 3606 225 714
290 3636 222 710
283 3573 221 717
292 3870 220 710
271 3586 244 714
284 3606 225 714
271 3586 244 714
292 3724 244 705
306 4225 233 706
292 3870 220 710
292 3724 244 705
287 3693 219 713
284 3606 225 714
283 3573 221 717
271 3586 244 714
269 3369 230 719
260 3546 223 722
320 3709 285 707
311 4235 222 714
298 3882 253 704
298 3867 212 727
278 3382 247 724
269 3478 223 728
256 3396 252 727
295 3971 265 707
302 4040 251 707
268 3566 263 719
295 3732 242 709
279 3579 254 712
270 3634 217 725
272 3586 239 710
288 3690 225 715
287 3813 237 713
297 3766 218 716
271 3451 244 716
262 3397 230 725
265 3514 250 723
280 3419 226 721
284 3659 222 720
295 3767 227 712
301 3821 212 720
267 3572 240 723
263 3617 252 720
273 3506 223 722
275 3508 251 715
278 3382 247 724
274 3470 235 720
256 3396 252 727
295 3842 220 715
298 3750 230 714
269 3478 223 728
270 3586 218 721
298 3750 230 714
272 3502 224 716
301 3763 221 715
279 3830 236 713
298 3867 212 727
301 3763 221 715
265 3622 226 723
279 3830 236 713
268 3400 226 725
274 3470 235 720
265 3622 226 723
301 3763 221 715
298 3867 212 727
279 3830 236 713
278 3382 247 724
274 3470 235 720
270 3586 218 721
270 3586 218 721
265 3622 226 723
256 3396 252 727
306 3800 219 720
300 4001 220 718
298 3954 216 734
295 3776 259 709
283 3398 267 725
280 3675 274 711
263 3561 255 727
287 3481 273 716
274 3832 243 717
266 3580 261 725
277 3679 225 719
273 3609 232 722
271 3615 218 731
300 3972 221 715
270 3652 223 726
275 3594 240 714
272 3409 234 726
282 3581 269 713
285 3508 240 717
274 3587 250 713
271 3670 233 724
276 3591 235 719
306 3800 219 720
272 3553 224 731
277 3524 230 716
284 3590 242 710
280 3657 228 725
273 3629 229 720
283 3398 267 725
274 3587 250 713
274 3552 243 725
280 3675 274 711
280 3675 274 711
330 4316 227 715
312 4089 222 723
311 3838 260 709
293 3837 274 712
287 3506 237 727
284 3674 229 731
273 3537 253 726
299 3882 261 712
309 3900 224 720
312 4196 239 716
319 4084 251 713
327 4021 223 716
282 3802 249 714
279 3851 225 721
293 3741 259 713
283 3678 245 718
317 3827 233 718
274 3777 254 719
277 3525 235 719
297 3700 260 716
275 3510 242 726
289 3600 241 717
283 3801 226 723
317 4035 230 717
279 3595 261 716
290 3760 231 724
276 3661 230 727
274 3613 253 725
327 4021 223 716
276 3694 233 720
293 3750 228 725
283 3774 229 724
279 3749 253 715
292 3694 229 725
291 3535 261 716
308 3866 233 729
300 4122 226 721
294 3676 234 732
289 3533 255 723
288 3939 270 715
276 3779 243 721
278 3728 235 725
293 3637 250 717
278 3732 245 722
294 3625 263 721
293 3909 246 719
299 3921 233 721
323 4504 279 718
294 3755 249 723
280 3780 245 724
307 4055 265 720
336 4182 273 720
297 3847 246 726
284 3783 252 726
312 3882 209 702
249 3211 223 701
244 3101 193 713
243 3028 217 704
242 3226 224 710
236 3100 218 732
236 3100 218 732
243 3302 202 709
287 3876 209 703
243 3168 214 724
275 3295 216 703
249 3288 210 709
244 3097 208 720
237 3118 224 718
236 3100 218 732
322 4152 215 708
297 3783 258 703
297 3783 258 703
253 3426 194 728
241 3105 227 732
304 4068 203 711
249 3133 241 720
288 3818 231 704
284 3758 202 716
296 3783 201 723
288 3668 202 719
277 3568 205 709
253 3271 234 704
253 3426 194 728
264 3404 223 707
271 3402 204 717
267 3527 232 705
254 3441 225 706
260 3323 204 726
275 3568 218 709
254 3477 204 722
266 3387 227 711
247 3134 218 714
244 3173 210 720
257 3218 230 712
244 3173 210 720
265 3431 220 708
252 3392 205 714
252 3523 214 713
266 3488 204 721
241 3311 228 725
267 3431 207 712
241 3311 228 725
247 3221 206 714
260 3323 204 726
252 3523 214 713
257 3218 230 712
297 3783 258 703
260 3323 204 726
257 3218 230 712
253 3426 194 728
252 3523 214 713
244 3173 210 720
241 3311 228 725
300 3892 261 703
283 3619 273 704
267 3518 204 721
252 3381 213 735
247 3147 221 715
244 3231 227 723
276 3653 242 704
272 3404 212 725
293 3868 206 711
289 3768 212 710
286 3826 238 705
250 3166 218 718
263 3539 238 710
264 3274 232 714
270 3449 225 706
255 3365 217 723
260 3368 244 707
274 3323 217 714
272 3559 221 708
256 3443 250 707
262 3224 215 717
256 3443 250 707
265 3496 206 716
261 3479 226 713
271 3582 211 713
257 3457 210 717
244 3231 227 723
264 3408 230 713
257 3307 216 720
265 3455 214 722
259 3450 216 714
272 3559 221 708
257 3307 216 720
272 3559 221 708
256 3443 250 707
320 3829 221 708
308 3954 261 703
304 3989 206 713
300 3743 204 724
273 3373 262 707
271 3535 213 730
247 3197 225 726
279 3659 248 705
292 3948 225 712
251 3202 227 720
247 3374 221 722
271 3535 213 730
262 3338 239 718
277 3454 245 711
284 3549 245 709
292 3707 214 713
268 3552 253 707
274 3414 260 707
247 3227 223 727
286 3547 253 707
271 3424 235 713
255 3373 220 720
253 3287 219 728
273 3415 244 712
270 3317 226 717
247 3341 224 715
287 3631 236 712
261 3447 222 719
270 3542 217 714
269 3500 214 716
265 3483 219 718
275 3597 249 709
265 3546 206 716
275 3654 226 708
275 3597 249 709
253 3299 222 724
268 3417 217 720
253 3287 219 728
268 3417 217 720
263 3494 222 718
287 3631 236 712
261 3447 222 719
253 3299 222 724
271 3424 235 713
275 3597 249 709
271 3535 213 730
271 3424 235 713
268 3417 217 720
261 3447 222 719
253 3299 222 724
253 3287 219 728
336 4325 238 708
335 4346 223 708
315 4250 294 703
271 3632 206 718
271 3263 262 728
250 3382 231 730
308 4080 261 704
271 3263 262 728
280 3743 233 710
300 4005 253 705
297 3918 255 705
253 3366 226 725
301 3626 225 715
284 3679 222 715
268 3573 215 720
296 3889 248 707
294 4014 246 709
279 3570 257 707
251 3290 232 722
266 3421 251 718
291 4024 221 715
271 3632 206 718
275 3563 213 724
295 3824 223 713
256 3526 234 717
282 3597 214 721
261 3449 244 717
277 3522 217 718
267 3349 235 716
258 3514 230 724
255 3283 237 721
292 3784 223 714
275 3574 226 716
281 3475 259 712
273 3485 245 712
269 3596 219 718
273 3435 239 715
281 3865 230 715
287 3596 235 714
259 3377 224 723
273 3435 239 715
264 3455 226 717
287 3596 235 714
276 3568 236 713
259 3377 224 723
273 3485 245 712
275 3563 213 724
266 3279 254 722
263 3505 223 721
260 3523 259 717
292 3784 223 714
266 3279 254 722
277 3522 217 718
264 3361 224 724
263 3458 236 721
276 3568 236 713
267 3349 235 716
275 3588 223 718
258 3514 230 724
263 3458 236 721
275 3588 223 718
292 3784 223 714
287 3596 235 714
277 3522 217 718
276 3568 236 713
275 3563 213 724
273 3485 245 712
273 3435 239 715
271 3632 206 718
271 3263 262 728
267 3349 235 716
266 3279 254 722
263 3458 236 721
259 3377 224 723
258 3514 230 724
320 3930 285 708
310 4144 232 714
289 3945 210 718
276 3327 241 729
270 3602 219 734
252 3344 232 729
267 3416 252 719
295 3747 250 710
282 3793 244 711
253 3386 252 726
291 3686 214 720
288 3737 236 714
260 3472 250 722
273 3695 216 718
277 3605 238 713
283 3616 218 719
290 3420 230 729
267 3474 251 716
252 3407 237 723
264 3458 227 719
282 3418 228 731
280 3649 224 718
279 3336 234 731
275 3501 229 717
264 3536 224 725
279 3581 220 722
261 3569 250 717
264 3604 223 722
261 3343 246 721
261 3343 246 721
269 3336 251 725
282 3518 227 718
269 3336 251 725
261 3343 246 721
338 4279 240 713
319 3977 250 710
310 3824 274 712
276 3767 216 722
265 3367 249 722
263 3537 248 734
279 3649 220 724
295 4015 253 712
273 3541 266 717
299 3828 237 714
279 3515 254 720
288 3575 235 721
287 3839 238 714
281 3792 229 717
280 3494 240 720
295 3583 242 719
284 3625 246 719
282 3713 247 713
283 3640 231 717
264 3571 250 717
283 3609 267 713
285 3654 241 713
335 4344 249 714
303 3956 222 728
286 3851 269 713
283 3767 272 717
282 3854 226 729
277 3604 257 718
275 3729 271 718
322 4188 243 715
280 3680 256 720
289 3646 231 717
307 4228 257 715
285 3856 268 715
303 3767 240 717
301 4099 273 716
293 3619 274 719
290 3741 232 733
285 3687 259 727
290 3899 237 732
300 3700 236 724
293 3860 235 720
293 3851 238 720
326 4279 288 716
310 4149 267 722
322 4248 269 721
