77416 2160.53
245 2968 194 687
300 3319 209 694
271 3297 199 694
267 3346 183 678
266 3286 181 684
290 3122 220 676
256 2968 216 685
253 2996 211 680
257 2937 203 675
250 3046 197 684
253 3222 205 686
260 3103 200 700
269 3266 199 686
279 3229 232 698
295 3731 210 689
236 2668 198 677
232 2740 199 693
243 3142 187 686
254 3163 184 685
267 3360 217 692
247 3027 190 685
265 3355 217 687
249 2967 199 696
243 2765 183 692
282 3319 219 680
284 3588 194 688
234 2780 183 684
259 3206 194 677
273 3295 193 694
276 3470 192 679
214 2537 193 679
256 3137 204 706
247 2823 179 685
258 3242 194 686
269 3290 203 697
256 2869 194 680
275 3277 188 686
274 3447 216 682
280 3443 231 691
244 2950 179 680
256 3065 209 681
299 3360 192 686
281 3298 219 682
253 3384 203 678
234 2853 217 689
250 2962 196 693
262 3362 182 688
257 3260 194 687
244 3036 205 691
251 2990 190 692
254 2987 202 690
270 3434 243 694
273 3511 194 681
271 3258 189 684
237 2699 178 680
292 3380 193 685
263 3259 193 680
272 3251 185 681
272 3163 217 678
277 3344 186 681
238 2951 205 678
224 2590 192 678
237 2723 199 679
320 3772 227 693
264 3168 184 686
272 3449 225 707
261 3012 192 675
263 3029 202 689
287 3248 236 699
252 3111 200 676
242 3091 206 679
258 3029 222 690
281 3208 243 701
302 3449 204 683
216 2818 180 687
266 3195 194 686
238 3008 197 689
240 2962 187 679
269 3350 208 690
255 2979 208 691
285 3077 212 687
238 2721 198 680
268 3134 203 675
236 3002 194 678
247 3160 195 683
263 2892 194 684
246 2844 192 679
240 2915 186 679
270 3322 189 692
256 3082 192 679
248 3360 192 688
273 3495 228 698
267 3644 198 682
245 3013 190 700
244 3186 211 676
259 3050 237 687
266 3317 195 680
271 3410 218 685
267 3401 203 689
255 2748 194 682
302 3553 199 686
269 3187 186 677
314 3434 207 685
261 2727 187 684
313 3234 220 673
269 3460 219 702
318 3410 193 690
274 3373 196 689
258 3061 214 688
230 2686 210 687
255 3257 183 678
293 2972 218 682
249 2983 198 677
260 3142 182 689
258 3006 197 681
297 3724 272 706
249 2915 205 686
272 3037 183 681
260 3032 195 689
253 3119 231 689
291 3266 208 685
257 3238 194 679
294 3554 199 692
249 3318 195 694
250 3012 211 690
275 3213 203 687
224 2646 199 686
220 2414 201 679
289 3446 188 693
294 3539 207 686
266 3264 189 685
297 3452 186 686
229 3036 203 691
226 2768 225 682
271 3597 198 677
267 2990 193 686
249 2898 199 694
226 2885 205 688
258 2943 203 676
270 3672 213 694
244 3012 182 689
258 3150 190 694
220 2886 180 681
256 3261 202 684
228 2816 190 685
244 2959 210 677
239 2782 182 693
262 3111 192 683
261 3206 181 691
249 2827 207 685
309 3734 211 700
269 3112 211 698
237 2866 197 703
300 3507 201 688
233 3037 177 687
250 3171 183 685
241 3179 205 701
257 3187 192 683
268 3261 189 694
269 3442 182 690
240 2807 205 699
308 3437 195 698
249 2946 220 681
260 3237 204 685
254 3251 194 694
285 3814 197 691
229 2751 188 686
216 2689 185 682
253 3259 187 685
283 2987 201 683
248 3101 196 683
224 2750 207 689
254 2951 186 688
210 2655 185 687
255 3425 188 692
252 3020 233 692
237 2732 204 681
262 3089 192 681
267 3256 189 681
253 3289 188 693
277 3519 179 684
240 3114 183 686
255 3246 211 693
276 3405 196 695
253 3224 195 677
245 3058 194 682
269 3340 180 692
262 3624 208 699
241 3028 183 679
276 3055 231 684
257 3489 199 685
249 3029 208 689
236 2879 214 674
216 2865 188 688
242 2891 191 691
267 3375 196 681
229 2951 183 680
278 3455 209 686
219 2618 199 686
232 2669 187 690
219 2663 192 677
265 3303 187 689
259 2757 191 681
301 3936 205 692
225 2770 203 678
226 2855 178 682
284 3387 202 686
258 3088 196 697
266 2889 204 676
250 3200 226 687
269 3169 199 680
246 3065 211 698
259 3208 203 687
316 3737 209 690
261 3470 211 707
316 3975 228 683
254 3152 197 689
252 3286 187 686
254 2961 212 690
243 2956 191 678
246 2984 233 684
230 3044 192 678
244 3159 192 685
287 3559 230 690
265 3355 228 687
251 3172 226 684
255 2938 187 676
267 2911 197 686
272 3319 194 699
257 3424 212 682
264 3104 191 676
251 3284 197 686
256 3321 189 687
258 3149 222 682
255 3306 173 686
230 2970 183 682
269 3191 190 678
287 3568 197 691
253 2849 197 685
284 3112 204 682
233 3000 177 688
229 2998 229 687
247 3160 184 685
283 3610 206 700
238 2790 194 688
263 3396 195 684
234 2693 186 682
289 3571 249 685
297 3463 208 690
253 3326 212 679
265 2933 185 677
248 3255 202 683
277 3125 207 689
241 2834 202 683
301 3132 197 685
258 3102 207 700
247 3208 200 684
303 3263 198 683
260 3201 203 697
222 2816 187 685
285 3281 194 681
217 2557 181 682
266 3183 200 684
305 3299 213 684
233 2835 202 681
283 3322 224 694
303 3909 206 681
325 4357 230 699
288 3327 207 686
254 3285 199 702
274 3497 187 682
263 2949 216 686
299 3582 218 678
324 4040 203 686
239 2862 203 676
245 2951 181 680
265 3463 186 705
241 3127 201 687
232 2636 180 681
285 3350 248 693
256 3445 195 689
297 3437 239 687
233 2870 192 678
229 2623 203 675
277 3341 195 691
234 2770 208 685
257 3257 183 687
234 2913 196 683
242 2969 205 691
274 3167 197 674
257 2915 192 679
243 2811 197 674
293 3651 214 677
254 2949 191 677
272 3154 201 686
244 3108 183 688
245 2920 211 673
236 2742 182 689
222 2791 183 679
269 3384 190 690
