32887 930.386
219 2459 186 679
266 3148 199 687
238 2916 212 709
265 3377 204 690
255 2907 176 682
247 2790 197 675
223 2580 206 682
249 2960 211 678
277 3379 187 683
229 2934 191 686
276 3173 189 684
246 3003 213 704
240 2834 183 681
262 3113 194 685
280 3500 210 679
237 2961 192 680
272 3309 192 684
238 2749 204 685
255 2869 182 683
287 3403 212 698
269 3247 185 688
265 3188 181 683
265 3275 195 690
264 3366 180 688
271 3184 186 685
226 2611 187 689
233 2697 187 684
250 3072 202 680
257 3222 206 687
219 2626 193 677
234 2981 187 683
273 3221 185 678
246 3295 205 696
264 2918 213 680
244 2695 201 692
277 3393 203 690
254 3188 179 685
252 2959 183 682
256 2827 226 687
251 3024 208 696
242 3028 213 678
245 3048 204 688
272 3294 206 677
271 3152 196 686
269 3158 210 702
236 2918 185 684
231 2925 206 701
255 3103 183 685
271 3375 194 688
252 3108 203 683
286 3568 190 695
239 3151 197 701
247 3121 195 709
235 2877 217 686
230 2822 187 680
264 3134 190 688
243 2815 192 677
239 2735 189 690
272 3232 191 675
238 2968 182 685
274 3218 218 706
256 2956 182 685
247 3016 198 684
271 3188 183 684
271 3072 178 688
241 2978 232 693
259 3208 190 682
227 2758 186 679
261 3313 208 702
260 3003 174 683
256 3112 182 686
254 2808 180 683
267 3304 215 682
242 2943 182 683
264 2820 197 678
234 3042 188 691
300 3838 225 686
259 2834 203 677
259 3027 179 692
232 2949 190 688
286 3660 182 688
289 3352 198 700
335 3797 259 693
270 3439 178 683
309 3926 261 690
297 3619 212 681
276 3110 199 680
244 3019 197 684
242 3057 185 686
265 3139 192 683
255 3183 177 690
288 3192 232 678
224 2919 194 686
255 3335 190 681
240 2738 188 679
258 3127 204 680
284 3736 201 688
289 3596 207 683
267 3164 194 696
232 2830 194 689
232 2622 178 680
258 2808 186 685
237 2846 201 691
229 2658 186 694
236 2919 228 680
285 3474 208 682
267 3219 197 686
263 3182 204 673
252 3119 197 693
235 2801 189 682
267 3027 183 689
264 3175 188 689
259 3239 223 690
277 3403 194 693
254 3343 198 708
261 3406 219 697
235 2852 176 684
248 3012 190 684
245 3022 198 683
259 3084 203 698
242 3140 201 688
244 3028 199 687
250 3178 193 682
219 2777 178 681
254 3079 187 678
262 3154 212 693
259 2932 200 682
244 3064 190 689
242 2994 204 679
251 3131 188 692
266 3413 195 702
247 3258 185 686
283 3081 184 694
239 2972 191 689
247 2925 208 695
256 3239 181 691
288 3315 202 684
262 3419 186 691
239 2941 212 687
225 2680 209 679
281 3335 185 686
264 3430 218 711
231 2996 210 688
243 2906 219 684
231 2781 182 685
250 3001 204 686
248 2867 188 684
251 3081 193 700
258 3128 195 688
242 3030 185 692
290 3619 184 695
280 3115 214 700
245 2853 200 682
252 3282 194 688
276 3138 206 679
305 3517 194 677
249 3014 196 681
315 3656 185 686
253 2990 201 680
260 3055 177 684
224 2811 191 687
267 3075 199 695
232 2856 185 687
261 3034 186 676
284 3666 216 687
268 3155 203 678
255 3211 185 682
238 2998 194 690
278 3232 208 687
246 2707 175 682
223 2652 183 682
289 3538 201 686
244 2984 199 688
255 3213 195 697
289 3871 202 686
249 3032 207 696
251 3295 205 682
259 3292 186 690
225 2535 188 686
271 3317 213 684
232 2796 178 684
252 3163 203 697
233 2838 204 676
268 3367 201 683
270 3299 219 678
276 2928 222 682
264 3081 190 682
256 3026 223 680
253 3017 180 687
277 3366 187 692
247 2719 191 690
274 3402 197 687
262 3277 223 689
280 3582 254 703
249 3192 196 680
222 2859 197 675
222 2926 183 680
236 3111 188 695
291 3351 189 699
272 3436 214 689
248 2890 187 683
263 3149 184 694
242 2952 182 687
281 3313 236 692
222 2841 192 690
288 3760 197 699
273 3409 187 686
256 3080 185 685
238 2567 193 685
299 3591 191 677
235 2908 192 676
235 3010 185 685
270 3366 200 681
285 3178 191 681
253 2769 205 676
257 3063 203 708
253 3159 225 686
257 3142 245 681
255 3235 212 687
219 2701 189 687
230 2496 181 682
267 3167 202 682
261 3300 195 686
250 3109 180 699
250 3060 195 691
253 2710 186 678
271 3397 210 679
318 4139 195 706
231 2776 190 683
282 3199 200 706
231 2893 197 676
256 2920 203 680
252 2834 194 684
265 3318 217 694
299 3386 212 685
300 3269 208 690
270 3280 196 691
243 2933 196 688
257 2947 190 682
278 3575 198 686
269 3528 235 683
212 2652 187 682
292 3388 206 690
260 3416 191 692
256 3021 218 681
269 3038 195 682
225 2977 193 678
278 3194 190 688
255 2893 187 682
245 3210 201 690
294 3844 183 678
248 3079 228 688
257 3055 182 683
229 2937 188 708
234 2938 190 688
233 2786 187 679
297 3610 190 703
232 2688 225 681
246 2641 191 682
255 3015 199 695
306 3325 201 687
231 2739 189 690
229 2793 178 685
279 3032 220 683
303 3728 183 678
243 2982 181 679
274 3562 204 686
237 3038 202 678
247 3197 187 688
287 3385 212 686
254 3200 240 699
225 2608 178 684
242 2690 199 676
271 3311 201 698
296 3473 198 681
254 3073 198 696
276 3550 214 687
270 3485 191 689
233 2911 181 686
244 3046 179 690
231 3001 188 680
242 2844 188 686
244 2996 191 688
253 2972 234 676
317 3719 201 690
296 3720 257 682
233 2670 194 693
249 3048 220 681
227 2785 192 675
253 3092 186 676
233 2883 192 680
271 3277 188 681
269 3621 207 696
332 3778 219 680
267 3210 206 678
259 2905 182 693
244 2886 230 675
246 2919 178 684
237 2907 188 679
312 3797 195 696
