155203 2460.35
182 2399 182 688
184 2398 177 691
189 2457 187 683
184 2447 182 686
184 2338 182 689
196 2584 192 679
188 2309 181 689
187 2311 182 688
193 2551 192 680
192 2509 182 685
195 2320 178 692
197 2440 187 682
192 2471 186 684
192 2524 192 681
200 2543 192 679
187 2424 187 685
193 2532 187 682
186 2350 182 686
190 2344 187 685
191 2369 177 691
192 2402 187 684
205 2587 197 678
200 2398 178 689
202 2647 197 678
189 2324 187 687
194 2481 192 681
212 2565 180 687
197 2527 192 680
207 2667 191 681
199 2422 188 683
202 2467 192 681
199 2393 182 685
204 2392 187 684
196 2460 177 689
188 2359 187 685
207 2548 181 687
193 2459 181 688
193 2475 178 689
197 2383 181 688
185 2407 182 686
206 2659 180 688
190 2341 182 686
204 2374 182 685
195 2424 177 690
195 2433 193 682
190 2473 180 690
191 2338 187 686
210 2500 198 680
183 2392 180 694
200 2428 192 682
193 2333 182 687
192 2440 187 683
213 2617 185 684
194 2543 177 689
193 2485 177 690
211 2758 185 684
210 2820 185 684
211 2664 176 695
220 2937 203 677
220 2937 203 677
211 2664 176 695
189 2305 182 690
182 2399 182 688
244 3130 182 688
237 3156 198 686
233 3008 182 688
223 2808 182 688
230 2861 177 691
243 3219 199 695
220 2757 188 689
227 2905 182 691
211 2779 187 687
236 3060 209 690
243 3192 190 688
225 2778 182 692
228 2877 190 691
214 2881 191 693
238 2913 188 693
263 3413 177 691
258 3382 196 693
239 3117 185 697
227 2960 182 691
241 3135 182 691
219 2914 186 689
225 3120 179 692
228 3050 184 689
220 2850 182 688
243 3113 177 693
217 2818 187 689
219 2915 192 689
248 3217 196 692
222 3059 184 693
241 3171 182 689
223 2905 185 694
242 3252 191 692
223 2788 182 688
225 2776 184 693
210 2620 196 690
232 3032 181 693
264 3417 182 689
229 3077 192 689
261 3340 187 690
225 3013 182 692
227 2973 195 691
259 3295 181 690
235 2984 182 690
266 3483 190 690
233 3135 186 693
254 3242 193 687
222 2806 191 693
230 3058 182 688
269 3446 191 691
212 2785 185 694
239 3059 180 696
246 3247 186 690
235 3128 182 691
236 3066 187 687
220 2731 201 688
266 3506 191 690
230 3030 188 688
225 2916 201 689
247 3281 205 692
227 3122 187 687
228 2967 191 691
251 3288 182 691
256 3380 194 690
241 3076 199 696
205 2753 184 692
249 3280 191 692
216 2763 183 690
222 2904 182 689
213 2778 182 690
253 3373 183 697
218 2835 182 688
220 2898 194 688
227 3032 182 690
215 2856 193 686
244 3129 181 690
231 2990 193 687
197 2606 182 690
237 3108 181 692
224 2836 182 692
242 3318 190 688
237 3133 191 692
238 2891 182 692
262 3397 182 691
237 3064 191 691
213 2720 180 697
221 2738 192 687
243 3115 186 693
233 2998 182 691
223 3018 191 691
222 2947 182 687
221 2781 195 693
231 3106 198 686
224 3005 198 687
229 2883 184 689
229 2918 182 692
237 3143 189 695
218 2782 186 693
213 2802 187 687
215 2672 186 690
219 2709 182 691
234 2962 182 689
272 3624 191 693
218 2764 191 692
213 2627 182 686
268 3374 196 690
237 3014 189 694
255 3105 192 689
209 2741 182 690
236 3099 194 688
236 3127 191 689
237 3031 182 689
245 3255 191 690
220 2843 187 687
228 3012 184 691
265 3418 182 688
212 2871 187 688
280 3704 184 694
225 2874 186 688
221 2796 187 691
279 3415 187 688
228 2801 183 687
216 2758 182 689
210 2633 194 688
234 3157 186 695
217 2834 184 689
215 2827 190 690
254 3157 191 691
219 2721 182 691
223 2861 181 692
210 2883 191 693
206 2647 182 687
204 2590 182 688
262 3420 182 693
274 3524 182 688
224 2879 186 688
215 2692 187 688
210 2733 184 689
222 2844 182 692
233 3084 181 691
254 3285 187 692
235 2988 179 693
232 3057 186 692
245 3041 182 690
248 3236 182 686
224 3004 180 696
224 3075 187 687
292 3987 186 690
220 2936 187 688
241 3020 182 690
244 3189 182 693
263 3297 182 690
220 2743 188 695
277 3492 196 685
216 2753 190 691
216 2848 182 692
213 2743 182 688
234 3150 182 690
226 2989 187 690
206 2820 182 690
261 3244 182 688
225 2931 200 685
227 3085 182 689
242 2994 186 688
209 2704 182 690
253 3194 198 686
207 2718 191 692
254 3357 189 691
228 2951 187 689
236 2909 182 689
241 3035 182 689
249 3300 184 691
240 3056 182 694
210 2736 191 692
207 2739 186 693
228 2840 191 696
259 3359 192 692
230 2946 191 690
233 2951 188 687
255 3267 187 687
250 3366 191 689
242 3301 195 693
216 2758 182 690
226 2759 196 691
265 3478 190 690
209 2597 192 687
243 3221 182 690
218 2866 194 690
237 3028 187 687
225 2974 195 687
232 2962 182 690
223 3092 182 688
221 2886 191 689
216 2683 186 692
238 3121 191 695
211 2744 177 691
229 2907 182 693
222 2819 186 692
238 2949 186 688
262 3045 200 689
241 3141 182 688
232 2865 192 695
228 2858 191 692
236 2889 198 694
245 3253 182 691
240 3099 182 689
248 3081 186 693
237 3214 186 688
241 3255 186 694
247 3255 182 690
231 3025 191 689
239 3039 187 687
231 2894 182 689
247 3109 182 689
236 2938 189 695
214 2826 182 689
227 2895 191 692
209 2636 182 689
230 2847 190 693
243 3067 182 688
225 3018 177 693
253 3135 191 690
208 2729 182 690
239 3308 185 692
228 2912 182 691
231 3037 187 690
210 2779 195 688
231 3064 191 690
227 3029 180 698
222 2889 182 689
225 2921 177 691
212 2712 182 688
237 3284 195 687
225 2825 186 694
246 3177 188 685
254 3423 182 689
230 2990 182 688
230 2970 182 689
