109857 3060.78
291 3461 184 699
279 3369 197 689
239 2920 199 678
237 2849 179 689
207 2319 178 681
210 2514 191 692
261 2869 185 678
273 3391 220 682
271 3320 218 677
235 2938 180 684
240 2755 215 690
235 3067 206 678
250 3271 233 676
293 3651 196 700
235 2689 185 680
292 3162 188 678
291 3780 197 694
258 3225 181 690
241 2935 217 700
241 3214 209 681
270 3304 191 683
279 3021 197 687
258 3041 186 684
264 3158 173 683
304 3911 204 694
275 3243 187 681
280 3405 198 703
268 3469 210 679
262 3091 196 695
275 3024 202 676
253 3012 211 701
233 2724 189 683
254 3205 197 686
234 2921 199 688
260 3145 245 689
253 2897 209 684
243 2813 199 679
282 3804 242 687
228 2750 192 675
261 3249 187 688
242 2904 213 697
227 2820 193 698
282 3003 209 690
231 2931 185 681
270 3199 191 679
221 2843 191 690
264 3371 194 685
271 3106 204 681
269 3086 190 685
288 3530 201 695
243 3085 187 680
270 3098 185 685
272 3070 223 686
315 3573 197 684
247 3097 196 685
262 3030 212 697
236 3041 187 681
281 3373 182 689
280 3417 197 687
263 3227 191 676
261 2987 236 700
254 3057 196 677
233 2896 205 700
249 3131 199 699
279 3267 208 677
264 3098 183 689
243 2983 183 681
252 3249 180 696
273 3176 224 688
264 3342 216 678
282 3118 207 689
254 2966 197 677
237 2918 195 690
277 3504 205 686
254 2841 189 686
275 3311 193 712
265 3265 199 684
296 3641 232 694
294 3069 180 689
254 3239 222 678
265 3084 184 691
302 3193 228 686
311 3663 181 692
306 3784 194 686
283 3407 198 686
250 3190 204 680
234 2883 191 679
237 3004 183 680
284 3259 203 699
223 2650 187 682
265 3314 211 693
253 3157 194 683
265 3044 190 692
247 3046 189 688
259 3222 184 685
246 3086 221 692
258 2930 205 683
268 3031 193 694
232 2830 227 681
235 2942 197 684
249 3111 204 698
227 2876 178 682
253 2814 190 685
258 3468 198 688
271 3139 204 693
240 3071 185 682
238 3094 193 679
235 2704 185 676
261 3395 197 684
246 3163 225 685
238 2741 185 680
263 3068 240 683
296 3276 187 684
258 3268 195 695
252 3039 199 684
246 2879 214 676
242 3063 215 683
239 3048 202 694
266 3054 205 687
241 2765 192 698
261 3220 192 679
265 3044 219 688
281 3268 184 684
276 3304 185 681
247 2940 213 684
290 3384 190 691
250 3079 194 683
256 3005 201 682
233 2747 180 691
278 3529 194 692
245 2950 178 683
263 3012 199 696
284 3572 209 687
255 3251 198 691
228 3082 188 690
220 2631 187 684
272 3289 231 712
256 3167 203 694
288 3263 190 687
228 2858 209 682
258 2991 228 676
232 2824 180 682
239 3002 192 683
266 3323 225 685
275 3494 191 690
239 3094 214 687
322 3861 186 695
228 2708 196 683
278 3604 195 699
266 3312 196 687
260 3017 183 678
243 3150 208 699
252 2790 191 695
240 2939 227 682
259 3131 187 692
248 3008 193 679
304 3949 227 683
233 2882 202 677
258 2827 182 684
301 3770 188 688
245 3041 179 684
251 3117 188 691
237 3008 194 686
230 2961 177 687
253 3022 203 676
241 3093 194 685
257 3339 224 685
250 3156 203 711
248 3105 194 695
251 3143 217 682
227 2797 191 677
258 3169 214 682
240 3009 194 693
278 3480 219 706
255 3211 182 691
243 3186 178 684
227 2645 200 683
269 3616 186 686
309 3606 213 694
244 2933 218 677
245 2971 185 683
243 3013 187 693
259 3080 212 678
250 2893 186 695
273 3353 178 687
236 2986 187 686
314 4168 244 693
234 2959 199 681
237 2819 193 689
273 3405 226 698
287 3634 231 681
256 2970 190 680
253 3018 210 689
255 2898 188 695
269 3626 196 691
300 3288 194 691
234 2968 179 699
256 3106 197 697
231 2774 181 685
257 3253 183 693
261 3228 192 695
310 4059 251 694
235 2969 204 690
257 3049 194 683
248 2796 182 706
253 3133 215 697
246 2859 194 676
286 3556 205 681
273 3324 182 687
280 3325 225 681
259 3287 182 689
251 3120 177 683
234 2653 184 689
235 2699 194 687
227 2584 196 681
256 3180 187 683
297 3421 174 687
273 3046 183 694
285 3243 187 684
318 3758 205 682
248 3033 188 686
248 2780 199 680
347 4013 227 710
223 2836 189 692
242 2978 220 686
256 3435 197 706
247 2974 180 690
250 3007 196 690
255 3288 219 705
247 2982 187 685
288 3718 223 690
239 2955 202 674
246 2899 186 692
258 3226 212 682
248 2901 180 694
274 3020 198 691
253 3225 208 685
208 2639 182 687
282 3568 201 693
227 2736 196 688
250 3219 190 696
275 3438 183 687
253 3165 197 681
304 3939 236 697
269 3295 192 686
263 3332 178 687
245 3222 197 679
248 3050 218 695
275 3310 204 696
241 2869 178 685
245 3143 208 681
256 3145 190 695
236 2732 192 681
268 3304 216 691
245 3054 177 696
226 2683 183 684
222 2708 182 681
272 3198 219 689
250 2881 185 690
234 2948 196 686
237 2942 200 681
225 2689 187 685
256 3068 193 692
242 2913 183 687
274 3009 182 692
285 3375 214 682
224 2862 189 691
255 3345 188 684
278 3421 251 693
244 2896 177 684
268 3574 202 705
258 3147 192 690
207 2515 192 675
251 3153 191 687
272 3123 208 686
295 3439 208 693
244 3046 187 685
253 3261 211 685
299 3735 213 693
250 3040 213 688
268 3248 179 687
250 2775 185 678
257 3248 191 690
226 2787 183 681
284 3207 210 700
275 3568 224 702
241 3089 212 693
247 3227 204 704
276 3501 218 692
239 2652 187 685
265 3366 215 688
236 3092 184 685
270 3322 197 696
264 3144 209 673
279 3364 191 700
264 3141 192 679
264 2900 177 684
237 3007 186 681
268 3144 229 683
288 3466 220 692
