31714 720.163
219 2793 194 684
249 3094 201 703
247 2789 210 677
237 3074 176 688
290 3586 219 686
268 3292 204 677
242 3046 206 680
230 2735 194 679
244 2987 218 680
284 3450 206 679
272 3606 219 674
278 3360 207 681
228 2909 194 685
239 3174 199 698
217 2834 183 689
282 3365 194 692
251 3145 195 692
228 2775 182 688
266 3505 187 677
234 2950 209 691
255 3323 206 679
241 3023 180 694
288 3680 236 697
251 3146 210 703
248 3074 190 678
212 2820 195 685
233 2993 183 682
262 3275 191 683
268 3535 193 693
270 3679 196 692
247 3117 193 682
277 3311 185 686
304 3809 189 693
261 3293 218 684
296 3358 193 681
226 2929 193 702
234 3110 221 692
282 3809 195 686
265 3464 199 691
280 3358 196 678
239 2940 178 680
278 3204 202 679
294 3701 213 690
250 2888 186 683
217 2853 196 690
254 3181 208 694
268 3276 220 697
258 3238 207 701
263 3253 205 702
223 2742 189 685
264 3447 210 698
240 3062 185 686
261 3220 211 694
263 3247 192 675
260 2964 189 686
254 3357 195 684
231 2941 189 684
340 3812 191 686
246 2904 233 699
280 3720 190 689
265 3385 199 692
239 2981 190 682
300 3676 180 689
230 2754 185 683
274 3653 192 678
292 3838 187 686
240 3133 200 682
262 3210 193 681
355 4550 238 695
246 3089 214 689
232 2940 197 700
258 3214 229 699
238 3035 199 684
234 2818 219 675
273 3437 180 688
211 2562 185 677
278 3520 213 683
284 3294 226 690
256 3108 190 701
256 2988 183 696
338 3975 206 680
335 3904 243 701
294 3745 242 687
214 2652 197 677
232 2823 175 689
224 2983 198 677
253 3124 198 690
252 3238 220 685
262 3263 210 681
280 3265 195 685
245 3135 214 688
279 3193 212 698
253 3057 205 680
238 3020 197 680
283 3619 196 696
296 3864 241 711
224 2968 190 683
250 3030 178 681
224 3010 200 686
307 3679 193 688
326 4210 278 722
272 3510 192 697
254 2796 190 680
259 3265 205 701
264 3252 205 703
281 3536 245 693
245 2961 187 684
252 3269 229 693
253 3205 194 690
226 2867 192 690
263 3365 192 690
265 3270 177 687
262 3197 222 707
279 3442 205 693
228 2802 199 682
227 2866 191 682
250 3255 206 695
230 3104 182 696
244 2807 214 692
270 3148 216 698
240 3026 193 680
259 3041 214 696
270 3367 208 694
259 3329 224 684
247 2994 189 691
257 3259 183 691
248 2962 189 684
264 3339 210 689
244 2992 204 689
263 3228 190 689
265 3366 190 699
263 3297 199 707
265 3555 185 689
253 3099 201 689
257 3051 204 693
269 3434 197 683
273 3434 215 702
288 3514 207 691
245 3007 214 687
263 3238 231 688
264 3393 219 696
241 3062 241 680
265 3324 197 687
246 3052 206 688
221 2860 212 700
285 3521 217 672
247 3132 232 707
273 3192 194 685
243 3271 193 690
338 3948 218 688
260 3421 205 703
273 3597 200 702
260 3280 202 689
255 3178 197 676
238 2921 185 682
285 3492 195 696
272 3561 208 705
255 3131 192 686
268 2978 207 691
273 3226 212 681
252 3138 215 688
305 3573 212 693
251 3143 196 679
265 3426 204 683
242 3114 194 697
292 3720 222 700
249 3073 201 681
252 3151 198 698
252 3341 180 685
265 3261 191 690
260 3250 213 695
267 3519 205 685
264 3018 183 684
270 3257 211 683
271 3051 208 692
287 3291 226 702
244 2895 183 678
283 3754 211 699
244 3116 205 688
301 3577 237 682
242 3125 206 687
277 3456 186 685
294 3655 202 699
239 3078 220 698
266 3419 208 697
252 3209 199 688
262 3163 202 697
259 3322 190 688
266 3413 199 681
263 3336 212 677
246 2940 218 677
259 2984 192 680
255 3411 224 699
246 2923 219 688
280 3712 187 695
249 3155 194 683
242 2948 205 692
277 3081 217 684
306 3651 247 698
272 3546 197 704
252 3408 192 691
255 3288 207 693
247 3090 188 680
247 2942 178 691
252 2886 244 694
310 4010 252 703
248 2953 218 677
296 3338 196 701
306 3449 187 686
280 3499 211 695
264 3505 214 701
255 3291 193 692
267 3268 182 692
222 2974 208 686
253 3176 173 685
232 3124 189 697
261 2960 205 676
271 3358 228 685
263 3268 181 693
274 3303 215 680
238 2680 205 693
265 3032 191 680
260 3289 190 689
300 3677 230 693
258 3111 195 683
262 3252 180 681
260 3373 197 689
260 3171 211 690
267 3185 202 693
278 3650 192 681
239 2717 225 686
251 3096 206 679
243 2759 192 675
236 2826 188 679
265 3258 194 688
278 3343 196 695
238 2799 199 689
243 2820 198 687
249 3121 188 688
267 3357 189 681
270 3267 214 690
236 2979 187 682
230 2953 207 696
282 3477 229 698
282 3396 209 685
278 3466 219 713
260 3277 228 704
278 3488 210 692
238 2899 186 684
273 3155 211 679
285 3461 189 692
264 3236 187 687
277 3440 244 699
281 3171 205 692
263 3369 201 682
253 2951 182 688
265 3091 198 697
223 2636 196 685
242 3034 199 685
262 3362 208 680
261 3405 186 696
241 2653 183 681
246 2936 184 690
255 3047 218 690
251 3181 210 689
254 3005 227 692
237 3018 209 677
268 3113 221 698
269 3255 217 693
265 3160 188 696
248 3304 208 680
271 3665 208 690
279 3243 199 695
237 3167 199 689
264 3280 189 686
276 3281 218 687
313 4087 192 694
240 2918 201 685
242 2957 213 697
291 3183 218 687
278 3341 208 688
220 2805 211 684
247 3195 219 690
265 3370 206 684
240 2983 183 682
255 3029 218 685
236 2938 201 685
283 3377 196 693
257 3369 181 688
257 3388 223 684
283 3546 191 686
247 3153 190 692
227 2670 181 687
244 3082 185 680
263 3214 228 693
262 3028 215 690
267 3150 202 698
244 3002 193 694
257 3171 216 682
296 3710 193 679
