6488 180.071
257 3249 178 681
287 3383 206 686
261 3510 188 679
235 3085 217 680
246 3349 187 680
260 3355 188 685
237 3040 194 684
267 3458 193 687
240 2957 215 680
262 3318 187 682
237 3154 197 677
240 3111 217 692
237 3093 184 686
233 2961 192 682
259 3159 186 691
271 3438 200 683
269 3553 193 677
312 3807 194 683
301 3869 215 691
246 3325 206 694
258 3219 181 682
254 3224 193 698
210 2717 180 685
274 3748 201 683
267 3277 216 684
237 2993 203 686
254 3150 227 690
286 3661 199 682
246 2968 184 687
271 3294 191 690
302 4066 182 686
228 2973 205 688
305 3930 191 679
248 3213 217 678
278 3619 185 689
249 3259 189 687
233 3015 202 690
225 2780 187 686
303 3727 200 698
269 3374 187 691
265 3567 217 681
261 3131 189 687
237 3145 192 678
243 3128 206 686
294 3861 202 695
277 3382 212 690
274 3617 212 685
228 3129 185 681
242 3034 179 682
278 3361 193 699
272 3357 192 684
256 3281 191 683
249 3230 196 685
266 3192 212 681
267 3123 194 692
281 3773 202 689
260 3355 206 684
279 3528 192 681
293 3463 179 679
258 3384 202 678
281 3468 196 686
293 3862 217 684
265 3402 206 698
256 3147 190 694
252 3150 204 687
251 3280 187 687
263 3210 189 692
236 3143 182 686
292 3827 212 693
248 3160 200 698
234 3025 193 680
276 3298 199 683
261 3317 181 689
284 3287 201 692
245 3200 242 684
238 2748 197 680
244 3273 192 687
257 3022 201 684
308 3499 216 696
250 3140 190 685
259 3199 237 688
231 3017 192 682
236 3218 194 685
256 3381 202 681
260 3460 209 708
258 3195 191 689
277 3397 216 686
259 3318 199 681
272 3377 186 689
245 3314 190 683
222 2884 185 681
228 2904 203 673
258 3283 182 694
261 3603 210 686
276 3488 233 687
241 3145 195 682
241 3090 207 679
241 3123 179 685
274 3261 187 685
244 3221 181 681
257 3164 199 681
260 3474 231 683
288 3910 196 681
243 3197 199 680
256 3278 186 679
232 2939 187 679
246 3168 205 676
269 3642 206 699
271 3661 196 686
303 3867 239 699
266 3244 205 692
269 3365 236 691
288 3505 187 693
258 3312 223 689
282 3284 201 682
243 3070 188 684
261 3324 192 678
266 3434 195 688
212 2639 196 697
281 3793 232 699
265 3297 200 682
236 2897 203 688
279 3460 203 701
240 2945 191 689
273 3471 217 689
275 3446 200 677
302 3767 204 685
233 2888 202 695
223 2793 194 687
311 4172 202 686
276 3472 211 701
267 3407 216 687
288 3507 206 692
264 3276 204 677
278 3436 235 699
257 3456 189 692
226 2882 192 683
290 3580 178 681
252 3290 201 681
247 3083 196 690
282 3172 207 677
294 3822 185 687
264 3593 181 679
304 3735 187 705
229 2784 189 686
262 3586 197 698
273 3463 203 693
246 3302 204 676
234 2837 189 686
295 3378 201 686
264 3021 213 700
276 3360 180 688
254 3353 229 692
259 3446 225 691
255 3180 216 676
249 3048 206 676
258 3230 184 689
257 3298 197 690
277 3576 192 681
296 3291 213 673
300 3977 206 681
249 3232 192 682
265 3134 185 684
277 3705 223 696
245 3254 189 690
242 3187 197 676
272 3403 192 702
268 3266 189 686
248 2995 192 684
253 3342 185 681
266 3376 230 677
285 3782 203 697
240 3025 194 686
251 3149 197 679
245 3169 195 692
280 3449 197 687
241 2851 205 686
246 3144 202 689
268 3496 198 682
241 3024 188 697
271 3458 200 687
227 2882 188 683
291 3862 219 684
295 3718 191 698
253 3016 192 695
277 3687 206 710
275 3545 216 693
254 3116 185 697
282 3591 208 683
319 4002 226 694
254 3125 182 686
271 3183 175 687
270 3500 233 700
211 2803 195 684
253 3052 236 681
246 2909 203 699
295 3791 192 692
278 3567 205 700
265 3380 192 690
245 3125 200 681
309 3704 240 691
299 3781 201 690
287 3225 185 684
264 3588 196 689
235 3119 201 681
230 2792 182 688
269 3378 227 695
249 3293 196 685
272 3267 199 685
254 3223 186 677
245 2936 192 692
271 3354 201 680
244 3078 205 683
275 3160 212 683
228 2755 180 691
274 3585 185 678
286 3477 181 696
269 3505 197 698
286 3413 188 689
235 3113 207 677
254 3149 192 686
252 3233 192 677
251 3079 203 692
257 3278 201 679
241 3148 178 681
274 3605 185 679
260 3394 190 680
246 3156 233 690
258 3446 196 683
249 3201 188 679
309 4044 196 691
276 3696 187 686
312 3552 209 685
233 2959 199 684
262 3350 223 689
232 3032 199 680
267 3332 199 682
261 3138 192 682
249 3069 197 687
276 3491 195 681
251 3126 191 691
273 3542 191 676
286 3528 204 689
257 3328 182 689
225 2908 185 693
265 3599 202 692
262 3242 211 673
273 3272 195 693
264 3419 208 697
262 3166 209 684
264 3357 210 676
296 3555 212 699
233 3015 178 680
246 2991 192 684
249 3050 181 694
279 3327 198 696
275 3552 186 691
248 3144 225 686
272 3275 212 681
263 3399 180 680
276 3475 217 691
239 2935 180 691
265 3380 218 680
263 3491 193 681
228 3058 186 681
223 2996 216 684
274 3613 192 684
288 3608 214 684
303 3828 228 685
273 3630 212 689
307 3835 196 684
282 3719 230 676
241 3211 203 688
234 3107 194 679
269 3486 183 677
289 3674 197 704
265 3602 206 694
255 2992 191 702
263 3146 183 680
255 3356 206 674
257 3260 187 685
259 3114 184 691
266 3563 184 683
249 3211 178 689
239 2894 221 677
273 3672 222 688
229 2847 178 684
242 3212 190 693
269 3408 210 696
327 4229 242 684
281 3731 192 698
252 3007 184 688
239 2992 203 691
223 2920 190 685
309 3870 229 688
310 4086 195 686
285 3440 242 688
291 3392 218 681
257 3050 237 688
213 2886 188 688
