7973 901.051
215 2051 209 672
211 2059 186 676
209 2053 209 672
206 2008 183 677
206 2008 183 677
203 2029 183 677
202 2039 192 675
215 2051 209 672
205 2012 203 673
209 2019 197 674
205 2028 199 674
211 2059 186 676
205 2012 203 673
203 2013 187 676
205 2039 197 674
206 2029 197 674
208 2008 192 675
205 2028 199 674
206 2008 193 675
206 2008 187 676
205 2039 197 674
205 2029 191 675
209 2019 197 674
207 2009 198 674
205 2012 192 675
208 2008 198 674
207 2009 198 674
203 2016 193 675
208 2008 192 675
204 2029 192 675
204 2029 192 675
203 2029 183 677
202 2039 192 675
203 2016 193 675
203 2013 187 676
205 2029 191 675
215 2051 209 672
215 2051 209 672
215 2051 209 672
215 2051 209 672
215 2051 209 672
215 2051 209 672
215 2051 209 672
215 2051 209 672
215 2051 209 672
215 2051 209 672
215 2051 209 672
215 2051 209 672
215 2051 209 672
215 2051 209 672
215 2051 209 672
215 2051 209 672
215 2051 209 672
215 2051 209 672
215 2051 209 672
215 2051 209 672
215 2051 209 672
215 2051 209 672
215 2051 209 672
215 2051 209 672
215 2051 209 672
215 2051 209 672
215 2051 209 672
215 2051 209 672
215 2051 209 672
215 2051 209 672
215 2051 209 672
215 2051 209 672
215 2051 209 672
215 2051 209 672
215 2051 209 672
215 2051 209 672
215 2051 209 672
215 2051 209 672
215 2051 209 672
215 2051 209 672
215 2051 209 672
215 2051 209 672
215 2051 209 672
215 2051 209 672
215 2051 209 672
215 2051 209 672
215 2051 209 672
215 2051 209 672
215 2051 209 672
215 2051 209 672
215 2051 209 672
215 2051 209 672
215 2051 209 672
215 2051 209 672
215 2051 209 672
215 2051 209 672
215 2051 209 672
215 2051 209 672
215 2051 209 672
215 2051 209 672
215 2051 209 672
215 2051 209 672
215 2051 209 672
215 2051 209 672
215 2051 209 672
215 2051 209 672
215 2051 209 672
215 2051 209 672
215 2051 209 672
215 2051 209 672
215 2051 209 672
215 2051 209 672
215 2051 209 672
215 2051 209 672
215 2051 209 672
215 2051 209 672
215 2051 209 672
215 2051 209 672
215 2051 209 672
215 2051 209 672
215 2051 209 672
215 2051 209 672
215 2051 209 672
215 2051 209 672
215 2051 209 672
215 2051 209 672
215 2051 209 672
215 2051 209 672
215 2051 209 672
215 2051 209 672
215 2051 209 672
215 2051 209 672
215 2051 209 672
215 2051 209 672
215 2051 209 672
215 2051 209 672
215 2051 209 672
215 2051 209 672
215 2051 209 672
215 2051 209 672
215 2051 209 672
215 2051 209 672
215 2051 209 672
215 2051 209 672
215 2051 209 672
215 2051 209 672
215 2051 209 672
215 2051 209 672
215 2051 209 672
215 2051 209 672
215 2051 209 672
215 2051 209 672
215 2051 209 672
215 2051 209 672
215 2051 209 672
215 2051 209 672
215 2051 209 672
215 2051 209 672
215 2051 209 672
215 2051 209 672
215 2051 209 672
215 2051 209 672
215 2051 209 672
215 2051 209 672
215 2051 209 672
215 2051 209 672
215 2051 209 672
215 2051 209 672
215 2051 209 672
215 2051 209 672
215 2051 209 672
215 2051 209 672
215 2051 209 672
215 2051 209 672
215 2051 209 672
215 2051 209 672
215 2051 209 672
215 2051 209 672
215 2051 209 672
215 2051 209 672
215 2051 209 672
215 2051 209 672
215 2051 209 672
215 2051 209 672
215 2051 209 672
215 2051 209 672
215 2051 209 672
215 2051 209 672
215 2051 209 672
215 2051 209 672
215 2051 209 672
215 2051 209 672
215 2051 209 672
215 2051 209 672
215 2051 209 672
215 2051 209 672
215 2051 209 672
215 2051 209 672
215 2051 209 672
215 2051 209 672
215 2051 209 672
215 2051 209 672
215 2051 209 672
215 2051 209 672
215 2051 209 672
215 2051 209 672
215 2051 209 672
215 2051 209 672
215 2051 209 672
215 2051 209 672
215 2051 209 672
215 2051 209 672
215 2051 209 672
215 2051 209 672
215 2051 209 672
215 2051 209 672
215 2051 209 672
205 2039 197 674
204 2029 192 675
215 2052 209 672
210 2061 204 673
210 2059 209 672
208 2022 187 676
205 2036 192 675
212 2047 197 674
211 2036 203 673
210 2043 198 674
212 2031 198 674
215 2053 209 672
215 2053 209 672
212 2039 198 674
211 2045 198 674
211 2041 203 673
215 2053 209 672
215 2053 209 672
215 2054 209 672
215 2054 209 672
215 2052 198 674
213 2068 198 674
212 2043 203 673
212 2060 199 674
215 2088 198 674
215 2056 209 672
215 2056 209 672
214 2090 198 674
214 2043 204 673
212 2060 204 673
213 2052 203 673
214 2043 204 673
215 2083 199 674
215 2056 209 672
215 2056 209 672
215 2056 209 672
215 2057 209 672
213 2057 203 673
213 2055 204 673
215 2064 203 673
215 2058 209 672
215 2058 209 672
213 2066 204 673
215 2058 209 672
215 2071 203 673
215 2060 209 672
213 2068 204 673
216 2085 203 673
216 2061 209 672
215 2064 209 672
215 2081 204 673
216 2074 204 673
215 2064 209 672
217 2104 203 673
216 2066 209 672
215 2067 209 672
219 2109 203 673
215 2068 209 672
219 2119 203 673
215 2073 209 672
219 2127 203 673
215 2077 209 672
232 2264 204 673
217 2077 209 672
215 2091 209 672
217 2078 209 672
217 2086 209 672
217 2089 209 672
218 2091 209 672
217 2092 209 672
219 2114 209 672
223 2131 209 672
222 2165 209 672
224 2139 209 672
223 2194 209 674
227 2142 209 672
224 2199 209 672
227 2149 209 672
227 2149 209 672
227 2149 209 672
227 2149 209 672
227 2149 209 672
230 2151 209 672
228 2165 209 672
228 2165 209 672
228 2165 209 672
227 2178 209 672
