170 3.19229
255 3312 178 685
242 3180 207 697
270 3496 224 707
280 3605 209 716
324 3998 244 688
249 3288 206 684
269 3642 229 684
247 3116 191 709
251 3246 235 706
269 3476 262 705
248 3250 208 685
279 3454 228 714
262 3400 232 702
281 3653 214 703
283 3646 210 696
274 3467 246 696
273 3353 229 694
236 3027 221 687
278 3507 229 682
262 3467 228 688
286 3483 217 700
268 3376 235 687
289 3699 253 689
288 3637 222 693
242 3206 216 700
314 4100 220 713
267 3394 239 693
271 3582 224 681
333 4065 259 714
260 3486 203 694
280 3534 239 691
269 3370 228 690
253 3379 216 692
259 3634 226 680
230 3011 193 699
293 3965 248 698
259 3323 222 684
306 3819 254 683
291 3624 212 695
283 3493 236 701
257 3329 222 702
276 3615 212 706
263 2975 209 702
250 3238 202 687
264 3415 206 695
284 3502 205 685
298 3975 234 703
244 3353 216 711
289 3789 207 699
265 3491 217 697
273 3702 246 699
273 3738 219 688
326 4255 217 707
286 3966 212 704
245 3333 212 692
272 3719 223 705
249 3299 192 691
332 4316 194 706
255 3497 202 692
281 3605 221 689
298 3632 231 699
260 3264 196 688
259 3332 216 683
277 3620 214 689
262 3430 203 707
297 3956 213 698
325 4266 205 700
302 3951 206 701
304 3812 232 693
252 3209 198 691
263 3388 224 705
261 3349 235 695
300 3896 248 685
307 3968 233 692
284 3582 215 697
248 3355 211 686
310 4017 221 703
282 3708 232 684
283 3698 222 686
278 3588 243 700
259 3123 183 701
248 3112 210 686
241 3180 205 685
270 3515 214 691
277 3605 223 694
278 3725 209 699
234 3064 227 696
272 3671 201 692
275 3639 209 714
295 3816 227 709
298 3686 243 693
272 3559 244 689
265 3341 227 692
274 3574 210 700
289 3718 218 684
290 3830 202 697
268 3485 228 698
265 3539 227 715
296 3932 194 689
264 3607 213 695
308 4192 233 701
247 3201 218 700
289 3609 258 701
258 3415 219 680
309 4191 220 684
265 3389 202 706
248 3105 213 706
262 3269 232 704
245 3266 203 683
229 3025 210 684
306 4103 201 686
267 3499 228 682
263 3321 190 688
288 3788 201 701
290 3663 230 698
246 2941 207 697
210 2746 196 703
260 3360 219 703
279 3621 209 692
257 3502 211 709
283 3421 203 702
308 4020 206 694
256 3239 208 687
303 4136 193 703
283 3786 238 690
251 3150 211 688
293 3843 218 690
228 2972 190 687
290 3568 264 696
245 2964 218 690
324 4037 236 685
285 3896 222 688
244 3101 211 692
274 3716 225 681
309 4013 259 689
240 3156 196 683
265 3376 256 686
264 3530 210 695
267 3238 207 693
268 3486 227 695
252 3263 203 699
290 3542 209 702
293 3834 242 697
235 3209 194 700
251 3081 200 703
259 3383 218 718
289 3851 248 692
272 3309 204 680
277 3500 229 711
258 3428 207 691
287 3755 202 697
274 3390 237 689
287 3919 213 694
270 3284 234 703
294 3681 229 688
250 3260 230 694
284 3668 239 690
271 3529 226 686
237 3173 221 689
248 3237 228 687
267 3418 221 694
300 3945 224 710
275 3754 187 698
285 3889 214 705
252 3161 228 696
265 3491 224 686
268 3360 188 708
286 3827 210 709
288 3608 216 708
257 3247 219 687
261 3385 205 682
292 3817 211 704
269 3564 217 712
282 3724 193 707
289 3504 202 701
228 3045 208 692
256 3149 201 694
276 3523 216 705
282 3739 199 703
300 3608 246 688
302 3842 224 687
276 3585 238 687
278 3570 242 695
281 3694 198 693
264 3251 211 684
261 3127 202 701
284 3633 242 703
321 4241 237 711
281 3579 186 695
276 3328 198 699
270 3660 229 704
228 2929 214 683
272 3668 216 698
255 3501 211 689
230 2957 205 691
268 3504 225 698
308 3846 225 691
248 3256 225 700
291 3963 223 693
272 3728 206 693
255 3090 223 694
253 3316 211 691
256 3527 226 695
281 3734 227 691
258 3388 238 694
272 3334 196 713
252 3283 202 687
281 3753 196 703
258 3488 210 699
287 3606 248 709
252 3308 210 691
257 3402 240 699
287 3734 209 699
278 3602 244 692
260 3239 226 690
285 3866 192 685
294 3818 216 687
250 3248 188 685
245 3386 224 692
277 3654 242 709
267 3362 235 682
284 3486 231 690
247 3214 211 687
269 3370 215 703
263 3308 215 688
318 4319 199 690
239 3209 201 688
265 3598 200 695
274 3639 232 689
262 3423 219 690
303 3909 217 702
256 3107 216 695
279 3620 197 689
250 3267 208 693
246 3315 208 683
252 3369 219 721
281 3591 232 704
254 3109 216 692
262 3561 180 696
262 3339 212 694
268 3448 249 685
244 3011 198 692
252 3340 214 716
246 3195 205 708
291 3600 236 690
245 3238 230 696
263 3461 225 688
266 3372 217 680
241 3171 191 682
266 3416 223 689
301 3869 245 681
279 3594 199 689
327 3932 213 695
295 3877 210 696
299 3981 224 684
269 3538 211 685
267 3374 211 702
278 3781 264 682
261 3446 210 686
299 3654 217 686
271 3557 221 700
264 3546 225 703
277 3533 212 701
280 3592 210 703
244 3264 219 690
277 3698 218 711
313 4189 255 699
290 3788 254 683
226 2967 190 685
263 3343 218 688
279 3602 233 692
268 3143 226 686
272 3605 196 687
253 3186 226 693
239 3099 203 702
260 3553 217 697
275 3591 215 693
273 3648 184 683
261 3463 222 694
279 3614 213 687
279 3751 218 702
261 3397 218 715
256 3272 206 697
307 4257 205 685
245 3387 211 699
279 3740 250 698
278 3865 208 715
308 4010 215 698
250 3332 194 699
291 3687 208 683
249 3294 200 692
283 3439 198 688
251 3252 248 704
242 3207 187 689
263 3349 221 687
253 3530 237 694
261 3473 213 713
268 3558 229 704
298 4065 223 685
268 3507 206 691
