1167 26.8545
209 2081 209 672
209 2081 209 672
186 1956 179 679
183 2150 183 677
181 1992 173 683
181 1992 173 683
180 1972 180 682
203 2030 203 673
197 2004 197 674
203 2030 203 673
197 1976 197 676
192 1983 191 675
183 2150 183 677
185 2116 185 676
192 1966 192 677
180 2007 178 680
185 1973 185 678
186 2043 186 676
183 2002 175 682
186 2053 185 676
181 1987 179 681
191 1973 191 677
182 1977 180 681
184 2126 183 677
180 1999 175 683
186 1956 179 679
186 1975 178 680
188 2016 183 677
180 1980 180 679
197 2004 197 674
187 1962 185 678
197 1976 197 676
191 1996 191 675
185 2116 185 676
184 2126 183 677
183 1964 180 679
188 2011 185 676
192 1966 192 677
191 1980 183 677
186 2043 186 676
185 2031 183 677
180 2007 178 680
181 1999 178 680
186 1960 186 678
187 2052 185 676
191 1996 191 675
189 1996 183 677
187 1962 185 678
183 1964 180 679
191 1977 185 676
190 1993 183 677
187 2052 185 676
190 1992 185 676
189 1996 183 677
188 2016 183 677
185 1991 179 679
181 1987 179 681
192 1983 191 675
183 2002 175 682
183 1998 179 679
191 1973 191 677
186 1975 178 680
186 1964 185 678
186 1960 186 678
185 1994 178 680
190 1993 183 677
190 1992 185 676
186 2053 185 676
185 2031 183 677
185 1994 178 680
180 1972 180 682
209 2081 209 672
209 2081 209 672
209 2081 209 672
209 2081 209 672
209 2081 209 672
209 2081 209 672
209 2081 209 672
209 2081 209 672
209 2081 209 672
209 2081 209 672
209 2081 209 672
209 2081 209 672
209 2081 209 672
209 2081 209 672
209 2081 209 672
209 2081 209 672
209 2081 209 672
209 2081 209 672
209 2081 209 672
209 2081 209 672
209 2081 209 672
209 2081 209 672
209 2081 209 672
209 2081 209 672
209 2081 209 672
209 2081 209 672
209 2081 209 672
209 2081 209 672
209 2081 209 672
209 2081 209 672
209 2081 209 672
209 2081 209 672
209 2081 209 672
209 2081 209 672
209 2081 209 672
209 2081 209 672
209 2081 209 672
209 2081 209 672
209 2081 209 672
209 2081 209 672
209 2081 209 672
209 2081 209 672
209 2081 209 672
209 2081 209 672
209 2081 209 672
209 2081 209 672
209 2081 209 672
209 2081 209 672
209 2081 209 672
209 2081 209 672
209 2081 209 672
209 2081 209 672
209 2081 209 672
209 2081 209 672
209 2081 209 672
209 2081 209 672
209 2081 209 672
209 2081 209 672
209 2081 209 672
209 2081 209 672
209 2081 209 672
209 2081 209 672
209 2081 209 672
209 2081 209 672
209 2081 209 672
209 2081 209 672
209 2081 209 672
209 2081 209 672
209 2081 209 672
209 2081 209 672
209 2081 209 672
209 2081 209 672
209 2081 209 672
209 2081 209 672
209 2081 209 672
209 2081 209 672
209 2081 209 672
209 2081 209 672
209 2081 209 672
209 2081 209 672
209 2081 209 672
209 2081 209 672
209 2081 209 672
209 2081 209 672
209 2087 209 672
192 2018 185 676
192 1995 191 675
203 2062 203 673
198 2028 197 674
197 2051 197 674
204 2041 203 673
204 2041 203 673
209 2088 209 672
203 2076 185 676
199 2001 197 676
197 2098 197 674
195 2017 191 677
193 2035 192 677
204 2050 203 673
203 2063 203 673
201 2030 197 674
201 2024 192 675
199 2088 186 676
197 2040 192 675
198 2014 197 676
199 2061 191 675
198 2038 197 674
216 2222 185 676
209 2093 209 672
209 2093 209 672
195 2024 191 677
198 2045 197 674
208 2120 191 675
198 2071 192 675
203 2069 203 673
205 2059 203 673
204 2061 203 673
215 2187 191 675
209 2098 209 672
209 2098 209 672
198 2047 197 674
204 2068 203 673
199 2085 192 675
203 2079 203 673
215 2215 191 675
209 2099 209 672
203 2047 203 675
198 2053 197 674
213 2172 196 675
204 2070 203 673
203 2096 203 673
219 2251 192 675
209 2100 209 672
204 2050 203 675
198 2061 197 674
213 2184 196 675
203 2116 203 673
204 2074 203 673
201 2059 197 674
209 2103 209 672
204 2059 197 674
203 2120 203 673
198 2096 197 676
207 2077 203 673
199 2061 197 674
204 2088 203 673
209 2104 209 672
203 2068 197 676
200 2081 197 674
204 2098 203 673
207 2078 203 673
202 2071 197 674
206 2089 203 673
201 2072 197 674
207 2078 203 673
210 2080 203 673
209 2105 209 672
205 2116 197 674
204 2106 197 676
203 2107 197 676
202 2071 198 674
205 2098 203 673
206 2073 197 674
212 2098 203 673
209 2109 209 672
207 2075 197 674
206 2144 197 674
204 2076 203 675
203 2110 203 675
205 2107 204 673
207 2136 203 673
208 2101 203 673
212 2109 204 673
209 2118 209 672
209 2076 197 674
207 2142 197 674
207 2087 203 675
203 2208 203 675
208 2112 198 674
208 2118 203 673
205 2097 203 675
204 2115 204 675
209 2124 209 672
209 2091 197 674
207 2149 198 674
208 2123 203 673
212 2170 197 674
210 2127 209 672
209 2173 197 674
209 2129 209 672
209 2114 209 674
210 2146 198 674
209 2133 203 673
209 2133 203 673
213 2136 204 673
211 2130 209 672
210 2174 197 674
209 2134 209 672
209 2129 209 674
210 2137 203 673
219 2205 198 676
215 2132 209 672
214 2206 197 674
209 2165 209 672
209 2139 209 674
212 2162 203 673
210 2145 209 672
216 2194 203 673
211 2142 209 674
210 2150 209 672
209 2153 209 674
225 2250 203 673
220 2253 203 673
214 2151 209 672
211 2156 209 672
209 2159 209 674
215 2154 209 672
213 2161 209 672
209 2205 209 674
213 2171 209 672
213 2190 209 672
214 2190 209 672
214 2193 209 672
221 2204 209 672
214 2229 209 674
223 2244 209 672
222 2294 209 672
227 2265 209 672
223 2297 209 672
209 2073 209 672
209 2073 209 672
186 1956 179 679
183 2150 183 677
181 1992 173 683
181 1992 173 683
180 1972 180 682
203 2028 203 673
203 2028 203 673
197 2004 197 674
197 1976 197 676
192 1983 191 675
183 2150 183 677
186 2043 186 676
180 2007 178 680
183 2002 175 682
185 1973 185 678
183 1973 180 681
181 1987 179 681
191 1973 191 677
192 1966 192 677
185 2104 183 677
184 2126 183 677
180 1999 175 683
185 2116 185 676
187 1962 185 678
186 1956 179 679
186 2053 185 676
186 1975 178 680
191 1996 191 675
180 1980 180 679
197 2004 197 674
197 1976 197 676
192 1971 191 677
190 1991 183 677
188 2024 185 676
185 2116 185 676
192 1966 192 677
188 2016 183 677
180 2007 178 680
186 2039 183 677
185 2104 183 677
191 1977 183 677
186 2053 185 676
184 2126 183 677
186 1960 186 678
190 1997 185 676
187 1962 185 678
191 1977 185 676
188 2024 185 676
188 2016 183 677
191 1996 191 675
183 1973 180 681
182 1977 180 681
184 1977 179 679
182 1977 180 681
192 1971 191 677
186 2043 186 676
181 1987 179 681
192 1983 191 675
183 2002 175 682
180 1999 175 683
180 1980 180 679
191 1973 191 677
186 1975 178 680
186 1960 186 678
190 1997 185 676
190 1991 183 677
186 1972 185 678
197 1976 197 676
209 2081 209 672
209 2081 209 672
205 2059 183 677
197 1986 197 676
196 2003 185 678
190 2007 185 676
197 2010 197 674
203 2056 203 673
204 2037 203 673
191 2002 191 675
196 2001 191 677
197 2001 191 675
209 2081 209 672
209 2081 209 672
209 2081 209 672
209 2084 209 672
194 2011 185 676
192 2023 185 676
197 2024 197 674
203 2066 203 673
204 2048 203 673
192 2041 192 675
197 2014 191 675
194 2031 191 675
195 2021 191 675
209 2088 209 672
198 2062 185 676
196 2013 191 677
195 2015 191 677
204 2049 203 673
203 2069 203 673
196 2088 192 675
203 2025 197 676
197 2043 197 674
199 2055 185 676
201 2026 197 674
197 2042 191 675
200 2033 197 674
198 2039 197 674
204 2049 203 673
210 2156 185 676
209 2093 209 672
204 2179 185 676
199 2014 191 677
197 2064 197 674
205 2053 203 673
203 2072 203 673
200 2037 197 674
198 2043 191 675
204 2060 203 673
199 2063 197 674
222 2206 185 676
209 2097 209 672
201 2038 197 674
197 2068 197 674
203 2073 203 673
204 2061 203 673
198 2048 191 675
200 2046 191 675
204 2061 203 673
209 2099 209 672
209 2099 209 672
205 2057 191 675
203 2043 203 675
198 2063 191 675
198 2068 197 674
206 2062 203 673
204 2050 197 674
203 2080 203 673
204 2064 203 673
209 2101 209 672
206 2068 192 675
204 2049 203 675
201 2089 191 675
199 2104 197 674
203 2081 203 673
204 2053 197 674
205 2065 203 673
205 2074 192 675
200 2070 197 674
209 2102 209 672
205 2053 197 674
203 2094 191 675
201 2149 191 675
200 2097 197 674
205 2070 203 673
203 2091 203 673
202 2110 191 675
204 2065 197 674
201 2071 197 674
209 2104 209 672
205 2076 203 675
204 2135 191 675
200 2104 197 674
207 2078 203 673
203 2096 203 673
204 2077 198 674
205 2088 203 673
202 2079 197 674
201 2100 197 674
203 2078 197 674
204 2092 203 673
209 2105 209 672
208 2078 197 674
205 2187 191 676
202 2085 197 674
208 2171 191 675
203 2115 203 673
207 2081 203 673
204 2094 203 673
205 2081 197 674
214 2177 191 675
209 2106 209 672
208 2080 197 674
202 2124 197 674
204 2097 203 673
208 2089 203 673
203 2085 197 674
214 2219 192 677
209 2110 209 672
209 2110 209 672
208 2082 197 674
204 2086 197 674
209 2091 203 673
204 2106 203 673
207 2098 203 673
205 2101 203 673
204 2106 203 673
210 2090 197 674
209 2114 209 672
205 2130 197 674
204 2111 197 676
209 2094 203 673
206 2109 203 675
205 2111 203 673
208 2103 203 673
207 2093 197 674
209 2115 209 672
209 2100 203 673
207 2112 197 674
205 2164 197 674
205 2125 203 673
208 2106 203 673
206 2124 203 673
207 2115 203 673
209 2124 197 674
209 2117 209 672
209 2105 203 673
207 2227 197 674
206 2178 197 677
206 2158 203 675
207 2122 198 674
208 2107 203 673
211 2136 197 674
211 2125 197 676
210 2118 209 672
209 2186 197 674
209 2120 209 672
208 2110 203 673
207 2122 203 675
209 2120 209 672
213 2137 197 674
212 2170 197 676
211 2180 197 674
211 2122 209 672
209 2124 209 672
208 2115 203 673
215 2153 197 674
214 2229 197 674
209 2125 209 672
209 2116 203 673
208 2214 203 673
218 2155 197 674
217 2174 197 674
209 2126 209 672
209 2126 209 672
209 2118 203 673
226 2232 197 674
209 2128 209 672
209 2128 209 672
209 2119 203 673
210 2133 203 673
210 2128 203 675
209 2159 203 673
209 2133 209 672
209 2119 209 674
213 2141 203 673
209 2186 203 675
209 2135 209 672
209 2121 209 674
210 2142 203 673
214 2143 204 673
210 2149 203 673
210 2136 209 672
210 2134 209 674
209 2138 209 672
211 2150 203 673
210 2151 203 673
209 2139 209 672
213 2162 203 673
212 2181 203 675
210 2214 203 673
209 2140 209 672
212 2190 203 673
223 2167 203 673
212 2198 203 675
209 2144 209 672
217 2186 203 673
225 2190 203 673
213 2221 203 675
209 2146 209 672
209 2146 209 672
218 2211 203 673
236 2413 203 673
209 2148 209 672
209 2156 209 672
211 2170 209 672
209 2176 209 672
214 2184 209 674
209 2192 209 672
215 2195 214 674
209 2196 209 672
214 2210 209 672
217 2214 209 672
214 2229 209 672
224 2218 209 674
223 2227 209 672
215 2271 209 672
227 2253 209 672
221 2302 209 672
209 2081 209 672
209 2081 209 672
186 1956 179 679
183 2150 183 677
181 1992 173 683
181 1992 173 683
180 1972 180 682
203 2030 203 673
203 2030 203 673
197 2004 197 674
197 2004 197 674
192 1983 191 675
183 2150 183 677
192 1966 192 677
180 2007 178 680
186 2043 186 676
186 2053 185 676
180 1999 175 683
183 2002 175 682
181 1987 179 681
191 1973 191 677
184 2126 183 677
185 2116 185 676
185 1973 185 678
187 1962 185 678
186 1956 179 679
191 1977 185 676
186 1975 178 680
182 1977 180 681
185 2104 183 677
180 1980 180 679
191 2002 191 675
185 1971 180 679
185 2116 185 676
192 1966 192 677
188 2016 183 677
180 2007 178 680
184 2051 179 679
186 2039 183 677
190 1993 185 676
188 2024 185 676
185 2104 183 677
189 1987 183 677
191 1977 183 677
184 2126 183 677
183 2002 175 682
186 1960 186 678
191 2002 191 675
187 1962 185 678
185 1971 180 679
182 1977 180 681
188 2024 185 676
188 2016 183 677
190 1993 185 676
189 1987 183 677
186 2043 186 676
192 1983 191 675
186 1969 185 678
180 1999 175 683
180 1980 180 679
191 1973 191 677
186 2053 185 676
186 1975 178 680
186 1969 185 678
186 1960 186 678
185 1979 179 679
184 2051 179 679
185 1993 178 680
185 1979 179 679
180 1972 180 682
209 2081 209 672
209 2081 209 672
209 2081 209 672
209 2081 209 672
209 2081 209 672
209 2081 209 672
209 2081 209 672
209 2081 209 672
209 2081 209 672
209 2081 209 672
209 2081 209 672
209 2081 209 672
209 2081 209 672
209 2081 209 672
209 2081 209 672
209 2081 209 672
209 2081 209 672
209 2081 209 672
209 2081 209 672
209 2081 209 672
209 2081 209 672
209 2081 209 672
209 2081 209 672
209 2081 209 672
209 2081 209 672
209 2081 209 672
209 2081 209 672
209 2081 209 672
209 2081 209 672
209 2081 209 672
209 2081 209 672
209 2081 209 672
209 2081 209 672
209 2081 209 672
209 2081 209 672
209 2081 209 672
209 2081 209 672
209 2081 209 672
209 2081 209 672
209 2081 209 672
209 2081 209 672
209 2081 209 672
209 2081 209 672
209 2081 209 672
209 2081 209 672
209 2081 209 672
209 2081 209 672
209 2081 209 672
209 2081 209 672
209 2081 209 672
209 2081 209 672
209 2081 209 672
209 2081 209 672
209 2081 209 672
209 2081 209 672
209 2081 209 672
209 2081 209 672
209 2081 209 672
209 2081 209 672
209 2081 209 672
209 2081 209 672
209 2081 209 672
209 2081 209 672
209 2081 209 672
209 2081 209 672
209 2081 209 672
209 2081 209 672
209 2081 209 672
209 2081 209 672
209 2081 209 672
209 2081 209 672
209 2081 209 672
209 2081 209 672
209 2081 209 672
209 2081 209 672
209 2081 209 672
209 2081 209 672
209 2081 209 672
209 2081 209 672
209 2081 209 672
209 2081 209 672
209 2081 209 672
209 2081 209 672
209 2081 209 672
209 2081 209 672
209 2081 209 672
209 2081 209 672
209 2081 209 672
209 2081 209 672
203 2030 203 673
209 2084 209 672
198 2098 191 675
198 2091 185 676
190 1993 186 678
197 2027 197 674
204 2047 203 673
201 2043 192 677
203 2076 203 673
199 2014 197 676
212 2078 197 674
209 2088 209 672
209 2088 209 672
204 2110 191 675
204 2052 203 673
197 2071 197 676
203 2058 203 675
205 2087 197 674
209 2080 197 674
203 2088 203 673
212 2117 191 675
209 2089 209 672
204 2055 203 673
202 2128 198 676
205 2104 197 674
203 2098 203 673
210 2091 197 674
209 2090 209 672
209 2090 209 672
207 2120 197 674
205 2118 197 676
205 2060 203 673
204 2062 203 673
212 2120 197 674
209 2093 209 672
209 2093 209 672
204 2064 203 673
209 2093 209 672
212 2135 197 674
209 2095 209 672
209 2095 209 672
204 2065 203 673
218 2153 197 674
214 2190 197 674
209 2096 209 672
204 2068 203 673
215 2174 197 674
221 2160 197 674
209 2097 209 672
209 2097 209 672
205 2070 203 673
204 2071 203 673
209 2100 209 672
205 2073 203 673
204 2127 203 673
204 2085 203 675
209 2101 209 672
207 2073 203 673
204 2096 203 675
205 2079 203 673
209 2103 209 672
208 2081 203 673
204 2130 203 675
204 2124 203 677
205 2082 203 673
209 2104 209 672
206 2085 203 673
205 2091 203 673
209 2106 209 672
209 2106 209 672
208 2085 203 673
206 2089 203 675
205 2155 203 673
208 2085 203 673
206 2118 203 673
210 2093 203 673
209 2107 209 672
206 2121 203 673
208 2119 203 673
209 2098 203 673
213 2115 203 673
209 2124 203 673
209 2108 209 672
212 2128 203 673
210 2157 203 673
209 2109 209 672
216 2131 203 673
212 2139 203 673
209 2111 209 672
214 2166 203 673
212 2180 203 673
211 2111 209 672
209 2113 209 672
213 2152 204 673
217 2185 203 673
216 2180 204 675
213 2197 203 673
212 2112 209 672
209 2115 209 672
209 2115 209 672
212 2196 204 673
210 2114 209 672
215 2196 203 673
215 2258 203 673
211 2114 209 672
209 2117 209 672
211 2118 209 672
210 2121 209 672
209 2132 209 672
211 2128 209 672
210 2133 209 672
209 2134 209 672
211 2129 209 672
210 2134 209 672
209 2151 209 672
211 2138 209 672
210 2147 209 672
215 2145 209 672
213 2161 209 672
212 2177 209 672
211 2158 209 674
214 2163 209 672
213 2172 209 672
216 2166 209 672
214 2169 209 672
214 2169 209 672
213 2174 209 672
219 2170 209 672
218 2172 209 674
213 2180 209 672
213 2181 209 672
214 2191 209 672
223 2198 209 672
215 2200 209 672
218 2201 209 672
223 2293 209 672
229 2308 209 672
229 2308 209 672
228 2304 209 674
230 2333 209 672
241 2421 209 672
