56262 660.087
218 1936 209 672
209 1984 209 672
209 1984 209 672
198 1966 174 683
198 1966 174 683
187 1847 185 678
186 1849 180 679
191 1875 191 675
203 1930 203 673
194 1861 185 676
213 1904 203 673
196 1903 175 682
203 1887 197 674
197 1889 197 674
197 1873 191 675
203 1887 197 674
193 1858 178 680
196 1903 175 682
188 1865 178 680
195 1862 183 677
187 1864 183 677
207 1923 203 673
186 1849 180 679
213 1950 209 672
197 1894 179 679
203 1930 203 673
215 1941 209 672
218 1936 209 672
212 1909 203 673
189 1864 185 676
191 1875 191 675
207 1923 203 673
187 1847 185 678
215 1941 209 672
209 1914 203 673
193 1858 178 680
197 1873 191 675
188 1865 178 680
192 1897 179 679
192 1897 179 679
189 1864 185 676
212 1909 203 673
213 1950 209 672
209 1914 203 673
213 1904 203 673
195 1862 183 677
194 1861 185 676
193 1860 191 677
197 1894 179 679
197 1889 197 674
187 1864 183 677
193 1860 191 677
218 1936 209 672
218 1936 209 672
218 1936 209 672
218 1936 209 672
218 1936 209 672
218 1936 209 672
218 1936 209 672
218 1936 209 672
218 1936 209 672
218 1936 209 672
218 1936 209 672
218 1936 209 672
218 1936 209 672
218 1936 209 672
218 1936 209 672
218 1936 209 672
218 1936 209 672
218 1936 209 672
218 1936 209 672
218 1936 209 672
218 1936 209 672
218 1936 209 672
218 1936 209 672
218 1936 209 672
218 1936 209 672
218 1936 209 672
218 1936 209 672
218 1936 209 672
218 1936 209 672
218 1936 209 672
218 1936 209 672
218 1936 209 672
218 1936 209 672
218 1936 209 672
218 1936 209 672
218 1936 209 672
218 1936 209 672
218 1936 209 672
218 1936 209 672
218 1936 209 672
218 1936 209 672
218 1936 209 672
218 1936 209 672
218 1936 209 672
218 1936 209 672
218 1936 209 672
218 1936 209 672
218 1936 209 672
218 1936 209 672
218 1936 209 672
218 1936 209 672
218 1936 209 672
218 1936 209 672
218 1936 209 672
218 1936 209 672
218 1936 209 672
218 1936 209 672
218 1936 209 672
218 1936 209 672
218 1936 209 672
218 1936 209 672
218 1936 209 672
218 1936 209 672
218 1936 209 672
218 1936 209 672
218 1936 209 672
218 1936 209 672
218 1936 209 672
218 1936 209 672
218 1936 209 672
218 1936 209 672
218 1936 209 672
218 1936 209 672
218 1936 209 672
218 1936 209 672
218 1936 209 672
218 1936 209 672
218 1936 209 672
218 1936 209 672
218 1936 209 672
218 1936 209 672
218 1936 209 672
218 1936 209 672
218 1936 209 672
218 1936 209 672
218 1936 209 672
218 1936 209 672
218 1936 209 672
218 1936 209 672
218 1936 209 672
218 1936 209 672
218 1936 209 672
218 1936 209 672
218 1936 209 672
218 1936 209 672
218 1936 209 672
218 1936 209 672
218 1936 209 672
218 1936 209 672
218 1936 209 672
218 1936 209 672
218 1936 209 672
218 1936 209 672
218 1936 209 672
218 1936 209 672
218 1936 209 672
218 1936 209 672
218 1936 209 672
218 1936 209 672
218 1936 209 672
218 1936 209 672
218 1936 209 672
218 1936 209 672
218 1936 209 672
218 1936 209 672
218 1936 209 672
218 1936 209 672
218 1936 209 672
218 1936 209 672
218 1936 209 672
218 1936 209 672
218 1936 209 672
218 1936 209 672
218 1936 209 672
218 1936 209 672
218 1936 209 672
218 1936 209 672
218 1936 209 672
218 1936 209 672
218 1936 209 672
218 1936 209 672
218 1936 209 672
218 1936 209 672
218 1936 209 672
218 1936 209 672
218 1936 209 672
218 1936 209 672
215 1941 209 672
215 1941 209 672
215 1941 209 672
215 1941 209 672
215 1941 209 672
213 1950 209 672
213 1904 203 673
212 1909 203 673
212 1909 203 673
212 1909 203 673
212 1909 203 673
212 1909 203 673
209 1914 203 673
203 1930 203 673
203 1887 197 674
197 1889 197 674
197 1889 197 674
218 1941 209 672
215 1933 186 676
209 1987 209 672
209 1987 209 672
197 1897 197 674
200 1919 192 675
213 1912 203 673
203 1936 203 673
215 1985 209 672
215 1985 209 672
215 1985 209 672
215 1985 209 672
218 1942 209 672
213 1904 197 674
212 2042 192 675
212 1911 197 676
209 1989 209 672
202 1918 197 674
203 1972 203 673
216 1925 203 673
206 1949 203 673
218 1942 209 672
210 1988 209 672
211 1946 203 673
211 1946 203 673
218 1942 209 672
218 1948 209 672
213 1912 197 674
210 2003 203 673
209 1992 209 672
202 1923 197 674
210 1963 204 673
218 1933 203 673
215 1982 203 673
218 1933 203 673
215 1991 209 672
218 1933 203 673
218 1933 203 673
218 1933 203 673
218 1950 209 672
216 1919 197 674
215 2084 203 673
209 1993 209 672
203 1933 197 674
218 1938 203 673
216 2001 203 673
219 1950 209 672
218 1927 197 674
217 2064 203 673
209 1997 209 672
204 1954 197 676
207 2021 203 675
213 1935 197 674
218 1944 203 673
218 1952 209 672
218 1952 209 672
222 1955 209 672
218 1940 197 674
218 1938 203 674
213 2024 203 675
209 2007 209 672
215 1985 209 674
219 1945 203 673
219 1945 203 673
218 1956 209 672
219 1945 203 673
219 1945 203 673
224 1962 209 672
219 1945 197 675
218 1944 209 674
209 2019 209 672
219 1946 203 673
215 2010 209 674
222 1986 209 672
218 1944 209 674
231 2011 209 672
228 2051 209 672
219 1954 197 675
222 1980 203 673
220 2015 203 673
222 1984 203 673
225 2002 203 673
224 2020 203 673
223 1993 209 674
225 2002 203 673
225 2002 203 673
225 2002 203 673
225 2002 203 673
225 2008 203 673
225 2008 203 673
231 2013 203 675
225 2015 203 673
225 2015 203 673
229 2053 203 673
