127099 3540.88
260 2995 178 682
259 3054 193 694
280 3421 252 700
253 3325 191 695
280 3066 187 686
246 2839 212 681
232 2719 192 697
275 3523 222 685
248 2958 193 679
265 3411 203 706
240 2787 198 679
247 2766 197 675
233 2568 180 686
290 3704 237 690
234 2738 188 686
258 3089 194 691
325 3745 208 697
282 3285 196 693
222 2416 191 675
267 3423 225 681
230 2885 191 685
233 2732 185 685
250 3209 186 682
242 2847 191 697
236 3094 179 689
246 2775 206 679
261 2955 182 683
257 3017 182 682
277 3153 197 690
259 2709 203 682
239 2895 188 681
263 3347 213 699
289 3850 218 692
246 3266 177 687
253 3288 182 690
257 3124 189 679
238 2746 183 681
234 2819 182 690
252 2840 187 689
269 3342 187 686
238 2825 203 690
337 4062 230 713
229 2829 184 683
262 2940 186 682
257 3045 179 682
259 3284 187 684
234 2907 179 691
251 3036 221 688
274 3256 191 700
268 2931 184 682
275 3124 199 686
238 3050 187 688
255 3080 223 690
262 3258 193 678
239 2997 218 693
253 3087 178 683
240 3001 215 682
256 2990 191 682
278 3247 215 682
287 3475 221 693
245 2809 184 685
250 2883 196 688
226 2769 185 693
258 3179 174 685
264 2892 192 691
247 3009 187 683
231 2785 191 675
244 2849 212 685
289 3607 217 683
268 3144 208 682
299 3413 208 683
254 2942 190 682
280 3499 193 687
310 3830 200 702
216 2792 205 679
258 3057 229 682
263 3158 192 698
244 2925 178 683
252 3146 181 706
237 2808 185 676
296 3621 216 693
254 2722 179 685
298 3766 220 701
271 3518 227 704
251 3169 197 689
243 3112 187 688
291 3593 201 682
273 3491 174 688
261 2930 223 688
264 3120 199 687
270 3204 183 681
226 2611 188 688
258 3042 194 688
265 2882 186 682
272 3370 198 697
219 2886 185 691
255 3030 198 694
256 3200 198 689
246 3011 189 693
257 2962 176 683
223 2757 192 678
274 3402 221 683
240 2947 205 685
261 2932 194 693
258 3112 188 683
265 3155 206 681
242 3033 193 682
229 2762 191 688
245 2925 210 691
213 2533 189 691
267 3475 218 681
225 2787 196 688
247 3038 207 677
289 3685 206 683
233 2779 194 697
262 3258 182 691
293 3669 200 695
238 2984 208 676
256 3115 187 687
275 3441 192 692
261 3101 254 688
239 2867 199 693
275 3706 216 696
280 3267 189 692
257 3069 200 695
276 3331 192 690
261 3209 192 681
268 3112 234 694
256 3120 209 674
276 3186 223 684
266 3056 178 684
286 3216 216 686
261 3061 204 676
251 2829 197 703
270 3279 179 683
258 2943 197 676
267 2975 194 690
215 2697 176 686
245 2975 185 689
238 2834 189 686
246 2906 223 682
259 2980 210 678
258 3374 195 676
319 3875 194 684
266 3333 200 698
224 2735 209 678
222 2657 212 678
252 3025 188 679
225 2875 179 690
301 3753 178 696
276 3176 227 685
288 3430 198 690
270 3454 233 695
269 3333 244 702
275 3239 210 708
272 3326 193 700
245 3069 175 687
285 3615 191 693
252 3205 178 680
256 3160 178 682
221 2786 178 684
251 3158 198 687
262 3134 201 699
247 3024 192 681
263 2937 184 677
265 2964 217 677
279 3622 199 688
216 2586 191 678
255 2785 184 692
282 3292 221 706
255 3056 188 694
255 3049 187 683
250 2962 191 683
273 3048 188 680
215 2461 200 690
246 2939 181 688
267 3307 203 687
256 2779 187 690
262 3017 205 678
235 3065 186 695
251 3025 205 679
261 2993 185 683
251 2933 218 675
231 2576 209 690
270 3431 199 703
280 3685 184 684
268 3160 199 695
233 3110 192 689
285 3525 199 688
288 3308 187 684
319 3832 199 684
270 3334 198 682
241 2952 176 693
268 3293 191 686
257 3107 192 679
267 3110 192 684
284 3567 222 688
249 2810 182 687
263 3215 203 696
240 3085 235 689
237 2786 190 690
280 3354 242 697
256 3296 183 679
260 3012 181 688
240 2975 179 679
265 3031 187 688
286 3256 208 674
269 3036 193 695
241 2777 194 702
270 3150 193 700
241 2724 232 682
262 2862 197 683
233 2761 185 687
237 3177 183 681
268 3127 182 680
267 3412 181 688
280 3643 240 685
266 3392 197 685
210 2749 178 681
285 3376 202 685
256 3073 188 684
285 3355 208 685
255 3016 178 682
251 3019 188 681
234 2944 200 681
275 3148 189 683
269 3284 217 684
248 2808 194 690
309 3594 179 691
232 2719 174 684
241 2756 201 692
285 3783 216 708
251 2952 191 697
257 3141 193 679
249 3169 205 680
261 3292 204 676
238 2656 190 682
243 2773 183 679
297 3780 218 699
216 2833 190 690
273 3276 199 678
257 3179 214 689
290 3615 222 687
247 2880 219 680
255 3075 193 681
280 3168 178 694
271 3230 194 697
249 2876 199 683
274 3167 178 682
250 2860 182 696
277 3132 202 694
268 3374 200 703
284 3070 178 685
256 3074 183 678
257 3063 208 676
265 3347 217 682
237 2794 220 695
253 3097 187 699
229 2717 209 673
267 3083 208 706
253 2983 223 680
273 3283 202 699
259 3171 194 695
229 2833 184 685
222 2525 178 682
249 3168 205 695
265 3193 178 683
303 3566 197 683
227 2674 207 698
255 3080 199 684
307 3593 206 705
271 3552 199 682
295 3364 181 685
255 2895 204 679
313 3583 195 697
278 3431 203 701
217 2667 180 693
275 3394 191 686
248 3111 189 683
283 3288 189 692
271 3239 182 687
276 3223 203 681
237 2992 185 693
230 2615 194 683
260 3074 184 685
256 3033 202 680
283 3089 183 682
249 2831 178 684
278 3503 223 691
284 3456 213 700
217 2537 179 680
262 3098 204 697
239 2855 186 684
267 3335 211 689
226 2825 195 689
287 3244 203 682
239 2832 198 683
280 3407 196 677
247 3094 200 692
240 2901 209 676
