87813 2340.52
184 1857 175 685
186 1937 172 687
173 2085 173 686
209 2011 209 672
209 2011 209 672
203 1973 203 673
203 1973 203 673
198 1948 197 674
173 2085 173 686
191 1934 191 675
197 1951 197 674
182 1892 180 679
189 1916 185 677
191 1934 191 675
183 1935 183 677
197 1951 197 674
176 1914 176 682
194 1919 185 676
177 1911 176 682
187 1887 185 678
185 1944 185 676
184 1876 179 679
189 1917 183 677
180 1885 173 686
184 1861 179 684
184 1857 175 685
181 1900 173 683
197 1951 197 674
184 1857 175 685
187 1887 185 678
180 1882 175 684
184 1874 178 680
184 1868 178 681
189 1864 179 680
178 1890 173 686
184 1862 175 683
184 1867 180 681
191 1934 191 675
186 1937 172 687
192 1932 191 675
174 1930 173 683
195 1877 185 678
186 1890 185 678
188 1934 172 687
182 1881 178 683
189 1908 183 678
183 1905 176 682
177 1911 176 682
194 1919 185 676
179 1902 173 683
189 1908 183 678
176 1912 174 683
192 1932 191 675
185 1858 173 686
180 1896 179 679
179 1894 174 683
180 1896 179 679
195 1877 185 678
190 1867 178 680
183 1899 173 683
183 1899 173 683
188 1934 172 687
177 1911 176 682
178 1888 174 685
184 1872 179 680
185 1858 173 686
180 1882 175 684
185 1944 185 676
189 1865 180 679
178 1898 178 680
184 1857 175 685
187 1887 185 678
182 1883 178 681
180 1885 173 686
174 1930 173 683
186 1890 185 678
181 1900 173 683
179 1889 173 686
198 1948 197 674
191 1934 191 675
181 1900 173 683
191 1934 191 675
190 1867 178 680
179 1889 173 686
185 1858 173 686
184 1857 175 685
189 1870 179 679
179 1886 174 685
182 1881 178 683
184 1867 180 681
174 1930 173 683
183 1925 183 678
197 1951 197 674
189 1922 185 676
198 1948 197 674
183 1925 183 678
189 1922 185 676
189 1908 183 678
189 1860 178 681
189 1916 185 677
186 1937 172 687
184 1868 178 681
184 1874 178 680
182 1892 180 679
182 1893 179 679
184 1880 173 683
181 1900 173 683
176 1914 176 682
179 1890 178 680
191 1934 191 675
189 1878 185 678
189 1870 179 679
179 1902 173 683
178 1898 178 680
189 1864 179 680
182 1883 178 681
184 1867 180 681
184 1871 175 682
184 1880 173 683
182 1881 178 683
189 1870 179 679
184 1874 178 680
179 1889 173 686
184 1876 179 679
189 1868 178 680
189 1865 180 679
178 1898 178 680
184 1872 179 680
176 1912 174 683
189 1864 179 680
187 1887 185 678
179 1889 173 686
182 1881 178 683
184 1873 180 679
184 1862 175 683
184 1863 173 686
178 1888 174 685
184 1863 173 686
184 1866 179 682
181 1900 173 683
181 1884 180 683
182 1883 178 681
184 1861 179 684
184 1871 175 682
180 1885 173 686
184 1873 180 679
189 1865 180 679
189 1878 185 678
184 1862 175 683
181 1884 180 683
179 1886 174 685
187 1887 185 678
178 1894 173 685
183 1935 183 677
182 1892 180 679
189 1860 178 681
180 1882 175 684
184 1866 179 682
189 1917 183 677
179 1886 174 685
184 1867 180 681
180 1882 175 684
184 1874 178 680
184 1862 175 683
186 1937 172 687
182 1892 180 679
173 2085 173 686
184 1871 175 682
197 1951 197 674
184 1871 175 682
184 1872 179 680
182 1881 178 683
186 1890 185 678
184 1876 179 679
180 1892 174 683
184 1874 178 680
184 1864 174 683
189 1917 183 677
178 1888 174 685
184 1868 178 681
197 1951 197 674
184 1867 180 681
189 1865 180 679
189 1878 185 678
184 1864 174 683
184 1876 179 679
189 1878 185 678
181 1900 173 683
182 1881 178 683
186 1890 185 678
184 1861 179 684
184 1857 175 685
180 1882 175 684
192 1932 191 675
184 1868 178 681
186 1890 185 678
185 1858 173 686
194 1919 185 676
179 1902 173 683
179 1889 173 686
177 1911 176 682
178 1888 174 685
178 1888 174 685
183 1935 183 677
184 1862 175 683
194 1919 185 676
182 1881 178 683
181 1884 180 683
176 1914 176 682
178 1890 173 686
184 1866 179 682
189 1865 180 679
198 1948 197 674
181 1900 173 683
181 1900 173 683
178 1888 174 685
186 1937 172 687
173 2085 173 686
184 1876 179 679
180 1882 175 684
186 1937 172 687
184 1876 179 679
184 1874 178 680
177 1911 176 682
184 1876 179 679
182 1881 178 683
186 1890 185 678
192 1932 191 675
186 1890 185 678
189 1865 180 679
184 1868 178 681
184 1874 178 680
184 1876 179 679
189 1868 178 680
184 1872 179 680
184 1871 175 682
191 1934 191 675
194 1919 185 676
189 1922 185 676
186 1890 185 678
189 1865 180 679
185 1858 173 686
174 1930 173 683
180 1885 173 686
184 1871 175 682
178 1890 175 683
189 1916 185 677
182 1881 178 683
178 1890 173 686
174 1930 173 683
184 1860 174 685
184 1876 179 679
186 1890 185 678
176 1912 174 683
184 1880 173 683
191 1934 191 675
184 1880 173 683
180 1892 174 683
184 1871 175 682
184 1874 178 680
184 1867 180 681
182 1881 178 683
184 1863 173 686
184 1876 179 679
186 1890 185 678
184 1874 178 680
184 1874 178 680
189 1865 180 679
184 1868 178 681
187 1887 185 678
180 1892 174 683
182 1892 180 679
189 1870 179 679
189 1908 183 678
184 1864 174 683
182 1883 178 681
184 1874 178 680
181 1900 173 683
184 1871 175 682
184 1876 179 679
184 1871 175 682
180 1882 175 684
184 1873 180 679
184 1863 173 686
184 1868 178 681
184 1861 179 684
182 1892 180 679
184 1857 175 685
184 1862 175 683
179 1886 174 685
174 1930 173 683
184 1874 178 680
187 1887 185 678
180 1896 179 679
185 1858 173 686
189 1878 185 678
186 1937 172 687
181 1900 173 683
179 1902 173 683
180 1896 179 679
