712 4.71902
230 2758 179 679
208 2778 197 674
208 2778 197 674
188 2451 172 687
188 2451 172 687
188 2246 178 684
176 2354 174 683
226 2659 185 676
217 2527 178 680
209 2580 191 675
193 2502 187 676
191 2557 191 677
205 2421 183 677
185 2483 185 678
194 2385 182 679
184 2285 174 685
180 2382 173 685
179 2282 178 684
186 2319 183 680
201 2416 178 681
185 2327 173 686
201 2455 175 682
185 2270 180 682
189 2324 175 684
209 2635 178 680
208 2574 180 679
213 2578 178 680
196 2600 178 681
196 2600 178 681
194 2344 176 682
193 2469 176 682
265 3426 175 682
255 3328 193 677
248 3087 173 686
214 2592 178 680
212 2665 182 681
228 2748 183 678
235 2930 175 684
221 2777 182 679
233 3048 174 685
218 2729 176 682
250 3116 183 678
248 3211 175 685
215 2726 178 680
222 2900 176 682
230 2838 176 684
237 2910 182 679
230 3044 182 679
232 3031 182 679
264 3172 176 682
244 3032 176 685
244 2923 183 679
235 2910 184 680
220 2813 180 682
253 3164 182 679
229 2871 178 684
233 2847 182 681
223 2925 178 680
240 2988 177 682
241 2834 183 680
236 2850 178 680
270 3480 176 685
247 2869 200 686
231 2991 178 680
245 2975 178 683
240 3078 177 682
259 3505 177 684
244 3017 187 680
235 3028 178 683
247 3224 178 680
239 3077 181 681
242 3110 178 681
243 3051 178 682
255 3255 178 681
251 3282 178 680
241 3058 180 683
240 3075 178 683
240 3065 180 683
242 3169 178 682
264 3294 178 683
261 3313 178 680
255 3333 178 681
250 3119 181 686
245 3090 195 685
240 3172 181 683
251 3175 180 682
250 3251 180 683
262 3437 178 680
262 3345 181 682
247 3189 181 683
267 3506 178 682
264 3534 178 680
251 3198 185 683
287 3456 193 685
269 3579 178 681
282 3544 180 681
275 3556 182 681
287 3722 178 683
282 3667 188 683
286 3722 188 688
226 2659 185 676
208 2778 197 674
208 2778 197 674
188 2451 172 687
188 2451 172 687
188 2246 178 684
176 2354 174 683
209 2580 191 675
212 2678 185 676
226 2659 185 676
200 2302 178 681
191 2557 191 677
194 2421 183 677
206 2395 183 678
178 2366 178 680
185 2327 173 686
186 2455 179 679
185 2483 185 678
176 2361 176 682
183 2446 173 683
199 2341 178 681
206 2515 186 676
192 2338 175 682
180 2380 180 679
193 2502 187 676
191 2332 181 682
188 2246 178 684
179 2391 173 685
193 2502 187 676
180 2382 173 685
245 3079 183 677
225 2980 175 682
221 2824 187 678
217 2582 178 682
211 2692 177 684
241 3015 178 680
229 2790 182 681
213 2849 186 680
228 2970 175 682
234 3062 186 678
215 2910 183 679
216 2834 178 683
234 3033 181 679
225 2820 181 681
222 2823 178 681
226 2871 183 680
259 3467 183 678
238 2857 178 682
236 3088 186 678
230 3185 175 685
218 2860 189 687
251 3272 181 679
223 3029 183 680
243 3246 178 681
232 3054 176 684
228 2991 180 683
240 2978 175 682
236 2879 183 681
231 3038 178 683
236 3105 181 681
272 3160 183 680
266 3588 175 685
245 3137 188 678
240 2868 180 682
232 3143 181 683
247 3348 186 679
236 3094 177 684
239 2913 183 681
246 3252 178 681
240 3073 178 682
275 3350 183 680
264 3461 178 681
251 3288 177 684
240 2983 181 683
246 3091 180 682
240 3134 182 682
248 3210 178 682
251 3149 178 682
247 3048 181 682
257 3208 178 682
254 3407 181 682
242 3115 182 685
240 3089 188 684
247 3241 181 683
252 3194 187 684
255 3257 183 682
254 3191 183 683
281 3692 178 682
260 3490 178 684
258 3217 180 682
275 3439 178 683
296 4011 178 684
277 3670 178 685
270 3225 182 684
268 3574 180 682
268 3343 195 686
260 3499 181 683
275 3507 182 685
261 3531 182 686
276 3593 188 685
226 2659 185 676
208 2778 197 674
208 2778 197 674
188 2451 172 687
188 2451 172 687
188 2246 178 684
176 2354 174 683
212 2678 185 676
209 2580 191 675
180 2382 173 685
191 2557 191 677
185 2327 173 686
179 2282 178 684
185 2483 185 678
197 2513 179 679
200 2302 178 681
226 2659 185 676
206 2395 183 678
196 2429 178 680
192 2504 176 682
204 2651 191 675
199 2587 175 682
194 2532 182 679
205 2421 183 677
193 2502 187 676
194 2618 175 682
188 2451 173 683
193 2548 179 679
189 2446 178 681
193 2502 187 676
259 3337 181 679
245 3312 183 677
237 3195 173 686
224 2855 187 682
214 2786 183 688
213 2945 180 680
248 3038 174 684
235 3167 175 685
243 3337 185 679
219 2929 178 683
241 3079 178 681
228 3087 178 682
219 2816 180 685
225 2848 178 683
277 3644 180 680
265 3468 187 678
256 3428 175 685
234 2924 183 684
216 2962 182 687
224 3045 185 682
268 3412 175 685
238 3275 176 685
249 3413 183 679
262 3558 175 684
244 3238 178 681
229 3086 181 682
241 3214 178 683
236 3068 180 682
226 2940 187 683
225 2946 178 684
233 3073 183 681
262 3569 183 679
243 3097 178 685
237 3216 178 685
227 2987 187 683
237 3141 180 682
229 3109 182 684
240 3136 183 681
254 3303 178 682
252 3315 178 682
240 3245 178 684
245 3232 178 683
254 3227 178 683
276 3377 178 683
270 3595 183 680
246 3407 178 684
242 3204 180 686
242 3149 183 681
240 3168 183 681
266 3507 178 682
254 3290 178 684
251 3317 178 685
256 3495 178 683
261 3436 178 683
247 3379 178 685
289 3657 185 680
256 3213 183 682
252 3370 178 685
259 3466 180 684
275 3657 178 683
286 3641 178 682
277 3613 179 682
276 3593 178 684
268 3529 183 682
263 3427 178 688
258 3510 178 685
257 3360 183 684
265 3394 182 686
282 3901 178 685
282 3605 183 683
