32015 900.523
245 3019 178 682
287 3571 188 693
254 3038 191 691
253 3066 211 688
299 3540 203 673
265 3269 208 679
280 3338 218 686
264 3142 207 690
272 3132 185 687
277 3409 200 695
280 3446 194 678
298 3678 211 708
255 3111 197 684
254 3134 179 687
306 3741 194 697
279 3743 265 701
246 2948 183 680
277 3277 221 703
288 3582 199 694
289 3375 187 685
222 2691 180 685
294 3263 196 696
302 3566 191 691
279 3570 216 685
275 3275 198 691
298 3608 199 683
268 3228 182 694
268 3241 187 691
280 3155 207 683
255 3110 185 678
280 3215 183 687
316 3698 197 699
278 3335 202 681
243 2892 199 689
255 3072 194 685
237 3150 198 684
305 3304 228 685
260 3129 179 690
271 3203 187 678
240 2777 197 683
242 3152 187 701
326 3828 230 680
282 3472 230 697
262 3270 196 681
267 3265 179 687
271 3403 200 680
242 3069 190 689
266 3128 186 679
241 2994 189 680
278 3327 202 694
240 2823 187 685
233 2754 185 692
295 3730 199 706
251 3046 188 679
328 4114 233 697
246 3026 187 676
224 2905 182 690
272 3491 193 691
236 2829 193 695
274 3580 186 691
261 3077 202 697
236 2901 186 688
222 2861 192 681
277 3390 184 700
259 3464 195 695
262 2969 206 680
240 2905 181 681
238 3029 189 687
224 2742 180 691
241 3186 192 678
293 3472 194 701
268 3288 216 683
270 3008 190 697
241 3263 199 675
269 3368 206 689
231 2795 191 677
252 3051 212 685
249 2956 186 689
269 3146 190 678
295 3468 197 690
208 2635 192 680
243 2884 194 680
238 2938 184 686
229 2922 183 679
249 3078 179 685
241 2907 192 689
259 3213 189 695
234 2744 197 677
260 3179 185 678
264 3179 190 691
233 2938 209 696
250 3009 202 697
251 3284 219 688
234 2997 201 681
254 3194 188 679
266 3257 206 697
233 2922 192 690
238 3002 189 689
246 3277 203 691
269 3418 176 692
277 3418 199 693
277 3404 178 686
224 2773 185 678
271 3425 219 700
305 3791 195 695
269 3486 199 703
264 3404 209 686
252 3256 191 704
265 3075 187 697
271 3166 184 684
274 3338 204 711
236 2927 183 684
262 3327 180 690
252 3026 185 699
250 2771 185 686
278 3446 205 702
249 3060 186 681
240 2973 217 691
274 3408 215 696
271 3417 190 687
299 3427 193 691
268 3066 185 679
265 3268 199 690
257 3250 213 699
255 2864 179 688
246 2972 197 674
270 3466 212 685
262 3027 183 680
260 3119 193 684
352 4203 205 700
246 2982 180 680
253 3099 183 690
262 3439 182 696
273 3342 188 699
297 3439 230 694
236 2728 193 695
284 3370 196 694
230 2903 186 676
311 3433 197 689
255 3334 216 703
278 3546 204 693
243 3016 198 692
253 2916 182 688
270 2991 182 690
270 3288 183 698
244 2987 199 686
267 2995 194 691
258 3077 196 689
278 3573 202 705
251 3178 185 685
229 2824 200 677
287 3630 209 685
263 3062 201 681
257 3105 219 693
307 3700 220 695
255 3337 187 686
279 3131 190 681
272 3237 235 696
248 3199 199 690
261 3254 205 705
221 2785 201 688
246 3029 200 685
275 3287 186 696
240 2848 192 678
243 3125 201 680
324 4116 210 691
233 2670 186 678
243 3039 199 687
247 2969 192 689
283 3287 188 695
237 2713 188 691
245 3063 186 680
241 2896 183 681
274 3215 192 688
222 2684 187 686
259 3061 209 685
236 2645 186 678
300 3409 205 706
251 3046 196 682
249 3001 192 680
259 3008 180 697
230 2963 184 687
251 3270 202 681
224 2678 205 686
285 3356 188 698
228 2636 177 689
285 3240 183 684
283 3214 183 682
279 3571 206 681
257 2911 201 685
258 3016 198 688
289 3721 195 688
280 3546 216 693
265 3176 230 677
246 2900 187 691
284 3383 203 684
257 3030 218 682
291 3385 183 677
302 3844 196 685
287 3426 194 687
227 2637 192 680
238 2972 196 691
273 3338 179 695
233 2788 194 681
243 3039 199 685
287 3541 235 684
285 3324 225 693
220 2535 183 688
263 3109 202 694
272 3097 191 676
254 3067 173 685
275 3053 193 685
274 3371 244 689
243 3139 178 683
245 2677 203 678
240 2955 208 680
244 3059 200 691
253 3340 202 677
233 2961 185 683
284 3600 239 692
285 3362 192 701
283 3375 220 683
252 3294 222 686
296 3780 195 706
238 3067 215 683
242 3035 202 692
243 3072 182 685
271 3092 207 689
242 3093 198 678
229 2917 185 676
245 2949 213 704
230 2865 178 680
227 2807 193 676
261 3303 188 684
279 3532 190 690
252 3014 203 698
252 3415 213 698
245 3006 199 690
245 3340 196 677
267 3143 187 679
248 3147 194 696
289 3331 199 690
258 3068 191 692
205 2531 197 701
261 3620 196 693
305 3650 203 696
253 3251 212 694
249 3072 196 692
253 2853 187 686
246 3082 194 694
253 2931 179 686
237 2867 189 677
246 3101 192 683
279 3506 187 694
284 3406 200 687
243 2946 183 682
265 3027 187 685
266 3441 194 692
240 2861 182 684
280 3468 198 681
275 3402 191 692
285 3586 209 701
269 3126 197 685
270 3047 196 684
289 3191 181 694
227 2841 182 684
244 2879 181 691
264 3444 191 691
238 3101 206 684
270 3267 184 690
273 3354 223 679
250 3106 211 679
243 2917 183 679
266 3252 179 683
278 3077 184 688
237 3071 180 679
250 3197 195 685
241 2912 195 689
261 3049 205 709
272 3298 196 703
264 3245 189 694
236 2822 195 699
268 3274 189 681
257 3167 188 682
248 3076 193 685
250 3015 188 681
272 3266 209 689
259 3283 195 696
275 3238 188 691
263 3151 185 692
243 3004 213 700
249 3064 196 686
259 3174 216 684
258 2981 188 684
225 2560 183 682
253 3051 199 685
277 3119 206 687
255 2964 187 688
256 3254 191 700
244 2989 183 679
