980 21.9982
209 2254 209 672
209 2254 209 672
191 2339 173 683
182 2191 175 684
179 2215 173 684
177 2133 177 682
203 2210 203 673
198 2143 198 676
192 2138 192 677
197 2147 197 676
190 2280 179 679
203 2188 203 675
189 2310 174 683
185 2210 185 676
194 2197 188 676
201 2193 197 674
180 2224 180 679
185 2165 185 678
189 2310 174 683
184 2227 176 682
178 2136 178 681
190 2280 179 679
183 2178 183 677
187 2210 176 683
193 2194 176 683
191 2339 173 683
183 2178 183 677
191 2160 191 677
191 2196 191 675
182 2158 178 680
201 2193 197 674
203 2188 203 675
183 2138 183 679
178 2162 178 680
178 2136 178 681
188 2164 188 678
181 2163 181 679
189 2142 188 678
188 2205 186 676
182 2158 178 680
203 2210 203 673
197 2194 197 674
182 2238 176 682
182 2238 176 682
177 2133 177 682
179 2247 175 682
179 2247 175 682
198 2143 198 676
181 2163 181 679
185 2165 185 678
188 2205 186 676
182 2217 180 679
189 2142 188 678
184 2227 176 682
180 2224 180 679
197 2194 197 674
194 2197 188 676
193 2194 176 683
178 2162 178 680
188 2198 188 676
190 2205 176 683
187 2210 176 683
190 2205 176 683
182 2191 175 684
182 2217 180 679
179 2215 173 684
188 2198 188 676
188 2164 188 678
209 2254 209 672
209 2254 209 672
209 2254 209 672
209 2254 209 672
209 2254 209 672
209 2254 209 672
209 2254 209 672
209 2254 209 672
209 2254 209 672
209 2254 209 672
209 2254 209 672
209 2254 209 672
209 2254 209 672
209 2254 209 672
209 2254 209 672
209 2254 209 672
209 2254 209 672
209 2254 209 672
209 2254 209 672
209 2254 209 672
209 2254 209 672
209 2254 209 672
209 2254 209 672
209 2254 209 672
209 2254 209 672
209 2254 209 672
209 2254 209 672
209 2254 209 672
209 2254 209 672
209 2254 209 672
209 2254 209 672
209 2254 209 672
209 2254 209 672
209 2254 209 672
209 2254 209 672
209 2254 209 672
209 2254 209 672
209 2254 209 672
209 2254 209 672
209 2254 209 672
209 2254 209 672
209 2254 209 672
209 2254 209 672
209 2254 209 672
209 2254 209 672
209 2254 209 672
209 2254 209 672
209 2254 209 672
209 2254 209 672
209 2254 209 672
209 2254 209 672
209 2254 209 672
209 2254 209 672
209 2254 209 672
209 2254 209 672
209 2254 209 672
209 2254 209 672
209 2254 209 672
209 2254 209 672
209 2254 209 672
209 2254 209 672
209 2254 209 672
209 2254 209 672
209 2254 209 672
209 2254 209 672
209 2254 209 672
209 2254 209 672
209 2254 209 672
209 2254 209 672
209 2254 209 672
209 2254 209 672
209 2254 209 672
209 2254 209 672
209 2254 209 672
209 2254 209 672
209 2254 209 672
209 2254 209 672
209 2254 209 672
209 2254 209 672
209 2254 209 672
209 2254 209 672
209 2254 209 672
209 2254 209 672
209 2254 209 672
209 2254 209 672
209 2254 209 672
209 2254 209 672
209 2254 209 672
209 2254 209 672
209 2254 209 672
209 2254 209 672
209 2254 209 672
209 2254 209 672
209 2254 209 672
209 2254 209 672
209 2254 209 672
209 2254 209 672
209 2254 209 672
209 2254 209 672
209 2254 209 672
209 2254 209 672
209 2254 209 672
209 2254 209 672
209 2254 209 672
209 2254 209 672
234 2539 186 676
224 2696 191 677
209 2272 209 672
203 2218 197 674
201 2269 197 676
205 2248 203 673
210 2398 193 675
218 2524 192 675
201 2296 197 674
248 2945 192 675
231 2777 191 677
212 2280 209 672
209 2288 209 672
209 2269 209 674
204 2419 197 674
205 2319 203 673
216 2330 197 674
205 2360 197 676
210 2395 198 674
211 2375 197 674
279 3416 192 675
250 2953 193 677
209 2325 209 672
206 2407 206 674
225 2377 198 674
210 2466 197 674
207 2353 203 673
212 2327 204 675
208 2350 203 673
212 2410 197 674
206 2455 198 674
218 2411 198 676
214 2326 209 672
212 2519 197 675
209 2329 209 672
216 2360 203 673
209 2419 203 675
215 2456 197 674
211 2376 203 673
213 2459 198 676
213 2327 209 672
223 2482 197 674
214 2550 204 673
209 2341 209 672
223 2384 203 673
216 2447 203 673
218 2419 203 673
235 2648 197 676
232 2753 197 674
214 2350 209 672
209 2401 209 672
227 2608 198 674
219 2455 204 673
219 2458 203 673
221 2441 203 673
213 2358 209 672
239 2767 197 674
234 2758 197 676
233 2884 197 674
222 2366 209 672
216 2357 209 674
214 2450 209 672
229 2679 198 674
219 2534 203 675
223 2450 203 673
222 2487 204 673
234 2808 197 674
221 2511 203 673
221 2426 209 672
219 2430 209 672
236 2727 198 675
234 2828 197 674
222 2376 209 672
219 2480 209 672
229 2469 203 673
225 2479 203 673
221 2461 209 672
280 3241 197 674
225 2642 203 675
224 2384 209 672
220 2619 209 672
240 2884 198 674
227 2491 203 673
223 2421 209 672
223 2421 209 672
238 2539 203 673
229 2679 203 675
223 2441 209 672
222 2735 209 672
232 2575 204 673
227 2714 204 673
231 2585 203 673
242 2730 203 673
235 2826 203 673
233 2678 203 675
231 2491 209 672
223 2558 209 672
237 2804 203 673
227 2509 209 672
246 2789 203 673
241 2850 203 673
233 2751 203 677
229 2546 209 672
225 2566 209 672
246 2698 203 675
246 2826 203 673
240 2555 209 672
227 2606 209 672
235 2575 209 672
236 2558 209 672
262 2842 203 673
255 2972 203 673
228 2609 209 672
227 2695 209 674
255 2945 204 673
263 3022 203 673
231 2609 209 672
267 3033 203 673
237 2619 209 672
231 2623 209 672
236 2629 209 672
231 2667 209 674
237 2629 209 672
244 2703 209 672
242 2799 209 672
251 2725 209 672
253 2755 209 672
209 2262 209 672
209 2262 209 672
191 2339 173 683
182 2191 175 684
179 2215 173 684
177 2133 177 682
203 2202 203 673
192 2138 192 677
198 2144 198 676
203 2202 203 673
197 2147 197 676
190 2280 179 679
185 2210 185 676
189 2310 174 683
201 2188 197 674
194 2197 188 676
180 2224 180 679
185 2165 185 678
189 2310 174 683
184 2227 176 682
178 2136 178 681
193 2194 176 683
183 2178 183 677
187 2210 176 683
201 2188 197 674
191 2339 173 683
183 2178 183 677
191 2160 191 677
188 2164 188 678
182 2158 178 680
191 2196 191 675
190 2280 179 679
179 2247 175 682
183 2138 183 679
191 2196 191 675
189 2142 188 678
178 2162 178 680
178 2136 178 681
181 2163 181 679
182 2158 178 680
197 2191 197 674
182 2238 176 682
182 2238 176 682
177 2133 177 682
179 2247 175 682
198 2144 198 676
181 2163 181 679
185 2165 185 678
182 2217 180 679
187 2210 176 683
189 2142 188 678
188 2198 188 676
197 2191 197 674
193 2194 176 683
190 2205 176 683
184 2227 176 682
180 2224 180 679
194 2197 188 676
178 2162 178 680
190 2205 176 683
182 2191 175 684
191 2160 191 677
182 2217 180 679
179 2215 173 684
188 2198 188 676
209 2262 209 672
209 2262 209 672
209 2262 209 672
209 2262 209 672
209 2262 209 672
209 2262 209 672
209 2262 209 672
209 2262 209 672
209 2262 209 672
209 2262 209 672
209 2262 209 672
209 2262 209 672
209 2262 209 672
209 2262 209 672
209 2262 209 672
209 2262 209 672
209 2262 209 672
209 2262 209 672
209 2262 209 672
209 2262 209 672
209 2262 209 672
209 2262 209 672
209 2262 209 672
209 2262 209 672
209 2262 209 672
209 2262 209 672
209 2262 209 672
209 2262 209 672
209 2262 209 672
209 2262 209 672
209 2262 209 672
209 2262 209 672
209 2262 209 672
209 2262 209 672
209 2262 209 672
209 2262 209 672
209 2262 209 672
209 2262 209 672
209 2262 209 672
209 2262 209 672
209 2262 209 672
209 2262 209 672
209 2262 209 672
209 2262 209 672
209 2262 209 672
209 2262 209 672
209 2262 209 672
209 2262 209 672
209 2262 209 672
209 2262 209 672
209 2262 209 672
209 2262 209 672
209 2262 209 672
209 2262 209 672
209 2262 209 672
209 2262 209 672
209 2262 209 672
209 2262 209 672
209 2262 209 672
209 2262 209 672
209 2262 209 672
209 2262 209 672
209 2262 209 672
209 2262 209 672
209 2262 209 672
209 2262 209 672
209 2262 209 672
209 2262 209 672
209 2262 209 672
209 2262 209 672
209 2262 209 672
209 2262 209 672
209 2262 209 672
209 2262 209 672
209 2262 209 672
209 2262 209 672
209 2262 209 672
209 2262 209 672
209 2262 209 672
209 2262 209 672
209 2262 209 672
209 2262 209 672
209 2262 209 672
209 2262 209 672
209 2262 209 672
209 2262 209 672
209 2262 209 672
209 2262 209 672
209 2262 209 672
209 2262 209 672
209 2262 209 672
209 2262 209 672
209 2262 209 672
209 2262 209 672
209 2262 209 672
209 2262 209 672
209 2262 209 672
209 2262 209 672
209 2262 209 672
209 2262 209 672
209 2262 209 672
209 2262 209 672
209 2262 209 672
209 2262 209 672
209 2262 209 672
209 2262 209 672
197 2191 197 674
228 2593 181 679
209 2274 209 672
198 2315 198 674
213 2515 191 675
204 2289 186 676
205 2377 192 675
204 2321 203 673
200 2341 197 674
209 2340 192 675
205 2303 197 674
251 2732 187 676
248 2794 186 676
235 2585 186 678
216 2675 186 678
209 2280 209 672
203 2322 203 674
227 2410 192 675
211 2508 192 675
205 2386 191 676
215 2381 199 674
226 2614 191 675
207 2486 197 674
209 2349 204 673
216 2331 197 674
211 2337 203 673
220 2423 192 675
207 2447 198 674
204 2424 203 673
212 2342 197 675
210 2350 203 673
208 2386 203 673
211 2433 197 674
253 2825 186 676
220 2471 191 677
209 2281 209 672
207 2519 197 674
238 2554 192 675
227 2633 192 675
223 2438 198 674
209 2496 203 673
211 2521 191 676
218 2356 203 673
211 2358 208 673
214 2369 204 673
214 2415 203 673
212 2390 204 673
222 2451 198 674
218 2505 197 674
219 2474 198 674
213 2479 203 673
232 2509 198 674
231 2743 192 675
213 2317 209 672
209 2425 209 672
228 2419 203 673
215 2603 197 674
215 2424 204 674
216 2452 203 673
209 2584 204 673
211 2524 203 673
216 2420 203 674
237 2623 198 674
224 2430 203 675
223 2672 197 674
217 2333 209 672
211 2433 209 672
214 2535 203 673
220 2458 203 673
214 2371 209 674
215 2343 209 672
231 2675 197 674
226 2767 197 674
215 2344 209 672
212 2491 209 673
220 2484 203 673
234 2735 197 674
231 2776 199 674
228 2545 203 675
219 2382 209 672
216 2407 209 672
223 2586 204 673
233 2490 203 673
225 2623 203 673
226 2596 203 675
234 2684 198 674
231 2576 203 673
229 2591 203 673
217 2395 209 672
218 2389 209 672
243 2632 203 673
236 2785 197 675
235 2788 197 674
221 2396 209 672
216 2441 209 672
226 2755 203 674
227 2649 204 674
231 2743 203 673
232 2679 203 673
220 2422 209 672
264 2852 203 673
248 2667 204 675
245 2868 203 673
221 2431 209 672
217 2494 209 672
234 2776 204 673
265 2969 203 674
256 2985 203 673
221 2478 209 672
220 2562 209 672
257 2780 204 673
234 2485 209 672
223 2493 209 672
222 2499 209 672
229 2516 209 672
224 2517 209 672
222 2539 209 672
227 2534 209 672
223 2620 209 672
222 2742 209 672
230 2559 209 672
237 2647 209 672
231 2576 209 673
237 2686 209 672
236 2595 209 674
251 2723 209 674
241 2908 209 673
237 2763 212 674
261 2883 218 675
209 2267 209 672
209 2267 209 672
191 2339 173 683
186 2106 186 678
182 2191 175 684
179 2215 173 684
177 2133 177 682
203 2212 203 673
203 2212 203 673
201 2189 197 674
193 2194 176 683
190 2280 179 679
197 2138 197 676
192 2176 192 675
189 2310 174 683
180 2224 180 679
201 2189 197 674
185 2165 185 678
184 2227 176 682
189 2310 174 683
178 2136 178 681
197 2192 197 674
186 2106 186 678
191 2339 173 683
191 2124 191 677
179 2247 175 682
187 2210 176 683
186 2116 181 679
197 2138 197 676
185 2210 185 676
188 2198 188 676
185 2144 180 680
178 2162 178 680
183 2138 183 679
192 2122 192 677
178 2136 178 681
197 2192 197 674
183 2178 183 677
192 2122 192 677
190 2280 179 679
191 2177 191 675
183 2178 183 677
182 2238 176 682
182 2158 178 680
188 2202 187 676
177 2133 177 682
189 2148 180 679
182 2238 176 682
179 2247 175 682
181 2163 181 679
185 2210 185 676
185 2144 180 680
189 2177 183 677
189 2170 186 676
189 2148 180 679
188 2202 187 676
188 2198 188 676
182 2158 178 680
190 2205 176 683
184 2227 176 682
180 2224 180 679
186 2116 181 679
188 2194 180 679
187 2210 176 683
181 2163 181 679
191 2124 191 677
178 2162 178 680
191 2177 191 675
182 2217 180 679
192 2176 192 675
190 2205 176 683
189 2170 186 676
182 2217 180 679
182 2191 175 684
179 2215 173 684
189 2177 183 677
209 2267 209 672
209 2267 209 672
209 2267 209 672
209 2267 209 672
209 2267 209 672
209 2267 209 672
209 2267 209 672
209 2267 209 672
209 2267 209 672
209 2267 209 672
209 2267 209 672
209 2267 209 672
209 2267 209 672
209 2267 209 672
209 2267 209 672
209 2267 209 672
209 2267 209 672
209 2267 209 672
209 2267 209 672
209 2267 209 672
209 2267 209 672
209 2267 209 672
209 2267 209 672
209 2267 209 672
209 2267 209 672
209 2267 209 672
209 2267 209 672
209 2267 209 672
209 2267 209 672
209 2267 209 672
209 2267 209 672
209 2267 209 672
209 2267 209 672
209 2267 209 672
209 2267 209 672
209 2267 209 672
209 2267 209 672
209 2267 209 672
209 2267 209 672
209 2267 209 672
209 2267 209 672
209 2267 209 672
209 2267 209 672
209 2267 209 672
209 2267 209 672
209 2267 209 672
209 2267 209 672
209 2267 209 672
209 2267 209 672
209 2267 209 672
209 2267 209 672
209 2267 209 672
209 2267 209 672
209 2267 209 672
209 2267 209 672
209 2267 209 672
209 2267 209 672
209 2267 209 672
209 2267 209 672
209 2267 209 672
209 2267 209 672
209 2267 209 672
209 2267 209 672
209 2267 209 672
209 2267 209 672
209 2267 209 672
209 2267 209 672
209 2267 209 672
209 2267 209 672
209 2267 209 672
209 2267 209 672
209 2267 209 672
209 2267 209 672
209 2267 209 672
209 2267 209 672
209 2267 209 672
209 2267 209 672
209 2267 209 672
209 2267 209 672
209 2267 209 672
186 2106 186 678
209 2275 209 672
205 2487 186 676
197 2141 197 676
194 2266 193 675
203 2220 203 673
197 2202 197 674
197 2217 191 675
195 2221 192 675
209 2277 209 672
200 2231 191 675
198 2178 198 676
197 2244 197 674
203 2209 203 675
203 2237 197 674
203 2233 203 673
202 2217 192 675
203 2228 203 674
213 2567 191 675
212 2297 191 677
209 2296 209 672
203 2223 203 675
197 2262 197 674
200 2312 192 675
203 2236 203 673
212 2228 198 676
201 2249 197 674
200 2250 198 676
209 2301 209 672
206 2323 192 675
203 2235 203 675
198 2264 197 676
197 2281 197 674
203 2237 203 673
212 2357 192 675
209 2308 209 672
208 2383 193 675
205 2238 203 673
197 2290 197 676
203 2264 203 673
203 2334 198 674
204 2240 204 673
207 2303 202 674
212 2287 197 674
211 2294 197 674
218 2318 197 674
217 2370 192 677
214 2501 197 674
213 2311 209 672
209 2322 209 672
209 2261 209 674
197 2314 197 676
203 2269 203 675
213 2299 198 676
209 2265 203 673
203 2323 203 673
207 2280 203 673
216 2348 197 674
211 2320 198 674
217 2342 197 674
212 2320 209 672
231 2560 192 677
209 2327 209 672
209 2273 209 674
206 2360 203 673
216 2405 197 676
221 2421 197 674
212 2293 203 673
218 2443 197 674
218 2404 198 674
212 2277 203 675
209 2299 203 673
227 2462 197 674
217 2293 203 673
215 2329 209 672
209 2339 209 672
206 2451 204 675
221 2409 198 674
209 2433 208 673
211 2310 203 673
210 2357 204 673
220 2421 198 674
230 2555 197 674
217 2332 209 672
212 2569 203 673
212 2327 209 674
209 2341 209 672
218 2364 203 673
213 2405 203 673
210 2391 204 673
216 2338 204 673
212 2340 203 674
211 2347 204 673
217 2366 203 673
233 2677 197 674
217 2364 203 675
214 2345 214 672
209 2355 209 672
213 2562 203 673
217 2385 203 673
211 2352 209 674
214 2410 203 673
221 2413 203 673
220 2369 203 675
216 2359 209 674
214 2472 203 673
211 2370 209 672
219 2408 203 674
213 2360 209 672
229 2471 203 673
222 2578 203 676
217 2646 203 673
216 2372 209 672
213 2400 209 672
212 2407 212 674
225 2558 204 673
226 2479 203 675
224 2479 208 673
214 2384 209 672
234 2639 203 673
233 2560 203 674
231 2506 204 675
226 2677 208 673
220 2409 209 672
217 2413 214 672
214 2436 214 672
215 2445 209 674
234 2665 204 673
222 2426 209 672
219 2531 209 674
215 2500 214 672
221 2456 209 672
224 2427 209 672
223 2467 209 672
222 2616 209 672
225 2448 209 672
225 2462 209 672
231 2711 209 672
227 2578 214 672
226 2497 209 674
254 2738 209 672
230 2590 209 674
257 2854 209 672
258 2894 226 673
