255055 1080.05
227 2771 174 690
191 2324 177 685
191 2324 177 685
238 3121 209 673
252 3378 197 674
227 2785 172 687
238 3121 209 673
250 3161 175 682
215 2671 201 677
250 3161 175 682
241 3096 175 684
204 2563 195 678
210 2453 178 684
227 2771 174 690
220 2868 174 688
199 2452 188 680
239 3023 185 676
216 2874 204 675
219 2949 206 674
220 2868 174 688
217 2837 183 677
218 2801 197 675
204 2644 181 680
218 2645 191 677
209 2532 180 684
200 2727 192 679
197 2560 182 683
191 2324 177 685
227 2785 172 687
220 2868 174 688
235 3058 173 685
231 2935 176 682
202 2393 175 685
238 3121 209 673
221 2780 173 686
222 2687 183 677
220 2843 181 679
205 2580 181 682
234 2992 180 679
212 2502 183 681
226 2740 176 684
234 2992 180 679
250 3161 175 682
239 3023 185 676
222 2687 183 677
227 2785 172 687
220 2910 186 676
197 2560 182 683
199 2452 188 680
202 2714 187 681
206 2581 183 679
238 3121 209 673
238 3121 209 673
215 2671 201 677
204 2563 195 678
221 2780 173 686
204 2563 195 678
238 3121 209 673
239 3023 185 676
197 2560 182 683
219 2949 206 674
239 3023 185 676
220 2910 186 676
206 2581 183 679
238 3121 209 673
222 2730 199 676
221 2780 173 686
212 2502 183 681
216 2874 204 675
227 2771 174 690
191 2324 177 685
212 2502 183 681
197 2560 182 683
216 2626 178 683
191 2324 177 685
207 2732 186 677
200 2727 192 679
206 2581 183 679
231 2935 176 682
222 2730 199 676
222 2687 183 677
195 2410 182 684
222 2623 191 677
212 2502 183 681
191 2324 177 685
200 2727 192 679
224 2846 178 680
223 2679 198 674
223 2679 198 674
212 2502 183 681
209 2532 180 684
195 2410 182 684
202 2714 187 681
199 2452 188 680
202 2714 187 681
217 2837 183 677
210 2577 183 678
234 2992 180 679
222 2879 192 676
223 2679 198 674
204 2644 181 680
220 2843 181 679
221 2780 173 686
191 2324 177 685
221 2780 173 686
250 3161 175 682
207 2732 186 677
195 2410 182 684
239 3023 185 676
199 2452 188 680
202 2714 187 681
197 2560 182 683
212 2502 183 681
202 2714 187 681
232 2918 191 675
223 2679 198 674
220 2868 174 688
206 2581 183 679
216 2626 178 683
226 2740 176 684
227 2771 174 690
220 2843 181 679
218 2801 197 675
216 2626 178 683
217 2837 183 677
204 2644 181 680
222 2879 192 676
199 2452 188 680
239 3023 185 676
204 2563 195 678
222 2730 199 676
220 2843 181 679
204 2563 195 678
226 2740 176 684
222 2687 183 677
216 2874 204 675
220 2843 181 679
226 2740 176 684
216 2874 204 675
224 2846 178 680
239 3023 185 676
210 2577 183 678
204 2563 195 678
222 2730 199 676
209 2532 180 684
226 2740 176 684
204 2644 181 680
199 2452 188 680
227 2771 174 690
223 2679 198 674
227 2785 172 687
250 3161 175 682
238 3121 209 673
221 2780 173 686
204 2644 181 680
218 2645 191 677
207 2732 186 677
210 2453 178 684
200 2727 192 679
222 2687 183 677
204 2563 195 678
252 3378 197 674
218 2645 191 677
197 2560 182 683
220 2843 181 679
204 2644 181 680
218 2801 197 675
191 2324 177 685
204 2644 181 680
212 2502 183 681
235 3058 173 685
227 2785 172 687
222 2730 199 676
227 2785 172 687
218 2801 197 675
210 2453 178 684
199 2452 188 680
238 3121 209 673
199 2452 188 680
219 2949 206 674
227 2785 172 687
219 2949 206 674
210 2577 183 678
210 2577 183 678
220 2843 181 679
222 2730 199 676
218 2801 197 675
191 2324 177 685
199 2452 188 680
205 2580 181 682
206 2581 183 679
207 2732 186 677
204 2563 195 678
220 2868 174 688
235 3058 173 685
234 2992 180 679
199 2452 188 680
212 2502 183 681
234 2992 180 679
232 2918 191 675
205 2580 181 682
241 3096 175 684
219 2949 206 674
218 2645 191 677
210 2453 178 684
235 3058 173 685
238 3121 209 673
207 2732 186 677
239 3023 185 676
219 2949 206 674
199 2452 188 680
212 2502 183 681
238 3121 209 673
232 2918 191 675
204 2563 195 678
204 2563 195 678
227 2771 174 690
220 2843 181 679
250 3161 175 682
217 2837 183 677
222 2879 192 676
199 2452 188 680
239 3023 185 676
222 2730 199 676
220 2843 181 679
199 2452 188 680
222 2687 183 677
220 2843 181 679
239 3023 185 676
210 2577 183 678
209 2532 180 684
216 2626 178 683
200 2727 192 679
206 2581 183 679
231 2935 176 682
191 2324 177 685
195 2410 182 684
222 2623 191 677
191 2324 177 685
200 2727 192 679
227 2771 174 690
212 2502 183 681
227 2785 172 687
202 2714 187 681
216 2874 204 675
202 2714 187 681
217 2837 183 677
210 2577 183 678
222 2879 192 676
223 2679 198 674
212 2502 183 681
221 2780 173 686
222 2730 199 676
220 2910 186 676
199 2452 188 680
227 2785 172 687
199 2452 188 680
238 3121 209 673
219 2949 206 674
227 2785 172 687
219 2949 206 674
238 3121 209 673
210 2577 183 678
220 2843 181 679
222 2730 199 676
191 2324 177 685
205 2580 181 682
205 2580 181 682
204 2563 195 678
220 2868 174 688
202 2393 175 685
235 3058 173 685
212 2502 183 681
220 2868 174 688
205 2580 181 682
241 3096 175 684
219 2949 206 674
235 3058 173 685
204 2563 195 678
209 2532 180 684
204 2644 181 680
199 2452 188 680
227 2771 174 690
227 2785 172 687
250 3161 175 682
238 3121 209 673
218 2645 191 677
210 2453 178 684
200 2727 192 679
222 2687 183 677
238 3121 209 673
252 3378 197 674
218 2645 191 677
250 3161 175 682
220 2843 181 679
234 2992 180 679
218 2801 197 675
204 2644 181 680
234 2992 180 679
235 3058 173 685
