157497 1440.23
217 1890 209 672
209 1920 209 672
207 1876 173 683
193 1713 181 679
189 1767 185 680
203 1838 203 673
211 1817 203 673
205 1770 197 674
199 1749 191 675
193 1719 175 682
193 1769 191 677
198 1805 197 674
191 1752 180 679
200 1801 197 674
189 1784 185 678
194 1737 186 676
195 1733 183 677
198 1758 179 679
192 1778 174 683
189 1772 180 681
192 1730 178 680
194 1787 191 675
211 1817 203 673
197 1745 185 676
190 1732 180 681
193 1719 178 680
195 1725 185 678
194 1737 186 676
192 1798 179 679
198 1805 197 674
197 1777 174 683
194 1793 185 676
194 1743 183 677
197 1745 185 676
195 1747 185 676
193 1713 181 679
192 1765 186 678
198 1758 179 679
195 1725 185 678
194 1717 186 678
193 1720 180 679
199 1749 191 675
190 1732 180 681
197 1771 179 679
195 1747 185 676
194 1743 183 677
194 1717 186 678
192 1730 178 680
195 1733 183 677
193 1720 180 679
192 1770 185 678
192 1732 180 679
199 1749 191 675
199 1749 191 675
199 1749 191 675
199 1749 191 675
199 1749 191 675
199 1749 191 675
199 1749 191 675
199 1749 191 675
199 1749 191 675
199 1749 191 675
199 1749 191 675
199 1749 191 675
199 1749 191 675
199 1749 191 675
199 1749 191 675
199 1749 191 675
199 1749 191 675
199 1749 191 675
199 1749 191 675
199 1749 191 675
199 1749 191 675
199 1749 191 675
199 1749 191 675
199 1749 191 675
199 1749 191 675
199 1749 191 675
199 1749 191 675
199 1749 191 675
199 1749 191 675
199 1749 191 675
199 1749 191 675
199 1749 191 675
199 1749 191 675
199 1749 191 675
199 1749 191 675
199 1749 191 675
199 1749 191 675
199 1749 191 675
199 1749 191 675
199 1749 191 675
199 1749 191 675
199 1749 191 675
199 1749 191 675
199 1749 191 675
199 1749 191 675
199 1749 191 675
199 1749 191 675
199 1749 191 675
199 1749 191 675
199 1749 191 675
199 1749 191 675
199 1749 191 675
199 1749 191 675
199 1749 191 675
199 1749 191 675
199 1749 191 675
199 1749 191 675
199 1749 191 675
199 1749 191 675
199 1749 191 675
199 1749 191 675
199 1749 191 675
199 1749 191 675
199 1749 191 675
199 1749 191 675
199 1749 191 675
199 1749 191 675
199 1749 191 675
199 1749 191 675
199 1749 191 675
199 1749 191 675
199 1749 191 675
199 1749 191 675
199 1749 191 675
199 1749 191 675
199 1749 191 675
199 1749 191 675
199 1749 191 675
199 1749 191 675
199 1749 191 675
199 1749 191 675
199 1749 191 675
199 1749 191 675
199 1749 191 675
199 1749 191 675
199 1749 191 675
199 1749 191 675
199 1749 191 675
199 1749 191 675
199 1749 191 675
199 1749 191 675
199 1749 191 675
199 1749 191 675
199 1749 191 675
199 1749 191 675
199 1749 191 675
199 1749 191 675
199 1749 191 675
199 1749 191 675
199 1749 191 675
199 1749 191 675
199 1749 191 675
199 1749 191 675
199 1749 191 675
199 1749 191 675
199 1749 191 675
199 1749 191 675
199 1749 191 675
199 1749 191 675
199 1749 191 675
199 1749 191 675
199 1749 191 675
199 1749 191 675
199 1749 191 675
199 1749 191 675
199 1749 191 675
199 1749 191 675
199 1749 191 675
199 1749 191 675
199 1749 191 675
199 1749 191 675
199 1749 191 675
199 1749 191 675
199 1749 191 675
199 1749 191 675
194 1717 186 678
217 1900 209 672
211 1934 209 672
196 1737 186 676
195 1740 183 677
192 1774 186 678
211 1830 203 673
199 1867 197 674
205 1867 203 673
205 1784 197 674
199 1752 191 675
197 1749 185 676
194 1793 191 675
194 1744 186 676
194 1793 191 675
196 1737 186 676
196 1789 191 675
195 1792 191 675
195 1792 191 675
196 1737 186 676
196 1737 186 676
196 1737 186 676
196 1737 186 676
211 1942 209 672
199 1737 191 677
199 1737 191 677
195 1741 183 677
194 1793 186 676
211 1860 203 673
206 1917 204 673
205 1806 197 674
200 1878 197 674
199 1753 191 675
197 1751 185 676
194 1796 191 675
196 1743 186 676
195 1747 186 676
196 1795 191 675
199 1737 191 677
199 1737 191 677
199 1737 191 677
199 1737 191 677
199 1737 191 677
214 1975 203 673
211 1947 209 672
197 1758 183 677
197 1745 185 678
194 1798 191 675
207 1906 197 674
199 1754 191 675
210 1822 197 674
208 1847 197 674
194 1809 186 676
195 1793 186 676
198 1752 185 676
198 1745 186 676
196 1758 186 676
198 1745 186 676
198 1752 185 676
198 1752 185 676
198 1752 185 676
198 1752 185 676
210 1828 197 674
209 1806 183 678
206 1853 183 678
199 1752 186 676
196 1798 186 676
199 1755 191 675
196 1798 191 675
198 1753 185 676
199 1755 191 675
199 1755 191 675
199 1755 191 675
216 1866 197 674
199 1762 185 676
198 1756 186 678
196 1799 192 675
196 1809 191 675
199 1757 191 675
199 1757 191 675
216 1880 197 674
201 1769 185 676
201 1757 191 675
200 1799 185 676
199 1762 191 675
201 1757 191 675
201 1757 191 675
201 1757 191 675
201 1757 191 675
201 1757 191 675
217 1909 197 674
216 1924 197 674
202 1758 191 675
201 1779 185 678
201 1764 191 681
199 1770 191 675
203 1831 186 676
205 1791 185 676
204 1807 185 676
200 1767 191 675
201 1765 191 675
206 1809 185 676
205 1806 185 678
204 1828 185 676
200 1773 192 675
199 1771 191 677
201 1774 191 675
209 1855 185 678
205 1782 191 675
201 1790 191 675
199 1819 191 677
201 1783 191 676
205 1788 191 675
204 1799 191 675
203 1784 191 677
209 1812 191 679
208 1795 197 676
205 1824 191 675
207 1813 191 675
205 1826 191 675
207 1828 191 675
208 1843 191 675
212 1856 191 675
