49894 900.169
218 2538 194 679
287 3631 181 688
249 3064 186 695
274 3674 198 694
235 2851 189 693
251 3185 202 677
249 3324 176 688
253 2961 196 683
274 3360 201 679
267 3314 193 680
275 3279 206 681
261 3426 187 686
251 3128 199 697
232 2916 178 684
268 3393 213 682
270 3319 185 690
259 3312 190 680
309 3752 182 688
270 3461 188 686
246 3007 183 685
267 3357 210 701
258 3175 217 672
278 3259 194 697
288 3413 212 696
246 3232 178 683
279 3635 191 683
268 3401 189 688
255 3323 187 685
278 3394 207 699
253 3291 177 689
264 3277 215 685
296 3692 197 699
290 3291 183 693
259 3174 198 688
285 3690 211 692
274 3154 216 703
254 3069 200 695
260 3396 194 686
291 3449 193 703
227 2893 190 679
243 2863 185 694
252 3314 189 687
228 2933 209 688
289 3303 196 688
283 3826 258 703
237 3064 193 697
238 2915 196 688
297 3642 182 691
235 2997 200 693
262 3285 192 686
222 2953 192 703
248 3046 186 685
271 3625 214 702
243 3144 185 691
218 2853 204 701
263 3517 193 676
269 3343 183 693
279 3529 200 681
274 3291 182 689
241 3249 218 686
248 3201 206 703
233 3021 217 688
279 3493 253 700
276 3301 187 687
251 3020 192 692
258 3364 175 687
261 3252 201 689
270 3396 205 691
245 2864 190 684
256 3221 182 687
270 3408 188 701
228 2745 177 687
242 2854 204 688
273 3376 189 688
270 3082 193 688
238 2824 192 699
236 2905 188 689
257 3340 210 690
300 3897 203 694
282 3302 202 696
228 2763 186 694
270 3119 199 702
249 3228 187 688
256 3344 192 681
266 3373 199 686
210 2703 178 684
230 2982 193 692
267 3211 194 690
266 3545 178 684
233 2797 185 687
299 3717 194 714
265 3072 215 676
231 2972 187 682
275 3384 204 683
279 3634 232 701
253 3166 200 678
249 3047 218 681
258 3194 192 681
253 3222 209 696
271 3304 193 695
264 3246 181 693
253 2974 224 680
273 3499 198 691
251 3192 183 678
275 3321 187 681
245 2816 196 676
247 3176 203 696
258 3120 216 693
228 2994 190 688
252 3153 186 687
248 2976 199 678
243 2943 182 685
252 3294 190 685
295 3845 204 690
265 3548 218 690
238 3000 191 675
238 2982 205 680
282 3314 190 692
230 2978 200 677
261 3208 188 685
274 3322 207 680
257 3286 180 687
298 3776 214 706
276 3518 206 684
247 3048 192 696
297 3760 227 692
254 3021 201 690
260 2934 196 698
282 3377 185 693
295 3516 233 699
255 3168 199 694
289 3466 213 708
252 3161 199 681
286 3950 208 695
241 2959 198 693
233 2980 203 697
276 3363 203 693
277 3463 194 683
234 2941 188 685
232 3049 203 677
266 3473 205 703
261 3414 189 695
241 3055 195 695
312 4104 192 692
276 3404 177 685
298 3842 254 708
266 3191 194 693
238 3086 190 692
240 2683 189 687
249 2925 187 688
268 3255 190 694
240 3174 196 694
322 4229 312 715
308 3830 207 697
242 3127 203 685
216 2559 183 686
254 3335 182 689
292 3263 184 686
225 2738 187 697
237 2758 192 683
251 3271 183 691
241 2849 173 686
254 3335 187 683
239 3167 198 688
225 3039 187 679
233 3068 196 679
248 3107 197 690
266 3285 190 689
252 3134 188 690
287 3933 188 693
259 3381 212 699
282 3464 201 692
237 3182 211 691
273 3138 190 686
235 2759 198 690
266 3281 214 687
295 3413 210 678
257 3509 187 687
252 3323 205 687
263 3481 178 687
246 3022 183 678
253 2961 186 691
272 3695 185 690
223 2763 201 694
254 3243 204 693
286 3381 194 695
237 3133 199 682
236 2869 206 689
227 2908 194 688
267 3257 194 684
248 3184 204 683
264 3429 188 689
283 3528 218 676
259 3123 208 696
259 2996 190 684
233 3013 189 680
263 3499 178 681
269 3157 187 695
251 3211 223 680
238 2982 180 684
268 3739 198 688
246 2939 190 693
288 3502 204 701
297 3155 191 684
321 3983 240 719
246 3329 219 695
252 3150 183 695
236 2909 205 682
252 3209 195 684
256 3042 213 692
257 3355 189 686
226 2920 191 684
230 2828 192 686
289 3602 219 697
246 3075 207 676
257 3076 200 696
266 3013 186 697
244 3078 185 699
256 3171 193 688
249 3125 218 688
252 3130 201 678
255 3156 193 686
273 3406 196 695
233 2925 196 697
237 2880 197 691
270 3483 194 683
232 2887 181 688
265 3002 193 686
229 2821 190 679
258 3098 180 689
245 3189 218 683
259 3252 205 680
269 3132 190 680
310 3910 200 690
271 3360 205 683
224 2806 185 693
226 3096 194 685
311 3977 232 692
262 3238 221 680
262 3198 202 699
243 3192 183 694
234 3070 198 684
256 3177 204 699
219 2803 193 686
257 3170 193 696
241 2960 188 686
229 3011 181 686
239 3169 208 691
259 3036 200 682
278 3612 246 703
246 3232 190 682
243 2893 186 698
241 2794 200 705
255 3097 196 697
295 3398 180 691
283 3356 202 681
257 2797 190 696
253 3112 206 694
289 2891 175 686
263 3363 193 696
260 3135 206 691
255 3155 250 689
257 3256 182 684
285 3417 185 694
250 3272 201 692
266 3558 184 687
272 3421 204 687
252 3057 190 679
236 2909 204 681
248 3087 183 683
256 3115 191 687
239 2854 194 682
258 3278 229 696
257 3343 190 689
240 3115 205 694
283 3425 196 678
252 3123 185 686
272 3390 195 700
269 3489 191 690
278 3482 195 681
230 2715 188 678
226 2999 183 688
241 3050 189 686
244 3098 191 696
248 3057 204 684
277 3504 203 675
246 3369 189 686
248 3160 208 683
255 2918 184 697
271 3511 178 688
250 2989 185 692
280 3349 183 685
253 3275 181 688
295 3681 218 694
311 3833 212 704
243 3232 191 690
240 3207 225 728
300 3821 203 689
271 3443 211 694
240 3186 187 686
