1005 33.6648
216 2233 183 677
210 2279 209 672
209 2297 209 672
206 2167 197 676
201 2382 173 683
201 2382 173 683
195 2523 178 680
187 2311 178 681
203 2205 203 673
192 2228 191 675
203 2205 203 673
197 2254 197 674
196 2432 175 682
216 2233 183 677
190 2349 183 677
188 2328 186 678
189 2467 186 676
204 2390 175 682
188 2328 186 678
187 2311 178 681
205 2393 179 679
206 2206 185 676
203 2376 178 680
195 2523 178 680
191 2383 181 679
198 2200 186 676
192 2458 179 680
201 2170 191 675
189 2467 186 676
193 2178 192 675
190 2244 185 676
197 2449 174 683
198 2178 197 674
190 2349 183 677
202 2389 177 682
191 2383 181 679
194 2272 183 677
198 2400 179 679
197 2449 174 683
207 2248 183 677
193 2178 192 675
196 2432 175 682
203 2376 178 680
209 2297 209 672
200 2187 191 675
199 2223 191 675
202 2389 177 682
200 2187 191 675
210 2279 209 672
197 2212 185 676
199 2223 191 675
207 2248 183 677
195 2462 179 679
193 2385 180 679
192 2458 179 680
205 2393 179 679
201 2170 191 675
198 2447 178 680
198 2447 178 680
203 2268 180 679
197 2254 197 674
204 2390 175 682
198 2200 186 676
203 2268 180 679
198 2178 197 674
193 2385 180 679
197 2212 185 676
198 2400 179 679
195 2462 179 679
192 2228 191 675
201 2271 180 679
206 2206 185 676
201 2271 180 679
216 2233 183 677
216 2233 183 677
216 2233 183 677
216 2233 183 677
216 2233 183 677
216 2233 183 677
216 2233 183 677
216 2233 183 677
216 2233 183 677
216 2233 183 677
210 2279 209 672
210 2279 209 672
210 2279 209 672
210 2279 209 672
210 2279 209 672
210 2279 209 672
210 2279 209 672
210 2279 209 672
210 2279 209 672
210 2279 209 672
210 2279 209 672
210 2279 209 672
209 2297 209 672
207 2248 183 677
207 2248 183 677
207 2248 183 677
206 2206 185 676
206 2206 185 676
206 2206 185 676
206 2206 185 676
206 2206 185 676
206 2206 185 676
206 2206 185 676
206 2206 185 676
206 2206 185 676
205 2393 179 679
204 2390 175 682
204 2390 175 682
203 2376 178 680
203 2376 178 680
203 2205 203 673
203 2205 203 673
201 2382 173 683
201 2382 173 683
201 2382 173 683
201 2382 173 683
201 2271 180 679
201 2271 180 679
201 2271 180 679
201 2271 180 679
201 2271 180 679
201 2271 180 679
201 2271 180 679
201 2170 191 675
199 2223 191 675
199 2223 191 675
198 2200 186 676
197 2449 174 683
197 2212 185 676
197 2212 185 676
197 2212 185 676
197 2212 185 676
196 2432 175 682
196 2432 175 682
195 2523 178 680
193 2385 180 679
193 2178 192 675
192 2458 179 680
192 2458 179 680
191 2383 181 679
190 2349 183 677
190 2349 183 677
190 2349 183 677
189 2467 186 676
189 2467 186 676
189 2467 186 676
188 2328 186 678
188 2328 186 678
188 2328 186 678
188 2328 186 678
187 2311 178 681
187 2311 178 681
218 2355 203 673
214 2424 209 672
211 2525 209 672
211 2331 183 677
209 2520 183 677
200 2213 192 675
207 2331 191 675
203 2410 203 673
208 2474 185 676
213 2406 197 674
202 2425 197 674
214 2377 185 676
202 2420 191 675
210 2389 183 677
224 2380 185 676
221 2504 209 672
213 2331 185 678
209 2597 183 677
209 2352 191 675
209 2410 203 673
210 2478 197 674
222 2435 197 674
213 2474 197 674
219 2454 197 674
219 2490 185 676
223 2451 185 676
234 2498 185 677
229 2682 183 678
227 2536 209 672
225 2355 191 675
224 2597 209 672
219 2551 185 679
209 2496 203 673
213 2424 203 673
217 2528 197 674
214 2473 191 677
219 2459 197 674
226 2560 185 676
219 2588 191 675
226 2483 185 678
221 2537 191 675
250 2867 183 678
237 2613 209 672
234 2663 209 672
214 2438 209 674
213 2440 203 675
217 2539 191 677
232 2601 185 676
234 2466 197 674
226 2648 185 676
227 2439 191 675
217 2441 203 673
218 2586 197 674
216 2455 203 673
222 2552 191 675
219 2474 197 674
229 2611 185 676
242 2721 209 672
237 2762 209 672
229 2639 185 676
227 2448 197 676
217 2576 203 673
220 2519 197 674
239 2473 191 675
224 2625 191 675
234 2491 197 674
220 2515 203 673
223 2488 198 674
220 2469 203 675
229 2494 197 674
236 2493 191 675
254 3071 185 676
246 2921 209 672
243 2908 185 678
220 2523 197 674
250 2720 186 676
241 2537 191 675
225 2716 191 675
244 2562 203 673
220 2589 203 673
229 2633 191 675
227 2655 192 675
221 2572 203 673
228 2667 191 675
228 2569 203 673
265 2968 209 672
242 2732 191 677
228 2734 191 676
227 2536 197 674
220 2553 197 674
251 2555 191 675
236 2749 191 675
237 2574 203 673
221 2739 203 673
222 2627 203 673
235 2599 203 673
269 3195 209 672
244 2882 191 677
237 2536 197 674
222 2657 197 674
258 3052 191 675
248 2893 192 675
225 2684 204 673
238 2656 203 673
229 2539 197 674
223 2566 197 674
238 2670 203 673
229 2582 197 674
223 2653 197 674
225 2604 197 674
244 2699 203 673
238 3055 203 673
237 2617 197 674
226 2624 197 674
240 2849 203 673
253 2741 203 673
242 2880 203 673
241 2624 203 675
226 2645 197 674
245 2633 197 674
247 2844 203 673
235 2635 197 674
249 2853 203 673
238 2644 197 676
231 2650 197 674
261 2989 203 673
254 3114 203 673
250 2653 198 674
233 2791 209 674
232 2675 197 676
244 2658 197 675
238 2835 197 674
256 2992 203 673
239 2742 197 674
255 3106 203 673
245 2671 197 674
288 3256 203 673
252 2738 197 674
242 2748 203 675
238 2895 197 674
244 2780 197 674
246 2855 197 674
245 2969 197 674
252 2878 197 674
269 3078 197 674
216 2233 183 677
210 2279 209 672
209 2295 209 672
206 2167 197 676
201 2382 173 683
201 2382 173 683
195 2523 178 680
187 2311 178 681
189 2467 186 676
197 2254 197 674
203 2205 203 673
206 2167 197 676
203 2205 203 673
191 2357 191 675
196 2432 175 682
214 2355 179 679
188 2328 186 678
204 2390 175 682
210 2314 180 679
188 2328 186 678
203 2376 178 680
214 2305 180 679
190 2349 183 677
195 2523 178 680
190 2244 185 676
192 2458 179 680
201 2170 191 675
189 2467 186 676
193 2178 192 675
187 2311 178 681
197 2449 174 683
191 2383 181 679
200 2187 191 675
198 2447 178 680
198 2178 197 674
210 2279 209 672
202 2389 177 682
194 2353 181 679
198 2400 179 679
197 2449 174 683
197 2223 191 675
193 2178 192 675
216 2233 183 677
196 2432 175 682
207 2290 183 677
207 2290 183 677
202 2389 177 682
201 2344 180 679
192 2195 185 676
205 2393 179 679
203 2376 178 680
191 2357 191 675
192 2195 185 676
195 2462 179 679
193 2385 180 679
192 2458 179 680
190 2349 183 677
214 2305 180 679
205 2393 179 679
201 2170 191 675
200 2383 180 679
204 2390 175 682
194 2291 183 677
198 2178 197 674
191 2383 181 679
193 2385 180 679
198 2400 179 679
198 2202 191 675
197 2223 191 675
195 2462 179 679
192 2228 191 675
192 2228 191 675
194 2353 181 679
194 2291 183 677
210 2314 180 679
198 2202 191 675
214 2355 179 679
216 2233 183 677
216 2233 183 677
214 2355 179 679
214 2305 180 679
214 2305 180 679
210 2314 180 679
210 2314 180 679
210 2279 209 672
207 2290 183 677
207 2290 183 677
207 2290 183 677
205 2393 179 679
205 2393 179 679
204 2390 175 682
204 2390 175 682
203 2376 178 680
203 2376 178 680
203 2205 203 673
203 2205 203 673
203 2205 203 673
201 2382 173 683
201 2382 173 683
201 2382 173 683
201 2382 173 683
197 2449 174 683
196 2432 175 682
196 2432 175 682
195 2523 178 680
194 2291 183 677
192 2458 179 680
192 2458 179 680
190 2349 183 677
190 2349 183 677
190 2349 183 677
189 2467 186 676
189 2467 186 676
189 2467 186 676
189 2467 186 676
246 2785 183 677
231 2546 179 679
210 2280 209 672
209 2297 209 672
203 2245 203 673
199 2309 191 675
223 2485 185 678
231 2611 185 676
208 2381 197 674
214 2352 197 674
226 2682 185 676
217 2335 186 676
215 2344 180 679
208 2372 186 676
228 2620 185 676
209 2297 209 672
209 2297 209 672
209 2297 209 672
209 2297 209 672
209 2297 209 672
209 2297 209 672
209 2297 209 672
209 2297 209 672
209 2297 209 672
209 2297 209 672
209 2297 209 672
209 2297 209 672
209 2297 209 672
209 2297 209 672
209 2297 209 672
209 2297 209 672
209 2297 209 672
209 2297 209 672
209 2297 209 672
209 2297 209 672
209 2297 209 672
209 2297 209 672
209 2297 209 672
209 2297 209 672
209 2297 209 672
209 2297 209 672
209 2297 209 672
209 2297 209 672
209 2297 209 672
209 2297 209 672
209 2297 209 672
209 2297 209 672
209 2297 209 672
209 2297 209 672
209 2297 209 672
209 2297 209 672
209 2297 209 672
209 2297 209 672
256 2905 183 677
254 2969 183 677
219 2440 180 679
211 2429 209 672
203 2324 203 675
235 2705 185 678
240 2643 185 676
211 2482 197 674
214 2416 186 676
217 2371 191 675
210 2361 203 673
206 2361 191 677
209 2459 203 673
219 2366 197 676
212 2385 197 674
206 2393 191 675
212 2347 191 677
242 2829 185 676
220 2495 209 672
215 2536 209 672
213 2396 197 678
212 2383 204 675
210 2456 192 675
241 2428 191 675
224 2384 203 673
213 2605 191 675
213 2408 197 674
220 2526 186 676
213 2401 191 677
214 2475 203 673
223 2395 204 673
216 2437 191 675
266 2555 186 676
253 2983 185 679
221 2536 209 672
220 2408 198 674
213 2473 197 674
228 2487 204 673
220 2645 186 676
217 2571 203 673
224 2448 191 675
216 2449 191 675
227 2436 197 674
221 2499 203 673
216 2442 198 674
231 2568 209 672
224 2441 198 674
220 2625 203 673
216 2455 191 675
213 2507 209 674
228 2547 203 673
218 2535 197 674
223 2590 203 673
219 2477 197 674
227 2558 203 673
232 2702 209 672
226 2815 203 673
221 2482 203 675
218 2529 191 675
216 2537 197 676
231 2559 203 673
218 2733 198 674
216 2543 203 675
226 2551 198 674
218 2486 192 675
228 2612 203 673
230 2529 197 674
219 2588 197 674
255 3062 209 672
221 2484 203 675
219 2529 191 677
219 2498 197 678
244 2520 192 675
233 2660 203 673
226 2849 197 674
230 2555 198 674
229 2742 203 673
227 2658 198 674
231 2531 197 674
219 2551 191 675
225 2535 191 675
231 2707 203 673
248 2679 203 673
238 2735 204 673
236 2792 203 673
229 2601 191 675
223 2579 198 678
222 2544 203 675
224 2563 192 675
230 2647 198 674
232 2561 197 674
233 2558 197 676
222 2609 198 676
229 2751 198 674
230 2593 191 675
247 2861 203 673
247 2675 191 675
242 2577 202 674
230 2694 191 675
229 2587 192 675
230 2660 198 674
235 2601 197 674
232 2683 197 674
232 2585 192 675
255 2886 203 673
242 2611 209 674
241 2854 191 675
229 2685 192 677
249 2764 191 675
233 2687 197 674
232 2614 192 675
256 3037 191 675
240 2699 192 675
234 2700 202 674
245 2790 197 674
256 2726 197 674
238 2718 198 674
235 2763 198 674
234 2789 198 674
256 2817 198 674
253 2712 192 677
248 2998 197 674
244 2723 192 675
237 2709 203 675
282 3005 197 674
272 3242 197 674
256 2792 197 676
253 2976 198 678
240 2775 203 675
273 3188 197 676
249 2889 203 675
251 3071 203 675
216 2233 183 677
210 2279 209 672
209 2297 209 672
206 2167 197 676
201 2382 173 683
201 2382 173 683
189 2467 186 676
187 2311 178 681
197 2254 197 674
192 2228 191 675
203 2205 203 673
203 2205 203 673
196 2432 175 682
206 2206 185 676
214 2305 180 679
188 2328 186 678
204 2390 175 682
210 2314 180 679
188 2328 186 678
200 2187 191 675
198 2400 179 679
203 2376 178 680
214 2305 180 679
190 2349 183 677
191 2383 181 679
198 2200 186 676
197 2449 174 683
192 2458 179 680
201 2170 191 675
189 2467 186 676
193 2178 192 675
187 2311 178 681
190 2244 185 676
190 2349 183 677
198 2178 197 674
210 2279 209 672
202 2389 177 682
191 2383 181 679
197 2449 174 683
195 2440 178 680
203 2376 178 680
193 2178 192 675
216 2233 183 677
205 2393 179 679
193 2385 180 679
207 2290 183 677
207 2290 183 677
202 2389 177 682
209 2297 209 672
196 2432 175 682
194 2291 183 677
201 2344 180 679
195 2462 179 679
192 2458 179 680
205 2393 179 679
201 2170 191 675
198 2200 186 676
204 2390 175 682
194 2291 183 677
198 2178 197 674
190 2244 185 676
198 2400 179 679
201 2344 180 679
192 2228 191 675
195 2462 179 679
210 2314 180 679
206 2206 185 676
216 2233 183 677
216 2233 183 677
214 2305 180 679
214 2305 180 679
214 2305 180 679
214 2305 180 679
210 2314 180 679
210 2279 209 672
209 2297 209 672
207 2290 183 677
206 2206 185 676
205 2393 179 679
205 2393 179 679
205 2393 179 679
204 2390 175 682
204 2390 175 682
204 2390 175 682
204 2390 175 682
203 2376 178 680
203 2376 178 680
203 2376 178 680
203 2376 178 680
203 2205 203 673
203 2205 203 673
202 2389 177 682
202 2389 177 682
201 2382 173 683
201 2382 173 683
201 2382 173 683
201 2382 173 683
201 2170 191 675
198 2200 186 676
196 2432 175 682
196 2432 175 682
193 2178 192 675
192 2458 179 680
192 2458 179 680
190 2349 183 677
190 2349 183 677
189 2467 186 676
189 2467 186 676
189 2467 186 676
188 2328 186 678
188 2328 186 678
188 2328 186 678
187 2311 178 681
187 2311 178 681
187 2311 178 681
187 2311 178 681
240 2768 180 679
229 2832 180 679
210 2280 209 672
209 2304 209 672
199 2268 186 676
191 2330 191 677
220 2586 185 676
205 2396 197 674
212 2508 185 678
199 2331 191 675
203 2280 203 673
215 2341 183 677
212 2355 197 674
203 2280 203 673
210 2575 183 677
211 2359 197 674
233 2434 203 673
226 2777 185 676
217 2361 183 678
213 2463 209 672
208 2337 197 678
205 2467 197 674
218 2376 183 677
216 2428 191 675
208 2407 198 674
207 2447 203 673
206 2450 191 675
217 2383 197 674
207 2353 186 678
206 2385 186 676
218 2376 183 677
207 2361 186 676
215 2387 197 674
239 2872 185 676
227 2558 209 672
222 2392 183 677
219 2379 186 676
214 2564 209 672
208 2501 197 674
237 2457 191 675
213 2457 203 673
209 2545 191 675
216 2448 197 674
213 2387 191 677
213 2487 192 675
213 2448 203 675
216 2560 209 672
216 2532 191 675
261 2919 185 676
239 2477 203 673
226 2614 209 672
223 2527 183 677
219 2563 186 678
208 2529 197 674
215 2663 191 675
225 2487 197 674
228 2532 191 675
216 2482 203 673
217 2515 192 677
213 2541 192 675
222 2617 186 676
219 2515 197 676
220 2502 191 677
264 3203 185 676
252 2835 183 677
236 2718 209 672
230 2726 209 672
216 2486 204 673
239 2904 185 677
218 2527 203 675
216 2566 197 674
223 2548 197 674
239 2607 192 675
227 2704 191 675
235 2628 186 676
230 2615 192 677
223 2546 197 676
231 2555 203 673
238 2665 191 675
219 2657 203 673
225 2717 186 676
231 2646 192 675
226 2645 203 673
252 2949 183 677
239 2808 209 672
226 2559 197 674
217 2597 197 674
234 2722 186 676
228 2870 192 675
234 2617 203 673
224 2681 203 673
249 2672 192 675
242 2636 191 677
235 2827 191 675
221 2581 197 674
238 2775 191 675
245 2675 192 675
236 2746 192 675
227 2659 203 673
234 2821 192 675
256 2745 186 676
253 3009 209 672
237 2560 198 674
236 2732 186 678
234 2804 186 678
221 2711 197 674
240 2775 196 675
250 2625 203 673
243 2925 191 675
248 2888 191 675
224 2745 203 673
235 2828 192 677
253 2750 191 677
222 2629 197 676
243 2817 192 675
230 2683 203 673
229 2598 197 674
242 2660 203 673
227 2729 203 673
225 2599 197 674
223 2705 197 674
243 2891 186 676
256 2809 191 677
250 3115 191 675
241 2790 186 678
234 2603 197 674
231 2691 203 673
226 2754 203 673
225 2627 198 676
225 2678 197 676
254 2761 192 677
226 2866 198 674
252 2947 192 675
229 2628 203 675
253 2944 191 675
231 2689 198 674
233 2723 197 674
253 2834 192 675
230 2777 197 674
256 2972 191 675
235 2628 197 674
233 2714 203 675
231 2774 203 673
254 2868 192 675
234 2768 197 674
232 2734 203 673
268 3118 192 677
240 2680 209 674
232 2781 203 673
240 2735 203 673
236 2771 197 674
239 2698 197 674
234 2776 204 673
237 2769 203 673
244 2780 197 674
239 2865 197 674
239 2775 203 673
235 2872 203 673
236 2799 198 674
238 2846 203 673
242 2790 197 674
248 2816 197 674
243 2786 203 673
240 2780 203 675
239 2942 197 676
236 2921 203 673
247 2856 197 674
243 2931 197 674
238 2853 203 673
240 2795 203 673
250 2883 197 674
247 3043 197 676
244 2791 203 673
240 2797 203 673
249 2949 197 675
259 2831 203 673
254 2941 197 674
241 2835 203 673
267 2986 203 673
262 2957 197 674
255 3138 198 674
241 2842 204 675
271 3144 197 674
268 3234 204 675
