176168 3480.59
209 2006 209 672
178 1771 175 684
173 1941 173 685
180 1929 172 687
209 2006 209 672
203 1965 203 673
186 1823 185 676
193 1852 191 675
197 1891 197 674
193 1852 191 675
177 1826 175 682
203 1965 203 673
197 1891 197 674
203 1965 203 673
197 1891 197 674
197 1891 197 674
184 1800 183 677
177 1970 172 687
182 1857 172 687
183 1804 183 677
193 1852 191 675
197 1891 197 674
182 1802 180 679
174 1850 174 684
188 1812 185 676
191 1853 191 675
178 1794 178 680
179 1904 173 683
177 1923 173 683
180 1929 172 687
182 1786 180 681
179 1904 173 683
183 1784 178 680
179 1814 175 682
183 1791 183 678
175 1817 173 686
183 1789 180 679
178 1771 175 684
178 1792 173 686
183 1780 178 681
175 1810 174 685
177 1822 173 685
197 1891 197 674
176 1927 173 683
182 1802 180 679
203 1965 203 673
183 1791 183 678
174 1850 174 684
180 1929 172 687
188 1812 185 676
178 1794 178 680
184 1855 172 687
191 1853 191 675
186 1823 185 676
173 1941 173 685
176 1809 174 684
176 1927 173 683
177 1923 173 683
177 1901 173 684
177 1782 174 684
176 1903 173 684
181 1811 175 682
179 1793 173 685
186 1823 185 676
174 1850 174 684
176 1816 174 683
175 1810 174 685
181 1811 175 682
187 1851 172 687
188 1812 185 676
183 1815 179 679
175 1817 173 686
173 1941 173 685
184 1855 172 687
183 1789 180 679
187 1851 172 687
179 1814 175 682
183 1780 178 681
174 1850 174 684
180 1820 180 679
178 1792 173 686
182 1802 180 679
178 1794 178 680
182 1802 180 679
178 1794 178 680
180 1929 172 687
183 1815 179 679
181 1811 175 682
177 1822 173 685
178 1776 175 683
178 1771 175 684
177 1970 172 687
183 1780 178 681
178 1966 172 687
178 1776 175 683
182 1786 180 681
179 1814 175 682
176 1927 173 683
177 1901 173 684
183 1791 183 678
176 1798 175 684
177 1822 173 685
183 1784 178 680
177 1826 175 682
182 1796 175 682
176 1824 173 685
182 1802 180 679
176 1798 175 684
183 1780 178 681
182 1802 180 679
180 1929 172 687
176 1788 174 685
183 1789 180 679
180 1820 180 679
184 1800 183 677
181 1804 180 679
176 1903 173 684
178 1783 174 683
193 1852 191 675
183 1856 172 687
178 1966 172 687
176 1824 173 685
182 1857 172 687
203 1965 203 673
177 1822 173 685
183 1856 172 687
176 1788 174 685
177 1795 175 683
178 1818 175 682
175 1810 174 685
178 1789 178 681
184 1855 172 687
178 1794 178 680
175 1819 174 683
178 1783 174 683
175 1817 173 686
183 1815 179 679
175 1819 174 683
180 1820 180 679
182 1796 175 682
179 1793 173 685
176 1809 174 684
178 1792 173 686
178 1794 178 680
191 1853 191 675
177 1782 174 684
177 1795 175 683
175 1817 173 686
178 1818 175 682
187 1851 172 687
176 1816 174 683
178 1792 173 686
209 2006 209 672
179 1793 173 685
188 1812 185 676
178 1794 178 680
191 1853 191 675
203 1965 203 673
178 1794 178 680
179 1814 175 682
183 1789 180 679
197 1891 197 674
203 1965 203 673
178 1794 178 680
179 1814 175 682
182 1802 180 679
187 1851 172 687
177 1822 173 685
183 1780 178 681
176 1903 173 684
178 1794 178 680
191 1853 191 675
197 1891 197 674
177 1923 173 683
183 1789 180 679
178 1776 175 683
181 1811 175 682
177 1782 174 684
183 1784 178 680
182 1786 180 681
176 1824 173 685
177 1901 173 684
176 1798 175 684
176 1798 175 684
177 1782 174 684
182 1802 180 679
186 1823 185 676
177 1782 174 684
197 1891 197 674
178 1771 175 684
183 1789 180 679
173 1941 173 685
182 1802 180 679
197 1891 197 674
183 1780 178 681
193 1852 191 675
197 1891 197 674
182 1802 180 679
183 1789 180 679
186 1823 185 676
177 1970 172 687
197 1891 197 674
197 1891 197 674
193 1852 191 675
182 1786 180 681
183 1784 178 680
182 1802 180 679
186 1823 185 676
178 1771 175 684
203 1965 203 673
175 1819 174 683
179 1814 175 682
177 1970 172 687
183 1789 180 679
179 1814 175 682
178 1771 175 684
177 1826 175 682
183 1856 172 687
178 1776 175 683
183 1780 178 681
191 1853 191 675
183 1789 180 679
209 2006 209 672
183 1789 180 679
183 1780 178 681
176 1903 173 684
187 1851 172 687
183 1789 180 679
188 1812 185 676
181 1811 175 682
183 1784 178 680
177 1782 174 684
187 1851 172 687
181 1804 180 679
177 1822 173 685
178 1771 175 684
181 1804 180 679
183 1780 178 681
176 1927 173 683
180 1929 172 687
176 1788 174 685
177 1822 173 685
182 1786 180 681
179 1814 175 682
176 1824 173 685
183 1789 180 679
182 1802 180 679
176 1798 175 684
183 1784 178 680
181 1811 175 682
180 1820 180 679
179 1904 173 683
176 1824 173 685
178 1789 178 681
197 1891 197 674
197 1891 197 674
197 1891 197 674
203 1965 203 673
177 1970 172 687
174 1850 174 684
197 1891 197 674
177 1826 175 682
182 1802 180 679
186 1823 185 676
177 1826 175 682
178 1776 175 683
191 1853 191 675
182 1857 172 687
180 1820 180 679
177 1923 173 683
184 1800 183 677
183 1780 178 681
183 1791 183 678
193 1852 191 675
173 1941 173 685
177 1923 173 683
179 1814 175 682
174 1850 174 684
179 1793 173 685
176 1903 173 684
178 1771 175 684
178 1783 174 683
182 1802 180 679
175 1817 173 686
183 1789 180 679
176 1798 175 684
177 1782 174 684
183 1780 178 681
179 1814 175 682
182 1786 180 681
177 1822 173 685
178 1789 178 681
182 1802 180 679
179 1814 175 682
183 1789 180 679
183 1784 178 680
179 1814 175 682
178 1794 178 680
183 1784 178 680
183 1780 178 681
