31382 840.238
174 1997 173 683
178 1888 173 686
174 1997 173 683
179 1835 179 679
209 2060 209 672
209 2060 209 672
205 2015 203 673
179 1952 178 680
197 1931 197 674
191 1904 191 675
191 1904 191 675
203 2026 203 673
192 1836 185 678
176 1994 173 683
203 1926 197 674
197 1902 191 675
185 1843 185 678
203 2026 203 673
203 1926 197 674
183 1897 183 677
197 1931 197 674
174 1917 173 685
178 1868 178 681
179 1835 179 679
186 1838 185 678
181 1901 178 680
176 1915 173 685
178 1868 178 681
182 1904 175 682
179 1835 179 679
185 1888 185 676
189 1874 178 680
184 1881 183 677
182 1904 175 682
178 1868 178 681
174 1908 174 683
192 1836 185 678
183 1877 178 680
191 1904 191 675
177 1916 175 682
178 1888 173 686
180 1875 175 683
179 1835 179 679
177 1872 174 684
203 1926 197 674
204 2021 203 673
177 1872 174 684
184 1881 183 677
185 1888 185 676
203 1926 197 674
197 1853 191 677
189 1874 178 680
186 1838 185 678
204 2021 203 673
191 1858 191 677
177 1872 174 684
184 1881 183 677
185 1843 185 678
197 1853 191 677
191 1858 191 677
203 1926 197 674
181 1901 178 680
179 1835 179 679
174 1917 173 685
180 1875 175 683
178 1876 174 683
175 1906 174 683
180 1905 175 682
174 1908 174 683
203 1926 197 674
181 1901 178 680
204 2021 203 673
192 1836 185 678
177 1916 175 682
205 2015 203 673
176 1884 175 685
186 1838 185 678
185 1900 175 682
180 1875 175 683
175 1892 174 684
182 1904 175 682
178 1868 178 681
185 1888 185 676
183 1877 178 680
175 1906 174 683
205 2015 203 673
204 2021 203 673
197 1853 191 677
185 1843 185 678
197 1931 197 674
203 2026 203 673
175 1896 175 683
178 1868 178 681
175 1892 174 684
183 1877 178 680
175 1892 174 684
174 1997 173 683
176 1994 173 683
183 1897 183 677
185 1900 175 682
175 1906 174 683
175 1886 174 685
197 1902 191 675
186 1838 185 678
191 1904 191 675
176 1884 175 685
177 1872 174 684
177 1882 175 683
185 1888 185 676
175 1885 175 685
176 1884 175 685
191 1904 191 675
177 1916 175 682
185 1900 175 682
178 1876 174 683
180 1905 175 682
175 1885 175 685
189 1874 178 680
176 1915 173 685
177 1916 175 682
184 1881 183 677
175 1886 174 685
177 1882 175 683
175 1896 175 683
180 1875 175 683
192 1836 185 678
176 1897 174 683
192 1836 185 678
182 1904 175 682
191 1904 191 675
177 1872 174 684
203 1926 197 674
203 2026 203 673
182 1904 175 682
197 1931 197 674
197 1853 191 677
186 1838 185 678
175 1896 175 683
177 1872 174 684
182 1904 175 682
197 1853 191 677
178 1888 173 686
185 1843 185 678
174 1997 173 683
185 1843 185 678
209 2060 209 672
177 1872 174 684
176 1915 173 685
203 1926 197 674
175 1892 174 684
175 1892 174 684
184 1881 183 677
186 1838 185 678
182 1904 175 682
203 1926 197 674
179 1835 179 679
182 1904 175 682
178 1868 178 681
174 1997 173 683
197 1931 197 674
203 2026 203 673
185 1843 185 678
197 1931 197 674
203 2026 203 673
174 1917 173 685
203 1926 197 674
179 1835 179 679
209 2060 209 672
181 1901 178 680
176 1897 174 683
177 1872 174 684
174 1908 174 683
174 1908 174 683
176 1884 175 685
205 2015 203 673
184 1881 183 677
203 1926 197 674
175 1906 174 683
191 1904 191 675
192 1836 185 678
191 1904 191 675
179 1835 179 679
179 1835 179 679
191 1904 191 675
181 1901 178 680
178 1868 178 681
197 1931 197 674
203 2026 203 673
203 1926 197 674
178 1888 173 686
203 1926 197 674
186 1838 185 678
189 1874 178 680
204 2021 203 673
183 1877 178 680
186 1838 185 678
184 1881 183 677
192 1836 185 678
203 1926 197 674
203 1926 197 674
192 1836 185 678
203 1926 197 674
192 1836 185 678
185 1888 185 676
186 1838 185 678
184 1881 183 677
177 1872 174 684
178 1868 178 681
203 1926 197 674
192 1836 185 678
176 1897 174 683
185 1900 175 682
174 1908 174 683
175 1892 174 684
182 1904 175 682
203 2026 203 673
185 1900 175 682
182 1904 175 682
177 1872 174 684
189 1874 178 680
191 1904 191 675
181 1901 178 680
186 1838 185 678
175 1906 174 683
204 2021 203 673
204 2021 203 673
197 1931 197 674
197 1853 191 677
185 1843 185 678
186 1838 185 678
175 1896 175 683
175 1892 174 684
178 1868 178 681
175 1892 174 684
176 1897 174 683
186 1838 185 678
178 1888 173 686
203 2026 203 673
197 1853 191 677
203 1926 197 674
191 1858 191 677
203 2026 203 673
176 1994 173 683
203 1926 197 674
192 1836 185 678
197 1853 191 677
181 1901 178 680
179 1835 179 679
197 1931 197 674
185 1900 175 682
176 1884 175 685
176 1994 173 683
185 1843 185 678
177 1872 174 684
191 1904 191 675
182 1904 175 682
185 1900 175 682
184 1881 183 677
184 1881 183 677
185 1888 185 676
203 1926 197 674
191 1904 191 675
178 1888 173 686
178 1868 178 681
176 1915 173 685
191 1904 191 675
197 1853 191 677
178 1868 178 681
203 1926 197 674
182 1904 175 682
180 1875 175 683
191 1904 191 675
178 1868 178 681
178 1876 174 683
203 1926 197 674
197 1931 197 674
191 1904 191 675
191 1904 191 675
182 1904 175 682
177 1872 174 684
178 1868 178 681
177 1872 174 684
191 1904 191 675
181 1901 178 680
203 1926 197 674
184 1881 183 677
176 1915 173 685
177 1872 174 684
184 1881 183 677
197 1931 197 674
203 2026 203 673
192 1836 185 678
186 1838 185 678
182 1904 175 682
197 1853 191 677
185 1900 175 682
176 1994 173 683
179 1835 179 679
185 1900 175 682
197 1902 191 675
