42746 240.019
205 2476 173 688
197 2616 188 694
197 2616 188 694
268 3330 183 677
266 3504 175 682
246 3144 173 687
215 2760 201 676
246 3144 173 687
215 2760 201 676
230 2921 178 683
265 3348 175 684
230 2640 194 677
236 2881 174 687
200 2616 186 693
246 3144 173 687
198 2662 180 690
265 3348 175 684
266 3504 175 682
238 2916 181 681
197 2578 190 688
230 2640 194 677
222 2712 181 683
197 2578 190 688
197 2616 188 694
225 2810 183 678
208 2550 185 683
197 2616 188 694
197 2616 188 694
230 2921 178 683
205 2476 173 688
215 2819 176 685
225 2810 183 678
206 2525 177 687
266 3504 175 682
268 3330 183 677
200 2616 186 693
222 2712 181 683
212 2506 182 686
206 2525 177 687
198 2662 180 690
229 2696 179 684
237 2836 178 683
209 2710 183 685
232 2742 178 684
202 2590 184 682
210 2547 183 679
225 2810 183 678
201 2669 187 689
246 3144 173 687
223 2634 178 685
246 3144 173 687
233 2919 178 680
209 2684 178 686
266 3504 175 682
238 2916 181 681
210 2547 183 679
210 2777 181 684
209 2684 178 686
265 3348 175 684
233 2919 178 680
201 2669 187 689
228 2649 175 685
208 2792 182 682
233 2919 178 680
215 2760 201 676
198 2662 180 690
215 2760 201 676
202 2612 179 688
208 2792 182 682
210 2777 181 684
200 2616 186 693
223 2634 178 685
198 2662 180 690
210 2777 181 684
209 2684 178 686
265 3348 175 684
202 2590 184 682
210 2777 181 684
208 2792 182 682
246 3144 173 687
210 2816 180 685
197 2578 190 688
209 2684 178 686
200 2616 186 693
198 2662 180 690
229 2696 179 684
230 2921 178 683
215 2760 201 676
197 2578 190 688
228 2649 175 685
201 2669 187 689
209 2684 178 686
266 3504 175 682
202 2612 179 688
210 2547 183 679
198 2662 180 690
210 2816 180 685
232 2742 178 684
212 2506 182 686
215 2760 201 676
208 2792 182 682
210 2777 181 684
201 2669 187 689
230 2921 178 683
225 2810 183 678
197 2578 190 688
233 2919 178 680
197 2578 190 688
223 2634 178 685
202 2590 184 682
222 2712 181 683
209 2710 183 685
215 2747 178 684
209 2710 183 685
265 3348 175 684
222 2712 181 683
230 2640 194 677
265 3348 175 684
225 2810 183 678
208 2783 178 686
215 2747 178 684
210 2547 183 679
233 2919 178 680
198 2662 180 690
230 2921 178 683
233 2919 178 680
223 2634 178 685
210 2777 181 684
210 2777 181 684
266 3504 175 682
233 2919 178 680
215 2760 201 676
208 2783 178 686
198 2662 180 690
210 2547 183 679
233 2919 178 680
230 2640 194 677
266 3504 175 682
230 2921 178 683
197 2616 188 694
212 2506 182 686
209 2684 178 686
201 2669 187 689
201 2669 187 689
246 3144 173 687
210 2547 183 679
212 2506 182 686
210 2777 181 684
202 2612 179 688
230 2921 178 683
228 2649 175 685
202 2625 178 688
202 2612 179 688
230 2921 178 683
206 2525 177 687
197 2578 190 688
201 2669 187 689
230 2640 194 677
215 2760 201 676
200 2616 186 693
210 2547 183 679
208 2783 178 686
233 2919 178 680
222 2712 181 683
198 2662 180 690
230 2640 194 677
265 3348 175 684
266 3504 175 682
202 2612 179 688
198 2662 180 690
202 2625 178 688
215 2760 201 676
210 2777 181 684
266 3504 175 682
208 2792 182 682
223 2634 178 685
210 2777 181 684
222 2712 181 683
223 2634 178 685
202 2625 178 688
212 2506 182 686
210 2777 181 684
266 3504 175 682
209 2684 178 686
197 2578 190 688
209 2710 183 685
197 2578 190 688
210 2777 181 684
208 2792 182 682
202 2612 179 688
197 2616 188 694
210 2547 183 679
222 2712 181 683
233 2919 178 680
233 2919 178 680
230 2640 194 677
246 3144 173 687
201 2669 187 689
208 2792 182 682
210 2547 183 679
233 2919 178 680
215 2760 201 676
198 2662 180 690
202 2612 179 688
208 2792 182 682
210 2777 181 684
200 2616 186 693
198 2662 180 690
210 2777 181 684
209 2684 178 686
210 2777 181 684
238 2916 181 681
246 3144 173 687
197 2578 190 688
209 2684 178 686
200 2616 186 693
198 2662 180 690
229 2696 179 684
230 2921 178 683
215 2760 201 676
197 2578 190 688
228 2649 175 685
266 3504 175 682
210 2816 180 685
205 2476 173 688
197 2616 188 694
268 3330 183 677
266 3504 175 682
230 2921 178 683
230 2640 194 677
236 2881 174 687
246 3144 173 687
198 2662 180 690
266 3504 175 682
238 2916 181 681
230 2640 194 677
197 2616 188 694
232 2742 178 684
215 2819 176 685
200 2616 186 693
212 2506 182 686
206 2525 177 687
237 2836 178 683
232 2742 178 684
210 2547 183 679
201 2669 187 689
246 3144 173 687
223 2634 178 685
246 3144 173 687
233 2919 178 680
223 2634 178 685
202 2612 179 688
197 2578 190 688
200 2616 186 693
210 2547 183 679
233 2919 178 680
222 2712 181 683
230 2640 194 677
266 3504 175 682
202 2612 179 688
202 2625 178 688
266 3504 175 682
208 2792 182 682
202 2625 178 688
210 2777 181 684
223 2634 178 685
202 2625 178 688
212 2506 182 686
266 3504 175 682
209 2684 178 686
208 2792 182 682
202 2612 179 688
197 2616 188 694
222 2712 181 683
233 2919 178 680
246 3144 173 687
233 2919 178 680
212 2506 182 686
215 2760 201 676
208 2792 182 682
223 2634 178 685
202 2590 184 682
209 2710 183 685
209 2710 183 685
222 2712 181 683
265 3348 175 684
208 2783 178 686
198 2662 180 690
230 2921 178 683
201 2669 187 689
210 2777 181 684
210 2777 181 684
233 2919 178 680
215 2760 201 676
210 2547 183 679
233 2919 178 680
230 2921 178 683
197 2616 188 694
201 2669 187 689
210 2547 183 679
