243134 3600
191 2132 181 686
181 2289 180 686
191 2186 185 682
185 2270 175 690
197 2302 190 679
203 2411 196 677
185 2230 185 683
186 2187 180 686
193 2207 180 684
184 2358 180 685
190 2292 190 680
206 2706 198 676
191 2369 191 678
202 2231 186 681
198 2409 186 680
205 2404 179 686
185 2392 185 682
217 2601 202 676
189 2353 180 684
207 2307 181 683
206 2489 185 680
204 2343 196 678
196 2435 175 688
193 2473 181 683
187 2248 179 689
189 2198 180 685
207 2579 191 677
194 2494 186 680
195 2327 179 687
201 2441 176 687
202 2591 192 677
196 2539 176 687
186 2340 185 682
194 2245 190 681
199 2548 196 677
194 2453 190 678
202 2380 175 688
191 2368 185 681
200 2369 176 688
210 2551 192 677
201 2375 190 678
189 2268 186 682
198 2480 180 683
187 2214 186 684
199 2394 181 683
200 2486 197 677
184 2323 178 690
195 2271 190 680
192 2286 186 681
194 2319 185 681
192 2365 191 678
205 2415 180 683
200 2258 190 680
208 2406 177 687
187 2415 179 688
191 2422 179 687
185 2229 181 686
207 2255 190 680
190 2289 190 681
231 2795 208 675
203 2560 174 692
191 2132 181 686
181 2289 180 686
286 3699 204 685
247 2763 199 692
276 3324 214 683
285 3660 197 697
244 3028 196 698
280 3459 207 701
238 2969 197 681
233 3000 205 689
234 2962 201 696
233 2997 196 691
274 3563 199 700
262 3231 189 692
279 3552 200 690
231 2774 210 687
241 3320 195 690
286 3469 220 696
240 3318 194 690
249 3051 194 688
289 3398 194 690
241 3159 194 693
250 3187 195 688
233 2804 204 688
265 3147 196 691
217 2690 186 689
225 2936 202 693
227 3045 194 693
298 3856 219 695
262 3239 213 690
264 3343 209 691
276 3512 219 691
247 3098 205 695
265 3168 210 686
230 2956 214 685
260 3251 222 701
277 3403 203 686
245 2950 202 696
287 3644 221 697
261 3110 198 691
234 3024 207 691
247 3068 206 686
295 3581 231 689
257 3253 200 694
257 3112 180 692
279 3435 210 692
274 3552 206 695
252 3281 206 692
245 3052 199 687
266 3260 187 688
310 3954 199 685
242 2958 205 691
245 3255 227 688
236 2931 194 693
278 3615 197 695
238 2919 210 701
300 3665 202 688
227 2835 190 697
244 3145 202 693
238 2839 207 694
263 3348 198 694
287 3715 221 703
238 3073 201 690
258 3085 196 692
224 2913 194 689
260 3294 193 693
248 3098 192 693
282 3420 190 699
268 3334 216 688
275 3331 212 692
266 3386 198 688
223 3034 195 688
283 3583 196 699
257 3408 186 688
285 3588 202 693
237 3128 216 700
277 3714 181 693
262 3431 211 699
250 3301 211 698
313 3894 211 692
215 2842 190 692
236 2858 194 692
301 3924 205 698
263 3178 191 693
268 3493 232 686
244 2944 199 686
267 3374 190 698
267 3382 189 693
290 3706 189 687
270 3332 201 689
266 3373 208 693
264 3269 199 695
230 2819 197 687
214 2892 182 694
257 3129 212 691
256 3370 211 698
274 3538 212 689
249 3175 194 688
291 3501 200 688
263 3172 194 694
262 3090 190 690
263 3257 193 705
272 3190 210 689
246 3173 212 688
263 3203 192 688
275 3524 210 694
238 3188 207 692
279 3841 194 685
273 3418 214 690
259 3153 187 693
261 3153 195 694
233 2982 205 693
251 3154 199 691
251 3263 194 689
260 3297 219 696
258 3093 204 689
271 3181 217 694
243 3091 224 689
261 3250 195 694
268 3407 201 691
271 3292 199 687
296 3708 236 690
263 3313 204 688
278 3546 194 687
262 3126 202 686
256 3062 189 689
266 3125 206 691
245 2898 205 694
263 3283 205 698
263 3476 197 693
255 3161 217 691
253 3126 238 692
267 3205 210 699
271 3370 220 687
248 3147 193 683
241 3014 192 689
265 3298 195 691
248 3238 206 690
237 3003 189 687
257 3041 198 695
299 3785 218 692
269 3358 180 695
264 3258 194 686
267 3232 200 696
252 3051 224 689
318 3764 208 696
242 3164 190 685
252 3083 189 692
251 3005 181 686
250 3099 207 683
260 3380 224 688
242 3033 203 696
266 3055 199 695
247 3205 202 693
243 2907 205 687
318 3752 189 690
274 3469 215 691
256 3188 192 694
281 3306 219 691
238 2982 196 692
235 2684 196 696
247 3103 195 686
291 3757 241 695
246 3070 202 701
213 2736 198 693
266 3319 206 690
240 3066 194 686
260 3047 189 691
220 2791 199 689
264 3387 219 696
269 3316 192 690
279 3559 201 694
258 3084 205 692
240 3185 200 692
241 2950 226 686
283 3783 203 689
249 3206 202 691
290 3485 222 689
289 3784 197 693
256 3190 191 694
305 3431 206 693
252 3116 200 694
285 3550 199 692
255 3424 210 683
289 3346 220 698
263 3240 209 687
289 3403 210 696
231 2951 190 695
270 3163 214 702
263 3406 191 699
271 3443 225 699
243 3161 207 703
243 2906 200 689
263 3265 203 696
255 3362 200 691
272 2940 199 700
262 3342 198 697
274 3403 213 695
257 3185 186 699
259 3232 219 693
251 3161 188 694
289 3509 196 685
290 3676 208 695
302 3995 187 686
279 3207 225 695
272 3195 196 690
235 2942 192 691
271 3330 208 691
259 3256 195 698
276 3260 202 695
234 2946 195 690
253 3144 189 690
253 3207 195 690
248 2874 203 689
250 3145 205 691
276 3251 219 696
281 3731 194 687
247 3232 216 694
239 3113 196 692
242 3124 190 693
265 3354 198 691
257 3170 210 698
256 3253 198 689
238 2905 212 700
234 3102 206 691
315 4051 201 689
234 2924 211 695
253 3041 201 697
236 3105 198 695
253 3233 223 687
236 2746 202 694
264 3509 201 692
284 3436 198 693
256 3280 200 696
256 3217 212 689
258 3379 189 688
250 3051 204 693
263 3430 217 694
245 3082 202 687
