178016 1620.28
254 2402 179 679
244 2514 178 680
232 2237 173 686
228 2021 209 672
222 1840 185 678
206 1902 189 679
213 1967 193 675
215 2297 203 673
235 2219 178 682
248 2309 178 680
217 2000 198 674
250 2054 183 677
215 2109 183 677
218 2184 180 679
225 1981 204 673
230 2305 175 684
240 2056 183 678
234 2364 175 683
241 2363 175 683
214 2072 191 678
229 2354 175 684
242 2298 178 681
236 2078 180 681
223 2038 192 675
217 2027 197 674
226 2025 203 673
219 2055 182 681
228 1978 197 674
225 2068 181 684
219 1892 197 677
241 2230 185 676
221 1936 185 677
222 1933 191 677
223 2080 186 676
217 1941 187 679
217 2095 181 679
241 2008 182 683
220 1945 186 679
232 2007 186 676
219 1979 187 677
224 2230 203 673
227 2049 181 679
231 2081 183 677
226 2104 180 679
232 2047 181 681
217 2053 192 675
220 2042 191 675
217 1953 187 678
226 2085 183 677
217 1978 183 679
263 2369 178 680
259 2336 173 686
253 2631 178 680
250 1976 194 678
249 2178 209 672
237 2023 211 673
220 2102 185 689
217 2158 188 683
246 2533 175 683
246 2372 185 676
236 2281 178 682
224 2550 180 679
241 2000 196 676
230 2171 181 685
237 1990 198 674
245 2368 178 681
224 2118 206 674
233 2108 204 673
218 2181 186 682
217 2264 192 679
220 2032 203 677
231 2055 192 675
248 2339 178 681
237 2231 186 676
227 2037 198 676
219 2084 187 678
233 2317 180 683
239 2028 186 676
227 2130 197 674
237 2273 180 679
224 1987 183 679
224 2274 191 675
219 2113 192 675
223 2082 182 683
218 2180 192 680
221 2034 186 677
219 2034 192 677
224 2055 193 675
247 2176 180 681
223 2018 192 679
223 2309 186 676
228 2036 197 674
223 2126 187 676
230 2172 181 679
238 2111 187 676
229 2126 191 675
221 2108 192 675
229 2100 192 675
233 2166 203 673
221 2061 183 679
238 2161 186 676
219 2112 183 677
288 2777 176 683
273 2548 176 688
260 2185 222 673
251 2395 209 672
247 2553 175 684
233 2001 191 688
219 2279 186 680
236 2361 211 673
240 2293 180 685
266 2440 178 680
260 2417 179 681
221 2084 195 679
259 2217 197 674
221 2198 199 675
227 2268 197 674
253 2380 191 675
255 2340 178 683
228 2120 206 674
255 2284 209 672
225 2095 202 676
245 2068 186 676
224 2138 185 682
223 2065 187 678
232 2319 186 677
240 2438 178 682
241 2157 192 675
250 2353 180 679
245 2470 178 681
228 2034 187 681
246 2015 188 680
250 2192 183 677
221 2141 192 676
249 2178 180 684
234 2199 189 677
250 2173 183 678
239 2192 203 673
232 2195 181 679
224 2248 183 679
242 2467 191 675
231 2045 197 680
229 2210 187 676
248 2431 178 681
239 2385 180 679
228 2239 198 674
242 2111 187 676
235 2168 197 675
223 2235 192 675
238 2259 183 677
238 2066 198 674
237 2182 192 675
234 2117 203 675
231 2109 197 676
238 2183 185 681
234 2110 192 677
236 2109 203 675
223 2091 186 678
238 2168 186 676
283 3041 175 684
264 2173 211 675
254 2402 209 672
245 2258 181 688
227 2103 190 678
221 2147 192 677
273 2848 176 684
246 2591 178 682
257 2240 180 687
230 2144 188 680
266 2588 178 681
263 2252 204 673
267 2109 192 676
242 2387 180 683
226 2201 190 679
231 2321 205 674
249 2535 180 679
243 2316 193 675
240 2432 197 674
230 2226 202 675
240 2271 203 673
223 2190 192 676
252 2411 180 679
254 2382 183 677
240 2181 206 675
245 2175 198 674
244 2464 180 682
230 2178 185 684
238 2198 186 676
257 2153 186 676
250 2240 183 678
250 2136 200 677
239 2226 200 675
234 2376 198 674
230 2240 185 682
250 2336 192 675
244 2375 197 674
246 2267 181 682
234 2162 192 676
241 2270 181 679
243 2381 185 678
243 2253 198 675
276 2423 211 673
270 2464 180 679
255 2493 197 674
233 2206 185 687
231 2103 192 680
223 2270 193 677
240 2313 201 675
252 2192 185 684
259 2181 189 683
241 2329 181 679
265 2412 183 677
261 2176 194 678
238 2263 190 680
253 2388 192 675
257 2241 193 676
256 2290 198 674
238 2194 191 678
239 2274 187 676
246 2277 183 679
245 2147 195 678
242 2121 190 679
224 2197 192 677
246 2186 199 675
244 2432 185 678
257 2200 195 676
244 2391 186 676
255 2469 183 677
260 2179 189 679
238 2390 186 678
254 2264 183 679
246 2268 186 676
300 2784 180 679
265 2359 205 674
252 2208 207 679
242 2530 185 686
227 2307 192 677
270 2659 197 674
274 2310 186 676
250 2301 185 683
259 2327 186 681
256 2228 192 682
240 2406 186 678
249 2275 187 676
262 2527 183 677
255 2429 192 675
250 2232 200 676
273 2473 185 678
241 2359 187 676
254 2396 182 682
261 2247 199 678
246 2268 187 682
247 2479 186 676
244 2308 198 676
250 2258 192 679
254 2429 181 679
251 2363 183 679
250 2416 183 679
263 2323 186 676
289 2757 186 676
287 2793 183 677
275 2250 202 677
269 2508 184 684
261 2432 198 675
255 2583 181 679
252 2325 205 676
237 2309 192 678
245 2500 186 680
248 2458 194 676
253 2397 186 682
253 2277 189 677
257 2375 186 681
254 2367 187 679
259 2475 192 676
257 2435 186 678
258 2572 192 676
261 2313 187 676
270 2367 186 677
278 2585 181 679
270 2590 183 679
261 2568 192 676
260 2415 192 682
254 2371 199 679
240 2437 193 679
275 2498 187 676
255 2425 187 680
258 2410 197 677
262 2377 191 678
251 2394 193 679
264 2478 198 676
284 2575 189 679
281 2643 193 678
270 2602 185 680
264 2490 204 676
260 2407 203 679
256 2415 194 679
286 3081 185 683
260 2478 200 681
256 2492 195 680
272 2605 186 680
