57582 1260.25
178 1925 177 692
180 1915 177 690
187 2086 176 701
190 2031 187 686
180 1915 177 690
180 1915 177 690
184 1989 182 688
179 1915 177 692
180 1915 177 690
180 1915 177 690
180 1918 177 690
180 1915 177 690
183 1951 181 689
180 1921 177 690
179 1915 177 692
181 1918 177 690
181 1918 177 690
178 1954 177 690
181 1918 177 690
179 1915 177 692
181 1930 177 690
181 1918 177 690
182 1927 181 689
179 1923 177 692
181 1918 177 690
180 1915 177 690
180 1918 177 690
180 1915 177 690
182 1926 181 689
179 1925 177 692
182 1934 181 689
179 1915 177 692
180 1915 177 690
181 1918 177 690
180 1915 177 690
180 1915 177 690
186 1936 181 689
180 1921 177 690
180 1918 177 690
180 1915 177 690
184 1950 181 689
180 1915 177 690
182 1934 181 689
179 1923 177 692
179 1915 177 692
181 1924 177 690
182 1934 181 689
179 1915 177 692
181 1918 177 690
178 1929 177 692
180 1915 177 690
180 1921 177 690
181 1918 177 690
178 1925 177 692
180 1915 177 690
179 1915 177 692
181 1918 177 690
181 1918 177 690
180 1921 177 690
178 1929 177 692
183 1929 181 689
180 1918 177 690
178 1954 177 690
179 1915 177 692
180 1915 177 690
180 1915 177 690
186 1936 181 689
180 1921 177 690
180 1915 177 690
179 1915 177 692
181 1918 177 690
179 1915 177 692
182 1938 177 690
180 1921 177 690
179 1915 177 692
181 1918 177 690
186 1960 181 689
179 1915 177 692
182 1926 181 689
179 1915 177 692
184 1952 177 692
181 1918 177 690
182 1948 181 689
179 1974 177 690
182 1926 177 690
181 1918 177 690
180 1921 177 690
180 1915 177 690
180 1915 177 690
179 1915 177 692
183 1930 181 689
180 1924 177 690
181 1918 177 690
180 1915 177 690
178 1929 177 692
179 1915 177 692
181 1918 177 690
180 1921 177 690
179 1915 177 692
179 1915 177 692
183 1930 181 689
180 1915 177 690
181 1921 177 690
179 1915 177 692
180 1915 177 690
181 1918 177 690
180 1921 177 690
179 1915 177 692
181 1918 177 690
180 1915 177 690
181 1918 177 690
181 1918 177 690
181 1918 177 690
180 1921 177 690
180 1924 177 690
180 1915 177 690
181 1918 177 690
180 1915 177 690
180 1921 177 690
179 1915 177 692
185 1956 182 688
180 1921 177 690
180 1918 177 690
180 1915 177 690
179 1915 177 692
180 1915 177 690
182 1926 181 689
179 1932 177 692
180 1915 177 690
180 1915 177 690
181 1918 177 690
180 1915 177 690
182 1926 181 689
180 1921 177 690
179 1915 177 692
181 1924 177 690
182 1926 181 689
180 1921 177 690
181 1918 177 690
179 1915 177 692
182 1926 177 690
180 1921 177 690
180 1921 177 690
179 1915 177 692
186 1941 177 690
181 1918 177 690
180 1921 177 690
180 1915 177 690
180 1915 177 690
179 1915 177 692
181 1918 177 690
180 1915 177 690
179 1915 177 692
181 1918 177 690
180 1921 177 690
180 1915 177 690
185 1985 182 688
180 1921 177 690
179 1915 177 692
179 1915 177 692
182 1926 177 690
179 1915 177 692
182 1920 177 690
180 1915 177 690
180 1915 177 690
182 1958 177 690
182 1934 181 689
179 1915 177 692
181 1918 177 690
178 1929 177 692
181 1918 177 690
180 1915 177 690
181 1918 177 690
179 1974 177 690
179 1915 177 692
179 1915 177 692
181 1918 177 690
182 1926 181 689
180 1918 177 690
178 1929 177 692
187 1979 182 688
180 1921 177 690
180 1921 177 690
180 1915 177 690
180 1915 177 690
180 1915 177 690
184 1997 182 688
179 1915 177 692
179 1915 177 692
180 1915 177 690
181 1918 177 690
179 1915 177 692
181 1924 177 690
180 1921 177 690
179 1915 177 692
180 1921 177 690
181 1918 177 690
179 1923 177 692
180 1915 177 690
179 1915 177 692
181 1927 177 690
182 1932 177 690
182 1927 181 689
179 1915 177 692
180 1921 177 690
180 1915 177 690
179 1915 177 692
179 1915 177 692
181 1918 177 690
179 1915 177 692
186 1936 181 689
180 1918 177 690
180 1915 177 690
181 1918 177 690
179 1915 177 692
179 1915 177 692
183 1941 181 689
181 1921 177 690
180 1915 177 690
180 1915 177 690
182 1934 181 689
180 1915 177 690
181 1918 177 690
179 1915 177 692
180 1915 177 690
184 1943 177 690
184 1943 181 689
180 1915 177 690
181 1930 177 690
179 1915 177 692
180 1915 177 690
180 1931 177 692
181 1918 177 690
179 1915 177 692
180 1915 177 690
180 1915 177 690
180 1921 177 690
181 1918 177 690
180 1921 177 690
178 1925 177 692
186 1936 181 689
180 1921 177 690
179 1915 177 692
180 1915 177 690
181 1918 177 690
180 1915 177 690
181 1918 177 690
179 1915 177 692
180 1915 177 690
179 1915 177 692
181 1918 177 690
180 1915 177 690
182 1926 181 689
180 1918 177 690
180 1918 177 690
181 1919 177 690
181 1918 177 690
180 1921 177 690
180 1921 177 690
179 1915 177 692
181 1927 177 692
181 1918 177 690
182 1948 181 689
179 1923 177 692
181 1918 177 690
181 1918 177 690
179 1974 177 690
180 1918 177 690
180 1915 177 690
179 1915 177 692
182 1926 181 689
179 1932 177 692
180 1915 177 690
180 1915 177 690
179 1915 177 692
180 1915 177 690
185 1956 182 688
180 1921 177 690
179 1915 177 692
180 1915 177 690
185 1956 182 688
181 1918 177 690
182 1926 181 689
179 1915 177 692
180 1915 177 690
181 1918 177 690
181 1918 177 690
179 1915 177 692
182 1926 177 690
179 1915 177 692
181 1918 177 690
180 1921 177 690
181 1918 177 690
179 1923 177 692
179 1915 177 692
180 1915 177 690
179 1915 177 692
181 1918 177 690
180 1921 177 690
179 1915 177 692
