294042 2100.14
193 2517 193 688
234 2930 217 673
222 2954 173 685
212 2771 175 691
193 2517 193 688
222 2954 173 685
242 3193 183 678
264 3396 214 672
193 2517 193 688
212 2771 175 691
216 2740 206 675
213 2667 175 682
226 2847 197 675
233 3084 203 673
199 2591 182 683
233 3084 203 673
221 2909 210 674
221 2909 210 674
205 2606 200 680
196 2458 183 681
233 3084 203 673
234 2930 217 673
216 2632 184 678
218 2695 174 684
230 3146 198 674
205 2606 200 680
217 2853 173 686
240 2885 197 674
238 2740 191 676
226 3009 192 675
233 3009 197 674
264 3396 214 672
206 2645 190 677
207 2650 179 687
193 2517 193 688
230 3146 198 674
238 2740 191 676
220 2824 198 675
203 2535 181 684
222 2954 173 685
213 2826 178 681
199 2591 182 683
193 2517 193 688
264 3396 214 672
220 2618 183 679
230 3146 198 674
196 2458 183 681
193 2517 193 688
215 2615 191 679
208 2608 195 678
209 2758 188 678
222 2954 173 685
199 2591 182 683
234 2930 217 673
230 3146 198 674
197 2435 182 688
233 3084 203 673
197 2435 182 688
233 3009 197 674
209 2758 188 678
215 2784 186 676
207 2543 190 680
222 2954 173 685
213 2826 178 681
208 2608 195 678
242 3193 183 678
211 2772 180 682
218 2695 174 684
213 2847 187 678
220 2618 183 679
211 2772 180 682
216 2632 184 678
215 2784 186 676
234 2930 217 673
213 2826 178 681
217 2853 173 686
202 2718 191 678
193 2517 193 688
233 3009 197 674
215 2784 186 676
218 2695 174 684
203 2707 191 677
196 2458 183 681
197 2435 182 688
212 2771 175 691
222 2954 173 685
222 2954 173 685
214 2728 199 676
207 2650 179 687
214 2728 199 676
238 2883 181 679
223 2944 203 674
199 2591 182 683
218 2695 174 684
209 2758 188 678
206 2645 190 677
216 2432 196 684
202 2718 191 678
238 2883 181 679
209 2758 188 678
215 2784 186 676
264 3396 214 672
206 2645 190 677
208 2608 195 678
206 2645 190 677
193 2517 193 688
205 2606 200 680
196 2458 183 681
202 2718 191 678
207 2543 190 680
208 2608 195 678
216 2632 184 678
199 2591 182 683
215 2784 186 676
233 3009 197 674
216 2740 206 675
221 2909 210 674
207 2650 179 687
203 2707 191 677
215 2784 186 676
226 3009 192 675
233 3009 197 674
223 2944 203 674
206 2645 190 677
213 2826 178 681
193 2517 193 688
208 2608 195 678
202 2718 191 678
211 2772 180 682
233 3084 203 673
218 2662 210 676
196 2458 183 681
203 2707 191 677
222 2954 173 685
222 2954 173 685
222 2954 173 685
223 2944 203 674
203 2535 181 684
220 2824 198 675
233 3009 197 674
212 2771 175 691
215 2784 186 676
212 2771 175 691
215 2615 191 679
208 2608 195 678
216 2632 184 678
203 2535 181 684
209 2758 188 678
202 2718 191 678
216 2632 184 678
221 2909 210 674
199 2591 182 683
238 2740 191 676
233 3009 197 674
216 2740 206 675
216 2740 206 675
206 2645 190 677
207 2650 179 687
209 2758 188 678
222 2954 173 685
221 2909 210 674
217 2853 173 686
216 2740 206 675
209 2758 188 678
202 2718 191 678
226 2847 197 675
216 2632 184 678
193 2517 193 688
226 2847 197 675
216 2740 206 675
213 2667 175 682
214 2551 178 680
216 2740 206 675
208 2608 195 678
233 3009 197 674
209 2758 188 678
202 2718 191 678
211 2772 180 682
234 2930 217 673
202 2718 191 678
215 2784 186 676
226 2847 197 675
233 3009 197 674
193 2517 193 688
213 2847 187 678
233 3084 203 673
238 2740 191 676
208 2608 195 678
205 2606 200 680
220 2618 183 679
215 2615 191 679
218 2695 174 684
216 2632 184 678
218 2695 174 684
206 2645 190 677
216 2632 184 678
240 2885 197 674
212 2771 175 691
208 2608 195 678
208 2608 195 678
205 2606 200 680
216 2740 206 675
203 2707 191 677
221 2909 210 674
264 3396 214 672
214 2551 178 680
208 2608 195 678
233 3084 203 673
207 2543 190 680
233 3009 197 674
199 2591 182 683
197 2435 182 688
221 2909 210 674
207 2650 179 687
203 2707 191 677
215 2784 186 676
226 3009 192 675
213 2826 178 681
193 2517 193 688
196 2458 183 681
233 3084 203 673
218 2662 210 676
196 2458 183 681
203 2707 191 677
222 2954 173 685
230 3146 198 674
223 2944 203 674
203 2535 181 684
220 2824 198 675
233 3009 197 674
234 2930 217 673
213 2826 178 681
211 2772 180 682
216 2632 184 678
217 2853 173 686
193 2517 193 688
242 3193 183 678
218 2695 174 684
203 2707 191 677
196 2458 183 681
197 2435 182 688
214 2728 199 676
207 2650 179 687
215 2784 186 676
238 2883 181 679
199 2591 182 683
207 2543 190 680
206 2645 190 677
216 2432 196 684
238 2883 181 679
209 2758 188 678
215 2784 186 676
209 2758 188 678
193 2517 193 688
220 2618 183 679
208 2608 195 678
209 2758 188 678
234 2930 217 673
196 2458 183 681
215 2784 186 676
226 2847 197 675
193 2517 193 688
213 2847 187 678
238 2740 191 676
208 2608 195 678
205 2606 200 680
216 2740 206 675
230 3146 198 674
218 2695 174 684
216 2632 184 678
216 2632 184 678
264 3396 214 672
212 2771 175 691
208 2608 195 678
193 2517 193 688
216 2740 206 675
213 2826 178 681
264 3396 214 672
207 2650 179 687
212 2771 175 691
215 2615 191 679
199 2591 182 683
203 2535 181 684
209 2758 188 678
222 2954 173 685
238 2740 191 676
233 3009 197 674
216 2740 206 675
216 2740 206 675
206 2645 190 677
233 3084 203 673
209 2758 188 678
216 2740 206 675
209 2758 188 678
202 2718 191 678
208 2608 195 678
193 2517 193 688
226 2847 197 675
216 2740 206 675
213 2667 175 682
