35337 180.034
193 2534 193 687
253 3122 173 687
312 3939 181 681
198 2650 190 695
236 3129 219 675
193 2534 193 687
312 3939 181 681
255 3412 173 685
279 3357 183 678
208 2634 202 682
208 2634 202 682
229 2739 211 676
258 3237 186 678
236 3129 219 675
197 2710 189 692
256 3358 208 676
203 2661 178 693
312 3939 181 681
243 3058 177 683
217 2770 191 677
206 2671 177 690
225 2816 183 681
239 2961 182 680
234 2912 183 679
252 2973 173 689
203 2661 178 693
243 3058 177 683
201 2611 183 685
234 2912 183 679
239 3163 173 686
239 3163 173 686
217 2600 185 684
239 2961 182 680
216 2540 186 689
205 2734 199 681
271 3302 194 676
279 3357 183 678
256 3358 208 676
229 2739 211 676
209 2646 187 679
208 2790 197 681
220 2928 174 687
230 2997 187 678
225 2816 183 681
212 2684 176 687
256 3358 208 676
214 2774 179 686
208 2727 182 688
258 3237 186 678
205 2734 199 681
279 3357 183 678
239 3163 173 686
279 3357 183 678
239 2961 182 680
312 3939 181 681
256 3358 208 676
228 2815 184 682
243 3058 177 683
213 2733 181 684
239 3163 173 686
236 3129 219 675
255 3412 173 685
217 2600 185 684
217 2770 191 677
208 2790 197 681
207 2624 177 690
197 2710 189 692
208 2634 202 682
205 2734 199 681
243 3058 177 683
214 2868 184 682
230 2997 187 678
226 2723 175 686
212 2684 176 687
279 3357 183 678
279 3357 183 678
230 2997 187 678
312 3939 181 681
255 3412 173 685
220 2894 185 680
239 3163 173 686
198 2650 190 695
197 2710 189 692
258 3237 186 678
226 2723 175 686
228 2815 184 682
208 2790 197 681
234 2912 183 679
256 3358 208 676
220 2928 174 687
204 2813 178 684
214 2774 179 686
239 3163 173 686
220 2928 174 687
229 2739 211 676
210 2717 185 684
228 2815 184 682
255 3412 173 685
197 2710 189 692
220 2928 174 687
205 2734 199 681
312 3939 181 681
204 2813 178 684
220 2928 174 687
223 2889 183 681
239 3163 173 686
243 3058 177 683
219 2656 178 685
239 2961 182 680
206 2671 177 690
239 3163 173 686
217 2770 191 677
228 2815 184 682
216 2540 186 689
258 3237 186 678
223 2889 183 681
239 2961 182 680
214 2868 184 682
253 3122 173 687
255 3412 173 685
220 2894 185 680
223 2889 183 681
214 2868 184 682
253 3122 173 687
213 2733 181 684
219 2656 178 685
220 2928 174 687
213 2733 181 684
198 2650 190 695
205 2734 199 681
207 2624 177 690
205 2734 199 681
228 2815 184 682
205 2734 199 681
229 2739 211 676
256 3358 208 676
210 2717 185 684
229 2739 211 676
207 2624 177 690
214 2868 184 682
239 2961 182 680
212 2684 176 687
223 2889 183 681
229 2739 211 676
236 3129 219 675
312 3939 181 681
216 2540 186 689
201 2611 183 685
223 2889 183 681
201 2611 183 685
312 3939 181 681
228 2815 184 682
197 2710 189 692
279 3357 183 678
210 2717 185 684
197 2710 189 692
256 3358 208 676
201 2611 183 685
239 3163 173 686
252 2973 173 689
206 2671 177 690
220 2928 174 687
258 3237 186 678
230 2997 187 678
206 2671 177 690
209 2646 187 679
207 2624 177 690
207 2624 177 690
197 2710 189 692
204 2813 178 684
213 2733 181 684
205 2734 199 681
279 3357 183 678
201 2611 183 685
197 2710 189 692
193 2534 193 687
312 3939 181 681
279 3357 183 678
197 2710 189 692
208 2790 197 681
209 2646 187 679
225 2816 183 681
236 3129 219 675
271 3302 194 676
243 3058 177 683
229 2739 211 676
239 2961 182 680
243 3058 177 683
229 2739 211 676
239 3163 173 686
225 2816 183 681
271 3302 194 676
214 2774 179 686
279 3357 183 678
197 2710 189 692
243 3058 177 683
217 2600 185 684
256 3358 208 676
236 3129 219 675
210 2717 185 684
198 2650 190 695
193 2534 193 687
312 3939 181 681
243 3058 177 683
223 2889 183 681
239 2961 182 680
256 3358 208 676
256 3358 208 676
243 3058 177 683
255 3412 173 685
217 2770 191 677
243 3058 177 683
226 2723 175 686
279 3357 183 678
279 3357 183 678
230 2997 187 678
255 3412 173 685
198 2650 190 695
234 2912 183 679
256 3358 208 676
220 2928 174 687
214 2774 179 686
220 2928 174 687
210 2717 185 684
255 3412 173 685
197 2710 189 692
205 2734 199 681
204 2813 178 684
223 2889 183 681
219 2656 178 685
206 2671 177 690
217 2600 185 684
253 3122 173 687
236 3129 219 675
193 2534 193 687
255 3412 173 685
279 3357 183 678
203 2661 178 693
206 2671 177 690
234 2912 183 679
203 2661 178 693
243 3058 177 683
239 3163 173 686
239 3163 173 686
216 2540 186 689
271 3302 194 676
209 2646 187 679
220 2928 174 687
225 2816 183 681
212 2684 176 687
256 3358 208 676
214 2774 179 686
208 2727 182 688
239 3163 173 686
236 3129 219 675
258 3237 186 678
206 2671 177 690
209 2646 187 679
207 2624 177 690
197 2710 189 692
213 2733 181 684
193 2534 193 687
312 3939 181 681
279 3357 183 678
197 2710 189 692
208 2790 197 681
206 2671 177 690
271 3302 194 676
243 3058 177 683
239 2961 182 680
243 3058 177 683
225 2816 183 681
271 3302 194 676
214 2774 179 686
279 3357 183 678
217 2600 185 684
236 3129 219 675
198 2650 190 695
205 2734 199 681
217 2770 191 677
220 2894 185 680
223 2889 183 681
253 3122 173 687
213 2733 181 684
219 2656 178 685
220 2928 174 687
213 2733 181 684
198 2650 190 695
205 2734 199 681
228 2815 184 682
312 3939 181 681
229 2739 211 676
256 3358 208 676
207 2624 177 690
239 2961 182 680
212 2684 176 687
229 2739 211 676
216 2540 186 689
228 2815 184 682
210 2717 185 684
