30203 3331.27
221 1964 209 672
212 1898 178 681
212 1898 178 681
210 1971 209 672
210 1971 209 672
203 1871 191 677
202 1878 191 675
212 1899 180 679
207 1934 203 673
215 1916 203 673
215 1916 203 673
209 1875 197 674
206 1946 185 678
219 1919 178 680
203 1878 197 674
210 1889 183 677
211 1886 185 676
221 1964 209 672
217 1947 178 680
208 1943 185 678
210 1921 180 679
209 1874 192 675
204 1876 197 674
209 1928 183 677
209 1875 186 676
215 1952 178 680
209 1876 191 675
203 1879 186 676
208 1943 185 678
207 1934 203 673
219 1919 178 680
211 1886 185 676
203 1879 186 676
215 1952 178 680
209 1928 183 677
215 1967 209 672
210 1889 183 677
209 1874 192 675
210 1897 185 676
216 1965 209 672
210 1921 180 679
216 1965 209 672
206 1946 185 678
207 1877 191 675
202 1878 191 675
203 1877 192 675
203 1871 191 677
215 1967 209 672
210 1917 203 673
212 1899 180 679
210 1917 203 673
210 1897 185 676
209 1920 203 673
209 1920 203 673
209 1875 186 676
207 1877 191 675
203 1878 197 674
221 1964 209 672
221 1964 209 672
221 1964 209 672
221 1964 209 672
221 1964 209 672
221 1964 209 672
221 1964 209 672
221 1964 209 672
221 1964 209 672
221 1964 209 672
221 1964 209 672
221 1964 209 672
221 1964 209 672
221 1964 209 672
221 1964 209 672
221 1964 209 672
221 1964 209 672
221 1964 209 672
221 1964 209 672
221 1964 209 672
221 1964 209 672
221 1964 209 672
221 1964 209 672
221 1964 209 672
221 1964 209 672
221 1964 209 672
221 1964 209 672
221 1964 209 672
221 1964 209 672
221 1964 209 672
221 1964 209 672
221 1964 209 672
221 1964 209 672
221 1964 209 672
221 1964 209 672
221 1964 209 672
221 1964 209 672
221 1964 209 672
221 1964 209 672
221 1964 209 672
221 1964 209 672
221 1964 209 672
221 1964 209 672
221 1964 209 672
221 1964 209 672
221 1964 209 672
221 1964 209 672
221 1964 209 672
221 1964 209 672
221 1964 209 672
221 1964 209 672
221 1964 209 672
221 1964 209 672
221 1964 209 672
221 1964 209 672
221 1964 209 672
221 1964 209 672
221 1964 209 672
221 1964 209 672
221 1964 209 672
221 1964 209 672
221 1964 209 672
221 1964 209 672
221 1964 209 672
221 1964 209 672
221 1964 209 672
221 1964 209 672
221 1964 209 672
221 1964 209 672
221 1964 209 672
221 1964 209 672
221 1964 209 672
221 1964 209 672
221 1964 209 672
221 1964 209 672
221 1964 209 672
221 1964 209 672
221 1964 209 672
221 1964 209 672
221 1964 209 672
221 1964 209 672
221 1964 209 672
221 1964 209 672
221 1964 209 672
221 1964 209 672
221 1964 209 672
221 1964 209 672
221 1964 209 672
221 1964 209 672
221 1964 209 672
221 1964 209 672
221 1964 209 672
221 1964 209 672
221 1964 209 672
221 1964 209 672
221 1964 209 672
221 1964 209 672
221 1964 209 672
221 1964 209 672
221 1964 209 672
221 1964 209 672
221 1964 209 672
221 1964 209 672
221 1964 209 672
221 1964 209 672
221 1964 209 672
221 1964 209 672
221 1964 209 672
221 1964 209 672
221 1964 209 672
221 1964 209 672
221 1964 209 672
221 1964 209 672
221 1964 209 672
221 1964 209 672
221 1964 209 672
221 1964 209 672
221 1964 209 672
221 1964 209 672
221 1964 209 672
221 1964 209 672
221 1964 209 672
221 1964 209 672
221 1964 209 672
221 1964 209 672
221 1964 209 672
221 1964 209 672
221 1964 209 672
221 1964 209 672
221 1964 209 672
221 1964 209 672
221 1964 209 672
221 1964 209 672
221 1964 209 672
216 1965 209 672
216 1965 209 672
216 1965 209 672
216 1965 209 672
216 1965 209 672
216 1965 209 672
216 1965 209 672
216 1965 209 672
216 1965 209 672
216 1965 209 672
215 1967 209 672
203 1871 191 677
221 1965 209 672
217 1923 191 675
215 1974 209 672
209 1926 203 673
215 1931 197 674
216 1965 192 675
215 1924 203 673
216 1966 209 672
222 1938 203 673
222 1938 197 674
221 1966 209 672
218 1961 191 675
215 1975 209 672
210 1950 203 673
221 1965 197 674
216 1972 209 672
216 1939 203 673
221 1966 209 672
229 1983 191 675
226 1969 209 672
221 1959 203 673
216 1973 209 672
212 1970 203 673
221 1975 197 674
226 1974 197 674
221 1959 203 673
216 1965 203 673
221 1971 209 672
221 1971 209 672
221 1971 209 672
221 1971 209 672
221 1971 209 672
242 2032 198 674
237 2064 197 674
221 1972 209 672
221 1963 204 673
216 1993 209 672
219 1996 203 673
221 1964 203 673
221 1963 204 673
220 1974 203 673
221 1964 203 673
221 1964 203 673
221 1973 209 672
221 1965 203 673
219 2004 203 674
217 1993 209 672
220 1981 203 673
224 1973 209 672
221 1966 203 673
220 2013 203 673
219 2007 209 672
221 1976 209 672
220 2000 209 672
221 1976 209 672
221 1976 209 672
221 1977 209 672
221 1977 209 672
221 1967 203 673
221 1978 209 672
221 1978 209 672
221 1978 209 672
221 1970 203 673
226 1974 203 673
223 1985 209 672
221 1987 209 672
221 1975 203 673
223 1985 209 672
221 1975 203 673
221 1975 203 673
221 1989 209 672
221 1976 203 673
228 1992 209 672
222 2027 209 672
222 1980 203 673
223 1996 209 672
228 1984 203 673
223 1998 209 672
228 1985 203 673
225 1999 209 672
224 2000 209 672
224 2000 209 672
225 1999 209 672
228 1995 203 673
224 2006 209 672
234 2009 203 673
230 2006 209 672
224 2048 209 672
225 2007 209 672
225 2007 209 672
242 2033 203 673
226 2019 209 672
254 2209 203 673
226 2038 209 672
228 2045 209 672
226 2052 209 672
226 2065 209 672
