402996 2220.11
262 3284 222 672
188 2588 183 685
249 3341 191 675
200 2427 187 693
262 3284 222 672
228 2846 172 687
236 3013 211 673
250 3315 174 683
233 2838 173 690
248 3192 185 676
223 2941 219 673
222 2855 173 688
200 2427 187 693
217 2713 202 675
242 3043 174 684
217 2619 194 676
242 3195 204 673
191 2437 187 684
232 2936 206 674
231 2738 179 680
195 2505 184 685
248 3229 173 686
223 2941 219 673
242 3043 174 684
248 3229 173 686
233 2879 197 674
232 2810 211 674
233 2838 173 690
224 2784 178 680
191 2437 187 684
217 2619 194 676
215 2717 180 680
210 2669 183 677
207 2661 181 682
188 2588 183 685
206 2765 178 686
227 3030 175 682
208 2616 178 681
188 2588 183 685
223 2941 219 673
206 2525 177 687
195 2522 189 679
228 2846 172 687
196 2603 188 678
210 2583 178 685
209 2544 187 677
220 2912 180 679
199 2602 179 687
222 2855 173 688
249 3137 173 685
233 2879 197 674
195 2522 189 679
206 2525 177 687
195 2505 184 685
199 2602 179 687
207 2661 181 682
226 2832 182 679
227 3030 175 682
217 2619 194 676
203 2646 186 676
202 2633 185 678
196 2603 188 678
217 2619 194 676
196 2603 188 678
202 2633 185 678
236 3013 211 673
195 2505 184 685
215 2717 180 680
223 2941 219 673
236 3013 211 673
232 2810 211 674
232 2936 206 674
193 2542 184 683
250 3315 174 683
232 2936 206 674
220 2912 180 679
196 2603 188 678
193 2542 184 683
210 2583 178 685
202 2633 185 678
196 2603 188 678
206 2765 178 686
188 2588 183 685
242 3195 204 673
217 2713 202 675
242 3043 174 684
233 2871 193 675
248 3229 173 686
207 2685 183 681
188 2588 183 685
242 3043 174 684
223 2941 219 673
207 2685 183 681
207 2827 179 684
228 2846 172 687
233 2838 173 690
210 2669 183 677
227 3030 175 682
223 2872 192 675
193 2542 184 683
196 2603 188 678
227 3030 175 682
191 2437 187 684
226 2832 182 679
235 2959 174 685
200 2427 187 693
208 2787 183 679
232 2810 211 674
208 2787 183 679
206 2525 177 687
224 2711 175 683
233 2879 197 674
196 2603 188 678
249 3137 173 685
207 2661 181 682
226 2832 182 679
200 2427 187 693
236 3013 211 673
242 3195 204 673
191 2437 187 684
219 2702 181 680
226 2832 182 679
232 2810 211 674
196 2603 188 678
210 2583 178 685
235 2959 174 685
210 2583 178 685
232 2810 211 674
195 2505 184 685
248 3192 185 676
242 3195 204 673
188 2588 183 685
217 2619 194 676
224 2784 178 680
200 2427 187 693
232 2936 206 674
233 2879 197 674
236 3013 211 673
232 2936 206 674
232 2936 206 674
219 2702 181 680
200 2427 187 693
228 2846 172 687
207 2661 181 682
210 2583 178 685
223 2941 219 673
233 2879 197 674
215 2717 180 680
242 3195 204 673
217 2619 194 676
200 2427 187 693
217 2713 202 675
196 2603 188 678
233 2838 173 690
223 2941 219 673
210 2583 178 685
191 2437 187 684
210 2669 183 677
220 2912 180 679
210 2583 178 685
199 2602 179 687
226 2832 182 679
193 2542 184 683
232 2936 206 674
188 2588 183 685
193 2542 184 683
215 2717 180 680
196 2603 188 678
196 2603 188 678
236 3013 211 673
199 2602 179 687
217 2713 202 675
227 3030 175 682
196 2603 188 678
233 2879 197 674
248 3192 185 676
196 2603 188 678
242 3195 204 673
226 2832 182 679
220 2912 180 679
208 2787 183 679
249 3341 191 675
250 3315 174 683
232 2810 211 674
249 3341 191 675
207 2661 181 682
202 2633 185 678
206 2765 178 686
202 2633 185 678
208 2616 178 681
242 3043 174 684
188 2588 183 685
195 2522 189 679
193 2542 184 683
188 2588 183 685
232 2810 211 674
262 3284 222 672
217 2619 194 676
233 2879 197 674
224 2711 175 683
223 2941 219 673
232 2936 206 674
242 3043 174 684
232 2810 211 674
233 2871 193 675
195 2522 189 679
207 2685 183 681
250 3315 174 683
231 2977 205 674
207 2661 181 682
233 2879 197 674
228 2846 172 687
242 3195 204 673
220 2912 180 679
226 2832 182 679
242 3043 174 684
203 2646 186 676
242 3043 174 684
226 2832 182 679
249 3137 173 685
196 2603 188 678
233 2838 173 690
223 2941 219 673
210 2583 178 685
191 2437 187 684
217 2619 194 676
210 2583 178 685
199 2602 179 687
207 2661 181 682
193 2542 184 683
231 2738 179 680
227 3030 175 682
193 2542 184 683
226 2832 182 679
196 2603 188 678
206 2765 178 686
236 3013 211 673
199 2602 179 687
227 3030 175 682
196 2603 188 678
236 3013 211 673
235 2959 174 685
232 2810 211 674
232 2810 211 674
226 2832 182 679
219 2702 181 680
236 3013 211 673
242 3043 174 684
215 2717 180 680
195 2505 184 685
233 2879 197 674
236 3013 211 673
202 2633 185 678
219 2702 181 680
242 3195 204 673
236 3013 211 673
207 2661 181 682
223 2941 219 673
232 2936 206 674
217 2619 194 676
235 2959 174 685
250 3315 174 683
217 2619 194 676
233 2879 197 674
224 2711 175 683
232 2810 211 674
248 3229 173 686
242 3043 174 684
232 2810 211 674
207 2685 183 681
200 2427 187 693
232 2810 211 674
233 2879 197 674
228 2846 172 687
248 3192 185 676
220 2912 180 679
226 2832 182 679
242 3043 174 684
203 2646 186 676
242 3043 174 684
226 2832 182 679
249 3341 191 675
199 2602 179 687
195 2505 184 685
242 3195 204 673
226 2832 182 679
220 2912 180 679
206 2525 177 687
242 3195 204 673
250 3315 174 683
232 2810 211 674
249 3137 173 685
195 2522 189 679
233 2879 197 674
206 2765 178 686
208 2616 178 681
242 3043 174 684
224 2711 175 683
206 2525 177 687
193 2542 184 683
