93705 1140.1
209 2028 175 682
209 2028 175 682
209 1911 209 672
209 1911 209 672
195 1824 187 678
206 1878 203 673
205 1943 185 676
203 1905 203 673
196 1840 178 680
198 1847 191 677
203 1930 180 679
205 1869 198 674
198 1847 197 676
204 1853 203 675
199 1863 192 675
199 1864 187 676
196 1840 178 680
200 1868 183 677
201 1834 198 676
203 1930 180 679
199 1863 192 675
195 1828 192 677
195 1836 182 679
201 1834 198 676
200 1872 197 674
205 1943 185 676
196 1837 186 678
195 1836 182 679
206 1878 203 673
204 1853 203 675
198 1847 197 676
196 1828 181 679
200 1872 197 674
200 1867 186 676
205 1869 198 674
196 1828 181 679
200 1868 183 677
200 1867 186 676
196 1837 186 678
203 1905 203 673
200 1872 191 675
195 1824 187 678
200 1872 191 675
199 1864 187 676
209 2028 175 682
209 2028 175 682
209 2028 175 682
209 2028 175 682
209 1911 209 672
209 1911 209 672
209 1911 209 672
209 1911 209 672
209 1911 209 672
209 1911 209 672
209 1911 209 672
209 1911 209 672
209 1911 209 672
209 1911 209 672
209 1911 209 672
209 1911 209 672
209 1911 209 672
209 1911 209 672
209 1911 209 672
209 1911 209 672
209 1911 209 672
209 1911 209 672
209 1911 209 672
209 1911 209 672
209 1911 209 672
209 1911 209 672
209 1911 209 672
209 1911 209 672
209 1911 209 672
209 1911 209 672
209 1911 209 672
209 1911 209 672
209 1911 209 672
209 1911 209 672
209 1911 209 672
209 1911 209 672
209 1911 209 672
209 1911 209 672
209 1911 209 672
209 1911 209 672
209 1911 209 672
209 1911 209 672
209 1911 209 672
209 1911 209 672
209 1911 209 672
209 1911 209 672
209 1911 209 672
209 1911 209 672
209 1911 209 672
209 1911 209 672
209 1911 209 672
209 1911 209 672
209 1911 209 672
209 1911 209 672
209 1911 209 672
209 1911 209 672
209 1911 209 672
209 1911 209 672
209 1911 209 672
209 1911 209 672
209 1911 209 672
209 1911 209 672
209 1911 209 672
209 1911 209 672
209 1911 209 672
209 1911 209 672
209 1911 209 672
209 1911 209 672
209 1911 209 672
209 1911 209 672
209 1911 209 672
209 1911 209 672
209 1911 209 672
209 1911 209 672
209 1911 209 672
209 1911 209 672
209 1911 209 672
209 1911 209 672
209 1911 209 672
209 1911 209 672
209 1911 209 672
209 1911 209 672
209 1911 209 672
209 1911 209 672
209 1911 209 672
209 1911 209 672
209 1911 209 672
209 1911 209 672
209 1911 209 672
209 1911 209 672
209 1911 209 672
209 1911 209 672
209 1911 209 672
209 1911 209 672
209 1911 209 672
209 1911 209 672
209 1911 209 672
209 1911 209 672
209 1911 209 672
209 1911 209 672
209 1911 209 672
209 1911 209 672
209 1911 209 672
209 1911 209 672
209 1911 209 672
209 1911 209 672
209 1911 209 672
209 1911 209 672
209 1911 209 672
209 1911 209 672
209 1911 209 672
209 1911 209 672
209 1911 209 672
209 1911 209 672
209 1911 209 672
209 1911 209 672
209 1911 209 672
209 1911 209 672
209 1911 209 672
209 1911 209 672
209 1911 209 672
209 1911 209 672
209 1911 209 672
209 1911 209 672
209 1911 209 672
209 1911 209 672
206 1878 203 673
205 1869 198 674
204 1853 203 675
204 1853 203 675
204 1853 203 675
203 1930 180 679
203 1905 203 673
203 1905 203 673
203 1905 203 673
203 1905 203 673
203 1905 203 673
201 1834 198 676
200 1872 197 674
200 1868 183 677
199 1863 192 675
195 1836 182 679
195 1824 187 678
210 1960 185 676
209 1913 209 672
207 1971 185 676
205 1952 180 679
201 1839 198 676
198 1852 197 676
202 1851 187 678
203 1914 203 673
206 1884 203 673
204 1858 203 675
203 1906 191 675
200 1879 192 675
200 1878 197 674
200 1878 197 674
206 1884 203 673
200 1879 186 676
210 1918 209 672
205 1947 191 675
203 1844 198 676
202 1902 186 676
201 1886 187 678
200 1882 193 675
206 1889 203 673
207 1897 192 675
206 1891 187 676
204 1858 197 676
203 1905 197 674
200 1886 198 674
201 1893 187 676
210 1962 191 675
210 1925 209 672
202 1919 186 680
200 1888 198 676
204 1942 191 679
201 1912 193 679
205 1909 186 676
208 1953 203 673
206 1898 204 673
206 1888 198 674
203 1905 197 676
202 1898 198 674
209 1911 203 673
202 1920 192 679
203 1906 197 674
209 1911 203 673
214 1928 209 672
213 2041 191 675
211 1937 209 672
208 1941 187 680
206 1892 204 675
202 1896 198 676
206 1983 192 677
211 1995 192 675
208 1904 204 673
203 1905 203 675
209 1912 187 676
209 1918 203 673
206 1916 193 677
206 1893 198 674
203 1912 197 674
206 1983 192 677
205 1901 198 674
203 1912 197 674
214 1928 209 672
203 1905 203 675
211 1937 209 672
209 1918 203 673
209 1918 203 673
209 1918 203 673
209 1918 203 673
203 1905 203 675
203 1905 203 675
213 1970 203 673
211 1942 209 672
209 1972 203 673
209 1919 187 676
207 1896 198 676
203 1905 198 676
209 1912 197 674
205 1931 197 674
213 1966 204 673
204 1922 198 674
206 1899 198 674
204 1922 198 674
216 2087 192 677
216 1952 209 672
211 2035 191 679
207 1898 198 676
203 1910 198 676
212 1989 193 677
207 1901 198 674
205 1932 198 674
209 1918 197 674
209 1918 197 674
219 1955 209 672
217 1967 209 672
215 2001 193 677
208 1909 198 674
207 1929 198 678
204 1935 203 677
210 1922 197 674
208 1909 198 674
222 1982 209 672
219 2035 209 672
211 1951 197 674
210 1931 198 678
209 1911 203 675
210 1928 199 676
209 1911 209 674
212 1961 197 674
211 1919 209 674
215 2001 204 675
215 2008 211 675
