180180 2460.3
184 2268 178 681
179 2231 178 682
182 2344 178 681
186 2216 178 682
178 2268 178 682
182 2305 177 684
190 2327 174 684
187 2350 174 684
184 2220 178 682
186 2417 174 684
182 2276 173 685
178 2248 178 683
200 2322 174 684
190 2267 178 681
178 2238 178 684
185 2290 183 679
193 2302 177 684
188 2233 183 680
183 2268 183 680
184 2236 183 681
182 2220 181 685
206 2437 173 684
183 2248 183 681
193 2480 173 684
186 2257 183 680
184 2263 183 680
185 2222 178 682
182 2330 175 686
192 2302 173 686
179 2241 178 683
185 2349 173 685
188 2352 174 684
182 2316 177 684
187 2282 176 686
179 2304 178 682
180 2241 178 682
193 2314 173 685
186 2329 173 685
182 2359 178 681
183 2329 174 688
188 2290 174 689
187 2273 178 681
180 2238 178 683
184 2229 178 682
184 2287 178 681
196 2331 174 684
184 2300 176 686
187 2312 175 686
185 2311 177 684
185 2285 176 687
191 2339 174 684
185 2277 178 681
191 2322 173 686
183 2352 178 681
182 2327 175 689
194 2337 174 684
183 2272 183 680
186 2292 183 679
186 2246 183 681
185 2313 183 679
183 2258 183 681
186 2324 175 690
212 2560 173 684
271 3271 192 685
222 2822 193 688
227 2865 187 686
223 2766 178 683
228 2570 187 687
233 2871 187 687
218 2683 187 686
245 3044 181 688
252 3210 192 684
243 2993 196 692
270 3379 185 688
221 2796 185 689
246 2918 193 687
265 3237 177 686
243 3076 185 688
214 2741 187 687
210 2593 186 684
231 2855 187 687
211 2691 187 686
217 2804 185 683
245 2940 186 684
220 2650 187 688
244 3100 184 688
234 2967 182 692
248 3294 179 687
217 2615 178 682
224 2705 194 691
238 2724 187 685
246 2963 180 682
264 3424 185 687
242 3101 184 687
220 2733 178 683
230 2761 179 688
225 2779 199 688
229 2773 185 685
240 3028 185 683
234 2982 186 682
240 2932 179 685
221 2689 187 687
220 2612 192 681
225 2849 181 684
223 2782 192 687
218 2763 187 684
254 3208 187 689
230 2804 178 683
217 2654 185 685
223 2740 185 685
228 2879 201 692
265 3332 187 690
229 2911 181 688
204 2621 187 683
227 2778 187 686
263 3258 185 686
236 3067 195 690
250 3109 178 683
235 3044 181 690
240 2978 187 689
222 2766 187 688
237 2834 181 686
244 3035 187 682
221 2617 187 684
225 2788 187 686
229 2683 181 689
235 2976 185 687
227 2863 187 685
235 2862 181 683
218 2722 178 683
206 2515 182 687
227 2786 183 682
252 3237 187 689
263 3117 190 689
245 2935 201 689
214 2761 181 685
252 3169 186 684
257 3312 196 690
215 2666 187 681
215 2634 187 686
248 3061 187 689
243 2880 178 686
234 2925 190 684
224 2796 178 683
253 2833 185 686
250 3168 178 682
245 2999 185 683
227 2762 187 687
232 2885 191 682
240 3018 185 686
240 2987 179 684
205 2649 185 686
222 2790 185 683
228 2809 187 685
220 2852 192 684
243 3130 192 682
229 2810 188 691
232 2785 178 684
229 2776 188 691
219 2779 187 687
242 3018 179 685
241 2916 178 687
223 2715 187 684
222 2679 179 685
210 2667 185 686
212 2666 187 686
218 2795 185 688
242 2993 184 689
211 2760 185 687
224 2676 178 683
225 2763 192 684
220 2712 187 688
231 3027 187 684
268 3371 186 688
216 2546 179 686
233 2894 185 686
236 2952 178 683
243 3081 179 685
236 3051 178 683
255 3214 181 690
252 3093 186 687
250 3111 187 683
222 2713 185 687
238 2940 185 688
232 2915 190 688
226 2820 187 691
231 2862 189 688
232 2852 180 685
255 3265 182 689
256 3198 189 687
252 3114 187 689
219 2864 178 684
226 2998 178 684
258 3294 188 690
219 2775 180 687
230 2792 178 687
222 2830 186 685
232 2761 185 686
219 2670 187 686
236 3021 192 688
250 3105 199 689
226 2644 178 682
211 2644 187 684
275 3355 174 684
232 2764 186 686
219 2788 187 687
227 2830 181 685
237 2919 185 685
255 3090 187 688
222 2748 178 681
199 2494 178 684
224 2770 187 690
250 3014 193 687
232 2776 179 685
231 2828 205 689
217 2730 199 688
258 3299 187 684
251 3025 194 689
239 2952 185 688
234 2915 194 690
219 2712 188 694
248 2846 179 686
218 2721 178 684
219 2738 187 683
218 2703 188 689
234 2818 185 683
239 2947 178 683
225 2754 189 690
220 2770 179 684
231 2751 187 688
252 3191 187 684
223 2777 181 685
248 3145 188 688
238 3026 179 685
223 2655 190 688
224 2656 188 688
225 2828 197 685
234 2792 192 687
242 3043 186 685
201 2559 190 681
213 2579 178 683
243 3082 187 687
223 2749 192 687
200 2541 183 681
226 2787 183 685
217 2718 198 693
240 3018 187 685
252 3168 178 683
246 2981 187 688
270 3119 194 691
274 3352 194 685
228 2810 185 684
251 3064 188 689
261 3265 188 686
233 2925 181 687
214 2739 186 687
210 2641 190 683
242 3016 178 682
249 3048 195 688
229 2811 185 688
245 3121 194 687
213 2679 193 689
230 2869 173 685
215 2649 194 689
214 2644 178 683
250 2951 191 687
225 2879 178 682
220 2845 181 684
262 3148 195 684
236 2989 178 683
230 2809 187 686
227 2747 185 688
283 3446 186 691
240 3049 185 688
232 2822 178 684
236 2920 187 690
205 2564 178 681
259 3279 187 686
224 2876 183 682
236 2892 187 686
228 2907 177 687
219 2727 183 683
215 2648 181 689
237 2917 187 684
224 2710 180 682
221 2703 182 688
224 2740 190 687
234 2802 180 686
231 2925 185 685
213 2680 180 686
232 2878 190 686
227 2772 181 688
228 2835 192 681
221 2700 185 683
250 3073 188 692
203 2519 194 688
232 2957 180 688
239 3138 192 683
216 2678 187 687
237 2912 187 686
