95228 1260.33
276 2869 194 677
252 2286 226 673
246 2523 186 690
244 2481 222 672
229 2530 185 685
210 1963 187 686
260 2581 212 673
237 2460 187 684
225 2272 199 679
253 2484 203 675
226 2175 190 679
228 2173 195 676
303 2848 202 676
269 2913 204 676
260 2547 222 672
245 2543 225 676
231 2273 190 680
227 2396 202 687
263 2800 214 674
244 2579 212 676
229 2443 212 683
253 2445 201 679
239 2331 216 679
250 2533 205 677
258 2436 209 677
239 2458 220 678
255 2360 201 678
242 2466 203 678
243 2402 210 678
249 2347 203 678
316 3160 201 678
297 3428 201 678
271 2940 224 674
263 2443 235 678
258 2677 190 691
239 2305 193 680
235 3119 208 714
235 2306 209 687
287 2726 234 675
250 2396 232 679
246 2578 210 679
252 2381 217 679
268 2637 223 676
261 2641 212 677
279 2812 207 677
282 2707 192 680
276 3010 205 679
276 3039 208 676
265 2689 192 682
265 3025 203 679
250 2878 208 678
252 2543 216 679
275 2827 206 679
262 2710 192 682
263 2640 215 676
273 2502 208 678
269 2456 216 678
257 2680 235 678
264 2572 207 679
303 3036 200 680
264 2734 216 676
264 2346 235 683
261 3078 191 705
253 2433 236 679
238 3037 210 699
277 3055 192 687
259 2524 226 679
293 2663 214 677
272 2612 220 678
254 2862 193 692
297 2777 193 691
264 3027 191 702
263 2947 216 678
244 2485 205 682
246 2439 202 681
239 2490 221 686
250 2846 197 681
265 2660 201 681
243 2395 195 683
242 2743 199 684
240 2353 194 685
250 2501 204 680
297 3059 211 679
263 2633 212 679
255 2435 213 680
294 2881 217 679
270 2882 230 676
270 2506 246 679
269 3143 223 677
257 2904 193 696
246 2368 214 686
238 3132 215 712
239 3030 234 702
288 3059 204 680
271 3094 214 679
263 2953 221 679
240 2553 194 691
260 2472 234 681
243 2799 194 688
248 2686 196 684
280 2872 201 681
244 2857 207 687
251 2387 199 687
280 2763 211 680
260 2540 226 679
248 2578 212 681
265 2934 211 680
246 2630 224 682
261 2761 199 683
241 2653 209 685
294 2633 225 679
256 2430 196 685
247 2811 200 687
254 2680 203 683
270 2413 202 683
258 2460 225 682
260 2428 207 684
253 2565 211 682
240 2486 212 685
265 2528 204 681
254 2446 202 684
246 2470 205 685
270 2794 201 682
260 2562 208 682
262 2780 202 682
251 2420 200 686
254 2494 216 681
251 2647 204 681
255 2770 196 683
252 2547 204 685
299 3160 201 681
288 3346 229 677
273 2531 215 687
264 2573 243 681
263 3176 195 692
246 3313 213 726
240 2705 222 686
265 2643 195 693
282 3019 225 679
284 2633 231 679
263 2863 229 679
290 3076 221 680
274 2810 226 680
295 3343 197 683
250 3126 200 690
281 3151 214 680
241 2849 219 689
268 2683 203 686
269 2570 208 682
256 2590 220 682
259 2772 196 686
253 2736 199 684
272 2538 214 684
242 2704 219 685
264 2559 205 686
248 2854 207 684
248 2599 219 683
286 2691 211 681
257 2642 211 688
258 2651 204 683
262 2807 204 681
249 2714 201 689
253 2704 201 691
266 2808 196 684
261 2624 208 683
248 2713 212 681
261 2631 199 688
257 2721 208 681
251 2713 201 684
311 3305 196 689
296 3049 233 679
280 3223 195 698
278 3375 196 719
265 2613 205 696
260 2888 258 682
241 2971 227 701
268 2663 248 683
274 3061 237 680
284 3071 226 680
250 3025 220 688
301 2810 226 680
248 3056 210 691
249 2757 202 693
299 3142 206 682
263 2688 237 684
244 2737 219 689
244 2948 221 686
264 3208 200 697
255 2675 222 696
301 2778 208 681
255 2845 203 691
279 2759 225 681
253 2748 219 685
268 2966 199 687
265 3057 199 690
278 2877 209 682
281 3151 196 697
255 2622 226 685
282 2923 200 684
255 2835 216 687
258 2821 201 684
299 2653 209 682
258 2803 205 683
256 2963 204 686
267 3144 215 682
267 2920 204 683
281 2680 215 682
340 3757 199 694
307 3286 229 680
302 2686 213 683
285 3504 199 707
247 2930 223 693
259 3250 207 702
250 3044 208 698
292 2948 209 682
262 3183 220 684
280 3015 200 692
266 3147 215 684
256 2908 217 687
259 2894 214 704
279 3049 203 685
253 2771 224 685
278 2776 222 690
255 2880 218 690
280 2812 226 684
269 2823 206 683
258 2957 214 696
287 2840 202 686
275 2909 202 686
267 2870 205 684
259 2928 227 683
277 2844 202 689
303 2942 212 682
253 2996 210 696
260 3044 212 694
263 2988 201 690
261 2996 210 685
276 2851 201 690
310 3289 200 692
295 3210 203 702
292 3345 200 694
283 3444 206 683
281 3080 208 683
264 2782 237 687
259 3104 245 688
255 3077 208 699
273 2862 228 685
266 3107 212 689
260 2998 220 689
295 3231 204 693
281 2939 207 684
270 3049 206 687
286 2906 211 688
289 3315 202 686
274 2910 208 684
271 2978 208 685
287 3326 204 693
273 2908 206 686
305 3716 206 683
302 3042 241 684
300 3347 213 683
269 2896 237 690
263 3380 211 729
261 3250 233 690
304 3439 207 699
274 3194 225 685
281 3022 232 692
299 3109 209 687
273 3033 217 686
291 3042 216 695
288 3153 208 684
268 3129 215 696
279 3028 209 697
271 3432 208 693
268 3265 212 693
301 3257 238 683
356 3864 215 683
291 3191 208 689
288 3282 245 686
287 2973 242 693
283 3341 216 702
274 3269 232 692
308 3403 213 686
294 3444 212 685
283 3270 227 699
304 3428 218 684
275 3056 238 693
289 3164 210 691
294 3240 237 688
287 3415 215 698
281 3276 233 689
332 3582 245 684
311 3971 210 689
302 3934 209 705
290 3217 217 694
289 3388 231 701
325 3700 214 686
291 3221 213 696
302 3271 210 692
308 3378 214 702
