94053 1140.11
209 1989 209 672
209 1989 209 672
202 2020 183 677
199 1922 178 680
199 1922 178 680
196 1886 192 677
190 1941 181 679
204 1967 183 677
203 1959 203 673
203 1959 203 673
191 1911 186 676
202 2020 183 677
194 1921 192 675
197 1895 197 676
196 1898 187 678
200 1929 197 674
195 1930 191 675
191 1911 186 676
196 1886 192 677
197 1953 197 674
197 1919 181 679
195 1930 191 675
196 1898 187 678
200 1927 198 674
197 1953 197 674
197 1938 183 678
197 1895 197 676
190 1941 181 679
203 1978 183 677
197 1938 183 678
200 1927 198 674
204 1967 183 677
203 1978 183 677
194 1921 192 675
197 1919 181 679
200 1929 197 674
209 1989 209 672
209 1989 209 672
209 1989 209 672
209 1989 209 672
209 1989 209 672
209 1989 209 672
209 1989 209 672
209 1989 209 672
209 1989 209 672
209 1989 209 672
209 1989 209 672
209 1989 209 672
209 1989 209 672
209 1989 209 672
209 1989 209 672
209 1989 209 672
209 1989 209 672
209 1989 209 672
209 1989 209 672
209 1989 209 672
209 1989 209 672
209 1989 209 672
209 1989 209 672
209 1989 209 672
209 1989 209 672
209 1989 209 672
209 1989 209 672
209 1989 209 672
209 1989 209 672
209 1989 209 672
209 1989 209 672
209 1989 209 672
209 1989 209 672
209 1989 209 672
209 1989 209 672
209 1989 209 672
209 1989 209 672
209 1989 209 672
209 1989 209 672
209 1989 209 672
209 1989 209 672
209 1989 209 672
209 1989 209 672
209 1989 209 672
209 1989 209 672
209 1989 209 672
209 1989 209 672
209 1989 209 672
209 1989 209 672
209 1989 209 672
209 1989 209 672
209 1989 209 672
209 1989 209 672
209 1989 209 672
209 1989 209 672
209 1989 209 672
209 1989 209 672
209 1989 209 672
209 1989 209 672
209 1989 209 672
209 1989 209 672
209 1989 209 672
209 1989 209 672
209 1989 209 672
209 1989 209 672
209 1989 209 672
209 1989 209 672
209 1989 209 672
209 1989 209 672
209 1989 209 672
209 1989 209 672
209 1989 209 672
209 1989 209 672
209 1989 209 672
209 1989 209 672
209 1989 209 672
209 1989 209 672
209 1989 209 672
209 1989 209 672
209 1989 209 672
209 1989 209 672
209 1989 209 672
209 1989 209 672
209 1989 209 672
209 1989 209 672
209 1989 209 672
209 1989 209 672
209 1989 209 672
209 1989 209 672
209 1989 209 672
209 1989 209 672
209 1989 209 672
209 1989 209 672
209 1989 209 672
209 1989 209 672
209 1989 209 672
209 1989 209 672
209 1989 209 672
209 1989 209 672
209 1989 209 672
209 1989 209 672
209 1989 209 672
209 1989 209 672
209 1989 209 672
209 1989 209 672
209 1989 209 672
209 1989 209 672
209 1989 209 672
209 1989 209 672
209 1989 209 672
209 1989 209 672
209 1989 209 672
209 1989 209 672
209 1989 209 672
209 1989 209 672
209 1989 209 672
209 1989 209 672
209 1989 209 672
209 1989 209 672
209 1989 209 672
209 1989 209 672
209 1989 209 672
209 1989 209 672
209 1989 209 672
209 1989 209 672
209 1989 209 672
209 1989 209 672
209 1989 209 672
209 1989 209 672
209 1989 209 672
209 1989 209 672
209 1989 209 672
209 1989 209 672
209 1989 209 672
209 1989 209 672
209 1989 209 672
209 1989 209 672
209 1989 209 672
209 1989 209 672
209 1989 209 672
209 1989 209 672
209 1989 209 672
209 1989 209 672
209 1989 209 672
209 1989 209 672
209 1989 209 672
209 1989 209 672
209 1989 209 672
209 1989 209 672
209 1989 209 672
209 1989 209 672
209 1989 209 672
209 1989 209 672
209 1989 209 672
209 1989 209 672
209 1989 209 672
209 1989 209 672
209 1989 209 672
209 1989 209 672
209 1989 209 672
209 1989 209 672
209 1989 209 672
209 1989 209 672
209 1989 209 672
203 1959 203 673
197 1895 197 676
194 1921 192 675
209 1991 209 672
209 1991 209 672
204 1952 203 677
203 1983 192 675
201 1989 197 674
208 1969 198 674
209 1978 197 674
208 1969 203 673
202 1970 198 674
203 1983 203 673
203 1983 203 673
201 1989 197 674
208 1969 203 673
208 1969 203 673
208 1969 203 673
208 1969 203 673
208 1969 203 673
208 1969 203 673
208 1969 203 673
208 1969 203 673
208 1969 203 673
203 1983 203 673
215 1993 209 672
209 1995 209 672
209 1982 197 674
208 1971 198 674
206 2005 203 673
203 1977 203 675
208 1973 203 673
209 1995 209 672
207 1995 203 673
207 1995 203 673
209 1995 209 672
207 1995 203 673
209 1997 209 672
209 1997 209 672
209 1990 197 674
208 1976 204 673
206 1982 203 675
208 1981 203 673
209 1997 209 672
209 1997 209 672
209 1997 209 672
209 1997 209 672
209 1997 209 672
209 1997 209 672
235 2353 197 674
209 1999 209 672
208 1978 204 673
214 2003 198 674
209 1995 199 674
208 1982 203 673
208 1978 204 673
209 2001 209 672
209 2001 209 672
208 1982 203 675
209 1989 209 674
209 1993 203 673
209 1993 203 673
209 1993 203 673
209 1993 203 673
209 1993 203 673
209 1993 203 673
220 2002 203 673
213 2030 203 673
209 2002 209 672
209 1995 209 674
208 1996 203 675
214 2029 203 673
220 2039 203 673
216 2158 203 675
209 2009 209 672
220 2011 204 673
226 2070 204 673
221 2073 203 673
221 2022 209 672
209 2025 209 672
209 2025 209 672
209 2025 209 672
209 2025 209 672
209 2025 209 672
209 2025 209 672
209 2025 209 672
209 2025 209 672
212 2027 209 672
214 2039 209 672
214 2047 209 672
217 2065 209 672
216 2087 209 672
218 2065 209 672
218 2065 209 672
221 2089 209 672
219 2129 209 672
221 2131 209 672
223 2194 209 672
223 2194 209 672
223 2204 209 674
