206031 1620.23
221 2411 183 687
205 2535 178 693
261 3135 176 683
248 3218 181 679
195 2653 187 684
236 2896 209 673
223 2949 173 686
236 2896 209 673
205 2535 178 693
223 2961 198 676
248 3218 181 679
227 3020 192 675
239 3036 177 683
205 2535 178 693
241 3117 174 684
196 2599 191 691
216 2593 189 682
242 2820 198 676
223 2837 186 677
209 2545 190 683
233 2832 196 676
230 2714 180 682
197 2502 195 677
227 3020 192 675
225 2795 183 681
201 2667 182 688
239 3036 177 683
227 3020 192 675
261 3135 176 683
232 2778 183 681
230 2714 180 682
207 2580 178 687
202 2736 181 689
221 2411 183 687
223 2837 186 677
200 2669 185 680
199 2454 183 685
212 2889 187 679
207 2580 178 687
222 2803 174 690
235 2975 187 676
232 2778 183 681
217 2613 184 681
217 2861 176 684
202 2736 181 689
222 2803 174 690
225 2795 183 681
213 2603 182 683
229 2826 183 678
233 2770 176 687
235 2975 187 676
242 2820 198 676
216 2593 189 682
197 2502 195 677
233 2832 196 676
195 2653 187 684
223 2886 183 681
211 2484 178 685
202 2736 181 689
225 2795 183 681
210 2708 175 689
210 2708 175 689
241 3117 174 684
229 2907 193 676
211 2484 178 685
211 2484 178 685
210 2708 175 689
223 2949 173 686
222 2925 178 680
196 2599 191 691
217 2861 176 684
219 2796 190 677
197 2502 195 677
201 2667 182 688
202 2736 181 689
221 2411 183 687
261 3135 176 683
241 3117 174 684
200 2669 185 680
242 2820 198 676
235 2975 187 676
201 2667 182 688
204 2641 187 680
217 2861 176 684
222 2925 178 680
241 3117 174 684
208 2689 179 683
225 2795 183 681
232 2778 183 681
219 2796 190 677
196 2599 191 691
229 2889 179 682
202 2736 181 689
197 2502 195 677
239 3036 177 683
207 2580 178 687
219 2796 190 677
230 2714 180 682
210 2708 175 689
205 2535 178 693
236 2896 209 673
221 2411 183 687
220 2665 185 678
223 2949 173 686
213 2603 182 683
223 2837 186 677
217 2861 176 684
205 2535 178 693
233 2770 176 687
220 2665 185 678
223 2949 173 686
197 2502 195 677
204 2641 187 680
230 2714 180 682
233 2770 176 687
200 2669 185 680
241 3117 174 684
222 2925 178 680
233 2832 196 676
225 2795 183 681
238 2719 183 680
221 2411 183 687
242 2820 198 676
229 2889 179 682
235 2975 187 676
223 2961 198 676
225 2795 183 681
229 2889 179 682
201 2667 182 688
225 2795 183 681
229 2889 179 682
212 2889 187 679
208 2689 179 683
196 2599 191 691
210 2708 175 689
242 2820 198 676
242 2820 198 676
219 2796 190 677
242 2820 198 676
229 2907 193 676
236 2896 209 673
202 2736 181 689
233 2770 176 687
229 2889 179 682
233 2832 196 676
229 2826 183 678
222 2836 184 680
233 2832 196 676
222 2803 174 690
210 2708 175 689
217 2861 176 684
220 2665 185 678
207 2580 178 687
196 2599 191 691
261 3135 176 683
211 2484 178 685
211 2484 178 685
229 2907 193 676
248 3218 181 679
197 2502 195 677
202 2736 181 689
223 2949 173 686
241 3117 174 684
242 2820 198 676
195 2653 187 684
239 3036 177 683
229 2889 179 682
227 3020 192 675
207 2580 178 687
241 3117 174 684
217 2861 176 684
217 2861 176 684
222 2925 178 680
201 2667 182 688
202 2736 181 689
235 2975 187 676
239 3036 177 683
261 3135 176 683
216 2593 189 682
221 2411 183 687
202 2736 181 689
227 3020 192 675
197 2502 195 677
196 2599 191 691
241 3117 174 684
227 3020 192 675
217 2613 184 681
197 2502 195 677
220 2665 185 678
227 3020 192 675
222 2925 178 680
235 2975 187 676
223 2837 186 677
229 2826 183 678
221 2411 183 687
217 2861 176 684
195 2653 187 684
222 2803 174 690
207 2580 178 687
248 3218 181 679
199 2454 183 685
223 2949 173 686
195 2653 187 684
200 2669 185 680
207 2580 178 687
230 2714 180 682
248 3218 181 679
211 2484 178 685
233 2832 196 676
223 2886 183 681
223 2949 173 686
195 2653 187 684
261 3135 176 683
197 2502 195 677
227 3020 192 675
205 2535 178 693
212 2889 187 679
200 2669 185 680
205 2535 178 693
196 2599 191 691
230 2714 180 682
216 2593 189 682
223 2949 173 686
236 2896 209 673
235 2975 187 676
210 2708 175 689
209 2545 190 683
196 2599 191 691
241 3117 174 684
217 2861 176 684
217 2861 176 684
208 2689 179 683
201 2667 182 688
202 2736 181 689
230 2714 180 682
229 2889 179 682
261 3135 176 683
229 2889 179 682
221 2411 183 687
202 2736 181 689
201 2667 182 688
197 2502 195 677
235 2975 187 676
225 2795 183 681
211 2484 178 685
227 3020 192 675
222 2803 174 690
233 2770 176 687
202 2736 181 689
220 2665 185 678
207 2580 178 687
230 2714 180 682
261 3135 176 683
211 2484 178 685
217 2613 184 681
233 2832 196 676
248 3218 181 679
242 2820 198 676
202 2736 181 689
219 2796 190 677
242 2820 198 676
242 2820 198 676
195 2653 187 684
205 2535 178 693
248 3218 181 679
207 2580 178 687
197 2502 195 677
223 2886 183 681
223 2949 173 686
195 2653 187 684
261 3135 176 683
202 2736 181 689
196 2599 191 691
210 2708 175 689
212 2889 187 679
200 2669 185 680
205 2535 178 693
208 2689 179 683
230 2714 180 682
216 2593 189 682
223 2949 173 686
222 2836 184 680
223 2837 186 677
222 2925 178 680
204 2641 187 680
227 3020 192 675
222 2925 178 680
235 2975 187 676
223 2837 186 677
220 2665 185 678
217 2861 176 684
217 2861 176 684
205 2535 178 693
222 2803 174 690
207 2580 178 687
223 2949 173 686
196 2599 191 691
223 2949 173 686
195 2653 187 684
200 2669 185 680
