196928 2820.32
186 2167 177 686
185 2214 175 684
184 2272 184 679
182 2357 178 680
191 2191 178 682
198 2389 187 676
190 2245 181 679
193 2331 193 676
194 2258 183 678
187 2181 181 685
187 2304 183 678
196 2267 192 677
182 2239 178 682
191 2293 187 677
187 2190 178 683
183 2323 176 682
182 2263 178 681
207 2481 193 675
190 2369 183 677
186 2337 174 684
193 2344 183 677
188 2410 187 677
196 2251 175 683
203 2309 193 676
210 2453 193 675
196 2450 187 676
185 2207 178 682
183 2266 175 686
188 2272 174 684
186 2297 176 682
186 2229 182 680
193 2230 178 680
190 2210 178 681
186 2216 177 683
196 2261 174 684
189 2318 187 677
188 2318 181 679
191 2241 190 679
184 2226 178 684
190 2339 175 682
186 2211 181 681
183 2243 176 684
188 2293 183 678
185 2240 183 680
190 2244 178 680
185 2303 178 680
189 2353 175 683
186 2353 183 679
193 2276 183 678
185 2240 178 681
186 2275 176 683
193 2334 175 682
184 2325 178 680
188 2221 178 681
182 2216 182 689
198 2271 173 685
230 2715 199 674
190 2134 179 689
181 2326 176 684
230 2715 199 674
198 2271 173 685
190 2134 179 689
181 2326 176 684
246 3067 203 700
230 2876 205 697
280 3293 209 699
299 3605 237 702
282 3490 221 706
281 3576 249 702
275 3326 223 715
308 3650 247 717
257 3327 186 700
279 3319 212 703
274 3323 201 704
268 3485 224 706
258 3402 207 706
257 3145 222 710
300 3624 239 703
250 3230 246 693
238 3039 222 710
271 3452 231 712
283 3534 247 695
261 3384 233 695
295 3683 200 701
245 3176 205 712
227 2899 190 704
256 3049 202 700
238 3006 203 710
271 3323 204 701
271 3336 227 704
264 3339 222 713
282 3570 219 709
270 3373 214 711
246 3006 221 703
280 3512 207 709
313 4019 199 700
281 3770 238 711
247 3131 237 707
286 3645 195 712
252 3158 203 691
268 3414 217 694
269 3512 234 705
311 4159 217 713
250 3059 206 702
264 3185 232 708
265 3517 207 699
276 3374 258 702
278 3537 189 708
259 3248 246 719
269 3327 245 701
291 3427 204 699
258 3154 245 714
268 3337 227 705
255 3167 216 716
250 3270 201 703
265 3353 218 705
251 3158 206 699
270 3202 229 717
265 3231 247 722
276 3432 232 701
272 3440 200 723
239 3043 204 712
297 3760 216 704
269 3185 195 702
290 3575 208 694
282 3490 201 695
294 3680 195 710
301 3969 215 718
303 3625 255 712
250 3026 200 707
273 3536 228 706
272 3301 212 712
312 3872 200 703
266 3554 215 707
244 3094 213 709
243 2991 209 716
292 3393 231 710
280 3606 212 709
241 3103 205 702
244 3011 213 715
251 2988 200 702
264 3047 201 700
304 3638 203 699
256 3261 211 703
261 3220 222 712
286 3254 201 703
243 2981 207 703
259 3283 197 702
302 3610 246 704
234 2968 202 702
311 3765 243 706
253 2832 201 706
301 3867 225 706
267 3349 229 707
255 3209 204 708
273 3378 212 701
248 2833 195 704
251 3259 200 707
280 3603 258 699
268 3224 193 706
253 3443 218 708
265 3298 247 710
271 3438 197 703
320 3894 241 701
299 3622 213 704
256 3482 214 714
313 3899 202 713
226 2814 202 700
240 3192 201 703
251 3257 200 700
265 3410 190 712
258 3141 228 703
258 3356 194 702
266 3223 204 709
264 3295 230 703
262 3241 216 713
281 3656 209 704
268 3521 222 701
264 3384 212 693
222 2871 202 713
280 3645 209 706
258 3232 223 709
269 3563 220 702
277 3389 204 711
231 3078 210 699
287 3844 249 713
253 3357 207 701
294 3736 209 697
267 3356 197 702
304 3874 207 710
274 3471 224 696
301 3881 216 711
244 3235 223 699
262 3250 223 700
268 3306 204 705
258 3405 200 707
267 3383 209 700
260 3471 216 703
245 3178 221 701
253 3263 229 700
277 3537 194 700
266 3367 236 711
257 3257 240 705
265 3498 204 715
283 3498 212 703
273 3302 194 703
226 2951 217 696
259 3347 209 707
243 3239 233 700
285 3633 195 702
261 3311 218 708
289 3548 240 696
286 3710 205 706
273 3630 201 703
294 3758 227 697
326 3703 239 703
253 3343 214 705
298 3771 262 707
276 3596 215 697
277 3427 209 715
262 3305 206 716
259 3317 234 713
264 3176 206 708
288 3776 239 708
271 3289 208 707
265 3321 196 710
244 3048 215 697
245 3189 234 704
299 3963 236 699
264 3502 221 705
304 3902 256 706
306 3640 192 705
271 3580 218 703
320 3728 203 715
279 3400 249 692
319 4101 207 717
279 3657 217 702
261 3453 206 700
260 3336 222 699
261 3243 219 710
272 3391 204 717
262 3318 211 714
285 3732 198 703
278 3633 223 702
289 3700 198 708
266 3508 210 711
249 3006 235 717
251 3008 208 713
302 3558 203 700
219 2702 201 704
254 3156 196 706
312 4212 227 700
242 2997 196 706
274 3614 237 702
223 2832 214 706
274 3507 226 716
280 3371 223 704
253 3414 214 708
275 3342 208 703
276 3624 197 710
274 3388 215 708
259 3235 216 703
260 3240 237 707
298 3822 231 702
268 3423 209 710
262 3268 203 692
284 3601 226 705
255 3184 197 707
283 3552 237 705
270 3320 200 707
259 3281 206 708
266 3553 231 696
292 3818 219 709
280 3701 193 706
279 3391 200 704
247 3273 223 718
262 3479 211 708
251 3284 215 702
244 3085 190 704
278 3243 215 709
269 3336 241 713
272 3376 204 714
237 3019 203 715
259 3056 190 697
286 3830 205 706
273 3558 219 703
270 3489 225 695
294 3597 215 702
253 3386 218 712
250 2965 222 705
263 3200 232 700
258 3219 201 707
258 3229 221 702
279 3611 199 714
277 3623 210 707
315 3893 226 713
267 3443 211 701
263 3258 198 710
249 3049 212 704
265 3515 205 706
