264114 3240.61
223 1883 209 672
213 1951 175 682
213 1951 175 682
209 1919 209 672
209 1808 186 678
192 1845 187 678
221 1858 203 673
209 1919 209 672
209 1808 191 677
205 1833 178 680
197 1862 197 674
203 1877 203 673
194 1838 191 675
215 1890 209 672
196 1855 181 679
204 1852 178 680
209 1815 197 676
212 1867 179 679
194 1849 183 677
192 1845 187 678
197 1862 197 674
217 1825 203 675
201 1815 185 678
213 1843 185 676
218 1885 209 672
209 1808 186 678
194 1849 183 677
196 1870 186 676
221 1858 203 673
212 1827 203 675
206 1844 197 674
223 1883 209 672
215 1890 209 672
193 1838 186 678
196 1855 181 679
203 1877 203 673
203 1818 191 677
201 1820 191 677
213 1843 185 676
207 1870 179 679
196 1876 185 676
207 1870 179 679
217 1825 203 675
206 1849 185 676
204 1852 178 680
204 1811 191 677
218 1885 209 672
216 1860 203 673
216 1860 203 673
208 1813 185 678
208 1813 185 678
206 1844 197 674
205 1833 178 680
197 1821 191 677
196 1876 185 676
209 1817 180 679
206 1846 180 679
212 1827 203 675
209 1875 203 673
209 1832 203 675
194 1838 191 675
193 1838 186 678
203 1821 197 676
213 1865 203 673
206 1846 180 679
213 1865 203 673
212 1867 179 679
209 1817 180 679
204 1818 197 676
204 1811 191 677
201 1820 191 677
209 1875 203 673
209 1832 203 675
223 1883 209 672
223 1883 209 672
223 1883 209 672
223 1883 209 672
223 1883 209 672
223 1883 209 672
223 1883 209 672
223 1883 209 672
223 1883 209 672
223 1883 209 672
223 1883 209 672
223 1883 209 672
223 1883 209 672
223 1883 209 672
223 1883 209 672
223 1883 209 672
223 1883 209 672
223 1883 209 672
223 1883 209 672
223 1883 209 672
223 1883 209 672
223 1883 209 672
223 1883 209 672
223 1883 209 672
223 1883 209 672
223 1883 209 672
223 1883 209 672
223 1883 209 672
223 1883 209 672
223 1883 209 672
223 1883 209 672
223 1883 209 672
223 1883 209 672
223 1883 209 672
223 1883 209 672
223 1883 209 672
223 1883 209 672
223 1883 209 672
223 1883 209 672
223 1883 209 672
223 1883 209 672
223 1883 209 672
223 1883 209 672
223 1883 209 672
223 1883 209 672
223 1883 209 672
223 1883 209 672
223 1883 209 672
223 1883 209 672
223 1883 209 672
223 1883 209 672
223 1883 209 672
223 1883 209 672
223 1883 209 672
223 1883 209 672
223 1883 209 672
223 1883 209 672
223 1883 209 672
223 1883 209 672
223 1883 209 672
223 1883 209 672
223 1883 209 672
223 1883 209 672
223 1883 209 672
223 1883 209 672
223 1883 209 672
223 1883 209 672
223 1883 209 672
223 1883 209 672
223 1883 209 672
223 1883 209 672
223 1883 209 672
223 1883 209 672
223 1883 209 672
223 1883 209 672
223 1883 209 672
223 1883 209 672
223 1883 209 672
223 1883 209 672
223 1883 209 672
223 1883 209 672
223 1883 209 672
223 1883 209 672
223 1883 209 672
223 1883 209 672
223 1883 209 672
223 1883 209 672
223 1883 209 672
223 1883 209 672
223 1883 209 672
223 1883 209 672
223 1883 209 672
223 1883 209 672
223 1883 209 672
223 1883 209 672
223 1883 209 672
223 1883 209 672
223 1883 209 672
223 1883 209 672
223 1883 209 672
223 1883 209 672
223 1883 209 672
223 1883 209 672
223 1883 209 672
223 1883 209 672
223 1883 209 672
223 1883 209 672
223 1883 209 672
221 1858 203 673
221 1858 203 673
221 1858 203 673
218 1885 209 672
218 1885 209 672
218 1885 209 672
218 1885 209 672
218 1885 209 672
218 1885 209 672
218 1885 209 672
218 1885 209 672
218 1885 209 672
218 1885 209 672
218 1885 209 672
216 1860 203 673
216 1860 203 673
215 1890 209 672
215 1890 209 672
215 1890 209 672
215 1890 209 672
213 1865 203 673
212 1827 203 675
209 1919 209 672
206 1846 180 679
196 1855 181 679
192 1845 187 678
223 1886 209 672
215 1897 209 672
210 1896 183 677
210 1815 187 678
204 1936 203 673
203 1878 197 674
213 1848 197 674
209 1816 197 676
215 1873 203 673
219 1845 191 677
215 1931 192 675
216 1881 192 675
206 1888 203 673
216 1880 191 677
218 1889 209 672
218 1889 209 672
209 1886 203 673
210 1876 203 673
218 1889 209 672
224 1879 192 677
223 1887 209 672
219 1847 197 676
215 1976 187 680
215 1917 209 672
214 1858 203 675
217 1919 191 679
221 1876 203 673
223 1878 197 674
216 1883 197 674
214 1897 204 673
217 1880 204 673
216 1886 192 675
218 1879 203 673
215 1855 203 675
215 1899 203 673
223 1887 209 672
229 1966 191 679
223 1897 209 672
223 1877 203 673
215 1888 203 675
219 1931 192 675
216 1942 197 674
221 1941 204 673
220 1965 203 673
223 1888 197 674
218 1885 209 674
217 1890 197 674
218 1885 209 674
218 1885 209 674
218 1885 209 674
232 2027 196 675
223 1901 209 672
223 1901 209 672
223 1880 203 673
219 1986 192 677
215 1917 203 675
225 1897 197 674
217 1927 198 674
223 1880 203 673
218 1894 209 674
220 1898 198 676
221 1981 203 673
220 1962 197 674
219 1916 198 676
223 1901 209 672
231 2003 192 679
223 1905 209 672
223 1881 203 673
219 1896 209 674
222 1940 198 676
227 1902 197 674
223 1881 203 673
223 1881 203 673
223 1881 203 673
223 1881 203 673
230 1954 198 676
223 1935 209 672
223 1883 209 674
221 2001 209 674
223 1884 203 673
229 1940 209 672
224 1942 209 672
223 1885 203 675
225 1900 203 673
224 1896 204 673
227 1902 203 673
225 1910 203 675
224 1947 203 675
224 1910 204 673
230 2017 203 673
229 1953 203 675
225 1923 204 673
229 1967 209 676
