69809 1860.36
173 2001 173 683
183 1794 183 678
209 1944 209 672
209 1944 209 672
174 2017 172 687
173 2001 173 683
174 1889 173 683
203 1868 203 673
176 1854 173 684
174 2017 172 687
197 1838 197 674
203 1868 203 673
199 1832 197 674
191 1821 191 675
185 1831 185 676
203 1868 203 673
202 1818 191 675
182 1795 180 679
191 1821 191 675
196 1820 191 675
183 1802 183 677
174 2017 172 687
186 1822 185 676
199 1832 197 674
188 1798 183 677
186 1822 185 676
191 1821 191 675
202 1818 191 675
176 1871 175 682
178 1845 178 681
174 1862 173 684
175 1873 175 682
186 1808 178 681
196 1820 191 675
203 1868 203 673
186 1812 179 680
174 1889 173 683
183 1802 183 677
179 1847 179 680
184 1825 179 679
174 1889 173 683
183 1794 183 678
178 1845 178 681
183 1802 183 677
176 1871 175 682
199 1832 197 674
199 1832 197 674
196 1820 191 675
183 1794 183 678
178 1853 178 680
176 1871 175 682
179 1847 179 680
184 1825 179 679
185 1831 185 676
186 1822 185 676
180 1843 178 681
188 1806 185 676
202 1818 191 675
174 1862 173 684
182 1795 180 679
174 1889 173 683
175 1880 173 683
180 1843 178 681
186 1812 179 680
182 1810 178 681
185 1831 185 676
181 1811 178 681
176 1867 174 683
176 1867 174 683
175 1880 173 683
175 1873 175 682
198 1836 197 674
175 1873 175 682
187 1814 185 676
196 1820 191 675
181 1819 178 680
176 1871 175 682
175 1873 175 682
199 1832 197 674
179 1869 175 682
178 1845 178 681
203 1868 203 673
187 1814 185 676
184 1825 179 679
197 1838 197 674
183 1802 183 677
198 1836 197 674
182 1795 180 679
184 1857 173 683
181 1819 178 680
179 1869 175 682
174 1862 173 684
197 1838 197 674
188 1798 183 677
183 1802 183 677
187 1814 185 676
182 1866 173 683
198 1836 197 674
184 1857 173 683
179 1850 178 680
179 1847 179 680
184 1825 179 679
175 1859 173 684
176 1852 175 683
182 1810 178 681
175 1859 173 684
178 1845 178 681
198 1836 197 674
179 1847 179 680
178 1845 178 681
176 1871 175 682
187 1814 185 676
176 1871 175 682
188 1806 185 676
179 1869 175 682
184 1857 173 683
179 1850 178 680
186 1808 178 681
191 1821 191 675
199 1832 197 674
186 1822 185 676
183 1794 183 678
182 1866 173 683
176 1854 173 684
202 1818 191 675
178 1853 178 680
181 1819 178 680
176 1852 175 683
179 1869 175 682
181 1811 178 681
181 1819 178 680
178 1845 178 681
179 1850 178 680
176 1871 175 682
175 1873 175 682
176 1871 175 682
176 1871 175 682
179 1869 175 682
203 1868 203 673
199 1832 197 674
186 1808 178 681
174 1862 173 684
183 1802 183 677
183 1802 183 677
202 1818 191 675
196 1820 191 675
176 1871 175 682
174 1862 173 684
176 1871 175 682
183 1794 183 678
174 1862 173 684
188 1798 183 677
184 1825 179 679
191 1821 191 675
176 1854 173 684
182 1866 173 683
183 1794 183 678
178 1845 178 681
175 1873 175 682
183 1794 183 678
199 1832 197 674
173 2001 173 683
202 1818 191 675
203 1868 203 673
188 1798 183 677
183 1794 183 678
175 1873 175 682
175 1859 173 684
197 1838 197 674
196 1820 191 675
196 1820 191 675
183 1794 183 678
183 1794 183 678
183 1802 183 677
185 1831 185 676
176 1871 175 682
175 1873 175 682
185 1831 185 676
176 1854 173 684
173 2001 173 683
174 2017 172 687
175 1873 175 682
176 1871 175 682
176 1871 175 682
182 1795 180 679
209 1944 209 672
191 1821 191 675
178 1845 178 681
176 1871 175 682
178 1845 178 681
209 1944 209 672
175 1859 173 684
197 1838 197 674
175 1859 173 684
198 1836 197 674
199 1832 197 674
175 1873 175 682
185 1831 185 676
183 1794 183 678
183 1794 183 678
199 1832 197 674
175 1873 175 682
202 1818 191 675
202 1818 191 675
176 1871 175 682
196 1820 191 675
173 2001 173 683
176 1871 175 682
197 1838 197 674
197 1838 197 674
191 1821 191 675
187 1814 185 676
183 1794 183 678
199 1832 197 674
176 1871 175 682
174 1862 173 684
199 1832 197 674
203 1868 203 673
197 1838 197 674
188 1798 183 677
184 1825 179 679
179 1847 179 680
179 1850 178 680
187 1814 185 676
186 1808 178 681
186 1808 178 681
178 1845 178 681
175 1873 175 682
176 1871 175 682
176 1852 175 683
178 1845 178 681
199 1832 197 674
176 1854 173 684
191 1821 191 675
174 1862 173 684
186 1822 185 676
196 1820 191 675
183 1794 183 678
199 1832 197 674
196 1820 191 675
175 1859 173 684
199 1832 197 674
196 1820 191 675
179 1847 179 680
183 1794 183 678
179 1847 179 680
176 1871 175 682
178 1845 178 681
183 1794 183 678
180 1843 178 681
184 1857 173 683
185 1831 185 676
182 1866 173 683
175 1873 175 682
199 1832 197 674
178 1845 178 681
180 1843 178 681
196 1820 191 675
197 1838 197 674
203 1868 203 673
187 1814 185 676
183 1802 183 677
173 2001 173 683
188 1798 183 677
175 1873 175 682
176 1871 175 682
202 1818 191 675
179 1847 179 680
179 1847 179 680
198 1836 197 674
197 1838 197 674
199 1832 197 674
188 1806 185 676
188 1798 183 677
175 1859 173 684
188 1798 183 677
197 1838 197 674
176 1871 175 682
176 1871 175 682
175 1873 175 682
176 1871 175 682
176 1871 175 682
202 1818 191 675
176 1854 173 684
176 1871 175 682
175 1873 175 682
191 1821 191 675
175 1873 175 682
175 1873 175 682
183 1794 183 678
203 1868 203 673
188 1806 185 676
196 1820 191 675
199 1832 197 674
198 1836 197 674
176 1871 175 682
179 1847 179 680
183 1802 183 677
174 1862 173 684
199 1832 197 674
