12020 270.107
183 2191 183 704
185 2104 185 700
199 2290 178 705
210 2621 198 690
185 2108 185 699
187 2106 185 700
196 2248 196 693
185 2120 185 699
187 2106 185 700
187 2106 185 700
188 2122 187 698
185 2108 185 699
191 2189 190 696
185 2108 185 699
185 2104 185 700
186 2133 184 706
189 2114 187 698
185 2154 181 704
185 2108 185 699
185 2105 185 700
193 2279 181 697
189 2118 187 698
191 2130 191 695
185 2120 185 699
187 2125 185 703
185 2108 185 699
187 2132 184 706
185 2108 185 699
190 2119 187 698
185 2138 185 699
189 2142 187 697
185 2120 185 699
185 2108 185 699
189 2114 187 698
185 2108 185 699
185 2105 185 700
191 2143 191 695
189 2131 187 698
185 2108 185 699
185 2105 185 700
195 2174 187 697
185 2108 185 699
191 2139 191 695
185 2108 185 699
185 2104 185 700
185 2143 185 701
191 2139 191 695
185 2108 185 699
185 2121 185 699
185 2154 181 704
185 2108 185 699
185 2139 181 703
189 2114 187 698
186 2133 184 706
185 2108 185 699
185 2108 185 699
185 2120 185 699
189 2114 187 698
188 2128 187 698
185 2127 185 699
191 2130 191 695
185 2108 185 699
185 2154 181 704
187 2106 185 700
185 2108 185 699
185 2108 185 699
191 2134 191 695
186 2152 185 699
187 2106 185 700
185 2108 185 699
189 2118 187 698
185 2105 185 700
193 2185 185 698
185 2108 185 699
185 2105 185 700
185 2126 185 699
195 2194 187 697
185 2108 185 699
191 2126 191 695
185 2108 185 699
192 2167 180 705
189 2118 187 698
191 2151 191 695
185 2138 185 699
185 2145 181 703
185 2108 185 699
185 2126 185 699
185 2108 185 699
185 2108 185 699
185 2108 185 699
191 2134 191 695
185 2162 181 702
185 2108 185 699
185 2108 185 699
185 2154 181 704
185 2105 185 700
189 2118 187 698
189 2142 187 697
185 2105 185 700
187 2106 185 700
191 2131 191 695
185 2108 185 699
188 2122 187 698
185 2120 185 699
185 2105 185 700
189 2118 187 698
189 2142 187 697
185 2105 185 700
185 2108 185 699
185 2104 185 700
185 2108 185 699
189 2125 185 699
189 2114 187 698
185 2108 185 699
185 2139 181 703
185 2108 185 699
185 2114 185 699
185 2108 185 699
185 2144 185 699
185 2108 185 699
196 2187 196 693
189 2131 187 698
185 2108 185 699
187 2106 185 700
185 2108 185 699
185 2105 185 700
191 2134 191 695
185 2172 181 702
185 2108 185 699
185 2108 185 699
190 2119 187 698
187 2106 185 700
191 2126 191 695
188 2147 187 698
185 2105 185 700
185 2145 181 704
191 2126 191 695
188 2131 187 698
185 2120 185 699
185 2104 185 700
185 2139 181 703
185 2132 185 699
189 2142 187 697
185 2108 185 699
192 2167 180 705
189 2118 187 698
185 2127 185 699
185 2108 185 699
185 2108 185 699
185 2108 185 699
189 2118 187 698
185 2108 185 699
185 2114 185 699
185 2108 185 699
189 2131 185 699
187 2106 185 700
196 2252 196 693
188 2121 187 698
185 2108 185 699
185 2105 185 700
188 2148 185 701
185 2108 185 699
189 2118 187 698
185 2108 185 699
187 2106 185 700
201 2297 181 696
191 2139 191 695
185 2108 185 699
185 2127 185 699
184 2157 181 702
189 2125 185 699
185 2108 185 699
188 2122 187 698
185 2131 185 699
185 2114 185 699
185 2108 185 699
189 2125 185 699
191 2126 191 695
189 2114 187 698
184 2157 181 702
196 2193 196 693
190 2119 187 698
188 2174 185 699
185 2108 185 699
185 2108 185 699
187 2106 185 700
193 2229 192 695
185 2105 185 700
185 2108 185 699
185 2105 185 700
188 2122 187 698
185 2108 185 699
188 2133 187 698
188 2137 187 698
185 2105 185 700
185 2145 181 703
189 2118 187 698
186 2133 184 706
185 2108 185 699
185 2105 185 700
190 2168 181 702
190 2156 187 697
191 2129 191 695
185 2108 185 699
185 2139 181 703
185 2108 185 699
185 2108 185 699
185 2108 185 699
185 2108 185 699
185 2108 185 699
191 2134 191 695
185 2108 185 699
185 2108 185 699
185 2108 185 699
185 2108 185 699
185 2104 185 700
191 2145 191 695
189 2118 187 698
185 2108 185 699
185 2104 185 700
190 2170 190 696
185 2108 185 699
189 2118 187 698
185 2108 185 699
185 2104 185 700
188 2181 186 697
191 2133 191 695
185 2108 185 699
193 2185 185 698
185 2108 185 699
185 2108 185 699
187 2161 181 704
185 2108 185 699
185 2120 185 699
185 2114 185 699
185 2108 185 699
190 2133 185 699
185 2108 185 699
188 2128 187 698
184 2154 184 706
191 2134 191 695
189 2114 187 698
185 2108 185 699
187 2106 185 700
187 2132 184 706
185 2108 185 699
189 2118 187 698
185 2120 185 699
187 2106 185 700
185 2108 185 699
189 2114 187 698
185 2105 185 700
191 2126 191 695
185 2108 185 699
185 2108 185 699
185 2139 181 703
190 2119 187 698
185 2123 185 699
193 2279 181 697
185 2108 185 699
186 2155 181 704
189 2118 187 698
191 2180 191 695
185 2127 185 699
187 2132 184 706
185 2108 185 699
186 2171 181 702
185 2108 185 699
185 2108 185 699
185 2108 185 699
191 2126 191 695
187 2195 180 711
185 2108 185 699
185 2108 185 699
185 2120 185 699
187 2106 185 700
191 2134 191 695
189 2118 187 698
187 2106 185 700
185 2105 185 700
191 2186 190 696
185 2108 185 699
191 2126 191 695
185 2108 185 699
187 2106 185 700
185 2121 185 699
189 2118 187 698
185 2105 185 700
184 2157 181 702
186 2123 185 699
185 2127 185 699
185 2123 185 700
189 2114 187 698
185 2108 185 699
185 2139 181 703
185 2105 185 700
185 2108 185 699
185 2108 185 699
190 2168 181 702
185 2108 185 699
