100830 1800.28
173 1913 173 686
209 2046 209 672
179 1841 179 679
173 1913 173 686
178 1912 173 686
209 2046 209 672
203 1971 203 673
203 1971 203 673
183 1874 183 677
203 1971 203 673
179 1841 179 679
191 1894 191 675
189 1871 185 676
197 1933 197 674
197 1933 197 674
191 1894 191 675
191 1894 191 675
197 1933 197 674
197 1933 197 674
176 1951 175 682
178 1912 173 686
179 1842 178 680
175 1904 174 684
184 1914 176 682
191 1894 191 675
181 1944 175 682
175 1927 173 684
178 1852 178 680
178 1907 174 683
180 1841 178 680
178 1907 174 683
185 1870 185 678
203 1971 203 673
186 1888 185 676
187 1881 185 676
197 1933 197 674
179 1841 179 679
197 1933 197 674
185 1870 185 678
188 1864 183 677
191 1894 191 675
178 1852 178 680
182 1916 176 682
189 1909 176 682
186 1888 185 676
188 1864 183 677
188 1864 183 677
188 1864 183 677
185 1870 185 678
183 1915 176 682
197 1933 197 674
181 1944 175 682
179 1922 173 683
178 1852 178 680
179 1842 178 680
189 1871 185 676
176 1951 175 682
178 1949 175 682
185 1890 185 676
187 1881 185 676
187 1881 185 676
191 1894 191 675
179 1901 174 684
174 1917 174 683
173 1932 173 684
174 1928 173 683
185 1870 185 678
179 1841 179 679
186 1888 185 676
178 1919 176 682
179 1841 179 679
182 1916 176 682
183 1915 176 682
182 1916 176 682
188 1864 183 677
175 1915 174 683
174 1917 174 683
180 1841 178 680
187 1881 185 676
187 1881 185 676
184 1914 176 682
175 1915 174 683
174 1917 174 683
177 1908 174 683
185 1890 185 676
177 1908 174 683
184 1914 176 682
184 1914 176 682
178 1949 175 682
173 1932 173 684
174 1928 173 683
191 1894 191 675
185 1890 185 676
183 1874 183 677
179 1901 174 684
175 1904 174 684
175 1904 174 684
178 1919 176 682
179 1922 173 683
178 1919 176 682
174 1917 174 683
186 1888 185 676
184 1914 176 682
182 1916 176 682
173 1913 173 686
184 1914 176 682
175 1915 174 683
179 1841 179 679
197 1933 197 674
189 1909 176 682
177 1908 174 683
182 1916 176 682
177 1908 174 683
179 1842 178 680
189 1871 185 676
175 1927 173 684
185 1870 185 678
183 1915 176 682
178 1919 176 682
177 1908 174 683
185 1890 185 676
191 1894 191 675
182 1916 176 682
185 1890 185 676
203 1971 203 673
182 1916 176 682
173 1932 173 684
182 1916 176 682
178 1919 176 682
176 1951 175 682
179 1841 179 679
191 1894 191 675
184 1914 176 682
183 1915 176 682
184 1914 176 682
184 1914 176 682
182 1916 176 682
186 1888 185 676
177 1908 174 683
184 1914 176 682
179 1841 179 679
179 1922 173 683
180 1841 178 680
178 1907 174 683
175 1915 174 683
185 1870 185 678
178 1912 173 686
177 1908 174 683
179 1842 178 680
191 1894 191 675
178 1912 173 686
187 1881 185 676
182 1916 176 682
189 1909 176 682
184 1914 176 682
178 1907 174 683
184 1914 176 682
183 1874 183 677
178 1907 174 683
197 1933 197 674
185 1890 185 676
179 1841 179 679
175 1915 174 683
175 1915 174 683
182 1916 176 682
182 1916 176 682
191 1894 191 675
174 1917 174 683
184 1914 176 682
185 1890 185 676
178 1907 174 683
177 1908 174 683
185 1870 185 678
182 1916 176 682
182 1916 176 682
177 1908 174 683
182 1916 176 682
176 1951 175 682
185 1890 185 676
178 1852 178 680
180 1841 178 680
173 1913 173 686
178 1907 174 683
186 1888 185 676
203 1971 203 673
178 1907 174 683
191 1894 191 675
174 1917 174 683
197 1933 197 674
182 1916 176 682
191 1894 191 675
177 1908 174 683
182 1916 176 682
175 1915 174 683
183 1874 183 677
188 1864 183 677
177 1908 174 683
182 1916 176 682
178 1919 176 682
175 1927 173 684
189 1871 185 676
188 1864 183 677
183 1915 176 682
182 1916 176 682
187 1881 185 676
179 1841 179 679
188 1864 183 677
176 1951 175 682
178 1907 174 683
182 1916 176 682
177 1908 174 683
184 1914 176 682
187 1881 185 676
186 1888 185 676
175 1927 173 684
179 1841 179 679
188 1864 183 677
183 1874 183 677
191 1894 191 675
179 1901 174 684
187 1881 185 676
179 1922 173 683
178 1907 174 683
179 1842 178 680
181 1944 175 682
189 1909 176 682
178 1919 176 682
179 1901 174 684
178 1912 173 686
189 1871 185 676
186 1888 185 676
189 1871 185 676
177 1908 174 683
178 1907 174 683
183 1915 176 682
182 1916 176 682
184 1914 176 682
174 1928 173 683
189 1909 176 682
191 1894 191 675
174 1917 174 683
185 1870 185 678
188 1864 183 677
179 1841 179 679
175 1927 173 684
184 1914 176 682
173 1913 173 686
191 1894 191 675
181 1944 175 682
197 1933 197 674
203 1971 203 673
191 1894 191 675
197 1933 197 674
203 1971 203 673
173 1913 173 686
180 1841 178 680
186 1888 185 676
188 1864 183 677
185 1870 185 678
188 1864 183 677
179 1841 179 679
179 1842 178 680
179 1841 179 679
186 1888 185 676
197 1933 197 674
191 1894 191 675
184 1914 176 682
173 1932 173 684
188 1864 183 677
189 1871 185 676
184 1914 176 682
178 1852 178 680
177 1908 174 683
178 1907 174 683
177 1908 174 683
179 1841 179 679
178 1907 174 683
182 1916 176 682
185 1870 185 678
191 1894 191 675
182 1916 176 682
178 1907 174 683
184 1914 176 682
185 1870 185 678
186 1888 185 676
187 1881 185 676
189 1909 176 682
187 1881 185 676
184 1914 176 682
184 1914 176 682
182 1916 176 682
182 1916 176 682
174 1928 173 683
191 1894 191 675
184 1914 176 682
176 1951 175 682
184 1914 176 682
178 1907 174 683
184 1914 176 682
197 1933 197 674
