56843 361.869
240 3150 211 674
262 3352 183 678
205 2622 180 698
210 2528 192 685
195 2681 190 686
219 2807 173 685
240 3075 224 675
240 3075 224 675
240 3075 224 675
262 3352 183 678
249 3153 206 676
240 3075 224 675
205 2622 180 698
249 3153 206 676
203 2547 181 694
253 3278 197 677
219 2807 173 685
253 3278 197 677
220 2935 202 677
228 3044 209 676
243 3093 179 681
203 2547 181 694
209 2734 193 679
225 2856 198 677
253 3278 197 677
245 2923 178 680
219 2807 173 685
222 2888 180 680
198 2632 181 688
227 2873 175 682
249 3153 206 676
220 2935 202 677
220 2935 202 677
225 2856 198 677
219 2807 173 685
225 2856 198 677
206 2586 185 684
214 2845 175 686
220 2761 175 689
213 2687 184 678
212 2621 179 691
206 2586 185 684
245 2923 178 680
215 2763 176 690
249 3153 206 676
249 3153 206 676
228 3044 209 676
205 2602 186 686
215 2763 176 690
201 2650 177 687
213 2687 184 678
249 3153 206 676
205 2616 183 685
198 2631 189 692
195 2681 190 686
202 2648 191 686
210 2532 192 683
209 2734 193 679
200 2537 187 691
210 2532 192 683
205 2612 181 690
214 2845 175 686
225 2856 198 677
243 3093 179 681
240 3075 224 675
198 2632 181 688
209 2734 193 679
245 2923 178 680
213 2687 184 678
200 2537 187 691
206 2586 185 684
225 2856 198 677
228 3044 209 676
219 2807 173 685
211 2691 178 682
195 2681 190 686
222 2888 180 680
243 3093 179 681
219 2807 173 685
200 2537 187 691
220 2761 175 689
210 2857 188 682
245 2923 178 680
195 2681 190 686
249 3153 206 676
195 2681 190 686
211 2728 183 679
228 3044 209 676
214 2845 175 686
227 2873 175 682
200 2537 187 691
211 2728 183 679
200 2635 192 686
205 2622 180 698
225 2856 198 677
243 3093 179 681
200 2537 187 691
211 2691 178 682
204 2596 189 680
211 2691 178 682
228 3044 209 676
211 2691 178 682
201 2650 177 687
200 2635 192 686
201 2650 177 687
243 3093 179 681
205 2612 181 690
211 2728 183 679
209 2734 193 679
221 2567 185 689
210 2857 188 682
195 2681 190 686
210 2857 188 682
198 2631 189 692
210 2857 188 682
205 2602 186 686
211 2728 183 679
221 2567 185 689
203 2547 181 694
215 2763 176 690
211 2728 183 679
210 2857 188 682
205 2622 180 698
214 2845 175 686
221 2567 185 689
200 2537 187 691
220 2935 202 677
214 2845 175 686
205 2602 186 686
211 2691 178 682
225 2856 198 677
206 2586 185 684
205 2612 181 690
206 2586 185 684
205 2622 180 698
210 2532 192 683
228 3044 209 676
200 2537 187 691
210 2528 192 685
249 3153 206 676
214 2845 175 686
220 2761 175 689
215 2763 176 690
200 2537 187 691
210 2857 188 682
205 2622 180 698
203 2547 181 694
228 3044 209 676
243 3093 179 681
209 2734 193 679
219 2807 173 685
203 2547 181 694
210 2857 188 682
200 2537 187 691
220 2935 202 677
220 2935 202 677
206 2586 185 684
240 3150 211 674
215 2763 176 690
205 2622 180 698
240 3075 224 675
210 2528 192 685
220 2935 202 677
210 2857 188 682
243 3093 179 681
200 2537 187 691
222 2888 180 680
205 2622 180 698
220 2935 202 677
222 2888 180 680
262 3352 183 678
225 2856 198 677
210 2857 188 682
222 2888 180 680
228 3044 209 676
249 3153 206 676
211 2728 183 679
249 3153 206 676
243 3093 179 681
253 3278 197 677
262 3352 183 678
240 3075 224 675
210 2857 188 682
195 2681 190 686
249 3153 206 676
205 2622 180 698
243 3093 179 681
243 3093 179 681
195 2681 190 686
210 2532 192 683
222 2888 180 680
200 2537 187 691
245 2923 178 680
203 2547 181 694
222 2888 180 680
221 2567 185 689
209 2734 193 679
202 2648 191 686
220 2935 202 677
243 3093 179 681
215 2763 176 690
219 2807 173 685
221 2567 185 689
228 3044 209 676
214 2845 175 686
240 3075 224 675
249 3153 206 676
220 2935 202 677
240 3075 224 675
228 3044 209 676
210 2857 188 682
212 2621 179 691
228 3044 209 676
225 2856 198 677
243 3093 179 681
211 2691 178 682
211 2691 178 682
201 2650 177 687
200 2635 192 686
201 2650 177 687
205 2612 181 690
209 2734 193 679
195 2681 190 686
195 2681 190 686
210 2857 188 682
210 2857 188 682
211 2728 183 679
221 2567 185 689
203 2547 181 694
215 2763 176 690
211 2728 183 679
210 2857 188 682
214 2845 175 686
245 2923 178 680
213 2687 184 678
249 3153 206 676
205 2616 183 685
198 2631 189 692
195 2681 190 686
202 2648 191 686
209 2734 193 679
210 2532 192 683
205 2612 181 690
240 3075 224 675
198 2632 181 688
211 2691 178 682
213 2687 184 678
228 3044 209 676
195 2681 190 686
222 2888 180 680
219 2807 173 685
200 2537 187 691
220 2761 175 689
206 2586 185 684
245 2923 178 680
249 3153 206 676
243 3093 179 681
210 2857 188 682
228 3044 209 676
249 3153 206 676
211 2728 183 679
249 3153 206 676
243 3093 179 681
253 3278 197 677
262 3352 183 678
210 2857 188 682
195 2681 190 686
249 3153 206 676
222 2888 180 680
195 2681 190 686
222 2888 180 680
200 2537 187 691
203 2547 181 694
221 2567 185 689
220 2935 202 677
243 3093 179 681
253 3278 197 677
228 3044 209 676
240 3075 224 675
220 2935 202 677
206 2586 185 684
213 2687 184 678
210 2532 192 683
228 3044 209 676
200 2537 187 691
203 2547 181 694
243 3093 179 681
203 2547 181 694
210 2857 188 682
200 2537 187 691
249 3153 206 676
225 2856 198 677
240 3150 211 674
205 2622 180 698
220 2935 202 677
210 2857 188 682
243 3093 179 681
200 2537 187 691
222 2888 180 680
205 2622 180 698
