133781 2760.51
290 3565 194 690
282 3424 187 696
273 3088 197 679
226 2880 176 682
286 3442 207 683
271 3263 199 693
260 3287 185 695
258 3184 208 693
239 2961 181 682
242 2932 202 685
243 3064 233 677
272 3095 206 687
254 2901 176 688
244 3227 192 683
287 3363 208 693
247 3153 216 698
261 3567 187 690
251 3284 202 677
240 3013 185 690
214 2845 184 688
307 3494 210 679
300 3553 217 680
271 3296 192 680
268 2930 183 677
235 2981 196 691
237 2915 197 677
265 3429 197 688
220 2587 178 683
237 2813 191 683
227 2933 189 683
219 2702 175 682
279 3419 204 693
291 3772 189 698
232 2865 180 684
254 2858 213 674
252 3257 186 693
261 3162 188 690
221 2876 192 688
252 2959 190 686
296 3685 233 703
291 3691 185 695
226 2787 193 690
266 3074 201 677
253 3141 192 679
245 3078 192 689
241 2977 183 677
227 2687 179 687
242 2820 188 688
239 2827 182 686
210 2522 178 681
209 2452 187 685
243 2951 195 683
213 2476 187 678
257 3098 178 684
261 3016 201 698
218 2814 181 682
279 3410 180 691
243 3096 200 692
278 3268 217 673
258 3152 193 693
259 2988 174 685
279 3449 198 696
251 3132 185 684
225 2790 175 682
239 2832 182 685
284 3205 193 687
225 2636 185 690
270 3168 210 689
294 3286 195 684
284 3650 196 686
250 3221 201 694
233 3096 181 689
238 3053 214 691
205 2569 175 683
304 3794 223 695
241 2866 178 682
256 2973 210 682
223 2728 181 682
279 3469 178 685
237 2988 199 683
261 2973 193 686
270 3581 178 683
243 2921 210 683
235 2789 187 690
289 3653 218 696
239 2892 181 683
231 2798 183 686
260 3054 183 683
237 2996 199 690
248 2849 178 681
258 3123 186 687
249 2934 200 694
243 2817 178 684
297 3371 196 679
235 3085 199 687
258 3093 219 692
256 3262 188 681
256 2956 210 680
238 2953 175 686
236 3028 206 682
258 3096 229 681
269 3666 197 694
242 2922 200 679
247 3127 173 685
247 2888 189 688
272 3328 194 688
270 3241 187 688
224 2757 184 684
230 2878 186 681
250 2873 211 681
208 2533 178 680
234 2913 181 694
279 3437 198 693
249 2961 190 685
239 2830 212 687
260 3307 178 684
237 2900 192 675
234 2940 182 682
237 2785 191 678
267 3420 188 695
258 3001 214 678
243 2795 194 685
255 3032 206 682
268 3491 233 695
230 2886 181 682
224 2721 179 679
273 3351 185 687
265 3302 219 698
269 2938 192 683
247 2895 194 682
271 3369 193 687
279 3718 220 679
231 2798 179 682
287 3478 220 695
223 2662 198 683
282 3474 218 690
242 2783 182 684
254 3141 187 690
288 3470 230 706
251 3054 200 679
267 3454 200 682
245 3068 195 693
279 3288 197 700
279 3276 192 681
255 3163 198 683
243 2947 185 686
280 3311 208 686
247 3273 186 680
263 3182 198 690
214 2542 186 683
279 3375 202 697
255 3218 193 691
227 2793 194 689
278 3308 182 697
231 2832 197 681
277 3120 212 694
239 3069 187 690
236 2817 181 690
254 3119 195 691
206 2555 197 687
289 3482 179 689
275 3310 189 684
263 3131 186 680
249 3015 178 681
290 3543 196 698
231 3103 208 685
260 3106 183 690
233 2879 187 697
257 3379 194 695
240 3026 201 680
272 2981 192 685
251 3217 195 696
281 3593 206 694
289 3573 215 681
260 3246 191 694
267 3168 217 676
252 3043 205 681
242 3118 199 682
253 3121 198 681
257 3006 186 680
266 3222 212 675
245 2927 191 684
297 3231 200 679
230 2667 181 691
225 2731 189 691
261 3303 218 696
268 3259 203 683
251 3120 191 697
240 3077 197 679
236 3107 190 680
273 3442 188 686
221 2775 176 682
270 2933 197 676
210 2503 173 687
259 3090 202 680
251 3122 185 689
315 4050 240 696
253 3088 193 689
227 2633 178 684
244 2877 181 679
228 2848 178 684
262 3128 207 674
260 3167 217 683
295 3568 228 693
231 2924 191 685
237 2901 178 681
237 2876 191 675
303 3827 217 699
251 3150 193 694
231 2826 185 677
260 2932 182 688
249 3353 196 703
273 2966 214 685
246 3095 185 688
226 2797 182 683
237 2895 185 690
287 3202 197 675
251 3098 209 680
263 3315 195 696
229 2844 202 683
319 3710 210 691
254 3106 187 687
266 3642 196 692
246 2959 203 684
246 2962 190 691
256 2959 197 681
209 2591 187 683
253 2902 182 689
260 3276 182 685
242 2942 187 678
243 2812 182 687
253 3181 194 686
241 3058 203 684
252 2772 190 690
279 3496 185 687
274 3445 203 680
253 2813 191 677
261 3282 199 684
269 3462 191 691
244 3059 193 695
254 3023 185 688
257 3195 209 688
266 3354 213 691
266 3410 173 686
242 3014 186 681
260 3063 183 685
229 2692 181 684
276 2961 194 689
270 3330 203 673
273 3412 190 700
254 3177 195 690
239 3045 185 684
260 3108 194 682
277 3389 204 683
214 2635 179 680
263 3175 196 703
282 3330 183 681
243 2932 180 681
277 3424 202 694
252 3052 178 684
265 3329 189 683
278 3384 201 689
249 3074 197 690
248 2973 200 678
276 3352 203 697
263 3152 201 691
226 2562 200 679
272 2849 183 679
274 3235 211 705
224 2843 179 685
223 2841 192 680
242 3095 194 696
227 2925 196 695
233 3027 182 687
263 3087 206 684
254 3130 202 686
257 3129 183 681
249 2854 194 691
231 2856 192 686
238 3039 199 690
242 3150 223 702
232 2871 187 682
269 3404 204 698
280 3315 199 699
216 2885 184 691
294 3677 186 685
290 3298 190 697
265 3113 212 686
240 3015 203 683
240 3008 187 680
248 3010 205 694
227 2891 193 690
245 3057 196 699
243 2838 192 681
235 3140 197 690
229 2772 198 675
244 2963 194 684
239 3136 187 688
256 3402 211 705
242 3106 178 684
