14551 387.671
173 2051 173 683
179 1831 178 682
209 2072 209 672
179 1899 173 685
175 2121 175 682
185 1897 173 685
209 2072 209 672
203 1986 203 673
203 1986 203 673
203 1986 203 673
173 2051 173 683
182 1839 179 679
174 1941 173 685
178 1847 178 680
192 1883 191 675
187 1865 185 676
192 1883 191 675
197 1925 197 674
197 1925 197 674
203 1986 203 673
197 1925 197 674
181 1841 179 679
183 1844 183 677
182 1898 175 682
192 1883 191 675
197 1925 197 674
177 2112 175 682
182 1898 175 682
183 1844 183 677
191 1887 191 675
177 1876 175 683
187 1865 185 676
178 1880 174 683
188 1860 185 676
183 1844 183 677
191 1887 191 675
179 1831 178 682
177 1880 174 684
187 1865 185 676
203 1986 203 673
179 1899 173 685
178 1847 178 680
197 1925 197 674
197 1925 197 674
183 1844 183 677
188 1860 185 676
177 1880 174 684
191 1887 191 675
197 1925 197 674
176 1904 173 685
183 1844 183 677
185 1897 173 685
174 1896 174 683
186 1867 185 676
180 1851 179 679
175 1939 173 685
197 1925 197 674
181 1841 179 679
179 1831 178 682
175 1891 174 683
175 1939 173 685
182 1839 179 679
178 1900 175 682
188 1888 175 682
175 2121 175 682
177 1876 175 683
188 1860 185 676
177 2112 175 682
176 1886 175 683
180 1898 173 685
175 1891 174 683
178 1880 174 683
187 1865 185 676
177 1876 175 683
176 1904 173 685
185 1897 173 685
178 1847 178 680
177 1876 175 683
181 1841 179 679
180 1898 173 685
192 1883 191 675
186 1867 185 676
178 1880 174 683
173 2051 173 683
182 1839 179 679
188 1860 185 676
183 1834 179 679
176 1904 173 685
180 1851 179 679
177 1876 175 683
177 1880 174 684
178 1900 175 682
183 1894 175 682
183 1834 179 679
176 1886 175 683
178 1847 178 680
183 1844 183 677
192 1883 191 675
192 1883 191 675
177 1889 174 683
183 1894 175 682
175 1891 174 683
187 1865 185 676
174 1941 173 685
186 1867 185 676
174 1896 174 683
177 1889 174 683
179 1899 173 685
179 1899 173 685
188 1888 175 682
191 1887 191 675
176 1886 175 683
180 1898 173 685
185 1897 173 685
182 1898 175 682
191 1887 191 675
187 1865 185 676
176 1904 173 685
192 1883 191 675
183 1844 183 677
175 2121 175 682
177 1876 175 683
177 1880 174 684
177 1876 175 683
183 1844 183 677
185 1897 173 685
174 1896 174 683
177 1876 175 683
180 1898 173 685
183 1844 183 677
183 1844 183 677
177 1889 174 683
187 1865 185 676
186 1867 185 676
179 1899 173 685
177 1876 175 683
192 1883 191 675
178 1880 174 683
183 1834 179 679
182 1839 179 679
176 1904 173 685
185 1897 173 685
188 1860 185 676
176 1886 175 683
203 1986 203 673
178 1900 175 682
180 1898 173 685
192 1883 191 675
182 1898 175 682
187 1865 185 676
181 1841 179 679
179 1899 173 685
185 1897 173 685
191 1887 191 675
178 1900 175 682
177 1876 175 683
180 1851 179 679
183 1844 183 677
197 1925 197 674
203 1986 203 673
178 1900 175 682
183 1844 183 677
187 1865 185 676
174 1896 174 683
185 1897 173 685
191 1887 191 675
203 1986 203 673
185 1897 173 685
197 1925 197 674
177 1876 175 683
192 1883 191 675
182 1898 175 682
187 1865 185 676
197 1925 197 674
197 1925 197 674
188 1860 185 676
179 1899 173 685
209 2072 209 672
186 1867 185 676
183 1844 183 677
187 1865 185 676
178 1880 174 683
182 1898 175 682
209 2072 209 672
188 1860 185 676
178 1900 175 682
180 1898 173 685
187 1865 185 676
187 1865 185 676
180 1898 173 685
182 1898 175 682
187 1865 185 676
197 1925 197 674
178 1880 174 683
192 1883 191 675
186 1867 185 676
174 1896 174 683
173 2051 173 683
179 1831 178 682
197 1925 197 674
179 1899 173 685
176 1904 173 685
183 1844 183 677
177 1876 175 683
191 1887 191 675
203 1986 203 673
203 1986 203 673
178 1880 174 683
203 1986 203 673
180 1851 179 679
188 1860 185 676
191 1887 191 675
180 1898 173 685
191 1887 191 675
177 1876 175 683
179 1899 173 685
178 1900 175 682
188 1888 175 682
179 1899 173 685
191 1887 191 675
177 1889 174 683
188 1860 185 676
183 1834 179 679
186 1867 185 676
187 1865 185 676
197 1925 197 674
174 1896 174 683
180 1898 173 685
187 1865 185 676
175 1939 173 685
209 2072 209 672
185 1897 173 685
183 1894 175 682
176 1904 173 685
185 1897 173 685
197 1925 197 674
173 2051 173 683
180 1898 173 685
178 1880 174 683
187 1865 185 676
176 1904 173 685
181 1841 179 679
186 1867 185 676
176 1886 175 683
191 1887 191 675
180 1898 173 685
173 2051 173 683
175 1939 173 685
180 1851 179 679
187 1865 185 676
185 1897 173 685
186 1867 185 676
176 1904 173 685
183 1834 179 679
182 1839 179 679
173 2051 173 683
178 1847 178 680
180 1851 179 679
177 1880 174 684
174 1896 174 683
183 1844 183 677
183 1894 175 682
192 1883 191 675
176 1886 175 683
175 1891 174 683
177 1889 174 683
181 1841 179 679
187 1865 185 676
181 1841 179 679
203 1986 203 673
180 1898 173 685
179 1899 173 685
177 1876 175 683
191 1887 191 675
187 1865 185 676
187 1865 185 676
179 1899 173 685
188 1860 185 676
176 1904 173 685
177 1876 175 683
183 1844 183 677
183 1844 183 677
197 1925 197 674
197 1925 197 674
197 1925 197 674
197 1925 197 674
181 1841 179 679
182 1898 175 682
177 1880 174 684
187 1865 185 676
183 1844 183 677
191 1887 191 675
182 1898 175 682
187 1865 185 676
187 1865 185 676
179 1899 173 685
177 1876 175 683
191 1887 191 675
177 1876 175 683
176 1904 173 685
