14735 300.062
185 2313 183 681
190 2268 183 681
187 2328 183 680
189 2401 188 679
197 2375 193 678
227 2783 205 675
207 2462 195 677
190 2349 178 683
195 2306 183 680
200 2615 200 676
193 2340 180 682
213 2663 199 676
198 2349 183 679
197 2324 193 679
194 2334 178 683
214 2792 176 688
189 2383 178 686
208 2521 174 689
197 2506 177 687
188 2278 188 682
206 2584 194 677
199 2614 199 677
193 2493 183 679
194 2433 189 678
196 2326 181 682
194 2342 188 679
205 2605 200 676
237 2950 193 677
209 2555 179 682
200 2494 182 681
194 2503 188 678
238 2972 173 689
202 2487 177 687
202 2558 195 677
215 2498 179 682
205 2449 182 681
203 2437 188 678
189 2285 183 681
207 2592 174 689
203 2523 195 677
189 2389 182 685
194 2324 182 685
219 2567 194 677
195 2440 183 679
208 2539 173 690
196 2417 183 679
193 2389 193 679
200 2604 200 677
202 2528 200 677
199 2473 188 678
218 2756 210 675
202 2544 199 677
256 3146 187 678
192 2352 183 680
188 2368 183 681
196 2437 180 682
220 2708 189 678
199 2317 183 681
198 2289 183 682
196 2449 183 679
194 2431 188 679
209 2400 193 679
203 2436 183 679
248 3076 196 687
219 2658 188 679
267 3321 178 686
250 2888 196 686
244 3038 188 682
218 2695 192 681
242 2826 190 685
216 2674 189 678
270 3182 196 688
231 2665 187 686
248 2991 194 681
244 2866 199 687
260 3188 183 681
220 2758 190 681
225 2721 188 681
238 3059 199 685
233 2834 189 684
238 2938 187 684
225 2597 192 684
268 3161 192 681
244 2989 192 682
241 2936 190 686
276 3291 189 679
273 3224 190 682
223 2769 184 680
258 3202 192 682
227 2893 194 682
238 2974 194 690
252 3282 192 682
254 3233 196 682
233 2872 187 685
249 2990 189 680
248 2954 188 684
278 3248 197 685
221 2752 190 683
247 2740 188 681
222 2677 192 684
245 3020 192 683
266 3320 181 684
230 2874 183 681
239 2945 199 686
276 3354 188 682
271 3288 190 684
255 3094 192 682
245 2878 199 687
249 3148 189 681
222 2709 192 684
255 3099 208 686
257 3159 189 682
243 2989 189 681
213 2708 193 680
246 3136 201 684
238 2943 199 686
219 2805 188 682
255 3194 188 683
248 2968 188 681
226 2786 187 684
215 2609 183 680
251 2973 188 681
228 2697 187 686
237 2928 194 688
211 2735 199 685
226 2759 183 683
246 2896 200 683
234 2819 190 683
257 3214 183 680
228 2817 183 681
251 3217 188 681
266 3241 192 683
240 3023 192 682
244 3008 190 682
227 2819 188 680
218 2883 193 680
230 2637 190 683
257 3196 192 681
272 3212 192 685
224 2832 192 682
246 3084 185 685
250 3040 193 681
255 3185 183 685
215 2668 183 681
206 2602 183 681
252 2969 187 685
243 2926 186 686
240 2981 199 684
243 3022 192 683
222 2711 193 682
240 3020 183 680
235 2879 192 682
255 3175 205 689
252 3052 187 681
255 3170 188 681
240 3082 199 685
225 2850 201 686
260 3157 190 683
231 2889 188 680
305 3610 187 685
248 3170 208 686
221 2740 192 682
258 3158 189 680
220 2706 193 680
263 3428 190 684
249 2965 189 684
269 3110 193 681
268 3131 194 686
256 3209 199 683
223 2852 205 689
249 3266 190 683
242 2938 187 688
242 3090 183 681
246 3085 192 683
252 3135 190 683
237 2838 183 686
266 3140 193 679
252 3032 190 684
220 2728 193 681
223 2875 187 685
225 2737 192 684
255 3218 183 682
281 3332 190 682
238 2748 183 681
239 2969 192 681
246 2922 183 679
251 2961 201 682
250 3169 188 683
223 2740 183 681
264 3131 188 684
215 2716 186 682
237 2958 190 685
225 2576 192 684
217 2754 189 680
236 2943 183 683
230 2750 183 683
264 3361 183 682
212 2639 188 680
238 2986 188 680
240 2898 192 687
238 2966 192 683
265 3293 188 682
244 3039 190 682
222 2776 183 682
272 3251 196 687
219 2734 190 684
218 2741 183 682
242 2873 183 681
238 3053 194 681
237 2897 192 680
219 2683 194 679
261 3212 196 686
237 2946 194 687
254 3238 193 682
230 2629 183 680
247 3006 199 680
227 2766 192 683
223 2785 188 683
213 2667 188 685
255 3278 194 689
243 3063 183 680
240 2877 193 679
250 3097 183 680
260 3049 199 683
263 3238 193 679
252 3052 199 687
228 2718 190 682
279 3407 188 680
240 2838 192 686
231 2869 192 683
245 2926 199 680
200 2456 183 679
222 2708 187 686
222 2735 199 686
234 3023 192 683
242 3121 185 682
256 3050 183 681
241 2852 190 681
237 2907 199 685
217 2607 183 682
227 2813 193 680
219 2561 188 680
260 3123 190 682
232 2952 188 682
262 3107 199 680
263 3235 183 683
229 2831 192 685
213 2613 193 680
236 2916 185 686
214 2652 194 680
220 2641 192 683
244 3059 180 682
227 2677 187 687
224 2709 183 681
231 2825 199 685
225 2817 183 687
215 2602 188 680
233 2842 192 682
221 2529 188 681
244 2951 187 686
253 3215 196 686
272 3301 194 688
276 3349 188 680
251 3126 190 682
235 2965 208 684
233 2826 193 683
257 2945 192 685
236 2952 187 685
231 2846 188 680
224 2772 196 683
246 2938 188 680
219 2690 183 680
231 2780 194 685
236 2854 187 684
224 2709 192 683
238 2888 188 685
260 3377 193 683
239 2947 192 686
232 2994 199 685
225 2766 187 685
222 2796 192 680
238 2969 194 688
254 3045 199 685
249 3015 197 682
283 3257 189 680
243 3007 192 683
238 2781 187 683
236 2969 183 681
255 2887 192 682
260 3202 190 681
216 2613 188 680
244 2877 199 685
242 2867 186 685
220 2689 178 685
241 2899 190 684
254 3057 192 685
250 3069 186 683
219 2657 199 683
225 2825 189 687
255 3274 192 683
