371888 2220.14
151 1390 61 434
104 930 76 440
132 1235 77 401
114 940 74 474
133 1108 85 408
134 1221 57 435
102 958 72 414
139 1321 65 426
151 1390 61 434
106 948 82 411
126 1094 68 418
123 1104 60 447
139 1321 65 426
144 1252 62 427
104 930 76 440
111 965 66 432
129 1227 59 458
120 1118 60 466
144 1252 62 427
128 1176 63 428
133 1108 85 408
146 1241 74 402
129 1227 59 458
135 1243 66 405
134 1221 57 435
139 1321 65 426
114 1040 64 469
114 940 74 474
116 1059 63 429
127 1096 60 453
120 1132 82 409
109 985 67 469
127 1145 61 444
105 957 75 466
103 952 81 461
116 1059 63 429
120 1132 82 409
134 1210 78 404
146 1241 74 402
119 1100 80 412
134 1210 78 404
102 958 72 414
109 985 67 469
103 952 81 461
109 1015 68 422
109 985 67 469
127 1096 60 453
117 1034 70 413
131 1175 66 408
111 1039 68 419
127 1145 61 444
104 930 76 440
120 1118 60 466
114 1057 62 445
126 1094 68 418
139 1321 65 426
119 1100 80 412
107 1032 71 427
119 1099 66 422
151 1390 61 434
102 958 72 414
110 943 65 436
132 1235 77 401
134 1210 78 404
134 1210 78 404
131 1222 77 402
151 1390 61 434
110 943 65 436
117 1034 70 413
114 1057 62 445
106 948 82 411
123 1104 60 447
131 1222 77 402
119 1099 66 422
103 952 81 461
109 990 68 430
109 985 67 469
146 1241 74 402
144 1252 62 427
128 1176 63 428
127 1130 62 431
119 1052 62 438
128 1176 63 428
129 1227 59 458
134 1210 78 404
119 1100 80 412
131 1222 77 402
126 1094 68 418
124 1141 71 406
144 1252 62 427
127 1130 62 431
105 957 75 466
146 1241 74 402
105 957 75 466
110 943 65 436
114 1057 62 445
133 1108 85 408
124 1141 71 406
124 1141 71 406
111 1049 61 456
151 1390 61 434
151 1390 61 434
105 957 75 466
119 1099 66 422
133 1108 85 408
125 1110 75 406
114 1057 62 445
111 1039 68 419
133 1108 85 408
105 957 75 466
151 1390 61 434
127 1096 60 453
126 1094 68 418
131 1222 77 402
128 1176 63 428
116 1059 63 429
134 1210 78 404
128 1176 63 428
119 1099 66 422
106 948 82 411
139 1321 65 426
134 1210 78 404
105 957 75 466
120 1118 60 466
126 1094 68 418
127 1130 62 431
108 1033 68 446
111 965 66 432
133 1108 85 408
135 1243 66 405
107 1032 71 427
108 1033 68 446
109 985 67 469
104 930 76 440
116 1059 63 429
109 985 67 469
103 952 81 461
117 1034 70 413
124 1141 71 406
134 1210 78 404
131 1222 77 402
146 1241 74 402
131 1222 77 402
102 958 72 414
116 1059 63 429
127 1145 61 444
128 1176 63 428
108 1033 68 446
131 1175 66 408
114 940 74 474
144 1252 62 427
144 1252 62 427
104 930 76 440
111 1039 68 419
131 1175 66 408
127 1096 60 453
127 1096 60 453
105 957 75 466
133 1108 85 408
120 1132 82 409
114 1057 62 445
103 952 81 461
126 1094 68 418
123 1104 60 447
132 1235 77 401
127 1130 62 431
139 1321 65 426
102 958 72 414
134 1210 78 404
133 1108 85 408
151 1390 61 434
146 1241 74 402
114 1040 64 469
134 1210 78 404
105 957 75 466
116 1059 63 429
131 1222 77 402
104 930 76 440
111 1039 68 419
144 1252 62 427
128 1176 63 428
151 1390 61 434
102 958 72 414
102 958 72 414
129 1227 59 458
104 930 76 440
134 1221 57 435
133 1108 85 408
119 1052 62 438
128 1176 63 428
119 1100 80 412
127 1096 60 453
116 1059 63 429
114 940 74 474
119 1100 80 412
109 1015 68 422
131 1222 77 402
120 1118 60 466
126 1094 68 418
103 952 81 461
109 985 67 469
119 1099 66 422
116 1059 63 429
134 1210 78 404
110 943 65 436
127 1096 60 453
146 1241 74 402
116 1059 63 429
116 1059 63 429
144 1252 62 427
120 1132 82 409
110 943 65 436
102 958 72 414
104 930 76 440
105 957 75 466
151 1390 61 434
133 1108 85 408
129 1227 59 458
124 1141 71 406
128 1176 63 428
129 1227 59 458
114 940 74 474
111 965 66 432
104 930 76 440
134 1210 78 404
144 1252 62 427
131 1175 66 408
146 1241 74 402
105 957 75 466
135 1243 66 405
120 1132 82 409
103 952 81 461
134 1221 57 435
123 1104 60 447
151 1390 61 434
128 1176 63 428
120 1118 60 466
144 1252 62 427
127 1130 62 431
108 1033 68 446
111 965 66 432
133 1108 85 408
135 1243 66 405
132 1235 77 401
108 1033 68 446
111 1039 68 419
104 930 76 440
116 1059 63 429
109 985 67 469
103 952 81 461
117 1034 70 413
125 1110 75 406
116 1059 63 429
134 1221 57 435
114 940 74 474
119 1100 80 412
133 1108 85 408
131 1222 77 402
120 1118 60 466
109 990 68 430
103 952 81 461
109 985 67 469
127 1096 60 453
119 1099 66 422
110 943 65 436
131 1222 77 402
128 1176 63 428
123 1104 60 447
144 1252 62 427
120 1132 82 409
110 943 65 436
151 1390 61 434
131 1222 77 402
127 1130 62 431
124 1141 71 406
119 1100 80 412
134 1210 78 404
128 1176 63 428
146 1241 74 402
114 1040 64 469
134 1210 78 404
116 1059 63 429
104 930 76 440
144 1252 62 427
128 1176 63 428
151 1390 61 434
127 1130 62 431
144 1252 62 427
129 1227 59 458
109 985 67 469
128 1176 63 428
107 987 70 433
127 1145 61 444
104 930 76 440
111 1039 68 419
128 1176 63 428
131 1222 77 402
102 958 72 414
132 1235 77 401
114 940 74 474
