60614 1740.55
92 873 69 482
98 891 65 492
94 879 74 477
90 829 71 485
101 939 75 474
91 822 75 491
93 847 71 483
93 825 71 485
96 882 75 476
95 867 74 480
106 942 67 485
92 860 68 488
98 895 78 475
98 916 68 484
108 1004 82 471
115 1039 82 470
95 889 70 481
108 1028 79 472
101 924 79 473
106 963 77 473
93 837 68 494
115 1060 71 477
97 875 67 488
112 1038 64 505
90 845 68 500
91 861 69 486
94 886 67 499
90 834 70 489
99 923 74 476
118 1116 87 468
106 968 66 489
97 890 65 496
95 889 72 479
94 904 71 480
97 895 67 487
100 901 83 474
96 907 65 503
101 936 71 479
106 969 83 472
103 989 84 472
113 1053 74 475
101 959 72 478
100 938 81 473
98 896 73 478
96 885 67 491
90 834 69 498
108 1022 64 507
93 845 69 490
108 1017 71 478
118 1070 76 473
111 1058 86 470
123 1155 65 489
118 1082 81 471
102 955 66 490
96 909 68 486
102 913 66 491
96 851 70 487
116 1075 63 509
131 1243 89 467
131 1243 89 467
116 1075 63 509
91 822 75 491
89 840 71 488
198 1857 110 614
174 1625 115 606
172 1559 117 617
158 1438 113 612
167 1500 106 590
182 1694 109 583
161 1515 85 555
175 1592 114 580
146 1400 99 611
175 1591 90 594
177 1588 126 634
205 1778 116 617
172 1514 97 617
155 1427 92 571
173 1555 114 583
192 1861 105 609
198 1741 98 616
148 1321 86 558
145 1352 94 578
154 1428 106 581
186 1775 114 624
163 1524 111 623
172 1575 80 578
162 1533 91 570
173 1566 105 608
152 1395 91 584
180 1704 117 593
151 1401 106 594
169 1638 107 597
168 1462 105 590
185 1694 115 582
167 1555 105 585
191 1777 97 615
177 1669 98 560
169 1526 84 621
184 1644 95 606
151 1444 99 591
180 1664 96 588
165 1571 101 543
154 1431 86 591
196 1840 123 595
174 1567 88 581
164 1522 108 611
172 1539 123 607
182 1608 105 597
171 1554 134 602
187 1756 131 628
200 1819 118 640
185 1717 99 574
153 1429 100 559
169 1483 114 603
152 1406 108 592
160 1467 111 577
193 1801 108 619
173 1589 91 577
193 1802 94 597
158 1484 85 593
175 1602 111 587
189 1741 106 597
206 1961 106 623
188 1710 111 612
159 1433 102 572
179 1681 97 584
182 1682 102 601
200 1874 95 608
191 1795 103 619
167 1462 107 588
165 1526 102 584
172 1572 118 596
173 1559 103 598
153 1452 101 574
202 1830 103 623
200 1894 122 604
190 1790 116 614
179 1644 93 610
183 1709 136 586
170 1550 84 596
198 1818 108 621
194 1767 94 606
176 1649 109 632
190 1823 101 576
173 1598 112 636
186 1643 108 574
145 1319 87 575
204 1844 93 599
154 1449 109 601
149 1396 111 582
182 1718 122 613
195 1885 115 618
216 1866 104 593
178 1582 103 584
180 1605 87 584
167 1546 104 597
161 1519 110 619
155 1460 102 596
192 1740 122 656
162 1519 92 607
188 1750 111 619
205 1850 97 588
165 1370 94 591
187 1675 96 596
186 1665 103 596
151 1415 86 557
191 1743 100 619
173 1550 93 567
210 1930 114 583
203 1886 100 611
160 1452 109 570
224 2054 105 618
147 1349 101 615
165 1543 90 579
181 1595 97 599
183 1745 90 586
167 1511 97 595
170 1582 98 598
161 1460 99 609
156 1465 94 589
176 1624 122 592
184 1735 112 562
158 1447 116 606
174 1647 99 588
164 1527 91 595
148 1369 121 601
160 1503 82 575
217 2058 106 609
189 1598 91 575
162 1521 102 582
176 1511 114 600
165 1506 98 551
210 1933 97 645
177 1560 95 589
171 1483 105 614
169 1570 128 598
181 1645 95 607
192 1662 113 602
159 1442 90 585
198 1851 129 626
179 1717 96 602
168 1596 91 613
179 1606 103 597
158 1455 87 592
177 1615 100 592
163 1450 108 584
171 1616 93 584
226 2133 103 604
167 1465 96 570
166 1483 110 566
201 1835 108 614
166 1500 114 564
161 1406 95 588
169 1525 115 608
162 1505 95 572
210 1891 111 611
193 1765 111 609
170 1606 113 595
173 1581 90 576
166 1613 99 610
167 1585 88 609
180 1581 103 607
169 1592 110 586
171 1554 121 599
176 1626 110 599
194 1842 95 576
173 1600 100 607
195 1750 107 597
173 1639 100 583
171 1619 91 559
159 1447 98 580
195 1725 115 561
176 1639 110 607
186 1772 137 593
199 1798 107 596
163 1551 119 598
166 1519 86 594
179 1688 97 598
161 1443 101 578
187 1676 96 602
206 1880 97 605
160 1518 101 598
158 1387 92 595
142 1362 95 558
175 1640 118 627
157 1411 100 596
212 2019 96 633
185 1710 98 577
172 1556 86 589
190 1755 105 571
155 1423 103 635
181 1630 99 583
167 1593 92 595
170 1570 113 565
183 1707 106 621
182 1734 98 604
178 1489 97 569
167 1559 104 617
159 1505 91 592
178 1697 93 551
208 1934 98 573
180 1675 113 595
174 1617 113 604
178 1594 127 589
164 1460 88 571
190 1764 104 570
166 1459 111 590
173 1496 88 603
195 1710 102 608
162 1522 110 601
196 1877 89 633
186 1747 132 594
175 1600 98 592
189 1759 95 612
165 1524 85 615
185 1664 113 616
152 1331 103 591
143 1294 93 566
208 1818 112 592
174 1565 88 582
191 1792 118 584
175 1546 109 636
169 1483 103 579
185 1739 100 613
170 1535 87 562
168 1568 99 605
176 1637 111 618
201 1899 93 565
204 1795 94 603
158 1396 89 558
165 1489 96 580
151 1434 78 552
179 1606 101 564
159 1457 123 607
179 1649 102 598
143 1325 98 566
196 1707 106 623
157 1441 101 601
173 1587 120 586
199 1863 95 593
