57 1.62416
140 1237 85 584
162 1483 79 564
154 1370 77 591
142 1222 93 600
164 1418 75 597
141 1308 83 599
148 1382 80 597
149 1317 83 591
165 1450 90 577
158 1448 96 580
163 1369 77 600
142 1278 81 620
137 1269 101 608
164 1536 90 561
179 1536 78 560
137 1269 105 614
171 1562 90 566
141 1322 87 606
153 1318 90 586
145 1289 91 603
166 1386 77 619
165 1518 89 578
165 1516 78 597
146 1309 92 596
174 1498 87 577
156 1375 82 608
159 1448 85 586
152 1355 84 597
149 1339 85 600
147 1351 86 596
152 1327 90 590
161 1445 81 605
157 1446 83 595
162 1296 101 599
188 1692 82 576
153 1370 85 593
182 1602 77 607
173 1487 105 582
147 1274 99 641
163 1530 83 593
169 1511 80 596
143 1282 92 644
181 1596 80 594
175 1583 84 589
160 1424 88 586
167 1411 83 603
159 1366 85 593
192 1622 83 585
180 1497 82 603
158 1420 83 607
146 1266 115 649
167 1514 130 585
193 1814 76 601
159 1362 93 586
159 1376 82 609
147 1354 87 606
148 1332 91 604
158 1399 86 594
159 1469 85 587
153 1368 93 595
166 1441 84 597
147 1342 98 601
170 1527 80 607
215 1883 108 654
174 1517 102 619
208 1827 122 638
166 1546 74 612
188 1748 96 627
178 1556 91 617
194 1782 100 637
194 1748 85 628
195 1718 107 647
164 1505 88 605
201 1819 101 615
183 1664 86 625
180 1597 85 608
155 1336 94 608
175 1624 108 591
167 1422 86 611
194 1783 95 613
205 1848 93 628
155 1466 99 615
161 1484 94 586
180 1570 92 606
183 1671 93 626
218 1901 90 608
174 1577 98 631
173 1527 112 610
167 1574 82 589
157 1445 89 592
186 1624 88 608
167 1525 84 600
163 1477 89 599
191 1749 102 615
212 1915 94 621
159 1412 85 603
148 1361 96 597
185 1656 103 624
187 1696 101 604
180 1606 86 601
175 1574 109 628
198 1724 93 636
179 1501 94 655
169 1528 101 647
149 1340 98 610
166 1461 90 602
172 1496 84 650
149 1345 83 597
157 1353 91 615
192 1729 103 608
182 1648 101 630
175 1671 108 606
183 1565 100 598
162 1403 93 598
213 1893 106 633
172 1541 108 637
220 2091 108 625
197 1763 92 618
176 1566 96 602
201 1773 91 617
179 1629 90 597
161 1423 93 615
200 1818 98 599
174 1604 86 579
164 1415 94 618
178 1585 90 598
175 1520 91 613
199 1752 88 602
165 1462 96 608
180 1654 92 603
169 1504 93 633
176 1649 98 596
201 1802 92 618
178 1617 100 605
158 1439 88 615
162 1494 93 616
163 1443 88 596
177 1571 93 599
177 1593 91 619
140 1321 98 617
183 1591 94 588
176 1663 89 619
176 1652 116 642
213 1896 116 648
159 1461 93 618
192 1753 88 603
176 1576 94 610
205 1833 92 589
192 1779 98 615
171 1548 89 627
172 1606 88 629
186 1531 113 601
189 1657 98 623
179 1539 91 598
174 1548 93 637
166 1476 93 629
190 1740 95 621
189 1673 92 620
168 1542 101 627
187 1630 105 609
155 1403 100 612
197 1654 102 626
174 1525 94 597
196 1802 92 618
200 1775 93 613
178 1652 93 608
182 1638 100 610
159 1482 92 611
180 1536 88 606
170 1537 90 612
167 1567 94 609
180 1680 92 608
190 1708 88 614
182 1579 86 606
157 1384 99 608
202 1883 91 644
181 1695 88 596
208 1912 101 590
161 1471 86 618
180 1623 93 618
182 1669 103 627
202 1769 88 585
174 1602 96 609
207 1906 108 623
166 1511 93 607
210 1850 96 627
170 1550 93 598
178 1580 98 606
199 1799 99 608
190 1747 94 595
163 1457 98 595
160 1436 84 600
191 1703 122 636
183 1651 93 623
180 1656 85 625
203 1760 94 638
198 1718 90 588
209 1735 115 640
159 1488 89 591
185 1518 85 612
165 1526 95 598
165 1558 88 615
194 1708 92 619
173 1494 92 624
151 1413 97 628
179 1585 99 618
163 1480 99 590
169 1532 107 618
171 1618 85 599
196 1747 89 618
157 1471 101 595
189 1762 99 595
168 1471 107 604
200 1846 91 622
172 1481 107 612
173 1567 96 613
191 1664 84 619
186 1703 86 612
200 1762 89 579
158 1415 90 570
216 1792 100 647
190 1781 90 599
174 1626 92 608
176 1700 95 630
176 1635 96 621
200 1687 86 604
164 1520 93 582
179 1551 99 600
186 1543 85 622
196 1843 107 626
168 1552 94 604
174 1598 84 614
178 1687 84 587
199 1803 116 651
180 1700 91 608
203 1827 92 612
179 1696 107 619
192 1675 91 615
179 1622 87 583
177 1554 124 606
185 1541 101 623
188 1650 89 620
152 1302 99 593
193 1775 92 589
171 1439 106 627
186 1646 97 607
171 1449 92 627
154 1385 88 601
169 1521 86 624
179 1527 102 620
183 1661 106 640
181 1483 90 599
188 1678 94 615
178 1598 81 594
156 1353 87 585
162 1493 82 609
219 1932 101 614
167 1480 94 581
209 1944 94 618
155 1321 86 604
162 1489 92 617
171 1408 99 615
174 1582 93 592
207 1770 88 586
177 1566 85 584
154 1356 85 597
160 1480 98 615
192 1745 100 622
184 1556 101 622
190 1734 109 625
208 1884 93 611
170 1498 107 611
202 1767 97 623
187 1638 95 637
181 1662 93 606
176 1640 93 586
204 1768 89 612
205 1751 91 606
188 1599 111 620
182 1641 98 625
169 1498 95 594
173 1615 107 612
164 1524 104 603
180 1555 99 619
175 1605 87 598
172 1561 108 646
184 1678 105 596
175 1581 94 645
189 1703 105 645
186 1672 86 636
183 1596 102 636
189 1776 100 633
170 1482 94 646
216 1923 93 585
214 1793 100 613
195 1693 102 615
181 1592 86 575
183 1586 107 638
161 1453 87 619
205 1877 117 637
