19380 540.168
92 826 59 498
90 836 62 487
95 893 57 503
96 886 66 473
93 864 59 489
103 936 61 478
94 859 61 482
91 855 64 483
96 917 58 491
97 880 60 486
99 929 68 470
94 851 58 502
92 861 65 480
100 901 70 469
95 871 65 477
96 900 61 481
94 859 64 479
104 935 60 483
94 834 62 487
97 890 68 472
102 922 64 474
98 876 58 493
94 847 64 484
94 884 58 496
105 957 70 466
91 859 60 500
103 963 64 473
95 912 68 473
93 872 64 479
91 872 61 492
107 998 68 467
93 852 61 487
102 947 66 472
92 854 62 485
93 858 62 483
103 965 59 486
95 838 59 497
95 902 65 476
97 914 64 477
95 833 62 494
103 930 57 502
92 869 61 488
92 857 60 493
96 882 64 478
101 964 67 471
94 852 59 494
94 891 65 478
90 832 64 501
94 858 59 491
103 937 59 487
93 883 69 478
98 910 63 480
110 970 69 466
98 884 65 476
92 846 63 486
99 937 63 479
107 976 57 501
92 869 59 496
108 975 66 471
113 1041 72 459
113 1006 56 510
92 826 59 498
89 841 63 493
146 1371 94 549
155 1415 69 529
171 1601 102 550
146 1330 92 538
126 1132 72 528
140 1191 81 521
158 1477 94 543
178 1626 96 545
138 1237 78 529
145 1307 77 519
138 1315 71 514
147 1394 88 563
154 1435 88 521
131 1197 79 523
140 1305 82 547
147 1343 93 531
168 1608 87 537
165 1456 79 554
125 1132 71 503
164 1491 90 520
128 1250 82 514
135 1273 80 537
150 1376 95 548
151 1411 72 563
141 1319 89 529
135 1236 87 526
133 1215 77 507
141 1358 108 558
135 1192 72 519
146 1301 79 519
118 1062 76 522
150 1390 74 558
144 1313 102 537
138 1215 99 532
159 1457 87 525
143 1343 87 522
158 1426 92 540
132 1255 72 536
163 1438 77 536
139 1324 87 541
147 1378 78 523
161 1499 86 530
134 1246 94 561
173 1619 89 549
130 1232 73 555
138 1263 71 528
147 1296 78 512
161 1467 97 555
175 1542 85 555
150 1420 75 502
159 1439 77 529
151 1333 70 541
151 1384 78 530
131 1253 75 514
139 1334 91 531
147 1366 70 536
146 1292 77 531
178 1544 89 558
189 1694 115 558
160 1413 114 573
134 1233 80 535
146 1355 97 548
140 1231 78 541
108 989 72 508
150 1416 86 549
157 1414 76 512
150 1398 86 535
145 1293 81 545
139 1258 86 540
131 1198 94 530
168 1513 92 539
194 1832 89 540
139 1262 76 523
146 1340 83 549
144 1339 80 547
133 1231 77 529
185 1653 110 550
156 1469 91 546
134 1277 79 533
149 1376 86 540
141 1325 90 526
137 1255 84 524
167 1475 93 569
155 1409 77 548
172 1584 95 538
149 1382 72 525
154 1391 82 550
148 1311 85 527
161 1494 80 538
147 1211 77 498
161 1501 72 521
146 1294 83 548
169 1450 85 543
133 1225 80 529
138 1268 99 567
159 1469 96 526
153 1433 79 526
141 1246 86 522
147 1389 101 527
160 1378 69 540
175 1559 80 550
136 1261 69 548
143 1351 79 564
140 1291 86 514
162 1506 88 535
178 1623 86 543
145 1322 71 542
146 1347 72 520
121 1134 80 537
137 1250 78 514
149 1387 115 579
152 1388 87 540
166 1524 86 544
168 1542 97 573
148 1283 92 529
156 1467 88 521
167 1520 79 531
163 1460 88 551
136 1242 80 523
147 1382 76 530
163 1495 92 557
140 1323 81 512
166 1469 104 545
160 1502 95 559
166 1543 103 546
162 1501 80 525
139 1298 88 538
158 1465 94 569
163 1522 81 548
154 1372 78 526
146 1363 102 544
140 1321 84 544
152 1302 74 557
144 1367 82 554
165 1490 94 563
121 1140 84 541
159 1405 79 544
132 1257 72 512
156 1457 79 541
145 1358 79 512
160 1535 88 524
147 1362 107 550
143 1254 85 536
138 1314 94 557
160 1454 94 531
138 1214 99 535
159 1415 76 537
134 1214 82 545
153 1342 84 530
162 1433 80 552
146 1337 78 551
151 1434 78 522
160 1525 114 554
133 1136 83 521
148 1295 85 539
160 1432 79 538
163 1548 84 559
132 1271 76 545
137 1273 69 502
135 1257 93 561
137 1275 80 526
176 1555 72 517
140 1270 85 535
163 1550 92 540
146 1327 100 542
146 1292 79 539
145 1361 89 556
158 1450 72 538
153 1414 81 539
155 1406 111 553
136 1224 80 524
150 1390 94 541
140 1296 72 564
157 1479 75 527
156 1431 113 575
153 1329 79 536
136 1254 73 512
149 1398 77 535
155 1469 81 552
155 1392 88 524
148 1409 72 533
145 1319 79 522
132 1234 77 534
138 1269 80 525
152 1359 83 553
157 1418 84 547
163 1435 101 554
161 1479 86 546
153 1366 70 519
140 1255 91 567
147 1273 78 547
145 1338 80 540
148 1372 73 544
143 1340 86 535
168 1459 95 516
143 1341 78 518
135 1212 77 529
151 1418 82 527
151 1381 102 529
162 1533 73 539
128 1168 79 515
156 1431 79 529
156 1479 79 526
163 1543 88 537
135 1212 93 558
159 1473 82 539
137 1302 76 526
158 1437 84 522
152 1412 80 531
144 1339 79 508
117 1052 78 536
137 1232 76 531
141 1255 84 532
143 1365 69 528
132 1272 79 517
162 1533 84 551
131 1226 83 548
135 1226 83 516
146 1328 81 517
164 1460 109 536
162 1473 82 518
140 1307 80 524
154 1407 71 518
125 1135 77 546
159 1491 120 562
168 1541 79 534
143 1296 84 552
167 1553 86 575
158 1423 75 545
151 1389 87 523
146 1360 101 543
171 1595 83 544
141 1221 71 517
153 1378 79 547
164 1481 109 529
139 1250 81 560
134 1222 79 509
