167003 2520.39
88 735 85 343
88 735 85 343
85 711 60 388
85 711 60 388
74 612 67 371
84 695 82 347
86 710 82 346
87 723 85 344
77 644 62 384
75 614 72 367
78 653 63 379
82 673 80 351
81 684 62 382
88 730 84 344
87 723 85 344
85 716 82 346
83 681 81 350
81 664 77 353
88 730 84 344
83 686 67 368
82 678 78 351
86 710 84 345
86 710 82 346
86 710 84 345
79 673 62 383
85 715 61 384
76 630 63 382
84 692 80 349
83 694 80 349
82 691 79 350
80 670 77 353
78 639 74 358
76 624 72 364
81 671 76 354
75 617 65 375
76 630 64 377
80 634 63 378
79 624 65 374
77 628 63 382
76 640 73 360
75 632 72 361
74 615 70 368
84 695 82 347
84 693 81 348
84 692 80 349
83 684 79 350
82 679 61 387
81 664 77 353
80 634 63 378
79 652 77 354
79 624 65 374
78 649 74 357
78 642 68 366
77 640 69 365
77 635 72 360
77 628 64 378
75 625 71 364
75 618 64 380
74 615 70 368
82 691 79 350
81 665 78 352
80 660 78 353
79 660 75 355
78 642 76 356
77 640 66 372
77 635 71 361
77 632 75 359
76 628 70 363
76 624 73 363
75 615 66 374
74 612 69 369
74 612 68 370
82 681 61 386
82 674 79 351
77 641 73 358
76 626 74 362
76 632 63 380
75 617 65 375
80 670 77 353
80 658 67 369
78 649 74 357
82 679 61 387
80 658 67 369
79 673 62 383
77 634 75 358
76 626 74 362
75 622 69 367
85 715 61 384
82 674 79 351
80 660 78 353
85 716 82 346
84 693 81 348
83 685 81 349
81 665 78 352
78 653 63 379
77 638 73 359
76 640 73 360
75 632 72 361
75 620 70 366
75 619 66 373
83 681 81 350
81 684 62 382
82 681 61 386
79 650 76 355
79 650 75 356
78 639 75 357
78 639 74 358
77 640 66 372
76 635 65 373
76 624 72 364
75 629 71 362
75 622 70 365
75 617 67 370
74 612 67 371
79 660 75 355
78 642 76 356
77 638 73 359
77 636 74 359
77 632 75 359
76 628 70 363
75 620 70 366
75 615 66 374
74 612 69 369
83 694 80 349
83 686 67 368
83 685 81 349
82 673 80 351
81 671 76 354
79 652 77 354
79 650 76 355
79 650 75 356
78 651 75 356
78 651 75 356
78 639 75 357
77 641 73 358
77 636 74 359
77 631 73 361
77 631 73 361
76 635 65 373
76 625 68 368
75 629 71 362
75 629 70 364
75 623 68 369
75 623 68 369
75 622 70 365
75 619 66 373
75 618 64 380
75 617 70 367
75 614 72 367
88 735 85 343
79 650 75 356
93 773 71 365
89 737 83 346
88 734 84 347
77 643 70 366
86 713 82 348
84 695 80 349
77 649 73 360
79 652 75 359
81 666 79 357
81 670 72 364
88 727 78 352
83 684 79 351
80 670 75 355
80 671 77 354
83 679 78 353
82 673 80 353
82 681 77 353
89 753 77 353
86 714 82 348
86 714 82 348
86 699 70 370
79 649 75 362
89 733 79 352
86 712 72 365
87 719 80 350
84 692 81 351
83 694 76 355
82 673 77 354
84 708 78 353
80 652 73 363
86 722 75 356
81 663 74 362
79 668 74 361
81 670 75 358
81 666 73 360
80 673 77 355
86 706 79 353
86 714 80 351
84 699 75 357
89 732 77 354
87 714 72 366
86 722 82 349
80 659 74 365
85 697 82 351
86 710 79 353
84 717 73 361
81 670 77 358
87 726 72 365
82 683 77 356
81 671 75 362
83 682 79 354
86 723 78 353
82 677 76 359
81 671 73 364
86 721 76 355
82 683 75 359
93 784 84 349
85 664 75 367
81 672 73 366
81 671 77 361
87 748 78 354
87 723 82 350
86 711 80 353
85 692 79 358
87 730 73 363
83 680 73 365
83 694 77 356
85 699 74 364
86 724 77 355
87 711 75 359
83 694 76 359
83 684 81 354
86 717 74 362
85 718 80 355
83 684 75 362
85 685 80 360
83 687 75 360
86 723 75 359
97 823 84 349
89 737 73 363
85 698 74 366
82 671 79 361
95 785 83 352
89 752 84 350
95 792 74 362
86 705 82 354
86 720 80 353
84 710 78 356
83 685 77 363
88 732 84 351
87 726 76 359
85 697 75 365
87 735 77 356
88 733 75 359
83 692 76 360
84 698 75 361
85 700 83 357
85 720 77 357
83 691 76 363
86 706 77 358
86 707 78 356
91 756 77 357
87 734 80 353
87 730 74 367
86 734 74 367
86 705 82 356
84 694 80 366
83 695 79 361
89 750 77 360
88 728 77 361
86 717 75 362
85 710 78 358
84 706 75 364
87 698 80 360
86 714 79 357
87 715 78 356
86 709 78 361
93 772 77 358
92 760 80 353
86 726 75 365
86 720 83 357
90 744 75 362
88 735 80 354
88 730 79 356
86 724 77 363
88 722 80 358
88 726 80 356
96 807 77 361
95 779 75 374
93 774 80 353
88 740 84 357
88 727 77 363
89 748 80 359
90 754 80 356
90 736 81 355
89 730 82 357
89 744 82 356
96 797 80 357
94 784 82 353
94 735 86 360
89 736 77 363
90 760 80 358
93 761 83 356
92 780 82 357
95 787 82 358
95 773 78 366
90 746 79 368
95 773 81 361
97 825 80 369
