44 0.982213
140 1255 84 575
163 1469 74 574
159 1350 86 571
154 1319 93 564
163 1454 77 576
160 1383 83 593
170 1449 90 567
158 1429 80 601
160 1407 82 599
168 1493 85 573
169 1542 86 567
159 1424 83 603
174 1521 94 561
140 1287 89 601
169 1454 78 583
163 1458 79 582
150 1330 84 600
153 1328 85 583
148 1374 84 614
160 1440 80 604
153 1361 86 578
144 1314 88 616
161 1416 87 573
148 1349 90 593
168 1422 89 571
161 1328 86 580
158 1440 83 612
158 1429 83 636
177 1605 79 579
157 1372 92 575
160 1470 81 602
175 1483 85 580
184 1659 76 616
178 1587 83 579
161 1460 83 601
145 1327 86 662
185 1674 93 567
154 1353 88 598
157 1335 92 583
160 1433 85 586
153 1398 90 591
158 1460 87 583
150 1362 91 612
167 1501 81 591
163 1450 80 614
171 1494 80 600
160 1423 84 611
165 1467 82 597
168 1491 83 587
165 1457 81 606
161 1474 85 584
174 1505 85 582
155 1414 86 618
153 1412 87 617
172 1528 94 578
176 1503 81 588
165 1516 84 593
177 1597 88 581
146 1303 95 601
153 1421 89 615
167 1427 90 589
159 1454 88 589
156 1349 94 601
214 1740 111 659
228 1997 129 736
204 1727 115 684
199 1823 130 709
186 1688 101 695
226 1997 135 709
204 1782 98 674
251 2333 127 758
231 2086 134 728
213 1997 137 709
231 2161 120 670
230 2072 145 722
240 2152 138 703
247 2227 146 687
255 2300 148 712
218 1926 131 690
225 2043 154 679
195 1882 146 682
263 2348 134 643
228 2031 116 705
224 1969 112 681
212 1884 128 756
202 1696 124 706
197 1804 132 682
198 1776 142 664
212 1937 113 678
196 1819 124 692
232 2131 157 740
220 2080 119 709
223 2094 151 708
229 2066 125 682
215 1934 110 687
217 2002 164 723
241 2216 147 724
205 1788 132 666
202 1806 106 684
218 1996 117 697
244 2202 158 711
192 1771 102 636
194 1772 122 662
214 2003 151 705
228 1969 149 703
201 1686 123 723
204 1945 103 675
226 2032 106 662
241 2257 115 714
210 1752 106 697
209 1908 105 697
188 1701 150 664
194 1702 98 695
218 1933 150 659
196 1812 105 641
182 1721 102 650
226 2111 169 701
242 2224 114 729
222 2088 166 693
278 2423 141 727
190 1738 110 660
197 1773 137 657
249 2290 164 720
220 2038 131 728
234 2163 106 724
221 2004 130 681
171 1620 110 684
199 1800 143 698
207 1861 111 671
234 2204 166 769
215 1956 116 712
170 1539 82 640
221 1966 139 671
224 2057 125 724
217 1960 163 736
217 2052 105 669
231 2188 110 718
236 2079 110 647
168 1577 115 652
215 1973 146 692
240 2263 154 676
221 2009 156 716
233 2204 130 706
192 1773 98 649
241 2149 135 703
233 2073 132 688
229 2046 114 695
224 1952 151 695
210 1889 119 684
200 1877 140 670
175 1621 105 657
202 1862 127 687
228 1875 134 682
237 2252 142 742
215 1934 126 727
200 1884 103 641
199 1746 107 704
209 1835 121 677
231 2128 109 685
218 2051 132 706
204 1872 103 681
218 1842 124 700
220 1954 122 659
220 2043 166 723
220 1977 135 699
210 1932 114 671
238 2180 109 697
196 1712 129 686
226 2073 126 715
216 1966 120 722
202 1900 162 726
220 2085 145 723
215 1937 122 678
176 1599 105 653
253 2109 165 725
187 1725 119 689
217 1964 142 717
209 1933 119 654
208 1798 147 691
229 2092 113 726
207 1935 106 692
206 1919 125 694
185 1783 119 704
233 2119 143 714
187 1706 121 725
211 1880 131 702
242 2129 135 724
221 2051 142 713
224 1914 147 688
207 1947 159 760
210 1896 117 740
175 1626 138 672
199 1771 135 698
188 1619 117 692
235 2193 158 685
186 1713 113 672
191 1772 121 675
186 1677 129 654
223 2057 106 665
189 1740 119 702
196 1768 141 688
196 1780 92 660
206 1805 110 702
228 1921 119 673
234 2124 161 755
186 1734 105 643
218 1951 119 691
221 2098 138 699
236 2243 151 665
214 2059 139 713
229 2039 115 726
208 1908 121 683
249 2238 151 683
233 2162 120 675
210 1941 122 668
217 1957 131 680
204 1870 130 664
235 2146 117 703
213 1736 128 698
232 2082 115 650
221 1976 103 686
221 2061 142 688
223 1952 109 685
241 2132 156 719
211 1938 127 681
221 2016 148 699
230 2163 187 725
203 1847 119 699
211 1801 120 676
209 1899 143 727
222 1949 162 718
238 2099 132 681
186 1717 115 701
198 1712 159 681
209 1903 128 675
221 2031 150 716
259 2257 136 768
198 1768 122 672
189 1697 148 709
190 1612 132 711
218 1948 164 687
222 1996 162 775
221 1981 165 707
226 1994 117 706
230 2114 123 716
224 1975 194 754
219 1907 130 682
220 1980 123 678
224 2083 127 708
221 2032 114 708
196 1720 114 722
213 1945 126 725
246 2262 190 721
227 2000 172 732
196 1801 152 668
198 1898 174 685
208 1845 110 690
195 1785 123 669
212 1873 122 690
239 2110 146 721
216 1941 147 665
222 2015 142 725
238 2176 130 740
216 1978 128 658
216 1987 142 673
177 1595 114 663
215 1932 119 681
255 2351 152 750
187 1713 128 709
226 2008 128 712
243 2237 139 772
177 1688 110 680
209 1872 152 691
219 1981 101 698
225 1977 115 706
225 1952 134 711
209 1844 125 684
208 1795 121 679
196 1864 115 643
238 2102 156 755
213 1884 131 649
224 2007 102 665
190 1793 123 687
232 2180 158 790
194 1783 124 675
221 1977 152 713
204 1898 111 686
201 1770 168 726
192 1763 105 693
182 1633 118 673
235 2133 157 750
250 2376 157 733
225 1977 167 657
209 1764 118 700
209 1978 130 666
223 1934 102 673
188 1684 114 653
217 1913 140 722
216 2052 110 699
220 1965 134 701
