361 9.81969
98 924 84 530
105 959 80 515
106 973 76 528
108 1000 85 508
116 1056 74 543
126 1156 81 507
119 1058 68 561
120 1069 80 510
109 1028 78 515
123 1125 76 513
112 1011 80 513
123 1127 70 555
127 1168 72 539
114 1066 76 516
112 1016 76 520
131 1196 73 530
129 1158 71 547
137 1260 72 528
139 1263 69 540
134 1194 70 549
133 1180 87 506
127 1167 74 535
122 1106 83 509
109 989 76 527
128 1193 74 531
117 1052 74 548
118 1009 76 524
133 1140 73 547
141 1324 68 549
140 1294 78 510
110 1024 76 526
126 1178 73 548
124 1120 73 555
141 1249 69 553
126 1153 75 542
132 1225 78 512
144 1261 69 541
116 1020 69 563
133 1223 78 512
127 1116 90 507
148 1346 70 533
106 1002 81 520
112 1033 78 515
108 1012 83 515
115 1018 76 523
123 1113 80 512
108 978 83 527
115 1074 76 519
111 1031 79 523
105 978 84 532
118 1077 81 514
114 1044 76 526
113 1055 76 533
116 1072 83 514
129 1199 78 513
105 974 85 535
112 1024 78 529
120 1068 76 520
117 1025 81 519
111 1038 87 509
114 1033 76 531
132 1207 75 538
133 1258 76 518
176 1603 106 570
134 1293 84 542
139 1235 83 534
137 1215 81 519
141 1277 92 550
137 1250 100 560
137 1283 86 543
147 1312 100 581
124 1161 84 531
121 1123 92 514
135 1232 92 565
147 1368 84 548
156 1415 84 549
139 1304 85 540
162 1391 90 549
150 1329 81 534
152 1393 91 545
130 1192 84 536
124 1158 86 525
137 1225 85 537
147 1341 92 536
128 1163 92 544
136 1240 84 530
160 1438 84 542
136 1282 84 553
154 1386 90 551
133 1228 87 524
127 1161 92 537
133 1206 85 547
140 1312 100 548
156 1410 98 569
139 1273 84 533
145 1350 78 534
137 1285 100 542
167 1538 92 549
144 1270 105 555
134 1234 83 542
159 1499 90 560
123 1127 85 552
151 1381 86 536
145 1309 87 533
153 1328 84 569
125 1163 90 536
132 1233 106 552
149 1375 92 556
145 1286 92 553
149 1251 84 545
116 1076 81 545
119 1097 81 519
132 1227 84 525
143 1268 78 521
161 1536 81 538
157 1401 92 546
133 1198 82 549
130 1229 92 555
135 1207 80 551
155 1384 90 551
138 1306 81 548
160 1390 106 554
123 1139 100 550
131 1146 80 531
133 1222 100 555
168 1519 100 573
157 1471 84 538
151 1353 84 553
138 1268 84 532
125 1149 84 551
140 1256 92 542
151 1412 87 533
142 1290 84 568
145 1247 100 556
132 1207 84 539
146 1327 84 537
139 1253 82 558
122 1129 92 532
137 1294 83 541
135 1280 92 549
118 1107 78 543
132 1255 81 540
143 1277 98 551
153 1392 84 560
129 1181 83 531
133 1259 90 559
153 1264 100 542
140 1268 90 534
167 1511 84 557
140 1240 98 544
132 1162 84 547
144 1316 84 531
151 1301 84 542
125 1146 84 531
135 1273 79 537
151 1339 92 545
144 1232 92 528
141 1275 84 552
130 1179 82 551
135 1252 84 537
138 1234 84 528
135 1271 92 553
148 1315 106 560
143 1307 90 539
155 1407 76 557
144 1327 84 556
125 1174 84 531
135 1257 92 530
135 1220 84 544
143 1341 83 529
138 1283 92 538
136 1282 90 535
114 1080 92 542
142 1301 92 557
134 1207 106 563
141 1304 86 538
157 1417 108 579
124 1130 92 548
128 1108 84 535
140 1280 88 529
125 1044 84 547
124 1157 78 511
125 1145 92 534
163 1457 84 535
155 1414 99 550
142 1303 84 528
124 1131 86 557
146 1336 92 545
156 1444 92 548
168 1421 108 576
136 1270 84 542
148 1299 84 540
126 1150 84 542
142 1323 84 554
125 1135 78 534
139 1304 87 535
140 1277 92 543
157 1424 99 552
146 1312 98 556
133 1200 84 527
153 1306 78 534
129 1213 84 539
158 1490 85 535
131 1193 108 547
141 1261 90 542
158 1484 84 545
121 1103 92 546
147 1321 92 548
136 1266 76 558
122 1154 82 547
134 1215 100 552
138 1303 84 545
164 1544 85 543
157 1371 84 533
131 1158 92 548
155 1482 84 527
157 1394 84 545
151 1345 91 562
150 1374 84 546
138 1275 92 548
142 1317 84 551
147 1383 84 547
123 1166 85 539
153 1417 84 533
137 1304 84 528
131 1221 92 534
132 1244 92 542
119 1135 83 523
126 1170 83 540
124 1154 84 536
149 1402 81 541
137 1264 84 543
161 1474 92 569
144 1295 92 554
136 1226 76 542
149 1288 92 549
121 1121 92 556
139 1299 79 540
123 1149 84 538
150 1393 84 551
152 1349 84 547
148 1320 84 548
141 1328 85 548
135 1235 92 525
149 1353 76 559
154 1411 84 554
141 1329 80 525
138 1278 85 548
137 1297 79 541
144 1320 98 538
141 1299 100 546
156 1425 96 551
129 1172 98 546
134 1250 84 540
164 1483 85 537
150 1383 84 520
135 1233 84 531
148 1351 92 546
158 1418 92 555
132 1213 84 547
151 1364 92 546
134 1205 78 545
127 1162 86 551
148 1323 92 544
131 1199 80 541
132 1177 100 537
128 1204 90 536
154 1403 84 540
149 1377 92 549
140 1310 84 550
133 1238 92 556
133 1256 84 526
174 1471 92 548
142 1295 84 527
121 1122 85 517
148 1340 84 546
139 1287 84 547
149 1330 92 545
141 1299 100 537
162 1429 92 549
122 1123 84 554
156 1483 83 550
164 1428 108 567
175 1623 79 555
144 1315 84 543
124 1152 84 550
142 1268 92 559
158 1386 84 565
128 1186 92 547
143 1314 88 540
131 1200 79 549
132 1206 85 533
128 1163 88 517
151 1444 92 552
130 1151 84 526
143 1292 84 548
130 1178 78 561
120 1096 84 539
145 1287 87 555
144 1318 83 544
