1918 134.335
121 1105 92 338
121 1105 92 338
117 1122 86 343
96 905 54 451
96 905 54 451
82 749 60 412
95 878 69 363
120 1094 89 339
98 909 54 433
110 1011 57 417
84 778 63 403
98 841 61 386
95 864 66 368
91 832 59 411
115 1079 84 344
94 824 57 424
85 787 60 406
116 1097 62 376
95 911 73 359
96 855 61 394
107 1006 86 345
90 839 75 357
112 1051 81 348
96 874 56 424
104 989 64 371
111 1020 77 353
114 1048 87 341
82 749 60 412
87 806 62 399
100 938 80 354
87 806 62 399
98 942 76 355
106 970 83 346
101 932 78 354
101 952 87 349
111 1041 87 342
103 955 82 350
103 971 82 347
103 960 78 351
104 997 80 349
105 965 75 355
96 877 73 358
105 964 81 349
104 983 75 355
135 1285 84 344
122 1151 87 341
110 980 72 363
100 924 77 363
98 931 77 359
126 1187 76 355
123 1131 86 343
116 1061 73 358
98 932 73 362
120 1087 85 345
119 1107 77 353
101 950 75 360
114 1069 80 350
109 1009 78 352
109 1025 82 347
105 999 84 348
117 1100 77 354
111 1048 87 343
104 990 85 347
108 1017 75 356
102 974 81 354
103 964 80 351
113 1058 83 346
104 971 83 350
100 949 76 356
111 1050 79 351
113 1078 80 349
113 1077 78 351
103 939 73 360
119 1140 84 345
113 1057 87 342
106 993 82 350
106 999 79 353
111 1021 81 350
107 1001 82 348
101 942 77 357
106 1015 75 357
103 974 77 355
107 1018 73 359
100 936 77 358
113 1057 87 342
109 1025 82 347
131 1232 86 344
129 1222 87 341
108 1033 73 359
105 959 74 360
102 952 79 356
122 1151 84 345
117 1103 79 351
120 1122 82 348
121 1148 77 353
108 1023 75 356
110 1049 79 354
120 1084 83 347
104 983 80 353
103 987 86 352
107 1020 82 350
105 997 83 351
117 1096 74 358
114 1052 84 347
112 1068 79 353
107 1000 85 348
105 972 82 355
115 1085 83 346
117 1091 80 350
120 1123 87 342
114 1069 78 352
106 965 81 355
105 976 76 359
107 982 77 357
106 994 77 358
113 1033 78 354
118 1137 82 347
117 1050 77 355
103 979 78 356
108 1037 83 348
114 1052 87 343
122 1130 86 345
114 1052 87 343
114 1076 86 346
108 1011 80 351
106 990 85 351
107 992 76 356
106 982 81 353
118 1127 82 348
114 1086 84 346
106 1000 82 352
107 997 78 355
131 1235 82 348
130 1237 82 349
122 1134 87 342
114 1077 73 362
106 991 77 365
106 975 91 355
105 961 79 357
104 984 79 362
126 1170 85 345
123 1175 84 346
113 1031 89 348
120 1157 77 355
119 1129 74 358
120 1118 78 352
112 1044 75 360
116 1040 86 349
108 987 76 359
112 1093 84 349
107 986 78 361
105 993 80 354
111 1063 85 350
108 1015 80 351
115 1074 79 355
107 991 81 353
118 1134 87 346
112 997 76 356
104 994 82 353
117 1067 84 347
110 990 83 355
114 1085 84 347
113 1040 83 350
114 1077 75 356
119 1116 85 346
118 1144 78 355
112 1061 75 358
107 1013 77 356
112 1022 84 350
109 997 77 356
108 1025 76 356
113 1066 75 357
106 984 82 356
113 1076 85 348
112 1064 83 350
130 1235 84 346
125 1194 86 346
116 1084 75 357
115 1083 91 348
110 1034 76 359
105 963 80 358
119 1083 89 348
126 1184 78 352
122 1148 78 353
106 993 80 355
117 1093 80 351
122 1133 84 347
115 1078 83 350
118 1113 85 349
107 1003 82 354
125 1200 79 352
118 1122 75 356
114 1089 85 350
111 1049 80 352
108 1030 86 351
109 1029 77 359
109 1035 82 352
113 1048 76 356
110 1016 84 351
110 1042 80 353
107 1020 80 354
110 1030 77 356
127 1212 78 354
127 1207 93 346
117 1121 75 359
106 1006 80 359
117 1113 86 350
120 1141 89 348
118 1084 75 357
124 1169 79 354
122 1168 84 347
122 1142 86 348
113 1058 76 356
108 1025 83 354
110 1020 80 355
120 1118 82 351
122 1140 75 356
120 1139 80 351
110 1041 77 356
112 1022 84 353
109 1036 82 353
110 1041 83 352
113 1051 76 357
110 1046 81 354
110 1033 78 357
109 1037 78 359
111 1058 81 352
113 1053 80 352
112 1054 80 354
111 1047 82 352
132 1272 75 360
127 1208 87 348
121 1124 91 350
108 1011 84 363
119 1121 76 361
124 1152 89 350
110 1048 81 355
114 1045 78 358
123 1182 85 350
121 1161 84 351
113 1082 78 356
109 1048 80 360
123 1186 80 351
113 1062 80 352
112 1045 83 352
113 1044 81 356
111 1065 77 358
111 1033 78 359
114 1040 80 357
112 1046 77 359
112 1025 81 359
127 1203 82 351
123 1131 91 351
116 1081 77 359
113 1057 87 358
111 1061 81 357
117 1093 80 352
113 1068 80 353
127 1184 78 356
116 1070 91 352
126 1182 78 357
125 1192 86 351
137 1295 79 358
130 1253 86 351
120 1130 77 360
117 1096 89 352
116 1067 82 361
114 1092 80 356
129 1200 80 352
122 1140 77 359
119 1109 82 354
120 1145 84 352
118 1087 79 360
116 1073 84 353
115 1087 80 356
117 1077 80 355
117 1122 80 353
142 1260 91 352
117 1115 80 357
117 1082 82 357
124 1105 80 355
117 1095 84 354
123 1144 80 353
122 1129 80 356
127 1178 89 353
126 1192 84 353
126 1154 91 353
124 1123 81 359
122 1112 91 355
119 1132 80 357
119 1117 84 354
124 1179 80 355
121 1125 80 357
139 1302 89 353
124 1127 82 359
123 1165 83 360
123 1132 87 354
133 1292 84 356
135 1294 86 361
125 1150 82 363
126 1151 84 344
121 1105 92 338
121 1105 92 338
96 905 54 451
96 905 54 451
82 749 60 412
120 1094 89 339
116 1097 62 376
98 909 54 433
104 989 64 371
87 806 62 399
84 778 63 403
95 864 66 368
110 1011 57 417
91 832 59 411
98 841 61 386
94 824 57 424
85 787 60 406
111 1029 87 342
96 855 61 394
96 874 56 424
99 938 71 360
111 1064 75 355
95 878 69 363
112 1031 70 362
90 852 81 357
97 915 78 351
108 1028 73 358
95 884 72 359
107 1006 83 346
103 959 77 353
113 1053 81 348
111 1050 82 347
100 914 76 356
99 923 80 350
102 968 84 345
102 975 74 356
103 969 76 354
108 961 83 346
99 920 77 355
107 1010 80 349
102 975 74 356
113 1053 81 348
107 1010 80 349
130 1251 74 356
124 1155 84 345
104 990 71 361
100 930 77 357
113 1073 81 348
128 1179 82 347
122 1170 75 355
102 968 72 359
101 934 78 355
109 1028 73 358
104 993 79 351
113 1070 83 346
110 1055 77 353
112 1054 71 360
122 1177 80 349
112 1021 78 351
105 984 75 356
107 1010 84 347
102 976 74 358
108 1020 76 354
110 1046 83 348
113 1043 82 349
110 1052 81 349
104 989 80 350
106 978 80 350
103 968 76 357
109 1005 74 357
105 1013 78 352
103 980 78 354
110 1007 78 352
105 998 78 353
109 1012 77 354
104 975 76 355
107 1025 76 354
123 1134 83 347
102 982 72 359
102 943 77 358
118 1106 73 358
115 1091 81 349
106 1020 75 356
117 1081 81 348
105 998 80 353
103 962 77 357
121 1073 74 357
109 1002 83 351
113 1046 78 351
113 1063 77 353
120 1129 74 357
113 1040 76 354
105 983 82 354
107 1006 82 350
106 999 76 355
112 1049 77 354
106 1012 80 350
108 999 78 353
131 1249 93 347
115 1089 72 359
108 987 78 360
104 988 73 359
127 1222 74 357
119 1097 83 349
118 1132 81 348
120 1128 81 348
107 1016 80 355
113 1062 76 354
115 1096 78 351
108 1041 75 356
115 1109 82 349
112 1008 76 355
110 1059 77 355
111 1023 78 353
116 1113 81 349
111 1019 80 351
111 1035 75 356
109 1012 82 350
116 1091 77 353
109 1036 80 350
109 1030 75 357
114 1093 77 353
108 1010 78 354
108 1005 78 355
125 1203 81 348
119 1142 83 348
117 1102 72 359
113 1030 89 351
110 1027 78 355
108 1029 78 354
123 1136 83 349
122 1152 82 348
110 1062 75 357
108 1034 73 359
121 1098 78 352
112 1071 77 355
119 1090 80 350
113 1073 76 354
110 1039 80 352
113 1032 76 358
119 1098 75 356
118 1112 78 352
118 1096 77 353
112 1072 79 353
115 1101 80 350
119 1141 78 351
114 1029 80 351
117 1103 77 353
116 1064 78 353
115 1091 78 353
116 1100 80 350
118 1097 79 351
117 1097 80 350
136 1303 82 348
135 1289 84 348
117 1116 73 359
114 1030 82 353
110 1055 80 352
126 1194 82 349
128 1152 78 352
121 1161 75 356
121 1097 80 350
123 1104 76 354
114 1080 76 356
112 1066 78 354
118 1120 76 354
118 1103 77 353
122 1155 78 351
117 1107 83 350
121 1167 78 351
116 1115 80 350
114 1100 80 351
114 1075 77 354
113 1059 78 354
115 1070 80 351
114 1045 80 352
116 1109 78 353
117 1078 78 353
126 1176 78 351
125 1191 78 352
120 1137 75 359
118 1127 82 350
115 1064 80 352
113 1065 89 353
111 1069 82 353
121 1111 80 350
121 1103 87 350
126 1173 75 356
120 1154 76 354
116 1087 76 359
120 1159 77 353
115 1098 76 356
114 1083 80 353
118 1096 78 353
119 1125 80 350
116 1082 80 351
120 1081 80 351
118 1096 78 353
128 1203 76 356
127 1205 76 354
122 1123 87 350
121 1129 80 350
121 1070 80 358
118 1087 78 360
115 1108 76 357
114 1095 85 358
128 1178 78 352
115 1077 80 352
116 1092 80 351
128 1159 77 353
123 1171 77 353
122 1144 78 353
118 1126 78 354
118 1116 78 355
115 1103 78 356
121 1172 77 356
125 1185 77 353
123 1108 77 357
121 1130 80 350
116 1087 82 352
115 1100 80 352
118 1131 78 355
125 1170 78 353
120 1126 78 354
121 1120 78 357
117 1093 80 351
117 1089 80 352
139 1270 78 353
126 1214 77 354
121 1148 89 350
118 1094 81 351
116 1098 82 353
121 1153 80 350
124 1183 78 354
117 1106 80 351
117 1102 80 354
119 1101 80 353
134 1250 78 355
123 1105 89 362
122 1179 80 350
116 1109 82 356
118 1143 85 352
118 1126 80 358
117 1129 81 353
120 1106 86 357
116 1111 87 353
119 1113 80 351
124 1186 80 350
123 1189 82 350
119 1117 80 351
117 1113 89 355
129 1226 89 350
119 1141 80 351
117 1117 89 356
122 1129 80 351
121 1127 80 352
120 1130 80 352
121 1135 89 351
121 1117 89 352
130 1253 80 351
123 1189 89 351
121 1128 83 355
120 1136 80 353
120 1137 80 352
138 1270 80 351
125 1134 84 366
122 1157 91 352
120 1149 80 353
122 1139 91 361
123 1149 82 352
122 1144 80 353
130 1252 86 353
123 1176 80 354
123 1158 93 352
122 1152 87 356
121 1151 91 353
126 1207 87 352
129 1170 89 353
123 1173 89 353
139 1337 89 352
130 1203 80 359
129 1179 84 361
125 1154 91 361
124 1167 91 357
127 1207 85 354
127 1185 87 355
125 1186 82 355
127 1212 87 354
126 1197 84 365
126 1187 91 355
138 1264 87 355
133 1246 87 356
133 1239 91 354
131 1218 89 355
130 1266 89 357
130 1221 89 361
131 1226 89 356
142 1362 89 357
140 1342 91 357
121 1105 92 338
121 1105 92 338
96 905 54 451
96 905 54 451
82 749 60 412
120 1094 89 339
116 1097 62 376
98 909 54 433
84 778 63 403
91 832 59 411
98 841 61 386
105 966 67 366
87 806 62 399
96 855 61 394
85 787 60 406
110 1011 57 417
104 989 64 371
96 874 56 424
92 887 77 353
94 824 57 424
95 878 69 363
115 1065 71 360
88 818 73 359
82 749 60 412
109 1036 86 342
111 1053 76 354
109 999 72 359
114 1030 71 361
107 974 73 358
111 1017 84 344
108 1025 83 346
97 914 81 352
104 944 70 362
100 955 84 346
109 1036 86 342
102 945 75 356
99 954 80 352
104 924 76 356
102 977 79 352
103 988 80 349
113 1060 78 351
106 987 78 352
108 993 79 351
106 983 75 355
100 919 81 350
113 1060 78 351
108 1019 82 347
99 925 74 357
98 931 82 351
103 945 84 348
104 983 81 348
99 925 74 357
98 931 82 351
105 997 76 355
109 1014 84 345
102 959 80 351
124 1161 85 344
114 1081 86 343
105 950 71 362
103 947 73 365
99 939 77 355
124 1139 72 359
116 1062 82 347
114 1100 82 347
107 953 74 357
101 970 73 359
108 1030 75 356
107 1013 81 348
100 945 79 354
110 1048 83 346
112 973 78 354
104 999 78 354
108 991 84 346
113 987 76 355
106 974 82 350
106 984 81 349
114 1083 84 345
113 1011 80 350
111 981 73 358
115 1083 82 347
110 1011 78 352
106 980 76 356
111 1028 79 351
106 982 80 351
111 1046 77 354
110 1060 77 353
108 1018 73 358
103 966 73 359
109 1055 80 350
108 1027 78 353
107 997 79 352
111 1035 80 350
109 966 84 353
110 1047 80 349
111 1061 76 354
107 980 78 354
129 1188 86 344
110 1020 73 358
106 981 76 361
100 952 79 357
121 1145 77 353
120 1115 84 345
103 963 80 354
118 1122 75 356
121 1139 83 346
113 1056 80 349
111 991 73 358
116 1073 81 348
111 1058 82 348
108 973 74 358
108 1008 84 346
114 1102 82 347
111 1038 79 351
115 1033 78 352
118 1078 76 354
107 1001 81 349
105 991 79 356
115 1084 82 347
109 988 80 351
108 987 74 357
109 1018 79 352
117 1084 77 354
110 1057 78 353
117 1088 76 354
115 1021 82 348
108 1001 80 353
113 1080 76 355
111 999 78 355
107 998 76 356
113 1083 78 352
136 1309 83 346
121 1164 86 345
112 1033 73 361
109 992 75 358
104 996 81 357
129 1185 82 347
110 1057 86 346
124 1103 77 354
107 1009 79 361
123 1151 84 345
118 1072 73 359
105 999 82 354
113 1065 78 353
115 1102 74 357
122 1153 78 352
122 1137 73 358
121 1123 76 356
116 1091 77 355
120 1111 79 351
109 1032 84 347
108 997 74 358
116 1079 81 348
114 1078 80 349
107 1027 83 349
109 993 80 352
114 1068 80 350
109 1021 77 357
114 1068 76 357
113 1077 80 351
110 1026 77 356
119 1151 76 354
116 1079 81 348
116 1115 83 347
122 1129 84 346
108 1011 81 349
120 1109 77 354
118 1119 79 351
109 1028 79 352
129 1162 78 352
127 1220 81 348
125 1178 84 345
121 1123 73 359
112 1057 87 346
110 1002 83 362
122 1150 83 347
117 1085 86 346
128 1212 78 353
117 1102 75 357
119 1152 80 349
110 1032 78 356
118 1120 79 351
119 1116 78 354
111 1016 76 358
110 1037 74 358
110 1039 81 351
112 1055 77 357
111 1002 80 353
122 1099 77 356
111 1052 84 348
114 1068 79 352
112 1065 82 349
119 1080 80 350
111 1006 79 358
115 1087 76 357
114 1099 80 350
111 1067 83 349
116 1087 82 348
115 1044 81 350
116 1096 80 350
116 1079 80 351
113 1063 81 349
113 1058 82 349
126 1206 84 345
123 1106 74 358
121 1129 86 347
111 1011 80 354
125 1125 78 354
123 1159 81 349
117 1137 86 346
122 1157 83 347
113 1070 85 353
114 1033 79 357
111 1040 79 358
115 1095 76 357
120 1098 84 348
118 1081 82 349
116 1058 82 353
115 1075 79 352
112 1028 76 358
116 1068 78 357
114 1106 84 348
112 1073 82 350
117 1081 80 351
121 1106 80 350
116 1065 75 358
118 1109 80 350
116 1109 81 350
117 1101 83 348
114 1068 82 352
114 1070 80 352
127 1203 81 349
126 1204 78 354
123 1130 78 357
121 1170 76 357
119 1155 86 347
114 1026 80 357
111 1050 80 354
123 1182 84 347
124 1123 80 350
118 1108 79 353
115 1112 79 352
117 1075 84 351
112 1035 80 354
120 1074 79 357
120 1106 83 349
117 1114 83 348
119 1093 80 351
115 1077 82 352
122 1118 82 349
115 1078 82 350
117 1101 81 351
119 1112 84 348
133 1267 80 350
118 1118 84 348
116 1113 79 352
115 1035 81 354
114 1056 81 357
112 1062 80 354
130 1223 81 349
124 1182 83 348
121 1102 82 353
118 1082 84 350
125 1144 81 350
122 1120 82 351
122 1133 80 351
119 1110 80 352
133 1237 80 351
124 1185 84 348
123 1176 86 349
121 1119 79 358
118 1045 85 354
117 1112 80 355
129 1216 83 349
128 1163 84 348
127 1173 82 350
118 1125 82 352
126 1127 79 352
122 1113 79 353
125 1186 83 350
118 1131 80 352
125 1147 79 352
124 1194 79 352
133 1250 84 348
125 1152 79 352
124 1119 80 353
121 1123 89 354
119 1131 80 352
127 1186 82 351
130 1201 84 349
128 1138 80 353
127 1192 79 354
120 1132 82 352
122 1170 80 353
125 1167 80 353
134 1201 79 357
127 1205 82 353
124 1173 84 352
129 1193 84 354
134 1196 85 354
130 1219 84 354
