344 12.7011
101 906 86 344
98 890 88 344
100 933 88 341
82 701 63 376
85 788 54 416
80 710 60 389
85 738 64 375
101 891 55 402
89 822 54 408
97 850 73 360
85 788 54 416
86 797 55 404
90 844 75 358
88 802 59 389
94 890 86 347
85 743 63 375
84 786 71 363
92 851 82 353
98 924 88 342
93 830 80 353
86 798 70 364
91 842 75 358
99 926 85 345
82 791 58 396
85 752 56 399
96 900 87 344
89 788 61 379
98 910 88 343
91 815 56 398
80 725 60 385
85 779 61 380
80 710 60 389
81 701 60 389
88 795 64 373
87 753 65 372
96 883 86 345
99 912 73 359
85 741 62 376
96 878 79 352
83 784 69 365
91 854 80 352
92 835 76 358
95 854 58 391
85 778 60 381
91 857 82 349
96 888 73 360
95 890 82 348
90 815 77 357
98 890 84 346
100 924 85 345
85 752 56 399
89 825 61 378
84 791 74 359
83 766 57 396
86 758 64 374
88 817 82 354
93 861 83 348
87 777 72 364
101 906 87 343
96 883 86 345
94 895 79 352
83 717 60 386
80 710 60 389
81 743 67 371
81 757 59 392
93 861 83 348
100 924 85 345
87 790 65 371
98 909 81 350
95 848 66 369
86 771 61 383
81 757 59 392
83 784 68 366
86 798 70 364
85 762 73 361
93 861 83 348
87 774 57 394
84 791 74 359
84 791 74 359
84 778 72 362
95 853 78 354
89 822 54 408
89 846 80 354
84 770 71 365
87 795 55 407
83 713 60 387
81 743 67 371
98 916 86 344
84 740 64 375
99 926 85 345
95 853 78 354
90 847 79 354
94 911 73 360
83 721 62 378
89 807 67 368
100 921 78 353
98 909 81 350
93 836 77 355
85 741 62 376
94 892 84 347
87 792 55 408
95 854 58 391
86 814 67 368
87 790 65 371
86 771 70 367
91 836 72 361
83 713 60 387
95 899 86 345
83 719 66 374
81 757 59 392
83 717 60 386
85 762 73 361
95 843 76 357
88 802 59 389
83 766 57 396
83 784 69 365
86 767 65 372
81 743 67 371
83 766 57 396
90 815 77 357
95 843 76 357
83 784 68 366
86 785 66 371
94 830 80 352
83 766 57 396
83 766 57 396
87 773 60 383
95 854 58 391
89 832 63 374
84 775 74 360
86 767 65 372
94 892 84 347
91 840 76 358
100 908 70 363
95 848 66 369
80 725 60 385
93 830 80 353
87 792 55 408
86 812 79 356
90 786 61 378
94 887 80 351
91 870 77 355
94 875 58 391
88 802 59 389
89 825 61 378
91 811 77 357
89 819 77 357
96 888 73 360
90 794 67 368
86 785 66 371
86 812 79 356
87 772 61 380
88 785 58 393
83 753 60 384
86 767 65 372
84 740 64 375
96 835 60 379
84 770 71 365
87 777 72 364
92 868 75 357
81 723 60 386
94 895 79 352
83 766 57 396
89 807 67 368
86 758 64 374
90 815 77 357
85 778 60 381
88 795 64 373
90 844 75 358
98 909 81 350
84 778 68 366
81 743 67 371
90 815 77 357
86 794 66 370
89 842 79 355
83 717 60 386
96 853 80 351
95 854 58 391
86 794 66 370
93 836 77 355
84 778 72 362
87 795 55 407
83 753 60 384
86 798 58 393
95 890 82 348
96 853 80 351
92 824 60 380
96 863 79 353
95 876 76 356
94 895 79 352
91 866 79 353
89 832 63 374
90 844 75 358
83 717 60 386
88 817 82 354
85 788 54 416
90 794 67 368
91 870 77 355
89 842 79 355
96 863 79 353
83 721 62 378
91 866 79 353
86 814 67 368
96 878 79 352
81 743 67 371
87 790 65 371
95 890 82 348
86 786 67 369
84 791 74 359
99 912 73 359
90 815 77 357
95 853 78 354
87 795 55 407
95 843 76 357
92 851 82 353
95 899 86 345
87 772 61 380
100 908 70 363
87 773 60 383
92 796 70 364
88 774 70 366
87 773 60 383
85 778 60 381
95 843 76 357
92 796 70 364
94 875 58 391
90 815 77 357
87 795 55 407
89 822 54 408
86 798 70 364
85 741 62 376
96 863 79 353
98 909 81 350
86 774 74 360
81 743 67 371
89 842 79 355
85 741 62 376
88 795 64 373
85 788 54 416
88 795 64 373
81 743 67 371
95 854 58 391
90 815 77 357
99 912 73 359
84 740 64 375
93 822 78 356
87 790 65 371
88 802 59 389
81 743 67 371
90 844 75 358
88 795 64 373
80 710 60 389
95 843 76 357
99 926 85 345
87 790 65 371
96 853 80 351
95 890 82 348
87 790 65 371
87 790 65 371
93 861 83 348
96 853 80 351
84 778 68 366
86 814 67 368
86 774 74 360
88 785 58 393
88 802 59 389
90 844 75 358
81 743 67 371
85 788 54 416
84 791 74 359
89 807 67 368
96 883 86 345
89 807 67 368
95 878 71 362
80 710 60 389
100 924 85 345
86 798 70 364
81 743 67 371
81 757 59 392
86 767 65 372
101 906 87 343
84 740 64 375
80 710 60 389
90 815 77 357
86 774 74 360
85 788 54 416
85 752 56 399
90 844 75 358
85 788 54 416
96 863 79 353
83 784 68 366
85 778 60 381
83 766 57 396
95 854 58 391
85 752 56 399
85 788 54 416
90 794 67 368
90 815 77 357
101 906 87 343
81 743 67 371
