15246 420.173
102 948 76 512
119 1062 76 494
122 1118 68 520
106 963 72 505
106 941 74 511
112 996 76 497
127 1124 78 493
110 981 70 516
127 1152 72 495
116 1038 74 497
116 1067 69 522
107 952 72 508
104 951 73 518
125 1107 71 504
109 970 74 502
105 958 71 533
110 981 76 499
115 1055 72 499
119 1032 69 529
111 998 73 501
109 1002 70 519
104 974 72 524
116 994 70 513
118 1057 71 507
108 958 72 505
131 1176 68 512
138 1252 70 504
117 1049 79 496
120 1056 70 509
109 976 72 504
125 1144 70 508
125 1166 72 496
120 1086 69 520
115 1037 71 509
133 1214 70 506
108 990 76 504
105 935 76 524
108 1014 71 525
114 1004 72 502
114 1043 70 513
109 986 78 500
116 1045 70 510
109 979 76 501
112 994 72 503
116 1032 70 511
131 1139 72 497
113 1031 70 515
106 936 76 523
107 939 76 522
126 1150 74 496
115 1054 72 500
108 986 71 532
102 940 83 511
132 1183 68 511
154 1403 81 490
101 931 79 517
101 928 80 539
154 1403 81 490
132 1183 68 511
101 928 80 539
101 931 79 517
120 1112 70 510
142 1295 68 526
141 1251 84 512
136 1246 72 528
127 1179 84 535
127 1193 80 530
129 1177 81 511
137 1234 72 526
134 1209 76 521
150 1357 83 522
128 1154 74 520
130 1197 74 521
125 1178 80 534
134 1205 78 520
139 1246 76 518
125 1134 80 544
130 1207 80 549
120 1107 81 516
155 1422 74 536
134 1223 76 532
123 1128 76 513
125 1121 80 535
123 1108 72 519
122 1121 80 535
135 1234 76 538
144 1308 78 525
132 1190 85 517
129 1161 78 536
122 1102 81 517
136 1261 84 525
136 1234 84 526
144 1333 80 535
141 1264 80 520
164 1499 92 514
150 1385 78 528
134 1224 85 511
124 1159 70 532
146 1308 94 550
126 1123 85 535
125 1130 84 529
133 1214 80 534
144 1331 92 528
125 1149 76 526
150 1388 74 530
186 1717 85 523
139 1265 72 531
140 1272 76 527
120 1066 76 531
147 1359 76 522
160 1520 76 540
150 1377 80 523
122 1105 76 530
127 1121 81 514
136 1248 100 554
150 1354 76 514
120 1080 72 517
149 1359 76 526
176 1558 94 542
170 1557 85 522
163 1491 89 511
113 1025 72 532
141 1284 84 523
123 1104 84 532
128 1158 76 531
143 1306 78 517
157 1417 86 530
146 1354 92 544
131 1214 80 533
119 1094 76 531
140 1253 81 509
136 1240 81 529
137 1214 76 524
137 1253 92 506
139 1287 94 542
135 1226 81 509
143 1323 87 526
120 1117 72 529
176 1575 92 539
146 1259 84 522
140 1301 76 521
149 1377 76 528
168 1518 92 538
124 1141 72 515
157 1395 86 538
137 1286 86 541
155 1363 84 524
139 1222 76 525
128 1134 74 527
141 1286 76 545
125 1123 76 514
131 1174 74 521
133 1180 79 520
123 1139 78 528
124 1105 76 527
123 1158 79 535
141 1322 71 528
149 1364 92 526
121 1095 86 530
122 1093 76 531
128 1189 78 522
137 1255 78 522
161 1486 84 526
121 1094 81 536
118 1112 79 527
155 1412 76 528
146 1291 76 515
134 1222 72 526
114 1020 76 525
123 1101 78 532
137 1215 84 521
139 1284 80 510
128 1166 76 532
139 1264 76 523
133 1238 76 527
119 1096 76 519
129 1172 76 530
128 1156 83 524
139 1225 86 543
140 1275 76 522
138 1289 78 538
119 1099 83 527
135 1230 85 518
119 1096 80 516
136 1211 76 519
134 1235 74 528
125 1148 78 539
143 1316 76 530
154 1427 93 525
123 1141 76 515
135 1218 84 531
141 1290 78 532
136 1252 79 520
126 1144 76 528
135 1268 76 512
130 1166 72 508
135 1222 84 535
137 1256 79 498
157 1439 76 518
178 1589 90 525
130 1194 78 531
136 1161 72 515
132 1195 85 537
130 1176 80 547
134 1211 76 528
110 1033 73 531
129 1172 76 528
125 1150 84 526
140 1276 76 522
138 1277 76 526
125 1134 72 528
122 1105 72 526
146 1328 80 503
148 1352 79 520
124 1140 79 525
167 1491 78 534
152 1382 87 518
169 1507 78 538
151 1407 81 518
126 1146 78 538
118 1075 76 525
161 1430 84 527
153 1359 84 515
159 1429 84 531
119 1042 76 518
161 1431 90 516
162 1504 92 525
196 1792 92 540
149 1376 76 526
135 1205 84 526
131 1199 76 531
125 1141 72 511
139 1256 80 529
136 1227 84 526
126 1183 81 529
166 1519 76 522
120 1087 72 519
129 1179 76 517
135 1240 88 510
141 1259 80 534
132 1202 84 523
128 1174 72 513
154 1395 77 515
150 1383 92 509
152 1392 76 531
175 1606 88 536
126 1146 76 519
139 1272 72 517
134 1240 94 550
124 1149 79 522
126 1151 80 522
152 1329 75 516
153 1338 84 515
156 1433 86 537
127 1155 76 531
122 1129 81 543
134 1206 76 543
116 1087 76 513
143 1260 92 537
153 1360 86 522
123 1146 72 538
124 1155 78 539
140 1264 76 527
133 1208 76 514
116 1083 72 524
122 1113 76 526
138 1259 83 528
131 1118 85 518
129 1176 84 513
126 1139 76 519
136 1275 83 527
137 1252 76 529
127 1195 78 520
153 1384 92 532
137 1238 78 515
118 1078 81 517
115 1041 83 512
160 1431 84 543
130 1189 80 517
128 1168 80 524
123 1098 74 526
137 1269 76 515
134 1210 84 530
161 1457 84 524
125 1134 80 533
120 1082 84 535
140 1273 78 545
130 1182 78 518
155 1378 79 537
152 1360 80 532
138 1258 80 516
150 1413 76 533
131 1174 80 537
114 1049 76 518
133 1212 72 516
129 1164 76 535
120 1089 72 506
137 1280 71 531
139 1264 75 525
138 1255 72 538
