41916 1920.79
97 863 96 333
69 632 57 398
71 616 63 391
99 845 87 341
90 757 52 429
71 643 54 415
83 753 82 347
98 853 95 334
90 762 53 425
70 630 55 408
83 738 80 351
91 758 53 425
84 761 84 344
78 700 64 371
74 619 61 388
87 770 87 342
85 754 83 346
69 627 59 395
84 759 84 345
86 763 76 354
94 815 92 337
98 853 95 334
89 789 89 340
94 836 93 335
88 790 74 356
99 862 96 333
90 785 86 342
92 816 92 337
71 639 54 420
71 639 54 420
71 643 54 415
86 779 78 351
91 799 88 340
78 664 58 389
79 704 73 359
96 835 93 335
79 707 72 359
90 803 89 339
80 712 74 358
95 825 93 336
82 741 65 369
70 629 57 400
82 736 75 355
75 666 61 381
75 645 54 405
78 694 73 360
87 775 78 351
80 717 75 356
72 656 55 402
93 826 93 336
77 687 71 361
76 677 69 366
71 617 63 390
74 626 61 385
81 745 81 349
88 783 88 341
73 653 55 402
70 630 56 407
94 822 91 337
82 730 71 360
81 724 78 353
79 704 73 359
80 712 74 358
86 766 86 343
78 697 72 360
79 715 75 357
70 630 55 408
90 759 52 428
89 800 88 340
76 677 69 366
74 675 58 390
77 681 68 365
77 683 62 374
77 685 70 362
90 786 81 348
90 797 90 339
98 852 96 334
77 684 60 377
97 863 96 333
96 835 93 335
72 656 55 402
85 754 83 346
93 808 90 338
96 854 95 334
90 762 53 425
84 759 84 345
75 648 57 394
95 828 90 337
83 755 83 346
73 644 64 372
82 755 82 348
74 650 62 375
74 619 61 388
70 646 66 378
73 652 55 404
73 652 55 404
90 803 89 339
69 642 65 379
91 809 90 338
86 763 76 354
77 650 60 384
87 784 70 361
92 816 92 337
99 845 87 341
94 836 90 337
89 769 87 342
90 782 88 341
86 779 78 351
81 721 77 354
79 707 72 359
81 727 69 363
91 809 90 338
82 736 75 355
96 835 93 335
73 660 61 384
92 816 92 337
83 738 81 350
82 727 79 352
69 632 57 398
81 727 69 363
81 745 81 349
96 858 87 341
77 687 71 361
90 797 90 339
75 667 68 367
92 823 91 337
89 771 61 376
88 790 74 356
79 701 67 367
71 617 63 390
69 642 65 379
82 744 67 366
98 852 96 334
73 621 59 399
78 695 75 358
75 670 58 389
83 756 80 349
74 675 57 392
76 657 60 385
88 764 79 351
74 640 66 375
83 743 77 353
78 672 56 392
81 721 77 354
74 622 62 386
86 779 78 351
74 626 61 385
91 758 52 426
93 829 92 336
77 688 66 368
94 815 92 337
71 643 54 415
71 616 63 391
82 741 65 369
79 701 67 367
72 661 55 399
81 724 78 353
83 738 81 350
78 700 64 371
73 657 55 397
93 808 90 338
78 697 72 360
78 695 75 358
74 637 65 376
95 828 90 337
91 799 88 340
82 727 79 352
74 635 64 377
79 670 57 391
80 717 75 356
96 854 95 334
87 775 78 351
74 676 55 396
77 649 61 383
75 647 54 403
72 658 59 387
88 765 86 343
79 684 70 363
71 631 65 380
72 633 63 382
75 669 67 368
74 622 61 387
78 663 56 393
74 654 63 373
77 681 68 365
73 644 64 372
77 680 69 364
69 638 63 382
77 683 62 374
74 654 63 373
74 640 66 375
74 620 60 389
73 660 61 384
91 788 89 340
71 631 65 380
72 655 54 405
78 666 55 395
83 753 82 347
75 667 68 367
77 649 61 383
74 653 65 370
75 647 54 403
77 688 66 368
77 685 70 362
69 638 64 381
71 618 61 392
75 651 54 401
72 658 54 400
83 756 80 349
90 782 88 341
74 676 55 396
82 744 67 366
72 659 58 394
74 635 64 377
73 621 59 399
71 634 65 379
71 618 61 392
72 659 58 394
73 657 56 395
77 680 69 364
71 616 63 391
80 717 74 357
77 667 58 393
90 759 52 428
83 743 77 353
88 790 74 356
74 622 62 386
84 761 84 344
70 630 56 407
91 758 52 426
90 757 52 429
84 759 84 345
74 653 65 370
98 853 95 334
70 646 66 378
75 651 54 401
82 729 73 358
78 672 56 392
92 802 89 339
84 761 84 344
78 663 56 393
91 788 89 340
83 743 77 353
74 679 56 392
75 669 67 368
75 673 56 392
93 826 93 336
79 715 75 357
93 829 92 336
89 769 87 342
90 785 86 342
88 765 86 343
75 648 57 394
88 764 79 351
82 730 71 360
99 862 96 333
71 616 63 391
71 634 65 379
70 629 57 400
92 823 91 337
89 789 89 340
72 633 64 381
69 632 57 398
86 766 86 343
75 673 56 392
82 729 73 358
73 660 61 384
70 641 65 379
74 637 65 376
89 800 88 340
74 679 56 392
72 655 54 405
91 799 88 340
70 641 65 379
92 802 89 339
88 786 86 342
75 651 54 401
75 646 55 402
90 757 52 429
94 822 91 337
87 784 70 361
74 620 60 389
95 825 93 336
88 783 88 341
87 770 87 342
69 627 59 395
74 680 58 389
90 762 53 425
73 621 59 399
99 862 96 333
97 863 96 333
90 759 52 428
89 800 88 340
90 762 53 425
87 775 78 351
90 762 53 425
95 825 93 336
77 680 69 364
74 654 63 373
72 656 55 402
