88899 1620.49
85 712 79 351
83 714 79 351
83 714 79 351
78 656 60 379
78 656 60 379
76 637 66 371
74 642 68 376
83 697 77 354
81 683 64 371
79 656 67 366
83 704 60 377
79 665 66 368
78 650 62 377
85 712 79 351
77 641 68 368
75 639 68 369
79 663 63 373
78 668 71 361
78 655 70 362
77 648 62 379
75 646 65 375
84 713 79 351
80 682 78 354
77 672 76 356
76 662 75 358
84 709 73 358
84 702 78 352
83 700 77 353
83 698 75 355
82 681 62 374
80 682 61 376
80 669 69 364
80 666 68 365
79 683 78 354
79 667 74 357
79 657 65 369
78 674 77 355
76 657 75 360
75 649 72 364
75 643 66 374
74 646 69 369
74 645 70 371
74 644 71 365
84 702 78 352
82 704 78 352
82 681 62 374
81 702 77 353
81 678 62 375
80 666 68 365
79 683 78 354
78 681 74 357
75 652 72 363
74 646 69 369
79 671 72 359
78 652 61 378
77 667 76 357
76 656 74 361
76 651 73 362
75 645 67 373
79 663 63 373
84 709 73 358
81 678 62 375
81 700 76 355
76 642 64 376
80 678 75 356
78 674 77 355
83 697 77 354
82 704 78 352
81 702 77 353
78 650 72 363
77 672 76 356
77 651 67 367
75 652 72 363
75 651 69 367
75 650 70 366
80 678 75 356
79 657 64 372
78 660 72 360
78 652 65 370
78 652 61 378
76 662 75 358
76 660 75 359
76 643 67 370
76 643 65 372
75 645 70 368
83 710 73 358
79 680 75 356
78 658 72 361
78 653 68 366
76 637 66 371
75 639 68 369
84 713 79 351
83 710 73 358
83 703 78 352
83 703 78 352
83 698 75 355
82 701 77 353
82 699 77 354
82 699 75 355
81 701 77 354
81 700 76 355
79 680 75 356
79 673 77 355
79 673 77 355
79 671 76 356
78 681 74 357
78 666 74 358
78 661 75 358
78 661 75 358
78 660 73 359
78 654 69 365
78 652 72 362
77 671 75 357
77 670 73 359
77 670 73 359
77 669 71 362
77 667 74 358
77 659 72 361
77 649 70 365
77 648 69 366
77 641 68 368
76 662 72 360
76 660 70 363
76 659 70 364
76 656 70 365
76 654 71 364
76 645 68 367
76 643 67 370
76 642 64 376
74 644 71 365
85 712 79 351
85 712 79 351
85 712 79 351
85 712 79 351
85 712 79 351
85 712 79 351
85 712 79 351
85 712 79 351
85 712 79 351
85 712 79 351
85 712 79 351
85 712 79 351
85 712 79 351
85 712 79 351
85 712 79 351
85 712 79 351
85 712 79 351
85 712 79 351
85 712 79 351
85 712 79 351
85 712 79 351
85 712 79 351
85 712 79 351
84 713 79 351
83 703 78 352
88 743 71 362
84 716 79 351
82 699 69 365
79 668 72 361
77 670 74 359
85 730 78 352
79 685 77 356
84 709 72 359
78 670 73 361
82 713 79 353
83 718 79 352
78 676 72 361
80 687 74 357
83 706 77 354
81 694 78 354
83 709 75 355
78 672 75 357
83 716 77 353
80 683 77 356
80 697 78 355
81 686 77 355
80 698 77 355
80 687 73 359
80 696 75 356
82 709 77 354
83 709 78 353
96 830 77 353
85 730 79 351
85 687 72 361
79 674 75 357
88 754 78 352
89 734 76 355
82 694 73 359
79 681 74 359
82 701 75 356
81 694 74 357
79 686 77 356
83 717 79 353
81 695 78 354
86 718 78 353
81 697 76 356
84 718 77 354
84 712 79 353
81 683 77 356
81 696 77 355
85 728 78 353
83 717 79 353
95 819 78 352
87 745 79 351
87 727 72 364
82 708 73 366
81 677 75 359
79 685 77 359
95 780 72 363
84 717 73 360
84 715 79 353
80 693 75 358
85 729 75 356
86 732 79 352
80 701 76 357
83 706 78 354
85 724 77 354
80 697 74 360
81 694 74 358
85 705 78 355
83 718 76 356
83 720 73 359
82 701 75 357
81 696 77 356
82 720 77 355
92 760 79 351
83 723 73 362
81 691 76 359
80 695 78 358
87 725 77 355
82 707 74 359
86 744 76 356
84 715 74 358
86 736 79 352
85 724 75 357
83 718 79 354
81 700 77 356
85 740 77 354
84 723 79 353
85 726 77 355
82 699 75 358
82 697 77 358
98 793 73 365
88 742 79 352
85 711 76 362
84 725 73 368
83 717 75 361
87 756 77 354
84 728 79 353
85 714 78 356
86 739 74 358
85 718 75 358
87 745 77 355
88 717 74 358
84 717 77 356
85 712 77 359
93 754 74 358
88 771 74 358
88 731 79 355
86 746 74 362
86 744 79 353
85 713 77 361
83 724 76 363
90 764 77 354
85 725 77 356
87 759 77 355
102 884 74 363
94 769 74 364
87 749 79 353
84 725 80 364
92 769 76 362
88 738 77 358
91 760 77 355
85 740 77 356
93 755 75 362
90 767 77 354
91 765 79 353
90 784 77 354
88 752 81 355
88 748 79 360
88 738 80 358
87 756 77 356
87 755 78 358
89 738 79 358
95 817 77 355
94 800 77 359
92 788 79 354
88 742 85 364
87 756 78 358
91 774 79 356
92 781 81 355
92 804 78 354
101 855 77 363
94 811 81 355
92 762 86 370
90 769 79 358
91 796 79 357
96 835 79 358
93 793 79 359
97 832 81 362
