88542 3000.92
158 1450 113 513
152 1347 105 517
155 1392 96 524
175 1372 93 519
163 1469 81 482
201 1818 116 542
105 936 75 461
143 1213 76 480
209 1808 107 628
185 1672 141 571
213 1914 107 595
165 1502 102 551
206 1859 130 698
162 1366 81 547
140 1279 78 498
176 1577 95 556
173 1585 124 573
183 1600 131 579
175 1587 88 554
150 1396 90 499
179 1605 117 487
135 1255 96 471
172 1610 110 488
189 1698 109 596
142 1286 82 454
170 1485 81 466
175 1570 93 561
183 1697 80 640
152 1246 89 486
223 2044 108 563
175 1534 116 522
170 1467 108 486
171 1590 89 506
183 1590 122 587
120 1119 78 411
161 1457 118 598
149 1350 85 477
129 1205 82 505
130 1194 84 437
188 1705 113 519
160 1464 91 523
140 1243 80 475
207 1766 105 583
116 998 67 444
193 1708 127 655
186 1690 117 615
197 1738 114 546
181 1533 131 587
178 1634 106 570
205 1875 153 648
176 1584 105 582
167 1496 80 511
161 1498 85 477
152 1418 92 543
184 1677 128 631
148 1269 82 472
152 1341 100 587
195 1680 107 639
176 1455 108 525
165 1485 83 502
130 1160 76 483
136 1247 91 520
166 1534 136 512
171 1455 101 522
155 1356 93 482
125 1135 90 519
206 1919 100 598
203 1814 115 707
146 1310 111 523
141 1268 100 520
140 1282 75 472
156 1428 88 427
180 1584 129 560
174 1532 108 642
178 1665 133 583
180 1582 134 654
176 1622 110 490
195 1777 107 565
140 1293 69 410
123 1054 84 459
197 1751 95 609
130 1147 79 447
196 1689 93 593
195 1774 106 497
193 1772 124 552
156 1329 98 494
167 1458 89 606
172 1602 106 590
181 1567 91 502
115 1075 78 447
162 1475 123 606
204 1870 97 531
145 1273 76 458
128 1205 109 450
194 1767 152 655
125 1117 67 462
178 1650 95 582
156 1315 77 480
140 1313 83 511
142 1310 79 484
161 1455 93 534
166 1465 82 563
140 1267 90 474
142 1269 97 458
127 1175 80 459
146 1320 100 514
209 1784 120 608
134 1199 77 401
163 1480 104 519
147 1311 83 471
195 1774 121 655
171 1600 107 518
156 1424 105 509
195 1692 117 575
172 1386 98 525
140 1309 82 434
151 1350 99 550
174 1541 89 585
155 1359 99 567
149 1379 92 517
134 1179 97 480
206 1911 110 626
205 1727 110 663
177 1613 100 613
178 1524 107 573
194 1751 134 584
201 1918 107 556
177 1606 98 578
195 1748 115 569
169 1538 92 517
186 1696 115 601
172 1513 107 497
142 1291 100 534
131 1238 88 463
205 1775 116 520
186 1699 130 574
171 1539 91 547
179 1597 102 499
212 1872 111 605
208 1838 121 614
144 1293 69 477
156 1316 105 544
188 1668 130 629
202 1884 117 592
155 1393 70 487
219 1820 126 677
152 1403 119 526
166 1465 101 551
151 1423 98 608
160 1488 102 489
161 1466 81 513
199 1774 120 556
135 1176 82 473
200 1814 98 592
180 1707 107 517
218 1935 128 656
168 1523 92 594
172 1571 93 570
209 1835 94 635
198 1745 108 599
182 1655 113 563
162 1396 74 477
154 1352 75 463
172 1473 102 603
174 1645 101 611
153 1430 85 457
140 1179 93 437
209 1932 122 697
172 1455 114 514
187 1748 129 608
188 1733 98 562
126 1119 75 467
141 1255 82 499
191 1653 98 561
184 1606 101 629
199 1654 127 619
159 1454 69 506
131 1198 86 443
146 1317 94 468
147 1330 84 496
159 1468 86 474
153 1402 92 518
141 1320 104 500
125 1108 65 407
174 1486 112 495
233 2100 151 618
157 1376 83 529
173 1621 107 588
159 1459 102 501
138 1269 78 440
184 1707 141 540
200 1807 115 623
144 1182 104 481
120 1071 81 451
172 1567 121 571
180 1578 95 558
142 1327 89 445
141 1249 91 478
208 1862 118 673
151 1343 107 471
178 1482 89 560
186 1621 89 573
144 1277 77 429
197 1670 107 577
170 1544 105 500
142 1288 88 487
200 1751 101 642
145 1299 90 517
198 1762 107 571
151 1354 137 551
136 1258 76 437
150 1394 84 534
168 1542 95 506
179 1484 108 573
186 1661 107 529
150 1394 76 494
134 1206 73 436
176 1560 101 584
164 1450 93 498
159 1432 94 506
179 1623 100 523
155 1392 85 524
123 1143 81 426
201 1695 125 594
184 1729 116 597
156 1223 93 534
187 1633 109 497
164 1517 109 504
184 1652 139 610
119 1049 62 432
196 1771 91 497
131 1151 92 479
206 1916 133 621
175 1614 119 538
202 1724 101 578
157 1474 136 496
122 1110 76 397
193 1772 119 633
147 1373 75 515
131 1138 82 461
165 1449 89 591
177 1681 106 554
147 1404 88 451
167 1559 95 504
136 1242 68 468
144 1337 76 440
150 1277 116 521
159 1378 97 474
158 1463 124 584
185 1682 91 488
191 1635 115 564
200 1808 109 566
136 1144 68 517
165 1464 87 525
137 1261 76 462
180 1625 130 612
165 1447 82 528
139 1281 86 455
189 1551 105 608
173 1590 84 442
139 1261 83 461
196 1829 82 591
223 2024 120 690
181 1674 112 569
208 1868 129 620
147 1303 98 475
190 1620 116 588
201 1847 161 590
159 1395 104 506
138 1255 70 501
174 1544 108 583
125 1118 76 494
164 1525 100 521
224 1992 95 646
184 1741 96 615
157 1444 91 505
127 1123 83 529
172 1509 113 504
153 1388 116 530
161 1443 92 497
185 1606 131 570
106 926 67 435
208 1732 103 620
208 1793 97 673
191 1715 108 576
160 1448 100 573
186 1727 127 553
137 1185 71 484
127 1093 69 484
162 1435 106 553
219 1908 136 652
196 1695 125 561
195 1581 115 626
160 1355 102 519
149 1252 83 481
183 1692 100 540
181 1669 101 539
150 1371 99 480
135 1272 72 486
153 1370 79 567
