111842 3480.94
184 1690 152 604
164 1504 115 491
198 1791 114 579
183 1713 93 471
120 1127 82 429
174 1552 122 532
173 1441 107 484
131 1230 87 420
161 1544 85 553
216 1952 102 556
123 1168 78 437
129 1031 75 446
164 1401 88 492
183 1701 99 481
125 1193 76 427
173 1623 109 583
179 1589 130 587
169 1512 120 524
171 1598 101 554
202 1871 139 567
234 2122 134 591
157 1432 135 566
115 1080 68 399
181 1665 123 572
139 1330 75 482
166 1444 114 513
199 1833 97 524
190 1729 90 568
159 1435 117 551
138 1197 94 514
162 1478 125 561
145 1282 94 505
150 1427 92 554
223 2016 149 703
182 1629 109 542
151 1377 106 520
173 1604 101 596
189 1787 128 544
200 1838 161 652
135 1208 76 423
162 1527 129 578
191 1767 122 644
182 1606 94 564
158 1452 90 475
153 1367 95 501
194 1710 115 546
213 1835 170 546
204 1973 138 609
176 1605 98 601
153 1445 118 607
119 1085 75 465
138 1300 75 468
179 1660 118 566
177 1633 132 565
240 2131 116 683
157 1393 101 550
130 1194 79 446
165 1524 106 471
181 1637 115 534
221 1898 183 605
118 1100 69 421
157 1421 111 536
216 1967 109 629
141 1316 87 494
175 1567 129 568
176 1541 114 488
161 1489 84 497
172 1554 111 543
218 2006 170 644
181 1620 105 519
182 1593 112 528
180 1648 94 629
119 1086 82 424
174 1581 102 543
153 1374 107 507
138 1246 89 429
200 1778 148 549
150 1403 86 466
169 1512 129 566
159 1510 117 515
135 1244 81 461
216 1965 149 616
185 1683 136 544
241 2210 163 599
125 1129 92 512
180 1549 115 529
147 1345 94 467
175 1584 109 593
181 1655 124 493
165 1382 86 451
207 1824 132 587
172 1608 142 541
194 1838 99 573
144 1310 90 437
140 1319 78 465
144 1329 82 447
170 1500 101 570
154 1405 97 457
144 1326 85 498
177 1565 107 525
179 1633 122 585
189 1776 116 598
158 1518 101 492
173 1387 123 549
187 1698 101 563
173 1610 121 569
195 1842 129 557
176 1606 118 618
143 1341 74 443
157 1468 93 504
173 1502 95 539
187 1769 113 562
159 1492 88 475
134 1221 85 477
109 1031 65 405
218 2061 135 623
165 1448 72 490
178 1580 101 491
158 1405 122 491
121 1056 104 473
188 1667 98 516
207 1945 124 653
141 1314 97 494
144 1341 78 502
144 1343 99 457
107 1011 68 432
119 1093 63 415
136 1134 105 482
179 1563 102 590
150 1352 91 535
120 1130 76 446
188 1623 120 697
190 1697 140 607
152 1371 86 514
163 1507 91 493
130 1184 82 429
166 1602 91 513
169 1577 110 595
216 1910 158 651
114 1100 87 436
124 1139 70 439
177 1579 109 604
199 1787 94 549
199 1728 147 568
165 1532 101 538
164 1500 107 494
201 1792 135 571
170 1589 119 507
208 1834 98 535
246 2232 130 609
158 1409 131 525
196 1778 162 606
232 2088 130 570
122 1169 84 443
140 1330 74 433
169 1552 103 611
141 1242 94 542
131 1099 86 462
186 1728 126 604
179 1608 105 627
163 1515 98 472
158 1461 116 482
205 1864 135 665
148 1338 94 526
196 1797 119 572
182 1617 154 608
132 1215 95 483
184 1689 107 584
216 2005 141 568
153 1413 98 497
154 1394 86 478
144 1302 98 583
187 1682 86 529
144 1306 84 425
158 1459 93 504
127 1199 76 435
148 1377 95 483
156 1449 93 512
150 1374 79 444
173 1631 124 585
195 1794 127 637
153 1463 99 478
147 1382 92 510
118 1089 77 431
201 1769 112 483
159 1465 82 484
185 1731 114 542
154 1442 93 535
183 1662 93 540
147 1374 93 462
155 1389 107 494
185 1668 117 592
178 1652 159 649
198 1781 160 634
233 2127 162 727
160 1430 91 471
183 1732 125 575
118 1093 81 456
144 1272 89 473
145 1383 78 448
165 1435 129 519
171 1577 93 465
142 1344 82 435
191 1750 97 554
153 1378 102 480
143 1303 82 427
143 1287 83 470
177 1626 112 538
176 1525 138 533
176 1561 103 518
157 1429 110 505
160 1469 115 565
159 1375 92 469
180 1627 90 497
160 1442 91 449
201 1858 121 554
162 1477 87 425
173 1595 96 506
145 1252 98 476
173 1632 97 476
159 1487 95 531
159 1380 99 487
185 1737 120 584
130 1214 86 426
153 1384 104 521
158 1465 123 549
171 1548 106 539
158 1501 107 575
100 946 74 396
211 1938 127 605
148 1348 92 497
143 1316 84 460
134 1263 85 431
149 1365 112 510
184 1699 117 525
163 1550 106 525
164 1534 113 509
174 1605 110 539
149 1291 77 517
192 1746 123 511
204 1833 114 555
160 1446 78 449
122 1156 70 433
180 1674 102 501
181 1669 98 488
190 1711 138 642
163 1554 103 547
158 1415 92 529
181 1686 117 507
142 1267 105 503
158 1440 82 500
170 1584 123 519
151 1391 93 457
245 2266 133 687
175 1591 104 510
172 1606 134 592
171 1593 102 608
215 1745 120 642
176 1586 116 535
147 1280 92 514
143 1340 82 425
198 1782 154 660
167 1491 105 557
157 1441 106 484
137 1303 77 460
143 1316 105 459
216 1947 112 670
151 1428 103 562
190 1742 127 674
156 1404 102 480
177 1663 105 479
196 1742 131 599
192 1687 124 552
220 2085 151 697
187 1712 119 576
164 1523 98 618
171 1516 97 471
147 1387 95 541
150 1438 102 483
181 1700 107 604
189 1770 125 558
195 1612 92 551
157 1437 93 542
140 1289 85 494
129 1235 101 507
167 1498 118 526
148 1272 94 534
166 1563 106 538
114 1070 65 425
149 1365 88 467
122 1119 84 433
184 1700 100 504
120 1129 77 450
202 1840 145 640
150 1375 80 551
176 1629 121 546
137 1262 88 525
136 1184 94 504
164 1504 119 540
124 1082 76 443
