44982 1260.26
91 859 70 485
96 865 70 477
97 926 71 470
94 898 71 474
94 881 66 494
94 901 66 490
95 907 64 498
105 960 75 464
104 960 69 477
95 880 73 475
98 918 64 495
107 973 64 490
97 907 70 473
100 951 67 485
96 914 66 489
108 992 73 465
108 985 63 500
104 949 64 492
107 967 77 463
101 945 68 482
110 989 68 478
98 894 69 484
109 1020 70 469
99 918 75 469
93 892 70 479
100 909 79 466
106 992 67 483
103 944 75 466
114 953 66 484
101 900 73 472
99 940 77 467
97 881 69 488
104 978 72 468
99 894 64 501
98 930 65 494
102 971 66 488
93 880 71 479
100 941 70 472
99 929 69 482
102 959 73 468
99 927 68 485
111 1047 75 463
106 960 70 471
112 1043 72 466
98 856 79 486
110 1016 66 486
97 898 71 473
105 980 68 481
105 940 72 469
101 943 75 467
111 1029 65 489
101 933 75 468
107 978 73 467
105 975 63 503
95 888 70 477
99 857 76 500
101 920 72 471
98 931 68 487
102 961 72 469
118 1126 80 458
109 986 62 504
98 856 79 486
91 859 70 485
179 1592 97 567
196 1747 120 608
183 1638 104 608
194 1782 117 597
216 1918 101 593
168 1553 105 567
192 1808 101 619
193 1810 137 631
199 1751 116 585
150 1371 103 625
178 1624 93 623
196 1761 133 624
169 1496 101 549
164 1517 107 586
188 1692 98 605
156 1358 84 537
166 1511 80 612
166 1554 138 612
187 1692 114 568
193 1611 91 596
167 1562 93 607
198 1898 103 578
179 1523 142 586
176 1544 102 602
160 1407 108 599
178 1568 107 570
188 1698 106 567
175 1569 96 574
158 1459 99 607
180 1635 84 564
203 1823 111 623
165 1474 95 560
162 1440 106 587
163 1478 131 629
201 1731 105 583
189 1683 124 589
170 1476 115 564
194 1712 152 618
215 1970 173 614
171 1561 95 604
184 1645 121 609
185 1690 117 577
165 1405 95 565
168 1492 110 557
184 1720 117 618
209 1855 136 601
188 1662 116 573
191 1785 122 582
179 1627 102 612
173 1565 124 594
182 1658 104 597
191 1722 116 617
196 1791 121 585
188 1642 127 605
189 1764 122 627
199 1741 119 619
173 1574 123 606
176 1662 110 573
181 1668 103 602
218 2019 136 638
168 1477 92 636
173 1535 131 608
177 1520 86 588
174 1630 125 620
206 1778 116 604
191 1708 122 571
174 1546 119 600
196 1772 150 583
209 1964 114 605
176 1602 98 565
186 1699 121 618
156 1476 120 594
189 1704 131 645
161 1509 99 606
149 1390 116 599
166 1461 83 555
193 1698 115 592
199 1674 129 598
240 2198 110 568
198 1704 147 618
211 2004 116 602
203 1794 134 628
181 1695 95 589
188 1651 100 597
169 1500 122 601
183 1629 135 610
221 2023 99 614
200 1822 130 594
187 1744 108 577
177 1565 101 576
175 1613 121 598
211 1949 99 618
199 1793 109 618
209 1859 99 620
199 1744 147 643
180 1622 120 584
203 1834 127 605
187 1762 109 587
143 1359 97 589
201 1750 119 627
205 1862 153 624
171 1594 126 607
190 1739 122 607
168 1465 113 587
215 1922 128 613
173 1606 123 580
190 1597 100 582
177 1651 109 593
164 1480 118 571
180 1507 96 594
196 1807 125 634
151 1411 99 565
175 1585 119 571
159 1424 136 605
163 1453 101 553
172 1585 112 538
169 1575 119 597
168 1526 123 599
197 1807 107 606
173 1623 126 605
175 1569 129 596
179 1610 127 596
164 1515 103 575
214 1988 121 668
177 1675 107 582
203 1725 142 617
183 1627 93 580
165 1539 99 559
191 1763 148 606
173 1579 94 589
197 1817 127 589
174 1550 116 565
173 1600 94 591
188 1772 108 603
191 1764 131 595
167 1514 131 618
195 1802 141 601
185 1729 102 601
175 1515 104 608
166 1501 99 597
185 1744 117 592
227 2141 103 615
180 1635 143 597
203 1799 100 608
175 1597 115 599
164 1445 123 567
194 1671 139 607
177 1523 105 584
173 1569 115 604
171 1603 109 572
165 1530 136 575
172 1571 126 599
163 1519 92 581
175 1568 93 593
189 1662 109 622
187 1648 102 593
177 1651 124 595
150 1412 85 573
174 1515 123 594
178 1628 141 575
194 1798 102 581
202 1873 94 589
167 1535 95 603
180 1587 127 594
163 1522 114 610
176 1645 85 557
187 1713 145 644
178 1644 101 599
200 1828 140 635
168 1563 97 572
188 1817 146 590
157 1491 94 610
217 1840 128 657
205 1836 104 612
169 1629 84 589
185 1652 96 597
193 1747 151 637
186 1727 104 597
156 1448 93 571
152 1426 101 551
193 1694 115 633
195 1742 94 626
164 1490 101 580
150 1373 104 581
184 1697 134 633
164 1571 121 539
199 1747 101 597
172 1601 98 613
217 1853 132 610
187 1651 109 577
167 1593 98 576
217 1882 102 622
175 1660 113 571
174 1603 102 588
170 1463 104 582
203 1767 120 587
184 1720 107 582
218 1874 101 604
173 1632 92 575
183 1649 136 600
170 1486 122 586
154 1393 101 597
185 1688 154 621
179 1639 113 568
162 1543 115 583
194 1654 134 594
185 1614 145 584
180 1592 103 577
163 1490 101 614
164 1504 104 624
197 1720 94 567
186 1619 131 628
197 1764 132 592
162 1479 114 591
198 1801 115 594
143 1340 88 581
165 1499 90 602
182 1716 101 562
161 1466 98 586
176 1520 112 570
177 1559 92 563
188 1692 122 637
166 1407 103 603
178 1668 144 572
170 1529 93 605
189 1809 124 583
161 1413 100 580
188 1732 110 574
159 1437 109 591
175 1575 107 587
220 1878 124 639
212 1912 98 596
178 1644 92 552
169 1576 93 580
168 1490 91 590
179 1693 121 595
160 1394 97 571
