105841 3421.01
98 833 56 405
92 842 90 350
71 633 64 392
72 628 54 415
73 617 63 391
93 841 91 349
95 835 56 405
90 798 88 353
92 814 90 351
83 749 82 360
84 753 82 359
80 708 72 372
83 731 81 361
78 683 66 380
74 654 70 376
91 818 56 406
91 821 91 350
72 628 57 406
73 638 59 399
91 808 88 352
84 736 73 370
76 671 54 408
78 676 64 383
73 642 57 404
95 839 91 349
83 744 74 369
95 792 56 406
85 751 72 371
87 768 85 356
86 752 65 381
72 628 55 414
85 760 84 358
90 809 88 352
81 717 79 364
72 630 62 396
73 630 54 410
76 671 54 408
79 699 75 368
85 764 84 357
86 769 85 356
93 819 91 350
77 687 70 374
73 631 58 405
86 767 62 386
76 667 55 407
88 783 86 355
89 788 87 354
72 630 62 396
82 727 79 363
71 648 68 389
78 683 66 380
84 713 80 363
90 798 88 353
78 686 71 373
79 699 75 368
88 783 86 355
72 632 58 402
80 707 77 366
81 716 78 365
73 618 61 393
73 626 63 385
77 687 70 374
73 634 67 379
84 736 73 370
83 755 80 362
79 703 73 371
87 771 67 378
81 716 78 365
73 625 63 387
72 628 55 414
75 664 71 375
79 703 73 371
72 628 61 397
73 638 59 399
73 626 64 384
88 789 87 354
89 788 87 354
82 738 78 364
94 834 90 350
80 708 72 372
94 834 90 350
81 716 78 365
85 729 81 361
87 784 86 355
80 706 76 367
89 795 76 366
89 799 88 353
77 663 68 378
83 744 74 369
85 780 85 356
79 700 74 370
74 651 69 377
76 667 55 407
74 654 70 376
75 648 69 377
77 687 70 374
78 695 73 372
71 633 65 391
88 789 87 354
75 664 71 375
82 715 80 363
86 769 85 356
85 729 81 361
73 619 60 394
80 719 79 364
85 723 81 362
78 695 73 372
73 631 58 405
73 646 66 381
80 693 68 377
79 700 74 370
72 632 58 402
73 634 67 379
73 637 55 409
73 642 57 404
89 795 76 366
73 645 69 378
82 715 79 364
75 648 69 377
79 711 77 366
86 752 65 381
72 628 60 398
72 628 60 398
73 645 69 378
89 788 87 354
89 788 87 354
82 738 78 364
73 620 62 392
72 628 60 398
83 749 82 360
73 630 54 410
91 821 90 351
73 623 61 392
86 763 84 357
84 761 84 358
85 723 81 362
73 621 63 389
85 751 72 371
83 755 80 362
87 775 60 389
80 693 68 377
77 688 71 373
78 676 64 383
73 645 69 378
83 731 81 361
73 618 61 393
84 753 82 359
79 694 68 377
77 685 69 375
72 627 61 401
73 617 63 391
73 624 60 390
76 647 61 388
72 627 61 401
84 730 81 361
73 626 65 382
86 767 62 386
73 619 60 394
95 835 56 405
75 648 69 377
73 625 63 387
90 809 88 352
79 701 77 367
73 624 60 390
78 686 71 373
73 637 55 409
92 814 90 351
76 667 55 407
87 775 60 389
87 784 86 355
72 628 59 400
73 617 63 391
81 717 79 364
86 763 84 357
88 789 87 354
73 626 65 382
73 626 63 385
71 650 68 388
72 628 59 400
72 628 54 415
74 639 66 381
79 710 76 367
73 638 56 407
94 834 90 350
72 628 60 398
88 789 87 354
74 654 70 376
90 798 88 353
73 626 64 384
86 752 65 381
78 676 64 383
72 628 61 397
85 780 85 356
75 664 71 375
74 639 66 381
74 651 69 377
85 764 84 357
74 654 70 376
88 789 87 354
79 703 73 371
87 771 67 378
77 685 69 375
95 839 91 349
79 701 77 367
82 727 79 363
80 717 78 365
83 737 78 364
93 841 91 349
82 727 79 363
93 819 91 350
79 711 77 366
83 725 81 362
79 710 76 367
84 713 80 363
83 725 81 362
71 650 68 388
80 719 79 364
78 695 73 372
91 808 88 352
73 646 66 381
80 706 76 367
87 768 85 356
84 761 84 358
76 647 61 388
77 688 71 373
79 711 77 366
86 752 65 381
77 663 68 378
71 633 64 392
80 707 77 366
73 625 63 387
79 700 74 370
74 651 69 377
89 799 88 353
72 632 58 402
73 638 59 399
71 650 68 388
82 715 80 363
91 818 56 406
73 621 63 389
90 798 88 353
92 842 90 350
81 717 79 364
85 760 84 358
86 763 84 357
73 638 59 399
84 730 81 361
79 710 76 367
79 694 68 377
74 639 66 381
73 623 61 392
75 664 71 375
88 789 87 354
83 731 81 361
88 789 87 354
76 671 54 408
86 752 65 381
89 788 87 354
89 799 88 353
83 731 81 361
84 753 82 359
93 819 91 350
84 761 84 358
89 788 87 354
76 647 61 388
74 651 69 377
73 617 63 391
79 699 75 368
81 716 78 365
73 634 67 379
73 642 57 404
89 795 76 366
90 809 88 352
81 716 78 365
89 788 87 354
72 628 59 400
73 626 62 387
72 628 59 400
91 818 56 406
76 667 55 407
73 626 64 384
72 627 61 401
87 784 86 355
91 821 91 350
75 664 71 375
89 788 87 354
79 699 75 368
74 654 70 376
73 617 63 391
72 632 58 402
82 727 79 363
92 814 90 351
72 628 54 415
79 703 73 371
83 731 81 361
80 719 79 364
90 809 88 352
94 834 90 350
89 788 87 354
72 628 54 415
