19485 600.162
87 751 70 453
87 749 70 456
92 795 62 479
97 812 84 438
91 756 69 450
91 752 74 447
96 824 77 441
91 760 67 453
87 751 68 454
91 752 70 449
89 763 75 443
91 752 77 446
94 789 72 444
91 758 79 445
88 752 72 448
89 756 64 462
89 757 74 447
89 773 65 458
91 761 69 450
88 751 70 449
98 823 67 449
93 768 72 444
89 763 75 443
88 755 77 446
88 754 64 471
91 753 79 445
88 756 63 463
91 755 68 452
93 769 72 444
89 764 70 445
93 773 72 444
87 752 64 465
91 755 69 450
91 756 79 445
91 755 69 450
91 750 70 449
93 775 79 441
89 763 75 443
91 755 79 445
91 750 72 448
100 807 70 445
92 754 70 449
92 789 74 443
88 755 77 446
91 750 70 449
93 775 68 448
90 776 79 441
88 753 66 457
91 758 68 452
87 764 63 463
92 757 66 457
93 774 67 450
91 753 74 447
87 754 64 462
91 755 68 452
87 753 65 461
93 771 69 447
91 756 79 445
90 768 72 444
88 765 79 445
93 770 77 442
91 755 77 446
90 780 65 457
87 750 64 465
87 752 66 457
91 756 74 447
93 772 79 441
90 769 70 445
91 751 74 447
87 752 66 457
89 763 75 443
88 750 70 454
93 781 69 446
89 763 70 446
87 750 64 462
91 760 67 453
94 811 72 444
88 754 70 449
89 763 75 443
88 753 68 454
87 778 63 477
89 763 75 443
93 775 77 442
89 763 70 445
94 788 65 454
91 753 74 447
93 772 69 447
88 753 66 457
91 752 77 446
88 752 72 448
94 779 77 442
93 775 66 453
91 755 77 446
91 752 77 446
89 767 64 462
87 750 64 465
89 763 75 443
90 774 79 441
87 751 68 454
87 750 64 465
93 773 74 443
91 753 79 445
89 763 75 443
89 759 68 453
91 750 72 448
90 764 75 444
94 780 70 445
87 751 66 460
90 760 70 449
91 752 70 449
91 753 74 447
88 756 63 463
91 756 79 445
88 758 79 445
90 775 64 458
91 753 70 449
92 758 65 458
91 753 79 445
92 789 69 447
87 751 70 453
94 782 79 441
89 763 75 443
92 754 70 449
91 751 74 447
87 750 64 465
91 750 67 460
93 770 72 444
87 764 63 466
91 752 74 447
91 756 69 450
90 764 75 444
91 751 72 448
89 763 75 443
89 763 75 443
87 750 64 462
94 789 65 455
89 763 75 443
89 763 75 443
93 768 70 445
88 752 72 448
94 785 66 453
93 781 69 446
90 769 77 442
88 752 77 450
90 783 64 458
91 758 79 445
94 782 69 447
91 752 72 448
91 752 72 448
87 752 67 456
89 763 75 443
87 752 67 456
87 752 64 462
91 753 79 445
93 774 67 449
91 751 74 447
95 821 79 440
90 768 72 444
88 756 68 451
87 750 64 462
93 796 68 447
87 752 64 465
89 763 75 443
91 753 79 445
91 751 70 453
94 806 68 447
90 774 79 441
88 753 72 448
91 761 69 450
89 760 66 457
92 758 65 458
91 756 67 454
89 763 75 443
89 763 75 444
87 752 64 462
87 750 64 462
91 760 67 453
89 763 75 443
91 756 79 445
88 761 69 450
98 818 79 440
93 768 72 444
91 790 69 446
87 752 67 456
91 754 68 452
91 752 70 449
92 790 79 441
89 760 69 450
87 750 64 462
91 750 70 449
89 763 75 443
87 750 64 465
94 774 70 445
90 769 70 445
87 751 68 454
93 779 67 449
89 763 75 443
89 770 66 453
91 756 69 450
87 750 64 462
95 796 67 449
93 776 70 445
90 769 77 442
88 755 77 446
93 773 66 453
91 753 79 445
87 753 64 462
87 752 64 462
91 753 74 447
88 755 74 447
93 772 79 441
91 752 70 449
91 755 67 455
91 753 79 445
88 753 68 454
87 749 70 457
94 786 74 443
89 763 75 443
91 753 79 445
91 750 70 449
92 789 74 443
91 752 77 446
91 756 79 445
87 750 64 462
87 749 70 457
100 804 70 445
94 793 79 441
91 753 79 445
93 781 69 446
89 757 72 448
91 756 67 454
92 802 65 454
91 755 79 445
87 760 65 461
92 757 66 457
91 755 68 452
93 774 67 449
91 753 74 447
90 768 72 444
87 751 70 453
93 777 77 442
91 758 79 445
87 752 64 465
91 751 74 447
88 756 63 463
91 753 79 445
89 763 75 443
88 757 66 457
91 751 74 447
87 750 64 465
91 756 79 445
91 750 72 448
89 763 75 443
91 755 77 446
88 755 77 446
88 756 63 470
89 763 75 443
91 779 68 448
95 793 69 446
88 755 77 446
90 783 64 458
91 752 72 448
90 795 79 441
88 754 72 448
92 766 65 458
91 756 79 445
93 807 66 453
91 757 69 450
91 753 79 445
87 751 70 453
93 769 74 443
90 787 64 458
91 753 79 445
91 752 72 448
87 753 64 462
91 751 74 447
93 775 79 441
89 763 75 443
91 757 67 453
91 750 72 448
96 805 74 443
91 755 79 445
89 763 75 443
89 756 70 449
91 751 74 447
91 761 69 450
89 763 75 443
87 749 70 454
94 792 67 449
91 757 67 455
88 756 68 451
88 756 68 451
91 756 79 445
89 763 70 445
92 760 65 458
87 751 68 454
87 753 64 465
91 753 79 445
93 800 68 448
87 752 66 457
