221065 1500.1
103 940 76 470
118 1091 62 476
139 1331 60 458
143 1307 63 435
140 1241 78 416
129 1204 88 420
119 1088 57 460
139 1331 60 458
104 976 68 448
139 1331 60 458
104 976 68 448
131 1173 61 452
143 1307 63 435
140 1241 78 416
127 1171 69 426
119 1088 57 460
109 1012 81 440
137 1269 62 445
109 1012 81 440
137 1269 62 445
129 1124 64 440
110 1037 63 463
123 1051 72 434
118 1091 62 476
108 1006 73 447
127 1171 69 426
137 1269 62 445
133 1185 86 420
108 1006 73 447
123 1113 76 421
103 940 76 470
114 973 64 450
114 973 64 450
108 1006 73 447
140 1241 78 416
143 1307 63 435
115 1077 74 424
112 1055 76 429
119 1088 57 460
129 1178 68 431
113 1044 86 426
132 1232 74 418
129 1204 88 420
123 1113 76 421
109 1012 81 440
118 1112 66 445
118 1089 70 424
113 957 75 435
110 1037 63 463
133 1226 84 420
121 1113 62 448
123 1113 76 421
132 1232 74 418
127 1171 69 426
113 957 75 435
118 1091 62 476
115 1077 74 424
119 1088 57 460
128 1194 64 439
121 1113 62 448
115 1077 74 424
137 1269 62 445
109 1017 72 442
117 1113 66 442
112 1055 76 429
112 1055 76 429
127 1171 69 426
110 1037 63 463
129 1227 65 436
123 1123 66 433
130 1207 75 422
109 1017 72 442
143 1307 63 435
118 1097 67 447
112 1055 76 429
137 1269 62 445
113 1044 86 426
130 1207 75 422
119 1088 57 460
118 1097 67 447
132 1232 74 418
131 1173 61 452
123 1123 66 433
119 1088 57 460
140 1241 78 416
108 1006 73 447
137 1269 62 445
110 1037 63 463
123 1123 66 433
131 1173 61 452
130 1207 75 422
132 1232 74 418
129 1178 68 431
108 1006 73 447
129 1178 68 431
115 1077 74 424
108 1006 73 447
118 1091 62 476
129 1124 64 440
137 1269 62 445
139 1331 60 458
128 1194 64 439
130 1207 75 422
129 1227 65 436
117 1113 66 442
123 1123 66 433
104 976 68 448
114 973 64 450
129 1204 88 420
113 1044 86 426
117 1113 66 442
129 1204 88 420
129 1227 65 436
117 1113 66 442
108 1006 73 447
130 1207 75 422
112 1055 76 429
129 1124 64 440
143 1307 63 435
117 1113 66 442
118 1097 67 447
123 1113 76 421
123 1113 76 421
108 1006 73 447
108 1006 73 447
108 1006 73 447
108 1006 73 447
109 1017 72 442
103 940 76 470
129 1204 88 420
121 1113 62 448
129 1227 65 436
121 1124 63 442
118 1112 66 445
108 1006 73 447
129 1124 64 440
121 1113 62 448
115 1077 74 424
121 1113 62 448
121 1113 62 448
104 976 68 448
112 1055 76 429
119 1088 57 460
113 957 75 435
127 1171 69 426
115 1077 74 424
132 1232 74 418
139 1331 60 458
129 1124 64 440
129 1204 88 420
140 1241 78 416
123 1113 76 421
129 1204 88 420
128 1194 64 439
119 1088 57 460
133 1226 84 420
130 1207 75 422
123 1123 66 433
118 1097 67 447
130 1207 75 422
113 1044 86 426
129 1204 88 420
110 1037 63 463
112 1055 76 429
131 1173 61 452
129 1124 64 440
143 1307 63 435
131 1173 61 452
110 1037 63 463
139 1331 60 458
127 1171 69 426
112 1055 76 429
123 1051 72 434
123 1051 72 434
108 1006 73 447
112 1055 76 429
103 940 76 470
140 1241 78 416
133 1185 86 420
123 1123 66 433
127 1171 69 426
123 1051 72 434
123 1051 72 434
140 1241 78 416
129 1204 88 420
110 1037 63 463
129 1124 64 440
127 1171 69 426
143 1307 63 435
108 1006 73 447
131 1173 61 452
129 1178 68 431
139 1331 60 458
127 1171 69 426
129 1204 88 420
140 1241 78 416
143 1307 63 435
118 1091 62 476
123 1113 76 421
113 957 75 435
118 1089 70 424
118 1112 66 445
129 1227 65 436
112 1055 76 429
119 1088 57 460
129 1124 64 440
137 1269 62 445
112 1055 76 429
109 1012 81 440
127 1171 69 426
112 1055 76 429
129 1204 88 420
112 1055 76 429
119 1088 57 460
112 1055 76 429
108 1006 73 447
115 1077 74 424
140 1241 78 416
129 1204 88 420
129 1124 64 440
133 1226 84 420
130 1207 75 422
123 1123 66 433
113 1044 86 426
114 973 64 450
113 1044 86 426
129 1204 88 420
110 1037 63 463
104 976 68 448
131 1173 61 452
119 1088 57 460
143 1307 63 435
123 1123 66 433
110 1037 63 463
139 1331 60 458
117 1113 66 442
112 1055 76 429
123 1051 72 434
123 1051 72 434
108 1006 73 447
127 1171 69 426
108 1006 73 447
121 1124 63 442
121 1113 62 448
115 1077 74 424
121 1113 62 448
129 1227 65 436
103 940 76 470
119 1088 57 460
113 957 75 435
129 1227 65 436
108 1006 73 447
123 1113 76 421
139 1331 60 458
118 1097 67 447
143 1307 63 435
130 1207 75 422
117 1113 66 442
129 1204 88 420
129 1227 65 436
112 1055 76 429
129 1178 68 431
123 1113 76 421
132 1232 74 418
118 1089 70 424
130 1207 75 422
129 1227 65 436
112 1055 76 429
131 1173 61 452
129 1124 64 440
137 1269 62 445
115 1077 74 424
109 1012 81 440
127 1171 69 426
140 1241 78 416
129 1204 88 420
119 1088 57 460
119 1088 57 460
112 1055 76 429
108 1006 73 447
115 1077 74 424
110 1037 63 463
130 1207 75 422
140 1241 78 416
139 1331 60 458
123 1123 66 433
127 1171 69 426
123 1051 72 434
123 1051 72 434
140 1241 78 416
129 1204 88 420
129 1204 88 420
129 1124 64 440
137 1269 62 445
143 1307 63 435
131 1173 61 452
118 1091 62 476
108 1006 73 447
127 1171 69 426
129 1204 88 420
