381104 1980.13
109 1016 86 442
109 1016 86 442
102 971 68 494
114 947 70 500
140 1282 60 440
127 1190 78 411
126 1161 56 457
102 954 72 469
141 1224 70 413
102 971 68 494
128 1111 60 450
102 971 68 494
140 1282 60 440
114 995 63 480
141 1224 70 413
134 1153 59 470
134 1153 59 470
108 993 65 443
120 1099 63 448
110 1000 71 429
118 1023 68 437
127 1190 78 411
134 1153 59 470
104 965 75 449
127 1190 78 411
134 1153 59 470
118 1057 68 419
109 962 66 456
127 1190 78 411
121 1124 67 442
110 1034 70 420
110 1034 70 420
120 1029 74 427
116 1072 69 440
127 1141 68 415
127 1141 68 415
105 964 70 453
120 1099 63 448
118 1057 68 419
106 951 74 446
114 947 70 500
114 995 63 480
102 962 70 474
120 1029 74 427
102 971 68 494
122 1086 62 447
122 1086 62 447
112 1027 60 454
124 1125 64 428
116 1072 69 440
123 1152 61 443
134 1153 59 470
107 1010 62 451
110 1000 71 429
120 1029 74 427
102 954 72 469
104 965 75 449
118 1057 68 419
120 1029 74 427
102 962 70 474
112 1019 74 428
134 1153 59 470
123 1116 64 441
110 1000 71 429
107 1010 62 451
123 1131 61 444
122 1086 62 447
120 1129 67 439
106 951 74 446
123 1116 64 441
111 1066 69 442
106 951 74 446
122 1086 62 447
122 1086 62 447
123 1152 61 443
123 1152 61 443
128 1111 60 450
124 1125 64 428
128 1111 60 450
107 1010 62 451
140 1282 60 440
110 1034 70 420
110 1000 71 429
124 1131 63 442
120 1129 67 439
128 1111 60 450
104 965 75 449
108 993 65 443
116 1072 69 440
105 964 70 453
108 993 65 443
121 1124 67 442
105 964 70 453
116 1072 69 440
120 1029 74 427
110 1034 70 420
134 1153 59 470
110 1034 70 420
124 1131 63 442
120 1099 63 448
128 1111 60 450
102 971 68 494
106 951 74 446
109 962 66 456
120 1129 67 439
104 965 75 449
127 1190 78 411
112 1027 60 454
128 1111 60 450
107 1010 62 451
114 995 63 480
128 1111 60 450
116 1072 69 440
110 1000 71 429
114 995 63 480
123 1081 67 429
110 1034 70 420
104 965 75 449
109 1016 86 442
123 1131 61 444
128 1111 60 450
127 1141 68 415
109 962 66 456
122 1086 62 447
123 1081 67 429
140 1282 60 440
110 1034 70 420
120 1099 63 448
128 1111 60 450
106 951 74 446
120 1099 63 448
107 1010 62 451
120 1029 74 427
122 1086 62 447
112 1027 60 454
107 1010 62 451
128 1111 60 450
104 965 75 449
123 1152 61 443
102 954 72 469
110 1000 71 429
120 1029 74 427
128 1111 60 450
123 1152 61 443
124 1125 64 428
128 1111 60 450
123 1081 67 429
120 1129 67 439
108 993 65 443
109 962 66 456
128 1111 60 450
128 1111 60 450
112 1027 60 454
116 1072 69 440
120 1129 67 439
134 1153 59 470
134 1153 59 470
123 1131 61 444
116 1072 69 440
105 964 70 453
105 964 70 453
118 1023 68 437
118 1023 68 437
109 962 66 456
102 971 68 494
120 1129 67 439
123 1131 61 444
105 964 70 453
126 1161 56 457
121 1124 67 442
105 964 70 453
140 1282 60 440
105 964 70 453
141 1224 70 413
114 947 70 500
116 1072 69 440
122 1086 62 447
120 1129 67 439
118 1057 68 419
114 1069 64 449
118 1057 68 419
102 971 68 494
127 1190 78 411
140 1282 60 440
110 1034 70 420
123 1152 61 443
123 1116 64 441
118 1057 68 419
134 1153 59 470
128 1111 60 450
112 1027 60 454
112 1019 74 428
123 1152 61 443
102 971 68 494
102 962 70 474
128 1111 60 450
110 1034 70 420
107 1010 62 451
128 1111 60 450
114 947 70 500
128 1111 60 450
110 1034 70 420
110 1000 71 429
114 995 63 480
110 1034 70 420
134 1153 59 470
140 1282 60 440
141 1224 70 413
102 971 68 494
110 1034 70 420
110 1000 71 429
123 1081 67 429
122 1086 62 447
128 1111 60 450
114 995 63 480
140 1282 60 440
102 971 68 494
122 1086 62 447
120 1099 63 448
114 995 63 480
104 965 75 449
134 1153 59 470
123 1131 61 444
116 1072 69 440
110 1034 70 420
105 964 70 453
118 1023 68 437
118 1023 68 437
123 1081 67 429
102 971 68 494
116 1072 69 440
110 1000 71 429
116 1072 69 440
126 1161 56 457
114 995 63 480
105 964 70 453
107 1010 62 451
105 964 70 453
114 947 70 500
127 1190 78 411
109 962 66 456
120 1099 63 448
114 947 70 500
110 1034 70 420
107 1010 62 451
128 1111 60 450
104 965 75 449
140 1282 60 440
110 1000 71 429
120 1029 74 427
121 1124 67 442
123 1152 61 443
124 1125 64 428
128 1111 60 450
123 1081 67 429
120 1129 67 439
123 1131 61 444
116 1072 69 440
128 1111 60 450
109 1016 86 442
110 1034 70 420
114 947 70 500
128 1111 60 450
110 1034 70 420
110 1000 71 429
114 995 63 480
110 1034 70 420
134 1153 59 470
127 1190 78 411
141 1224 70 413
102 971 68 494
128 1111 60 450
127 1190 78 411
123 1081 67 429
122 1086 62 447
128 1111 60 450
114 995 63 480
106 951 74 446
102 971 68 494
120 1099 63 448
124 1131 63 442
118 1057 68 419
120 1029 74 427
118 1057 68 419
114 1069 64 449
118 1057 68 419
102 971 68 494
127 1190 78 411
127 1190 78 411
123 1152 61 443
120 1129 67 439
110 1034 70 420
134 1153 59 470
106 951 74 446
112 1027 60 454
112 1019 74 428
123 1152 61 443
102 971 68 494
102 962 70 474
118 1057 68 419
