266344 1260.08
134 1232 59 492
110 992 98 447
104 954 85 507
109 947 75 477
124 1103 82 419
159 1429 62 445
104 954 85 507
104 954 85 507
159 1429 62 445
104 954 85 507
110 992 98 447
145 1338 59 486
135 1207 69 429
145 1338 59 486
124 1140 77 424
109 954 82 474
127 1136 64 443
130 1153 60 462
127 1136 64 443
116 1041 66 437
120 997 69 453
133 1069 63 445
118 1082 60 467
126 1168 67 432
111 1036 63 455
109 954 82 474
110 997 68 480
130 1153 60 462
109 947 75 477
107 952 69 490
115 1001 68 441
145 1338 59 486
106 1025 67 465
107 952 69 490
109 954 82 474
122 1032 61 475
108 1016 72 461
118 1006 65 466
117 1023 70 425
125 1195 61 447
133 1069 63 445
109 954 82 474
116 1054 62 451
124 1140 77 424
112 963 68 458
121 1169 65 435
105 1004 74 443
133 1069 63 445
113 1018 63 447
116 1093 71 429
133 1224 74 422
121 1169 65 435
107 986 72 462
112 963 68 458
117 1023 70 425
116 1054 62 451
111 1036 63 455
120 997 69 453
116 1093 71 429
125 1195 61 447
114 1002 68 456
123 1160 76 420
124 1103 82 419
123 1160 76 420
118 1006 65 466
126 1168 67 432
112 963 68 458
133 1224 74 422
133 1224 74 422
126 1168 67 432
110 997 68 480
109 947 75 477
108 1016 72 461
118 1006 65 466
116 1054 62 451
117 1023 70 425
120 997 69 453
110 992 98 447
124 1139 68 432
130 1153 60 462
114 1002 68 456
126 1168 67 432
125 1195 61 447
130 1153 60 462
124 1140 77 424
125 1195 61 447
113 1018 63 447
108 1016 72 461
159 1429 62 445
109 947 75 477
133 1224 74 422
112 963 68 458
134 1232 59 492
109 947 75 477
115 1001 68 441
124 1140 77 424
124 1139 68 432
105 1004 74 443
110 997 68 480
116 1093 71 429
108 1016 72 461
117 1023 70 425
110 992 98 447
134 1232 59 492
112 1034 62 461
104 954 85 507
124 1139 68 432
112 963 68 458
111 1036 63 455
124 1140 77 424
108 1016 72 461
113 1018 63 447
123 1160 76 420
114 1002 68 456
122 1032 61 475
108 1016 72 461
111 1036 63 455
118 1006 65 466
118 1006 65 466
109 947 75 477
133 1224 74 422
124 1140 77 424
123 1160 76 420
133 1224 74 422
118 1006 65 466
110 992 98 447
123 1160 76 420
130 1153 60 462
124 1140 77 424
124 1103 82 419
123 1160 76 420
108 1016 72 461
110 1025 68 452
130 1153 60 462
116 1093 71 429
116 1054 62 451
111 1036 63 455
130 1153 60 462
110 992 98 447
159 1429 62 445
104 958 74 470
133 1069 63 445
104 954 85 507
126 1168 67 432
118 1006 65 466
112 1034 62 461
111 1036 63 455
121 1169 65 435
117 1023 70 425
108 1016 72 461
124 1103 82 419
104 954 85 507
116 1054 62 451
110 997 68 480
107 952 69 490
123 1160 76 420
104 954 85 507
130 1153 60 462
145 1338 59 486
159 1429 62 445
134 1232 59 492
145 1338 59 486
133 1069 63 445
112 963 68 458
130 1153 60 462
106 1002 82 469
116 1093 71 429
116 1054 62 451
124 1103 82 419
124 1139 68 432
109 954 82 474
104 954 85 507
109 947 75 477
125 1195 61 447
107 952 69 490
145 1338 59 486
108 1016 72 461
117 1023 70 425
112 1034 62 461
109 954 82 474
124 1103 82 419
117 1023 70 425
113 1018 63 447
127 1136 64 443
116 1093 71 429
117 1023 70 425
109 954 82 474
112 963 68 458
118 1082 60 467
159 1429 62 445
106 1002 82 469
107 952 69 490
116 1041 66 437
134 1232 59 492
116 1054 62 451
127 1136 64 443
116 1093 71 429
109 947 75 477
117 1023 70 425
121 1169 65 435
104 954 85 507
110 992 98 447
109 954 82 474
110 992 98 447
110 992 98 447
107 952 69 490
106 1025 67 465
118 1006 65 466
145 1338 59 486
107 952 69 490
117 1023 70 425
135 1207 69 429
109 947 75 477
110 992 98 447
159 1429 62 445
108 1016 72 461
110 992 98 447
123 1160 76 420
130 1153 60 462
124 1140 77 424
124 1103 82 419
108 1016 72 461
114 1002 68 456
130 1153 60 462
130 1153 60 462
116 1054 62 451
111 1036 63 455
110 992 98 447
159 1429 62 445
104 958 74 470
133 1069 63 445
120 997 69 453
118 1006 65 466
112 1034 62 461
117 1023 70 425
134 1232 59 492
108 1016 72 461
109 947 75 477
108 1016 72 461
105 1004 74 443
110 997 68 480
117 1023 70 425
115 1001 68 441
134 1232 59 492
104 954 85 507
124 1139 68 432
133 1224 74 422
159 1429 62 445
124 1140 77 424
126 1168 67 432
113 1018 63 447
114 1002 68 456
125 1195 61 447
108 1016 72 461
118 1006 65 466
109 947 75 477
123 1160 76 420
133 1224 74 422
118 1006 65 466
110 992 98 447
117 1023 70 425
118 1082 60 467
159 1429 62 445
116 1054 62 451
116 1041 66 437
134 1232 59 492
127 1136 64 443
124 1139 68 432
121 1169 65 435
112 963 68 458
125 1195 61 447
109 954 82 474
110 992 98 447
110 992 98 447
121 1169 65 435
106 1025 67 465
118 1006 65 466
116 1093 71 429
113 1018 63 447
121 1169 65 435
109 954 82 474
107 952 69 490
133 1224 74 422
104 954 85 507
145 1338 59 486
159 1429 62 445
145 1338 59 486
130 1153 60 462
116 1093 71 429
116 1054 62 451
124 1139 68 432
108 1016 72 461
104 954 85 507
125 1195 61 447
107 952 69 490
145 1338 59 486
117 1023 70 425
112 1034 62 461
109 954 82 474
124 1103 82 419
