105491 3300.72
74 624 54 406
71 615 61 389
100 862 94 341
71 618 54 411
100 892 94 340
104 945 69 369
70 633 57 398
104 945 69 369
102 897 74 362
76 668 66 374
71 618 54 411
97 838 91 343
79 674 68 371
74 655 59 393
75 659 70 369
73 643 67 375
71 615 62 388
70 633 57 398
76 682 72 366
85 758 73 364
89 805 87 347
88 772 86 349
94 801 89 346
71 617 56 407
79 674 68 371
84 728 79 356
87 752 83 352
78 694 61 382
75 660 60 383
71 618 55 409
101 874 93 341
87 785 87 348
86 759 82 352
83 743 82 354
86 773 85 350
81 709 78 358
74 657 69 370
102 882 94 340
78 699 62 380
85 731 84 354
74 626 59 397
73 640 64 378
72 641 56 399
78 697 74 364
76 668 66 374
88 779 84 350
74 657 69 370
74 653 59 394
73 638 65 376
71 630 58 396
82 708 78 358
83 736 71 367
83 716 81 356
81 720 74 363
82 711 75 361
71 622 63 384
78 703 76 361
91 829 65 375
88 778 80 355
80 705 77 359
75 659 70 369
77 669 63 379
98 842 94 342
77 668 64 377
71 615 60 390
73 637 66 378
71 620 62 385
83 729 81 355
86 751 73 363
81 709 80 357
74 627 57 400
77 669 63 379
91 799 76 359
101 858 94 341
80 715 78 358
92 802 88 346
97 868 91 342
100 892 94 340
100 875 93 341
76 682 72 366
77 668 64 377
75 660 60 383
76 651 58 395
76 660 71 368
74 628 56 401
74 630 55 403
95 848 91 343
103 878 94 340
96 852 94 342
91 792 86 348
90 777 84 350
73 647 68 372
84 737 82 354
89 788 88 347
95 831 90 344
103 878 94 340
93 824 93 344
91 794 87 347
82 717 81 356
81 722 76 360
99 880 70 367
92 790 90 346
93 786 90 346
101 874 93 341
94 832 94 343
76 688 73 365
94 840 90 344
87 767 85 350
96 860 90 343
99 884 93 341
96 830 90 344
82 726 80 356
90 800 90 346
83 718 79 357
80 715 78 358
90 813 88 346
85 765 84 351
92 781 89 347
95 844 93 343
87 756 85 351
83 727 82 355
85 749 82 353
79 706 77 360
92 833 88 345
98 830 93 343
72 641 56 399
102 897 74 362
71 618 55 409
89 774 87 348
97 838 91 343
80 700 75 362
78 704 78 360
73 643 67 375
88 772 86 349
87 752 83 352
88 793 88 347
72 642 64 381
83 718 79 357
74 651 69 371
98 888 67 372
96 835 93 343
75 660 60 383
78 694 62 381
91 808 91 345
74 630 54 404
94 819 91 344
90 770 87 349
89 805 87 347
85 753 84 352
73 647 68 372
74 653 59 394
83 721 76 360
72 635 65 382
76 651 58 395
73 634 65 380
74 626 59 397
89 780 72 365
73 645 67 373
78 702 75 362
72 621 63 384
74 624 54 406
74 628 56 401
74 655 59 393
92 821 90 345
73 645 67 373
77 698 74 364
87 740 84 353
85 765 84 351
98 859 91 342
91 807 88 346
86 763 78 357
71 620 61 386
99 880 70 367
73 636 65 379
97 826 90 344
90 800 90 346
72 641 56 399
90 768 88 349
73 638 65 376
72 623 56 405
72 642 64 381
78 704 78 360
74 627 57 400
96 839 91 343
86 757 85 351
100 862 94 341
70 633 56 402
76 660 71 368
85 749 82 353
71 617 56 407
72 623 56 405
84 728 79 356
77 687 73 365
76 682 72 366
100 892 94 340
97 864 93 342
71 615 61 389
71 615 63 387
88 793 88 347
71 615 62 388
87 785 87 348
75 660 60 383
71 615 63 387
74 630 54 404
71 620 62 385
71 620 61 386
71 615 60 390
71 630 58 396
74 630 55 403
70 633 56 402
88 762 85 350
98 888 67 372
82 711 75 361
99 884 93 341
94 815 93 344
95 818 91 344
86 739 85 353
96 810 93 344
89 774 87 348
97 838 91 343
93 798 91 345
78 697 74 364
93 811 90 345
89 795 86 348
100 850 93 342
82 735 79 356
98 855 93 342
84 745 81 354
99 846 90 343
95 823 94 343
90 782 85 349
82 719 79 357
97 851 90 343
86 741 84 353
81 723 81 356
98 842 94 342
99 854 93 342
82 733 82 355
85 747 84 353
102 870 93 341
82 733 82 355
98 872 94 341
73 640 64 378
86 744 84 352
95 847 72 364
89 769 88 349
80 700 75 362
90 813 88 346
71 615 61 389
92 821 90 345
84 724 80 356
81 725 79 357
102 870 93 341
85 750 71 366
85 747 84 353
85 755 83 352
96 814 91 344
93 827 88 345
93 828 91 344
97 844 94 342
95 825 88 345
98 872 94 341
92 790 90 346
101 883 94 340
97 868 91 342
89 787 85 349
73 643 67 375
88 764 84 351
98 842 94 342
86 730 84 354
93 798 91 345
86 741 84 353
90 782 85 349
88 793 88 347
79 706 77 360
78 702 75 362
96 830 90 344
90 768 88 349
87 785 87 348
86 751 73 363
84 737 82 354
97 826 90 344
97 834 93 343
96 839 91 343
86 757 85 351
88 779 84 350
74 628 56 401
85 755 83 352
83 729 81 355
91 807 88 346
74 637 64 378
97 834 93 343
102 882 94 340
99 863 94 341
82 726 80 356
98 855 93 342
89 788 88 347
86 730 84 354
90 799 87 347
99 863 94 341
