337443 1320.06
127 1175 56 480
165 1501 59 443
94 867 67 431
94 867 67 431
127 1175 56 480
121 1093 81 410
140 1293 72 398
94 867 67 431
111 985 74 422
140 1293 72 398
121 1093 81 410
106 1005 60 459
127 1175 56 480
138 1223 58 455
94 867 67 431
105 963 62 440
112 1029 60 448
120 1102 68 405
110 934 62 444
127 1175 56 480
94 867 67 431
120 1102 68 405
112 1004 66 421
111 985 74 422
107 969 70 426
109 1013 64 413
138 1223 58 455
132 1262 57 445
140 1293 72 398
120 1102 68 405
137 1292 63 418
112 1004 66 421
109 1013 64 413
140 1293 72 398
109 1002 72 417
107 969 70 426
124 1143 60 426
138 1223 58 455
132 1262 57 445
125 1056 63 437
132 1262 57 445
124 1143 60 426
106 1005 60 459
122 1060 60 447
116 1086 60 438
118 1080 60 428
107 969 70 426
110 1003 61 441
127 1175 56 480
106 1005 60 459
107 969 70 426
109 1002 72 417
137 1292 63 418
110 934 62 444
125 1056 63 437
130 1086 63 427
127 1175 56 480
132 1262 57 445
140 1293 72 398
109 1013 64 413
137 1292 63 418
132 1262 57 445
110 934 62 444
130 1086 63 427
112 1004 66 421
118 1080 60 428
124 1143 60 426
137 1292 63 418
112 1004 66 421
165 1501 59 443
120 1102 68 405
94 867 67 431
132 1262 57 445
118 1080 60 428
125 1056 63 437
109 1002 72 417
117 1063 60 438
109 1013 64 413
118 1080 60 428
109 1002 72 417
125 1056 63 437
111 985 74 422
137 1292 63 418
125 1056 63 437
111 985 74 422
117 1063 60 438
105 963 62 440
105 963 62 440
109 1002 72 417
122 1060 60 447
107 969 70 426
117 1063 60 438
124 1143 60 426
165 1501 59 443
110 934 62 444
125 1056 63 437
116 1086 60 438
109 1002 72 417
111 985 74 422
137 1292 63 418
109 1013 64 413
109 1002 72 417
124 1143 60 426
112 1004 66 421
138 1223 58 455
140 1293 72 398
130 1086 63 427
118 1080 60 428
120 1102 68 405
140 1293 72 398
105 963 62 440
122 1060 60 447
111 985 74 422
116 1086 60 438
125 1056 63 437
125 1056 63 437
112 1004 66 421
110 1003 61 441
117 1063 60 438
109 1002 72 417
122 1060 60 447
109 1013 64 413
127 1175 56 480
109 1002 72 417
125 1056 63 437
127 1175 56 480
137 1292 63 418
111 985 74 422
94 867 67 431
111 985 74 422
137 1292 63 418
107 969 70 426
109 1002 72 417
132 1262 57 445
109 1002 72 417
110 934 62 444
125 1056 63 437
125 1056 63 437
140 1293 72 398
137 1292 63 418
109 1013 64 413
111 985 74 422
120 1102 68 405
116 1086 60 438
132 1262 57 445
107 969 70 426
140 1293 72 398
109 1013 64 413
127 1175 56 480
132 1262 57 445
125 1056 63 437
118 1080 60 428
94 867 67 431
138 1223 58 455
110 934 62 444
110 934 62 444
127 1175 56 480
121 1093 81 410
137 1292 63 418
127 1175 56 480
109 1013 64 413
109 1002 72 417
111 985 74 422
110 934 62 444
118 1080 60 428
132 1262 57 445
124 1143 60 426
121 1093 81 410
125 1056 63 437
127 1175 56 480
137 1292 63 418
125 1056 63 437
130 1086 63 427
137 1292 63 418
125 1056 63 437
127 1175 56 480
94 867 67 431
127 1175 56 480
120 1102 68 405
127 1175 56 480
118 1080 60 428
118 1080 60 428
112 1029 60 448
137 1292 63 418
127 1175 56 480
127 1175 56 480
140 1293 72 398
120 1102 68 405
127 1175 56 480
125 1056 63 437
110 934 62 444
140 1293 72 398
110 934 62 444
105 963 62 440
132 1262 57 445
120 1102 68 405
137 1292 63 418
124 1143 60 426
117 1063 60 438
125 1056 63 437
116 1086 60 438
118 1080 60 428
122 1060 60 447
140 1293 72 398
118 1080 60 428
120 1102 68 405
140 1293 72 398
105 963 62 440
122 1060 60 447
130 1086 63 427
116 1086 60 438
112 1004 66 421
110 1003 61 441
132 1262 57 445
109 1002 72 417
138 1223 58 455
109 1013 64 413
127 1175 56 480
137 1292 63 418
111 985 74 422
111 985 74 422
137 1292 63 418
107 969 70 426
109 1002 72 417
140 1293 72 398
110 934 62 444
125 1056 63 437
109 1002 72 417
112 1004 66 421
132 1262 57 445
118 1080 60 428
109 1002 72 417
117 1063 60 438
109 1013 64 413
124 1143 60 426
125 1056 63 437
137 1292 63 418
125 1056 63 437
111 985 74 422
105 963 62 440
140 1293 72 398
107 969 70 426
117 1063 60 438
124 1143 60 426
165 1501 59 443
110 934 62 444
116 1086 60 438
109 1002 72 417
109 1013 64 413
109 1002 72 417
124 1143 60 426
112 1004 66 421
140 1293 72 398
127 1175 56 480
137 1292 63 418
125 1056 63 437
130 1086 63 427
127 1175 56 480
94 867 67 431
120 1102 68 405
116 1086 60 438
118 1080 60 428
118 1080 60 428
112 1029 60 448
137 1292 63 418
125 1056 63 437
120 1102 68 405
125 1056 63 437
140 1293 72 398
110 934 62 444
105 963 62 440
138 1223 58 455
137 1292 63 418
124 1143 60 426
124 1143 60 426
125 1056 63 437
116 1086 60 438
94 867 67 431
137 1292 63 418
132 1262 57 445
111 985 74 422
120 1102 68 405
130 1086 63 427
107 969 70 426
140 1293 72 398
109 1013 64 413
110 934 62 444
132 1262 57 445
118 1080 60 428
118 1080 60 428
138 1223 58 455
109 1002 72 417
121 1093 81 410
137 1292 63 418
127 1175 56 480
109 1013 64 413
106 1005 60 459
127 1175 56 480
110 1003 61 441
124 1143 60 426
