140377 3600
98 896 66 491
93 861 72 493
97 844 71 492
97 872 70 486
101 902 69 484
99 855 70 487
97 864 68 488
98 891 63 503
98 908 64 500
94 877 68 490
94 860 66 500
108 958 69 482
96 901 77 484
95 842 72 499
104 936 77 479
94 867 75 488
109 970 77 478
116 1028 77 477
102 928 67 489
115 980 80 476
104 915 63 501
100 848 68 495
104 930 65 496
102 910 77 480
103 949 68 487
103 902 75 481
118 1078 72 479
110 974 75 479
114 1025 70 481
110 987 73 480
102 923 72 482
96 851 70 490
97 883 67 490
98 849 66 505
104 935 75 480
99 939 65 497
95 858 68 491
104 894 65 498
102 928 70 483
96 894 70 488
106 930 73 481
99 914 72 484
98 873 66 496
109 956 72 481
100 864 67 494
95 895 67 493
99 881 65 506
99 913 63 502
101 910 77 482
100 918 77 483
107 942 70 482
103 888 72 485
94 885 67 496
94 851 73 494
112 988 80 477
96 887 66 498
99 907 70 485
102 883 75 485
102 898 77 483
119 1096 82 475
134 1192 62 511
95 842 72 499
92 848 70 505
160 1340 101 539
153 1384 77 546
162 1476 99 564
143 1290 83 534
142 1274 77 551
149 1299 84 543
167 1539 99 566
146 1367 78 512
173 1535 76 560
162 1523 80 535
137 1236 78 535
140 1196 84 507
139 1198 76 536
145 1305 104 570
146 1333 105 557
154 1393 80 538
153 1392 89 538
151 1348 82 522
148 1320 82 544
160 1449 85 511
169 1401 101 545
154 1322 74 561
149 1352 96 553
163 1454 97 545
171 1542 74 544
165 1457 101 538
124 1126 86 521
152 1396 76 517
142 1214 85 537
144 1287 71 535
171 1499 84 550
143 1284 86 526
136 1242 92 564
126 1199 83 549
205 1901 92 561
158 1435 92 532
162 1405 91 551
175 1542 82 539
149 1318 84 540
150 1308 82 534
165 1492 88 563
177 1525 89 529
178 1592 105 587
132 1181 81 530
153 1340 97 534
154 1355 77 531
132 1171 84 549
164 1469 90 557
162 1486 76 541
146 1351 84 553
172 1546 78 529
160 1530 96 573
161 1363 92 547
140 1248 77 536
145 1340 102 522
136 1298 76 521
187 1642 88 553
149 1329 97 552
177 1574 99 548
152 1349 73 524
140 1266 76 531
163 1475 99 555
164 1529 93 550
160 1441 89 531
159 1438 111 543
139 1224 106 516
163 1422 89 546
159 1420 76 545
132 1173 113 538
177 1572 102 545
153 1342 84 556
143 1337 83 522
150 1351 92 526
161 1469 93 565
138 1245 82 546
165 1418 104 557
177 1527 102 542
150 1285 96 535
164 1467 90 528
152 1415 98 548
161 1456 89 551
153 1389 84 538
151 1354 92 559
122 1123 76 523
144 1320 91 546
166 1427 92 552
156 1405 84 539
153 1352 82 562
120 1078 71 508
158 1456 86 544
182 1641 97 549
151 1341 103 559
149 1320 91 560
153 1356 84 526
161 1369 100 557
151 1336 113 562
146 1279 84 565
159 1366 86 518
147 1325 110 528
139 1246 82 546
155 1300 92 520
147 1204 118 543
166 1485 77 554
138 1241 85 549
157 1454 85 560
162 1406 70 539
170 1582 94 545
161 1486 85 552
160 1431 76 545
138 1264 93 547
136 1212 86 531
137 1250 83 534
157 1339 84 564
139 1246 93 514
172 1597 91 545
172 1556 78 551
153 1461 93 545
149 1281 75 545
157 1341 74 531
144 1244 79 556
140 1266 97 547
179 1614 80 548
184 1697 100 537
140 1167 98 537
155 1403 84 540
167 1473 87 543
144 1280 82 548
149 1389 84 535
145 1309 84 520
142 1236 83 539
144 1332 101 548
160 1452 91 573
164 1467 105 574
176 1617 118 566
155 1363 107 559
140 1209 83 550
157 1475 85 541
148 1337 84 521
173 1557 94 544
159 1436 85 538
163 1458 78 528
154 1292 90 524
154 1310 97 550
159 1435 84 510
173 1544 105 563
186 1651 86 557
156 1313 79 540
167 1545 75 539
148 1381 88 549
151 1318 97 567
137 1185 70 536
159 1434 97 562
164 1452 92 540
135 1211 83 520
137 1185 78 525
149 1348 89 546
136 1257 69 551
164 1396 78 540
156 1384 79 539
141 1303 83 556
141 1251 86 531
163 1430 106 563
148 1350 77 525
139 1234 76 536
136 1278 84 519
150 1335 112 542
164 1479 89 528
145 1280 99 543
138 1249 70 517
151 1354 98 538
146 1359 98 513
144 1235 75 516
154 1363 75 543
149 1394 91 518
160 1400 88 532
170 1477 105 562
201 1785 106 572
148 1303 91 542
138 1253 93 544
146 1320 75 545
165 1432 105 564
129 1139 82 533
166 1499 90 539
140 1299 89 543
140 1250 77 563
135 1207 80 548
148 1276 85 549
159 1482 91 540
153 1333 85 514
144 1357 83 522
164 1500 85 561
176 1606 80 545
131 1187 84 518
148 1386 90 544
155 1340 100 533
144 1302 99 518
163 1457 76 573
133 1178 81 546
138 1239 79 530
166 1510 82 528
145 1291 84 522
158 1411 89 552
153 1380 83 548
155 1429 123 552
158 1424 93 571
164 1423 72 546
127 1135 83 505
167 1470 101 557
147 1320 90 545
150 1267 91 535
178 1652 87 528
144 1357 77 510
173 1504 78 555
139 1278 83 539
162 1398 96 540
166 1551 81 563
163 1501 91 532
179 1610 86 538
197 1768 101 581
163 1408 87 546
163 1502 84 542
172 1591 117 578
144 1324 86 535
180 1575 83 554
140 1258 84 564
130 1190 74 528
150 1311 84 543
151 1359 85 528
145 1347 77 505
161 1429 75 528
172 1506 81 536
154 1306 93 530
136 1272 92 527
157 1465 85 547
136 1234 86 548
141 1187 79 501
143 1314 90 525
