84747 2640.61
111 1010 60 383
71 615 61 389
100 862 94 341
74 625 54 406
103 878 94 340
70 636 58 396
71 618 55 409
111 1010 60 383
96 895 67 372
103 878 94 340
93 835 91 344
82 733 82 355
83 717 61 382
81 710 80 357
72 640 64 380
93 831 72 364
83 724 71 366
92 799 91 345
75 665 69 372
92 838 69 370
100 875 93 341
99 854 93 342
80 712 75 361
76 679 72 367
85 726 82 355
79 695 76 361
77 665 62 381
86 749 84 352
81 715 73 364
87 767 85 350
74 632 54 404
76 649 56 399
74 653 59 394
70 636 58 396
73 645 67 373
72 641 63 382
87 783 74 362
76 664 71 368
78 702 77 360
77 698 74 364
100 892 94 340
73 639 62 383
75 671 68 371
74 627 57 400
76 660 70 369
86 744 83 353
89 765 85 350
71 620 61 386
88 786 63 379
73 643 66 375
94 843 76 359
80 711 74 363
75 671 68 371
80 706 75 362
74 627 56 401
72 637 65 379
81 710 78 358
74 658 59 393
76 653 57 398
84 737 82 354
73 645 67 373
72 637 64 381
76 688 73 365
76 680 72 366
87 767 85 350
77 670 64 377
73 626 58 402
71 620 60 387
74 632 55 403
77 670 64 377
80 706 79 358
73 626 58 402
73 638 65 376
71 615 62 388
74 627 56 401
94 803 89 346
89 788 88 347
95 844 93 343
102 882 94 340
80 701 77 360
99 847 90 343
91 807 88 346
85 736 81 355
79 695 76 361
98 830 93 343
101 874 93 341
71 617 56 407
71 616 60 390
71 618 55 409
71 615 60 392
92 821 90 345
90 813 88 346
92 821 90 345
73 643 66 375
95 823 94 343
84 746 83 353
94 803 89 346
75 662 70 369
89 796 86 348
82 727 80 356
84 729 79 356
85 760 78 357
77 673 66 374
86 752 82 353
79 708 79 359
98 859 91 342
74 658 59 393
93 812 90 345
102 870 93 341
84 718 79 357
91 785 88 347
90 801 90 346
89 777 87 348
85 721 83 355
85 750 81 354
92 798 87 347
87 776 86 349
81 705 77 359
85 766 84 351
74 644 67 374
83 731 73 363
78 702 77 360
88 766 87 350
96 895 67 372
91 785 88 347
95 883 69 369
96 839 91 343
88 780 84 350
90 800 87 347
75 654 70 370
97 864 93 342
101 883 94 340
100 875 93 341
97 843 94 342
82 736 79 356
78 697 74 364
88 793 88 347
94 819 91 344
96 861 90 343
94 803 89 346
97 818 94 343
76 649 56 399
86 772 80 355
103 878 94 340
103 878 94 340
71 622 62 385
89 769 88 349
74 625 54 406
88 758 84 351
99 884 93 341
77 687 73 365
93 819 62 380
71 620 60 387
89 823 65 375
86 757 85 351
83 742 76 360
83 730 79 356
72 630 56 405
100 850 93 342
75 662 70 369
91 794 86 348
90 779 85 349
83 731 73 363
71 622 62 385
83 725 70 368
96 810 93 344
96 894 70 367
72 629 58 404
79 708 79 359
92 783 89 347
83 723 72 365
74 632 55 403
86 728 84 354
75 656 59 393
76 688 73 365
76 680 72 366
90 801 90 346
76 657 58 395
74 626 59 397
75 654 70 370
77 655 60 384
77 655 60 384
72 630 56 405
80 712 75 361
73 638 64 378
73 638 65 376
76 657 58 395
85 760 78 357
83 716 81 356
87 768 82 352
92 775 88 348
85 756 83 352
74 644 67 374
87 738 85 353
92 799 91 345
88 793 88 347
71 617 56 407
74 626 59 397
71 616 60 390
100 862 94 341
71 615 61 389
71 620 61 386
73 638 64 378
71 615 62 388
74 627 57 400
71 615 60 392
76 653 57 398
74 653 59 394
96 835 93 343
97 864 93 342
91 792 90 346
77 670 64 377
85 764 85 351
88 761 82 352
101 858 94 341
97 868 91 342
97 864 93 342
81 715 73 364
99 838 94 342
93 828 88 345
92 775 88 348
95 848 91 343
97 827 90 344
94 841 90 344
91 808 91 345
87 748 84 352
90 771 87 349
86 741 85 353
94 815 93 344
87 738 85 353
81 705 77 359
100 855 91 342
88 780 84 350
95 814 93 344
96 810 93 344
98 872 94 341
96 852 94 342
100 892 94 340
84 722 83 355
85 750 81 354
80 706 75 362
95 825 88 345
92 798 87 347
96 839 91 343
98 872 94 341
96 861 90 343
89 787 85 349
99 863 94 341
92 833 88 345
85 754 84 352
90 795 86 348
94 803 89 346
97 868 91 342
85 745 83 353
95 825 88 345
77 673 66 374
102 870 93 341
97 834 93 343
93 805 88 346
85 756 83 352
78 697 74 364
76 660 70 369
85 754 84 352
93 805 88 346
86 752 82 353
82 733 82 355
95 832 90 344
88 786 63 379
86 749 84 352
82 720 79 357
80 711 74 363
83 743 82 354
76 679 72 367
98 842 94 342
83 743 82 354
90 779 85 349
93 812 90 345
82 720 79 357
83 716 81 356
98 842 94 342
83 719 79 357
96 894 70 367
84 746 83 353
100 855 91 342
90 800 87 347
98 859 91 342
99 884 93 341
100 850 93 342
102 882 94 340
83 719 79 357
96 835 93 343
98 851 90 343
77 698 74 364
87 776 86 349
98 851 90 343
96 852 94 342
86 741 85 353
84 737 82 354
89 777 87 348
91 768 88 349
