308347 2040.14
97 914 79 450
158 1323 59 456
144 1278 58 476
120 1071 75 404
97 914 79 450
100 909 65 481
125 1176 58 499
156 1395 61 432
156 1395 61 432
144 1278 58 476
144 1278 58 476
144 1278 58 476
158 1323 59 456
100 909 65 481
120 1071 75 404
131 1199 70 416
140 1234 59 457
131 1199 70 416
115 1095 72 418
100 909 65 481
124 1050 62 437
131 1199 70 416
112 1014 61 455
121 1121 60 438
121 1141 74 410
144 1278 58 476
119 1103 61 436
144 1278 58 476
140 1234 59 457
140 1234 59 457
101 965 64 470
105 970 69 432
107 983 63 424
113 1045 68 420
121 1036 60 451
103 968 63 474
129 1184 66 421
113 1017 62 443
109 963 63 452
158 1323 59 456
102 928 68 437
127 1159 65 422
107 983 63 424
140 1234 59 457
129 1185 67 417
121 1141 74 410
105 970 69 432
108 909 67 461
117 1108 62 440
129 1182 59 466
129 1182 59 466
127 1159 65 422
113 1017 62 443
111 1002 74 412
110 984 62 456
108 909 67 461
100 909 65 481
115 1095 72 418
124 1050 62 437
121 1121 60 438
101 965 64 470
109 963 63 452
140 1234 59 457
105 970 69 432
100 909 65 481
100 909 65 481
129 1195 66 418
102 928 68 437
140 1234 59 457
121 1141 74 410
129 1185 67 417
105 970 69 432
103 968 63 474
144 1278 58 476
111 1002 74 412
140 1234 59 457
101 965 64 470
99 918 62 476
101 965 64 470
140 1234 59 457
112 1014 61 455
111 1002 74 412
121 1141 74 410
121 1141 74 410
121 1036 60 451
127 1159 65 422
97 914 79 450
105 970 69 432
99 918 62 476
113 1017 62 443
107 983 63 424
129 1195 66 418
115 1095 72 418
117 1108 62 440
117 1108 62 440
109 963 63 452
105 970 69 432
113 1045 68 420
102 928 68 437
121 1141 74 410
103 968 63 474
119 1103 61 436
117 1108 62 440
111 1002 74 412
102 928 68 437
124 1050 62 437
109 963 63 452
140 1234 59 457
121 1121 60 438
120 1071 75 404
102 928 68 437
100 909 65 481
99 918 62 476
100 909 65 481
129 1185 67 417
109 963 63 452
108 909 67 461
101 965 64 470
125 1176 58 499
113 1017 62 443
124 1050 62 437
140 1234 59 457
156 1395 61 432
103 968 63 474
129 1195 66 418
129 1185 67 417
102 928 68 437
124 1050 62 437
119 1103 61 436
127 1159 65 422
109 963 63 452
108 909 67 461
109 963 63 452
140 1234 59 457
124 1050 62 437
99 918 62 476
129 1195 66 418
99 918 62 476
102 928 68 437
105 968 63 438
129 1185 67 417
105 970 69 432
101 965 64 470
99 918 62 476
127 1159 65 422
158 1323 59 456
109 963 63 452
113 1017 62 443
129 1184 66 421
110 984 62 456
108 909 67 461
120 1071 75 404
111 1002 74 412
113 1017 62 443
125 1176 58 499
100 909 65 481
121 1036 60 451
107 983 63 424
113 1045 68 420
144 1278 58 476
101 965 64 470
144 1278 58 476
117 1108 62 440
111 1002 74 412
121 1141 74 410
99 918 62 476
113 1017 62 443
121 1141 74 410
102 928 68 437
108 909 67 461
144 1278 58 476
129 1182 59 466
102 928 68 437
125 1176 58 499
108 909 67 461
105 970 69 432
117 1108 62 440
108 1024 61 457
129 1185 67 417
121 1141 74 410
100 909 65 481
125 1176 58 499
129 1185 67 417
131 1199 70 416
102 928 68 437
109 963 63 452
113 1045 68 420
101 965 64 470
117 1108 62 440
101 965 64 470
121 1121 60 438
100 909 65 481
120 1071 75 404
117 1108 62 440
115 1095 72 418
129 1195 66 418
131 1199 70 416
125 1176 58 499
131 1199 70 416
102 928 68 437
121 1121 60 438
124 1121 62 432
117 1108 62 440
129 1195 66 418
111 1002 74 412
115 1095 72 418
117 1108 62 440
131 1199 70 416
108 1024 61 457
105 970 69 432
100 909 65 481
129 1195 66 418
110 984 62 456
99 918 62 476
103 968 63 474
102 928 68 437
117 1108 62 440
112 1014 61 455
129 1182 59 466
97 914 79 450
121 1141 74 410
100 909 65 481
144 1278 58 476
111 1002 74 412
129 1195 66 418
111 1002 74 412
113 1017 62 443
121 1141 74 410
102 928 68 437
144 1278 58 476
144 1278 58 476
129 1182 59 466
111 1002 74 412
99 918 62 476
108 909 67 461
105 970 69 432
124 1050 62 437
121 1141 74 410
129 1185 67 417
121 1141 74 410
100 909 65 481
125 1176 58 499
111 1002 74 412
99 918 62 476
112 1014 61 455
158 1323 59 456
105 970 69 432
113 1017 62 443
129 1184 66 421
140 1234 59 457
97 914 79 450
120 1071 75 404
129 1185 67 417
101 965 64 470
129 1185 67 417
105 968 63 438
121 1036 60 451
99 918 62 476
102 928 68 437
144 1278 58 476
101 965 64 470
144 1278 58 476
115 1095 72 418
117 1108 62 440
109 963 63 452
111 1002 74 412
101 965 64 470
117 1108 62 440
131 1199 70 416
121 1121 60 438
105 970 69 432
140 1234 59 457
156 1395 61 432
110 984 62 456
99 918 62 476
97 914 79 450
100 909 65 481
117 1108 62 440
113 1017 62 443
125 1176 58 499
101 965 64 470
121 1141 74 410
120 1071 75 404
121 1141 74 410
102 928 68 437
121 1141 74 410
109 963 63 452
101 965 64 470
117 1108 62 440
101 965 64 470
121 1121 60 438
124 1050 62 437
101 965 64 470
140 1234 59 457
115 1095 72 418
129 1195 66 418
102 928 68 437
121 1036 60 451
129 1195 66 418
127 1159 65 422
