424383 2400.14
99 935 74 449
136 1250 57 459
129 1123 69 401
134 1232 59 492
99 910 73 470
136 1250 57 459
122 1089 75 422
129 1255 58 485
102 959 72 472
131 1097 73 411
122 1089 75 422
103 984 73 423
112 1018 62 461
114 1053 60 453
99 910 73 470
111 987 67 450
108 1028 62 478
129 1123 69 401
121 1099 68 409
126 1167 66 418
99 935 74 449
134 1232 59 492
129 1198 65 425
133 1069 63 445
107 952 69 490
129 1255 58 485
135 1026 65 431
99 910 73 470
129 1255 58 485
113 1018 63 447
129 1198 65 425
129 1255 58 485
110 964 68 433
103 963 70 454
108 1028 62 478
111 987 67 450
108 1028 62 478
129 1255 58 485
125 1077 64 440
126 1126 65 427
125 1077 64 440
126 1167 66 418
114 1051 61 455
126 1126 65 427
125 1077 64 440
129 1255 58 485
114 1053 60 453
130 1143 67 426
99 910 73 470
114 1051 61 455
125 1077 64 440
133 1069 63 445
136 1250 57 459
111 1011 63 452
110 964 68 433
103 963 70 454
116 1041 66 437
111 1011 63 452
129 1244 64 423
125 1077 64 440
119 1125 75 409
109 970 71 434
129 1255 58 485
126 1167 66 418
116 1041 66 437
99 935 74 449
109 970 71 434
125 1077 64 440
99 935 74 449
105 975 64 457
121 1067 65 435
105 975 64 457
129 1198 65 425
130 1143 67 426
136 1250 57 459
111 1011 63 452
130 1143 67 426
112 1038 68 430
135 1026 65 431
122 1155 60 436
121 1134 64 429
122 1155 60 436
121 1067 65 435
112 1018 62 461
133 1069 63 445
107 952 69 490
117 1023 70 425
108 1028 63 449
119 1113 64 432
119 1113 64 432
112 1038 68 430
122 1155 60 436
126 1126 65 427
107 976 70 448
107 952 69 490
109 957 70 489
102 959 72 472
116 1056 70 423
117 1023 70 425
99 935 74 449
121 1109 64 434
121 1099 68 409
114 1051 61 455
118 1048 62 450
110 964 68 433
134 1232 59 492
129 1123 69 401
116 1056 70 423
121 1109 64 434
111 1011 63 452
135 1026 65 431
112 1018 62 461
107 952 69 490
109 957 70 489
121 1067 65 435
111 987 67 450
119 1113 64 432
117 1023 70 425
105 975 64 457
116 1056 70 423
111 987 67 450
125 1077 64 440
107 952 69 490
114 1053 60 453
114 1051 61 455
110 964 68 433
109 970 71 434
121 1083 62 448
122 1089 75 422
121 1099 68 409
121 1067 65 435
126 1126 65 427
103 963 70 454
114 1053 60 453
122 1155 60 436
110 964 68 433
102 959 72 472
135 1026 65 431
107 952 69 490
112 1038 68 430
118 1048 62 450
111 987 67 450
116 1056 70 423
111 987 67 450
118 1048 62 450
114 1051 61 455
110 964 68 433
119 1125 75 409
107 976 70 448
126 1126 65 427
105 975 64 457
110 964 68 433
126 1167 66 418
122 1155 60 436
126 1167 66 418
105 975 64 457
112 1018 62 461
119 1125 75 409
129 1255 58 485
125 1077 64 440
129 1255 58 485
117 1023 70 425
122 1155 60 436
125 1077 64 440
116 1041 66 437
105 975 64 457
121 1099 68 409
109 970 71 434
122 1089 75 422
134 1232 59 492
112 1038 68 430
136 1250 57 459
102 959 72 472
126 1167 66 418
117 1023 70 425
122 1089 75 422
105 975 64 457
112 1038 68 430
99 935 74 449
107 952 69 490
125 1077 64 440
99 935 74 449
109 970 71 434
134 1232 59 492
129 1255 58 485
121 1083 62 448
110 964 68 433
134 1232 59 492
121 1067 65 435
111 1011 63 452
121 1099 68 409
116 1056 70 423
126 1126 65 427
129 1123 69 401
129 1123 69 401
126 1126 65 427
129 1123 69 401
107 952 69 490
129 1123 69 401
114 1051 61 455
129 1123 69 401
110 964 68 433
126 1126 65 427
121 1099 68 409
130 1143 67 426
125 1077 64 440
129 1255 58 485
99 910 73 470
114 1051 61 455
136 1250 57 459
129 1244 64 423
119 1125 75 409
129 1255 58 485
126 1167 66 418
116 1041 66 437
130 1143 67 426
136 1250 57 459
126 1126 65 427
121 1134 64 429
122 1155 60 436
133 1069 63 445
112 1038 68 430
122 1155 60 436
102 959 72 472
117 1023 70 425
99 935 74 449
118 1048 62 450
134 1232 59 492
121 1109 64 434
134 1232 59 492
136 1250 57 459
134 1232 59 492
131 1097 73 411
122 1089 75 422
103 984 73 423
112 1018 62 461
99 910 73 470
111 987 67 450
108 1028 62 478
129 1123 69 401
99 935 74 449
111 1011 63 452
133 1069 63 445
107 952 69 490
135 1026 65 431
99 910 73 470
129 1255 58 485
113 1018 63 447
103 963 70 454
108 1028 62 478
108 1028 62 478
129 1255 58 485
126 1167 66 418
126 1167 66 418
119 1125 75 409
122 1155 60 436
126 1167 66 418
105 975 64 457
112 1018 62 461
117 1023 70 425
116 1041 66 437
105 975 64 457
122 1089 75 422
112 1038 68 430
136 1250 57 459
110 964 68 433
122 1089 75 422
105 975 64 457
112 1038 68 430
99 935 74 449
134 1232 59 492
134 1232 59 492
111 1011 63 452
129 1123 69 401
126 1126 65 427
129 1123 69 401
114 1051 61 455
121 1099 68 409
112 1018 62 461
107 952 69 490
109 957 70 489
121 1067 65 435
111 987 67 450
119 1113 64 432
117 1023 70 425
105 975 64 457
116 1056 70 423
107 952 69 490
114 1053 60 453
130 1143 67 426
121 1067 65 435
103 963 70 454
114 1053 60 453
110 964 68 433
102 959 72 472
107 952 69 490
111 987 67 450
116 1056 70 423
111 987 67 450
118 1048 62 450
