89440 3001.03
145 1336 84 472
153 1440 111 556
141 1316 79 392
140 1311 77 392
170 1487 96 541
166 1471 86 526
130 1202 83 440
164 1498 125 542
129 1159 76 403
181 1700 108 553
103 937 62 416
149 1342 75 425
167 1458 110 514
206 1846 107 581
150 1426 77 496
201 1825 121 632
147 1337 107 461
169 1466 90 510
122 1124 70 417
185 1626 125 537
233 2133 144 678
160 1474 88 582
199 1767 128 564
173 1577 110 491
149 1347 95 484
167 1555 102 454
151 1328 79 433
141 1288 74 458
129 1169 84 439
192 1747 138 565
158 1383 82 519
153 1392 78 467
193 1736 121 617
135 1237 75 457
181 1629 126 642
173 1527 124 530
149 1370 83 512
131 1196 89 472
172 1503 104 600
187 1731 116 608
169 1397 109 491
151 1374 88 451
214 1876 114 591
143 1270 74 454
166 1521 87 456
212 1817 118 590
149 1398 99 535
120 1055 78 408
189 1698 120 532
159 1475 110 541
162 1480 93 505
129 1186 86 466
128 1204 108 514
160 1453 85 532
179 1586 106 528
177 1514 88 542
145 1321 104 478
157 1423 111 493
167 1582 107 479
187 1717 114 581
163 1510 126 545
183 1725 106 550
202 1835 123 652
183 1704 93 479
194 1740 111 594
192 1760 102 522
190 1689 101 628
165 1533 98 536
174 1533 103 492
210 1995 141 537
185 1665 111 555
165 1553 108 479
149 1270 86 457
199 1785 126 569
193 1751 118 562
162 1404 90 490
194 1683 110 577
170 1570 118 494
122 1152 69 426
136 1202 92 462
147 1359 84 473
151 1345 85 468
146 1339 84 466
166 1405 115 529
158 1482 74 476
158 1405 89 528
151 1403 99 567
195 1753 104 529
201 1763 121 594
189 1616 118 524
162 1443 86 489
167 1505 96 510
158 1431 100 519
173 1477 109 513
168 1499 78 450
169 1559 89 508
155 1403 91 495
129 1156 85 450
172 1569 120 516
178 1599 103 524
160 1426 95 500
203 1775 127 562
164 1526 103 513
192 1734 146 641
212 1899 139 517
118 1073 72 470
157 1415 106 513
147 1279 92 520
205 1763 122 583
137 1307 77 474
168 1539 96 498
181 1593 106 584
176 1495 99 531
206 1900 99 624
139 1271 74 405
133 1116 94 467
152 1464 78 466
199 1911 115 602
215 1963 120 607
172 1634 86 503
176 1568 89 544
111 1038 77 414
165 1533 116 554
149 1367 100 515
172 1515 109 529
118 1039 81 405
209 1855 117 643
146 1317 81 471
221 1941 151 605
156 1444 112 531
137 1233 83 455
211 1905 98 637
137 1248 84 454
161 1442 107 530
176 1570 108 616
123 1095 76 437
136 1232 82 471
181 1643 116 540
164 1457 79 496
198 1759 116 586
139 1282 92 484
174 1566 112 551
133 1216 74 423
192 1730 129 573
164 1462 98 523
192 1824 121 562
172 1511 94 571
178 1653 88 535
120 1095 65 404
152 1366 98 472
128 1112 72 417
124 1148 78 471
163 1519 119 597
167 1540 106 499
175 1628 124 603
193 1752 108 585
145 1338 85 479
159 1415 75 449
187 1727 111 568
169 1380 107 538
153 1440 78 427
143 1318 73 445
190 1736 89 553
168 1482 104 540
153 1410 87 450
157 1399 100 464
137 1288 103 480
141 1256 93 462
178 1558 105 531
127 1132 90 462
207 1827 103 621
138 1268 81 400
176 1576 80 562
178 1623 101 501
205 1827 92 608
186 1761 76 480
150 1307 83 499
140 1225 95 470
142 1234 85 474
154 1483 108 591
149 1328 100 493
155 1363 81 460
236 2096 146 700
160 1439 99 539
142 1271 77 479
169 1565 99 519
141 1324 77 418
133 1188 79 477
137 1203 88 498
142 1282 91 454
205 1823 117 616
166 1477 93 503
113 1045 70 416
249 2279 110 683
136 1249 109 517
114 1067 70 413
110 978 63 446
128 1125 91 425
202 1835 99 615
187 1766 115 532
164 1409 84 440
154 1352 81 553
165 1462 118 547
133 1240 76 405
159 1493 103 491
146 1334 97 471
155 1406 107 457
149 1445 93 552
206 1875 155 642
132 1195 67 413
122 1099 70 441
155 1349 79 479
166 1539 93 496
132 1181 88 459
207 1803 117 517
188 1649 116 589
122 1152 68 444
184 1586 113 558
140 1242 94 482
138 1321 87 500
121 1093 79 402
220 1879 112 625
130 1207 80 460
170 1530 95 506
213 1989 97 603
212 1872 121 638
165 1512 87 503
155 1376 102 472
186 1672 99 543
180 1486 99 534
158 1446 121 494
145 1300 83 430
224 1982 163 596
140 1257 77 442
190 1768 100 612
159 1500 83 465
175 1654 86 549
202 1832 148 613
130 1212 82 470
126 1154 65 440
129 1141 81 431
172 1448 86 576
167 1542 102 487
159 1418 110 551
181 1731 106 650
156 1461 97 541
131 1223 101 434
153 1439 107 522
165 1506 94 538
150 1384 110 438
158 1340 89 486
149 1314 87 534
168 1478 88 444
181 1644 102 571
225 2034 113 607
124 1125 72 413
172 1597 129 503
162 1474 96 538
205 1776 124 588
141 1300 109 466
127 1128 85 438
151 1407 99 482
187 1636 84 481
129 1156 68 440
149 1382 71 487
172 1613 96 569
156 1382 107 532
184 1693 101 556
166 1456 111 476
215 1926 145 679
171 1575 102 510
201 1802 113 565
161 1463 92 488
142 1314 111 486
133 1240 71 435
204 1775 115 621
179 1675 98 546
118 1051 72 429
154 1390 84 538
173 1588 102 529
148 1352 79 522
185 1705 115 590
188 1694 121 672
193 1681 110 583
154 1363 79 474
211 1843 158 584
178 1611 102 498
135 1283 91 465
169 1560 117 474
192 1790 147 662
151 1383 82 463
135 1201 102 500
208 1921 107 629
203 1841 109 623
138 1242 78 512
189 1620 133 614
162 1452 76 487
119 1093 77 450
170 1525 120 523
128 1212 83 459
