49 2.8253
164 1519 67 464
135 1230 64 483
126 1113 85 428
121 1130 67 497
112 996 69 463
148 1306 64 467
141 1269 78 432
135 1209 75 435
121 1051 77 457
117 1058 73 452
121 1131 81 445
138 1297 72 438
121 1130 67 497
124 1135 70 451
127 1169 69 441
135 1230 64 483
117 1062 68 472
139 1232 65 475
123 1143 71 443
133 1266 67 477
132 1106 68 471
136 1214 68 457
134 1216 66 480
121 1131 81 445
130 1152 69 461
130 1152 69 461
135 1269 65 475
123 1136 66 481
117 1062 68 472
121 1051 77 457
132 1106 68 471
123 1136 66 481
121 1131 81 445
121 1130 67 497
121 1130 67 497
117 1062 68 472
165 1503 65 473
150 1409 64 488
129 1216 85 437
125 1126 103 453
120 1134 68 506
117 1029 76 491
114 1070 70 481
118 1071 88 455
125 1126 103 453
145 1311 80 439
155 1438 66 486
165 1503 65 473
127 1142 67 498
142 1303 71 447
155 1438 66 486
139 1286 65 503
150 1409 64 488
129 1221 76 441
122 1132 69 491
136 1245 73 451
135 1267 74 452
136 1251 70 457
139 1267 75 440
117 1105 82 478
125 1084 68 472
144 1277 68 468
118 1069 73 462
131 1210 69 470
122 1165 84 455
129 1216 85 437
132 1259 69 461
128 1165 81 453
131 1172 71 456
122 1148 78 460
117 1105 82 478
144 1277 68 468
120 1134 68 506
119 1150 72 476
118 1069 73 462
129 1192 77 460
117 1029 76 491
127 1170 79 445
129 1192 77 460
119 1150 72 476
127 1170 79 445
123 1162 79 454
123 1162 79 454
123 1150 71 461
132 1259 69 461
123 1150 71 461
165 1503 65 473
165 1503 65 473
155 1438 66 486
150 1409 64 488
132 1259 69 461
129 1216 85 437
123 1162 79 454
123 1150 71 461
120 1134 68 506
119 1150 72 476
117 1105 82 478
117 1105 82 478
117 1029 76 491
117 1029 76 491
169 1563 67 491
169 1543 64 507
148 1383 87 445
121 1068 84 538
121 1068 84 538
118 1136 94 475
115 1077 78 487
150 1407 69 466
122 1074 92 518
146 1377 67 501
143 1310 70 460
169 1543 64 507
147 1368 68 471
122 1074 92 518
141 1302 74 454
145 1285 68 486
130 1206 81 450
131 1217 71 456
137 1251 75 452
123 1186 73 474
121 1106 83 478
118 1136 94 475
136 1231 79 453
138 1208 69 494
115 1077 78 487
119 1107 70 488
120 1093 76 498
133 1166 73 467
128 1186 75 466
136 1274 76 453
125 1150 75 476
122 1131 76 478
133 1228 77 454
125 1113 80 467
126 1103 89 470
139 1280 70 469
145 1388 69 467
120 1103 85 476
138 1281 77 450
121 1099 90 467
135 1199 70 474
137 1189 80 449
126 1122 73 470
150 1279 69 474
121 1099 90 467
125 1194 76 461
137 1189 80 449
137 1197 75 462
120 1103 85 476
132 1212 80 456
120 1093 76 498
126 1103 89 470
123 1186 73 474
138 1212 77 459
131 1207 73 462
132 1212 80 456
138 1212 77 459
126 1122 73 470
122 1131 76 478
133 1212 70 471
131 1207 73 462
122 1074 92 518
122 1074 92 518
122 1074 92 518
121 1068 84 538
121 1068 84 538
121 1068 84 538
121 1068 84 538
121 1068 84 538
121 1068 84 538
121 1068 84 538
120 1103 85 476
120 1103 85 476
120 1093 76 498
118 1136 94 475
118 1136 94 475
118 1136 94 475
115 1077 78 487
171 1553 69 489
147 1371 81 450
147 1342 68 493
132 1172 105 469
120 1095 86 501
119 1126 78 522
119 1125 82 498
148 1406 70 460
124 1129 88 486
139 1250 95 456
141 1252 77 452
121 1115 81 506
138 1259 75 454
139 1250 95 456
128 1107 72 516
132 1190 75 477
131 1203 83 467
136 1228 75 458
134 1165 74 489
133 1235 73 463
125 1099 83 498
128 1107 72 516
138 1213 73 468
130 1179 76 475
130 1179 82 472
126 1198 75 476
132 1243 71 489
126 1140 83 470
131 1239 80 461
131 1217 79 470
122 1126 70 504
122 1126 70 504
130 1219 76 467
134 1170 75 469
133 1239 71 461
130 1219 76 467
133 1191 75 475
139 1224 71 459
139 1224 71 459
138 1259 75 454
128 1219 75 469
138 1254 71 460
128 1219 75 469
138 1254 71 460
134 1170 75 469
138 1254 71 460
134 1170 75 469
134 1170 75 469
133 1239 71 461
133 1239 71 461
128 1219 75 469
128 1219 75 469
122 1126 70 504
161 1426 70 474
152 1393 89 451
137 1196 96 502
129 1222 76 474
131 1208 80 478
152 1393 89 451
139 1233 75 467
147 1289 82 454
143 1281 73 463
142 1340 78 452
143 1333 80 452
136 1291 72 465
142 1300 76 459
135 1302 77 461
147 1289 75 459
135 1302 77 461
158 1477 78 454
151 1337 82 452
143 1291 72 467
138 1293 76 488
136 1214 81 480
129 1250 77 488
143 1308 76 459
141 1281 79 477
141 1298 80 466
139 1304 77 475
142 1290 81 468
136 1231 82 479
140 1294 76 480
163 1517 78 462
160 1434 99 455
148 1325 73 515
147 1401 72 486
145 1237 87 502
136 1252 84 481
152 1262 83 505
138 1239 90 498
161 1510 76 465
149 1338 94 459
154 1393 75 470
139 1296 76 491
147 1290 79 491
149 1358 81 465
148 1373 84 462
153 1351 88 464
145 1326 73 478
147 1331 74 472
174 1521 77 468
163 1555 75 484
157 1481 72 493
145 1371 77 509
137 1264 93 485
139 1293 90 504
157 1403 78 476
147 1332 86 507
150 1400 80 478
142 1315 89 487
171 1518 75 484
143 1338 80 494
151 1394 74 485
157 1453 76 482
148 1345 77 482
148 1332 76 489
159 1406 84 476
156 1401 79 498
155 1488 74 524
157 1459 77 496
200 1819 90 486
159 1453 83 513
133 1280 70 422
129 1191 82 424
125 1147 58 496
110 997 68 429
110 1014 67 462
128 1105 64 441
120 1142 65 485
131 1237 60 474
133 1149 79 427
126 1155 63 457
127 1196 64 447
110 997 68 429
121 1132 64 491
129 1191 82 424
122 1118 64 475
131 1175 62 461
122 1136 65 445
123 1117 66 490
133 1157 62 485
133 1149 79 427
130 1133 63 469
123 1117 66 490
130 1133 63 469
127 1196 64 447
131 1175 62 461
120 1142 65 485
123 1117 66 490
123 1117 66 490
110 997 68 429
154 1400 75 430
154 1400 75 430
131 1190 62 492
125 1151 80 435
116 1003 76 480
111 1038 70 498
110 1042 78 455
141 1287 62 489
111 1028 71 441
132 1296 62 487
140 1250 69 432
115 1065 68 473
121 1158 73 436
126 1177 63 483
110 1042 78 455
125 1143 65 470
122 1134 67 463
116 1003 76 480
128 1162 68 444
118 1112 80 438
125 1131 67 473
137 1218 63 460
138 1274 70 436
118 1080 67 477
121 1097 70 452
130 1115 66 495
135 1241 74 435
135 1241 74 435
126 1180 70 447
132 1214 64 480
117 1059 68 492
130 1115 66 495
134 1209 67 446
131 1190 62 492
127 1202 68 458
117 1091 70 462
134 1209 67 446
131 1161 68 451
132 1203 66 468
141 1287 62 489
138 1274 70 436
119 1071 68 469
132 1296 62 487
132 1203 66 468
118 1112 80 438
132 1085 68 460
132 1214 64 480
125 1151 80 435
118 1080 67 477
137 1218 63 460
119 1071 68 469
132 1085 68 460
127 1202 68 458
121 1133 68 459
131 1161 68 451
121 1133 68 459
117 1059 68 492
135 1241 74 435
135 1241 74 435
135 1241 74 435
131 1190 62 492
130 1115 66 495
130 1115 66 495
130 1115 66 495
127 1202 68 458
125 1151 80 435
119 1071 68 469
119 1071 68 469
119 1071 68 469
118 1080 67 477
118 1080 67 477
118 1080 67 477
118 1080 67 477
117 1059 68 492
161 1403 76 433
155 1409 62 489
141 1208 64 514
129 1171 90 444
121 1045 77 466
113 1062 76 453
131 1185 81 438
135 1239 64 511
145 1266 65 462
150 1347 63 478
157 1293 62 491
143 1341 64 466
129 1171 90 444
133 1194 78 442
116 1076 85 451
138 1279 67 454
148 1355 63 473
140 1316 69 443
116 1076 85 451
120 1086 68 489
123 1150 67 501
140 1296 72 437
130 1097 73 452
119 1102 70 469
123 1138 69 476
125 1164 65 486
116 1102 72 459
137 1283 76 439
123 1150 67 501
116 1052 78 460
139 1252 70 444
125 1176 65 474
157 1293 62 491
131 1147 75 445
136 1214 68 445
121 1125 70 465
124 1167 71 453
117 1051 71 477
121 1125 70 465
125 1107 74 449
148 1355 63 473
113 1062 76 453
129 1199 66 471
140 1344 63 513
117 1068 75 450
117 1068 75 450
125 1107 74 449
129 1199 66 471
127 1140 68 461
130 1194 70 450
139 1252 70 444
128 1138 68 473
127 1163 72 448
150 1347 63 478
124 1161 72 451
125 1100 68 478
123 1173 68 477
140 1227 64 469
132 1230 76 444
129 1218 65 473
125 1164 65 486
140 1344 63 513
136 1214 68 445
129 1182 70 460
128 1162 76 447
140 1227 64 469
127 1140 68 461
132 1230 76 444
131 1151 67 478
116 1052 78 460
133 1149 65 471
128 1162 76 447
133 1149 65 471
128 1150 72 449
124 1161 72 451
123 1138 69 476
129 1218 65 473
131 1151 67 478
157 1293 62 491
140 1344 63 513
131 1151 67 478
129 1199 66 471
129 1199 66 471
128 1150 72 449
125 1164 65 486
124 1161 72 451
123 1150 67 501
123 1150 67 501
123 1150 67 501
123 1150 67 501
121 1125 70 465
117 1068 75 450
151 1412 70 447
141 1306 72 439
140 1253 64 472
139 1255 81 447
134 1177 66 528
117 1089 80 453
116 1091 76 460
144 1323 65 470
127 1163 70 497
147 1190 66 475
129 1193 66 476
134 1177 66 528
126 1169 78 449
121 1117 75 460
137 1296 79 443
124 1121 76 459
125 1179 67 506
130 1183 66 486
123 1137 76 450
137 1211 74 448
135 1247 70 451
125 1130 72 463
117 1089 80 453
144 1204 70 457
125 1179 67 506
138 1284 68 470
140 1309 67 454
139 1287 65 488
132 1179 68 474
138 1254 69 449
144 1299 75 441
132 1225 70 453
125 1175 70 465
133 1220 70 461
130 1165 70 466
139 1287 65 488
137 1277 67 474
125 1199 72 462
140 1253 64 472
121 1117 75 460
137 1211 74 448
139 1216 70 448
138 1252 66 474
125 1130 72 463
125 1172 75 455
125 1172 75 455
134 1177 66 528
152 1328 64 475
149 1369 75 442
131 1206 84 451
121 1124 76 495
125 1189 74 483
143 1315 67 462
128 1236 79 468
141 1308 72 447
128 1191 82 478
133 1206 73 487
140 1268 70 464
131 1204 78 462
149 1313 68 475
141 1265 69 474
135 1227 76 459
134 1243 71 481
139 1226 78 460
133 1256 72 455
136 1256 71 479
136 1221 71 484
140 1262 68 476
133 1233 78 453
158 1405 70 465
154 1453 75 457
148 1343 81 453
144 1326 67 469
142 1289 69 497
139 1263 90 459
139 1199 75 485
133 1213 80 494
146 1282 83 462
136 1295 73 462
142 1244 78 469
152 1292 75 480
141 1254 76 475
140 1213 82 484
147 1309 71 464
141 1307 70 482
146 1308 70 473
163 1550 77 459
144 1342 68 502
142 1261 78 497
140 1280 76 512
136 1296 80 484
160 1448 68 490
155 1423 72 471
152 1398 78 468
155 1401 70 484
149 1378 76 475
145 1327 74 498
148 1261 77 480
162 1335 74 490
140 1316 78 474
140 1315 76 485
183 1495 73 490
156 1339 84 529
144 1306 87 497
159 1445 77 510
146 1288 60 468
130 1201 73 427
123 1159 60 496
119 1095 84 438
112 960 77 483
110 1023 71 527
109 1001 75 490
110 1023 71 527
123 1159 60 496
134 1201 72 434
121 1145 81 434
137 1251 61 466
127 1143 77 434
141 1276 62 456
122 1126 81 445
117 1024 67 474
119 1095 84 438
132 1241 65 445
138 1112 73 432
141 1263 65 440
123 1087 75 445
115 1049 64 454
139 1184 63 452
132 1190 74 436
113 1018 72 450
112 1031 74 448
115 1048 65 464
139 1246 63 450
129 1098 68 445
124 1118 69 442
109 1001 75 490
112 960 77 483
111 1016 67 475
133 1089 62 475
111 1058 68 459
119 1103 63 459
120 1111 69 448
111 1058 68 459
124 1105 60 483
126 1098 69 440
126 1199 77 436
123 1016 66 449
126 1140 60 469
133 1089 62 475
116 1041 67 455
120 1128 72 441
126 1098 69 440
124 1093 63 461
116 1041 67 455
123 1016 66 449
141 1276 62 456
122 1137 72 440
122 1137 72 440
124 1093 63 461
115 1048 65 464
120 1128 72 441
133 1089 62 475
133 1089 62 475
124 1093 63 461
124 1093 63 461
124 1093 63 461
124 1093 63 461
120 1128 72 441
111 1058 68 459
110 1023 71 527
110 1023 71 527
110 1023 71 527
110 1023 71 527
109 1001 75 490
161 1372 72 438
156 1398 62 462
146 1299 74 431
139 1263 60 477
132 1177 84 437
118 1115 65 498
116 1034 69 476
114 1039 81 475
148 1350 68 444
156 1398 62 462
142 1328 75 433
140 1312 60 475
145 1370 62 472
115 1087 73 493
137 1217 62 474
143 1269 65 450
148 1350 68 444
132 1054 77 454
134 1144 61 486
127 1157 71 440
134 1144 61 486
139 1259 61 474
123 1078 75 448
120 1110 64 478
123 1095 71 456
126 1129 70 441
130 1110 71 450
124 1118 82 445
127 1132 61 497
142 1295 65 449
117 1065 78 458
161 1372 72 438
133 1171 61 480
119 1086 65 494
125 1124 63 467
116 1072 66 463
131 1183 63 464
140 1248 77 435
131 1189 67 455
120 1085 73 454
146 1204 77 438
132 1197 81 439
120 1091 68 459
136 1252 80 436
118 1058 66 461
125 1124 63 467
133 1171 61 480
122 1121 70 449
126 1097 72 454
124 1124 64 458
134 1275 66 447
123 1092 74 452
117 1065 78 458
126 1125 79 447
137 1171 66 454
132 1230 77 438
118 1115 65 498
116 1120 82 453
136 1204 75 439
122 1120 69 450
131 1189 67 455
145 1370 62 472
131 1124 68 451
126 1183 68 455
136 1252 80 436
126 1125 79 447
137 1154 68 450
127 1132 61 497
124 1118 82 445
140 1279 77 433
140 1279 77 433
122 1104 69 454
121 1088 65 464
115 1087 73 493
132 1230 77 438
116 1120 82 453
121 1088 65 464
130 1222 81 436
140 1248 77 435
132 1222 66 450
130 1222 81 436
122 1104 69 454
136 1204 75 439
132 1054 77 454
137 1154 68 450
137 1171 66 454
136 1204 75 439
134 1144 61 486
132 1230 77 438
132 1054 77 454
131 1183 63 464
125 1124 63 467
124 1118 82 445
124 1118 82 445
124 1118 82 445
118 1115 65 498
117 1065 78 458
116 1120 82 453
160 1423 60 489
159 1424 74 434
156 1448 60 478
141 1289 60 507
128 1168 85 441
121 1062 67 502
118 1068 75 474
146 1341 62 475
122 1126 81 464
149 1299 70 445
154 1386 60 501
136 1232 64 458
120 1089 72 497
132 1089 66 484
135 1166 63 468
142 1340 67 450
127 1187 79 440
160 1423 60 489
132 1234 64 477
140 1216 67 458
131 1207 64 500
126 1186 69 452
118 1106 73 470
134 1189 68 454
154 1386 60 501
133 1212 66 460
119 1087 77 465
131 1152 74 442
144 1315 70 446
121 1100 68 477
125 1135 70 462
124 1080 77 473
156 1448 60 478
141 1138 77 448
124 1123 65 477
130 1171 73 440
131 1115 72 452
127 1187 79 440
123 1086 67 465
125 1120 77 455
144 1315 70 446
121 1062 67 502
128 1143 72 448
128 1147 71 446
126 1138 68 459
129 1133 73 453
128 1147 71 446
129 1133 73 453
130 1171 73 440
141 1138 77 448
128 1143 72 448
160 1423 60 489
156 1448 60 478
154 1367 70 446
145 1316 60 522
145 1316 60 522
140 1289 77 441
128 1127 84 460
126 1086 67 492
123 1130 81 477
135 1236 64 469
147 1326 64 460
135 1287 69 456
131 1133 75 452
128 1167 73 448
134 1208 68 457
130 1194 71 462
124 1147 72 465
124 1115 68 466
140 1194 70 461
129 1197 72 450
145 1316 60 522
164 1484 70 456
148 1361 74 449
147 1328 64 487
133 1156 83 452
132 1174 68 498
124 1141 72 466
155 1352 66 460
132 1215 80 464
141 1249 76 453
131 1190 68 472
128 1191 67 492
138 1285 68 459
137 1250 69 460
139 1189 71 497
141 1242 67 469
160 1440 71 461
158 1416 66 476
148 1325 76 456
141 1189 73 503
126 1150 83 466
125 1193 76 471
136 1233 67 495
128 1160 74 476
142 1249 79 470
152 1396 69 462
152 1358 67 469
142 1251 71 474
149 1373 72 462
137 1254 69 464
141 1277 67 472
136 1275 69 476
162 1419 74 463
161 1362 88 459
146 1336 68 475
138 1199 77 474
135 1200 74 493
133 1208 89 468
142 1264 74 483
138 1280 77 471
148 1279 88 471
148 1320 69 464
144 1304 70 464
142 1320 70 468
165 1394 68 490
154 1464 72 464
140 1299 84 519
142 1327 78 470
151 1442 73 474
155 1374 71 472
146 1304 70 504
149 1364 75 477
144 1345 76 496
146 1326 74 489
148 1306 76 491
157 1404 74 497
156 1420 71 475
150 1335 89 499
144 1339 78 515
149 1381 76 481
165 1521 74 478
158 1454 73 483
