115833 2460.5
88 851 68 480
93 898 64 492
110 1027 62 497
95 907 73 471
94 885 71 472
92 858 69 475
102 945 65 484
106 1034 73 470
90 868 71 477
105 996 71 471
105 998 69 472
95 892 69 473
99 939 68 473
96 919 65 488
98 936 63 491
100 903 65 488
97 894 64 497
93 843 68 490
107 1010 63 486
91 874 68 478
108 1014 66 483
91 864 71 476
103 911 63 497
109 1003 64 485
101 927 66 485
93 879 68 475
109 1051 67 482
115 1067 76 469
97 879 71 474
97 849 68 480
100 946 64 487
100 947 63 488
96 917 68 474
100 920 63 494
97 926 64 490
112 1016 75 470
106 926 63 489
100 938 66 486
99 942 66 487
97 896 65 494
95 874 68 475
106 994 64 486
103 947 63 487
99 927 63 491
101 903 68 474
96 923 64 491
98 914 64 491
99 948 64 489
102 964 63 487
101 935 63 489
107 1018 67 483
97 914 66 489
102 924 64 490
96 873 68 479
120 1162 75 469
106 1024 62 510
122 1172 62 489
108 1008 78 467
108 1008 78 467
95 839 68 482
95 839 68 482
98 926 68 481
107 999 68 475
128 1180 74 539
147 1380 87 579
149 1390 82 535
161 1417 94 549
179 1680 84 543
167 1496 120 558
149 1376 70 524
189 1723 85 574
148 1388 85 532
151 1372 92 546
168 1526 96 560
159 1460 98 577
154 1420 83 537
151 1351 82 552
156 1518 84 546
134 1274 75 536
157 1412 90 527
153 1462 80 551
158 1515 93 569
144 1318 89 560
162 1463 96 550
161 1520 75 521
150 1417 89 555
169 1528 81 534
158 1452 79 544
152 1424 107 544
132 1208 84 519
149 1418 84 569
150 1359 97 550
146 1339 87 540
147 1322 82 514
137 1277 76 524
159 1464 86 572
136 1283 76 539
159 1447 75 526
151 1273 83 539
179 1683 91 575
169 1566 89 541
135 1211 82 530
135 1265 91 535
161 1515 106 574
157 1466 87 581
158 1470 92 580
139 1323 89 533
152 1339 97 554
150 1429 68 528
157 1441 97 567
144 1324 91 534
139 1262 89 542
157 1402 100 550
132 1252 84 532
138 1285 90 539
155 1470 71 541
181 1683 114 579
169 1605 75 557
145 1336 106 539
147 1407 92 560
128 1189 85 527
171 1601 87 588
166 1560 84 569
155 1361 95 557
168 1465 80 535
154 1423 92 537
157 1475 98 550
170 1534 99 535
175 1593 93 544
190 1638 83 577
182 1750 93 584
154 1375 84 570
165 1563 91 565
152 1369 111 559
162 1532 89 538
168 1649 82 559
164 1527 92 535
169 1569 97 575
169 1492 106 556
159 1465 97 569
141 1307 78 554
166 1512 97 591
159 1391 82 576
192 1799 86 574
150 1440 69 532
152 1423 84 549
143 1272 90 549
150 1395 76 543
152 1414 115 549
182 1632 105 581
179 1672 88 540
141 1321 99 539
133 1224 73 531
183 1744 85 570
171 1576 83 523
183 1713 99 556
161 1420 98 558
159 1481 99 546
165 1416 98 577
137 1248 81 532
165 1491 81 553
141 1229 104 539
154 1390 88 541
149 1394 85 548
157 1363 97 535
169 1488 90 549
170 1592 97 563
153 1394 108 602
167 1557 91 549
177 1618 91 558
169 1536 93 568
154 1386 85 546
159 1492 77 549
160 1495 97 530
137 1257 77 533
150 1440 83 557
150 1369 96 539
161 1513 85 552
190 1678 120 558
155 1438 86 566
142 1261 100 562
133 1260 85 541
202 1779 106 563
155 1371 77 547
197 1844 96 581
154 1437 83 544
129 1195 83 533
142 1327 82 528
146 1360 81 532
136 1261 82 535
174 1626 86 561
155 1376 107 559
133 1208 72 534
146 1348 89 547
165 1509 112 531
165 1435 106 551
127 1118 75 529
174 1551 111 561
142 1348 83 557
164 1538 90 545
154 1392 76 531
170 1489 97 557
170 1515 111 575
158 1446 102 565
156 1375 100 551
189 1766 91 575
164 1475 94 567
144 1303 94 576
156 1426 86 563
198 1819 97 573
157 1494 89 537
150 1442 89 537
173 1551 91 540
173 1602 109 548
160 1428 121 558
169 1524 83 572
164 1530 82 553
155 1422 90 558
153 1362 81 522
149 1390 97 530
150 1426 111 542
154 1372 99 540
157 1478 83 547
133 1258 74 535
157 1394 92 556
164 1500 97 551
140 1343 91 532
139 1265 87 568
162 1418 94 568
158 1479 92 548
190 1741 84 553
141 1255 89 561
176 1596 84 543
143 1332 90 540
184 1589 111 561
138 1301 92 522
144 1366 104 573
176 1548 106 601
174 1655 84 533
146 1365 85 555
155 1502 84 547
153 1379 83 531
141 1341 78 517
176 1560 97 549
188 1716 112 556
128 1202 80 538
142 1373 80 539
180 1746 90 582
164 1499 101 555
158 1461 84 561
205 1808 83 572
143 1310 80 532
161 1398 85 563
145 1323 71 519
172 1600 71 525
156 1419 105 591
165 1487 92 570
174 1608 114 580
171 1539 98 569
183 1686 83 556
167 1524 96 545
171 1558 106 553
141 1295 90 561
143 1204 83 544
159 1432 91 561
166 1464 88 560
143 1311 84 541
152 1446 92 554
155 1422 92 553
171 1501 92 595
159 1485 78 527
162 1503 77 548
144 1277 89 540
162 1422 84 553
152 1446 80 543
145 1395 75 517
166 1526 84 539
146 1337 86 546
152 1399 91 541
156 1407 91 551
174 1499 104 565
153 1353 83 567
148 1350 81 524
148 1337 97 550
144 1346 92 562
151 1368 99 544
174 1567 108 557
165 1519 86 564
165 1388 92 595
155 1388 90 510
163 1448 93 569
160 1476 82 538
151 1465 74 521
161 1499 91 555
156 1388 105 532
137 1277 89 529
163 1410 92 577
133 1232 97 518
143 1293 98 528
156 1402 98 535
