101367 3240.89
127 1176 62 436
143 1293 87 471
130 1180 69 463
143 1280 89 452
159 1468 86 495
152 1395 75 456
195 1800 101 587
158 1503 82 447
124 1150 82 456
126 1119 81 410
173 1545 96 484
226 2062 131 664
126 1149 76 481
169 1566 84 512
182 1640 135 575
203 1857 111 572
137 1288 85 423
154 1355 84 431
190 1638 94 594
180 1643 122 517
201 1826 125 626
182 1753 105 644
143 1341 76 445
204 1758 115 634
154 1418 86 526
144 1343 84 477
172 1613 87 471
115 1017 75 436
161 1443 109 489
181 1653 108 606
180 1646 107 594
169 1467 103 555
211 2025 96 544
191 1758 111 622
133 1242 72 408
154 1454 87 496
141 1229 98 455
136 1271 78 514
171 1508 94 533
189 1727 93 583
146 1278 74 428
224 2022 113 659
175 1592 112 604
140 1298 76 447
166 1515 98 502
207 1841 113 570
119 1090 62 439
155 1400 87 549
168 1578 113 555
169 1498 101 539
143 1282 91 468
153 1278 81 534
189 1732 126 623
135 1218 95 480
211 1916 109 587
170 1559 107 555
158 1399 107 567
153 1389 94 491
152 1379 70 460
113 1032 70 462
147 1343 77 497
115 1032 68 433
138 1251 69 480
181 1688 131 638
182 1643 88 527
172 1546 118 552
143 1310 81 460
198 1823 129 653
166 1464 71 486
132 1167 85 429
141 1269 71 478
175 1538 147 548
146 1341 100 524
169 1523 118 615
115 1062 83 393
184 1762 110 551
183 1747 114 576
135 1285 73 475
128 1201 62 457
162 1513 96 474
149 1339 97 545
158 1460 86 471
171 1494 107 519
193 1805 112 590
145 1316 98 473
140 1289 94 492
130 1164 85 500
138 1272 86 519
132 1235 83 508
180 1644 107 547
145 1313 82 502
145 1364 100 471
143 1281 73 458
196 1848 118 630
164 1501 129 550
158 1479 106 628
163 1511 109 519
140 1230 85 475
125 1149 77 479
191 1731 116 570
219 1988 134 613
127 1101 68 455
197 1808 89 623
155 1397 107 488
223 2079 129 633
214 1956 129 614
119 1112 62 441
182 1679 106 605
142 1295 72 470
164 1522 108 539
186 1740 102 553
134 1216 68 453
199 1882 131 551
182 1605 109 583
150 1305 76 505
162 1487 102 485
221 1914 111 638
132 1215 80 499
124 1133 67 405
137 1205 73 434
158 1455 94 441
163 1495 92 495
156 1429 77 470
159 1429 82 472
161 1450 91 544
147 1360 89 505
115 1082 70 394
193 1776 102 554
139 1231 67 466
139 1269 72 508
150 1372 79 518
203 1889 118 607
133 1196 79 431
186 1734 108 562
127 1150 76 434
213 1995 98 521
185 1763 86 531
156 1412 91 457
152 1414 104 544
196 1718 90 554
189 1807 147 582
156 1394 89 455
142 1295 85 511
198 1748 119 598
184 1733 127 538
188 1780 100 552
145 1374 98 533
110 1011 70 430
209 1944 125 626
176 1563 102 567
198 1773 92 637
168 1605 102 508
133 1253 75 450
116 1057 74 426
188 1664 100 580
170 1570 100 513
175 1613 104 539
127 1123 74 426
169 1505 108 579
165 1513 95 564
196 1737 120 607
162 1525 106 536
168 1469 103 640
142 1315 81 529
134 1205 90 460
212 1948 97 505
157 1440 88 559
213 1955 84 537
189 1754 109 581
136 1223 68 433
149 1427 82 481
185 1632 128 609
178 1575 92 535
125 1138 76 448
219 1997 124 668
134 1197 75 447
144 1302 103 524
157 1468 108 495
164 1549 100 526
107 956 68 422
164 1499 79 454
176 1624 100 568
198 1855 86 537
123 1143 70 412
159 1485 73 473
152 1412 86 538
192 1770 101 597
186 1795 108 610
181 1658 152 577
170 1563 88 471
153 1407 69 477
133 1236 91 430
171 1568 99 483
175 1597 84 559
163 1520 76 492
107 966 65 408
161 1469 111 521
210 1783 122 548
179 1616 96 515
154 1381 90 469
182 1683 112 538
159 1499 93 485
202 1754 144 556
154 1349 111 618
164 1458 76 495
139 1289 70 462
158 1442 104 501
174 1560 86 519
150 1400 82 499
160 1387 104 554
136 1277 77 501
165 1577 102 577
142 1308 70 468
141 1269 93 495
231 1963 96 666
146 1256 93 474
140 1256 96 568
150 1392 93 485
201 1855 135 639
124 1152 69 412
153 1464 95 442
134 1273 70 503
224 2004 122 624
183 1691 133 639
190 1573 105 607
141 1330 97 491
128 1134 77 463
128 1201 91 479
119 1096 80 415
151 1311 85 493
149 1350 78 502
142 1251 83 502
165 1472 106 560
181 1612 162 590
158 1418 84 552
169 1506 94 506
153 1366 94 581
132 1194 63 460
156 1466 128 507
184 1696 110 564
141 1341 83 500
213 2023 133 668
127 1182 84 457
150 1392 98 489
151 1424 112 476
160 1461 100 504
122 1133 77 462
157 1485 101 537
165 1538 109 540
119 1090 76 391
120 1081 63 404
167 1564 116 556
144 1289 71 503
158 1475 93 552
140 1336 86 507
148 1337 82 485
140 1296 87 485
166 1348 90 505
192 1846 103 568
166 1557 94 592
144 1231 80 448
158 1475 90 515
182 1685 94 552
147 1322 82 492
145 1321 82 482
174 1619 106 668
135 1258 86 498
154 1342 80 439
141 1233 98 471
123 1056 76 480
117 1096 66 418
121 1129 73 410
155 1433 84 464
170 1597 106 488
138 1225 84 460
176 1629 101 517
120 1100 69 422
195 1814 130 625
175 1635 102 549
167 1566 95 595
135 1186 89 493
211 1900 131 623
181 1587 105 533
171 1505 107 521
145 1316 82 442
209 1940 93 546
144 1259 110 499
173 1570 114 557
135 1240 83 481
143 1314 72 502
150 1433 95 550
131 1109 72 445
198 1846 109 565
198 1809 95 529
137 1267 78 415
173 1473 96 465
172 1665 89 484
197 1895 144 631
129 1184 78 459
211 1894 111 615
