55366 1740.54
80 692 77 415
80 675 67 444
84 712 62 438
100 891 100 397
81 688 73 419
81 684 75 420
90 784 86 402
81 698 72 424
80 681 69 438
81 683 75 421
83 707 77 410
81 685 75 420
89 779 78 406
82 697 75 411
81 683 75 421
82 692 65 437
82 696 75 412
83 702 68 428
82 699 74 412
81 683 75 421
91 768 71 417
82 702 75 411
83 719 79 409
80 692 77 415
82 681 64 442
81 688 75 418
82 686 63 440
81 684 72 427
83 714 79 409
83 719 79 409
86 748 77 408
82 681 64 442
81 686 75 419
82 696 75 412
81 686 73 420
80 680 69 438
86 746 83 406
83 714 79 409
80 692 77 415
80 681 69 438
90 776 77 408
81 689 75 417
87 750 83 406
82 697 75 411
80 678 67 439
87 740 72 415
88 758 88 405
81 684 68 431
86 709 71 419
82 723 65 436
81 688 69 430
84 716 71 416
82 696 75 412
80 679 65 440
81 686 73 420
81 684 67 433
89 708 73 413
82 696 75 412
83 714 79 409
82 704 77 410
85 734 83 408
80 692 77 415
81 698 68 428
80 676 63 446
81 684 68 431
80 689 75 416
86 746 83 406
86 751 76 410
81 683 75 421
80 681 69 438
82 700 75 411
80 678 67 439
91 778 75 411
82 697 75 411
80 676 67 444
80 698 70 425
88 764 77 408
80 685 75 419
83 714 79 409
81 683 73 422
82 697 62 442
82 699 75 411
90 762 86 404
83 719 79 409
87 760 68 428
80 692 77 415
84 710 72 415
81 684 68 431
81 688 75 418
81 683 75 421
85 737 83 407
90 766 70 421
80 692 77 415
81 685 75 420
81 699 66 431
80 676 67 444
83 707 77 410
85 741 85 407
80 680 69 438
80 676 65 445
85 731 83 408
81 688 75 418
83 707 77 410
81 698 72 424
80 681 69 438
82 700 75 411
90 735 76 409
80 678 67 439
82 703 74 412
81 683 75 421
80 692 77 415
81 684 64 441
82 696 75 412
82 697 75 411
82 711 66 431
81 685 75 420
81 691 67 430
81 688 75 418
84 723 74 412
81 683 75 421
91 776 88 403
83 717 79 409
80 689 75 416
81 683 75 421
80 676 63 446
80 678 67 439
83 719 79 409
80 679 62 447
81 684 75 420
81 688 75 418
82 704 77 410
81 683 75 421
83 714 79 409
85 743 85 407
80 676 67 444
86 726 67 430
83 712 77 410
83 717 79 409
82 700 75 411
81 683 75 421
87 738 70 421
84 723 74 412
85 732 83 408
81 683 75 421
84 725 65 433
82 702 75 411
89 720 73 413
81 687 75 419
81 689 75 417
81 683 73 422
82 704 77 410
81 683 73 422
80 681 65 440
80 689 75 416
84 716 71 416
81 683 75 421
92 825 91 400
83 709 77 410
81 688 73 419
80 676 67 444
90 760 72 415
80 676 62 450
82 702 75 411
81 688 75 418
81 683 75 421
93 752 73 413
87 750 83 406
81 684 75 420
84 708 72 415
82 698 68 428
81 691 68 429
81 690 72 424
83 707 77 410
83 719 79 409
82 679 64 442
80 678 65 440
80 698 70 425
83 712 77 410
82 696 75 412
81 695 73 417
94 803 93 400
82 700 75 411
84 723 74 412
80 681 69 438
81 683 73 422
81 683 75 421
90 785 90 402
80 691 73 417
80 676 67 444
80 680 69 438
82 704 77 410
80 676 63 446
84 725 76 410
86 744 77 409
80 679 67 439
90 739 71 416
82 699 75 411
82 716 71 423
81 688 73 419
80 676 67 444
91 768 71 417
90 735 76 409
85 731 83 408
80 689 75 416
90 729 70 421
81 687 75 419
81 684 66 434
80 679 65 440
81 691 75 416
81 688 75 418
85 743 85 407
81 691 75 416
81 684 72 427
80 689 75 416
81 686 73 422
80 676 67 444
89 754 86 406
82 704 77 410
80 689 75 416
80 678 67 439
89 774 80 405
81 687 75 419
82 700 75 411
80 679 65 440
80 675 67 444
96 835 75 410
90 763 88 403
80 689 75 416
94 830 74 412
80 696 77 415
81 684 72 427
86 736 67 430
80 692 77 415
81 691 67 430
81 691 69 427
81 684 73 422
84 716 71 416
80 692 77 415
83 714 79 409
80 692 75 416
85 743 85 407
82 697 75 411
80 676 62 450
81 683 75 421
82 687 64 439
81 689 75 417
82 702 75 411
81 684 68 431
81 683 75 421
80 675 63 446
82 696 75 412
80 681 69 438
83 712 77 410
80 694 77 415
80 692 77 415
80 676 62 450
82 704 77 410
86 728 72 415
96 844 75 410
80 692 77 415
84 725 65 433
82 700 75 411
89 770 88 403
82 699 75 411
82 704 67 430
80 694 77 415
91 780 69 424
81 691 75 417
81 688 75 418
80 681 69 438
83 717 79 409
84 723 65 433
81 688 75 418
81 687 75 419
80 679 65 440
81 683 75 421
90 763 88 403
82 704 77 410
81 684 72 427
80 680 69 438
91 783 80 405
80 689 75 416
83 712 77 410
80 692 77 415
81 683 75 421
82 704 73 413
82 704 77 410
80 678 67 439
88 750 71 416
80 701 70 425
84 710 72 415
84 708 72 415
82 696 75 412
82 697 75 411
81 698 66 431
81 683 75 421
80 676 63 446
80 689 75 416
90 768 72 415
80 681 69 438
