33427 1320.87
72 605 54 397
110 980 62 375
72 605 54 397
70 600 62 389
70 602 61 386
92 847 90 338
92 847 90 338
90 827 88 339
88 807 87 341
88 799 86 342
82 740 82 348
90 827 88 339
76 691 74 357
86 779 85 343
73 652 70 363
73 652 70 363
87 802 87 342
80 721 79 351
84 763 84 345
84 756 84 346
88 816 88 340
74 640 69 364
82 740 82 348
80 731 76 353
82 745 80 349
87 802 87 342
88 816 88 340
86 779 85 343
71 610 61 379
78 699 78 353
84 763 84 345
72 628 68 366
79 676 69 363
78 669 67 366
85 769 85 344
72 637 68 365
77 670 67 366
81 741 78 351
76 693 73 357
71 614 65 372
75 672 71 361
72 618 59 388
72 604 57 393
72 619 58 389
82 745 80 349
72 622 63 373
71 621 66 370
72 624 64 371
72 627 67 367
73 613 56 393
70 603 63 381
77 694 77 355
82 744 72 358
70 600 61 390
72 622 66 369
72 605 55 395
70 603 60 384
70 600 60 391
85 769 85 344
72 603 55 396
70 602 62 385
88 816 88 340
81 729 79 350
75 633 56 392
86 779 84 344
83 749 82 347
80 729 74 356
81 726 81 350
85 769 85 344
88 816 88 340
74 647 61 376
77 700 75 355
77 679 69 363
79 713 78 352
88 799 86 342
76 685 73 359
72 626 65 370
80 729 74 356
81 733 81 349
74 659 71 362
83 749 82 347
81 733 81 349
77 704 76 354
77 696 77 354
73 613 56 393
73 636 68 365
79 676 69 363
70 606 64 378
76 689 75 357
72 619 58 389
75 623 57 391
78 677 69 363
74 631 69 365
74 659 71 362
72 605 54 397
70 600 62 389
79 706 79 352
76 690 72 359
85 769 85 344
72 618 59 388
71 610 62 378
71 621 66 370
76 688 75 358
83 730 60 378
84 756 84 346
84 760 82 346
77 704 76 354
74 659 71 362
73 623 68 367
70 603 63 381
75 633 56 392
79 706 79 352
77 670 67 366
72 620 63 375
84 743 72 358
81 726 81 350
81 726 81 350
76 688 75 358
77 696 77 354
76 682 71 360
73 641 69 364
76 691 75 356
71 616 66 371
70 602 60 387
79 706 79 352
72 624 68 367
80 731 76 353
80 721 79 351
70 604 63 379
72 622 67 368
72 620 63 375
72 607 57 392
75 639 69 364
77 700 75 355
71 614 64 373
71 611 62 376
71 612 64 374
71 612 64 374
73 634 61 377
70 603 60 384
70 611 64 377
72 620 67 369
75 623 57 391
70 606 64 378
79 706 79 352
79 713 78 352
84 756 84 346
86 779 85 343
76 690 72 359
74 621 55 394
70 603 61 383
74 621 55 394
71 610 60 380
72 603 56 395
70 603 62 382
71 614 65 372
70 606 64 378
75 672 71 361
73 634 69 365
70 603 63 381
72 618 59 388
82 746 81 348
70 603 61 383
70 602 61 386
75 672 70 362
88 807 87 341
70 602 60 387
72 627 66 368
76 690 72 359
90 827 88 339
70 604 62 380
71 621 66 370
70 602 62 385
70 603 62 382
72 603 55 396
76 682 71 360
72 610 59 390
88 807 87 341
75 672 70 362
72 643 69 364
82 746 81 348
74 631 69 365
83 749 82 347
70 607 66 376
84 760 82 346
76 682 71 360
76 685 73 359
72 643 69 364
72 635 69 365
71 616 66 371
72 618 59 388
70 600 61 390
84 743 72 358
75 639 69 364
75 633 56 392
77 694 77 355
72 627 66 368
72 637 68 365
74 640 69 364
81 741 78 351
78 677 69 363
76 690 72 359
84 743 72 358
73 634 69 365
82 746 81 348
73 636 68 365
82 744 72 358
78 669 67 366
77 670 67 366
76 689 75 357
76 690 72 359
78 699 78 353
83 730 60 378
73 641 69 364
76 693 73 357
70 602 60 387
70 603 61 383
83 749 82 347
70 603 61 383
84 756 84 346
80 729 74 356
88 816 88 340
90 827 88 339
70 603 60 384
92 847 90 338
82 745 80 349
92 847 90 338
88 807 87 341
73 652 70 363
74 621 55 394
72 605 54 397
84 763 84 345
70 602 60 387
82 740 82 348
70 603 61 383
72 627 66 368
82 740 82 348
75 672 70 362
70 603 63 381
72 605 54 397
85 769 85 344
75 623 57 391
72 605 54 397
70 603 60 384
92 847 90 338
72 605 54 397
76 693 73 357
85 769 85 344
83 749 82 347
87 802 87 342
88 799 86 342
80 729 74 356
70 603 61 383
70 603 62 382
88 807 87 341
81 726 81 350
72 622 63 373
74 659 71 362
80 729 74 356
70 604 63 379
72 603 55 396
77 700 75 355
76 682 71 360
72 605 54 397
70 603 63 381
70 602 62 385
77 670 67 366
77 694 77 355
83 730 60 378
70 602 62 385
73 613 56 393
74 621 55 394
73 623 68 367
82 740 82 348
74 659 71 362
82 740 82 348
74 640 69 364
73 652 70 363
74 631 69 365
84 743 72 358
82 740 82 348
88 807 87 341
87 802 87 342
85 769 85 344
87 802 87 342
88 807 87 341
72 605 54 397
72 605 54 397
87 802 87 342
86 779 85 343
76 693 73 357
72 620 66 370
83 749 82 347
72 607 57 392
73 641 69 364
86 779 85 343
72 605 54 397
70 604 63 379
77 670 67 366
71 616 66 371
