31978 630.233
76 697 69 464
76 696 69 465
81 745 64 474
104 966 99 428
78 711 72 458
78 709 72 458
89 824 81 432
80 719 72 449
77 699 69 464
78 704 69 463
81 728 76 440
78 709 72 458
87 801 78 436
80 718 75 442
78 704 69 463
78 704 67 467
80 716 74 443
80 735 70 450
80 716 74 443
76 697 69 464
81 736 72 445
81 723 75 442
82 738 77 438
78 714 72 458
78 704 67 467
78 714 72 458
78 709 67 469
78 709 72 458
81 733 76 440
80 738 75 442
83 754 78 437
78 704 67 467
78 709 72 458
80 716 74 443
78 711 72 458
77 699 69 464
83 751 78 436
81 733 76 440
80 716 73 444
77 699 69 464
87 781 77 437
80 716 73 444
84 761 78 436
80 716 74 443
77 699 69 464
88 746 73 444
86 779 80 435
78 704 69 463
81 726 72 445
78 705 67 467
78 709 71 459
82 733 72 445
80 716 74 443
78 714 67 465
78 709 72 458
78 704 69 463
81 725 74 442
80 716 73 444
81 733 76 440
80 738 75 442
83 750 78 437
80 716 73 444
81 733 70 456
76 697 69 464
78 704 69 463
80 716 73 444
83 751 78 436
81 751 76 440
78 704 69 463
76 697 69 464
80 721 75 442
77 699 69 464
96 878 75 441
80 718 75 442
76 696 69 465
80 720 72 452
89 822 77 437
78 709 72 458
81 732 76 440
78 706 69 463
80 730 65 471
80 718 75 442
86 779 80 435
80 738 75 442
86 776 69 457
80 716 73 444
81 725 73 444
78 704 69 463
78 714 72 458
78 704 69 463
83 750 78 436
85 756 70 450
80 716 73 444
78 709 72 458
80 733 68 462
76 697 69 464
81 727 76 440
83 753 78 437
77 699 69 464
76 697 69 464
82 743 77 438
78 714 72 458
81 728 76 440
80 716 73 444
77 699 69 464
80 718 75 442
83 751 77 438
77 699 69 464
80 721 74 443
78 704 69 463
80 716 73 444
78 706 67 467
80 716 73 444
80 716 74 443
81 741 68 462
78 709 72 458
78 713 69 461
78 714 72 458
83 766 74 442
78 704 69 463
87 799 80 434
82 738 77 439
80 716 73 444
78 704 69 463
77 699 69 464
76 697 69 464
82 740 77 438
79 723 65 471
78 709 72 458
78 711 72 458
81 726 74 442
78 704 69 463
81 732 76 440
82 740 77 438
76 697 69 464
85 763 68 460
81 730 76 440
82 738 77 439
80 718 75 442
78 704 69 463
82 749 70 450
88 750 75 441
82 743 77 438
78 704 69 463
85 777 67 461
81 723 75 442
82 734 74 442
78 711 72 458
80 716 73 444
77 699 69 464
81 725 74 442
76 697 69 464
78 704 67 467
80 716 73 444
81 726 72 445
76 697 69 464
89 824 83 431
81 730 76 440
80 716 73 444
76 697 69 464
90 766 73 444
78 704 67 467
81 723 75 442
78 714 72 458
77 699 69 464
97 884 74 442
84 761 78 436
78 709 72 458
81 725 73 444
78 712 70 460
78 712 70 460
78 711 72 458
81 728 76 440
80 738 75 442
78 704 67 467
77 699 69 464
80 720 72 452
81 731 76 440
80 716 74 443
78 716 72 458
89 823 83 431
81 723 75 442
81 731 75 441
77 699 69 464
78 704 69 463
78 704 69 463
88 826 83 433
80 716 73 444
76 696 69 465
76 697 69 464
81 727 76 440
76 697 69 464
82 738 76 439
82 741 76 439
77 699 69 464
82 733 72 445
80 718 75 442
80 720 72 451
80 716 73 444
76 697 69 464
81 736 72 445
83 764 77 438
82 743 77 438
80 716 73 444
80 735 70 450
78 712 72 458
78 704 68 466
77 699 69 464
80 716 73 444
78 711 72 458
83 751 78 436
80 716 73 444
78 709 72 458
80 716 73 444
78 709 72 458
76 696 69 465
84 761 78 436
81 726 74 442
80 716 73 444
76 697 69 464
86 780 80 435
78 712 72 458
80 721 75 442
77 699 69 464
76 696 69 465
98 837 76 439
85 786 79 435
80 716 73 444
85 785 75 441
80 716 73 444
78 709 72 458
86 778 69 459
80 716 73 444
78 711 69 462
78 712 71 459
78 709 72 458
82 733 72 445
80 716 73 444
81 733 76 440
77 709 69 464
83 751 78 436
80 718 75 442
78 704 67 467
78 704 69 463
78 705 67 467
80 716 73 444
81 723 75 442
78 711 70 461
78 704 69 463
77 699 69 464
80 716 73 444
77 699 69 464
81 730 76 440
80 716 73 444
80 716 73 444
79 719 65 470
81 726 74 442
81 746 73 444
94 817 76 440
80 716 73 444
84 756 67 461
80 721 75 442
85 786 79 435
80 736 74 443
78 713 69 461
80 716 73 444
82 749 70 450
80 716 74 443
78 714 72 458
77 699 69 464
82 738 77 439
78 714 67 465
78 714 72 458
78 711 72 458
78 704 67 467
78 704 69 463
85 791 79 435
81 726 74 442
78 709 72 458
77 699 69 464
85 786 79 435
80 716 73 444
81 730 76 440
80 716 73 444
78 704 69 463
80 719 73 444
81 726 74 442
76 697 69 464
81 736 72 445
80 720 72 451
81 726 72 445
81 725 73 444
80 716 73 444
80 722 75 446
78 715 68 464
78 704 69 463
78 704 67 467
80 716 73 444
87 814 73 444
77 699 69 464
