15401 2056.68
99 917 60 383
99 917 60 383
91 839 88 342
91 839 88 342
77 717 74 358
96 881 62 375
95 889 66 368
94 851 61 381
92 851 62 379
87 785 68 365
90 833 71 360
90 825 64 377
96 863 63 375
86 805 68 367
89 826 76 354
82 759 79 351
87 818 65 372
83 779 73 358
80 737 78 354
79 732 74 357
89 819 86 343
86 787 84 345
95 843 64 373
88 802 67 367
79 722 70 363
78 719 72 360
91 807 65 370
95 870 62 377
84 763 67 369
86 792 83 346
89 819 86 343
89 818 84 344
84 778 83 347
81 752 75 355
92 851 62 379
84 773 84 346
79 731 76 355
94 851 61 381
86 801 82 347
95 843 64 373
93 869 64 372
82 767 81 349
78 725 75 356
84 778 83 347
83 775 81 348
93 869 64 372
83 760 71 361
87 805 80 349
83 762 66 372
81 741 72 359
80 743 73 359
91 807 65 370
89 818 84 344
88 818 65 371
96 863 63 375
91 838 63 377
86 801 82 347
83 763 69 365
81 761 80 352
81 751 70 362
81 744 71 362
78 725 75 356
95 889 66 368
80 748 78 353
88 807 69 364
86 802 78 351
83 763 77 353
82 767 81 349
81 744 77 354
94 841 66 369
81 739 73 359
77 717 74 358
81 761 80 352
86 787 84 345
80 748 78 353
82 759 79 351
94 841 66 369
88 807 69 364
83 775 81 348
82 767 80 350
82 765 78 352
79 722 70 363
83 760 71 361
79 732 74 357
79 724 75 356
86 792 83 346
88 818 65 371
82 767 80 350
81 751 70 362
78 719 72 360
84 773 84 346
84 763 67 369
82 765 77 353
81 741 72 359
81 739 73 359
80 737 78 354
79 724 75 356
89 826 76 354
86 802 78 351
83 779 73 358
81 752 75 355
80 743 73 359
79 731 76 355
91 839 88 342
91 839 88 342
91 839 88 342
91 839 88 342
91 839 88 342
91 839 88 342
91 839 88 342
91 839 88 342
91 839 88 342
91 839 88 342
91 839 88 342
91 839 88 342
91 839 88 342
91 839 88 342
91 839 88 342
91 839 88 342
91 839 88 342
91 839 88 342
91 839 88 342
91 839 88 342
91 839 88 342
91 839 88 342
91 839 88 342
91 839 88 342
91 839 88 342
91 839 88 342
91 839 88 342
91 839 88 342
91 839 88 342
91 839 88 342
91 839 88 342
91 839 88 342
91 839 88 342
91 839 88 342
91 839 88 342
91 839 88 342
91 839 88 342
91 839 88 342
91 839 88 342
91 839 88 342
91 839 88 342
91 839 88 342
91 839 88 342
91 839 88 342
91 839 88 342
91 839 88 342
91 839 88 342
91 839 88 342
91 839 88 342
91 839 88 342
91 839 88 342
91 839 88 342
91 839 88 342
91 839 88 342
91 839 88 342
91 839 88 342
91 839 88 342
91 839 88 342
91 839 88 342
91 839 88 342
91 839 88 342
91 839 88 342
91 839 88 342
104 960 78 354
91 848 88 342
91 835 80 358
88 815 84 351
99 847 80 357
93 878 84 344
94 876 84 344
93 854 79 351
90 832 81 348
90 836 86 343
90 839 83 347
89 830 84 346
94 869 80 350
94 870 83 346
100 920 83 346
95 867 80 353
94 882 80 350
93 864 88 342
93 864 88 342
90 831 84 346
98 903 84 344
96 877 80 352
91 839 86 344
92 856 86 343
94 853 81 348
92 842 83 353
95 893 84 345
92 847 81 349
93 855 81 348
104 969 84 344
104 957 80 353
98 913 88 342
90 834 84 349
104 952 83 347
97 896 81 348
94 879 83 348
94 849 81 350
91 857 84 346
92 849 86 344
98 904 86 343
92 851 84 347
94 878 81 349
98 909 84 345
97 913 86 343
109 977 84 344
107 987 84 344
104 959 80 358
101 870 81 359
99 919 88 342
91 843 87 353
95 887 81 356
105 969 80 357
98 895 83 348
94 857 82 350
92 856 87 349
93 859 84 346
97 902 81 348
93 870 86 344
99 923 86 343
95 890 81 351
100 918 84 345
100 921 86 343
101 946 86 343
99 926 88 342
98 904 81 354
96 876 83 361
94 863 86 346
93 866 88 348
96 885 84 355
100 938 86 344
98 907 82 349
95 889 84 346
98 918 81 348
99 879 83 353
99 869 82 354
94 887 84 348
94 875 86 345
105 967 86 343
101 868 93 351
100 928 88 342
98 921 81 348
95 893 86 353
95 881 88 345
96 894 84 347
97 908 86 346
99 924 84 346
98 893 86 345
110 1021 86 343
101 941 81 348
100 930 88 342
96 897 84 355
95 881 88 348
103 957 84 346
99 925 83 349
104 947 86 345
97 895 84 350
97 911 84 347
101 944 86 346
102 940 83 348
95 886 88 345
104 938 83 354
103 952 81 348
101 931 88 342
96 900 92 352
96 904 88 345
99 914 86 351
103 947 83 348
99 919 84 352
98 925 84 347
98 921 84 352
114 1038 82 348
106 997 81 353
101 939 88 342
98 910 91 354
108 931 84 352
107 991 84 347
100 945 84 350
99 931 87 349
104 942 84 348
111 1009 86 347
102 949 88 344
101 949 84 351
101 931 95 349
101 931 90 357
105 965 86 348
107 940 89 354
101 951 86 350
101 942 87 349
110 1034 86 357
103 967 88 344
101 944 88 350
107 987 88 346
104 980 93 350
107 997 88 349
