4243 120.068
112 1070 64 533
112 1083 66 521
108 1039 72 531
109 1049 76 507
114 1059 74 505
112 1065 69 514
110 1025 79 511
118 1088 69 508
126 1144 64 513
110 1053 72 514
111 1037 73 522
121 1128 67 511
117 1036 67 546
116 1055 67 534
119 1039 69 535
109 1046 72 524
122 1154 72 505
129 1233 71 502
116 1124 80 504
125 1170 67 509
121 1126 64 522
127 1180 81 498
118 1112 64 529
125 1190 74 503
125 1196 79 500
115 1029 78 532
123 1116 66 518
111 1045 72 520
115 1099 72 511
127 1181 66 511
125 1179 73 504
131 1226 70 505
122 1153 64 521
112 1070 74 513
126 1179 80 500
113 1049 71 542
120 1111 65 528
133 1260 76 501
125 1190 65 519
115 1086 72 513
136 1280 69 507
119 1029 72 557
124 1188 83 499
124 1172 83 501
137 1162 66 511
134 1300 83 497
118 1024 78 552
118 1024 78 552
111 1068 72 523
115 1059 72 516
115 1074 69 528
115 1109 68 521
116 1103 66 530
118 1094 72 509
119 1100 66 524
116 1117 71 514
115 1088 70 526
120 1099 67 522
118 1121 69 518
118 1089 71 522
121 1134 64 525
115 1051 74 543
122 1134 66 521
163 1526 94 563
140 1326 87 551
139 1294 87 561
159 1401 93 563
169 1551 95 586
157 1488 72 552
142 1365 76 538
152 1357 78 532
135 1281 93 557
157 1409 100 564
146 1385 78 554
166 1568 93 587
150 1454 93 553
131 1255 102 548
141 1289 79 539
149 1385 85 548
143 1297 101 558
177 1621 101 553
146 1396 72 529
151 1411 86 534
154 1413 86 570
148 1321 80 539
141 1312 94 549
155 1473 78 562
133 1236 80 540
139 1237 86 546
135 1262 77 536
127 1193 78 528
187 1729 94 552
156 1520 102 564
154 1408 79 552
152 1429 96 563
142 1277 108 561
126 1206 72 542
147 1385 100 566
148 1374 72 553
135 1300 93 548
150 1317 93 564
175 1618 83 547
155 1359 115 573
148 1377 78 547
145 1323 79 552
144 1335 92 560
154 1395 79 558
143 1323 78 555
144 1323 86 541
163 1427 78 553
137 1293 78 542
155 1444 86 565
139 1274 91 566
154 1423 72 562
177 1636 87 569
146 1340 93 584
178 1663 79 560
160 1447 79 538
154 1441 96 561
149 1315 85 550
150 1319 100 551
186 1705 93 549
135 1254 72 555
147 1357 93 563
148 1344 100 561
151 1432 86 557
152 1414 103 570
165 1546 100 558
142 1369 88 566
155 1485 86 543
157 1438 86 555
165 1475 101 556
179 1673 87 553
136 1296 81 526
151 1337 98 573
138 1250 94 551
166 1517 92 581
140 1341 77 557
165 1461 94 556
145 1371 80 548
133 1234 80 549
163 1498 92 562
133 1263 103 581
145 1357 101 561
131 1217 76 542
169 1519 78 566
170 1522 78 564
144 1400 78 553
188 1775 109 589
134 1284 94 545
170 1574 104 582
142 1317 69 538
149 1380 94 573
169 1587 80 559
147 1367 92 565
156 1465 87 573
159 1441 93 539
161 1464 79 545
141 1282 78 546
151 1421 101 563
141 1306 88 545
152 1379 92 560
152 1430 94 554
150 1366 70 544
155 1441 91 576
156 1445 92 540
162 1500 109 555
150 1404 94 547
166 1511 85 550
146 1338 77 566
177 1717 88 566
171 1613 124 540
167 1561 86 568
147 1346 85 551
191 1664 78 556
151 1362 86 546
164 1525 100 559
144 1329 101 561
154 1484 79 570
166 1569 86 554
150 1397 88 542
133 1249 72 554
147 1350 78 573
156 1385 79 549
133 1203 74 550
170 1586 78 568
156 1404 79 545
165 1522 93 578
144 1346 83 558
135 1249 92 565
170 1615 93 580
162 1524 80 559
154 1405 74 566
146 1346 80 544
134 1256 77 549
153 1457 74 531
168 1551 117 566
190 1796 72 556
143 1324 87 563
152 1366 102 559
147 1310 88 553
138 1285 76 543
142 1339 71 546
151 1447 78 552
146 1407 71 533
144 1302 95 556
141 1324 80 572
141 1254 78 547
146 1290 87 555
174 1501 96 561
136 1289 88 544
147 1369 72 540
174 1597 103 564
153 1460 94 538
153 1368 78 547
153 1391 68 568
133 1286 93 538
154 1393 108 570
149 1430 80 561
143 1325 100 569
164 1556 80 549
149 1425 78 566
169 1474 94 589
173 1605 87 580
157 1364 113 574
155 1429 80 538
124 1142 72 545
154 1394 93 575
192 1794 78 545
165 1485 100 553
154 1409 85 547
157 1433 108 555
145 1358 78 541
149 1437 73 557
149 1370 86 545
160 1462 109 565
163 1495 81 545
139 1282 101 554
160 1441 87 539
150 1369 92 572
136 1295 93 550
166 1524 78 548
146 1364 72 556
159 1534 95 547
164 1455 78 534
137 1278 108 552
146 1311 78 558
153 1390 91 559
144 1315 93 559
155 1513 76 550
140 1346 80 559
160 1459 76 555
175 1636 100 574
134 1230 93 530
155 1370 103 569
151 1432 76 540
165 1495 95 568
174 1606 101 552
145 1323 72 544
162 1550 88 540
159 1473 102 561
145 1373 86 570
173 1643 78 544
165 1546 109 549
141 1333 101 562
155 1448 93 559
140 1301 86 548
151 1391 88 543
164 1443 93 559
139 1333 80 551
154 1467 93 570
164 1550 86 543
138 1281 78 580
163 1504 79 549
163 1565 102 556
155 1474 94 560
152 1377 94 569
148 1396 86 536
148 1380 92 555
164 1467 84 565
134 1307 78 551
142 1335 78 557
152 1418 84 576
165 1470 78 539
161 1451 72 538
147 1363 87 544
150 1403 107 563
163 1555 87 569
166 1538 91 575
164 1546 103 541
135 1257 93 565
162 1528 96 570
161 1492 103 579
147 1338 71 553
148 1322 94 550
140 1302 79 576
148 1374 100 565
142 1312 79 555
161 1516 88 574
141 1276 101 554
