27063 1050.83
73 617 58 409
97 878 90 341
77 658 54 403
74 637 54 413
100 849 90 341
73 623 56 408
100 849 90 341
75 640 64 386
75 641 60 378
95 858 88 342
98 829 88 342
96 809 86 343
75 638 55 410
79 702 69 364
91 791 84 345
96 809 86 343
83 733 77 353
98 829 88 342
95 858 88 342
93 838 86 343
98 829 88 342
92 775 83 346
76 647 56 398
97 878 90 341
98 861 90 341
75 633 63 387
82 735 80 351
82 748 81 350
90 784 83 346
80 680 72 360
93 838 86 343
74 637 54 413
79 673 56 396
77 654 59 391
84 728 56 395
77 667 71 362
91 783 78 351
76 644 62 375
77 654 59 391
80 682 76 357
75 638 54 411
74 665 70 363
84 737 81 349
86 742 84 348
74 665 70 363
75 633 63 387
76 644 62 375
92 775 83 346
86 754 70 362
83 721 80 351
78 685 73 359
93 838 86 343
86 754 70 362
91 818 84 344
77 659 57 394
80 697 78 354
80 691 65 370
74 624 60 393
75 640 64 386
74 627 56 401
79 702 69 364
75 655 68 366
76 648 66 369
73 621 57 406
75 641 64 372
88 781 80 349
88 750 81 348
84 737 81 349
91 759 84 346
81 678 74 359
94 789 84 344
85 746 75 355
75 655 68 366
74 625 58 398
75 641 61 377
75 641 60 378
75 641 61 377
78 672 55 399
90 808 84 345
87 776 76 354
88 750 81 348
81 707 75 356
85 729 77 353
87 782 83 347
89 802 83 346
89 786 78 351
80 700 76 355
86 742 75 355
78 685 73 359
97 878 90 341
96 841 88 342
94 821 86 343
82 715 79 352
81 689 77 355
75 642 63 374
86 744 83 348
77 663 59 388
77 667 71 362
77 660 59 390
78 692 76 357
81 690 74 358
82 715 79 352
80 691 65 370
80 682 73 359
73 628 62 403
80 680 72 360
79 673 56 396
76 668 71 362
81 681 73 359
85 717 80 351
91 783 78 351
89 787 82 347
74 625 58 398
91 780 82 347
74 626 59 395
87 796 72 359
75 661 66 369
96 841 88 342
92 801 84 344
76 668 71 362
86 768 84 347
78 672 54 400
80 694 67 367
79 712 75 358
82 748 81 350
81 678 74 359
74 651 67 368
87 776 76 354
75 655 69 365
76 645 59 392
89 771 84 346
76 651 58 393
89 802 83 346
90 808 84 345
91 823 71 361
85 746 75 355
73 621 57 406
73 623 56 408
77 663 59 388
81 707 75 356
83 733 77 353
77 661 58 390
80 676 72 361
87 796 72 359
86 744 83 348
85 794 74 356
81 678 74 359
91 791 84 345
82 705 80 353
91 823 71 361
73 628 62 403
73 619 56 412
77 659 57 394
74 624 61 392
85 723 78 352
79 693 77 355
74 620 56 407
80 694 67 367
74 626 59 395
75 639 55 405
74 618 58 404
74 618 58 404
78 672 55 399
74 649 65 371
80 694 67 367
75 642 63 374
74 651 67 368
74 620 56 407
75 650 67 368
80 674 73 360
84 731 80 350
75 638 55 410
75 641 62 376
73 619 56 412
81 690 74 358
82 724 73 358
77 658 54 403
88 764 83 347
86 718 56 395
87 797 80 349
75 641 62 376
75 638 54 411
78 672 54 400
75 639 55 405
76 642 55 402
73 617 58 409
85 712 80 352
75 655 69 365
76 642 55 402
74 649 65 371
75 644 67 369
80 691 65 370
98 829 88 342
78 692 76 357
74 627 56 401
88 764 83 347
86 768 84 347
86 708 81 352
83 711 81 352
94 821 86 343
91 818 84 344
93 779 84 345
90 772 80 349
89 739 84 347
87 751 84 347
86 757 81 348
85 794 74 356
96 841 88 342
98 861 90 341
89 786 78 351
81 687 77 356
78 685 73 359
91 763 83 347
83 721 80 351
80 703 77 354
85 723 78 352
82 748 81 350
80 674 73 360
81 687 77 356
75 635 61 390
94 821 86 343
80 697 78 354
84 731 80 350
83 695 78 354
80 700 76 355
89 739 84 347
85 761 84 348
80 676 72 361
85 717 80 351
83 727 78 352
80 698 74 357
75 635 61 390
82 735 80 351
84 714 79 352
83 725 79 351
82 705 80 353
76 647 56 398
79 712 75 358
75 639 55 405
83 695 78 354
87 797 80 349
74 627 56 401
88 788 84 346
80 698 74 357
77 660 59 390
88 764 83 347
83 758 81 349
83 725 79 351
82 701 77 354
80 703 77 354
86 727 80 350
88 788 84 346
90 784 83 346
94 789 84 344
74 625 58 398
85 761 84 348
78 692 76 357
83 758 81 349
85 762 83 348
89 771 84 346
87 751 84 347
86 708 81 352
92 801 84 344
91 759 84 346
88 781 80 349
89 787 82 347
76 648 66 369
91 780 82 347
82 724 73 358
79 693 77 355
79 712 75 358
73 617 58 409
84 714 79 352
85 728 80 350
86 730 81 349
81 689 77 355
86 757 81 348
75 650 67 368
82 701 77 354
90 772 80 349
93 779 84 345
75 649 62 375
75 640 64 386
86 730 81 349
85 762 83 348
83 711 81 352
87 782 83 347
81 681 73 359
85 729 77 353
98 829 88 342
77 659 57 394
83 721 80 351
75 638 55 410
74 624 61 392
76 644 62 375
73 617 58 409
87 776 76 354
77 660 59 390
97 878 90 341
75 655 69 365
