14395 360.093
96 886 70 505
99 929 73 495
109 1007 71 496
103 954 73 494
101 921 72 496
121 1123 74 491
104 936 68 503
109 973 74 493
121 1057 68 501
100 945 69 501
97 908 70 502
104 884 69 510
114 1013 72 494
100 897 67 507
109 986 64 515
102 890 70 500
101 929 70 499
123 1087 64 513
115 1053 73 493
99 914 67 506
107 915 65 518
103 942 66 508
119 1042 70 497
98 922 68 511
106 963 72 495
114 930 65 509
105 917 67 504
97 882 71 516
105 993 65 507
98 894 70 501
98 905 69 505
102 947 67 504
102 937 65 519
109 970 64 516
99 897 70 500
97 887 69 518
108 962 66 506
100 893 69 505
107 965 64 520
110 1007 69 499
99 896 67 511
102 924 69 502
103 930 71 498
107 947 65 509
100 916 71 499
100 908 73 499
104 930 66 510
102 956 66 516
113 991 69 499
109 981 65 507
100 922 68 505
112 1023 70 498
104 946 65 517
106 994 66 506
115 1004 70 498
106 936 65 515
100 929 72 498
105 970 65 510
102 961 71 498
138 1236 76 490
119 1061 63 522
97 882 71 516
96 886 70 505
136 1272 78 519
144 1275 80 519
160 1408 73 515
152 1392 78 522
144 1252 92 526
129 1125 77 517
141 1318 70 521
140 1274 76 519
137 1283 76 537
152 1339 78 518
131 1201 84 520
155 1455 80 518
132 1200 76 517
164 1491 78 535
136 1237 75 530
149 1360 78 525
143 1297 70 512
135 1224 76 525
136 1235 70 518
143 1337 78 524
131 1239 69 506
141 1257 70 537
140 1308 85 522
140 1241 76 509
157 1403 83 536
138 1271 70 532
140 1256 77 518
135 1245 71 517
133 1228 84 525
129 1184 69 519
145 1298 78 528
134 1227 85 545
135 1208 78 530
145 1318 82 528
126 1145 78 515
138 1282 67 538
121 1095 84 545
137 1270 71 518
139 1283 76 512
168 1521 78 514
164 1500 77 524
134 1237 69 534
134 1219 83 517
134 1239 78 517
131 1172 70 515
143 1320 84 526
114 1058 78 532
147 1327 76 514
138 1225 76 522
147 1296 76 527
146 1363 78 517
122 1123 70 528
157 1439 76 526
170 1622 70 523
143 1235 76 547
143 1340 76 523
140 1275 76 528
143 1303 84 523
132 1196 78 528
156 1403 82 539
129 1203 71 513
158 1490 70 534
150 1389 73 518
160 1450 78 519
148 1369 78 511
146 1286 69 513
166 1544 93 544
133 1178 76 537
133 1227 85 524
128 1194 71 519
150 1394 70 508
130 1175 71 519
147 1358 71 518
149 1388 70 531
152 1413 84 523
158 1452 70 521
135 1214 78 519
157 1451 70 518
136 1257 76 527
141 1296 77 520
143 1272 71 515
158 1478 92 523
136 1214 71 517
142 1286 70 518
124 1124 75 525
128 1175 76 513
129 1197 70 529
151 1305 76 537
141 1244 84 524
118 1084 70 526
137 1243 69 512
149 1388 70 524
130 1152 72 513
139 1304 76 528
146 1325 76 534
141 1250 77 530
135 1241 78 539
142 1302 70 515
151 1377 77 523
119 1045 76 506
142 1285 90 521
166 1482 77 541
137 1275 76 549
159 1416 70 526
139 1238 75 528
143 1345 69 541
145 1330 77 524
144 1310 71 510
134 1245 77 513
141 1314 76 528
140 1235 70 525
128 1163 70 521
154 1417 70 533
139 1290 71 517
131 1192 78 521
128 1202 83 512
138 1275 76 542
138 1263 70 527
139 1264 77 520
142 1318 76 549
156 1388 76 526
134 1217 78 521
130 1176 82 533
145 1299 71 519
138 1261 75 533
147 1324 69 542
162 1514 76 540
146 1320 78 529
118 1042 71 516
134 1227 71 517
129 1224 69 517
156 1381 85 530
143 1282 70 509
139 1285 76 527
148 1360 76 531
149 1376 78 509
124 1101 92 526
146 1295 78 530
139 1297 76 536
133 1194 84 520
149 1398 74 522
130 1139 70 517
137 1232 83 526
131 1202 76 514
133 1232 74 520
126 1163 69 521
136 1215 76 535
140 1305 78 496
129 1185 78 516
150 1340 80 521
128 1184 78 510
145 1315 70 507
151 1373 71 516
156 1404 84 514
140 1310 77 536
118 1119 76 522
132 1218 84 530
129 1183 70 509
129 1218 78 514
131 1195 78 524
136 1253 84 523
162 1523 78 526
158 1440 76 537
171 1486 77 522
130 1210 76 521
132 1167 86 526
125 1105 77 521
130 1199 73 517
129 1212 76 529
130 1212 77 523
148 1352 70 519
121 1145 81 507
161 1337 74 529
146 1327 70 516
136 1255 76 529
137 1187 84 524
137 1215 76 518
130 1124 70 525
148 1380 70 520
131 1176 78 523
132 1201 78 512
153 1424 76 528
151 1384 76 552
168 1547 74 538
141 1299 77 512
146 1255 69 522
135 1204 82 542
136 1196 84 531
146 1277 79 527
125 1119 84 543
128 1151 73 521
151 1355 84 527
141 1279 91 520
132 1220 78 519
146 1304 76 540
148 1350 84 536
164 1516 78 526
145 1346 77 527
120 1106 78 529
135 1254 70 523
143 1292 86 517
123 1138 70 507
148 1373 78 508
124 1157 88 507
157 1463 85 531
138 1257 76 525
161 1434 99 541
153 1432 78 525
132 1199 70 516
118 1081 71 515
139 1282 84 531
140 1301 75 537
128 1187 71 528
134 1232 76 503
135 1230 78 527
145 1303 72 505
139 1312 77 525
142 1283 72 524
151 1392 74 530
137 1259 78 521
138 1240 84 555
126 1190 72 521
136 1276 84 523
145 1321 76 520
151 1369 83 532
144 1326 79 529
138 1226 73 515
116 1098 80 513
128 1151 70 538
130 1230 72 526
136 1250 76 520
152 1364 76 515
167 1500 76 528
143 1273 78 533
152 1430 76 550
134 1211 70 524
122 1111 82 515
