54584 1080.17
92 889 74 490
103 957 74 482
93 865 77 517
107 1000 76 480
99 921 74 487
96 907 70 511
99 944 76 486
94 899 72 506
102 946 68 511
105 963 72 489
101 890 72 499
102 954 70 498
110 988 69 494
96 908 72 498
100 932 72 494
95 882 77 510
105 990 68 501
101 941 68 517
101 954 71 496
108 1013 68 498
104 965 68 507
97 939 70 507
106 1002 71 491
98 931 78 487
97 918 76 489
99 884 72 513
115 1061 79 478
103 920 68 522
108 1003 70 493
99 949 70 505
102 978 69 506
104 984 69 500
96 903 70 518
96 886 75 509
95 879 76 518
106 1021 69 497
102 954 72 493
103 1000 72 490
100 933 71 506
98 957 72 496
113 1020 71 489
109 1028 74 481
114 1087 72 485
95 902 73 504
111 1032 72 488
97 886 72 513
97 927 70 510
110 1052 73 487
98 938 74 489
101 967 70 503
112 1008 74 481
115 1044 71 488
97 890 73 507
94 896 72 515
114 1065 72 487
98 933 72 497
96 906 72 502
106 956 74 486
104 996 72 490
117 1112 84 476
119 1088 67 523
94 858 72 525
92 889 74 490
197 1829 123 614
197 1817 128 653
202 1840 151 649
210 1931 111 646
176 1564 101 639
185 1688 132 619
184 1735 120 640
175 1480 97 633
189 1711 129 646
155 1378 111 594
191 1768 98 642
213 1845 125 651
166 1515 105 637
203 1746 123 620
201 1842 114 619
202 1884 107 593
202 1756 127 653
168 1536 102 636
170 1644 122 649
192 1770 124 678
182 1632 149 663
189 1738 136 629
192 1691 105 622
196 1764 129 615
198 1717 152 646
187 1675 116 628
200 1870 158 638
175 1552 111 635
205 1723 133 653
161 1399 109 648
198 1807 100 652
190 1694 133 642
188 1699 128 645
222 1912 134 666
211 1895 154 672
185 1682 117 593
205 1811 141 655
199 1833 154 637
194 1669 125 698
174 1484 132 642
174 1569 113 619
205 1839 132 618
201 1836 135 650
174 1595 102 620
188 1752 122 644
184 1690 104 611
191 1721 116 631
212 1803 148 617
180 1600 114 616
183 1646 107 639
149 1414 111 599
188 1684 119 628
172 1598 118 650
193 1654 98 623
208 1871 165 671
187 1656 125 653
156 1468 102 606
208 1871 103 602
207 1817 114 664
150 1341 102 586
176 1539 137 646
190 1713 121 646
177 1572 110 621
228 1930 100 647
200 1759 115 644
194 1800 136 634
186 1675 117 639
213 1954 135 648
212 1949 142 624
196 1580 125 629
199 1871 133 627
181 1624 155 631
249 2206 157 648
186 1643 127 635
185 1733 122 667
161 1511 103 594
190 1743 128 645
228 2046 117 640
185 1736 101 640
203 1694 125 626
164 1497 101 615
190 1722 114 610
223 2013 128 652
190 1764 149 674
206 1901 147 683
177 1621 117 623
185 1698 107 601
200 1831 110 645
211 1812 124 658
174 1505 110 586
192 1754 155 654
203 1811 144 630
180 1754 109 626
187 1713 109 627
186 1648 151 679
172 1564 109 590
166 1534 95 603
205 1772 102 603
192 1761 97 606
216 1889 130 651
164 1587 116 642
225 2021 177 659
161 1505 102 635
186 1591 135 619
164 1561 105 595
199 1838 106 653
184 1672 85 580
200 1839 128 671
228 2039 142 679
196 1799 124 638
193 1848 91 617
179 1608 128 622
173 1583 122 629
201 1818 149 631
162 1514 106 636
199 1716 108 614
191 1695 125 645
180 1682 155 638
158 1435 94 599
174 1604 129 618
193 1758 127 622
228 1966 156 651
191 1788 115 651
179 1605 111 616
191 1809 108 670
181 1601 130 617
201 1859 140 632
183 1638 120 589
178 1584 103 617
181 1587 131 646
179 1584 128 652
204 1742 134 675
195 1790 118 632
187 1633 148 629
182 1699 117 658
201 1904 128 608
186 1683 139 674
184 1677 98 638
225 2083 163 691
172 1530 100 611
169 1530 119 615
164 1457 111 612
192 1612 118 619
185 1702 124 624
188 1750 97 641
161 1420 123 648
169 1515 131 591
227 1960 119 641
171 1568 117 681
190 1709 145 631
174 1565 130 614
186 1532 132 655
222 2063 152 631
174 1617 117 641
188 1679 126 617
169 1522 108 609
185 1631 106 633
180 1640 110 635
172 1592 97 615
210 1907 140 639
188 1651 151 633
164 1418 134 607
178 1672 107 617
204 1746 103 633
168 1526 129 638
205 1917 134 644
187 1573 89 635
187 1701 120 628
236 2059 116 656
201 1855 96 607
184 1598 134 648
171 1522 139 664
183 1661 128 619
184 1659 157 622
190 1563 95 593
189 1801 124 603
217 2030 93 611
204 1889 127 668
207 1760 135 650
153 1411 106 603
209 1898 131 640
192 1783 100 642
208 1920 103 646
192 1762 127 630
188 1597 161 669
161 1509 108 638
201 1797 115 610
186 1686 134 643
237 2040 123 687
209 1915 124 621
196 1814 151 647
175 1539 128 628
174 1580 119 652
185 1607 110 632
172 1562 143 643
206 1878 147 672
217 1847 153 635
184 1664 133 624
178 1658 116 642
187 1660 107 603
209 1875 126 620
185 1619 163 625
186 1686 96 627
175 1545 119 634
165 1469 114 634
207 1830 100 639
172 1532 139 662
194 1777 145 661
211 1835 150 597
194 1734 148 663
185 1654 95 603
193 1708 125 607
197 1759 146 621
167 1569 113 619
169 1490 145 679
177 1608 91 618
207 1688 127 651
175 1607 107 601
187 1634 110 645
189 1676 116 605
179 1632 114 643
198 1723 100 606
196 1696 129 620
194 1648 132 632
166 1521 135 616
213 1797 140 643
165 1532 110 639
213 2008 166 649
203 1862 137 633
195 1730 114 665
190 1728 123 644
210 1868 119 676
206 1922 163 662
204 1756 115 611
157 1346 104 608
186 1659 130 651
201 1788 109 659
