300679 1920.12
103 973 65 485
103 973 65 485
129 1157 70 416
126 1181 55 464
142 1293 63 439
103 961 83 451
104 898 76 470
142 1293 63 439
131 1170 64 431
126 1181 55 464
119 1090 77 418
126 1181 55 464
120 1075 56 465
126 1181 55 464
107 1019 64 478
114 1043 69 425
112 997 65 471
111 935 62 477
119 1090 77 418
119 1090 77 418
110 1015 72 434
127 1036 63 455
104 898 76 470
120 1075 56 465
129 1157 70 416
119 1090 77 418
109 957 69 451
114 1028 61 460
131 1170 64 431
110 1015 72 434
129 1157 70 416
120 1075 56 465
111 988 64 476
117 1068 68 427
119 1058 62 444
109 1015 74 437
119 1081 60 448
105 937 71 439
104 980 68 440
129 1157 70 416
119 1090 77 418
114 990 63 469
127 1036 63 455
121 1126 67 427
110 977 66 456
114 1006 75 427
109 957 69 451
109 957 69 451
114 1101 63 444
123 1082 67 432
123 1114 68 419
117 1068 68 427
125 1136 61 442
123 1025 72 432
119 1052 64 445
114 1028 61 460
107 1019 64 478
125 1136 61 442
115 1044 62 446
110 1034 68 430
114 1030 66 433
123 1114 68 419
129 1157 70 416
121 1126 67 427
122 1118 68 422
121 1126 67 427
110 1015 72 434
109 1015 74 437
114 1006 75 427
122 1118 68 422
131 1170 64 431
111 935 62 477
108 992 66 440
107 1019 64 478
126 1181 55 464
107 1019 64 478
114 1006 75 427
125 1136 61 442
104 898 76 470
105 937 71 439
103 973 65 485
131 1170 64 431
111 988 64 476
123 1025 72 432
110 977 66 456
114 1101 63 444
127 1036 63 455
105 959 69 470
104 898 76 470
103 973 65 485
118 1024 61 460
109 1003 62 462
110 977 66 456
114 1045 64 449
119 1052 64 445
115 1044 62 446
125 1136 61 442
131 1170 64 431
109 1003 62 462
119 1058 62 444
112 997 65 471
121 1126 67 427
123 1025 72 432
114 1045 64 449
109 1003 62 462
119 1090 77 418
131 1170 64 431
129 1157 70 416
111 935 62 477
104 980 68 440
103 973 65 485
109 1003 62 462
118 1024 61 460
107 1019 64 478
109 1003 62 462
121 1126 67 427
125 1136 61 442
104 980 68 440
105 959 69 470
120 1075 56 465
129 1157 70 416
111 935 62 477
114 990 63 469
104 898 76 470
123 1095 67 430
115 1044 62 446
123 1025 72 432
115 1044 62 446
122 1118 68 422
131 1170 64 431
107 1019 64 478
118 1024 61 460
125 1136 61 442
104 980 68 440
109 1003 62 462
121 1126 67 427
118 1024 61 460
103 973 65 485
103 973 65 485
107 1019 64 478
120 1033 71 427
104 980 68 440
114 1028 61 460
109 1003 62 462
114 1006 75 427
125 1136 61 442
114 1101 63 444
114 1030 66 433
103 973 65 485
110 977 66 456
117 1068 68 427
123 1082 67 432
119 1058 62 444
108 992 66 440
117 1068 68 427
118 1024 61 460
105 937 71 439
114 1101 63 444
109 1015 74 437
122 1118 68 422
112 997 65 471
122 1118 68 422
119 1081 60 448
125 1136 61 442
118 1083 64 439
109 1003 62 462
104 980 68 440
126 1181 55 464
117 1068 68 427
121 1126 67 427
127 1036 63 455
117 1068 68 427
142 1293 63 439
114 1101 63 444
104 898 76 470
103 973 65 485
127 1036 63 455
142 1293 63 439
125 1136 61 442
110 977 66 456
119 1090 77 418
109 957 69 451
123 1082 67 432
114 1030 66 433
131 1170 64 431
105 937 71 439
107 1019 64 478
126 1181 55 464
103 973 65 485
120 1075 56 465
126 1181 55 464
109 991 67 457
114 1006 75 427
109 991 67 457
125 1136 61 442
117 1068 68 427
114 1043 69 425
111 935 62 477
109 957 69 451
131 1170 64 431
104 980 68 440
114 1045 64 449
117 1068 68 427
111 988 64 476
107 1019 64 478
111 935 62 477
119 1090 77 418
111 935 62 477
114 1101 63 444
114 1045 64 449
119 1090 77 418
131 1170 64 431
111 935 62 477
109 957 69 451
103 973 65 485
114 1006 75 427
104 980 68 440
105 959 69 470
120 1075 56 465
121 1126 67 427
114 990 63 469
104 898 76 470
123 1095 67 430
123 1025 72 432
127 1036 63 455
122 1118 68 422
131 1170 64 431
118 1024 61 460
114 990 63 469
119 1090 77 418
121 1126 67 427
125 1136 61 442
114 1028 61 460
125 1136 61 442
110 1034 68 430
114 1030 66 433
123 1114 68 419
121 1126 67 427
110 1015 72 434
109 1015 74 437
114 1006 75 427
122 1118 68 422
114 1006 75 427
118 1024 61 460
104 898 76 470
105 937 71 439
123 1025 72 432
110 977 66 456
127 1036 63 455
105 959 69 470
109 1003 62 462
125 1136 61 442
131 1170 64 431
109 1003 62 462
109 991 67 457
127 1036 63 455
125 1136 61 442
110 977 66 456
119 1090 77 418
123 1082 67 432
111 988 64 476
120 1075 56 465
103 973 65 485
120 1075 56 465
126 1181 55 464
114 1006 75 427
103 973 65 485
129 1157 70 416
117 1068 68 427
114 1043 69 425
111 935 62 477
109 957 69 451
131 1170 64 431
114 1045 64 449
117 1068 68 427
111 988 64 476
107 1019 64 478
111 935 62 477
109 1015 74 437
104 980 68 440
114 1028 61 460
114 1006 75 427
105 937 71 439
103 973 65 485
110 977 66 456
103 973 65 485
123 1082 67 432
119 1058 62 444
119 1081 60 448
117 1068 68 427
119 1090 77 418
122 1118 68 422
122 1118 68 422
119 1081 60 448
118 1083 64 439
109 1003 62 462
126 1181 55 464
117 1068 68 427
127 1036 63 455
114 1101 63 444
