150 2.83138
118 1057 79 555
123 1104 77 545
126 1160 73 556
126 1127 77 543
121 1093 75 561
137 1193 72 559
133 1240 82 540
116 1063 86 557
125 1083 84 548
128 1194 72 571
125 1153 75 555
138 1273 74 551
134 1210 75 552
138 1267 80 542
121 1123 76 560
128 1140 75 558
132 1240 75 552
142 1309 75 550
112 1082 87 565
127 1190 87 541
133 1218 71 577
117 1066 84 577
151 1330 80 540
147 1364 71 569
130 1156 79 543
121 1096 75 572
118 1069 79 559
130 1204 77 548
126 1173 79 551
129 1109 75 566
129 1193 74 565
130 1173 75 558
121 1123 79 555
119 1097 79 557
130 1143 79 549
132 1227 72 573
144 1314 74 554
118 1067 79 564
124 1178 77 558
127 1173 75 561
139 1272 78 543
125 1124 77 562
130 1199 72 578
149 1313 72 569
123 1146 77 563
139 1330 83 541
135 1257 74 560
136 1182 74 571
132 1189 77 555
139 1218 72 573
137 1264 74 559
129 1200 77 555
135 1239 78 547
123 1113 78 565
148 1328 82 541
131 1154 77 561
143 1295 75 557
129 1122 79 555
146 1263 76 557
127 1171 75 568
128 1165 78 561
143 1288 86 540
141 1300 71 580
149 1324 96 582
157 1406 85 590
138 1303 79 588
149 1365 89 575
146 1295 88 605
169 1539 85 591
159 1451 91 575
137 1193 79 571
149 1350 75 557
159 1429 82 562
169 1506 94 603
133 1131 90 575
151 1351 84 575
156 1408 97 587
144 1256 99 574
144 1266 91 584
144 1342 86 586
191 1714 92 580
153 1359 86 567
158 1380 86 574
156 1433 91 569
151 1348 87 576
149 1378 86 569
129 1156 88 593
158 1429 84 555
145 1306 89 571
161 1453 77 582
154 1453 90 569
136 1244 86 555
156 1417 93 594
139 1293 80 571
179 1515 93 576
148 1374 79 581
165 1397 89 577
141 1324 89 579
159 1357 85 594
136 1195 88 573
152 1363 87 584
168 1440 100 565
138 1255 95 589
159 1410 85 595
185 1622 90 603
144 1276 86 581
154 1378 94 614
167 1506 79 566
154 1452 82 587
142 1317 91 567
156 1419 79 586
160 1292 86 592
151 1377 92 564
157 1380 72 579
155 1336 80 591
163 1511 87 573
170 1438 94 585
151 1266 93 592
154 1273 77 564
145 1308 88 559
158 1474 85 575
140 1262 90 571
170 1482 93 590
162 1490 77 560
155 1300 92 573
142 1298 78 561
179 1498 80 593
134 1260 86 575
147 1375 86 594
165 1507 80 569
158 1410 87 580
160 1441 88 581
151 1362 88 563
172 1484 86 578
156 1478 84 574
201 1738 105 597
170 1513 93 554
155 1395 85 595
176 1578 84 591
141 1272 86 579
146 1277 86 563
143 1340 88 574
133 1255 77 578
139 1257 86 604
142 1301 88 583
142 1302 86 571
167 1503 77 593
174 1581 93 586
143 1292 88 592
161 1463 82 549
144 1291 96 585
147 1303 97 590
157 1419 87 605
167 1472 81 565
167 1411 86 569
153 1301 82 539
158 1381 85 560
155 1424 82 555
147 1368 87 579
149 1314 81 572
157 1450 79 561
157 1323 101 589
121 1145 75 557
141 1240 86 562
131 1169 79 555
150 1313 93 581
147 1269 95 573
151 1340 89 595
162 1444 86 580
140 1283 82 580
171 1460 79 578
175 1509 77 582
159 1396 88 592
150 1433 87 582
176 1564 86 573
147 1377 77 565
148 1366 82 578
150 1376 80 557
151 1335 79 583
169 1485 92 576
160 1446 85 595
132 1218 89 587
149 1301 83 586
141 1318 82 584
163 1394 82 579
137 1257 91 573
139 1301 87 586
168 1461 85 578
151 1371 88 589
156 1376 92 589
148 1399 79 584
162 1447 79 560
182 1606 85 581
165 1440 95 587
179 1571 84 584
160 1410 77 570
157 1436 84 558
158 1497 82 567
148 1292 79 570
165 1434 89 585
140 1252 87 583
154 1466 91 565
157 1461 77 585
150 1281 86 540
162 1396 100 573
155 1404 84 572
142 1270 80 584
158 1418 93 598
144 1381 83 572
167 1471 84 567
160 1455 86 564
148 1255 80 568
148 1342 99 590
131 1194 77 575
152 1379 82 583
147 1315 88 583
163 1510 87 596
145 1309 79 570
175 1447 86 589
178 1477 92 582
139 1254 84 589
157 1435 88 574
171 1553 87 604
141 1234 92 575
136 1226 85 567
148 1358 84 568
144 1255 79 573
165 1509 86 573
163 1432 85 588
147 1360 80 579
142 1282 75 550
145 1316 80 568
152 1384 85 565
170 1519 100 588
149 1381 84 584
161 1492 75 566
125 1163 82 565
138 1172 93 567
154 1358 86 560
191 1715 99 594
136 1264 95 577
144 1284 81 572
190 1737 85 590
123 1166 79 569
137 1257 80 580
158 1316 93 568
128 1218 87 579
175 1556 101 587
158 1455 86 573
146 1349 75 559
147 1292 93 587
143 1320 93 589
151 1318 95 592
145 1243 84 578
161 1360 85 586
164 1478 84 592
156 1327 85 587
147 1297 86 580
158 1353 81 558
156 1362 86 586
173 1502 87 565
152 1408 78 595
131 1227 87 572
164 1511 90 595
164 1488 90 575
162 1435 86 583
156 1364 77 567
162 1401 86 594
139 1305 81 566
154 1381 94 608
158 1364 93 584
150 1261 79 572
173 1490 87 593
173 1573 86 593
149 1360 84 588
140 1216 87 566
138 1251 91 553
153 1414 77 574
190 1692 95 582
144 1249 70 560
133 1233 86 579
153 1355 95 579
136 1221 93 553
156 1440 87 599
170 1424 85 579
170 1510 77 565
165 1449 88 569
182 1637 82 579
145 1357 93 591
164 1534 91 590
136 1238 75 573
172 1484 86 591
137 1223 80 569
139 1195 93 562
142 1199 93 573
148 1363 84 585
196 1707 84 570
183 1593 88 585
184 1573 87 589
137 1184 106 580
