78440 2460.78
156 1430 84 468
176 1508 106 477
177 1617 88 524
249 2413 93 589
185 1753 96 516
172 1555 114 612
161 1450 114 536
181 1708 141 523
148 1361 92 458
193 1767 127 556
151 1435 80 541
149 1334 76 476
190 1767 126 562
144 1285 94 481
178 1700 118 622
186 1751 105 627
165 1517 103 508
169 1560 140 610
164 1482 88 497
174 1443 144 506
142 1302 70 473
134 1241 87 453
196 1846 112 528
137 1232 83 418
157 1495 82 473
152 1469 88 468
153 1433 82 533
211 1794 113 646
173 1581 104 533
173 1548 118 590
160 1452 99 548
155 1469 90 496
148 1346 107 471
179 1649 94 560
163 1497 114 569
181 1555 147 618
159 1455 88 499
192 1690 107 573
172 1618 112 520
176 1657 86 524
160 1515 93 497
208 1926 140 582
156 1444 93 560
157 1333 92 476
192 1710 105 568
220 2034 147 611
182 1702 118 520
163 1470 85 546
159 1497 78 498
170 1534 91 514
142 1321 78 501
221 2005 119 612
165 1503 97 492
193 1830 131 644
172 1496 109 546
183 1676 112 526
184 1714 133 566
130 1253 69 448
180 1624 112 589
170 1618 142 633
171 1536 90 506
216 1981 162 618
195 1867 135 561
161 1467 109 544
129 1112 74 435
195 1776 126 572
187 1707 126 561
195 1819 90 486
167 1565 119 491
173 1594 93 507
168 1557 92 529
176 1516 108 548
152 1382 102 503
180 1597 96 519
215 1976 128 586
177 1616 86 534
142 1316 66 425
182 1687 95 577
168 1493 105 517
212 1898 104 611
198 1837 143 642
148 1421 98 479
156 1438 88 522
141 1231 62 470
199 1751 139 632
204 1766 101 514
147 1409 63 529
262 2332 139 604
135 1203 63 472
186 1746 113 583
172 1558 116 576
240 2256 153 647
189 1726 128 584
165 1556 94 559
189 1767 85 516
223 2085 153 556
150 1361 73 504
208 1827 121 581
140 1269 85 523
194 1857 118 611
203 1842 112 526
187 1689 113 568
150 1387 81 474
192 1748 126 569
169 1574 98 469
188 1711 94 590
187 1711 119 514
163 1521 116 527
162 1510 115 530
172 1648 112 459
149 1328 69 437
200 1751 101 644
212 1962 132 635
155 1398 93 497
143 1256 90 510
182 1654 135 528
171 1578 78 486
189 1669 114 554
158 1401 104 503
160 1493 107 527
188 1684 114 571
175 1633 117 547
155 1436 92 501
188 1737 96 507
144 1341 107 496
184 1630 99 530
141 1291 84 461
122 1124 69 479
138 1306 82 505
187 1772 144 592
136 1271 73 436
172 1422 85 467
193 1710 137 554
201 1786 94 557
143 1263 93 504
213 1904 120 604
149 1342 97 507
148 1401 118 472
149 1292 92 540
170 1526 80 482
160 1478 102 480
205 1824 115 628
177 1512 120 511
159 1417 77 565
180 1607 87 507
149 1336 106 516
189 1625 101 549
151 1319 93 533
185 1651 110 591
183 1634 116 551
187 1683 106 596
236 1994 137 634
168 1609 109 584
182 1573 114 550
134 1192 89 510
175 1562 124 599
134 1163 84 514
194 1644 133 602
153 1440 73 493
210 1856 126 661
205 1808 157 623
178 1592 121 533
169 1524 98 509
194 1769 143 596
155 1401 107 552
139 1212 75 443
163 1498 91 484
162 1506 117 576
203 1858 125 631
172 1608 112 541
153 1428 83 488
169 1551 125 599
208 1935 161 609
173 1599 93 587
179 1520 110 494
175 1663 99 507
165 1573 93 508
201 1813 105 576
144 1277 97 516
185 1585 126 537
195 1746 88 554
143 1295 91 519
183 1680 104 508
184 1697 106 538
161 1466 121 493
159 1458 92 599
182 1713 105 511
167 1480 135 569
159 1455 90 479
201 1837 113 480
168 1440 88 576
223 2055 195 637
173 1552 116 530
147 1385 82 451
183 1582 124 565
199 1744 102 556
164 1533 117 550
196 1768 84 509
185 1695 114 613
176 1623 124 515
185 1662 100 583
152 1383 91 489
124 1123 96 432
146 1255 85 529
157 1396 103 560
229 2112 101 595
197 1782 153 594
181 1654 109 562
169 1532 90 502
162 1524 88 479
195 1741 109 548
184 1731 110 521
150 1321 85 508
228 2124 148 695
188 1733 113 585
167 1513 92 577
156 1353 121 500
146 1332 91 500
160 1439 107 549
219 2010 133 614
162 1491 96 469
157 1323 89 528
160 1488 105 513
160 1460 93 521
189 1726 137 604
178 1578 94 544
170 1447 119 538
166 1431 100 526
161 1521 102 512
166 1512 106 513
221 1920 125 653
173 1559 95 523
201 1834 115 611
209 1958 142 640
172 1600 124 555
167 1484 102 546
200 1797 140 570
192 1661 114 587
178 1555 114 561
146 1256 96 472
229 2083 114 584
176 1583 121 549
183 1701 107 585
163 1532 94 516
162 1405 115 548
216 1942 123 625
254 2366 229 719
132 1191 75 503
232 2005 113 595
156 1390 76 483
189 1687 124 594
193 1732 150 589
182 1620 91 552
174 1587 91 524
168 1577 114 615
198 1828 108 594
151 1439 107 497
183 1625 112 634
154 1460 77 531
146 1285 100 538
168 1503 93 635
205 1896 117 613
185 1685 102 636
167 1595 109 521
188 1593 103 541
201 1830 158 557
153 1424 95 445
203 1853 140 647
183 1715 128 520
176 1663 124 550
189 1626 115 564
217 2010 129 562
142 1334 81 490
174 1522 91 520
173 1571 114 560
144 1302 78 513
207 1938 130 605
195 1768 148 559
165 1484 96 515
185 1744 121 599
182 1615 130 561
151 1369 102 532
148 1395 100 494
199 1813 120 514
140 1311 102 422
212 1942 116 584
187 1657 133 540
184 1727 110 542
133 1266 85 476
205 1892 130 586
163 1514 82 483
177 1590 123 531
234 2139 143 617
212 1843 100 600
164 1527 106 518
210 1881 145 577
156 1477 100 574
189 1813 102 595
136 1213 85 450
163 1369 82 535
