11960 468.18
76 643 54 404
73 612 60 384
93 834 88 343
76 643 54 404
72 619 61 382
93 834 88 343
91 814 86 344
91 814 86 344
75 657 57 392
80 717 67 367
89 802 84 345
91 814 86 344
80 708 73 358
89 802 84 345
82 728 77 353
87 776 74 356
76 665 70 365
84 751 70 362
72 623 62 381
86 762 82 348
89 791 83 346
84 748 80 350
82 711 65 370
87 776 74 356
75 647 58 390
74 648 59 389
89 802 84 345
87 776 74 356
85 758 80 349
83 732 79 352
73 612 60 384
75 657 59 388
78 692 60 378
76 659 68 366
81 718 74 357
85 758 80 349
81 718 74 357
74 638 59 393
72 619 61 382
83 732 79 352
87 798 83 346
89 791 83 346
79 688 71 362
88 781 84 347
86 787 82 347
84 743 76 354
85 755 78 352
80 698 72 360
91 814 86 344
89 784 82 347
75 645 54 404
78 678 70 363
86 762 82 348
75 650 66 369
75 650 66 369
75 657 59 388
77 668 69 365
72 627 62 377
77 654 54 400
81 712 77 355
74 642 63 374
78 692 60 378
75 655 68 367
74 641 55 401
78 678 70 363
88 781 84 347
86 762 82 348
79 689 72 361
85 758 80 349
83 732 79 352
78 692 60 378
73 638 63 376
72 626 60 379
76 657 64 372
73 638 63 376
80 708 75 356
76 657 64 372
74 638 58 397
82 736 69 364
82 728 77 353
81 718 74 357
75 636 58 394
79 693 61 377
84 751 70 362
77 669 70 364
84 748 80 350
80 698 72 360
88 781 84 347
72 627 62 377
85 760 72 359
82 728 77 353
82 736 69 364
76 659 68 366
74 640 57 398
74 639 56 399
73 613 60 383
76 656 55 397
79 688 71 362
73 614 61 382
77 668 69 365
75 637 56 399
74 648 56 395
74 638 58 397
75 647 58 390
87 798 83 346
82 736 69 364
79 685 72 362
79 685 72 362
79 689 72 361
80 708 73 358
72 623 62 381
85 758 80 349
78 663 65 371
76 659 68 366
75 652 67 368
74 643 65 373
75 657 59 388
79 692 71 361
89 802 84 345
80 707 73 359
74 641 55 401
81 718 76 355
76 656 54 400
83 732 79 352
85 755 78 352
80 708 75 356
72 630 61 378
75 652 67 368
81 705 73 359
72 615 60 383
77 654 54 400
84 743 76 354
74 648 58 390
74 643 65 373
81 712 77 355
74 638 59 393
73 638 63 376
74 642 63 374
74 640 57 398
80 707 73 359
76 664 65 371
74 639 56 399
79 689 72 361
82 711 65 370
75 636 58 394
73 612 60 384
76 656 54 400
86 787 82 347
78 663 65 371
81 701 67 367
81 705 73 359
85 755 78 352
87 776 74 356
81 718 77 354
81 718 76 355
72 626 60 379
73 613 60 383
74 648 56 395
89 784 82 347
72 627 62 377
74 639 56 399
91 814 86 344
80 717 67 367
75 647 59 389
75 638 57 398
76 664 65 371
76 665 70 365
72 619 61 382
75 669 62 375
84 748 79 351
84 743 76 354
85 758 80 349
84 748 79 351
75 669 62 375
75 657 57 392
75 652 67 368
77 668 69 365
74 643 65 373
74 641 55 401
79 692 71 361
89 784 82 347
81 701 67 367
89 784 82 347
85 758 80 349
76 643 54 404
77 652 57 394
76 667 54 398
73 629 61 378
73 617 62 381
75 645 54 404
73 617 62 381
75 647 58 390
85 760 72 359
80 707 73 359
76 659 68 366
72 630 61 378
75 637 56 399
74 641 55 401
76 664 65 371
80 708 73 358
78 663 65 371
81 718 77 354
74 641 58 394
72 614 60 384
73 629 61 378
76 665 70 365
76 667 54 398
72 615 60 383
75 647 59 389
72 626 60 379
80 717 67 367
75 669 62 375
75 655 68 367
73 613 60 383
74 638 58 397
74 638 59 393
91 814 86 344
75 655 68 367
86 762 82 348
81 705 73 359
79 689 60 378
79 689 72 361
79 688 71 362
89 791 83 346
87 776 74 356
80 698 72 360
87 776 74 356
93 834 88 343
87 776 74 356
88 781 84 347
88 781 84 347
79 688 71 362
75 636 58 394
75 647 59 389
78 663 65 371
86 762 82 348
85 758 80 349
74 640 57 398
86 787 82 347
73 613 60 383
89 802 84 345
74 638 58 397
72 630 61 378
89 802 84 345
74 638 59 393
85 755 78 352
83 732 79 352
74 643 65 373
74 642 63 374
91 814 86 344
75 647 58 390
74 643 65 373
75 647 59 389
75 637 56 399
79 689 72 361
74 643 65 373
85 758 80 349
84 748 80 350
81 718 74 357
75 636 58 394
81 701 67 367
77 669 70 364
75 650 66 369
89 791 83 346
84 748 79 351
82 728 77 353
72 619 61 382
75 637 56 399
73 617 62 381
79 685 72 362
84 748 80 350
82 728 77 353
79 692 71 361
73 613 60 383
83 732 79 352
86 787 82 347
89 784 82 347
78 678 70 363
75 652 67 368
73 613 60 383
75 650 66 369
77 668 69 365
74 642 63 374
84 748 80 350
79 685 72 362
75 655 68 367
75 636 58 394
76 659 68 366
74 642 63 374
80 717 67 367
79 688 71 362
74 643 65 373
88 781 84 347
93 834 88 343
81 718 76 355
87 776 74 356
91 814 86 344
80 717 67 367
87 776 74 356
81 718 77 354
