15131 240.075
98 887 72 358
97 869 97 333
97 869 97 333
89 754 54 399
80 684 71 365
78 707 67 369
96 861 96 334
82 694 61 378
94 874 94 335
80 719 61 381
91 776 54 396
79 705 63 385
97 843 93 336
90 723 71 360
88 703 61 376
81 712 60 377
86 807 85 344
95 814 56 392
89 713 65 369
81 755 75 360
79 699 64 373
78 709 66 372
93 862 90 338
96 849 94 335
92 859 91 337
82 768 64 372
91 843 91 338
86 701 69 365
84 698 67 367
80 725 65 372
82 744 55 394
85 685 67 371
93 722 70 362
84 779 82 348
79 733 72 365
95 855 93 336
94 805 90 340
90 847 88 340
89 820 87 342
85 797 80 349
85 709 63 374
95 835 88 339
87 811 87 343
85 787 85 346
96 835 91 337
83 771 72 360
93 746 70 361
92 791 85 343
91 718 70 363
88 818 85 343
87 813 84 345
87 696 73 362
83 706 77 354
81 699 67 367
80 686 67 374
85 725 66 368
84 753 57 391
79 713 62 385
94 836 64 371
88 760 58 389
84 741 82 349
92 817 89 340
92 740 70 362
90 775 83 346
89 737 81 350
83 728 81 352
93 839 93 337
96 835 90 338
91 724 73 358
90 816 90 340
88 756 80 349
88 734 77 353
83 749 63 373
94 815 86 342
94 814 87 341
92 754 59 388
89 732 75 356
88 753 78 351
85 717 67 366
83 729 80 351
81 730 69 364
81 722 73 361
81 716 59 389
81 714 78 353
80 696 68 367
79 719 58 392
79 717 72 366
79 703 74 364
88 785 88 343
86 758 83 347
82 736 58 390
82 715 61 376
91 764 59 387
93 829 86 342
96 835 90 338
94 843 94 336
92 791 84 344
91 722 69 363
86 753 74 356
85 754 84 347
82 713 79 355
80 717 57 393
79 703 76 359
91 839 86 342
88 778 82 346
83 731 56 394
89 791 88 342
84 773 59 388
92 823 88 340
87 744 79 350
83 708 68 365
82 720 77 355
80 695 70 364
86 771 59 387
86 762 85 345
85 726 76 354
83 740 81 350
92 827 91 338
90 800 88 341
89 796 87 343
88 783 84 345
91 813 91 340
86 756 76 353
82 754 56 393
80 719 62 374
90 771 84 345
86 763 81 348
82 721 74 357
80 702 71 362
90 803 84 344
94 815 88 340
92 819 90 339
89 819 88 341
89 737 56 393
89 716 64 372
88 755 82 347
88 735 65 370
88 714 72 359
86 732 78 352
86 729 73 357
85 733 75 355
84 735 69 363
82 731 77 354
81 730 66 370
96 852 93 336
93 857 91 337
93 845 88 339
90 840 87 341
88 779 85 344
83 752 76 355
95 853 94 335
122 982 72 358
96 864 94 337
89 798 59 391
87 741 79 352
86 768 72 373
106 892 69 365
102 948 61 379
87 759 66 369
103 917 84 344
97 855 60 381
95 843 64 372
97 879 91 337
100 866 86 342
93 836 77 354
93 827 88 340
102 902 70 364
95 785 73 360
98 849 79 351
95 822 77 355
100 912 83 347
90 775 74 358
96 855 90 338
101 915 80 349
90 769 76 356
91 809 84 348
92 839 71 368
96 860 70 367
97 830 71 361
88 781 85 348
92 803 75 356
91 843 85 343
96 830 87 346
88 797 83 351
93 804 82 348
92 792 72 362
93 824 81 349
96 788 71 363
90 799 73 358
89 796 80 351
93 828 91 338
96 850 84 346
90 786 82 351
116 1050 70 364
99 883 91 337
98 868 64 375
94 850 93 339
90 791 70 375
106 945 84 347
100 912 87 342
96 809 71 363
100 934 79 352
106 893 67 369
94 840 90 340
95 859 81 350
95 859 68 369
101 897 65 374
97 853 85 346
92 806 75 370
103 850 77 356
102 934 77 354
98 824 73 360
98 892 88 340
95 827 83 348
92 848 86 343
101 899 76 357
93 833 88 344
98 884 72 361
91 818 70 371
100 866 78 356
99 889 80 353
92 831 66 372
93 814 75 358
97 856 82 353
98 871 66 371
95 847 91 338
95 833 73 359
93 828 69 370
93 822 79 355
103 847 75 357
100 893 82 349
92 808 80 354
93 832 78 357
92 809 72 371
115 918 67 369
112 996 74 359
98 883 64 377
97 875 94 338
93 815 80 361
103 963 78 354
109 939 81 352
100 902 86 344
94 840 90 342
96 825 71 365
104 945 82 351
106 904 74 361
93 843 66 372
99 834 84 348
102 901 80 353
97 853 75 358
95 862 75 359
102 912 77 357
98 834 72 364
94 836 73 374
98 834 84 349
94 835 80 357
98 842 73 362
93 837 82 354
98 874 80 354
108 873 80 361
106 994 80 353
102 912 94 343
101 876 67 377
97 856 82 359
94 860 84 357
105 935 86 347
101 901 69 373
105 965 79 355
106 949 82 351
98 865 71 366
104 899 77 361
103 925 78 359
98 866 68 377
98 860 73 365
103 920 75 361
99 866 84 348
106 924 73 363
99 917 79 359
99 857 75 363
99 895 80 355
101 879 80 354
111 993 87 348
100 880 71 371
99 870 82 359
98 874 72 369
101 905 73 366
105 980 79 358
107 974 84 350
104 944 81 364
110 922 80 356
102 929 85 349
107 939 82 354
99 874 86 354
98 885 82 363
101 886 82 356
119 1043 73 368
108 978 89 352
99 887 73 374
103 945 83 365
101 922 79 366
