6697 180.026
95 888 75 525
98 913 73 509
104 955 75 503
97 894 73 513
97 906 69 525
101 951 66 525
96 906 71 522
109 1010 76 501
99 930 67 522
105 942 80 500
113 1059 69 504
103 962 80 500
116 1052 76 500
108 978 69 506
99 914 71 512
104 989 66 522
101 951 71 508
102 951 75 506
99 895 73 512
105 987 85 498
100 930 75 508
102 943 69 510
100 938 69 513
102 970 67 515
107 930 67 516
104 943 73 506
98 901 71 522
100 929 68 518
105 973 67 512
112 1011 69 505
117 1057 68 511
114 1047 66 515
106 994 73 505
105 962 69 509
97 905 71 518
103 936 80 506
101 927 67 527
111 1050 73 503
107 964 67 512
97 913 71 517
101 916 69 523
113 1071 66 515
125 1184 66 513
112 1016 73 504
110 1032 71 505
101 927 69 517
96 893 73 524
113 1059 85 497
103 965 79 504
110 972 71 506
107 1006 71 507
107 978 85 499
110 941 69 510
114 1039 73 503
103 944 74 507
102 948 67 519
130 1179 74 502
103 940 77 507
115 1053 85 497
113 1081 87 496
132 1259 64 538
96 885 73 527
95 888 75 525
187 1600 123 605
204 1876 87 601
191 1729 97 603
173 1599 104 607
186 1592 108 625
190 1712 94 608
198 1797 100 622
179 1506 137 635
177 1609 86 601
176 1592 100 664
206 1842 140 641
204 1887 108 615
178 1602 104 589
191 1663 126 628
189 1686 107 608
220 1959 126 605
180 1608 110 609
179 1534 96 583
199 1784 106 631
207 1889 83 614
183 1591 119 586
174 1545 125 624
154 1374 94 604
160 1426 104 628
179 1612 98 634
192 1722 99 618
174 1609 115 588
173 1589 97 601
186 1698 111 616
184 1618 105 653
172 1461 92 606
160 1445 108 601
221 1970 137 632
165 1539 105 615
186 1582 111 625
152 1353 97 644
172 1502 96 612
151 1408 110 652
195 1720 135 594
201 1771 128 650
171 1499 140 628
188 1653 106 632
152 1388 94 595
170 1504 87 612
202 1890 96 598
185 1699 104 631
182 1698 113 597
187 1604 95 579
191 1750 121 640
183 1623 109 606
179 1553 116 622
184 1619 126 634
183 1693 102 625
155 1462 100 592
162 1427 98 631
162 1456 80 588
161 1417 97 619
170 1601 92 620
170 1515 92 594
194 1834 106 641
171 1612 89 597
167 1551 103 618
158 1418 102 613
170 1478 121 623
204 1855 102 636
172 1645 103 635
186 1658 109 594
162 1486 110 643
205 1870 102 623
174 1520 103 611
188 1698 96 594
148 1405 97 603
170 1467 112 617
186 1656 137 649
170 1398 80 558
149 1395 82 632
167 1558 105 632
168 1490 119 614
196 1870 96 615
169 1564 100 574
183 1699 113 638
194 1636 115 620
184 1665 130 631
181 1566 116 598
174 1514 110 654
178 1627 83 605
174 1578 104 639
185 1623 140 610
198 1725 132 625
180 1625 124 615
166 1474 106 608
209 1775 111 596
160 1484 86 603
176 1480 106 639
188 1721 96 615
181 1565 96 618
170 1579 102 605
194 1708 102 625
161 1433 92 642
190 1683 129 619
176 1519 93 633
231 1940 129 641
166 1556 118 588
159 1443 114 609
179 1597 104 669
189 1785 106 663
196 1789 109 613
225 1952 126 639
182 1620 115 618
179 1527 132 627
212 1921 132 617
163 1403 97 596
191 1687 126 640
169 1564 113 619
133 1198 93 561
207 1889 118 614
179 1640 112 632
160 1493 107 598
188 1707 108 623
189 1672 118 615
201 1819 97 632
172 1496 114 610
209 1858 159 669
202 1858 119 645
185 1557 106 593
180 1702 97 630
187 1642 97 589
184 1628 104 588
185 1607 110 629
176 1625 94 599
202 1780 108 567
174 1609 130 624
173 1519 80 580
155 1426 96 584
155 1402 87 573
194 1746 99 613
152 1447 85 606
178 1584 138 640
171 1523 93 615
173 1578 92 608
179 1669 98 591
175 1601 108 628
174 1590 116 621
172 1609 105 640
155 1449 109 582
180 1534 140 632
194 1805 105 620
155 1429 90 598
176 1559 83 613
172 1521 98 607
197 1664 95 647
158 1374 90 613
215 1866 131 630
209 1901 110 624
158 1435 112 636
196 1799 115 635
200 1830 147 645
164 1543 89 603
183 1671 124 622
185 1579 103 619
192 1719 92 650
173 1572 111 591
163 1548 87 599
174 1594 82 601
185 1641 93 586
195 1773 131 639
197 1714 111 609
208 1907 112 648
168 1504 91 602
154 1401 94 591
163 1463 87 622
164 1512 133 638
199 1724 125 610
160 1488 105 594
205 1819 126 634
164 1470 127 630
220 1919 140 629
188 1761 101 637
176 1602 96 578
177 1440 96 591
164 1499 119 621
174 1632 96 618
203 1864 117 640
205 1805 101 647
175 1542 109 611
198 1732 113 638
178 1512 146 629
165 1526 90 626
212 1745 98 622
168 1568 94 601
183 1573 104 622
188 1548 106 624
162 1456 92 631
161 1417 121 664
160 1456 109 588
156 1363 90 608
186 1663 93 598
190 1764 99 585
203 1889 125 628
169 1460 117 585
167 1519 89 639
185 1699 120 634
154 1375 88 628
188 1716 129 653
219 1905 118 644
200 1795 104 614
185 1640 106 571
193 1651 118 659
174 1578 94 619
155 1389 101 581
166 1471 123 620
174 1627 85 557
212 1923 95 582
178 1622 86 585
177 1560 129 609
197 1732 129 651
169 1530 108 576
164 1539 110 598
167 1502 100 619
149 1319 112 619
176 1640 118 603
204 1809 132 659
182 1725 106 632
171 1575 119 629
169 1551 99 610
165 1531 99 601
163 1441 108 596
180 1650 96 614
187 1779 94 631
166 1479 103 595
221 1883 148 658
167 1432 124 617
162 1487 103 609
145 1348 99 603
189 1716 102 617
180 1661 97 627
181 1563 107 614
