71007 990.234
100 861 62 376
96 831 91 339
93 833 91 339
91 792 60 379
89 766 61 386
76 678 70 363
100 861 62 376
93 833 91 339
91 792 60 379
89 766 61 386
95 824 64 371
92 829 90 340
84 741 63 372
88 788 85 343
90 809 88 341
77 685 68 364
95 824 90 340
78 694 73 358
87 750 62 377
77 683 71 361
89 803 87 342
86 777 84 345
93 807 88 341
88 763 82 346
85 758 66 367
80 682 72 360
89 769 65 369
85 728 67 366
85 722 65 370
87 768 76 353
84 741 63 372
81 717 70 361
79 701 72 359
78 706 76 356
78 697 75 357
93 775 69 362
90 801 87 342
88 753 74 356
87 785 85 344
87 751 81 348
84 755 82 348
84 709 73 357
83 736 79 350
83 723 67 370
83 722 66 371
81 725 79 351
77 685 68 364
89 803 87 342
79 698 75 356
76 678 70 363
90 809 88 341
90 780 84 344
88 748 80 349
86 749 78 351
83 749 80 349
82 708 75 355
81 719 71 360
80 720 78 352
79 715 77 354
90 780 84 344
87 789 85 343
82 738 79 350
81 725 79 351
95 824 64 371
89 769 61 378
96 831 91 339
92 829 90 340
86 783 76 353
83 711 76 354
82 703 77 354
81 714 78 352
80 720 78 352
90 801 87 342
82 703 77 354
84 729 67 366
93 775 69 362
91 808 88 341
85 765 82 346
84 764 81 348
84 746 81 349
84 722 67 369
88 748 80 349
86 749 78 351
84 709 73 357
83 749 80 349
79 715 77 354
78 706 76 356
84 729 67 366
83 736 79 350
80 692 73 359
80 685 75 357
80 682 72 360
78 694 73 358
84 719 69 363
80 715 74 357
85 758 66 367
82 738 79 350
80 692 73 359
87 774 84 345
89 769 61 378
87 789 85 343
87 774 84 345
87 755 82 347
87 750 62 377
85 765 82 346
85 722 65 370
84 762 82 347
84 719 69 363
83 711 76 354
81 714 78 352
79 709 75 355
93 807 88 341
80 709 77 353
79 706 70 362
93 826 90 340
87 788 84 344
87 785 85 344
86 777 84 345
85 761 82 347
85 756 81 348
85 744 82 349
80 712 76 354
93 826 90 340
88 781 85 344
86 783 76 353
85 753 82 348
85 748 66 369
85 744 82 349
84 746 81 349
82 718 73 357
82 708 75 355
80 715 74 357
79 706 70 362
79 701 72 359
77 683 71 361
91 808 88 341
88 781 85 344
88 763 82 346
85 761 82 347
84 764 81 348
84 762 82 347
84 751 78 351
82 723 79 351
78 697 75 357
96 831 91 339
96 831 91 339
96 831 91 339
96 831 91 339
96 831 91 339
96 831 91 339
93 807 88 341
89 803 87 342
84 762 82 347
84 755 82 348
79 701 72 359
96 782 79 350
92 824 88 341
84 716 78 353
81 732 76 356
81 718 78 352
87 787 84 345
90 810 88 344
85 754 82 348
88 758 81 349
86 775 82 346
92 801 85 344
90 815 85 343
84 738 81 351
89 780 80 350
89 798 79 351
86 766 81 348
92 821 84 344
86 771 82 347
91 813 85 344
95 830 88 341
93 841 84 344
87 757 81 351
86 761 82 352
85 762 78 352
91 815 87 343
88 795 82 346
90 762 81 350
92 828 85 343
93 839 79 351
88 780 81 348
85 763 82 348
87 788 84 346
91 790 80 351
91 821 85 344
87 783 85 347
88 788 84 345
88 785 85 346
88 787 84 346
101 896 79 351
95 847 88 341
86 768 79 352
85 769 78 352
85 765 82 350
97 863 84 344
90 800 87 345
87 794 84 348
96 848 85 343
90 796 82 346
92 824 88 343
93 824 84 345
91 813 85 345
88 785 82 348
89 795 81 349
90 787 85 347
92 794 81 349
92 830 84 345
88 788 84 347
86 768 79 352
95 849 85 343
89 802 82 347
85 766 82 349
98 852 88 341
97 857 88 341
95 856 90 341
86 774 78 353
85 768 82 349
92 828 87 345
92 817 81 350
88 788 84 348
87 777 79 352
86 770 81 352
96 806 82 347
93 837 85 345
94 847 84 345
88 803 84 347
90 808 82 346
94 828 85 345
90 803 84 346
85 768 82 349
97 867 88 341
89 788 79 352
89 773 82 352
87 780 82 349
93 832 88 345
95 860 84 345
92 804 85 347
95 850 85 345
92 820 83 346
94 839 82 346
88 790 84 348
88 776 82 349
90 810 83 348
95 812 84 346
90 805 84 347
92 811 82 348
90 805 84 347
99 885 88 341
91 816 79 360
88 779 82 349
87 781 82 349
96 835 88 345
92 801 79 352
89 792 85 348
92 833 84 346
91 803 84 348
91 811 84 347
103 912 88 341
93 810 79 358
90 779 84 350
89 795 84 349
95 860 80 357
97 846 82 349
93 839 84 346
90 817 85 348
93 799 82 351
91 805 88 348
91 824 84 347
89 800 82 350
110 994 91 345
92 785 85 353
90 806 82 353
98 875 84 346
90 815 82 350
92 833 84 348
95 835 84 347
103 904 82 350
98 889 88 346
92 820 82 354
95 849 84 347
94 837 86 350
104 920 82 354
102 890 85 347
101 901 82 357
98 891 93 353
94 849 90 360
99 860 88 348
95 862 92 357
97 873 91 357
112 974 90 355
102 903 87 357
101 905 94 352
96 873 94 357
101 877 92 357
104 911 90 359
102 919 94 352
