336301 1260.05
144 1270 59 496
121 1075 74 404
100 927 67 478
106 917 90 468
139 1304 70 413
144 1270 59 496
144 1270 59 496
132 1257 68 417
112 1016 66 421
113 1010 84 438
121 1075 74 404
113 1064 64 435
128 1159 60 437
132 1257 68 417
105 982 67 470
100 927 67 478
144 1270 59 496
113 1010 84 438
106 917 90 468
100 927 67 478
127 1120 63 431
104 941 68 456
109 971 60 439
139 1304 70 413
105 982 67 470
127 1120 63 431
109 971 60 439
121 1075 74 404
106 917 90 468
104 941 68 456
121 1075 74 404
139 1304 70 413
101 922 71 446
129 1144 65 430
113 1010 84 438
121 1075 74 404
128 1159 60 437
106 997 67 453
123 1104 72 415
144 1270 59 496
139 1304 70 413
123 1104 72 415
123 1104 72 415
128 1159 60 437
115 990 68 418
102 955 66 476
113 1010 84 438
121 1075 74 404
123 1104 72 415
121 1075 74 404
106 997 67 453
102 955 66 476
139 1304 70 413
121 1075 74 404
101 922 71 446
127 1120 63 431
128 1159 60 437
139 1304 70 413
106 997 67 453
113 1010 84 438
102 955 66 476
104 941 68 456
100 927 67 478
106 917 90 468
144 1270 59 496
109 971 60 439
115 990 68 418
129 1144 65 430
123 1104 72 415
102 955 66 476
144 1270 59 496
100 927 67 478
144 1270 59 496
128 1159 60 437
100 927 67 478
129 1144 65 430
101 922 71 446
128 1159 60 437
123 1104 72 415
113 1064 64 435
144 1270 59 496
101 922 71 446
101 922 71 446
100 927 67 478
109 971 60 439
109 971 60 439
128 1159 60 437
113 1010 84 438
129 1144 65 430
121 1075 74 404
144 1270 59 496
129 1144 65 430
129 1144 65 430
144 1270 59 496
123 1104 72 415
128 1159 60 437
123 1104 72 415
129 1144 65 430
139 1304 70 413
102 955 66 476
102 955 66 476
123 1104 72 415
100 927 67 478
113 1010 84 438
139 1304 70 413
144 1270 59 496
127 1120 63 431
121 1075 74 404
102 955 66 476
115 990 68 418
139 1304 70 413
113 1010 84 438
100 927 67 478
101 922 71 446
144 1270 59 496
132 1257 68 417
123 1104 72 415
104 941 68 456
102 955 66 476
106 997 67 453
104 941 68 456
115 990 68 418
121 1075 74 404
139 1304 70 413
100 927 67 478
123 1104 72 415
102 955 66 476
144 1270 59 496
144 1270 59 496
121 1075 74 404
104 941 68 456
106 997 67 453
121 1075 74 404
113 1010 84 438
144 1270 59 496
101 922 71 446
139 1304 70 413
121 1075 74 404
121 1075 74 404
123 1104 72 415
104 941 68 456
113 1010 84 438
144 1270 59 496
144 1270 59 496
123 1104 72 415
102 955 66 476
144 1270 59 496
113 1010 84 438
128 1159 60 437
139 1304 70 413
121 1075 74 404
129 1144 65 430
144 1270 59 496
144 1270 59 496
144 1270 59 496
144 1270 59 496
139 1304 70 413
139 1304 70 413
113 1010 84 438
121 1075 74 404
128 1159 60 437
104 941 68 456
123 1104 72 415
139 1304 70 413
121 1075 74 404
106 917 90 468
101 922 71 446
121 1075 74 404
113 1010 84 438
128 1159 60 437
123 1104 72 415
102 955 66 476
144 1270 59 496
123 1104 72 415
121 1075 74 404
113 1010 84 438
106 917 90 468
129 1144 65 430
139 1304 70 413
115 990 68 418
113 1010 84 438
144 1270 59 496
139 1304 70 413
113 1010 84 438
128 1159 60 437
129 1144 65 430
123 1104 72 415
132 1257 68 417
121 1075 74 404
123 1104 72 415
102 955 66 476
106 997 67 453
121 1075 74 404
144 1270 59 496
100 927 67 478
105 982 67 470
139 1304 70 413
113 1010 84 438
100 927 67 478
101 922 71 446
129 1144 65 430
132 1257 68 417
123 1104 72 415
104 941 68 456
102 955 66 476
106 997 67 453
100 927 67 478
128 1159 60 437
102 955 66 476
144 1270 59 496
100 927 67 478
123 1104 72 415
102 955 66 476
144 1270 59 496
144 1270 59 496
121 1075 74 404
104 941 68 456
102 955 66 476
113 1010 84 438
144 1270 59 496
101 922 71 446
128 1159 60 437
101 922 71 446
100 927 67 478
109 971 60 439
144 1270 59 496
128 1159 60 437
121 1075 74 404
129 1144 65 430
113 1064 64 435
144 1270 59 496
129 1144 65 430
123 1104 72 415
144 1270 59 496
123 1104 72 415
139 1304 70 413
123 1104 72 415
129 1144 65 430
139 1304 70 413
128 1159 60 437
127 1120 63 431
101 922 71 446
100 927 67 478
113 1010 84 438
139 1304 70 413
144 1270 59 496
127 1120 63 431
121 1075 74 404
115 990 68 418
104 941 68 456
106 917 90 468
106 917 90 468
100 927 67 478
128 1159 60 437
123 1104 72 415
102 955 66 476
113 1010 84 438
123 1104 72 415
121 1075 74 404
106 997 67 453
106 917 90 468
139 1304 70 413
139 1304 70 413
113 1010 84 438
139 1304 70 413
113 1010 84 438
128 1159 60 437
129 1144 65 430
123 1104 72 415
132 1257 68 417
121 1075 74 404
123 1104 72 415
102 955 66 476
101 922 71 446
121 1075 74 404
139 1304 70 413
121 1075 74 404
121 1075 74 404
123 1104 72 415
104 941 68 456
113 1010 84 438
144 1270 59 496
144 1270 59 496
127 1120 63 431
102 955 66 476
144 1270 59 496
113 1010 84 438
128 1159 60 437
144 1270 59 496
123 1104 72 415
129 1144 65 430
106 917 90 468
144 1270 59 496
144 1270 59 496
144 1270 59 496
139 1304 70 413
113 1010 84 438
121 1075 74 404
100 927 67 478
109 971 60 439
