46609 1290.61
95 851 68 486
101 892 68 476
101 876 68 477
103 912 69 475
128 1098 62 492
105 934 71 474
122 1076 78 470
100 885 68 477
115 1018 76 471
113 1011 66 489
97 878 68 483
106 961 72 473
116 1023 64 490
106 938 68 475
110 1013 69 474
100 884 65 498
117 1057 70 473
100 860 68 483
110 968 72 472
119 1078 74 471
115 1030 63 491
103 935 64 493
108 981 63 492
98 887 69 482
101 940 66 492
99 898 64 501
106 959 63 500
105 938 67 490
96 879 71 485
99 899 65 497
109 992 72 472
107 946 66 491
103 925 64 494
105 922 66 492
99 917 66 496
104 914 64 497
98 865 68 483
124 1134 62 502
110 978 63 492
98 890 66 503
134 1195 72 471
103 912 66 494
116 985 66 490
105 902 66 496
101 909 67 494
102 919 64 500
137 1194 67 487
100 881 71 479
117 1090 62 504
99 886 69 482
96 844 83 493
98 890 65 504
139 1272 68 474
97 845 76 493
97 845 76 493
99 877 68 484
102 901 68 480
97 891 68 487
103 916 69 475
101 873 68 486
97 855 68 489
103 891 74 481
105 928 68 479
187 1665 132 620
165 1518 104 605
165 1462 105 593
213 1961 110 600
171 1370 108 613
215 1888 128 609
164 1500 125 619
177 1605 123 638
179 1609 109 578
175 1616 123 627
203 1792 140 640
169 1504 132 592
190 1665 108 650
190 1686 118 627
209 1775 125 655
184 1655 106 619
187 1611 127 621
183 1580 121 633
165 1451 98 618
182 1530 145 591
201 1754 137 611
194 1741 110 600
210 1859 111 611
163 1474 115 635
178 1608 108 611
176 1560 90 607
194 1723 118 600
200 1812 103 623
195 1653 101 592
196 1711 123 624
184 1694 115 648
178 1650 86 603
194 1691 101 576
187 1665 108 644
225 2082 114 656
170 1511 139 618
209 1876 148 612
166 1510 107 631
177 1621 84 604
169 1523 94 602
167 1495 100 614
187 1651 125 638
212 1898 101 667
184 1706 94 639
212 1877 122 618
195 1808 119 648
159 1410 103 614
187 1669 130 647
198 1789 99 622
184 1655 113 615
181 1669 146 604
166 1462 93 604
177 1583 85 576
205 1850 103 609
170 1518 102 605
228 2076 147 670
193 1854 124 617
197 1720 106 636
177 1634 97 628
184 1664 113 611
170 1526 88 600
188 1658 99 631
181 1626 117 627
172 1584 114 616
164 1476 105 606
199 1797 124 653
175 1491 88 579
190 1755 100 583
213 1931 135 639
199 1854 123 645
182 1694 105 626
172 1622 93 629
185 1684 128 630
154 1371 87 589
166 1456 119 616
208 1869 148 656
186 1688 88 588
170 1426 94 602
181 1698 108 589
200 1747 132 611
181 1554 127 628
180 1554 113 598
196 1805 125 616
180 1561 108 582
187 1678 93 591
223 1942 100 621
210 1905 113 588
172 1581 98 609
177 1515 131 595
172 1567 100 638
221 1963 131 615
176 1604 109 612
195 1763 107 639
172 1521 115 602
191 1619 122 602
177 1608 123 628
182 1617 104 586
175 1630 94 599
205 1830 107 584
195 1784 131 618
203 1838 104 625
249 2399 83 625
180 1622 106 624
180 1530 107 610
208 1932 130 640
205 1882 110 631
203 1886 148 604
162 1417 103 629
196 1829 103 631
219 1941 147 623
183 1707 94 629
185 1675 106 658
202 1673 151 628
212 1884 124 609
183 1541 108 627
196 1725 105 609
165 1544 103 635
205 1899 118 622
187 1734 97 599
186 1753 110 623
198 1819 94 621
183 1695 112 589
192 1711 83 608
162 1500 89 624
177 1527 124 636
189 1725 108 641
182 1697 103 608
181 1665 85 589
174 1530 127 599
180 1658 113 626
206 1866 129 642
179 1635 102 632
195 1742 88 614
184 1703 96 612
191 1697 101 629
209 1853 89 596
173 1578 116 606
169 1541 94 608
192 1718 135 648
187 1640 106 600
178 1600 121 592
175 1556 90 606
203 1633 96 609
174 1536 131 601
157 1412 110 599
180 1572 94 624
181 1679 97 612
200 1733 101 589
143 1358 94 592
172 1529 132 651
210 1996 100 623
182 1545 104 640
181 1642 100 618
191 1698 109 595
172 1478 81 609
154 1358 102 574
180 1550 90 567
170 1564 93 641
175 1633 96 585
213 1915 108 618
203 1763 137 617
179 1515 102 615
173 1556 92 598
167 1467 114 596
175 1550 96 619
172 1607 123 605
167 1528 100 590
147 1259 97 604
200 1849 125 634
182 1633 119 628
183 1602 131 598
212 1932 121 620
190 1720 104 644
207 1833 107 607
177 1612 106 616
184 1598 116 623
179 1651 86 576
185 1706 124 626
171 1604 122 611
176 1617 93 588
185 1727 117 648
211 1973 88 643
173 1487 108 622
191 1693 88 616
164 1486 92 612
198 1839 108 613
192 1783 96 600
214 1996 111 617
206 1842 115 655
186 1626 103 588
190 1719 153 618
201 1840 121 631
182 1674 93 603
164 1458 118 619
167 1446 111 643
187 1652 105 609
197 1701 117 598
199 1777 103 598
200 1793 134 615
209 1831 123 623
214 1907 139 623
184 1709 102 635
219 1955 105 603
188 1724 101 613
157 1419 107 602
215 1899 121 631
190 1671 112 610
188 1682 117 632
193 1737 100 638
177 1591 98 622
232 2148 108 638
202 1828 100 634
176 1637 110 607
192 1698 113 597
192 1713 116 611
199 1714 109 613
174 1553 100 623
207 1823 89 605
173 1535 98 619
196 1790 111 608
181 1612 91 617
204 1831 100 623
202 1826 121 622
169 1562 95 602
175 1510 88 610
177 1645 93 630
190 1602 142 639
196 1810 98 630
156 1439 90 586
177 1582 115 607
179 1559 122 609
199 1742 115 621
207 1924 132 626
188 1727 117 608
185 1633 117 595
175 1559 116 604
179 1541 96 605
