5700 269.676
119 1089 60 376
105 985 90 341
105 985 90 341
88 714 54 404
86 717 60 407
80 749 67 379
115 1016 60 380
113 995 82 346
109 1000 89 342
100 883 80 349
97 873 87 352
119 1080 60 379
117 1049 88 342
107 980 82 347
89 753 57 394
114 1058 85 343
96 785 56 396
109 939 81 348
117 1049 88 342
106 995 84 345
81 733 56 401
108 927 61 375
105 976 79 350
105 952 58 390
99 899 77 354
84 741 60 388
92 830 71 362
81 765 65 383
104 921 70 360
103 893 78 351
102 867 62 378
103 965 88 343
111 1013 84 344
91 816 66 367
89 844 73 359
97 810 59 390
97 866 64 370
94 818 64 371
101 787 56 395
98 909 77 353
98 825 67 365
97 797 54 400
90 726 55 402
104 956 72 358
111 1013 84 344
98 889 65 368
106 929 73 358
96 842 69 362
92 763 55 399
85 772 75 371
85 755 55 400
84 738 68 375
102 918 86 344
91 808 70 366
95 805 58 392
102 945 71 360
94 812 66 369
88 805 55 399
86 717 60 407
114 1058 85 343
89 788 78 357
95 767 60 384
101 933 62 373
92 826 68 364
83 773 69 374
99 908 74 358
105 993 75 355
89 794 76 356
86 759 63 385
86 739 61 393
100 916 72 359
82 726 67 381
96 836 63 372
88 802 72 360
87 744 60 387
93 812 69 363
106 942 75 355
103 935 76 353
100 897 62 374
83 773 69 374
93 868 67 366
90 838 65 369
82 726 67 381
99 969 74 356
87 744 60 387
102 939 74 356
86 759 63 385
88 714 54 404
97 853 67 365
95 853 63 372
95 853 63 372
118 1081 63 378
117 1092 72 359
102 917 74 358
98 913 75 365
96 858 69 366
100 889 64 371
115 1044 73 359
112 981 67 367
106 997 67 365
109 987 65 370
102 901 66 368
104 946 69 363
109 962 70 362
108 961 71 361
101 920 72 362
96 898 68 368
102 935 69 364
103 953 72 360
107 988 67 366
104 915 68 367
104 914 74 365
104 915 72 361
125 1152 70 362
111 1012 75 359
107 975 64 372
101 910 66 380
101 897 69 373
100 900 69 373
117 1066 69 363
123 1114 67 366
120 1063 68 365
112 1014 71 361
109 965 73 360
101 920 67 376
104 949 66 369
108 978 74 360
111 1042 71 361
111 972 66 368
101 973 72 362
103 932 69 368
108 990 69 364
106 936 68 367
101 910 71 367
101 907 68 373
107 946 67 374
107 970 70 366
101 941 72 364
108 940 67 375
107 1008 66 368
104 925 68 368
129 1173 76 359
104 957 66 378
102 929 71 374
126 1105 69 363
122 1151 70 363
114 1071 71 361
115 1022 71 362
115 989 74 363
125 1135 70 363
111 1018 73 360
106 967 66 376
109 954 67 372
107 974 68 367
107 966 72 366
111 1023 69 364
105 936 70 373
113 991 67 369
106 979 69 371
105 945 68 373
110 1001 70 366
111 991 72 364
109 970 69 368
113 1021 69 364
113 967 70 370
105 978 70 370
110 966 69 371
129 1129 68 368
118 1071 76 360
113 1050 66 376
107 954 69 386
122 1116 71 361
119 1102 74 363
107 962 68 378
115 1039 69 364
122 1058 74 361
115 1013 72 365
112 1035 76 363
115 1003 67 369
111 1020 67 372
107 982 71 367
109 1027 68 375
110 990 69 367
122 1085 71 363
112 973 67 373
111 970 69 371
114 1033 68 370
108 961 69 373
107 983 69 369
112 1032 69 366
126 1142 72 361
123 1130 76 360
114 1025 67 379
110 974 69 377
107 986 70 372
118 1084 76 365
119 1091 69 365
122 1079 71 364
113 1032 68 375
116 1028 67 369
108 997 69 374
115 1064 68 369
109 1014 71 368
121 1071 70 366
115 1042 67 373
111 1006 69 371
109 992 69 377
112 993 69 371
115 975 68 373
110 1019 69 367
118 1072 70 366
111 1009 69 367
115 1085 71 366
121 1071 71 365
129 1175 69 365
124 1113 71 364
120 1101 74 366
117 1031 67 372
111 997 69 377
107 997 72 374
117 1082 67 369
112 1024 69 370
110 999 70 373
116 1018 69 367
111 1045 69 373
111 1016 70 369
136 1248 70 366
134 1220 71 365
126 1155 67 384
111 1002 72 375
113 1044 70 377
118 1055 69 367
126 1173 71 366
118 1047 68 372
116 1074 71 367
114 1003 69 383
112 1005 71 375
113 1058 69 373
114 1067 69 370
116 1047 70 369
114 1033 69 371
112 1018 71 373
135 1270 71 365
118 1072 68 375
115 1033 69 383
114 1038 73 372
130 1197 71 366
124 1091 69 367
120 1071 70 369
116 1034 69 379
118 1101 68 373
119 1115 70 368
114 1055 70 373
117 1061 71 369
115 1046 69 376
123 1114 69 367
119 1067 70 370
117 1062 69 371
116 1069 69 371
118 1083 71 368
118 1047 70 373
118 1087 69 369
126 1160 69 367
121 1112 68 377
120 1085 72 370
117 1038 69 384
116 1056 71 373
125 1147 70 368
122 1085 71 370
121 1075 69 373
118 1094 69 369
119 1079 69 372
120 1089 69 371
132 1160 69 367
129 1190 72 369
127 1148 68 377
121 1079 70 378
119 1080 69 373
125 1122 69 370
122 1094 69 372
119 1082 70 372
121 1118 69 371
141 1237 73 367
132 1150 68 377
121 1105 74 381
120 1102 80 377
119 1130 71 373
123 1107 76 375
133 1191 72 368
134 1161 69 371
122 1122 70 371
132 1170 69 373
143 1276 70 372
140 1246 68 383
133 1224 72 368
130 1161 71 373
129 1169 70 384
127 1183 75 378
131 1192 70 376
137 1208 71 375
119 1089 60 376
105 985 90 341
105 985 90 341
88 714 54 404
86 717 60 407
80 749 67 379
117 1049 88 342
112 1019 76 353
85 755 55 400
119 1080 60 379
89 753 57 394
98 909 77 353
109 939 81 348
114 1058 85 343
105 976 79 350
102 867 62 378
95 805 58 392
81 733 56 401
97 873 87 352
84 741 60 388
96 785 56 396
109 1000 89 342
100 901 83 346
98 845 64 370
106 995 84 345
103 893 78 351
90 849 76 358
115 1016 60 380
92 821 70 363
113 995 82 346
103 965 88 343
104 921 70 360
83 773 69 374
97 810 59 390
99 833 73 357
102 918 86 344
81 765 65 383
93 842 82 356
92 792 54 402
94 878 81 352
101 787 56 395
97 797 54 400
84 738 68 375
86 759 63 385
105 946 74 356
99 874 65 368
99 921 62 373
111 1013 84 344
107 925 74 356
85 772 75 371
105 952 58 390
100 883 80 349
94 818 64 371
107 980 82 347
86 782 65 382
96 886 75 355
96 827 68 364
90 806 71 360
88 714 54 404
86 717 60 407
114 1058 85 343
111 1013 84 344
108 927 61 375
102 920 72 358
89 844 73 359
96 891 67 366
95 767 60 384
101 928 70 361
99 862 63 372
89 776 61 380
82 726 67 381
89 800 71 365
87 744 60 387
91 816 66 367
82 726 67 381
89 761 66 376
108 960 76 354
93 829 70 362
109 1000 89 342
96 865 72 359
89 788 78 357
106 962 76 354
100 956 70 361
91 805 67 374
87 744 60 387
107 955 69 362
96 809 66 367
100 883 80 349
97 860 67 365
97 860 67 365
124 1136 72 359
116 1055 65 372
102 943 76 355
98 849 70 365
97 910 71 373
100 887 68 369
121 1094 73 358
114 1030 71 360
107 976 74 358
112 1004 70 361
118 1122 73 359
105 945 66 367
109 1011 67 365
106 967 68 366
108 979 69 362
103 927 74 363
104 918 67 367
102 937 69 364
99 902 71 364
105 988 71 361
107 952 74 360
109 969 73 360
104 895 69 364
108 922 71 363
124 1111 74 358
121 1085 65 373
109 942 76 364
105 946 76 358
101 893 68 369
120 1080 70 362
112 1048 67 366
110 1016 74 360
105 954 66 367
101 906 73 367
104 929 73 366
116 1050 75 358
114 1057 71 360
115 1092 68 365
112 1005 72 361
106 971 72 364
104 978 75 363
103 949 73 365
111 965 71 364
110 1003 69 363
109 1006 69 364
106 982 68 366
115 1003 71 362
109 991 71 364
109 989 72 362
110 993 69 365
128 1140 74 360
126 1166 71 360
117 1104 75 359
116 1067 78 360
109 969 66 383
105 935 70 375
103 938 69 374
105 968 67 383
124 1081 69 364
120 1063 67 366
106 958 68 373
118 1024 72 361
112 990 71 364
113 1006 74 363
118 1046 71 362
110 1013 69 365
107 954 68 369
104 956 71 369
110 999 72 366
114 1096 75 361
105 956 73 368
110 968 66 367
115 1069 71 363
107 957 67 367
116 1098 69 363
106 953 71 369
114 1092 73 362
116 1064 73 362
116 1068 68 366
114 1055 72 363
116 1058 74 361
129 1159 73 362
127 1154 75 360
123 1171 67 366
112 978 66 384
112 961 70 376
107 966 70 373
114 994 71 364
119 1086 68 366
120 1074 66 368
116 1038 69 366
121 1118 74 362
107 966 74 370
125 1117 69 363
108 970 69 373
109 992 67 367
108 1017 69 368
111 1025 70 365
122 1114 70 364
122 1115 70 363
110 977 67 367
111 966 69 368
133 1239 71 363
131 1246 75 362
114 1002 67 377
113 991 71 367
109 1008 67 372
109 993 68 370
127 1155 74 363
113 1075 73 366
126 1122 67 367
122 1108 69 366
111 1040 71 368
114 1055 67 371
121 1071 70 365
127 1135 69 365
117 1022 69 367
111 1003 69 369
120 1142 69 366
113 1012 68 369
114 1017 71 364
113 992 70 369
114 1032 70 366
113 1030 70 367
129 1231 69 366
129 1165 74 363
115 1037 75 364
115 1011 67 377
114 1002 70 372
112 1012 67 375
110 1007 71 372
121 1088 68 369
120 1107 68 370
118 1054 71 364
116 1043 74 364
111 1011 70 369
113 1019 69 369
114 1039 70 368
117 1045 71 367
118 1043 69 367
113 1045 71 368
114 1006 71 369
127 1154 71 364
122 1074 78 364
121 1073 68 380
115 1096 68 375
111 1012 70 371
111 1065 77 369
114 1045 69 373
117 1102 74 366
118 1104 70 368
119 1056 72 365
124 1092 69 367
122 1085 71 366
115 1053 71 368
116 1046 69 372
116 1052 70 370
119 1045 69 370
135 1236 71 365
128 1176 78 364
116 1055 84 373
114 1053 69 375
114 1023 75 374
113 1030 72 381
127 1129 73 367
118 1051 70 375
122 1062 69 371
115 1073 71 368
121 1078 74 365
116 1084 69 372
120 1067 72 369
120 1082 69 370
117 1063 71 372
119 1054 69 373
126 1135 69 371
122 1143 69 370
121 1111 74 365
116 1090 75 370
115 1053 69 377
117 1100 73 369
123 1098 73 368
124 1112 70 370
119 1080 71 373
121 1080 71 369
122 1067 69 374
115 1062 70 376
115 1053 71 376
116 1086 69 372
133 1249 72 370
121 1099 74 370
121 1091 69 373
120 1076 70 382
117 1105 70 383
125 1149 69 371
119 1086 70 372
129 1180 69 382
127 1117 72 372
125 1142 71 372
124 1100 70 373
121 1113 72 374
122 1109 70 375
131 1157 70 382
128 1201 73 373
124 1131 74 373
124 1107 72 375
126 1145 71 375
137 1282 71 376
132 1167 78 373
130 1207 75 373
137 1232 74 375
119 1089 60 376
105 985 90 341
105 985 90 341
88 714 54 404
86 717 60 407
80 749 67 379
112 1019 76 353
114 1058 85 343
111 1013 84 344
117 1049 88 342
85 755 55 400
119 1080 60 379
104 921 70 360
106 995 84 345
100 883 80 349
89 753 57 394
108 927 61 375
103 965 88 343
117 1049 88 342
96 785 56 396
109 1000 89 342
84 741 60 388
101 897 74 356
98 909 77 353
81 733 56 401
100 901 83 346
109 939 81 348
90 801 72 366
81 765 65 383
102 918 86 344
97 810 59 390
105 952 58 390
86 759 63 385
107 980 82 347
95 805 58 392
105 976 79 350
97 797 54 400
87 744 60 387
103 893 78 351
101 787 56 395
105 886 65 368
99 833 73 357
97 873 87 352
86 782 65 382
82 726 67 381
92 792 54 402
87 811 73 370
85 772 75 371
84 738 68 375
91 836 66 368
113 995 82 346
94 878 81 352
90 849 76 358
102 903 68 364
90 816 67 365
99 899 77 354
88 791 66 372
86 717 60 407
89 826 67 369
105 940 75 355
114 1058 85 343
98 834 69 362
102 956 76 354
105 932 72 358
99 862 63 372
82 754 71 373
94 840 69 363
93 851 66 367
83 773 69 374
93 819 66 369
113 979 60 380
97 894 71 361
86 739 61 393
83 773 69 374
101 891 71 360
82 729 64 384
95 879 72 359
95 767 60 384
92 846 71 362
102 867 62 378
93 842 82 356
102 867 62 378
109 1000 89 342
101 874 62 373
96 866 79 355
93 854 65 372
89 788 78 357
88 714 54 404
99 880 64 370
96 880 64 371
128 1111 74 358
127 1150 65 369
122 1112 74 358
108 936 63 372
88 814 70 372
97 871 70 366
114 1005 71 360
120 1082 65 370
122 1076 66 368
123 1112 70 361
111 997 64 371
104 914 67 367
101 863 68 372
104 930 69 364
102 907 71 361
108 957 74 359
113 969 69 363
106 946 70 363
101 945 68 369
103 913 69 366
107 972 73 360
107 983 72 360
111 954 73 360
103 907 66 372
109 973 72 360
109 974 69 363
130 1200 74 358
112 986 65 373
99 888 73 374
126 1136 70 362
130 1193 66 369
120 1093 65 370
119 1072 72 360
124 1117 74 359
116 1038 71 361
109 968 68 367
101 928 70 371
109 930 74 365
103 934 71 369
112 1005 67 367
110 1010 66 372
106 943 69 365
102 982 69 371
115 1009 69 363
104 931 67 371
105 960 71 362
105 942 70 364
112 999 73 361
115 1036 72 361
113 1015 66 371
109 980 67 370
103 940 71 363
114 1032 69 363
115 1003 74 360
111 1019 66 371
110 1017 73 361
121 1066 71 361
117 1031 74 360
114 1030 65 373
110 956 67 378
104 940 71 363
118 1043 72 361
113 981 68 372
106 967 71 362
112 1023 67 369
112 985 68 374
118 1012 69 363
116 1021 74 361
115 1042 67 367
107 973 70 365
107 956 69 367
109 971 69 366
115 1048 69 364
110 990 68 373
114 1017 70 364
111 997 68 367
111 1028 70 364
110 988 69 365
116 1029 69 363
129 1142 69 363
120 1080 67 367
118 1095 73 361
109 965 69 373
106 976 71 362
112 1006 68 368
117 1037 68 367
123 1105 72 361
123 1066 67 370
112 1000 70 365
125 1089 71 361
107 972 70 373
118 1063 70 363
107 975 69 370
108 967 69 367
109 966 71 364
118 1089 69 364
132 1170 71 361
121 1118 67 373
113 1018 68 377
111 991 72 362
108 969 71 373
106 983 72 364
115 1048 70 365
126 1124 67 368
121 1084 68 367
129 1149 69 363
107 1003 71 370
118 1100 70 363
108 1031 71 362
122 1105 67 371
108 981 69 367
125 1150 67 368
122 1099 69 366
123 1117 69 364
113 1018 71 363
108 1012 71 365
112 979 71 364
135 1248 78 361
126 1138 67 379
110 981 72 369
109 989 69 368
127 1175 67 370
128 1157 67 377
115 1006 73 363
130 1149 69 364
123 1094 68 373
122 1137 68 374
121 1113 70 363
125 1106 68 368
120 1073 71 362
111 1054 71 366
110 1026 73 365
113 1040 72 362
119 1048 69 367
117 1079 70 365
125 1135 69 366
117 1041 70 367
112 997 72 364
116 1067 71 365
112 1026 73 362
115 1053 69 367
111 1013 72 363
114 1011 73 363
122 1149 68 368
111 987 72 365
138 1217 71 362
126 1130 73 362
120 1085 74 363
115 1029 69 369
111 999 71 371
109 1035 73 376
130 1180 69 366
110 1022 70 373
115 1007 72 364
129 1150 70 363
112 1009 74 368
118 1084 71 365
128 1201 70 364
110 1014 71 368
123 1117 69 367
119 1099 73 363
121 1092 70 365
124 1117 71 364
111 1015 70 369
118 1088 70 366
130 1193 69 366
130 1191 70 363
127 1202 71 366
117 1036 72 364
116 1054 69 370
116 1025 71 375
111 1035 70 372
122 1108 71 367
128 1190 71 364
125 1088 70 369
116 1101 72 366
129 1162 69 368
114 1049 71 368
120 1050 69 374
117 1052 69 373
114 1035 70 370
134 1246 71 364
122 1103 69 371
122 1092 70 381
122 1068 74 367
119 1115 73 364
115 1046 71 372
131 1242 70 367
123 1143 71 368
117 1073 72 365
128 1136 69 370
115 1051 71 369
142 1279 71 365
127 1170 75 365
123 1149 69 378
117 1073 74 367
130 1196 69 371
119 1110 71 369
123 1087 71 372
122 1089 72 367
128 1204 69 371
122 1088 72 371
129 1169 71 368
123 1097 71 370
141 1238 69 373
132 1184 74 367
124 1121 72 372
128 1186 71 369
130 1125 71 370
136 1261 74 368
