258171 1215.78
101 932 78 481
110 925 69 452
146 1264 66 423
130 1151 58 462
138 1334 60 443
144 1217 86 406
144 1217 86 406
141 1285 63 431
101 932 78 481
127 1162 59 458
141 1278 70 415
144 1273 73 407
107 939 79 465
111 1042 62 476
109 1008 74 430
136 1230 64 441
108 1007 77 439
103 965 72 447
126 1158 60 463
144 1217 86 406
130 1151 58 462
132 1208 63 443
114 1038 81 429
101 932 78 481
110 960 82 439
105 988 63 472
141 1285 63 431
131 1239 73 418
110 999 84 437
135 1134 68 427
125 1071 66 435
117 996 65 454
105 988 63 472
130 1108 83 420
114 1038 81 429
110 960 82 439
122 1098 61 451
140 1231 68 417
144 1217 86 406
128 1199 72 425
109 1008 74 430
144 1217 86 406
122 1098 61 451
103 965 72 447
105 979 69 461
108 1007 77 439
105 988 63 472
117 1005 62 468
113 1031 67 443
125 1071 66 435
128 1199 72 425
124 1107 71 427
119 1069 73 426
120 1128 67 433
122 1064 67 432
131 1180 73 419
130 1114 80 422
134 1186 70 422
131 1239 73 418
130 1108 83 420
122 1098 61 451
128 1199 72 425
110 999 84 437
116 1004 71 450
120 1043 65 437
136 1230 64 441
119 1023 68 431
106 969 69 451
120 1043 65 437
114 1013 64 444
106 969 69 451
117 996 65 454
146 1264 66 423
130 1114 80 422
122 1064 67 432
124 1107 71 427
144 1273 73 407
107 939 79 465
114 1062 59 474
109 1025 70 449
103 965 72 447
141 1285 63 431
125 1071 66 435
114 1078 66 440
116 1004 71 450
135 1134 68 427
124 1107 71 427
124 1107 71 427
110 925 69 452
130 1114 80 422
114 1078 66 440
141 1285 63 431
107 939 79 465
109 1008 74 430
135 1134 68 427
114 1038 81 429
122 1064 67 432
115 1030 70 434
109 1025 70 449
120 1043 65 437
116 1004 71 450
133 1176 66 427
117 1005 62 468
134 1189 62 444
124 1107 71 427
128 1199 72 425
116 1004 71 450
107 939 79 465
112 1009 68 454
115 1030 70 434
114 1038 81 429
114 1062 59 474
108 1007 77 439
130 1108 83 420
114 1062 59 474
128 1199 72 425
109 1025 70 449
108 1007 77 439
130 1114 80 422
104 927 70 466
127 1162 59 458
125 1071 66 435
110 960 82 439
105 979 69 461
114 1013 64 444
108 1007 77 439
122 1098 61 451
122 1064 67 432
112 1051 74 427
135 1134 68 427
107 939 79 465
133 1176 66 427
140 1231 68 417
134 1186 70 422
144 1273 73 407
114 1038 81 429
144 1273 73 407
105 979 69 461
119 1023 68 431
124 1107 71 427
125 1071 66 435
122 1098 61 451
128 1160 63 446
134 1189 62 444
126 1158 60 463
130 1114 80 422
122 1064 67 432
119 1023 68 431
135 1134 68 427
136 1230 64 441
105 988 63 472
120 1128 67 433
131 1180 73 419
122 1098 61 451
119 1069 73 426
130 1151 58 462
109 1008 74 430
131 1239 73 418
120 1128 67 433
109 1025 70 449
114 1013 64 444
130 1114 80 422
109 1008 74 430
106 969 69 451
105 979 69 461
134 1186 70 422
105 988 63 472
144 1273 73 407
117 1005 62 468
114 1038 81 429
110 925 69 452
120 1128 67 433
124 1107 71 427
109 1008 74 430
113 1008 71 432
109 1008 74 430
130 1114 80 422
144 1273 73 407
109 1025 70 449
130 1114 80 422
146 1264 66 423
135 1134 68 427
114 1013 64 444
106 969 69 451
119 1023 68 431
112 1051 74 427
136 1230 64 441
110 999 84 437
110 960 82 439
134 1186 70 422
130 1151 58 462
114 1062 59 474
130 1108 83 420
130 1151 58 462
111 1042 62 476
110 960 82 439
103 965 72 447
116 1004 71 450
108 1007 77 439
124 1107 71 427
135 1134 68 427
124 1107 71 427
135 1134 68 427
110 960 82 439
138 1334 60 443
141 1278 70 415
130 1114 80 422
111 1042 62 476
135 1134 68 427
107 939 79 465
136 1230 64 441
130 1151 58 462
132 1208 63 443
101 932 78 481
141 1285 63 431
141 1278 70 415
131 1239 73 418
110 999 84 437
114 1062 59 474
103 965 72 447
113 1031 67 443
124 1107 71 427
119 1069 73 426
120 1128 67 433
144 1273 73 407
122 1098 61 451
105 979 69 461
130 1114 80 422
130 1108 83 420
128 1199 72 425
130 1114 80 422
134 1186 70 422
144 1273 73 407
124 1107 71 427
125 1071 66 435
134 1189 62 444
126 1158 60 463
116 1004 71 450
103 965 72 447
110 960 82 439
111 1042 62 476
130 1151 58 462
130 1108 83 420
114 1062 59 474
130 1151 58 462
135 1134 68 427
122 1064 67 432
110 999 84 437
136 1230 64 441
135 1134 68 427
119 1023 68 431
136 1230 64 441
131 1180 73 419
109 1025 70 449
130 1114 80 422
106 969 69 451
117 1005 62 468
144 1273 73 407
120 1128 67 433
131 1239 73 418
109 1008 74 430
130 1108 83 420
130 1114 80 422
110 925 69 452
122 1098 61 451
114 1078 66 440
135 1134 68 427
124 1107 71 427
122 1064 67 432
120 1043 65 437
114 1062 59 474
116 1004 71 450
114 1062 59 474
130 1114 80 422
141 1278 70 415
141 1285 63 431
101 932 78 481
130 1108 83 420
130 1151 58 462
114 1062 59 474
107 939 79 465
128 1199 72 425
108 1007 77 439
122 1064 67 432
112 1051 74 427
133 1176 66 427
126 1100 65 434
144 1273 73 407
124 1107 71 427
105 979 69 461
124 1107 71 427
125 1071 66 435
130 1114 80 422
114 1038 81 429
110 960 82 439
135 1134 68 427
130 1114 80 422
131 1180 73 419
114 1078 66 440
136 1230 64 441
