16261 300.098
88 756 62 377
87 770 62 377
85 746 60 385
85 746 60 385
83 739 80 353
83 739 80 353
75 666 70 367
81 697 62 381
77 691 68 368
84 742 64 373
81 736 61 378
85 728 63 376
78 687 66 372
86 702 65 374
88 756 62 377
79 717 63 379
78 690 74 360
80 682 64 375
83 724 66 370
84 730 63 376
76 681 72 363
82 741 63 375
82 726 63 378
86 702 65 374
83 720 61 379
75 670 72 365
87 740 60 380
80 714 79 356
77 680 73 363
87 767 69 366
85 731 67 369
87 767 69 366
82 734 79 354
81 706 70 365
79 706 73 361
87 740 60 380
80 711 80 356
80 709 76 358
78 689 77 358
78 688 74 361
77 690 67 374
77 683 68 369
77 682 76 360
75 672 71 366
75 671 69 368
81 719 77 356
81 717 71 364
80 709 65 373
80 708 75 359
79 706 79 357
79 706 73 361
76 673 73 364
83 717 66 371
76 670 69 368
75 672 71 366
76 676 72 364
87 770 62 377
77 685 75 360
83 726 65 372
80 704 67 370
81 717 78 356
81 717 78 356
83 717 66 371
81 720 66 371
81 718 80 355
81 708 77 357
77 684 76 359
77 683 73 362
77 680 73 363
75 666 70 367
81 719 80 354
81 719 79 355
77 683 73 362
76 681 72 363
76 681 69 367
82 734 79 354
79 716 70 365
76 673 73 364
80 712 77 357
80 708 75 359
80 704 67 370
79 710 76 358
77 685 75 360
85 731 67 369
81 719 80 354
81 719 77 356
81 718 80 355
80 712 77 357
80 711 80 356
80 682 64 375
79 709 75 359
78 689 77 358
78 688 74 361
77 691 68 368
77 684 76 359
76 681 69 367
76 673 71 365
76 672 70 366
76 670 69 368
75 671 69 368
83 739 80 353
83 739 80 353
83 739 80 353
83 739 80 353
83 739 80 353
83 739 80 353
83 739 80 353
83 739 80 353
83 739 80 353
83 739 80 353
83 739 80 353
83 739 80 353
83 739 80 353
83 739 80 353
83 739 80 353
83 739 80 353
83 739 80 353
83 739 80 353
83 739 80 353
83 739 80 353
83 739 80 353
83 739 80 353
83 739 80 353
83 739 80 353
83 739 80 353
83 739 80 353
83 739 80 353
83 739 80 353
83 739 80 353
83 739 80 353
83 739 80 353
83 739 80 353
83 739 80 353
83 739 80 353
83 739 80 353
83 739 80 353
83 739 80 353
83 739 80 353
83 739 80 353
83 739 80 353
83 739 80 353
83 739 80 353
83 739 80 353
83 739 80 353
83 739 80 353
83 739 80 353
83 739 80 353
83 739 80 353
83 739 80 353
83 739 80 353
83 739 80 353
83 739 80 353
83 739 80 353
83 739 80 353
83 739 80 353
83 739 80 353
83 739 80 353
83 739 80 353
83 739 80 353
83 739 80 353
83 739 80 353
83 739 80 353
83 739 80 353
83 739 80 353
83 739 80 353
83 739 80 353
83 739 80 353
83 739 80 353
88 765 73 362
85 755 80 353
85 755 80 353
79 699 76 359
81 720 77 356
83 743 74 361
82 729 79 355
79 704 75 360
85 758 79 354
83 737 75 359
95 785 74 361
89 794 76 359
88 741 76 362
85 759 80 353
82 735 77 358
84 748 79 357
87 768 78 356
86 770 77 356
85 750 79 355
85 760 79 354
89 746 76 360
86 769 78 356
85 762 77 357
86 775 77 356
85 760 80 353
84 739 77 358
84 737 78 365
83 736 80 358
84 753 79 357
85 750 79 356
85 767 79 355
86 763 79 354
86 762 77 357
86 762 79 355
86 762 79 355
94 775 80 353
88 777 80 353
87 782 77 356
87 740 79 363
85 753 77 358
84 743 80 358
84 749 78 361
84 746 79 360
87 763 79 354
86 775 78 356
85 760 79 356
87 773 77 357
86 765 79 355
85 744 79 359
86 766 80 354
84 748 79 358
91 805 79 354
91 778 80 354
90 809 77 356
89 789 80 353
85 764 77 362
84 749 79 361
87 776 78 356
85 767 80 356
88 785 77 357
84 750 79 359
85 763 78 358
85 760 79 357
86 768 79 355
86 754 79 358
86 775 77 358
86 774 77 361
94 814 77 356
89 796 80 353
86 776 77 358
85 753 79 360
87 771 78 358
86 761 80 357
88 789 79 355
89 780 78 356
89 776 79 355
85 757 79 359
87 776 79 357
97 857 77 357
93 835 80 353
91 769 79 362
90 757 80 360
87 781 77 358
85 761 83 360
89 794 79 355
87 774 79 359
86 767 80 362
87 781 79 357
87 775 80 357
104 866 77 358
96 794 80 356
90 808 79 355
88 794 77 365
88 784 80 360
93 804 79 355
88 790 78 358
88 789 79 358
88 795 77 359
89 799 79 356
89 785 79 358
97 790 79 359
91 811 79 355
90 812 78 358
90 788 80 367
89 798 78 362
88 791 79 359
89 803 80 356
90 796 79 358
89 799 79 357
90 802 79 356
90 802 79 356
92 819 79 355
90 803 79 358
89 792 79 359
96 843 79 355
93 831 79 356
89 798 79 362
97 832 79 356
96 858 79 357
93 838 79 364
89 809 86 365
90 817 80 362
95 840 80 357
93 846 79 360
94 847 80 357
100 880 79 356
100 840 80 356
97 844 79 358
93 842 86 367
96 865 83 366
98 872 85 365
102 919 87 367
