34586 900.234
96 857 78 488
95 879 75 494
96 880 70 507
103 924 75 490
93 862 78 507
97 862 71 504
97 865 71 502
94 864 78 492
101 930 78 485
106 964 78 484
105 946 74 494
102 924 72 498
102 946 80 483
97 866 70 510
95 886 74 503
99 906 70 506
101 920 71 501
116 960 75 489
96 869 74 500
112 1022 71 500
108 1021 77 488
117 1100 73 495
96 881 80 487
115 1043 70 505
98 887 74 497
123 1102 69 526
96 855 78 495
116 1039 69 528
113 1037 69 529
121 1074 77 487
95 852 78 504
98 906 76 493
103 929 74 496
99 871 75 499
99 901 73 500
103 916 72 499
97 886 74 498
98 908 77 492
100 919 73 499
101 924 75 493
99 888 73 501
97 876 70 507
115 1037 73 497
131 1110 74 493
113 1050 73 497
102 947 76 492
124 1150 74 493
114 1033 76 489
100 905 77 492
103 920 73 498
115 1049 75 489
95 860 78 495
98 897 81 483
95 877 77 503
111 974 81 482
129 1148 81 481
138 1166 81 480
127 1183 68 533
95 848 78 508
95 848 78 508
103 921 76 493
109 1020 75 490
111 1004 74 507
156 1438 107 565
167 1562 96 551
143 1339 100 554
139 1281 84 546
170 1566 92 589
146 1356 90 543
151 1418 81 544
140 1328 92 551
164 1525 92 579
189 1665 97 566
140 1300 92 539
141 1271 86 577
157 1453 93 533
162 1552 108 566
164 1477 117 543
156 1437 100 576
145 1304 101 554
130 1206 78 511
167 1490 79 547
176 1649 93 570
176 1615 98 564
178 1668 92 564
134 1261 91 535
138 1291 101 567
160 1505 109 564
165 1548 83 560
147 1361 88 574
137 1251 86 526
141 1317 100 551
150 1437 90 571
158 1456 80 556
177 1631 108 592
138 1320 95 543
139 1312 93 556
164 1493 115 564
150 1378 92 553
162 1498 85 546
142 1350 83 546
158 1428 89 576
141 1280 100 540
170 1464 96 585
162 1480 91 550
132 1190 94 542
160 1424 77 526
152 1413 83 538
147 1386 92 549
164 1441 92 543
168 1529 87 557
151 1427 93 548
152 1426 84 553
147 1307 91 534
166 1545 92 552
142 1354 90 539
153 1400 95 572
154 1406 84 552
171 1531 92 563
139 1278 86 526
146 1325 101 561
154 1420 93 558
153 1454 109 574
145 1335 85 547
127 1166 83 536
155 1443 90 555
170 1594 86 563
138 1324 94 561
147 1366 85 521
142 1294 92 543
161 1493 89 535
140 1315 91 534
147 1392 86 569
141 1279 95 549
171 1522 86 544
169 1581 90 537
142 1289 106 556
180 1604 88 571
146 1306 96 587
141 1288 104 553
131 1204 85 561
164 1500 83 546
148 1362 85 545
154 1439 95 566
152 1426 78 536
160 1487 84 543
189 1744 102 547
157 1405 100 546
177 1578 103 591
188 1717 93 573
151 1378 97 552
135 1211 90 565
150 1402 87 575
165 1558 93 552
190 1801 95 561
143 1355 85 557
142 1347 100 556
150 1394 92 549
154 1433 89 528
166 1555 108 553
183 1664 94 531
148 1369 92 563
147 1297 89 542
151 1414 101 567
186 1690 91 545
165 1494 93 547
132 1233 91 556
190 1792 109 581
158 1469 94 555
151 1285 101 545
147 1305 102 544
166 1529 92 550
153 1416 99 556
159 1421 78 538
148 1318 96 559
166 1576 94 558
154 1416 99 562
153 1366 88 570
132 1211 85 532
169 1562 88 557
158 1378 86 548
185 1688 81 559
158 1468 86 566
168 1497 89 566
168 1597 100 569
143 1282 97 546
152 1381 104 559
151 1399 92 536
160 1489 108 565
143 1315 78 544
151 1372 91 560
200 1737 136 575
139 1214 95 575
137 1240 85 559
173 1617 94 567
178 1615 108 594
178 1645 96 592
156 1402 83 565
160 1481 98 534
145 1370 92 548
157 1463 78 525
150 1405 88 551
168 1442 94 532
135 1280 116 567
168 1582 92 570
142 1319 78 543
133 1219 91 563
161 1550 102 577
158 1487 89 569
189 1688 87 572
160 1507 94 565
146 1367 81 541
162 1452 92 552
168 1582 85 547
130 1191 82 527
141 1265 85 553
153 1458 93 542
155 1363 109 557
188 1760 85 551
163 1501 99 552
165 1535 83 538
166 1468 94 575
165 1521 99 581
147 1371 86 521
146 1368 93 536
137 1269 90 553
151 1407 86 533
162 1502 89 555
146 1358 99 531
183 1647 93 572
180 1585 100 571
155 1397 96 559
165 1532 94 566
160 1423 82 529
150 1429 103 566
151 1422 94 569
154 1473 100 568
151 1420 81 531
163 1525 92 567
140 1321 86 532
155 1393 92 538
181 1634 114 561
139 1336 90 543
158 1504 86 547
166 1480 102 564
156 1494 91 577
148 1365 93 558
149 1388 90 557
165 1449 112 545
136 1223 82 535
135 1226 101 536
151 1395 89 549
173 1643 95 578
154 1414 120 561
142 1336 83 549
186 1768 87 577
165 1537 102 556
148 1401 106 578
152 1448 109 569
154 1429 93 540
156 1461 93 572
177 1592 92 548
138 1259 89 539
139 1289 84 551
171 1596 86 546
167 1433 81 546
188 1700 94 561
156 1487 93 546
153 1373 79 517
152 1434 87 541
144 1352 90 533
156 1403 86 548
143 1319 83 582
183 1614 80 561
157 1421 94 569
126 1144 87 534
168 1602 101 570
131 1210 92 551
164 1553 97 567
166 1601 102 567
140 1286 94 563
162 1486 85 535
167 1474 86 523
134 1267 85 523
170 1555 94 539
149 1343 94 536
174 1624 95 564
163 1513 103 571
167 1485 92 540
153 1362 97 555
154 1424 85 553
161 1490 88 566
165 1515 95 597
162 1382 98 559
144 1317 92 529
134 1264 114 593
132 1219 84 536
145 1277 93 543
168 1511 99 545
158 1407 107 541
