45989 1260.36
94 857 68 462
99 882 63 479
96 855 68 468
101 871 65 472
97 885 66 469
95 864 68 461
104 947 70 458
99 911 66 463
100 912 67 462
98 902 65 467
101 942 69 459
103 923 63 476
97 886 68 460
98 890 66 464
101 884 64 472
109 994 74 457
111 991 61 484
102 942 72 458
100 910 64 470
99 910 70 459
112 998 62 479
98 909 64 471
103 955 64 469
106 968 63 474
98 881 67 464
113 1038 62 476
103 902 70 459
99 875 67 468
108 993 61 488
112 1022 61 483
110 942 63 474
113 1048 72 457
103 894 65 469
111 964 61 488
114 971 62 485
104 907 65 465
103 918 65 465
98 899 64 474
100 883 66 468
99 883 68 460
105 939 72 458
115 1052 76 456
103 900 67 463
108 998 64 467
101 900 64 471
111 979 64 467
116 1021 73 457
117 1063 64 466
118 1028 62 476
100 908 70 459
109 988 64 467
118 1076 71 457
116 996 62 481
104 929 61 489
98 884 70 460
100 906 64 473
120 1075 61 480
120 1090 77 455
99 899 66 464
104 914 65 466
101 887 66 468
98 897 68 468
106 970 66 463
126 1123 67 476
114 1040 75 480
116 1048 68 473
136 1276 83 486
116 1020 76 483
110 1013 76 471
116 1083 66 480
128 1173 68 470
129 1172 67 473
112 1024 71 472
113 1004 68 484
131 1183 84 491
123 1091 70 479
131 1159 75 492
133 1164 84 483
120 1100 68 473
105 968 75 480
114 1056 68 472
125 1111 71 490
121 1098 76 483
146 1281 83 492
120 1078 76 485
121 1029 76 479
119 1096 78 487
120 1042 76 485
121 1088 76 480
129 1148 75 476
128 1207 84 487
139 1183 70 493
141 1221 75 484
143 1290 70 483
135 1156 75 491
135 1165 67 474
117 1074 76 474
127 1131 76 483
118 1069 68 476
131 1184 83 492
112 962 67 472
122 1112 91 485
118 1073 91 485
123 1090 67 475
130 1168 91 481
107 994 66 474
132 1220 70 471
121 1096 91 495
137 1204 79 490
141 1294 84 495
126 1089 70 484
115 1027 75 483
115 1023 83 487
111 1001 84 497
115 1016 70 491
124 1089 89 479
131 1174 76 470
113 1050 71 479
115 1015 68 504
129 1196 68 505
137 1162 69 491
112 996 68 473
143 1223 76 487
114 989 83 484
109 982 68 478
132 1175 83 477
123 1055 68 484
126 1157 72 499
118 1091 75 477
131 1198 83 473
126 1131 92 497
122 1074 91 487
146 1198 75 502
105 963 68 475
115 1046 68 476
137 1196 76 495
111 998 76 484
146 1349 83 485
119 1080 76 465
130 1207 84 496
129 1144 83 492
118 1060 75 478
123 1074 73 494
115 1045 75 471
129 1158 69 475
127 1125 70 493
119 1045 79 486
120 1076 70 483
125 1101 76 482
128 1142 91 486
113 1046 76 482
135 1188 69 476
126 1113 71 483
129 1180 75 488
113 1026 68 480
123 1123 91 477
119 1080 71 478
130 1191 68 471
119 1055 68 493
128 1197 76 469
138 1136 75 490
138 1238 73 475
135 1232 71 484
127 1083 70 469
146 1285 91 483
131 1215 84 493
124 1118 76 501
125 1153 84 483
131 1130 65 486
118 1068 68 486
132 1194 75 477
118 1035 82 483
144 1241 91 506
128 1118 68 474
129 1077 65 482
136 1203 92 514
122 1110 83 480
116 1062 76 485
135 1210 68 486
129 1163 75 478
124 1110 70 474
136 1252 98 487
129 1124 76 477
120 1071 68 481
130 1162 76 483
131 1197 91 478
114 1040 70 464
127 1156 91 480
118 1078 71 479
124 1109 76 479
132 1184 68 496
131 1180 74 489
137 1216 76 483
140 1229 84 479
138 1250 76 484
121 1102 67 473
141 1170 75 503
114 1042 78 471
127 1149 81 482
152 1295 70 496
114 1015 84 495
137 1215 83 487
139 1177 63 494
105 982 68 474
112 992 76 481
118 1062 83 479
126 1161 75 475
133 1213 70 474
124 1101 68 473
117 1102 76 479
132 1148 68 477
116 1010 83 491
129 1154 73 480
136 1212 84 485
143 1315 75 499
113 1042 71 465
122 1071 73 475
108 984 83 484
124 1093 84 486
124 1073 83 479
121 1062 68 479
117 1051 76 478
112 984 68 467
118 1103 75 478
117 1052 83 479
126 1122 76 494
138 1236 85 500
117 1047 75 475
119 1039 83 476
129 1154 84 501
141 1284 81 470
114 1042 83 465
108 963 76 479
118 1052 73 481
123 1123 91 473
118 1098 83 478
125 1089 68 481
123 1103 91 489
142 1351 82 491
120 1103 84 488
124 1084 75 476
122 1133 76 476
128 1166 82 485
110 1011 83 476
118 1071 76 497
112 1005 70 490
134 1224 99 494
139 1236 75 504
119 1051 83 482
128 1168 76 483
136 1151 92 490
133 1175 75 467
122 1109 83 492
118 1102 83 478
118 1106 83 487
141 1274 91 482
133 1260 68 488
131 1153 75 483
122 1088 72 488
127 1118 68 488
120 1101 70 470
132 1104 76 505
115 1049 68 485
121 1066 71 483
142 1256 79 493
118 1060 82 489
129 1153 74 484
127 1145 84 478
125 1174 76 484
114 1010 67 477
139 1245 68 479
111 1036 83 480
121 1093 82 478
118 1051 68 485
134 1216 68 467
114 1017 71 478
129 1103 68 480
145 1340 83 490
132 1218 72 487
132 1098 69 482
123 1114 67 477
113 1036 74 474
128 1166 84 482
126 1161 75 487
115 1057 67 475
106 961 76 474
115 1011 68 478
128 1140 83 478
122 1094 76 505
141 1292 84 493
124 1093 66 479
123 1118 75 474
139 1280 91 490
130 1184 75 488
130 1145 89 488
151 1339 107 499
127 1158 92 485
118 1055 74 484
111 1010 70 470
127 1171 84 485
