15705 60.0202
135 1224 78 485
138 1266 76 503
121 1126 76 542
126 1117 107 563
131 1154 62 504
126 1117 107 563
157 1241 70 502
129 1104 97 506
143 1221 76 487
157 1241 70 502
126 1117 107 563
121 1126 76 542
131 1154 62 504
135 1186 88 501
130 1182 83 517
129 1157 71 520
157 1241 70 502
123 1130 92 541
135 1186 88 501
135 1186 88 501
138 1266 76 503
127 1112 84 516
138 1266 76 503
136 1145 80 519
157 1241 70 502
121 1126 76 542
132 1148 72 522
126 1117 107 563
135 1186 88 501
124 1131 84 514
128 1106 93 531
126 1121 82 524
135 1186 88 501
126 1121 82 524
135 1186 88 501
128 1106 93 531
126 1121 82 524
122 1124 96 534
135 1186 88 501
136 1116 92 515
128 1152 77 522
138 1266 76 503
122 1124 96 534
128 1106 93 531
136 1145 80 519
135 1224 78 485
127 1112 84 516
132 1148 72 522
130 1182 83 517
122 1124 96 534
129 1157 71 520
126 1121 82 524
143 1221 76 487
128 1152 77 522
128 1106 93 531
126 1117 107 563
136 1116 92 515
122 1124 96 534
135 1186 88 501
129 1157 71 520
128 1106 93 531
122 1124 96 534
135 1224 78 485
136 1145 80 519
127 1112 84 516
121 1126 76 542
126 1121 82 524
126 1117 107 563
127 1112 84 516
128 1152 77 522
124 1131 84 514
143 1221 76 487
136 1116 92 515
122 1124 96 534
122 1124 96 534
129 1157 71 520
126 1121 82 524
157 1241 70 502
136 1116 92 515
138 1266 76 503
130 1182 83 517
121 1126 76 542
129 1157 71 520
128 1106 93 531
126 1117 107 563
121 1126 76 542
136 1116 92 515
124 1131 84 514
143 1221 76 487
121 1126 76 542
122 1124 96 534
135 1224 78 485
136 1116 92 515
135 1186 88 501
126 1117 107 563
122 1124 96 534
143 1221 76 487
136 1116 92 515
128 1106 93 531
128 1152 77 522
136 1145 80 519
135 1186 88 501
129 1157 71 520
136 1145 80 519
135 1186 88 501
126 1121 82 524
130 1182 83 517
126 1117 107 563
136 1116 92 515
122 1124 96 534
136 1116 92 515
128 1106 93 531
127 1112 84 516
122 1124 96 534
124 1131 84 514
129 1157 71 520
124 1131 84 514
121 1126 76 542
126 1117 107 563
138 1266 76 503
121 1126 76 542
126 1117 107 563
128 1152 77 522
122 1124 96 534
121 1126 76 542
136 1116 92 515
121 1126 76 542
121 1126 76 542
122 1124 96 534
136 1145 80 519
126 1121 82 524
135 1186 88 501
131 1154 62 504
135 1186 88 501
135 1186 88 501
126 1117 107 563
138 1266 76 503
128 1106 93 531
121 1126 76 542
126 1121 82 524
135 1224 78 485
121 1126 76 542
128 1106 93 531
121 1126 76 542
157 1241 70 502
126 1117 107 563
126 1117 107 563
121 1126 76 542
126 1117 107 563
136 1145 80 519
136 1116 92 515
121 1126 76 542
138 1266 76 503
135 1186 88 501
121 1126 76 542
136 1116 92 515
138 1266 76 503
129 1157 71 520
122 1124 96 534
121 1126 76 542
136 1116 92 515
121 1126 76 542
130 1182 83 517
126 1117 107 563
126 1117 107 563
132 1148 72 522
129 1157 71 520
122 1124 96 534
136 1116 92 515
157 1241 70 502
132 1148 72 522
122 1124 96 534
136 1116 92 515
121 1126 76 542
136 1145 80 519
136 1116 92 515
126 1117 107 563
157 1241 70 502
122 1124 96 534
138 1266 76 503
122 1124 96 534
121 1126 76 542
121 1126 76 542
126 1117 107 563
121 1126 76 542
126 1121 82 524
128 1106 93 531
121 1126 76 542
135 1186 88 501
121 1126 76 542
135 1186 88 501
122 1124 96 534
121 1126 76 542
138 1266 76 503
127 1112 84 516
122 1124 96 534
124 1131 84 514
129 1157 71 520
124 1131 84 514
121 1126 76 542
126 1117 107 563
138 1266 76 503
121 1126 76 542
126 1117 107 563
128 1152 77 522
122 1124 96 534
136 1116 92 515
122 1124 96 534
121 1126 76 542
121 1126 76 542
122 1124 96 534
136 1145 80 519
126 1121 82 524
135 1186 88 501
131 1154 62 504
135 1186 88 501
135 1186 88 501
126 1117 107 563
131 1154 62 504
136 1116 92 515
136 1116 92 515
126 1117 107 563
121 1126 76 542
136 1116 92 515
124 1131 84 514
143 1221 76 487
121 1126 76 542
122 1124 96 534
135 1224 78 485
136 1116 92 515
135 1186 88 501
126 1117 107 563
122 1124 96 534
121 1126 76 542
126 1121 82 524
128 1106 93 531
128 1152 77 522
136 1145 80 519
123 1130 92 541
129 1157 71 520
136 1145 80 519
135 1186 88 501
126 1121 82 524
130 1182 83 517
126 1117 107 563
136 1116 92 515
122 1124 96 534
131 1154 62 504
143 1221 76 487
122 1124 96 534
136 1116 92 515
157 1241 70 502
132 1148 72 522
122 1124 96 534
136 1116 92 515
127 1112 84 516
136 1145 80 519
136 1116 92 515
126 1117 107 563
157 1241 70 502
122 1124 96 534
132 1148 72 522
122 1124 96 534
121 1126 76 542
121 1126 76 542
126 1117 107 563
122 1124 96 534
126 1121 82 524
136 1116 92 515
121 1126 76 542
135 1186 88 501
128 1106 93 531
135 1186 88 501
143 1221 76 487
138 1266 76 503
126 1121 82 524
135 1224 78 485
121 1126 76 542
128 1106 93 531
121 1126 76 542
157 1241 70 502
126 1117 107 563
126 1117 107 563
128 1106 93 531
126 1117 107 563
135 1186 88 501
136 1116 92 515
121 1126 76 542
128 1106 93 531
135 1186 88 501
121 1126 76 542
136 1116 92 515
138 1266 76 503
129 1157 71 520
126 1121 82 524
121 1126 76 542
136 1116 92 515
121 1126 76 542
157 1241 70 502
126 1117 107 563
