19858 360.086
96 892 61 389
94 846 91 341
92 864 91 341
92 856 60 396
92 856 60 396
78 676 71 363
76 687 70 363
90 831 63 376
96 892 61 389
93 866 66 368
91 834 90 342
91 834 90 342
89 781 64 375
90 821 88 343
88 819 62 387
92 860 61 393
85 791 65 370
77 706 72 361
86 803 63 382
79 718 68 367
94 846 91 341
77 681 71 363
88 819 62 387
90 819 64 372
92 812 85 345
79 700 76 359
86 803 63 382
90 819 64 372
84 770 83 349
88 811 87 344
80 702 68 365
86 803 85 346
77 697 69 365
78 712 69 364
83 732 77 355
89 807 84 346
92 860 61 393
89 806 83 347
85 791 65 370
85 787 82 348
84 762 82 350
84 784 81 350
88 781 81 349
86 774 81 350
81 699 74 360
80 691 72 361
86 794 63 388
85 764 79 351
82 726 75 356
93 866 66 368
92 864 91 341
89 832 88 343
87 766 81 350
85 764 79 351
83 777 79 352
81 760 78 354
89 832 88 343
86 785 85 347
85 778 84 348
84 733 73 358
83 737 71 361
83 734 66 369
82 748 80 352
82 705 69 364
82 704 67 367
79 733 77 356
76 705 73 362
92 812 85 345
87 818 85 345
82 758 78 353
80 731 75 357
88 781 81 349
83 747 77 354
81 731 79 355
80 726 70 362
78 705 75 358
84 733 73 358
82 697 74 360
80 676 74 361
79 733 77 356
76 705 73 362
83 749 78 353
80 709 73 359
82 739 76 355
80 720 78 356
79 730 67 367
78 686 74 361
87 796 85 346
89 802 87 345
83 747 81 352
82 748 80 352
87 766 81 350
82 720 74 358
89 781 64 375
80 685 68 368
78 712 69 364
89 802 87 345
79 721 74 358
87 818 85 345
86 794 63 388
84 758 79 352
82 697 74 360
81 760 78 354
81 757 79 353
78 704 72 360
80 726 70 362
80 676 74 361
88 811 87 344
84 738 79 353
83 757 81 351
83 734 66 369
82 720 76 357
79 730 76 357
88 811 83 347
84 773 79 351
82 751 77 354
81 753 76 355
81 741 78 355
80 691 72 361
76 687 70 363
78 705 74 359
78 676 71 363
86 792 84 347
85 778 84 348
85 776 81 350
83 745 73 358
82 735 78 354
81 744 76 356
90 821 88 343
89 814 85 345
89 814 85 345
88 816 84 346
88 816 84 346
86 785 85 347
85 787 81 349
83 747 77 354
83 737 71 361
82 755 73 358
82 755 73 358
81 728 76 357
81 728 76 357
79 701 72 361
78 683 71 362
78 683 71 362
77 681 71 363
84 738 79 353
82 740 71 361
82 740 71 361
81 744 76 356
81 731 79 355
102 924 72 360
95 867 84 347
84 762 70 363
83 719 74 360
96 866 81 350
94 840 71 362
92 844 77 354
88 830 81 352
93 821 79 352
84 764 79 355
86 747 75 359
87 811 75 356
83 768 75 359
89 816 73 359
92 843 78 353
88 795 74 358
86 789 76 357
92 822 72 361
90 832 72 361
87 785 75 357
90 835 79 352
88 787 79 354
86 805 75 357
87 791 73 360
86 792 74 359
100 915 84 348
98 889 85 351
88 784 70 363
85 782 72 368
85 743 74 360
84 768 75 360
94 861 79 352
93 832 72 361
100 906 81 350
92 853 78 353
90 809 82 355
85 786 81 358
89 816 76 356
87 802 71 367
99 890 74 358
87 792 75 357
87 803 72 365
93 871 74 359
90 819 79 355
94 850 74 359
94 850 77 354
91 817 79 354
90 816 75 356
109 996 77 354
94 879 79 352
92 829 82 354
90 834 71 364
88 784 72 368
87 807 77 357
98 888 75 356
97 900 76 356
95 818 81 354
90 814 73 363
91 847 79 355
89 799 75 362
94 852 72 361
92 821 72 365
89 820 76 358
91 840 78 356
93 836 74 360
92 792 77 359
88 802 74 361
94 872 78 354
90 801 75 357
93 852 79 354
93 831 77 356
113 1033 78 355
98 894 84 353
96 903 82 352
92 819 73 364
91 834 72 364
90 805 74 362
89 817 79 358
99 904 76 356
95 865 79 354
90 810 82 357
90 811 77 359
96 874 74 360
98 893 72 361
94 843 75 357
91 823 78 358
92 819 75 361
91 830 76 360
93 850 79 355
93 860 78 356
96 890 77 356
94 866 79 354
91 839 79 357
95 835 79 356
104 943 83 353
98 906 72 363
91 809 74 364
90 810 82 359
98 912 77 356
95 868 79 354
90 816 79 359
92 857 77 362
97 861 79 356
95 840 79 358
94 855 82 356
93 822 74 362
95 849 75 357
94 819 74 363
92 815 83 357
95 844 76 357
97 810 79 363
93 847 79 357
94 853 77 357
102 942 73 369
96 878 80 354
94 853 81 357
91 817 76 369
91 829 81 361
99 905 75 357
100 871 77 357
93 868 74 363
97 841 74 363
94 856 75 364
96 880 79 355
95 858 80 359
96 897 77 357
98 902 75 361
95 864 78 359
94 863 78 363
95 879 80 355
110 958 75 361
101 902 81 354
96 876 74 363
93 853 81 361
100 887 78 357
100 878 79 359
96 884 79 356
100 855 81 358
99 893 79 355
101 881 81 355
113 1009 82 354
103 919 74 365
99 906 83 370
98 918 81 372
104 949 79 355
102 933 76 364
101 911 82 355
103 939 79 364
103 913 88 359
112 962 79 371
