80 2.11068
136 1239 82 573
130 1208 94 590
131 1235 85 584
139 1228 94 568
148 1366 94 558
160 1461 92 553
135 1269 106 566
158 1444 80 577
154 1335 89 563
144 1305 111 561
142 1256 105 565
134 1259 86 581
151 1379 88 564
156 1417 86 567
149 1384 87 569
155 1434 81 596
171 1577 82 559
167 1449 97 557
133 1260 117 565
138 1214 91 619
172 1595 109 550
146 1345 83 577
132 1231 95 603
152 1412 89 565
174 1609 99 554
135 1273 97 581
133 1243 100 590
140 1310 87 578
158 1448 94 563
143 1268 92 583
149 1400 95 565
168 1522 82 605
159 1356 97 568
157 1423 87 571
145 1300 90 576
142 1291 87 579
150 1318 85 580
164 1457 84 575
144 1282 87 594
138 1280 93 591
141 1295 100 576
173 1618 87 566
168 1533 102 562
144 1334 86 588
147 1357 103 573
156 1370 94 573
139 1279 92 602
137 1239 106 595
158 1345 106 571
175 1628 98 562
155 1401 90 574
149 1353 107 571
149 1398 94 574
157 1405 93 568
146 1326 86 591
159 1408 92 569
141 1283 94 588
172 1512 80 621
144 1305 91 578
173 1497 110 562
203 1768 84 567
149 1380 84 586
156 1443 92 567
160 1475 92 594
163 1478 89 586
160 1482 87 603
175 1627 93 616
172 1618 103 602
177 1638 108 609
200 1820 104 591
170 1580 96 584
168 1534 109 595
162 1460 89 587
179 1617 117 629
170 1554 93 589
194 1780 88 580
186 1632 96 600
154 1379 93 594
170 1534 115 634
167 1511 94 577
159 1484 83 570
188 1683 116 579
163 1503 86 569
225 2016 126 615
164 1501 107 614
186 1695 103 603
160 1446 90 604
164 1531 94 591
172 1631 93 602
181 1643 101 626
179 1698 97 605
150 1401 79 569
173 1598 95 598
182 1655 100 593
183 1644 92 591
167 1526 90 584
202 1822 91 657
163 1539 86 606
171 1596 93 616
182 1569 107 595
173 1560 94 599
174 1615 90 579
194 1714 100 593
188 1647 93 615
186 1689 98 592
203 1870 85 587
147 1341 93 594
190 1755 103 573
170 1558 96 593
169 1507 108 629
161 1461 108 616
181 1588 102 601
176 1640 110 598
173 1607 94 596
153 1346 80 565
176 1615 107 631
170 1535 91 590
192 1691 107 559
188 1725 108 612
186 1778 84 608
192 1730 100 562
190 1702 101 618
189 1755 95 606
152 1409 94 578
163 1541 107 640
157 1470 97 599
153 1425 101 599
173 1619 89 624
170 1563 115 616
181 1685 108 596
190 1784 104 627
170 1555 86 593
177 1586 96 613
182 1633 87 596
146 1374 91 577
191 1728 87 607
184 1646 92 642
182 1627 117 611
152 1416 98 606
184 1761 99 619
184 1704 96 585
172 1594 98 602
177 1557 102 595
208 1836 111 597
172 1507 102 598
194 1721 89 597
149 1428 84 572
178 1676 109 602
186 1657 114 630
176 1576 93 594
225 2080 101 618
180 1621 102 585
174 1594 85 598
160 1492 109 597
172 1529 102 606
176 1582 115 615
194 1800 104 610
170 1529 93 583
177 1524 91 612
183 1540 94 602
182 1656 102 599
187 1801 83 626
170 1449 101 596
174 1620 103 633
155 1431 84 581
150 1341 89 600
180 1620 84 591
176 1625 113 605
183 1698 93 604
154 1362 93 599
159 1458 94 582
186 1730 87 590
167 1486 97 598
190 1737 124 648
159 1475 90 593
178 1689 84 585
187 1687 94 608
178 1615 138 633
176 1605 108 603
166 1485 100 601
187 1767 115 620
173 1579 95 589
174 1620 95 607
183 1681 93 615
174 1589 100 597
172 1614 104 613
165 1465 94 621
204 1863 109 597
185 1721 92 626
186 1669 101 595
162 1521 109 623
200 1866 95 611
163 1503 85 572
165 1530 100 604
174 1683 91 626
177 1655 87 615
183 1596 93 597
182 1638 93 617
177 1634 107 619
184 1695 94 618
180 1573 89 590
207 1875 102 599
185 1667 97 602
183 1606 98 593
158 1405 87 593
203 1823 97 575
173 1608 87 600
174 1535 109 628
159 1439 88 577
172 1551 87 622
158 1478 94 605
169 1518 103 590
171 1642 115 623
184 1687 109 639
186 1708 97 614
153 1327 94 608
162 1447 99 597
204 1868 114 646
177 1584 87 589
160 1523 96 627
193 1773 108 586
164 1419 94 573
171 1532 95 583
151 1362 99 623
193 1818 105 605
153 1449 89 594
175 1604 98 612
168 1533 111 583
180 1600 102 633
163 1446 95 585
174 1605 104 605
211 1921 89 595
193 1755 93 598
161 1538 103 612
196 1729 100 598
179 1628 110 592
189 1786 97 609
173 1641 109 635
176 1592 104 585
175 1588 101 627
190 1744 108 611
180 1556 102 605
162 1450 101 590
171 1588 96 624
162 1554 102 579
150 1379 100 602
161 1530 110 612
163 1498 87 585
173 1615 116 624
174 1637 100 598
172 1525 85 609
148 1394 82 570
193 1664 105 641
191 1683 97 599
179 1602 97 621
168 1504 108 611
167 1563 102 591
180 1563 94 613
173 1548 131 597
173 1603 93 602
177 1571 99 609
165 1459 101 613
214 1918 109 607
179 1617 98 592
186 1701 101 623
170 1579 97 586
187 1778 99 608
183 1617 102 614
159 1478 114 616
186 1669 104 606
185 1650 115 619
200 1881 109 625
158 1455 99 615
207 1896 108 630
200 1810 102 607
168 1542 102 584
176 1606 83 612
178 1619 107 630
173 1546 95 568
190 1724 90 623
176 1485 100 609
178 1690 88 581
166 1486 85 597
198 1755 92 620
188 1696 97 602
195 1823 95 635
170 1555 94 586
161 1475 89 598
170 1495 87 587
164 1460 99 569
168 1571 94 590
164 1534 94 605
151 1427 102 621
177 1546 108 592
162 1484 85 595
205 1927 100 589
177 1643 78 584
168 1601 97 585
164 1571 78 584
170 1593 107 600
