225 9.76754
132 1118 69 367
113 1003 80 350
107 993 88 352
91 778 54 422
91 778 54 422
81 741 62 400
121 1104 76 358
132 1118 69 367
119 1076 79 353
85 773 60 407
86 761 57 420
99 909 55 417
109 1036 86 351
81 741 62 400
87 798 59 410
110 974 84 351
92 874 65 387
116 1019 73 359
121 1104 76 358
97 848 57 412
120 1062 71 364
109 963 65 373
112 1035 82 352
96 838 59 408
92 811 56 415
115 1024 74 360
91 801 64 390
120 1062 71 364
90 809 76 372
87 769 61 403
98 884 84 355
87 786 72 377
93 833 67 384
100 957 86 354
97 890 61 395
94 787 71 375
112 988 72 363
109 995 64 378
100 852 54 421
99 890 75 361
87 769 61 403
88 810 69 378
92 811 56 415
102 920 73 363
87 803 70 375
106 1023 80 353
106 933 88 354
107 968 60 389
97 848 57 412
97 881 79 356
106 899 75 360
100 913 70 366
90 818 68 373
87 807 63 395
103 921 77 357
104 932 78 356
101 886 63 381
98 858 66 376
95 814 68 380
105 931 74 362
110 954 61 391
106 961 67 372
101 878 62 383
91 792 66 392
106 1012 88 353
103 926 79 355
89 790 70 388
110 954 61 391
104 944 71 365
108 985 77 354
89 839 77 360
88 819 74 364
108 989 73 361
97 900 71 366
96 913 60 402
93 844 70 367
97 855 66 384
96 861 66 382
115 1024 74 360
101 917 82 355
99 926 81 355
98 815 68 378
92 814 73 372
101 877 60 394
98 879 60 401
93 838 66 386
98 895 72 366
100 848 67 381
107 994 81 353
104 932 78 356
93 810 63 392
111 1016 72 363
107 940 65 380
100 957 86 354
101 903 69 368
112 1035 82 352
108 985 77 354
94 822 67 383
92 844 70 370
116 1019 73 359
111 1016 72 363
108 936 72 365
107 1000 72 364
101 917 82 355
90 819 72 372
107 968 60 389
95 835 77 362
101 841 60 402
94 850 67 373
89 839 77 360
87 807 63 395
108 936 72 365
107 993 88 352
107 940 65 380
105 961 60 391
97 898 66 376
95 885 73 365
106 956 77 356
101 903 69 368
96 892 68 369
94 822 67 383
93 843 67 382
105 961 60 391
99 926 81 355
98 815 68 378
93 810 63 392
88 819 74 364
101 841 60 402
98 850 63 382
97 888 63 386
96 892 68 369
109 1036 86 351
101 877 60 394
100 922 75 359
95 885 73 365
92 844 70 370
92 815 64 388
91 792 66 392
107 1000 72 364
104 944 71 365
100 922 75 359
87 803 70 375
109 986 86 353
106 933 88 354
98 858 66 376
100 848 67 381
97 888 63 386
109 995 64 378
108 989 73 361
107 994 81 353
108 936 72 365
107 993 88 352
107 968 60 389
103 926 79 355
100 957 86 354
98 858 66 376
98 850 63 382
89 839 77 360
88 819 74 364
131 1190 79 354
124 1161 84 350
124 1161 84 350
108 976 63 383
99 865 70 373
96 877 74 380
118 1120 82 352
117 1054 72 363
111 985 71 365
114 1034 69 368
112 1010 65 381
122 1079 74 362
96 878 67 376
124 1133 74 361
101 908 79 359
103 929 75 370
114 1065 82 353
113 1031 77 355
118 1070 76 361
105 932 75 363
111 1008 68 372
120 1068 80 351
109 1014 72 365
100 892 67 373
104 965 77 357
98 892 72 374
109 973 66 374
111 1009 84 353
101 912 79 357
120 1068 80 351
107 941 74 363
113 1033 70 371
97 907 67 375
103 952 74 371
103 966 75 362
104 972 70 372
107 970 77 356
97 907 67 375
107 970 77 356
107 970 77 356
129 1206 74 361
125 1179 84 352
122 1115 63 387
105 915 71 378
102 927 79 357
121 1074 84 354
109 1000 82 356
114 1053 71 369
110 956 68 384
104 958 67 379
127 1196 75 361
117 1016 72 372
112 1026 66 375
102 927 79 357
119 1032 69 372
109 986 77 359
118 1063 73 363
103 947 73 378
111 991 72 373
112 1057 72 367
109 986 74 365
107 977 70 375
109 995 76 364
106 993 70 374
105 963 71 376
115 998 73 365
106 951 75 366
110 999 69 378
110 967 70 378
110 977 74 366
125 1088 74 363
121 1111 66 386
113 1007 68 393
110 1001 86 356
104 930 82 360
106 961 69 385
117 1047 67 388
104 958 71 379
118 1095 81 358
116 1074 84 356
110 987 75 367
115 1057 68 379
106 997 77 369
109 982 81 375
120 1049 73 365
108 1039 84 358
109 1008 71 376
105 983 80 359
111 1029 78 363
116 1036 70 374
108 987 79 371
110 1029 74 365
112 1061 73 373
115 1019 77 363
112 1065 77 364
116 1064 77 361
112 1020 70 379
106 985 72 376
106 996 79 363
109 990 79 359
116 1050 73 370
138 1174 66 403
111 996 79 359
109 990 72 379
108 1009 80 364
127 1099 73 375
124 1116 73 365
120 1062 70 377
116 1083 77 362
118 1095 74 367
111 1021 71 376
115 1043 74 373
116 1069 75 365
109 1015 79 363
123 1090 70 376
115 1045 74 372
108 1018 72 376
121 1121 75 369
120 1114 70 379
114 1081 80 359
113 1040 86 360
111 1020 79 367
110 1023 72 384
115 1057 78 379
111 1075 82 366
120 1084 77 362
118 1055 79 359
119 1055 78 383
133 1169 80 361
129 1181 80 359
119 1092 73 387
117 1067 79 367
116 1101 83 373
123 1127 74 379
132 1166 77 373
121 1144 82 360
124 1129 81 364
127 1095 81 366
127 1139 82 362
127 1198 79 367
123 1087 84 376
128 1178 75 357
114 1024 82 349
105 936 86 358
91 778 54 422
91 778 54 422
81 741 62 400
85 773 60 407
86 761 57 420
114 1024 82 349
102 946 86 358
93 833 67 384
99 909 55 417
96 838 59 408
81 741 62 400
126 1168 74 359
101 966 60 390
121 1155 69 367
120 1099 58 411
94 823 73 370
87 769 61 403
91 792 66 392
90 809 76 372
123 1134 77 356
87 798 59 410
97 863 63 380
100 852 54 421
94 859 60 400
97 890 61 395
119 1110 63 376
108 1005 60 387
124 1121 81 352
120 1099 58 411
123 1107 70 365
103 961 56 412
113 1036 73 361
87 803 70 375
102 846 60 399
93 856 75 367
111 1031 78 356
125 1151 70 364
124 1121 81 352
90 845 65 394
118 1051 66 371
118 1077 77 357
117 1074 67 369
117 1063 66 371
113 1076 71 363
107 995 79 356
106 1030 55 414
92 811 56 415
88 810 69 378
102 914 61 378
91 837 64 380
92 854 60 404
109 995 82 353
101 925 74 363
107 994 71 365
111 1031 78 356
87 786 72 377
109 998 72 362
128 1178 75 357
106 1030 55 414
92 811 56 415
87 807 63 395
126 1148 68 368
89 790 70 388
126 1148 68 368
118 1027 79 354
115 1025 80 353
100 918 81 359
118 1077 77 357
96 891 68 374
115 1072 69 368
112 1016 68 369
103 929 70 368
98 882 65 372
109 1023 69 369
124 1172 68 368
98 908 70 369
89 790 70 388
119 1110 63 376
104 954 73 365
97 848 57 412
118 1027 79 354
99 882 62 387
97 848 57 412
105 936 86 358
100 918 61 386
118 1051 66 371
115 1025 80 353
113 1036 73 361
105 961 72 364
100 938 75 361
96 877 70 372
97 884 62 384
101 884 71 368
100 938 64 373
100 880 62 394
121 1155 69 367
108 1005 60 387
107 952 73 364
123 1134 77 356
102 920 60 394
105 960 60 390
125 1151 70 364
115 1019 63 377
112 1016 68 369
103 955 74 362
98 882 65 372
96 893 72 368
87 807 63 395
103 943 75 360
91 837 64 380
90 845 65 394
88 810 69 378
115 1019 63 377
109 1001 79 355
102 895 74 364
101 948 75 358
87 769 61 403
104 880 66 373
101 877 73 368
117 1063 66 371
115 1072 69 368
109 1001 79 355
101 903 75 361
104 880 66 373
103 945 67 370
102 846 60 399
101 944 70 366
100 938 64 373
100 897 75 366
98 905 70 371
92 854 60 404
103 943 75 360
96 893 72 368
96 891 68 374
101 884 71 368
100 897 75 366
100 938 75 361
100 918 61 386
105 960 60 390
102 914 61 378
109 1023 69 369
87 786 72 377
109 995 82 353
101 877 73 368
100 880 62 394
98 905 70 371
94 859 60 400
117 1074 67 369
113 1076 71 363
105 950 72 365
105 950 72 365
99 892 68 370
107 994 71 365
103 961 56 412
126 1148 68 368
125 1151 70 364
121 1155 69 367
117 1074 67 369
117 1063 66 371
109 1023 69 369
107 994 71 365
106 1030 55 414
103 943 75 360
98 882 65 372
126 1058 65 378
122 1063 60 387
120 1123 66 375
108 996 79 356
108 996 79 356
107 985 61 404
97 875 63 396
96 893 67 391
118 1100 66 378
104 957 69 373
112 1013 61 397
114 1044 63 381
110 983 74 365
106 932 77 361
103 964 72 369
120 1083 67 378
109 1004 72 362
116 1028 63 380
108 981 75 359
112 986 71 366
103 913 70 374
101 915 75 363
112 1038 68 375
106 997 64 380
108 946 70 367
102 934 77 362
106 973 68 379
101 915 75 363
112 1027 70 366
102 934 77 362
108 996 79 356
102 934 77 362
129 1165 71 366
127 1166 72 365
124 1097 79 356
110 940 78 374
109 994 62 404
108 992 80 359
104 965 72 378
107 980 64 397
124 1135 68 375
115 1087 63 386
118 1075 75 360
107 1010 78 363
117 1106 71 369
121 1025 70 371
106 992 69 403
108 1009 67 386
120 1032 64 381
111 1019 75 365
116 1021 73 362
115 1051 63 400
109 1024 65 383
114 1034 71 370
113 1059 70 373
106 1008 68 380
107 990 70 383
118 1092 64 381
115 999 68 384
112 1042 68 376
110 1026 73 362
109 996 73 376
109 1002 72 367
112 1053 64 383
112 991 70 379
111 1000 73 373
109 1000 72 376
135 1209 77 363
131 1223 76 361
125 1121 79 357
113 1001 81 383
111 1006 63 404
107 993 66 398
131 1208 74 364
123 1148 64 394
123 1037 65 390
121 1096 67 381
134 1220 73 363
123 1137 75 366
114 1073 69 376
117 1087 71 370
108 1015 68 393
111 1056 69 381
124 1001 72 376
116 1055 71 372
114 1046 80 359
118 1030 67 392
118 1062 77 364
113 1019 72 367
109 1028 76 369
110 1028 70 382
107 1041 77 382
109 1016 80 368
123 1070 70 371
123 1048 70 372
135 1265 79 358
122 1102 68 382
120 1111 82 362
111 1027 71 403
109 1032 70 395
128 1192 75 366
125 1147 71 371
113 1060 74 388
116 1047 76 380
124 1071 72 384
123 1118 69 380
110 1039 82 383
118 1088 70 391
116 1089 73 377
118 1054 73 371
117 1089 73 367
117 1047 75 367
137 1264 71 372
131 1233 69 382
130 1220 82 366
127 1067 81 380
116 1083 76 393
124 1111 77 370
118 1091 74 385
129 1144 70 381
120 1136 75 367
117 1076 75 375
117 1069 81 367
128 1125 74 370
126 1094 74 382
131 1156 74 375
129 1126 75 372
125 1171 75 374
119 1102 83 373
117 1088 77 381
128 1172 78 376
126 1198 75 390
136 1239 75 393
124 1135 58 403
123 1172 58 401
117 1049 82 355
105 936 86 358
91 778 54 422
91 778 54 422
81 741 62 400
85 773 60 407
90 809 76 372
102 946 86 358
81 741 62 400
123 1099 65 372
114 1033 79 358
114 1033 79 358
110 970 73 364
86 761 57 420
101 927 68 371
91 792 66 392
124 1135 56 409
121 1095 57 411
98 912 75 360
119 1069 54 413
87 769 61 403
120 1085 63 376
92 819 64 390
103 930 84 359
112 962 61 383
123 1172 58 401
93 856 75 367
102 878 71 373
109 1022 66 372
103 930 84 359
114 986 68 369
113 1014 70 367
104 962 60 384
108 928 64 375
95 879 68 381
93 833 67 384
94 869 60 389
111 989 63 377
90 837 63 388
112 1015 71 365
103 943 73 367
88 803 55 419
106 948 67 374
114 1046 72 364
113 1056 68 369
87 798 59 410
91 828 61 396
90 786 62 398
88 785 61 399
121 1040 62 380
116 1016 72 364
100 852 54 421
91 826 63 394
116 984 63 378
123 1052 59 398
112 980 69 368
87 805 58 413
87 803 70 375
123 1052 59 398
119 1069 54 413
86 769 56 416
86 769 56 416
99 903 58 404
121 1047 74 363
87 807 63 395
89 790 70 388
94 832 55 412
92 874 65 387
88 810 69 378
87 786 72 377
111 1007 54 414
99 860 63 385
94 832 55 412
89 834 62 396
85 782 60 400
121 1047 74 363
124 1135 56 409
106 959 68 370
121 1040 62 380
118 1038 62 382
95 898 66 381
87 807 63 395
109 970 69 369
104 951 63 383
117 1011 67 372
107 943 72 368
103 887 66 376
96 869 58 408
105 936 86 358
90 816 59 405
99 860 63 385
120 1085 63 376
118 1038 62 382
116 1080 62 382
103 912 74 367
90 828 55 418
86 766 60 411
117 1011 67 372
92 874 65 387
114 1003 72 366
103 912 74 367
104 893 70 369
89 823 59 409
104 882 63 384
100 901 66 375
97 909 69 370
97 891 66 378
97 909 69 370
92 811 56 415
108 1004 59 401
107 1005 74 365
96 873 67 382
90 816 59 405
86 761 57 420
85 773 60 407
98 854 66 379
96 883 61 384
92 799 58 410
88 810 69 378
116 1080 62 382
99 883 60 386
96 869 58 408
95 887 66 386
92 799 58 410
85 781 60 401
121 1095 57 411
112 980 69 368
109 988 65 373
98 912 75 360
97 900 54 421
95 880 68 379
116 984 63 378
111 1007 54 414
104 929 73 366
99 903 58 404
98 854 66 379
93 853 62 387
90 791 58 415
106 959 68 370
114 1003 72 366
107 1005 74 365
100 852 54 421
90 828 55 418
109 1022 66 372
95 898 66 381
100 890 64 378
107 943 72 368
103 887 66 376
90 837 63 388
116 1016 72 364
112 1015 71 365
109 970 69 369
107 1005 74 365
103 912 74 367
99 883 60 386
97 909 69 370
158 1471 61 383
128 1125 82 362
98 905 60 392
95 856 62 395
93 863 62 393
140 1288 79 363
158 1471 61 383
126 1162 69 369
117 1057 73 367
114 1027 75 366
109 969 76 364
108 938 67 376
101 946 73 374
109 1038 60 389
110 935 70 371
128 1089 63 379
114 1078 61 387
120 1051 68 372
97 931 66 385
98 886 68 381
103 971 69 371
115 1008 65 374
103 914 62 391
105 959 68 373
120 1058 61 385
106 993 70 370
115 1065 73 364
106 989 64 380
113 1026 63 385
101 917 66 381
109 1026 62 386
114 1062 62 383
107 994 65 378
103 921 64 382
109 1027 65 377
106 909 65 380
103 953 65 381
110 934 65 378
103 921 64 382
103 953 65 381
115 1008 65 374
115 1008 65 374
128 1111 64 379
122 1150 70 370
112 984 76 364
111 995 60 392
109 1017 80 372
101 925 68 384
119 1068 63 384
123 1068 73 366
108 946 65 380
112 1002 62 391
115 975 68 376
105 985 61 392
122 1091 72 370
107 970 66 382
114 1047 69 373
125 1083 64 383
110 1032 66 378
128 1108 67 374
124 1123 66 374
112 1056 69 375
121 1120 67 375
107 1019 70 371
108 994 71 374
108 1006 64 384
139 1194 68 376
129 1219 66 375
119 1079 78 369
110 1029 61 400
104 931 75 393
125 1105 65 380
129 1152 73 369
133 1214 66 379
104 939 69 388
108 1023 70 371
113 983 67 389
130 1176 62 392
111 997 72 379
116 1030 69 376
112 1028 65 387
111 1024 66 382
112 1075 63 392
109 1019 64 389
108 1004 71 380
130 1127 68 379
110 1002 71 375
112 1030 62 398
114 1069 69 376
114 1003 62 395
113 1022 67 381
115 983 66 380
137 1223 68 376
119 1138 86 372
118 1052 61 402
104 946 71 389
125 1158 71 373
122 1071 73 373
111 1037 67 384
115 1060 62 395
121 1099 69 376
112 1009 71 381
114 1012 66 401
116 1075 65 390
116 1060 64 391
116 1027 70 378
113 1065 66 383
112 1050 72 376
119 1055 66 380
115 1045 70 377
146 1335 65 399
132 1194 78 374
116 1095 63 402
115 1048 68 391
113 1062 71 389
133 1199 72 379
130 1181 66 392
117 1062 73 376
122 1139 70 383
123 1064 70 383
131 1113 65 400
121 1071 67 387
132 1198 67 380
119 1048 71 383
119 1064 68 384
118 1105 71 385
119 1117 67 392
122 1122 67 386
143 1301 66 395
122 1080 75 376
122 1068 75 381
118 1073 75 383
129 1131 68 386
128 1135 68 386
119 1124 73 378
119 1078 70 384
122 1096 73 377
139 1250 69 389
129 1186 77 379
126 1098 76 395
122 1131 73 383
124 1167 71 393
