11153 306.856
97 870 70 487
101 907 68 478
109 1004 61 482
102 892 64 497
103 956 64 479
110 995 70 466
107 978 75 463
100 929 68 479
104 950 77 465
112 1016 67 468
107 985 65 473
101 879 68 494
104 957 73 472
105 912 65 486
96 902 70 500
113 1004 64 473
111 974 62 490
106 910 66 483
108 972 67 473
104 971 63 491
105 987 73 469
107 936 74 476
111 980 77 462
103 901 73 481
104 946 64 486
106 970 63 488
110 1022 63 477
118 1071 60 490
108 999 62 489
104 983 68 477
103 943 66 482
107 1002 71 471
111 982 72 469
116 1049 65 472
113 1069 62 480
106 990 69 475
109 1013 68 472
106 997 75 467
109 970 72 472
107 946 65 484
104 933 66 484
114 1015 63 478
120 1056 74 464
109 1001 63 484
109 992 62 493
111 993 70 470
116 1069 69 467
109 1020 64 477
107 973 67 476
112 1001 68 472
121 1071 65 470
100 923 68 494
106 995 68 476
120 1082 65 469
108 955 76 474
110 1000 69 472
119 1084 63 476
106 970 62 505
124 1088 79 461
124 1088 79 461
94 855 76 482
94 855 76 482
103 939 68 494
117 1073 86 513
127 1143 71 487
113 1057 64 503
120 1099 70 497
142 1243 74 498
120 1075 70 520
132 1190 78 503
136 1184 74 500
134 1197 78 496
127 1161 76 499
119 1105 74 498
118 1098 70 507
129 1130 70 502
137 1259 70 500
145 1327 76 485
133 1208 62 489
122 1094 76 492
135 1221 78 507
126 1117 68 487
117 1064 68 491
135 1236 76 491
128 1149 78 488
123 1122 70 490
136 1222 74 487
130 1193 70 502
131 1209 68 490
114 1018 68 501
130 1175 70 504
131 1189 72 503
135 1195 70 519
133 1208 78 514
118 1017 70 504
140 1188 76 491
135 1181 78 494
127 1179 72 488
127 1126 65 483
120 1050 68 492
142 1318 72 496
113 1022 76 492
120 1109 70 496
127 1173 71 499
129 1204 70 503
112 977 78 503
129 1155 70 514
123 1096 74 491
125 1123 78 506
133 1188 86 505
131 1121 73 498
129 1124 66 504
160 1410 74 498
119 1060 70 495
135 1226 83 490
129 1067 76 496
131 1188 70 509
121 1056 78 505
134 1169 76 508
135 1197 81 495
121 1152 62 497
122 1077 78 497
131 1125 66 504
109 1007 68 495
136 1243 68 491
140 1264 78 505
134 1182 70 509
138 1278 71 500
133 1231 76 499
113 994 70 500
122 1114 78 512
133 1179 70 496
133 1148 70 492
129 1169 79 505
144 1303 70 505
114 984 73 496
119 1046 70 518
137 1218 78 500
122 1118 70 502
123 1062 69 497
128 1146 71 509
163 1466 71 512
124 1113 68 499
137 1271 84 515
125 1178 68 482
108 990 68 496
148 1326 78 494
117 1011 70 500
120 1019 70 496
113 1033 72 491
136 1170 76 489
127 1114 66 493
126 1131 71 501
127 1100 76 496
130 1147 71 507
130 1156 78 510
117 1098 79 510
129 1153 70 502
128 1157 77 514
133 1169 78 510
121 1124 68 518
142 1291 66 505
135 1196 73 499
134 1198 67 506
127 1177 70 506
120 1043 68 500
130 1144 74 491
131 1179 76 505
154 1359 94 541
123 1127 78 518
118 1053 78 498
130 1154 78 497
126 1153 70 497
145 1356 71 493
145 1329 76 503
146 1333 68 494
131 1184 77 501
121 1130 70 491
132 1132 76 495
121 1058 78 509
129 1197 77 506
116 1054 66 494
126 1137 77 502
114 1025 70 503
127 1161 69 488
130 1231 78 517
129 1186 77 500
133 1256 86 523
122 1123 76 503
125 1149 63 504
115 1078 76 501
131 1178 72 496
148 1389 72 502
126 1126 78 505
107 935 78 493
122 1090 76 504
125 1095 68 500
152 1334 70 508
119 1078 76 493
114 990 68 495
125 1114 71 504
126 1145 76 514
118 1055 78 499
126 1163 86 516
114 983 70 495
133 1280 66 499
135 1201 71 498
127 1134 68 487
130 1213 78 509
124 1103 71 494
133 1118 66 495
112 1034 70 502
125 1130 70 502
118 1084 76 496
116 1036 70 508
123 1137 80 516
116 1044 70 495
129 1153 71 514
127 1116 66 510
116 1001 70 512
118 1057 71 497
128 1136 68 504
125 1133 68 496
135 1254 70 495
122 1111 71 495
130 1213 76 495
137 1276 78 500
141 1221 70 507
114 1024 71 494
129 1215 70 517
120 1079 76 512
128 1126 75 498
137 1241 78 511
118 1069 68 493
123 1141 78 498
138 1262 68 494
131 1202 70 517
145 1251 78 513
136 1191 70 495
108 980 68 488
113 1029 71 495
132 1194 78 512
136 1265 70 514
119 1058 70 507
111 1002 70 498
131 1201 66 500
125 1104 76 489
122 1091 68 504
134 1241 76 493
141 1265 70 509
139 1261 74 494
120 1061 80 500
130 1183 78 508
126 1161 78 509
137 1215 70 518
126 1099 70 505
126 1132 70 496
121 1085 71 502
115 1053 76 481
124 1116 70 507
131 1122 68 498
125 1127 78 512
123 1122 67 504
118 1119 76 486
111 1004 77 498
135 1232 70 509
117 1085 78 519
147 1259 81 496
138 1245 68 502
119 1042 81 496
133 1119 70 496
135 1260 75 512
136 1267 70 514
130 1156 84 511
124 1126 70 499
123 1066 67 497
122 1156 69 486
140 1283 70 503
130 1151 70 510
120 1061 76 495
132 1220 70 498
128 1139 78 513
129 1186 74 503
134 1208 78 505
129 1171 70 490
123 1134 69 491
114 1040 70 499
120 1059 70 509
136 1174 70 487
124 1150 78 510
121 1097 78 516
149 1311 70 510
106 972 68 489
122 1059 68 476
120 1079 68 500
129 1148 78 501
123 1112 71 492
127 1120 68 509
121 1139 68 490
129 1123 70 494
