6398 120.026
98 891 68 496
96 859 69 507
111 1004 73 484
100 888 70 492
96 879 69 499
97 887 70 495
117 1065 77 483
98 909 67 503
130 1163 78 481
107 983 72 488
102 911 77 490
113 1005 67 498
99 906 69 495
111 956 70 489
101 922 70 491
98 875 68 500
110 1031 73 485
126 1164 73 483
99 877 70 498
100 924 73 491
101 928 67 500
110 945 75 489
99 906 75 494
96 867 68 508
112 1001 73 485
104 985 82 489
103 955 73 490
98 874 72 502
111 1042 72 487
110 988 82 487
108 979 70 490
135 1171 71 487
96 891 68 504
112 995 83 485
106 977 75 489
115 1035 71 488
108 979 82 488
108 972 71 489
97 911 68 503
105 925 67 500
115 1036 72 487
117 1029 71 488
107 962 80 489
104 954 73 490
109 967 71 489
97 876 70 503
96 880 68 506
106 974 77 489
95 892 85 500
142 1296 78 480
140 1244 82 479
100 857 79 516
108 1002 66 508
140 1244 82 479
108 1002 66 508
100 857 79 516
94 871 70 504
94 871 70 504
103 938 68 500
97 891 70 497
101 925 70 491
100 916 70 492
114 1066 68 496
166 1448 92 554
153 1398 88 542
156 1428 90 522
138 1212 109 503
166 1496 104 561
142 1203 95 515
148 1380 95 538
154 1466 101 528
152 1381 80 522
141 1301 78 536
157 1318 92 516
153 1336 80 533
163 1410 93 524
179 1557 96 540
164 1445 89 557
150 1311 89 586
134 1270 82 547
150 1282 86 553
153 1402 88 529
147 1314 77 530
151 1314 84 545
190 1773 80 541
141 1255 93 508
149 1324 88 550
158 1318 93 546
146 1286 96 520
170 1499 85 532
173 1564 81 540
141 1246 85 545
168 1456 96 547
151 1393 81 534
136 1244 84 549
131 1198 89 515
146 1269 82 538
134 1263 84 525
140 1254 86 532
153 1382 96 556
158 1482 85 552
157 1417 90 539
194 1645 94 539
146 1339 86 544
157 1401 77 530
152 1392 90 546
161 1421 86 548
138 1277 86 531
148 1307 96 526
155 1395 80 529
169 1587 91 529
149 1328 84 573
145 1315 90 544
152 1418 72 527
130 1211 85 526
141 1303 84 536
156 1410 83 536
180 1632 129 543
147 1322 82 540
132 1151 87 536
179 1575 104 551
143 1320 93 527
142 1312 87 552
142 1289 78 525
152 1381 96 528
144 1401 90 545
142 1292 92 517
179 1588 101 525
145 1287 92 540
158 1335 92 571
151 1383 89 519
159 1468 83 533
142 1277 86 521
151 1378 89 552
157 1361 91 558
162 1488 82 539
166 1507 85 529
152 1359 105 540
152 1422 90 529
169 1475 96 548
173 1364 94 577
147 1375 98 551
174 1598 92 538
169 1514 84 534
154 1365 92 543
154 1320 96 545
147 1285 89 541
162 1453 82 521
150 1358 92 537
171 1496 98 547
159 1410 87 555
139 1204 76 540
170 1520 100 539
144 1303 98 558
152 1387 82 545
149 1331 94 529
168 1511 79 554
165 1512 97 551
136 1217 91 543
147 1349 98 544
161 1411 91 533
142 1274 78 526
167 1551 80 550
139 1258 84 553
167 1363 106 558
154 1380 82 541
168 1475 90 544
183 1664 99 551
143 1318 81 535
134 1190 90 541
143 1272 92 550
148 1362 78 540
149 1324 94 541
147 1327 88 515
147 1289 84 515
151 1381 81 542
141 1360 84 522
151 1379 92 552
140 1257 99 529
144 1314 89 531
152 1330 94 514
134 1229 78 530
177 1547 108 549
145 1355 80 534
154 1417 94 535
161 1422 94 535
196 1740 108 536
145 1266 96 543
148 1332 88 538
137 1236 97 553
170 1475 86 559
130 1156 87 539
171 1513 102 532
165 1428 87 523
151 1304 101 558
154 1432 106 530
160 1415 103 534
151 1339 86 519
153 1365 94 545
174 1617 95 567
137 1196 86 534
145 1311 85 561
136 1171 89 525
140 1285 91 544
159 1421 93 534
136 1234 78 511
163 1478 103 549
155 1455 95 536
160 1374 93 524
167 1520 86 568
136 1252 82 523
147 1290 101 543
133 1240 79 515
169 1474 94 538
133 1144 99 539
145 1348 99 554
153 1377 85 560
145 1266 94 551
156 1340 78 543
157 1379 82 536
169 1492 85 529
141 1289 93 531
149 1302 100 545
169 1518 98 539
136 1194 91 564
163 1538 112 538
167 1508 94 542
141 1209 96 536
164 1491 86 537
149 1256 84 532
142 1257 87 536
154 1358 78 546
164 1523 87 543
161 1396 95 545
141 1274 94 512
164 1481 91 558
178 1599 93 552
155 1406 104 530
165 1385 100 564
150 1390 105 524
132 1187 86 532
151 1315 94 554
161 1417 91 549
143 1357 79 540
154 1347 87 555
150 1356 98 534
152 1410 84 534
157 1397 87 512
141 1154 80 522
146 1360 75 533
172 1567 90 549
159 1481 102 534
146 1374 84 535
139 1222 82 547
161 1405 83 522
183 1701 91 535
153 1363 80 538
145 1268 81 538
145 1293 91 531
140 1240 86 537
149 1332 75 543
156 1369 87 536
131 1198 76 525
176 1609 79 542
171 1503 88 565
154 1304 78 542
159 1516 84 528
136 1214 88 548
156 1415 80 545
190 1647 97 550
147 1296 102 541
153 1335 102 514
148 1371 93 524
160 1492 74 547
135 1165 96 511
149 1321 89 525
149 1283 108 528
160 1423 89 531
153 1380 80 543
143 1283 92 523
155 1383 92 556
152 1313 89 521
154 1393 92 524
177 1621 80 532
136 1259 84 547
150 1328 77 523
140 1289 90 555
157 1413 91 511
147 1364 98 536
133 1213 90 527
145 1302 84 542
153 1390 81 548
148 1343 87 552
173 1554 93 543
145 1308 84 534
159 1390 101 539
167 1520 81 563
156 1334 93 554
137 1239 95 535
163 1525 80 533
