3094 60.0176
112 994 70 370
100 916 75 368
100 916 75 368
92 774 54 410
87 777 54 410
86 719 58 396
79 749 61 395
105 965 73 368
112 994 70 370
96 859 68 372
105 965 73 368
95 891 73 370
102 885 69 371
98 930 71 371
99 895 71 369
98 930 71 371
93 800 54 407
90 837 67 374
102 885 69 371
84 778 60 393
90 833 54 407
82 757 64 383
91 847 69 372
101 903 70 371
83 732 56 404
86 733 56 400
85 722 60 390
81 746 61 389
87 806 68 376
88 818 65 376
87 742 60 384
89 799 66 376
90 789 63 379
84 765 57 397
88 787 61 382
84 738 55 404
84 738 55 404
84 778 60 393
90 819 64 377
90 813 66 375
89 821 62 380
88 793 55 402
84 768 59 394
101 903 70 371
90 837 67 374
88 735 57 399
88 730 59 395
83 736 63 386
81 750 58 396
91 847 69 372
89 821 66 375
85 770 63 381
90 813 65 376
99 895 71 369
85 722 60 390
88 793 55 402
90 789 63 379
79 749 61 395
88 730 59 395
91 775 54 409
84 766 56 398
87 769 62 382
87 737 58 395
86 785 60 384
85 761 60 389
87 815 61 382
95 891 73 370
86 774 60 385
81 750 58 396
91 836 68 373
87 758 63 382
86 719 58 396
93 800 54 407
87 731 59 394
86 785 60 384
82 757 64 383
91 775 54 409
88 797 54 408
88 797 54 408
87 795 63 380
86 752 60 387
85 752 55 403
92 774 54 410
83 766 58 395
91 836 68 373
90 819 64 377
88 786 62 381
88 747 61 383
87 746 57 397
87 731 59 394
86 758 64 378
85 765 60 388
85 737 58 400
83 736 63 386
90 813 65 376
87 806 68 376
89 821 66 375
86 774 60 385
86 758 64 378
86 754 57 399
86 752 60 387
85 765 60 388
85 752 55 403
90 833 54 407
86 754 57 399
85 741 58 395
88 735 57 399
87 795 63 380
87 748 61 383
84 754 58 395
88 786 62 381
88 747 61 383
87 777 54 410
87 769 62 382
86 733 56 400
85 741 58 395
84 768 59 394
83 766 58 395
83 749 61 383
83 732 56 404
93 800 54 407
93 800 54 407
93 800 54 407
93 800 54 407
93 800 54 407
93 800 54 407
93 800 54 407
93 800 54 407
93 800 54 407
93 800 54 407
93 800 54 407
93 800 54 407
93 800 54 407
93 800 54 407
93 800 54 407
93 800 54 407
93 800 54 407
93 800 54 407
93 800 54 407
93 800 54 407
93 800 54 407
92 774 54 410
92 774 54 410
92 774 54 410
92 774 54 410
92 774 54 410
90 833 54 407
114 1007 61 383
111 1011 66 379
110 918 54 409
109 922 54 409
106 960 69 377
94 865 75 385
87 806 72 387
95 846 59 395
89 833 60 400
107 931 62 383
102 943 55 407
97 885 63 388
104 955 57 398
95 814 56 405
101 942 56 401
98 897 61 384
96 871 64 385
92 811 60 392
99 915 67 378
104 921 60 385
92 864 58 406
96 860 58 398
99 915 67 378
98 858 60 389
95 824 60 391
101 929 60 388
100 930 60 385
96 862 60 390
124 1115 56 404
115 1021 56 409
112 1008 63 384
94 815 73 388
93 815 61 400
92 846 66 399
114 1037 59 397
108 966 57 405
100 925 68 388
97 835 71 397
111 1032 57 402
97 867 60 392
98 896 62 389
106 957 60 386
104 951 58 405
97 843 63 396
104 859 60 389
107 922 58 398
95 850 60 400
106 930 60 388
98 863 60 390
107 905 58 399
95 852 63 398
96 845 63 397
95 867 60 399
124 1125 57 404
112 1054 75 385
95 858 68 398
113 960 58 404
103 902 75 388
110 1009 58 400
97 871 60 393
98 890 71 391
108 982 60 388
97 871 65 392
99 863 60 397
109 991 58 403
102 892 63 391
105 940 70 388
100 884 61 392
105 893 68 390
112 993 58 398
105 949 60 390
101 896 60 392
120 1052 58 398
118 1082 59 398
117 1074 58 399
105 969 73 388
100 863 60 399
98 871 60 401
97 882 63 397
110 986 60 389
105 981 68 392
107 940 63 391
99 905 60 393
106 976 61 391
102 890 60 396
106 940 60 392
110 975 60 391
97 892 63 395
100 897 60 395
99 876 60 399
130 1076 58 416
111 992 60 389
99 902 68 397
99 876 60 402
97 907 63 403
115 961 60 392
107 917 66 393
107 958 64 392
102 941 61 396
99 912 62 399
103 945 60 393
100 886 63 397
101 912 63 394
99 913 61 401
101 877 60 400
99 914 63 395
120 1027 68 390
113 1029 60 389
100 899 60 407
112 963 64 392
102 936 68 395
104 945 62 400
100 916 60 404
108 983 60 394
103 929 63 397
108 1016 60 393
107 955 60 397
103 951 60 401
109 953 60 400
123 1063 61 392
116 916 62 419
107 946 68 395
106 968 60 403
103 934 63 397
107 932 66 402
110 956 60 410
104 921 67 406
113 950 60 407
109 1016 60 394
108 983 60 398
111 1004 60 394
121 1034 60 394
116 994 73 397
115 1073 63 396
111 971 60 403
107 932 69 405
104 941 66 404
121 981 68 399
116 1011 60 398
109 1019 63 403
114 983 66 399
115 1027 60 402
110 1015 63 397
122 1024 60 401
121 1120 60 397
120 1020 65 406
117 1094 60 400
116 1043 63 397
108 978 69 404
120 1082 60 405
128 1181 60 397
120 1105 60 402
132 1183 60 410
