41493 1260.69
71 612 62 390
93 853 91 342
95 873 91 341
71 634 54 414
71 644 54 408
113 1020 70 366
71 634 58 406
113 1020 70 366
97 855 68 370
74 653 65 376
88 811 88 345
81 717 63 378
73 637 60 384
75 650 67 374
71 634 54 414
80 709 62 380
82 735 81 355
89 800 71 365
90 826 90 344
92 827 91 343
73 631 61 386
83 745 82 353
72 652 57 397
71 638 59 399
83 737 61 381
77 680 66 374
79 700 74 362
79 705 75 360
88 798 87 347
96 856 67 371
91 833 91 343
85 776 85 349
78 692 67 372
71 620 64 388
81 713 77 358
87 790 85 348
78 695 66 373
72 624 64 387
71 638 55 407
74 653 65 376
72 652 56 398
72 613 63 389
87 788 59 392
86 761 84 351
71 634 58 406
88 808 87 346
77 677 73 367
74 645 66 375
73 637 60 384
84 767 81 353
79 700 75 361
73 635 57 402
93 839 90 343
71 640 54 411
93 839 90 343
71 634 56 409
84 755 78 356
73 631 62 385
71 634 55 410
82 746 79 355
83 745 82 353
79 700 74 362
72 646 58 395
82 740 81 354
72 613 63 389
97 855 68 370
74 641 62 382
84 756 72 364
76 651 62 381
89 805 86 347
95 873 91 341
87 792 84 349
72 633 59 399
80 726 79 356
81 721 72 366
86 784 76 358
86 761 84 351
84 750 80 354
91 819 72 363
81 717 63 378
75 663 70 370
81 708 76 359
84 760 83 352
89 805 86 347
79 692 66 373
94 866 90 342
95 862 90 342
72 648 56 401
80 715 77 358
79 698 73 363
92 816 73 362
84 755 78 356
87 799 87 347
82 742 80 355
86 778 70 367
73 635 57 402
75 667 69 371
82 740 81 354
82 746 79 355
76 682 72 367
86 778 70 367
75 659 68 372
85 776 85 349
96 867 91 341
72 646 58 395
71 643 55 404
85 770 83 351
90 831 88 344
71 638 59 399
85 779 69 368
97 855 68 370
75 666 71 369
79 705 75 360
96 867 91 341
77 686 73 366
87 799 87 347
76 676 71 368
88 783 62 379
78 688 64 376
90 831 88 344
81 725 79 356
89 810 88 345
85 770 84 350
86 778 70 367
90 826 90 344
94 866 90 342
85 765 82 352
87 788 59 392
75 659 68 372
75 663 70 370
84 750 80 354
88 783 62 379
82 735 81 355
80 726 79 356
80 720 78 357
76 671 72 368
79 698 73 363
91 830 88 344
79 705 75 360
73 623 64 387
88 808 87 346
72 646 59 394
71 643 55 404
76 676 71 368
80 710 77 359
84 739 60 382
87 792 84 349
73 657 54 403
75 655 67 373
95 809 72 363
72 648 56 401
83 737 61 381
91 833 91 343
92 846 90 343
78 681 65 375
71 634 55 410
73 639 61 383
84 756 72 364
72 651 59 393
85 776 85 349
73 623 64 387
72 652 56 398
72 646 59 394
86 775 82 351
90 826 90 344
89 800 71 365
76 678 70 369
77 680 66 374
80 709 62 380
84 760 83 352
84 757 74 361
71 612 61 391
71 640 54 411
81 713 77 358
75 667 69 371
72 618 63 388
71 644 54 408
76 678 70 369
80 710 77 359
73 631 61 386
74 632 63 383
87 790 85 348
77 677 73 367
80 720 78 357
81 721 72 366
72 633 55 407
94 847 91 342
94 847 91 342
95 862 90 342
89 805 86 347
72 652 57 397
85 770 84 350
71 612 62 390
89 810 88 345
71 612 61 391
71 638 57 403
73 635 57 402
72 651 59 393
88 783 62 379
71 634 56 409
73 631 62 385
113 1020 70 366
86 775 82 351
89 800 71 365
95 824 65 374
92 816 73 362
72 618 63 388
76 682 72 367
71 614 63 389
77 686 73 366
85 754 78 356
82 746 79 355
85 779 69 368
78 688 64 376
81 725 79 356
75 666 71 369
84 757 74 361
85 770 83 351
75 674 72 368
76 671 72 368
84 767 81 353
91 819 72 363
78 695 66 373
75 668 69 370
75 655 67 373
74 641 62 382
90 831 88 344
95 824 65 374
93 853 91 342
85 765 82 352
81 712 70 368
80 715 77 358
84 743 79 355
72 619 62 389
73 657 55 402
75 674 72 368
71 640 54 411
92 827 91 343
83 745 82 353
81 736 81 355
88 798 71 366
74 645 66 375
81 712 70 368
91 830 88 344
86 784 76 358
72 624 64 387
75 668 69 370
89 810 88 345
84 739 60 382
92 846 90 343
84 741 82 353
84 743 79 355
71 614 63 389
75 666 71 369
81 708 76 359
96 856 67 371
79 687 64 376
85 754 78 356
84 741 82 353
78 681 65 375
94 866 90 342
73 632 62 384
72 633 57 403
73 639 61 383
75 650 67 374
89 789 84 349
75 643 63 380
78 679 66 374
84 755 78 356
85 779 69 368
82 742 80 355
80 726 79 356
71 620 64 388
78 679 66 374
89 789 84 349
88 811 88 345
81 736 81 355
79 687 64 376
71 612 62 390
92 816 73 362
71 634 55 410
85 770 84 350
79 698 73 363
73 657 54 403
95 824 65 374
71 612 62 390
95 873 91 341
73 657 54 403
87 788 59 392
91 833 91 343
72 651 59 393
82 742 80 355
72 652 56 398
92 816 73 362
73 623 64 387
84 741 82 353
84 739 60 382
75 674 72 368
89 805 86 347
85 776 85 349
