8701 232.09
96 905 64 487
107 978 75 463
103 901 73 481
104 950 77 465
106 910 66 483
110 1022 63 477
104 957 73 472
111 1023 65 473
107 936 74 476
104 983 68 477
111 993 70 470
102 920 76 479
108 1011 65 477
103 946 68 481
105 987 73 469
111 940 70 479
111 980 77 462
110 1009 72 468
117 1065 61 487
101 973 68 484
111 970 64 482
109 1001 63 484
113 1055 62 483
112 1001 68 472
104 976 63 491
107 941 63 493
107 1002 71 471
109 970 72 472
110 1006 74 467
114 1046 70 469
106 995 68 476
106 983 64 483
115 987 66 480
104 933 66 484
102 949 68 483
107 946 65 484
105 963 71 478
104 946 64 486
105 912 65 486
109 985 62 491
114 1038 64 476
102 922 68 485
112 1046 62 487
109 972 68 480
110 1021 67 473
121 1076 72 467
110 1020 68 472
115 978 62 493
110 999 62 490
117 1071 67 472
116 1083 68 471
103 941 78 478
119 1084 63 476
123 1082 67 471
109 1009 62 490
108 987 72 472
103 919 71 486
108 983 62 496
124 1088 79 461
124 1088 79 461
132 1097 60 495
97 870 70 487
96 905 64 487
139 1275 70 503
141 1338 70 496
118 1105 69 518
151 1362 70 504
129 1194 69 521
148 1262 88 494
142 1344 81 495
133 1235 68 508
137 1242 67 515
122 1125 75 484
152 1448 72 507
147 1379 70 504
125 1157 65 495
140 1276 78 531
130 1197 71 509
149 1355 70 519
137 1295 70 502
135 1262 67 498
147 1390 76 497
126 1155 80 489
132 1234 65 504
128 1162 64 498
127 1155 66 508
135 1238 78 511
125 1177 62 501
129 1169 64 506
131 1213 64 490
157 1372 64 507
156 1438 75 515
141 1307 78 521
148 1381 70 499
129 1219 70 498
141 1297 70 493
142 1215 67 495
134 1228 68 501
127 1164 84 507
135 1238 70 492
128 1207 76 505
122 1113 70 508
127 1193 64 492
143 1281 77 498
127 1203 73 494
126 1151 67 502
144 1364 77 480
119 1129 68 488
151 1455 69 503
125 1147 70 506
150 1391 70 495
137 1258 70 499
135 1235 69 493
123 1167 75 477
137 1264 63 491
140 1266 73 498
122 1152 65 495
134 1247 71 501
133 1208 73 476
112 1035 63 500
132 1223 70 504
145 1361 86 494
124 1147 82 489
126 1152 67 502
120 1082 77 509
135 1238 70 508
147 1396 70 506
136 1178 75 499
128 1197 64 490
121 1117 78 499
135 1249 70 504
134 1248 70 508
160 1532 70 510
150 1388 70 506
134 1217 78 507
127 1129 76 492
143 1343 66 514
127 1185 70 500
129 1198 70 509
143 1321 70 506
140 1303 73 470
126 1172 78 518
142 1313 75 495
155 1412 67 505
124 1183 70 512
131 1179 70 497
158 1466 73 496
151 1428 67 513
127 1177 70 505
129 1139 69 499
164 1471 70 512
126 1112 84 491
130 1202 70 511
126 1189 72 486
160 1460 70 500
143 1342 64 504
132 1252 70 501
138 1243 65 512
142 1310 76 500
135 1265 70 511
127 1194 76 489
143 1311 77 509
129 1152 69 500
140 1261 70 505
132 1260 78 477
125 1184 70 498
129 1199 71 496
129 1189 64 502
142 1294 68 491
123 1137 66 494
138 1253 65 509
163 1512 70 507
126 1145 70 504
140 1300 62 506
144 1183 70 504
123 1138 68 490
143 1363 70 502
121 1136 70 500
131 1187 70 503
136 1284 64 505
113 1043 70 508
141 1291 70 489
133 1173 67 485
119 1065 64 499
128 1172 77 498
139 1264 70 502
121 1123 65 500
141 1309 67 509
128 1193 63 501
133 1248 73 503
152 1371 70 517
147 1356 70 509
125 1168 70 499
139 1313 75 502
117 1070 63 497
126 1202 70 514
131 1225 73 496
111 1052 64 502
130 1204 67 500
135 1250 67 515
120 1138 70 503
114 1029 70 510
128 1223 70 488
133 1187 79 510
159 1484 70 503
126 1182 70 506
113 1063 73 482
125 1144 70 498
125 1156 70 501
127 1168 69 509
136 1260 78 517
142 1341 85 509
113 1066 70 504
130 1210 75 498
127 1173 65 504
128 1202 64 501
121 1153 70 512
139 1297 70 511
140 1287 75 519
118 1098 86 519
159 1460 63 497
130 1099 78 506
163 1465 82 501
140 1311 67 509
138 1245 64 495
134 1241 78 497
140 1334 79 491
139 1265 78 499
139 1213 82 517
140 1335 73 497
135 1244 64 507
118 1089 77 489
138 1285 63 501
141 1345 69 510
159 1426 69 504
126 1146 63 505
129 1184 85 508
140 1290 65 493
129 1187 67 500
133 1233 64 487
114 1067 70 489
137 1250 70 490
139 1293 70 505
138 1298 70 515
112 1017 71 486
140 1293 78 502
130 1189 67 500
142 1336 70 494
143 1333 67 496
128 1200 82 479
139 1276 70 499
137 1264 82 508
121 1147 71 491
131 1194 69 489
146 1379 70 507
130 1208 76 482
134 1251 82 481
160 1484 70 505
134 1194 65 492
144 1308 71 488
146 1323 75 485
165 1506 63 499
148 1312 70 495
125 1148 70 492
131 1227 71 498
148 1404 70 522
141 1276 70 528
139 1291 70 526
134 1239 71 506
132 1237 68 497
118 1104 68 509
140 1288 76 481
143 1309 75 476
134 1241 70 497
132 1219 70 506
136 1220 64 498
143 1337 75 491
130 1186 73 486
141 1248 70 520
122 1140 64 499
130 1214 84 493
121 1102 77 495
142 1314 69 507
123 1119 70 511
120 1107 70 496
137 1226 67 497
108 1021 63 505
119 1082 70 495
129 1209 70 506
130 1183 70 498
115 1077 67 505
137 1273 71 515
123 1154 91 488
133 1199 63 505
122 1159 71 486
132 1223 64 500
134 1265 70 499
169 1466 84 512
110 1015 67 506
142 1317 78 495
