50323 780.264
92 847 91 336
91 857 91 336
91 857 91 336
80 714 54 403
79 732 54 402
73 644 62 375
74 662 60 377
78 705 59 388
86 784 84 344
87 795 87 342
84 708 56 392
91 835 91 337
86 787 85 343
85 775 85 344
78 745 55 399
88 802 88 341
79 704 57 391
90 822 90 339
92 844 90 337
82 731 70 361
81 690 56 395
84 771 84 345
84 765 84 346
90 828 90 338
89 831 88 339
88 808 88 340
74 684 57 394
79 743 55 400
87 817 87 341
85 797 85 343
83 755 81 348
82 750 78 351
84 769 82 346
83 721 55 398
75 691 74 358
89 831 88 339
82 769 81 348
78 700 59 389
74 695 67 366
75 690 58 390
73 655 71 364
77 715 76 355
77 691 70 362
84 735 54 399
82 748 76 353
78 727 78 352
74 672 73 361
76 717 75 356
75 666 68 365
88 805 87 341
77 694 71 360
76 702 76 357
73 662 72 363
73 645 70 368
81 771 54 399
80 743 70 361
73 678 63 372
92 844 90 337
90 827 88 339
88 804 86 342
83 757 80 349
75 682 74 359
75 681 68 364
74 669 66 367
73 678 62 373
73 667 60 377
73 648 69 368
83 760 55 396
83 771 82 346
80 706 58 389
76 690 69 363
82 741 74 356
80 706 58 389
77 711 77 355
76 708 59 389
74 669 65 369
84 731 55 397
81 738 79 350
81 717 69 362
79 731 79 351
78 714 75 355
78 706 73 357
77 713 56 394
77 712 67 365
74 665 63 372
74 662 61 376
73 674 64 370
73 663 61 375
73 644 68 369
80 725 54 400
87 817 87 341
91 835 91 337
85 775 85 344
82 741 72 358
73 644 67 370
73 644 66 371
73 644 65 372
73 644 64 373
73 644 63 374
90 825 89 339
87 811 86 342
81 732 81 350
79 719 77 353
82 763 82 347
77 698 72 359
90 825 89 339
82 744 82 348
80 725 80 351
74 675 73 360
73 658 69 364
76 712 75 357
88 808 88 340
83 758 82 347
83 722 54 402
82 737 55 398
75 679 67 366
73 651 64 371
91 851 90 337
87 811 86 342
75 687 71 361
85 797 85 343
81 770 81 348
81 740 55 397
81 739 81 349
79 718 76 354
78 721 77 353
76 710 57 391
73 665 72 362
73 663 62 374
90 828 90 338
80 741 79 350
79 722 78 352
78 738 56 392
77 713 77 354
76 710 76 356
73 651 70 365
91 851 90 337
85 791 84 344
85 791 84 344
78 730 76 354
73 652 65 370
84 771 84 345
83 771 82 346
76 690 69 363
74 662 61 376
73 651 68 366
73 651 67 367
73 651 66 368
90 822 90 339
86 787 85 343
73 674 64 370
91 857 91 336
107 1008 57 393
92 863 88 340
88 765 59 396
77 688 63 373
75 695 70 366
102 843 62 378
103 943 72 360
75 706 66 367
103 926 60 385
102 902 60 387
80 739 70 363
87 814 62 379
77 707 71 363
85 768 60 392
81 758 68 366
84 788 82 348
92 847 86 342
83 777 73 358
84 775 75 356
86 806 84 346
84 779 78 352
82 761 81 349
87 799 74 357
91 824 84 345
88 817 87 343
89 815 80 351
89 831 88 341
80 750 72 362
90 829 85 343
86 788 85 344
80 746 77 355
86 802 77 354
81 744 71 362
89 831 80 350
122 1106 63 378
102 938 60 388
99 938 88 340
93 888 89 342
85 792 63 390
82 748 80 356
109 1014 82 348
104 942 77 355
100 919 64 374
98 903 73 359
84 782 68 366
97 893 86 342
86 797 71 362
101 934 66 369
84 791 70 363
92 870 66 370
98 912 62 386
91 846 86 346
87 804 78 355
92 826 84 348
94 860 84 345
86 782 81 349
94 835 66 380
92 847 85 345
99 893 63 383
93 844 79 352
102 924 78 353
98 875 63 385
84 779 75 357
87 793 75 356
83 757 78 357
83 764 77 357
85 782 80 352
84 767 82 353
84 773 82 349
120 1065 67 369
114 1067 67 369
104 970 99 346
99 912 65 385
83 766 77 362
92 848 86 347
95 885 66 376
102 958 72 362
90 812 68 372
93 876 79 353
86 789 81 349
97 906 84 347
88 825 78 355
90 820 70 367
89 835 75 356
96 887 80 352
92 859 84 348
96 889 71 366
85 806 75 358
85 783 76 358
100 886 74 362
102 874 71 366
85 799 83 349
87 800 71 367
86 808 76 357
117 1050 75 357
105 970 66 380
87 813 82 349
96 854 72 367
94 861 75 358
97 887 79 354
93 848 68 373
105 937 67 376
100 919 70 367
91 847 70 368
91 862 81 350
90 826 77 357
88 827 81 355
99 898 76 357
99 916 67 377
94 856 80 356
107 1006 81 353
102 950 68 378
98 897 83 349
93 858 84 351
90 819 82 353
105 969 74 371
102 910 70 372
100 938 79 354
99 908 77 361
105 991 75 358
104 878 77 360
106 914 78 359
91 856 81 358
92 861 84 350
91 845 78 360
93 848 82 352
115 1058 72 377
93 860 82 353
93 847 85 359
90 831 82 361
100 926 77 368
107 1014 76 359
109 1028 79 354
103 946 79 356
95 888 78 363
94 869 79 364
95 887 81 362
100 942 79 357
113 1033 77 364
104 956 85 353
101 945 78 372
95 872 82 355
94 875 82 364
98 925 82 354
108 947 84 355
100 895 89 359
118 1106 86 361
108 980 84 371
