74598 3361.29
81 695 54 401
100 898 56 393
76 653 64 376
77 652 61 380
101 879 74 356
97 847 91 336
95 827 91 337
100 898 56 393
101 879 74 356
77 652 60 383
79 686 59 388
91 802 88 340
85 740 80 351
86 739 81 350
81 695 55 394
95 860 91 336
77 652 60 383
93 834 90 338
83 738 81 351
81 683 59 388
97 847 91 336
88 768 81 348
80 691 74 357
76 653 62 379
79 679 55 398
95 854 90 337
89 769 83 346
76 653 62 379
82 716 62 373
92 819 91 338
96 844 90 337
87 762 84 346
79 672 61 376
85 758 82 348
88 790 88 342
94 824 90 338
88 771 84 345
79 686 58 389
79 679 55 398
77 652 61 380
93 822 88 339
93 822 88 339
94 824 90 338
80 693 75 356
88 772 85 344
85 725 79 352
76 654 65 375
77 659 66 368
79 684 57 391
77 674 73 360
78 664 71 363
77 659 66 368
76 655 63 377
79 702 77 355
78 671 70 362
91 791 87 342
81 695 54 401
83 727 79 352
96 859 91 336
90 779 84 344
79 702 77 355
92 799 86 342
84 743 77 353
87 779 81 348
89 794 87 342
85 748 81 350
78 671 70 362
78 678 72 360
91 820 91 338
84 753 79 350
82 717 79 353
86 748 81 349
79 672 62 375
78 658 64 371
80 693 75 356
78 658 63 372
78 658 65 369
80 691 74 357
78 669 57 395
78 664 68 365
80 683 58 390
90 780 85 343
77 652 60 383
95 854 90 337
86 752 83 347
96 831 72 358
92 799 86 342
79 666 56 396
84 749 73 357
80 710 76 355
83 714 76 354
89 782 85 343
89 794 87 342
83 720 78 353
78 668 71 362
89 769 83 346
84 741 80 351
76 655 63 377
95 827 91 337
96 831 72 358
86 744 79 350
88 739 67 365
81 708 70 361
82 728 68 364
81 700 77 355
78 673 60 377
77 670 69 363
91 801 86 342
78 678 72 360
90 761 69 362
86 752 83 347
87 755 82 348
77 660 67 367
86 744 79 350
92 800 88 340
95 854 90 337
92 804 90 339
93 834 90 338
90 787 80 349
84 724 68 364
76 653 64 376
79 672 61 376
89 781 84 344
81 695 54 401
91 794 78 351
79 701 75 356
94 824 90 338
90 808 82 346
91 814 90 339
81 695 55 394
81 708 70 361
89 766 87 344
85 734 71 360
79 688 64 370
80 712 78 354
77 663 67 366
79 677 58 392
78 661 70 364
94 839 91 337
96 859 91 336
78 658 64 371
78 664 68 365
82 716 62 373
78 669 58 393
77 663 67 366
78 689 76 358
91 802 88 340
78 658 63 372
88 790 88 342
82 717 79 353
76 657 65 374
80 690 72 359
77 670 69 363
77 660 67 367
80 707 66 367
89 782 85 343
89 777 87 343
79 677 58 392
90 793 88 341
85 757 81 349
91 801 87 341
78 682 75 359
91 814 90 339
76 657 65 374
79 688 64 370
85 742 75 355
81 680 58 390
79 666 56 396
80 685 58 389
79 684 57 391
77 674 72 361
81 721 76 354
93 815 76 353
87 762 85 345
83 727 79 352
78 665 72 362
78 669 57 395
84 734 81 351
81 732 79 352
93 815 76 353
93 840 91 337
82 699 77 355
89 766 87 344
82 728 68 364
88 776 82 347
86 752 83 347
78 658 65 369
92 800 88 340
87 762 84 346
92 819 91 338
97 847 91 336
81 683 59 388
88 784 87 343
81 703 76 355
93 807 91 338
90 761 69 362
96 844 90 337
90 787 80 349
92 796 90 340
92 796 90 340
88 754 82 348
91 820 91 338
92 804 90 339
84 726 79 352
88 772 85 344
81 718 79 353
81 722 78 353
88 784 87 343
90 776 87 343
78 675 62 374
78 682 75 359
80 710 76 355
89 774 82 347
90 793 88 341
80 693 75 356
81 732 79 352
91 791 87 342
89 774 82 347
80 712 78 354
81 680 58 390
83 705 78 354
85 751 80 350
86 752 83 347
85 743 79 351
87 778 82 347
87 755 82 348
89 777 87 343
82 706 78 354
87 778 82 347
80 691 74 357
81 683 59 388
79 672 60 377
89 781 84 344
79 701 75 356
78 673 60 377
94 839 91 337
83 714 73 358
89 781 84 344
84 749 73 357
90 780 85 343
85 757 81 349
79 701 75 356
92 800 88 340
78 689 76 358
85 751 80 350
76 654 65 375
78 668 71 362
90 780 85 343
79 672 61 376
86 756 82 348
78 665 72 362
88 771 84 345
93 807 91 338
83 705 78 354
85 725 79 352
82 699 77 355
78 675 62 374
80 707 66 367
84 715 79 353
85 758 82 348
84 753 79 350
86 756 82 348
88 776 82 347
93 840 91 337
83 738 81 351
92 819 91 338
81 700 77 355
80 690 72 359
84 715 79 353
77 656 65 374
86 739 81 350
81 722 78 353
85 740 80 351
81 721 76 354
83 720 78 353
90 808 82 346
80 685 59 388
95 860 91 336
82 706 78 354
77 656 65 374
78 661 70 364
85 742 75 355
81 718 79 353
77 674 72 361
81 708 70 361
79 679 55 398
77 660 67 367
76 653 64 376
77 652 60 383
79 677 58 392
85 740 80 351
77 652 63 377
77 652 63 377
78 682 75 359
81 718 79 353
76 654 65 375
87 779 81 348
81 695 54 401
77 652 64 376
79 701 75 356
