14 0.438224
262 4324 175 802
262 3919 186 763
255 4317 172 829
241 3924 206 785
232 3667 184 844
216 3542 190 844
245 3880 190 791
229 3642 198 814
261 4017 202 782
239 3593 189 823
231 3695 185 793
262 4034 180 783
243 3546 200 816
244 3569 179 807
242 3958 179 827
242 3958 179 827
262 4034 180 783
297 4485 180 803
295 4497 178 832
272 4209 205 782
244 3673 210 871
232 3571 215 856
231 3649 221 821
225 3753 193 857
259 4056 212 792
283 4378 196 799
241 3923 209 808
285 4405 194 800
233 3828 186 811
244 4181 206 794
232 3808 199 849
231 3649 221 821
225 3753 193 857
242 3805 189 825
246 3844 200 801
248 3697 180 815
244 3673 210 871
247 3717 203 811
261 3632 213 851
232 3571 215 856
247 3747 189 801
238 3787 205 856
248 3685 214 854
261 3632 213 851
248 3697 180 815
238 3787 205 856
261 3632 213 851
225 3753 193 857
225 3753 193 857
343 5526 230 791
310 4688 234 799
271 3991 184 867
247 3605 217 892
235 3815 210 927
233 3688 224 870
288 4886 192 809
247 3605 217 892
235 3815 210 927
262 4280 187 812
249 3698 227 841
257 3840 203 844
278 3959 185 828
264 4142 186 816
281 4069 184 849
246 3742 222 863
254 4018 200 802
240 3829 191 875
259 4039 195 801
261 3782 208 839
265 3967 196 811
252 4199 198 811
255 3922 189 815
256 3903 213 824
240 4182 201 856
244 3886 231 813
243 3795 207 869
236 3819 196 875
246 3742 222 863
244 3944 206 830
249 3790 210 843
251 3875 215 840
244 3944 206 830
250 3762 206 841
243 4059 188 822
260 3881 201 807
256 3903 213 824
262 3813 195 825
261 3782 208 839
281 4069 184 849
242 4013 216 845
254 3749 190 858
254 3749 190 858
240 3829 191 875
242 4013 216 845
269 4049 191 811
260 3881 201 807
233 3830 198 863
243 4059 188 822
237 3929 196 862
240 4182 201 856
269 4049 191 811
242 4082 186 843
242 4082 186 843
244 3886 231 813
237 3929 196 862
252 4199 198 811
244 3962 187 825
251 3875 215 840
244 4065 186 828
233 3830 198 863
244 4065 186 828
251 3935 196 816
251 3935 196 816
249 3790 210 843
281 4069 184 849
249 3790 210 843
244 4065 186 828
242 4082 186 843
240 3829 191 875
237 3929 196 862
235 3815 210 927
235 3815 210 927
233 3830 198 863
233 3830 198 863
315 4898 187 837
277 4500 187 848
270 3927 249 840
262 3755 217 908
261 4149 201 801
240 3868 228 922
238 4065 211 897
288 4683 196 807
300 4226 187 877
315 4898 187 837
291 4048 189 849
249 3940 223 854
252 4303 239 817
255 3761 239 843
265 3988 192 883
270 3927 249 840
240 3868 228 922
280 4073 199 818
257 4205 228 809
277 4500 187 848
248 3916 209 868
267 4309 188 815
254 3943 207 865
242 3874 203 888
278 3816 214 862
273 3883 212 871
262 3755 217 908
288 4426 189 813
274 3990 212 827
257 4096 194 824
253 3787 216 912
279 4135 224 810
266 4397 188 838
248 4263 190 836
238 4065 211 897
262 4003 200 831
251 4116 213 830
254 4006 197 862
242 3874 203 888
286 4030 203 809
253 3787 216 912
259 4205 216 813
286 4030 203 809
278 4182 197 807
257 4096 194 824
252 4016 192 840
251 4017 211 865
249 4033 198 876
248 4130 210 847
249 4033 198 876
273 4019 190 835
266 4397 188 838
239 4026 199 867
261 4183 189 817
267 3908 203 841
258 4133 190 834
279 4135 224 810
255 3761 239 843
278 4182 197 807
257 4205 228 809
248 4191 203 831
248 4130 210 847
239 4026 199 867
267 3908 203 841
258 4133 190 834
273 4019 190 835
252 4016 192 840
267 3908 203 841
258 4133 190 834
257 4096 194 824
255 3761 239 843
249 4033 198 876
248 4130 210 847
240 3868 228 922
239 4026 199 867
238 4065 211 897
324 4792 187 848
308 4795 189 886
293 4326 246 807
281 4521 214 803
265 3913 221 902
255 4074 219 987
245 4098 240 895
261 3973 225 932
280 4552 192 821
307 4419 202 807
309 4312 200 825
269 3925 230 879
250 4183 209 874
251 3940 242 875
286 4495 226 805
256 4084 197 863
276 4318 193 815
270 4382 207 818
290 4133 205 809
257 4065 222 882
260 4087 218 850
273 4542 190 823
256 4154 213 832
270 4250 190 842
249 3994 228 855
255 4230 222 836
245 4098 240 895
248 4170 226 862
286 4336 207 806
284 4249 207 827
254 4077 223 876
293 4326 246 807
277 4066 205 834
254 4095 200 848
249 3994 228 855
260 4130 203 832
260 4130 203 832
325 4604 223 809
318 4661 224 805
291 4867 190 840
277 4612 194 868
274 4040 258 860
252 4046 231 864
310 4802 242 806
273 4342 197 857
304 4728 194 820
293 4407 195 828
280 4493 198 818
266 4580 207 860
259 4150 208 860
289 4525 193 836
279 4254 210 839
262 4142 211 865
313 4533 195 826
276 4499 200 827
261 4146 212 839
287 4331 221 821
274 4433 220 823
274 4433 220 823
277 4325 198 822
348 5061 215 820
331 5334 192 855
285 4372 204 934
264 4083 243 887
307 5146 194 826
284 4378 203 908
336 4982 206 822
264 4277 227 887
268 4149 221 857
298 4738 194 837
266 4497 212 879
290 4400 200 844
297 4220 208 887
271 4514 218 842
289 4364 220 833
284 4584 208 840
294 4481 204 837
365 5431 200 865
359 5449 267 825
335 5568 209 841
305 4565 204 900
280 4162 226 881
325 4839 240 833
311 4922 216 837
295 4513 212 875
306 4571 202 850
293 4772 204 844
292 4655 216 860
291 4524 211 880
292 4849 213 857
367 5791 219 859
314 4931 231 858
309 5068 204 863
309 4452 261 899
281 4423 259 952
298 4679 214 906
300 4874 232 864
382 5907 219 871
345 5457 238 918
307 5179 243 890
283 4016 196 815
268 4201 178 854
262 4243 201 807
241 3609 215 808
232 3857 182 865
225 3672 204 782
208 3315 189 828
199 3375 183 827
252 3803 203 800
269 4148 191 789
208 3315 189 828
259 4019 187 820
232 3407 183 822
232 3857 182 865
264 4207 182 842
269 4148 191 789
268 4231 180 817
263 4006 197 807
264 4207 182 842
267 4072 185 821
267 4072 185 821
263 4006 197 807
232 3407 183 822
264 4207 182 842
232 3857 182 865
232 3407 183 822
302 4626 203 800
291 4432 182 845
276 3828 231 792
260 3976 206 792
223 3562 189 837
222 3573 201 883
226 3646 183 860
268 4281 197 820
235 3687 184 827
283 4477 197 812
258 3815 201 822
244 3776 192 825
291 4385 199 819
244 3731 183 832
272 4047 203 806
236 3686 205 807
272 4047 203 806
283 4477 197 812
244 3776 192 825
291 4385 199 819
272 4047 203 806
316 4539 183 839
295 4578 216 806
295 4450 182 876
295 4450 182 876
292 4286 217 798
254 3694 246 841
230 3577 199 843
227 3649 223 867
227 3649 223 867
262 4137 206 822
254 3694 246 841
248 3704 216 813
292 4286 217 798
274 3990 204 826
237 3962 194 854
250 3940 186 833
283 4151 196 825
243 4043 189 861
231 3772 204 842
285 4261 206 815
286 4067 184 846
238 3835 191 829
229 3860 221 866
285 4261 206 815
229 3860 221 866
230 3808 197 862
227 3968 185 874
284 4578 184 849
252 4037 185 827
284 4578 184 849
227 3968 185 874
252 4037 185 827
230 3808 197 862
248 3967 190 840
248 3967 190 840
254 3694 246 841
227 3968 185 874
227 3649 223 867
322 5186 184 876
322 5186 184 876
301 4517 221 809
296 4580 229 812
253 3609 209 930
253 3609 209 930
232 3851 208 879
294 4712 215 827
309 4886 185 861
251 3654 210 882
235 3804 214 915
274 4385 188 857
278 4113 190 830
309 4886 185 861
244 3724 211 864
273 3741 204 850
235 3804 214 915
257 3999 196 837
275 4506 190 833
260 3761 217 815
242 4106 193 829
239 3943 194 839
240 3617 226 855
277 4253 188 847
263 3754 214 863
274 4154 192 849
248 4113 220 822
240 3617 226 855
276 3879 200 878
256 4237 192 838
242 3793 207 847
258 3914 196 834
244 3724 211 864
273 3741 204 850
235 3743 217 857
256 3939 209 844
276 3879 200 878
258 3908 195 845
277 4509 197 828
232 3851 208 879
248 4113 220 822
241 3761 208 882
251 3654 210 882
252 3893 191 852
249 3757 219 846
238 3760 209 850
252 3893 191 852
263 3754 214 863
238 3941 198 830
249 3757 219 846
260 3761 217 815
256 3939 209 844
238 3941 198 830
242 3793 207 847
277 4253 188 847
235 3743 217 857
238 3760 209 850
322 5186 184 876
276 3879 200 878
256 3939 209 844
256 3939 209 844
253 3609 209 930
251 3654 210 882
249 3757 219 846
242 3793 207 847
235 3804 214 915
235 3804 214 915
232 3851 208 879
232 3851 208 879
309 4772 218 815
287 4499 190 869
269 3931 220 815
257 4034 242 835
251 3724 213 893
246 3869 233 897
236 3877 219 894
294 3865 212 872
263 4343 191 854
288 4674 190 844
261 4270 231 823
272 4281 196 829
279 4012 194 893
258 3920 239 859
238 4054 202 880
287 4499 190 869
266 4190 198 859
252 4187 222 833
304 4691 193 832
244 3985 240 842
250 4168 229 847
304 4691 193 832
249 3928 228 848
243 3949 197 890
247 3845 210 875
262 4290 215 832
251 3988 202 883
269 4090 196 835
260 4042 201 835
241 3959 205 855
249 4247 204 857
236 3877 219 894
270 4238 207 831
257 4328 191 874
247 3845 210 875
251 3792 225 865
270 4238 207 831
251 3724 213 893
251 4114 194 864
266 4007 223 846
249 4261 224 844
251 3792 225 865
246 3869 233 897
268 3811 216 864
268 4024 232 839
243 3953 205 868
268 4024 232 839
251 4114 194 864
261 3925 228 855
268 3811 216 864
243 3949 197 890
268 4188 195 844
243 3953 205 868
251 3988 202 883
266 4007 223 846
251 3792 225 865
247 3845 210 875
243 3949 197 890
331 5433 222 818
316 5147 191 846
305 4289 260 827
290 3820 220 885
254 3891 214 988
244 4059 213 857
275 4119 199 927
313 4774 221 822
316 5147 191 846
301 4954 193 869
256 3856 246 877
248 4056 231 884
305 4289 260 827
281 4599 195 846
282 4017 204 899
256 3847 224 914
283 4373 237 823
297 4565 236 819
257 4177 207 874
251 4120 209 875
271 4454 200 864
269 4003 211 890
269 4000 224 849
262 4526 214 838
304 4476 227 835
266 4263 203 838
256 4343 235 854
289 4509 196 868
285 4098 221 850
261 4338 213 843
271 4329 192 878
274 4005 243 833
263 4105 227 847
254 4235 195 870
265 4062 207 869
272 4492 198 833
254 4256 204 865
274 4005 243 833
272 4492 198 833
316 5147 191 846
352 6149 193 868
310 4601 200 833
290 4021 266 859
256 3914 253 890
251 4290 213 866
276 4607 202 887
254 4099 232 881
301 4495 203 843
277 4434 207 857
266 4253 210 888
281 4275 205 841
252 4133 221 866
268 4157 216 887
284 4546 200 836
284 4222 214 881
284 4598 198 858
288 4255 218 866
270 4497 214 858
344 5418 200 857
337 5625 201 848
296 4726 214 842
284 4160 234 872
280 4333 238 889
274 4504 223 915
268 4351 225 907
318 4915 206 894
301 4436 227 844
289 4601 215 852
276 4691 225 885
278 4566 216 862
281 4334 218 875
286 4526 217 898
281 4362 236 843
342 5629 232 871
338 5549 212 900
318 4807 267 842
284 4256 245 875
281 4370 247 887
334 5179 266 847
293 4787 217 895
305 4861 222 885
340 5244 220 881
281 4529 228 886
305 4710 217 886
320 4688 229 886
315 4985 224 890
297 4486 248 896
298 4999 277 906
255 4019 172 787
248 4119 183 767
248 4119 183 767
248 3662 228 776
239 3399 211 821
234 3793 166 790
215 3458 188 840
215 3458 188 840
255 3575 169 798
231 3754 169 811
222 3919 203 825
217 3480 195 832
221 3937 175 783
228 3432 184 816
246 3885 190 779
235 3713 182 782
240 4035 180 782
223 3409 191 795
242 3726 176 821
225 3436 183 828
217 3480 195 832
240 3565 186 813
226 3725 185 785
246 3885 190 779
223 3575 181 788
240 3565 186 813
242 3726 176 821
242 3726 176 821
217 3480 195 832
327 5232 197 774
310 4436 214 773
303 4969 173 814
234 3867 184 851
225 3446 217 842
223 3651 191 841
290 4455 174 790
266 4194 210 777
327 5232 197 774
229 3467 201 808
229 3953 181 833
244 3969 189 797
285 4026 194 782
266 4194 210 777
243 3918 207 784
252 4051 189 782
234 3795 191 820
248 4321 183 799
248 3890 185 787
231 3624 195 791
255 3961 175 802
261 4354 174 815
244 3916 176 813
253 3886 182 784
246 3614 207 806
234 3795 191 820
232 3603 185 835
244 3916 176 813
285 4026 194 782
223 3673 200 815
226 3812 193 818
230 3813 190 800
261 4354 174 815
223 3673 200 815
239 3653 181 801
231 3832 185 839
226 3812 193 818
246 3614 207 806
232 3603 185 835
239 3653 181 801
248 3890 185 787
255 3961 175 802
231 3832 185 839
231 3624 195 791
223 3651 191 841
255 3961 175 802
246 3614 207 806
244 3916 176 813
234 3795 191 820
231 3832 185 839
231 3832 185 839
226 3812 193 818
223 3673 200 815
223 3673 200 815
321 4870 231 779
266 4154 175 818
252 3656 241 811
239 3562 223 895
239 3562 223 895
224 3738 200 819
292 4610 180 801
244 3609 201 882
276 4142 202 785
268 3799 234 795
242 3642 214 834
261 4191 212 784
286 4661 180 805
253 4437 190 797
240 3932 217 796
241 4321 185 822
292 4610 180 801
231 3664 193 861
257 4152 180 824
244 3609 201 882
273 4256 185 790
240 3695 231 806
286 4661 180 805
233 4015 196 795
229 3668 200 844
268 4418 176 809
248 3665 190 837
261 4114 198 793
231 3900 195 803
268 4418 176 809
246 4005 208 791
273 4124 193 794
250 3999 181 852
251 3811 203 795
249 3822 207 791
230 3688 197 841
231 3664 193 861
255 4122 186 795
250 3999 181 852
249 4231 181 816
248 3860 182 821
265 3918 179 839
256 4240 179 846
256 4240 179 846
268 4151 179 815
260 3712 207 810
250 4169 192 799
232 3649 191 835
261 4114 198 793
250 4169 192 799
260 3712 207 810
252 4249 185 805
232 3649 191 835
240 3695 231 806
265 3918 179 839
246 3883 201 796
248 3860 182 821
240 3853 186 801
239 3675 186 819
233 4015 196 795
260 4012 196 795
256 3821 201 800
256 3821 201 800
246 3883 201 796
239 3675 186 819
265 3918 179 839
256 4240 179 846
250 4169 192 799
250 3999 181 852
246 3883 201 796
244 3609 201 882
244 3609 201 882
240 3695 231 806
239 3562 223 895
232 3649 191 835
232 3649 191 835
231 3664 193 861
231 3664 193 861
322 5025 178 819
293 4837 259 785
255 3636 222 908
255 3636 222 908
231 4019 214 891
255 3942 223 803
236 3740 210 863
273 4290 184 843
309 4991 186 794
278 4559 192 799
310 4567 185 794
294 4688 181 808
298 4548 185 805
291 4473 191 795
261 3858 217 813
233 3839 209 848
262 4409 192 805
246 3713 201 820
254 3649 197 855
266 4016 213 792
250 3932 189 828
245 4042 203 795
254 4182 191 816
241 3813 195 831
259 4048 190 811
243 3697 193 829
236 4083 197 840
253 4193 186 828
269 4614 179 841
244 3791 187 853
251 3965 220 796
294 4537 186 816
239 3959 192 841
233 3839 209 848
270 4423 181 829
255 4417 187 822
269 4614 179 841
296 4260 191 800
294 4688 181 808
291 4473 191 795
241 3813 195 831
265 4040 209 805
257 3797 191 838
266 4056 189 801
296 4260 191 800
251 3965 220 796
243 4009 188 822
248 3884 192 813
247 4006 192 839
248 3884 192 813
257 3797 191 838
236 4083 197 840
270 4423 181 829
247 4073 209 794
254 3649 197 855
244 3791 187 853
256 4067 185 829
254 3948 187 839
256 4067 185 829
266 4056 189 801
256 4067 185 829
255 3636 222 908
251 3965 220 796
233 3839 209 848
333 5301 190 806
289 4488 184 836
261 3777 225 841
254 3762 200 872
248 4075 213 800
235 3916 210 870
274 4681 186 829
315 5139 187 809
297 4138 198 804
315 5139 187 809
256 3763 219 866
238 3999 217 853
268 4264 201 816
244 3920 209 865
251 4010 196 821
248 3790 207 857
263 3963 215 814
253 3832 201 847
268 4253 205 811
250 3878 204 833
246 3907 198 845
266 3785 193 830
248 4087 207 801
254 3984 190 835
250 4097 194 818
264 4101 186 832
254 4063 205 816
264 4016 195 830
315 5139 187 809
299 4891 203 810
288 4470 208 801
287 4484 187 898
266 4130 237 828
263 3829 232 864
251 4020 202 831
256 4223 211 806
269 4212 224 818
297 4631 192 845
256 3993 230 847
278 4571 208 817
279 4162 206 820
264 4044 190 856
253 4037 201 838
253 4076 197 843
254 4031 195 843
256 4166 194 819
307 5108 208 822
286 4339 192 878
277 4191 226 831
251 4020 214 834
264 4382 195 828
253 4274 203 842
295 4368 200 832
263 4108 211 861
262 4125 209 855
260 4336 213 829
261 4114 210 837
287 4185 256 903
271 4464 196 829
273 4407 216 835
278 4425 206 829
274 4450 223 834
324 5234 234 829
285 4828 201 840
273 4532 206 830
327 4675 219 836
323 5466 202 892
276 4611 212 874
294 4802 206 843
281 4807 216 837
284 4653 209 838
308 4783 222 838
301 4908 250 839
319 5105 222 855
322 5224 230 857
