227423 2820.61
193 2098 144 684
189 2099 144 684
189 2096 144 691
177 1922 164 663
172 1947 164 663
171 1841 156 678
168 1941 145 695
160 1882 154 677
192 2092 144 691
171 2001 157 665
162 1862 162 675
183 1957 145 685
173 1926 157 665
160 1896 152 682
179 1911 146 680
168 1941 145 695
171 2001 157 665
192 2092 144 691
169 1956 162 669
171 1971 157 667
176 1888 145 687
176 1849 150 673
171 1855 154 676
171 1855 164 669
183 1957 145 685
168 1947 157 671
168 1872 150 686
171 1913 146 690
163 1878 162 672
165 1895 150 676
172 1906 148 677
171 1905 148 687
171 1971 157 667
160 1902 150 686
175 1894 147 691
175 1885 149 685
171 1863 156 668
171 1846 150 680
177 1932 146 680
176 1849 150 673
175 1851 150 678
179 1911 146 680
169 1956 162 669
177 1862 164 666
165 1895 150 676
172 1914 146 683
175 1885 149 685
171 1864 164 666
168 1938 146 683
168 1872 150 686
175 1894 147 691
163 1878 162 672
161 1870 154 674
161 1901 150 676
175 1896 145 687
169 1946 157 671
173 1926 157 665
173 1929 146 682
160 1909 154 674
162 1884 162 672
161 1870 154 674
193 2098 144 684
175 1851 150 678
174 1926 164 663
173 1936 164 663
160 1909 154 674
176 1854 164 669
175 1853 150 671
171 1913 146 690
171 1912 148 684
171 1863 150 670
161 1885 150 683
172 1906 148 677
162 1884 162 672
161 1901 150 676
171 1863 156 668
171 1863 150 670
162 1862 162 675
177 1922 164 663
174 1926 164 663
172 1957 146 682
168 1894 150 676
173 1936 164 663
171 1842 156 671
161 1879 150 686
177 1932 146 680
176 1888 145 687
171 1846 150 680
168 1938 146 683
160 1902 150 686
189 2096 144 691
175 1853 150 671
172 1928 157 665
160 1882 154 677
189 2099 144 684
176 1863 164 666
176 1854 164 669
173 1929 146 682
172 1957 146 682
172 1928 157 665
172 1914 146 683
171 1912 148 684
171 1905 148 687
171 1855 154 676
171 1842 156 671
171 1841 156 678
169 1946 157 671
193 2098 144 684
193 2098 144 684
193 2098 144 684
193 2098 144 684
193 2098 144 684
193 2098 144 684
193 2098 144 684
193 2098 144 684
193 2098 144 684
193 2098 144 684
193 2098 144 684
193 2098 144 684
193 2098 144 684
193 2098 144 684
193 2098 144 684
193 2098 144 684
193 2098 144 684
193 2098 144 684
193 2098 144 684
193 2098 144 684
193 2098 144 684
193 2098 144 684
193 2098 144 684
193 2098 144 684
193 2098 144 684
193 2098 144 684
193 2098 144 684
193 2098 144 684
193 2098 144 684
193 2098 144 684
193 2098 144 684
193 2098 144 684
193 2098 144 684
193 2098 144 684
193 2098 144 684
193 2098 144 684
193 2098 144 684
193 2098 144 684
193 2098 144 684
193 2098 144 684
193 2098 144 684
193 2098 144 684
193 2098 144 684
193 2098 144 684
193 2098 144 684
193 2098 144 684
193 2098 144 684
193 2098 144 684
193 2098 144 684
193 2098 144 684
193 2098 144 684
196 2160 144 684
193 2164 144 684
190 2125 144 686
172 1886 156 668
171 1850 156 671
170 1951 164 696
182 1994 148 677
184 1964 146 680
176 1900 145 687
178 1850 150 678
173 1886 154 683
175 1864 150 673
175 1900 149 685
173 1882 150 685
208 2162 144 684
194 2174 144 684
182 1984 159 668
180 1993 156 668
179 1872 150 686
177 1902 145 687
171 1895 156 671
193 2012 146 680
185 1886 150 673
175 1880 150 679
175 1895 159 670
176 1893 150 673
201 2131 146 680
194 2176 144 684
186 2028 159 668
178 1935 145 687
171 1896 156 675
193 2057 148 684
179 1912 150 673
185 1907 156 671
175 1898 150 680
178 1928 159 670
177 1900 150 675
176 1921 156 671
178 1926 150 673
205 2180 144 684
198 2311 144 684
196 2049 159 668
182 1951 146 689
178 1900 150 680
171 1945 156 685
180 1931 150 673
177 1909 159 676
188 1942 145 687
201 2199 144 684
177 1908 150 680
175 1952 156 682
176 1972 156 671
188 1936 159 672
177 1949 156 671
178 1941 159 670
178 1950 150 673
204 2224 144 684
198 2323 144 684
198 2318 144 691
186 1963 159 670
182 1902 150 687
178 1995 162 675
177 1981 152 696
182 1999 156 671
189 1992 145 687
178 1992 154 677
201 2281 144 690
180 1939 150 673
186 1936 150 673
204 2329 144 684
199 2357 144 690
199 2319 144 691
188 2005 159 670
182 1944 161 688
180 1951 169 697
193 2020 145 687
184 1951 150 675
193 1944 150 673
181 2012 156 675
180 1987 159 683
199 1989 159 670
182 1981 150 673
181 1982 159 684
215 2371 144 684
208 2335 144 691
203 2415 144 690
202 2056 159 670
184 1952 150 675
182 1996 150 673
194 2031 145 687
212 2383 144 684
214 2370 144 690
215 2377 144 684
212 2401 144 684
206 2384 145 705
200 1997 150 673
194 1989 159 677
192 1959 150 682
185 2011 157 684
206 2277 146 691
189 2021 150 675
188 2020 156 685
194 2009 150 680
186 1961 157 683
186 1990 159 675
220 2407 144 698
218 2507 144 684
192 1989 159 686
188 2019 159 675
186 2003 159 677
207 2438 147 695
193 2168 150 690
200 2136 156 678
195 2059 150 680
193 2073 154 686
191 2139 155 687
194 2149 150 690
195 2057 156 685
222 2532 144 684
201 2369 152 690
200 2057 159 679
189 2209 164 687
187 2027 161 688
212 2100 150 680
195 2189 159 681
209 2417 156 679
208 2300 156 689
199 2361 156 689
208 2390 156 682
224 2693 146 691
220 2496 156 710
200 2057 159 684
222 2356 156 699
205 2440 157 696
217 2393 157 688
200 2068 159 685
216 2482 159 685
210 2359 159 688
215 2418 159 688
228 2489 159 701
219 2555 163 704
215 2481 172 691
