47118 960.146
157 2421 157 710
154 2491 154 724
160 2415 160 699
167 2601 167 694
160 2620 155 706
171 2621 171 691
167 2365 165 709
164 2447 164 696
184 2872 160 695
159 2377 157 716
170 2375 170 700
160 2369 160 708
162 2392 160 699
168 2725 152 727
164 2650 153 723
177 2811 150 735
175 2854 156 703
166 2690 154 712
179 2752 179 689
176 2482 170 694
190 2669 170 691
164 2435 154 720
160 2534 154 714
166 2435 164 696
201 2897 167 693
180 2953 152 719
187 2949 151 724
176 2599 171 691
184 2671 182 689
163 2495 156 707
156 2570 155 722
155 2562 155 723
190 2770 156 703
161 2473 155 710
175 2509 167 694
171 2584 171 693
160 2445 155 713
158 2493 155 713
162 2383 160 705
194 2779 194 687
182 2697 179 689
170 2738 160 698
176 2755 160 696
203 3005 155 705
191 2837 191 687
170 2526 157 706
180 2877 152 722
180 2604 153 732
179 2670 160 696
180 2588 160 698
179 2930 152 720
199 2637 160 696
187 2896 151 731
158 2558 154 720
159 2423 156 730
186 2945 151 726
192 2814 191 687
161 2419 157 710
182 2597 182 692
215 3060 203 685
236 3621 149 738
167 2365 165 709
154 2491 154 724
200 3156 168 735
215 3173 206 730
233 3774 198 780
203 3056 159 717
198 2850 179 733
236 3482 200 729
230 3313 185 725
210 2946 178 716
208 2952 197 743
237 3357 191 748
211 3016 184 715
204 2974 182 718
194 2721 167 718
199 2925 169 721
201 2854 185 732
199 3130 183 727
196 2892 170 712
202 3100 179 750
203 3289 171 745
224 3207 179 731
253 3574 195 740
172 2676 163 723
220 3147 178 727
228 3484 169 764
213 3427 163 729
253 3520 202 739
215 3413 160 722
211 3012 188 749
219 2981 210 738
224 3336 173 732
207 3051 201 729
220 3267 160 722
249 3904 168 747
197 2887 195 724
235 3356 212 735
224 3368 173 722
257 3662 176 747
209 2974 168 723
211 3110 180 720
211 3352 168 721
273 4270 176 764
228 3456 189 748
235 3543 176 751
255 4020 159 724
238 3752 195 749
218 3588 183 741
207 3027 196 729
205 2974 197 721
233 3572 179 716
226 3267 188 755
227 3183 184 747
225 3269 209 746
215 3153 178 712
192 2734 181 722
229 3211 180 709
232 3326 218 755
232 3383 195 753
188 2830 182 706
199 2819 182 706
227 3282 174 726
246 3094 173 726
238 3559 211 748
228 3545 165 739
211 2960 187 704
200 3145 160 722
246 3736 179 752
214 3248 184 745
231 3430 160 729
201 3043 166 715
201 3138 167 714
241 3527 185 728
186 2705 172 722
262 3780 192 730
250 3900 187 755
230 3294 167 725
199 2911 185 728
240 3267 190 725
214 2973 159 729
227 3596 197 746
221 3458 183 750
224 3074 210 726
241 3677 169 764
231 3373 192 740
206 3109 185 756
207 3073 170 708
207 3307 158 739
223 3367 203 746
261 4314 183 767
198 2959 168 725
200 2924 174 736
215 3507 176 724
200 2984 170 704
220 3390 184 745
238 3382 200 725
207 3369 177 728
201 2811 172 717
232 3423 195 741
250 3465 176 739
187 2890 183 731
208 3142 171 724
210 3077 175 734
233 3484 188 713
228 3362 176 726
206 3138 184 727
206 3153 187 722
189 2846 178 745
209 3142 179 745
202 2908 166 715
216 3200 194 744
182 3019 160 736
201 3010 195 746
219 3213 177 746
253 4165 198 762
216 3156 188 716
233 3464 195 721
197 3001 173 729
213 3178 178 741
227 3545 170 724
243 3250 161 728
198 2911 190 745
225 3368 192 742
230 3551 198 738
238 3252 208 739
202 3157 169 746
213 3087 187 715
205 3286 170 710
247 3625 207 752
224 3339 195 724
230 3637 181 718
262 3753 191 758
212 3372 165 740
232 3666 196 736
226 3425 168 721
216 3249 187 718
205 3298 177 728
242 3260 213 754
181 2676 159 713
202 3149 178 741
185 2669 171 724
201 3135 167 722
208 3033 177 728
280 4064 208 749
248 3421 223 737
212 3325 202 736
218 3147 172 717
193 2677 175 714
250 3597 189 761
270 4289 207 745
183 2782 160 726
223 3238 194 739
214 3170 196 738
241 3594 203 744
210 3011 206 744
262 3855 185 729
190 3068 170 723
233 3537 178 718
198 2858 179 716
213 2987 178 727
227 3591 184 730
202 3145 173 725
213 3256 169 718
216 3292 176 736
212 3272 172 725
183 2760 183 725
246 3686 200 727
240 3685 168 741
228 3531 173 736
216 3112 200 714
230 3126 168 721
214 3145 154 724
205 3165 174 737
224 3145 191 717
288 4160 193 748
250 3532 194 735
225 3224 185 734
223 3356 181 721
229 3090 212 723
196 2996 195 716
189 2882 184 715
209 3179 174 748
200 3128 178 728
194 2980 182 706
219 3213 202 728
244 3908 182 744
235 3458 173 726
254 3941 183 727
256 3426 169 732
231 3350 190 738
210 3088 176 713
239 3504 197 740
199 3060 154 724
186 2901 164 720
206 3283 185 742
245 3518 184 731
237 3499 178 726
219 3632 183 775
228 3427 180 718
202 2848 166 738
224 3100 197 710
239 3400 196 741
192 2879 184 734
243 3653 188 718
219 3465 175 750
235 3598 181 738
203 3005 181 718
185 2925 169 747
192 2904 164 741
219 3113 208 744
234 3602 164 742
215 2875 177 756
254 3747 164 753
200 2888 172 729
237 3434 184 745
231 3682 207 745
200 3089 172 717
210 2859 180 723
208 3035 198 732
236 3461 187 740
193 3041 168 721
198 2899 185 727
228 3362 223 740
217 2952 172 730
222 3217 185 727
243 3740 202 745
240 3445 172 721
219 3131 212 743
259 3878 179 759
187 2743 185 733
191 2941 173 729
225 3272 171 724
224 3252 209 750
210 3185 194 739
250 3880 180 724
233 3747 164 744
198 2962 184 747
220 3174 181 731
209 3131 170 720
