38923 870.352
142 2067 142 691
216 2226 216 652
143 2069 141 695
156 1884 156 679
216 2226 216 652
201 2185 201 654
204 2116 204 654
211 2109 204 654
174 2157 174 658
202 2184 201 654
211 2109 204 654
192 2029 192 656
192 2029 192 656
180 1997 180 658
147 1918 144 684
146 1936 144 688
189 2075 189 656
186 2174 186 656
170 1986 168 660
153 1896 150 680
211 2109 204 654
170 1986 168 660
155 1910 155 672
192 2029 192 656
186 2174 186 656
177 2032 177 658
165 1905 156 664
165 2101 165 660
165 2101 165 660
178 2014 177 658
166 1931 160 662
178 2014 177 658
153 1887 144 681
174 2157 174 658
154 1947 145 679
145 2057 143 690
146 1936 144 688
144 2051 142 691
170 1986 168 660
153 1921 150 676
145 2057 143 690
201 2185 201 654
143 2061 143 693
166 1931 160 662
149 2047 142 691
182 1996 180 658
157 1934 157 667
161 1939 160 662
167 1995 165 660
186 2174 186 656
172 1962 172 660
164 1921 164 662
149 2041 142 694
150 1923 150 683
189 2075 189 656
159 1914 157 666
167 1956 157 662
148 2017 144 674
152 1925 144 681
187 2173 186 656
174 2157 174 658
152 1970 152 668
170 1986 168 660
153 1922 150 670
189 2075 189 656
156 1946 156 664
177 2032 177 658
148 1999 144 677
159 1903 156 669
143 2061 143 693
182 2009 177 658
164 1921 164 662
161 1939 160 662
189 2075 189 656
201 2185 201 654
182 1996 180 658
159 1888 152 678
189 2075 189 656
154 1912 150 674
176 2071 174 658
172 1962 172 660
155 1910 155 672
144 2045 142 694
150 1953 150 670
159 1909 156 667
156 1884 156 679
202 2184 201 654
167 1956 157 662
150 2051 141 695
182 2009 177 658
148 1999 144 677
186 2174 186 656
154 1898 150 678
154 1901 152 675
159 1900 152 675
150 1929 150 673
159 1903 156 669
144 2045 142 694
172 1962 172 660
187 2173 186 656
204 2116 204 654
180 1997 180 658
152 1970 152 668
172 1962 172 660
154 1913 150 673
150 1923 150 683
154 1912 150 674
159 1914 157 666
153 1896 150 680
147 1918 144 684
160 1966 157 662
150 1929 150 673
159 1888 152 678
156 1917 156 668
143 2069 141 695
154 1898 150 678
153 1896 150 680
156 1884 156 679
156 1917 156 668
153 1921 150 676
148 1999 144 677
156 1943 156 667
177 2032 177 658
144 2050 144 674
204 2116 204 654
158 1919 150 670
159 1915 156 664
160 1949 160 662
142 2067 142 691
143 2069 141 695
154 1947 145 679
142 2067 142 691
143 2061 143 693
156 1943 156 667
187 2173 186 656
151 1911 150 681
155 1910 155 672
158 1919 150 670
176 2071 174 658
171 1955 157 662
151 1911 150 681
164 1921 164 662
167 1995 165 660
159 1909 156 667
153 1887 144 681
159 1990 157 662
153 1957 152 668
164 1921 164 662
161 1939 160 662
154 1912 150 674
152 1970 152 668
157 2015 157 662
147 1918 144 684
155 1910 155 672
171 1955 157 662
148 1941 144 681
152 1970 152 668
160 1949 160 662
145 2053 141 695
149 2041 142 694
160 1966 157 662
165 1905 156 664
159 1990 157 662
146 1936 144 688
164 1921 164 662
148 1941 144 681
171 1955 157 662
152 1944 150 670
157 2015 157 662
142 2059 142 694
142 2059 142 694
156 1946 156 664
157 1934 157 667
150 1953 150 670
148 2017 144 674
149 2047 142 691
145 2053 141 695
156 1917 156 668
148 1941 144 681
152 1925 144 681
156 1943 156 667
161 1939 160 662
154 1933 152 668
177 2070 174 658
155 1910 155 672
156 1946 156 664
154 1913 150 673
180 1997 180 658
177 2070 174 658
159 1900 152 675
154 1901 152 675
154 1947 145 679
153 1922 150 670
201 2185 201 654
182 1996 180 658
144 2050 144 674
159 1888 152 678
154 1898 150 678
153 1957 152 668
156 1917 156 668
152 1944 150 670
153 1922 150 670
159 1915 156 664
165 1897 156 667
157 2015 157 662
165 1897 156 667
154 1933 152 668
201 2185 201 654
159 1888 152 678
150 1923 150 683
155 1910 155 672
174 2157 174 658
216 2226 216 652
159 1903 156 669
156 1884 156 679
165 1905 156 664
177 2032 177 658
189 2075 189 656
153 1921 150 676
192 2029 192 656
167 1956 157 662
180 1997 180 658
159 1903 156 669
161 1939 160 662
201 2185 201 654
148 1999 144 677
178 2014 177 658
159 1915 156 664
186 2174 186 656
186 2174 186 656
182 2009 177 658
180 1997 180 658
192 2029 192 656
170 1986 168 660
159 1888 152 678
187 2173 186 656
155 1910 155 672
154 1898 150 678
149 2041 142 694
182 2009 177 658
202 2184 201 654
155 1910 155 672
202 2184 201 654
189 2075 189 656
187 2173 186 656
202 2184 201 654
148 1999 144 677
160 1949 160 662
216 2226 216 652
189 2075 189 656
211 2109 204 654
156 1943 156 667
187 2173 186 656
156 1917 156 668
159 1914 157 666
150 1923 150 683
148 1999 144 677
153 1921 150 676
159 1903 156 669
153 1896 150 680
153 1922 150 670
145 2053 141 695
167 1995 165 660
160 1949 160 662
153 1896 150 680
201 2185 201 654
142 2067 142 691
167 1956 157 662
154 1898 150 678
144 2050 144 674
161 1939 160 662
192 2029 192 656
177 2032 177 658
160 1949 160 662
152 1970 152 668
147 1918 144 684
155 1910 155 672
156 1884 156 679
156 1943 156 667
202 2184 201 654
192 2029 192 656
186 2174 186 656
164 1921 164 662
204 2116 204 654
148 2017 144 674
154 1912 150 674
187 2173 186 656
154 1947 145 679
142 2059 142 694
154 1947 145 679
165 1905 156 664
216 2226 216 652
149 2041 142 694
153 1887 144 681
159 1888 152 678
182 2009 177 658
156 1943 156 667
164 1921 164 662
147 1918 144 684
201 2185 201 654
