64984 1350.47
150 2439 150 709
149 2458 149 713
153 2451 153 706
162 2436 162 697
157 2415 154 699
154 2467 154 699
161 2401 155 705
192 3139 160 696
162 2384 149 716
174 2608 174 695
156 2380 154 716
158 2531 149 712
166 2427 162 697
154 2385 154 710
182 2948 160 698
155 2384 154 710
206 3048 160 696
160 2598 148 722
184 2593 174 695
166 2641 148 719
154 2440 154 702
155 2448 154 699
156 2434 150 709
153 2423 149 719
165 2424 149 713
168 2624 148 719
156 2417 154 706
154 2429 149 713
159 2427 150 712
155 2436 154 702
176 2601 174 695
155 2426 154 709
166 2407 154 709
156 2434 154 703
161 2412 154 708
179 2600 174 695
191 2881 147 723
150 2453 149 713
152 2449 149 713
197 3158 189 693
196 3186 189 693
151 2452 149 716
213 3543 167 694
156 2387 155 712
158 2429 154 699
157 2409 154 710
155 2442 150 709
154 2439 153 709
162 2415 149 718
154 2445 154 703
161 2410 160 706
163 2424 155 705
166 2430 149 713
150 2458 149 713
154 2450 154 702
156 2440 149 713
155 2441 149 713
161 2438 151 717
157 2432 149 720
168 2417 155 705
162 2444 162 697
150 2459 150 709
153 2459 153 706
221 3392 159 733
203 3141 164 751
195 3068 173 730
221 3398 184 745
213 3142 183 747
235 3689 168 735
166 2688 154 709
205 3258 192 723
249 3471 188 766
198 3015 176 755
192 2847 179 735
216 3216 177 745
196 3102 175 718
219 3209 168 747
183 2834 183 745
250 3611 201 750
195 2949 168 733
198 2988 193 723
209 3179 168 727
175 2793 164 730
225 3406 163 747
204 3203 177 764
198 2908 183 739
187 2985 150 725
198 2902 188 748
202 2902 172 736
200 2990 174 741
203 3136 188 756
176 2902 169 734
200 3144 155 728
176 2851 168 738
211 3130 168 756
182 2849 154 721
221 3501 163 766
194 3004 176 718
208 3088 154 727
213 3123 164 737
187 2942 178 742
227 3393 170 745
199 3112 153 734
212 3274 183 758
205 3345 195 751
226 3397 169 728
191 3071 175 728
232 3481 183 743
211 3237 170 731
205 3034 183 730
216 3434 160 727
216 3134 186 739
203 2989 157 724
214 3177 183 748
219 3585 182 754
205 2817 160 744
245 3532 184 731
205 3162 169 728
207 3211 161 723
194 2979 164 757
170 2788 170 721
181 2920 156 753
251 4080 178 738
215 3338 188 740
201 3117 191 743
205 3457 168 754
185 2825 164 745
183 2906 177 722
181 2794 156 718
216 3256 174 749
175 2830 169 737
191 3065 168 724
208 3214 175 735
203 3216 169 755
189 2740 164 732
188 3030 164 743
239 3552 171 738
186 2987 171 729
184 2815 164 754
234 3675 172 759
193 3091 164 743
198 3161 174 735
223 3222 169 735
219 3361 188 735
220 3127 168 739
189 3012 169 762
208 2997 164 744
224 3495 164 734
196 2903 166 736
234 3703 160 719
211 3258 173 718
204 3112 168 731
226 3041 187 720
181 2857 174 745
213 3317 183 748
193 3056 179 715
194 3131 173 731
203 3038 161 727
212 3287 173 741
193 3210 183 720
200 3060 178 731
216 3500 178 732
178 2708 149 726
183 2924 164 737
204 3310 160 713
216 3332 164 765
188 2921 169 731
188 2878 173 720
199 3134 187 749
217 3387 182 763
202 3202 178 738
207 3212 173 717
201 3182 154 738
222 3715 168 735
190 2954 185 743
217 3498 164 750
212 3353 183 779
218 3359 175 729
191 2936 168 739
201 2932 164 743
250 4056 164 732
182 2950 173 739
208 3169 202 732
234 3522 171 744
240 3761 155 726
194 3176 168 723
187 2834 156 721
186 2931 168 732
189 2890 172 741
193 2790 188 724
165 2690 153 716
203 3200 171 734
205 3132 168 726
199 2779 172 738
194 2899 161 726
196 3102 178 726
204 2973 195 751
189 2890 163 709
176 2760 155 719
197 2975 165 736
178 2843 157 720
205 3269 180 753
199 3100 178 715
231 3616 183 756
188 2906 168 743
214 3053 193 737
233 3408 177 756
184 2802 160 740
201 2993 164 725
181 2981 161 725
185 2954 149 722
194 3014 149 735
206 3046 174 745
178 2693 169 740
238 3342 170 753
198 3041 164 755
232 3400 164 756
188 2791 164 737
198 2922 178 756
215 3301 160 728
190 2815 162 733
200 3044 169 740
171 2731 149 719
180 2857 154 736
209 3144 163 751
211 2946 169 740
202 3128 179 754
220 3175 156 739
219 3020 159 723
204 3195 186 747
207 3209 160 745
193 2998 178 732
185 2831 154 725
204 3052 181 776
235 3632 188 766
202 3136 185 731
207 3112 193 778
209 3126 168 747
199 3080 185 724
184 3070 167 740
230 3134 173 742
215 3262 173 747
200 2858 160 737
215 3345 173 735
197 3029 169 737
188 2914 161 714
187 2800 161 732
188 2769 177 727
243 3603 168 732
235 3387 196 772
220 3458 172 777
212 3297 193 727
222 3332 161 713
219 3294 183 734
177 2712 159 728
229 3330 172 751
193 3126 183 752
198 3083 192 735
179 2770 172 740
191 3019 160 746
256 4029 176 738
218 3143 186 762
187 2851 168 744
169 2838 162 715
192 2959 164 727
185 3097 170 743
206 3077 164 735
200 3172 155 738
221 3638 179 777
193 2864 172 723
217 3158 164 729
203 3113 163 723
195 2878 155 745
207 2910 178 724
203 3205 162 727
184 2822 162 713
235 3443 180 746
197 3165 159 722
205 3094 158 738
196 3036 179 740
187 2874 162 726
166 2638 149 719
232 3178 179 764
193 2944 178 734
177 2827 159 720
194 3134 184 753
200 3294 173 724
199 3030 179 753
198 2974 178 721
187 3062 160 713
206 3302 185 723
187 2892 156 727
184 2802 157 736
172 2690 164 742
220 3109 161 737
226 3339 195 747
199 3131 173 764
197 3048 157 730
191 2910 168 721
209 3292 183 759
