8522 237.757
150 1921 142 696
144 1917 144 688
150 1921 142 696
209 2282 209 651
155 1845 152 678
209 2282 209 651
194 2182 194 653
197 2145 197 653
179 2163 179 655
185 2063 185 655
197 2145 197 653
179 2163 179 655
170 2051 170 657
182 2118 182 655
185 2063 185 655
173 1941 173 657
194 2182 194 653
185 2063 185 655
197 2145 197 653
173 1941 173 657
182 2118 182 655
169 1954 143 687
166 1903 142 696
166 1900 143 692
162 1946 162 659
149 1961 142 691
158 1937 157 662
151 1873 149 687
155 1845 152 678
165 1911 165 659
164 1919 162 659
165 1911 165 659
170 2051 170 657
165 1911 165 659
144 1917 144 688
158 1860 156 667
151 1881 144 684
154 1870 145 687
182 2118 182 655
159 1929 157 662
147 1987 144 677
144 2028 144 674
154 1856 150 673
166 1900 143 692
160 1895 160 662
169 1954 143 687
151 1950 151 671
157 1916 157 665
148 1980 142 691
173 1941 173 657
182 2118 182 655
173 1941 173 657
182 2118 182 655
197 2145 197 653
162 1938 162 661
157 1894 157 667
173 1941 173 657
145 2002 144 677
156 1849 151 682
155 1855 151 679
145 2022 144 674
160 1926 157 662
169 1955 142 691
155 1853 152 675
156 1875 144 681
157 1963 157 664
147 1966 143 687
164 1919 162 659
157 1916 157 665
148 1980 142 691
158 1864 150 670
162 1938 162 661
160 1895 160 662
149 1961 142 691
145 2022 144 674
158 1869 156 664
157 1990 157 662
146 2012 144 674
164 1889 162 661
152 1897 152 668
170 1878 145 680
156 1875 144 681
156 1846 150 683
158 1857 156 669
157 1874 144 684
164 1879 162 663
158 1857 156 669
157 1894 157 667
146 2012 144 674
158 1850 156 672
160 1926 157 662
147 2007 144 674
164 1879 162 663
158 1864 150 670
152 1860 150 683
158 1850 156 672
152 1897 152 668
155 1853 152 675
153 1866 151 676
170 1878 145 680
153 1866 151 676
155 1855 151 679
144 1917 144 688
156 1849 151 682
144 1918 143 692
146 1990 144 677
158 1850 156 672
155 1845 152 678
153 1858 152 674
155 1845 152 678
154 1856 150 673
154 1864 152 671
157 1939 144 680
164 1889 162 661
156 1849 151 682
156 1893 156 668
146 1883 144 681
152 1872 150 673
154 1856 150 673
152 1876 150 670
144 1917 144 688
170 1878 145 680
147 1898 145 677
158 1869 156 664
144 1918 143 692
151 1873 149 687
150 1921 142 696
151 1881 144 684
166 1903 142 696
153 1858 152 674
157 1894 157 667
153 1866 151 676
156 1846 150 683
150 1921 142 696
159 1929 157 662
148 1980 142 691
166 1882 145 677
155 1845 152 678
152 1872 150 673
147 1905 143 692
144 2028 144 674
169 1955 142 691
147 2007 144 674
154 1887 145 677
146 1883 144 681
145 2002 144 677
144 2006 144 677
153 1866 151 676
155 1853 152 675
146 1929 142 696
166 1903 142 696
146 1990 144 677
166 1900 143 692
147 1987 144 677
149 1923 142 696
151 1950 151 671
150 1964 143 687
154 1887 145 677
166 1903 142 696
162 1946 162 659
147 1898 145 677
149 1923 142 696
154 1870 150 670
152 1876 150 670
149 1948 149 674
164 1879 162 663
149 1948 149 674
151 1881 144 684
147 1905 143 692
157 1963 157 664
157 1891 156 668
158 1847 150 680
152 1872 150 673
150 1921 142 696
157 1891 156 668
156 1846 150 683
150 1964 143 687
154 1856 150 673
153 1859 151 678
152 1860 150 683
160 1895 160 662
153 1866 151 676
151 1881 144 684
162 1938 162 661
144 1918 143 692
169 1955 142 691
153 1858 152 674
157 1894 157 667
155 1855 151 679
158 1864 150 670
155 1865 150 670
152 1897 152 668
155 1865 150 670
166 1882 145 677
162 1938 162 661
157 1963 157 664
153 1859 151 678
153 1858 152 674
158 1850 156 672
164 1919 162 659
154 1854 152 678
155 1853 152 675
158 1937 157 662
144 2006 144 677
158 1847 150 680
157 1939 144 680
154 1854 152 678
157 1874 144 684
156 1893 156 668
156 1875 144 681
166 1882 145 677
147 2007 144 674
154 1887 145 677
151 1881 144 684
165 1911 165 659
155 1865 150 670
158 1864 150 670
151 1881 144 684
155 1853 152 675
157 1894 157 667
166 1882 145 677
194 2182 194 653
197 2145 197 653
170 2051 170 657
165 1911 165 659
147 1987 144 677
166 1900 143 692
146 1990 144 677
149 1923 142 696
151 1950 151 671
147 1987 144 677
155 1845 152 678
157 1916 157 665
182 2118 182 655
173 1941 173 657
165 1911 165 659
146 2012 144 674
156 1849 151 682
165 1911 165 659
155 1845 152 678
152 1860 150 683
169 1954 143 687
209 2282 209 651
170 2051 170 657
145 2022 144 674
173 1941 173 657
173 1941 173 657
145 2022 144 674
197 2145 197 653
173 1941 173 657
146 1990 144 677
157 1939 144 680
150 1921 142 696
160 1895 160 662
151 1950 151 671
145 2002 144 677
156 1849 151 682
169 1954 143 687
158 1864 150 670
156 1849 151 682
152 1872 150 673
209 2282 209 651
146 1883 144 681
153 1858 152 674
156 1875 144 681
169 1954 143 687
155 1845 152 678
164 1919 162 659
157 1891 156 668
151 1873 149 687
154 1870 145 687
173 1941 173 657
146 2012 144 674
145 2002 144 677
155 1865 150 670
144 1917 144 688
153 1866 151 676
153 1858 152 674
155 1855 151 679
151 1873 149 687
160 1895 160 662
155 1855 151 679
151 1881 144 684
153 1866 151 676
155 1855 151 679
164 1879 162 663
157 1894 157 667
155 1865 150 670
153 1859 151 678
153 1859 151 678
155 1855 151 679
151 1873 149 687
147 1987 144 677
155 1853 152 675
157 1916 157 665
150 1921 142 696
146 2012 144 674
158 1864 150 670
145 2022 144 674
145 2002 144 677
