12110 60.0156
258 4031 156 712
223 3535 167 707
190 3205 183 783
214 3540 155 743
258 4031 156 712
191 2869 171 766
190 3205 183 783
258 4031 156 712
217 3422 164 723
232 3517 179 707
239 3877 163 732
239 3877 163 732
190 3205 183 783
213 3245 159 768
193 3142 192 737
214 3540 155 743
214 3540 155 743
193 3142 192 737
249 3729 156 721
249 3729 156 721
249 3729 156 721
213 3269 197 719
249 3729 156 721
197 2945 178 751
191 3099 173 761
195 3002 176 742
217 3422 164 723
223 3535 167 707
195 3344 165 744
200 3166 161 737
197 2945 178 751
191 2869 171 766
197 2945 178 751
258 4031 156 712
195 3002 176 742
190 3205 183 783
205 3346 165 734
191 2869 171 766
191 3099 173 761
208 3224 165 722
213 3245 159 768
213 3245 159 768
213 3245 159 768
223 3535 167 707
200 3166 161 737
258 4031 156 712
195 3002 176 742
197 2945 178 751
204 3135 166 764
191 3099 173 761
205 3346 165 734
197 3327 163 766
195 3002 176 742
200 3166 161 737
200 3166 161 737
199 3266 172 762
205 3346 165 734
195 3002 176 742
199 3266 172 762
205 3346 165 734
200 3166 161 737
213 3245 159 768
190 3205 183 783
204 3135 166 764
191 2869 171 766
195 3107 173 722
197 2945 178 751
217 3422 164 723
197 2945 178 751
195 3002 176 742
204 3135 166 764
191 2869 171 766
204 3135 166 764
191 2869 171 766
195 3107 173 722
199 3266 172 762
195 3344 165 744
191 3099 173 761
191 3099 173 761
205 3346 165 734
197 2945 178 751
199 3266 172 762
200 3166 161 737
213 3245 159 768
208 3224 165 722
191 2869 171 766
214 3540 155 743
214 3540 155 743
191 3099 173 761
195 3107 173 722
195 3344 165 744
204 3135 166 764
195 3107 173 722
195 3107 173 722
200 3166 161 737
258 4031 156 712
213 3245 159 768
190 3205 183 783
195 3002 176 742
191 2869 171 766
197 2945 178 751
200 3166 161 737
249 3729 156 721
191 2869 171 766
191 2869 171 766
197 2945 178 751
190 3205 183 783
197 2945 178 751
197 2945 178 751
197 2945 178 751
204 3135 166 764
195 3344 165 744
199 3266 172 762
197 2945 178 751
205 3346 165 734
199 3266 172 762
197 2945 178 751
208 3224 165 722
213 3245 159 768
195 3344 165 744
195 3107 173 722
223 3535 167 707
195 3002 176 742
200 3166 161 737
191 2869 171 766
191 2869 171 766
190 3205 183 783
191 2869 171 766
190 3205 183 783
190 3205 183 783
200 3166 161 737
195 3344 165 744
223 3535 167 707
199 3266 172 762
195 3107 173 722
191 2869 171 766
213 3269 197 719
191 2869 171 766
205 3346 165 734
191 2869 171 766
190 3205 183 783
200 3166 161 737
195 3107 173 722
191 3099 173 761
195 3344 165 744
191 2869 171 766
213 3245 159 768
195 3002 176 742
258 4031 156 712
197 2945 178 751
195 3344 165 744
195 3344 165 744
249 3729 156 721
200 3166 161 737
197 3327 163 766
191 2869 171 766
258 4031 156 712
213 3245 159 768
195 3107 173 722
200 3166 161 737
258 4031 156 712
213 3245 159 768
200 3166 161 737
195 3002 176 742
200 3166 161 737
205 3346 165 734
195 3107 173 722
195 3344 165 744
258 4031 156 712
195 3107 173 722
191 2869 171 766
197 2945 178 751
200 3166 161 737
191 2869 171 766
204 3135 166 764
199 3266 172 762
249 3729 156 721
195 3344 165 744
191 2869 171 766
197 2945 178 751
191 2869 171 766
217 3422 164 723
197 3327 163 766
195 3002 176 742
200 3166 161 737
199 3266 172 762
205 3346 165 734
195 3002 176 742
199 3266 172 762
205 3346 165 734
200 3166 161 737
213 3245 159 768
190 3205 183 783
204 3135 166 764
191 2869 171 766
197 2945 178 751
205 3346 165 734
197 2945 178 751
195 3002 176 742
204 3135 166 764
191 2869 171 766
195 3107 173 722
195 3344 165 744
191 3099 173 761
199 3266 172 762
213 3245 159 768
208 3224 165 722
191 2869 171 766
191 3099 173 761
195 3344 165 744
195 3107 173 722
249 3729 156 721
223 3535 167 707
190 3205 183 783
214 3540 155 743
258 4031 156 712
191 2869 171 766
190 3205 183 783
239 3877 163 732
213 3245 159 768
193 3142 192 737
214 3540 155 743
193 3142 192 737
249 3729 156 721
249 3729 156 721
213 3269 197 719
258 4031 156 712
197 2945 178 751
191 3099 173 761
195 3002 176 742
197 2945 178 751
190 3205 183 783
191 2869 171 766
208 3224 165 722
213 3245 159 768
223 3535 167 707
200 3166 161 737
258 4031 156 712
197 2945 178 751
204 3135 166 764
191 3099 173 761
200 3166 161 737
205 3346 165 734
200 3166 161 737
195 3107 173 722
191 3099 173 761
258 4031 156 712
197 2945 178 751
249 3729 156 721
191 2869 171 766
258 4031 156 712
195 3107 173 722
200 3166 161 737
258 4031 156 712
213 3245 159 768
195 3002 176 742
191 2869 171 766
205 3346 165 734
195 3107 173 722
195 3344 165 744
258 4031 156 712
195 3107 173 722
191 2869 171 766
197 2945 178 751
200 3166 161 737
191 2869 171 766
204 3135 166 764
249 3729 156 721
191 2869 171 766
197 2945 178 751
191 2869 171 766
197 2945 178 751
213 3245 159 768
195 3002 176 742
197 2945 178 751
200 3166 161 737
249 3729 156 721
191 2869 171 766
191 2869 171 766
197 2945 178 751
190 3205 183 783
197 2945 178 751
197 2945 178 751
197 2945 178 751
204 3135 166 764
199 3266 172 762
217 3422 164 723
205 3346 165 734
197 2945 178 751
208 3224 165 722
223 3535 167 707
200 3166 161 737
191 2869 171 766
190 3205 183 783
191 2869 171 766
190 3205 183 783
190 3205 183 783
223 3535 167 707
199 3266 172 762
191 2869 171 766
