185620 2280.53
223 2314 157 688
223 2314 157 688
217 2114 217 649
217 2114 217 649
209 2324 159 691
209 2299 159 693
182 1975 175 658
212 2222 158 671
202 2062 202 651
212 2222 158 671
209 2299 159 693
202 2062 202 651
197 1999 190 656
190 2052 187 653
188 2101 162 662
184 1993 174 665
196 1990 165 664
184 1993 174 665
196 2021 178 655
196 2018 166 657
192 2015 190 653
187 2015 174 659
189 2028 162 662
190 2052 187 653
182 1975 175 658
192 2015 190 653
209 2324 159 691
187 2022 175 655
187 2018 163 660
197 1999 190 656
188 2101 162 662
196 2021 178 655
187 2022 175 655
196 1990 165 664
187 2018 163 660
189 2028 162 662
196 2018 162 659
187 2018 174 657
196 2018 166 657
187 2018 174 657
217 2114 217 649
217 2114 217 649
217 2114 217 649
217 2114 217 649
217 2114 217 649
217 2114 217 649
217 2114 217 649
217 2114 217 649
217 2114 217 649
217 2114 217 649
217 2114 217 649
217 2114 217 649
217 2114 217 649
217 2114 217 649
217 2114 217 649
217 2114 217 649
217 2114 217 649
217 2114 217 649
217 2114 217 649
217 2114 217 649
217 2114 217 649
217 2114 217 649
217 2114 217 649
217 2114 217 649
217 2114 217 649
217 2114 217 649
217 2114 217 649
217 2114 217 649
217 2114 217 649
217 2114 217 649
217 2114 217 649
217 2114 217 649
217 2114 217 649
217 2114 217 649
217 2114 217 649
217 2114 217 649
217 2114 217 649
217 2114 217 649
217 2114 217 649
217 2114 217 649
217 2114 217 649
217 2114 217 649
217 2114 217 649
217 2114 217 649
217 2114 217 649
217 2114 217 649
217 2114 217 649
217 2114 217 649
217 2114 217 649
217 2114 217 649
217 2114 217 649
217 2114 217 649
217 2114 217 649
217 2114 217 649
217 2114 217 649
217 2114 217 649
217 2114 217 649
217 2114 217 649
217 2114 217 649
217 2114 217 649
217 2114 217 649
217 2114 217 649
217 2114 217 649
217 2114 217 649
217 2114 217 649
217 2114 217 649
217 2114 217 649
212 2222 158 671
212 2222 158 671
212 2222 158 671
209 2324 159 691
202 2062 202 651
202 2062 202 651
202 2062 202 651
202 2062 202 651
202 2062 202 651
202 2062 202 651
202 2062 202 651
202 2062 202 651
196 2021 178 655
196 2021 178 655
196 2021 178 655
196 2021 178 655
196 2021 178 655
190 2052 187 653
190 2052 187 653
190 2052 187 653
190 2052 187 653
187 2018 174 657
187 2018 174 657
187 2018 174 657
187 2018 174 657
187 2018 163 660
187 2018 163 660
187 2015 174 659
187 2015 174 659
187 2015 174 659
223 2330 157 688
223 2330 157 688
217 2120 217 649
217 2120 217 649
211 2320 161 693
187 2018 174 659
212 2232 158 671
202 2069 202 651
211 2320 161 693
212 2232 158 671
199 2033 190 653
187 2024 163 660
202 2069 202 651
196 2031 178 655
190 2058 187 653
190 2058 187 653
196 2028 162 659
199 2030 170 657
189 2040 175 655
189 2040 175 655
196 2031 166 657
199 2030 170 657
187 2020 174 657
187 2024 163 660
196 2031 178 655
196 2028 162 659
223 2330 157 688
223 2330 157 688
223 2330 157 688
223 2330 157 688
223 2330 157 688
223 2330 157 688
223 2330 157 688
223 2330 157 688
223 2330 157 688
223 2330 157 688
223 2330 157 688
223 2330 157 688
223 2330 157 688
223 2330 157 688
223 2330 157 688
223 2330 157 688
223 2330 157 688
223 2330 157 688
223 2330 157 688
223 2330 157 688
223 2330 157 688
223 2330 157 688
223 2330 157 688
223 2330 157 688
223 2330 157 688
223 2330 157 688
223 2330 157 688
217 2120 217 649
217 2120 217 649
212 2232 158 671
212 2232 158 671
212 2232 158 671
196 2031 178 655
196 2031 178 655
196 2031 178 655
196 2031 178 655
196 2028 162 659
196 2028 162 659
189 2040 175 655
189 2040 175 655
223 2356 157 688
202 2073 202 651
202 2073 202 651
187 2024 174 659
212 2256 166 669
206 2116 162 676
208 2299 167 672
199 2040 190 653
199 2043 182 655
206 2103 169 674
190 2053 175 655
190 2067 174 657
190 2059 187 653
196 2031 170 657
196 2031 170 657
202 2073 202 651
214 2085 205 651
208 2122 162 676
199 2037 170 657
190 2059 175 655
207 2109 169 674
201 2050 182 655
199 2046 190 653
199 2040 190 656
223 2330 165 686
218 2405 167 689
216 2102 205 651
216 2102 205 651
201 2050 190 653
205 2190 174 659
215 2243 170 669
221 2221 172 674
211 2076 185 655
211 2067 173 657
202 2213 174 684
203 2087 178 655
203 2211 174 669
229 2302 173 669
223 2355 165 686
216 2111 205 651
216 2111 205 651
201 2060 190 653
221 2155 180 672
207 2278 187 665
223 2333 169 686
215 2099 185 655
213 2190 181 672
213 2250 178 667
203 2234 174 671
206 2105 189 670
203 2250 174 669
215 2244 182 667
216 2111 205 651
230 2397 169 686
222 2160 209 651
202 2073 194 653
201 2078 190 653
214 2262 178 667
222 2158 184 672
204 2257 174 669
229 2312 173 669
201 2078 190 653
215 2271 178 667
214 2273 178 667
206 2257 174 669
205 2078 190 653
201 2079 190 653
226 2208 190 673
224 2356 177 684
209 2298 174 686
202 2079 194 653
217 2276 182 667
215 2244 190 665
224 2356 177 684
230 2404 181 684
214 2085 197 653
209 2299 174 688
219 2316 182 667
227 2274 193 665
217 2276 190 665
223 2335 177 687
236 2363 185 667
216 2117 197 653
214 2180 201 668
209 2324 174 688
219 2318 182 670
219 2283 194 665
245 2464 204 680
235 2358 217 661
209 2325 174 690
235 2327 205 663
230 2414 189 682
238 2372 184 684
239 2397 196 682
231 2413 193 682
245 2443 196 682
238 2398 184 684
