104452 510.049
179 2934 160 756
277 3743 155 690
193 2974 145 713
175 2775 161 734
277 3743 155 690
207 3106 186 683
239 3393 168 682
179 2934 160 756
211 2908 156 738
236 3561 150 700
234 3734 156 687
190 3057 169 693
227 3341 157 683
236 3561 150 700
223 3477 147 706
188 2876 173 702
200 3235 166 685
193 2974 145 713
176 3013 176 705
223 3477 147 706
211 2748 181 720
207 3106 186 683
236 3561 150 700
187 2849 160 730
184 3117 159 727
189 3019 179 694
213 3447 162 692
216 3068 166 694
213 3162 166 689
188 2876 173 702
227 3341 157 683
234 3734 156 687
213 3162 166 689
200 3235 166 685
222 3389 162 688
197 3001 152 698
188 2944 157 725
207 3106 186 683
200 3235 166 685
177 2931 163 717
211 2748 181 720
187 2849 160 730
239 3393 168 682
211 2748 181 720
187 2877 157 733
211 2748 181 720
178 2819 164 723
197 3001 152 698
203 2918 156 696
196 2824 157 730
197 3001 152 698
193 2974 145 713
178 2833 178 697
207 3106 186 683
222 3389 162 688
227 3341 157 683
194 2913 167 686
178 2833 178 697
223 3477 147 706
203 2918 156 696
277 3743 155 690
211 2908 156 738
183 2998 161 716
211 2908 156 738
184 3117 159 727
216 3068 166 694
211 2908 156 738
175 2775 161 734
188 2762 161 719
178 2833 178 697
227 3341 157 683
175 2775 161 734
183 2998 161 716
181 2893 162 702
222 3389 162 688
207 3106 186 683
178 2819 164 723
239 3393 168 682
213 3447 162 692
213 3162 166 689
200 3235 166 685
239 3393 168 682
200 3235 166 685
213 3447 162 692
203 2918 156 696
183 2984 156 736
185 2978 150 701
234 3734 156 687
191 2815 158 700
213 3447 162 692
223 3477 147 706
213 3162 166 689
188 2762 161 719
184 3117 159 727
184 2824 165 721
183 2984 156 736
223 3477 147 706
196 2824 157 730
277 3743 155 690
193 2974 145 713
211 2748 181 720
203 3081 161 693
194 2913 167 686
178 2833 178 697
203 3081 161 693
211 2908 156 738
193 2974 145 713
211 2748 181 720
185 2978 150 701
211 2908 156 738
179 2934 160 756
178 2891 163 724
239 3393 168 682
227 3341 157 683
188 2762 161 719
184 2824 165 721
236 3561 150 700
184 2824 165 721
222 3389 162 688
194 2913 167 686
183 2984 156 736
216 3068 166 694
197 3001 152 698
207 3106 186 683
179 2934 160 756
184 3117 159 727
239 3393 168 682
213 3447 162 692
222 3389 162 688
178 2891 163 724
187 2877 157 733
175 2775 161 734
203 2918 156 696
197 3001 152 698
223 3477 147 706
234 3734 156 687
222 3389 162 688
176 3013 176 705
216 3068 166 694
181 2893 162 702
211 2748 181 720
175 2775 161 734
213 3447 162 692
211 2748 181 720
176 3013 176 705
222 3389 162 688
187 2849 160 730
200 3235 166 685
211 2748 181 720
213 3060 166 695
222 3389 162 688
184 2824 165 721
187 2849 160 730
197 3001 152 698
181 2893 162 702
188 2762 161 719
211 2748 181 720
200 3235 166 685
178 2833 178 697
179 2934 160 756
200 3235 166 685
227 3341 157 683
175 2775 161 734
211 2748 181 720
211 2748 181 720
211 2908 156 738
227 3341 157 683
277 3743 155 690
236 3561 150 700
211 2748 181 720
188 2944 157 725
184 2824 165 721
188 2876 173 702
223 3477 147 706
236 3561 150 700
234 3734 156 687
196 2824 157 730
277 3743 155 690
188 2944 157 725
223 3477 147 706
193 2974 145 713
175 2775 161 734
211 2908 156 738
223 3477 147 706
211 2748 181 720
193 2974 145 713
191 2815 158 700
196 2824 157 730
183 2998 161 716
213 3162 166 689
184 2824 165 721
236 3561 150 700
181 2893 162 702
223 3477 147 706
236 3561 150 700
239 3393 168 682
234 3734 156 687
194 2913 167 686
277 3743 155 690
234 3734 156 687
223 3477 147 706
216 3068 166 694
175 2775 161 734
188 2762 161 719
227 3341 157 683
175 2775 161 734
183 2998 161 716
200 3235 166 685
239 3393 168 682
213 3447 162 692
183 2984 156 736
185 2978 150 701
194 2913 167 686
191 2815 158 700
223 3477 147 706
213 3162 166 689
184 3117 159 727
184 2824 165 721
223 3477 147 706
277 3743 155 690
193 2974 145 713
203 3081 161 693
194 2913 167 686
211 2908 156 738
236 3561 150 700
179 2934 160 756
277 3743 155 690
193 2974 145 713
175 2775 161 734
239 3393 168 682
236 3561 150 700
234 3734 156 687
190 3057 169 693
188 2876 173 702
207 3106 186 683
185 2978 150 701
189 3019 179 694
213 3447 162 692
213 3162 166 689
234 3734 156 687
188 2944 157 725
200 3235 166 685
177 2931 163 717
239 3393 168 682
193 2974 145 713
222 3389 162 688
227 3341 157 683
236 3561 150 700
176 3013 176 705
222 3389 162 688
213 3060 166 695
187 2849 160 730
188 2762 161 719
178 2833 178 697
200 3235 166 685
211 2908 156 738
227 3341 157 683
277 3743 155 690
188 2944 157 725
223 3477 147 706
211 2748 181 720
188 2944 157 725
223 3477 147 706
223 3477 147 706
196 2824 157 730
183 2998 161 716
181 2893 162 702
236 3561 150 700
239 3393 168 682
234 3734 156 687
194 2913 167 686
184 3117 159 727
211 2908 156 738
178 2891 163 724
239 3393 168 682
227 3341 157 683
184 2824 165 721
236 3561 150 700
184 2824 165 721
222 3389 162 688
194 2913 167 686
207 3106 186 683
179 2934 160 756
234 3734 156 687
239 3393 168 682
213 3447 162 692
222 3389 162 688
187 2877 157 733
175 2775 161 734
223 3477 147 706
222 3389 162 688
176 3013 176 705
216 3068 166 694
181 2893 162 702
213 3490 173 678
277 3743 155 690
239 3393 168 682
213 3162 166 689
190 3057 169 693
179 2934 160 756
