4 0.113767
281 4602 237 865
260 4203 229 868
276 4171 209 939
242 3918 229 907
248 3860 213 876
260 3839 207 952
313 4730 202 956
269 4295 212 930
301 4835 208 918
295 4690 239 871
322 4552 211 943
322 4552 211 943
246 4118 233 998
280 4264 224 928
255 4149 234 996
260 4163 224 929
253 4208 228 946
257 4114 253 961
312 3955 276 940
285 4610 232 879
271 4104 227 916
296 4575 222 896
280 4264 224 928
288 4457 219 918
286 4558 215 911
311 4425 221 917
259 4178 225 916
262 4326 233 884
273 4513 217 908
265 4472 223 946
251 3929 237 963
285 4416 231 912
266 4123 250 921
258 4173 229 956
285 4599 214 883
278 4627 223 899
270 4062 234 976
267 4333 215 987
265 4442 219 973
266 4541 215 967
295 4489 211 975
317 4874 203 960
276 4517 216 974
279 4396 221 938
300 5256 213 934
283 4562 214 951
278 4698 213 937
329 4987 209 950
311 4947 208 954
297 4766 242 876
266 4179 224 956
304 4588 222 904
289 4400 225 920
275 4496 226 940
268 4211 233 954
278 4204 230 937
277 4417 230 945
259 4473 239 933
271 4262 240 929
283 4403 234 907
313 4328 233 934
288 4535 250 898
282 4597 218 947
292 4551 223 918
284 4807 219 922
273 4058 239 1017
256 4131 247 963
256 4131 247 963
275 4106 243 966
260 4270 239 972
329 4617 248 900
329 4617 248 900
306 4615 244 902
294 4671 222 918
315 4805 217 932
321 5079 214 918
316 5029 214 927
300 4625 224 911
288 4759 221 892
295 4600 225 914
300 4754 234 902
325 4689 234 901
316 4749 212 1009
314 4775 212 996
345 5446 207 997
286 4555 220 989
278 4585 220 979
296 4497 223 967
296 4497 223 967
298 4566 218 969
310 4715 217 938
317 4729 214 939
281 4789 218 975
331 4698 216 1003
381 6298 208 990
326 5049 209 979
298 4871 242 889
314 5001 255 883
319 4800 250 888
271 4594 224 961
273 4223 227 992
273 4223 227 992
271 4594 224 961
274 4310 227 962
266 4539 236 1000
271 4318 232 984
271 4594 224 961
301 4514 225 961
269 4538 236 986
270 4543 234 976
270 4267 246 988
270 4380 238 980
286 4370 233 945
295 4384 232 939
288 4324 232 941
278 4486 233 955
273 4345 258 935
285 4379 243 931
271 4501 267 944
275 4354 243 949
271 4264 240 989
271 4264 240 989
299 4322 282 958
299 4301 289 959
280 4448 240 935
273 4490 257 958
284 4544 239 917
296 4447 251 917
289 4524 241 924
315 4569 237 916
288 4524 236 931
283 4699 234 912
287 4629 237 938
289 4604 272 915
286 4689 218 963
291 4669 227 953
287 4645 218 1001
294 4666 224 943
294 4627 231 933
293 4602 226 950
305 5115 219 949
267 4655 252 966
258 4265 256 1007
282 4175 244 995
289 4267 269 970
272 4395 239 974
272 4392 240 972
300 4736 224 913
326 5067 231 907
320 4994 222 918
295 4959 264 907
308 4832 266 900
306 5131 233 893
322 4848 223 925
337 5492 222 900
297 4783 229 933
295 4620 235 920
285 4592 224 989
280 4680 221 993
307 4647 223 972
316 4666 222 986
314 4984 221 953
311 5063 217 980
342 5009 214 973
328 5010 215 965
335 5375 215 948
337 5577 216 945
335 4826 222 948
387 5764 212 985
311 4902 259 900
317 5001 268 891
320 4890 258 911
273 4575 229 1036
288 4353 229 978
283 4327 229 983
288 4353 229 978
288 4573 229 973
281 4461 236 974
281 4461 236 974
281 4461 236 974
287 4452 230 968
286 4312 237 989
287 4452 230 968
325 4451 227 988
285 4428 238 976
292 4616 227 980
274 4781 239 966
322 4567 226 1031
269 4578 236 989
289 4422 241 942
289 4422 241 942
298 4413 237 950
299 4376 233 974
281 4804 234 965
282 4551 235 1019
279 4505 266 936
286 4395 243 932
281 4364 251 982
276 4446 266 956
276 4416 243 964
284 4375 265 963
292 4362 254 969
284 4276 267 991
283 4593 249 938
280 4558 241 961
285 4596 239 932
291 4589 243 917
294 4539 254 929
293 4583 236 933
291 4954 236 922
288 4768 242 923
290 4737 235 924
300 4790 218 966
321 5052 220 965
330 4726 221 983
291 4671 231 958
300 4714 220 1001
306 4698 218 1002
294 4914 230 948
294 4698 229 950
297 4306 263 1055
274 4493 257 980
274 4522 244 1026
321 4886 224 919
305 5013 224 922
302 4895 230 928
313 4979 230 916
309 4991 227 953
312 4762 224 948
309 4991 227 953
303 5005 233 920
301 4771 257 913
324 4763 245 914
328 5126 230 913
309 5067 276 912
345 5306 239 906
306 5341 272 912
328 4970 223 947
289 4746 223 1010
321 5247 223 956
333 5065 217 990
338 5403 220 959
413 7049 220 961
307 4951 218 985
299 4904 291 922
316 4973 266 900
273 4713 273 995
297 4319 278 1020
277 4475 259 1028
333 5597 254 923
348 5126 219 969
295 5144 284 931
335 5390 226 937
334 5227 231 913
342 5039 240 919
313 4893 220 1013
306 4666 278 923
321 4864 235 946
330 5263 223 960
319 4798 221 1020
327 5239 226 964
302 4940 220 980
309 4420 248 935
288 4541 270 963
311 5148 275 923
284 4506 251 996
276 4440 262 982
318 4816 231 950
337 5215 240 923
274 4604 239 1022
294 4453 250 971
283 4752 234 1000
304 5023 272 924
285 4949 271 941
286 4772 253 959
299 4762 236 955
301 4434 265 989
304 4856 222 975
287 4344 236 993
285 4493 245 1003
329 5200 225 946
290 4604 241 950
281 4644 268 975
283 4488 234 1005
315 4572 239 966
303 4367 265 973
331 5141 258 916
307 4966 238 946
292 4425 229 1008
279 4649 239 1008
274 4503 264 982
281 4768 256 983
292 4701 233 982
313 4852 231 956
331 5141 258 916
308 4821 228 967
306 4595 249 938
292 4699 242 932
311 5097 234 945
300 4483 263 934
