79996 2220.56
145 1895 141 695
142 1882 142 691
217 2207 217 649
146 1858 144 676
142 1900 141 695
217 2207 217 649
205 2140 205 651
202 2175 202 651
193 2094 193 653
143 1879 143 684
187 2186 187 653
176 2131 175 655
146 1866 144 673
193 2094 193 653
202 2175 202 651
187 2186 187 653
178 2059 178 655
202 2175 202 651
167 2041 166 657
178 2059 178 655
161 2001 161 660
167 2041 166 657
175 2142 175 655
175 2142 175 655
167 2041 166 657
152 1906 150 672
142 1882 142 691
178 2059 178 655
161 2001 161 660
190 2101 190 653
176 2131 175 655
205 2140 205 651
152 1968 152 668
145 1869 143 684
143 1872 143 687
187 2186 187 653
142 1889 142 688
150 1935 150 670
161 1929 156 665
163 1887 163 669
146 1858 144 676
142 1882 142 691
154 1974 151 667
158 1981 157 662
187 2186 187 653
190 2101 190 653
159 1901 156 667
146 1858 144 676
159 1970 157 662
163 1887 163 669
165 1992 162 659
178 2059 178 655
190 2101 190 653
167 2041 166 657
162 1919 157 665
178 2059 178 655
202 2175 202 651
190 2101 190 653
161 2001 161 660
167 2041 166 657
152 1906 150 672
190 2101 190 653
193 2094 193 653
190 2101 190 653
161 2001 161 660
190 2101 190 653
176 2131 175 655
193 2094 193 653
178 2059 178 655
166 2050 166 657
176 2131 175 655
165 1958 165 663
143 1879 143 684
165 1958 165 663
159 1950 157 664
145 1869 143 684
162 2053 162 659
155 1918 152 668
152 1906 150 672
162 2053 162 659
158 1981 157 662
162 2053 162 659
156 1988 156 664
146 1866 144 673
151 1875 151 671
178 2059 178 655
165 1958 165 663
157 1991 157 662
165 1958 165 663
167 2041 166 657
165 1992 162 659
150 1935 150 670
151 1875 151 671
156 1914 156 667
145 1873 142 688
156 1913 156 670
152 1874 151 671
146 1858 144 676
146 1866 144 673
166 2050 166 657
159 1923 157 665
163 1887 163 669
159 1900 156 670
151 1875 151 671
143 1872 143 687
165 1958 165 663
159 1970 157 662
159 1950 157 664
156 1914 156 667
156 1988 156 664
156 1913 156 670
153 1948 152 668
153 1948 152 668
159 1923 157 665
162 1964 156 664
142 1889 142 688
158 1941 157 665
178 2059 178 655
145 1895 141 695
157 1991 157 662
155 1918 152 668
156 1946 156 665
158 1941 157 665
146 1858 144 676
167 2041 166 657
154 1974 151 667
158 1967 157 664
156 1914 156 667
161 2001 161 660
145 1895 141 695
151 1875 151 671
142 1882 142 691
142 1900 141 695
146 1866 144 673
143 1879 143 684
142 1882 142 691
152 1906 150 672
165 1958 165 663
155 1918 152 668
143 1879 143 684
167 2041 166 657
158 1978 156 664
155 1918 152 668
159 1931 156 665
159 1923 157 665
154 1974 151 667
162 1919 157 665
142 1882 142 691
143 1884 142 688
157 1991 157 662
158 1978 156 664
161 1929 156 665
159 1950 157 664
162 1964 156 664
152 1968 152 668
157 1972 157 664
159 1970 157 662
159 1966 156 664
157 1972 157 664
156 1946 156 665
143 1884 142 688
159 1931 156 665
159 1900 156 670
143 1872 143 687
156 1914 156 667
158 1967 157 664
158 1967 157 664
162 1919 157 665
145 1873 142 688
152 1874 151 671
159 1901 156 667
159 1966 156 664
190 2101 190 653
142 1889 142 688
146 1858 144 676
163 1887 163 669
157 1972 157 664
145 1895 141 695
159 1923 157 665
167 2041 166 657
166 2050 166 657
143 1879 143 684
167 2041 166 657
190 2101 190 653
153 1948 152 668
159 1901 156 667
159 1900 156 670
143 1879 143 684
190 2101 190 653
167 2041 166 657
167 2041 166 657
146 1866 144 673
190 2101 190 653
190 2101 190 653
202 2175 202 651
193 2094 193 653
143 1879 143 684
165 1958 165 663
143 1879 143 684
142 1882 142 691
159 1950 157 664
178 2059 178 655
146 1866 144 673
152 1906 150 672
165 1958 165 663
146 1858 144 676
143 1879 143 684
152 1906 150 672
178 2059 178 655
143 1879 143 684
167 2041 166 657
202 2175 202 651
205 2140 205 651
143 1879 143 684
165 1992 162 659
167 2041 166 657
193 2094 193 653
202 2175 202 651
187 2186 187 653
176 2131 175 655
142 1882 142 691
193 2094 193 653
142 1889 142 688
142 1882 142 691
162 1919 157 665
193 2094 193 653
190 2101 190 653
143 1879 143 684
178 2059 178 655
193 2094 193 653
154 1974 151 667
152 1906 150 672
150 1935 150 670
161 1929 156 665
145 1895 141 695
178 2059 178 655
167 2041 166 657
190 2101 190 653
156 1914 156 667
146 1866 144 673
143 1872 143 687
159 1900 156 670
161 2001 161 660
162 2053 162 659
143 1872 143 687
165 1958 165 663
158 1941 157 665
159 1901 156 667
159 1901 156 667
162 2053 162 659
146 1858 144 676
205 2140 205 651
175 2142 175 655
202 2175 202 651
202 2175 202 651
193 2094 193 653
146 1866 144 673
193 2094 193 653
187 2186 187 653
161 2001 161 660
146 1858 144 676
156 1946 156 665
205 2140 205 651
166 2050 166 657
142 1882 142 691
143 1879 143 684
190 2101 190 653
165 1958 165 663
190 2101 190 653
167 2041 166 657
178 2059 178 655
187 2186 187 653
202 2175 202 651
143 1879 143 684
187 2186 187 653
165 1958 165 663
143 1879 143 684
159 1923 157 665
205 2140 205 651
193 2094 193 653
193 2094 193 653
190 2101 190 653
162 1919 157 665
159 1923 157 665
178 2059 178 655
178 2059 178 655
146 1866 144 673
217 2207 217 649
159 1900 156 670
159 1900 156 670
178 2059 178 655
178 2059 178 655
156 1914 156 667
142 1882 142 691
178 2059 178 655
166 2050 166 657
190 2101 190 653
159 1970 157 662
146 1866 144 673
153 1948 152 668
