92221 2580.6
262 3299 191 704
283 4376 222 823
235 3072 194 720
178 2754 149 679
258 3566 223 734
183 2606 183 672
190 2975 180 751
287 4387 198 810
282 4321 210 787
282 3830 214 742
269 3528 184 742
195 2761 166 697
189 2962 164 749
306 4728 235 939
210 3332 175 716
200 3156 158 734
229 3079 163 720
320 4872 273 940
197 2704 163 693
306 4679 213 789
227 3605 170 763
214 2946 148 683
327 4751 256 890
243 3820 184 812
235 3709 183 770
280 3821 218 830
270 3999 184 720
234 3277 180 717
323 4522 227 884
251 3188 200 788
309 4591 205 848
271 4067 188 752
181 2776 153 699
267 3889 209 724
237 3920 216 806
280 3935 232 852
257 3490 194 751
246 3398 173 754
226 3419 210 822
203 3205 156 736
259 3992 242 800
341 5003 217 801
256 4121 179 802
239 3425 169 717
321 5136 214 823
217 2853 174 759
184 2790 173 723
301 4537 186 796
220 3647 186 791
226 3538 189 766
289 4249 170 740
241 3870 162 772
212 3139 166 734
290 4595 263 904
245 3249 179 693
304 4282 200 817
284 4122 219 809
234 3167 186 740
333 5001 258 830
239 3806 176 764
239 3383 173 722
290 4076 189 720
213 3313 186 740
212 2894 188 700
334 5043 195 848
315 5002 306 979
232 2920 199 769
195 3046 158 696
197 3259 193 732
256 3906 173 742
270 3785 199 786
227 3350 180 741
347 5257 257 908
238 3952 183 782
224 3175 216 689
238 3960 209 850
227 3269 180 778
283 4599 210 872
197 2556 159 676
306 4251 239 891
273 4080 213 910
274 4113 191 821
231 3426 187 757
368 4767 262 961
222 3332 189 773
255 4147 240 858
232 3182 160 736
288 4703 213 839
265 4012 228 838
272 4016 209 767
229 3590 190 749
268 4168 234 841
327 4744 236 803
265 4117 209 782
211 2912 155 692
262 4235 185 846
200 2680 150 691
252 4011 213 831
267 3632 178 740
225 3251 155 708
327 5029 208 829
311 4763 221 895
344 5427 209 829
239 3727 204 802
246 3910 217 845
312 4056 224 819
278 4682 207 840
303 4293 226 830
299 4675 233 852
231 3476 190 753
303 4476 216 935
219 3348 173 774
253 3765 186 751
296 4486 228 877
218 3405 182 741
284 4303 229 872
243 3745 178 766
288 4074 207 834
242 3578 205 812
309 4892 214 896
332 4764 232 844
304 4784 243 961
247 3518 203 808
253 3431 188 769
235 3694 176 750
252 3838 229 779
286 4099 242 849
244 3203 165 715
285 4143 179 781
300 4422 218 908
306 4322 225 910
206 3112 181 737
218 2717 161 672
258 3901 187 808
280 4366 193 814
267 3815 205 752
258 3831 196 736
240 3727 198 833
247 3936 209 789
255 3292 205 750
279 4718 238 879
202 2985 163 705
240 3416 208 756
241 3603 189 709
258 3847 206 876
278 4734 198 826
284 4843 227 951
250 3468 184 741
296 4695 250 935
224 3372 188 754
299 3998 184 745
274 3936 174 765
248 3938 163 753
350 5420 258 924
262 3629 222 853
210 3108 173 756
226 3305 164 759
267 4036 227 862
188 2806 175 745
243 4009 194 709
216 3131 160 679
253 3956 207 808
265 4122 237 849
317 4928 269 1006
216 3330 166 729
270 4429 240 934
296 4632 259 853
231 3221 158 728
275 4059 204 810
265 3946 202 806
211 3156 194 767
253 4085 253 815
253 4041 203 828
308 4751 234 879
200 2949 178 721
255 3516 181 731
251 3707 218 820
259 3751 183 763
260 3520 182 737
225 3268 180 711
234 3545 191 754
294 4405 228 823
244 3630 168 696
296 4487 194 802
275 4329 220 880
204 2916 196 723
225 3014 185 698
337 5494 267 927
285 4654 241 947
224 3091 180 715
191 2796 160 688
288 4119 254 873
228 3646 194 777
247 3315 184 763
328 5004 245 869
263 3657 179 706
268 4743 193 817
334 5502 263 955
319 4733 199 800
354 4988 245 900
205 3019 160 710
277 4218 221 849
238 3342 204 778
217 2954 217 757
252 3974 190 768
218 3358 192 761
214 3022 169 705
310 4229 219 869
321 4442 252 826
234 3653 208 801
317 5067 208 879
255 3505 203 740
373 5864 320 1006
210 3483 180 762
276 4270 201 839
244 3727 204 768
190 2777 181 726
343 5101 218 886
264 3845 209 763
255 3833 193 787
235 3845 185 822
238 4164 209 856
315 4876 226 935
239 3717 176 777
327 4554 242 865
244 3429 185 743
227 3288 192 786
304 4315 196 809
211 2945 178 767
277 4544 185 811
205 2990 180 679
271 4026 209 821
287 4709 232 864
267 4219 207 830
337 5014 223 918
241 3325 169 700
260 3564 209 722
291 4557 206 928
284 4399 216 837
265 3610 166 728
238 3636 194 743
220 3515 201 739
271 3486 204 765
221 3304 160 721
298 4640 218 919
276 4061 237 844
222 3691 183 796
234 3567 177 762
282 4705 257 898
225 3373 204 839
304 4294 241 885
254 3375 187 739
265 3509 172 782
256 3737 196 783
268 3811 233 845
269 4139 196 736
239 3488 165 723
213 3134 196 668
260 3350 175 685
265 3785 201 814
216 3000 174 738
250 4073 191 744
289 4297 254 962
239 3167 158 680
267 4210 249 911
256 3633 225 751
224 3487 158 702
231 3239 149 701
227 3356 194 729
209 3180 194 730
303 4284 218 782
219 2906 183 718
240 3439 197 817
301 4461 194 811
226 3267 188 758
226 2966 171 684
259 3898 192 744
232 3475 222 803
254 3636 189 760
247 3705 184 794
255 3409 187 770
303 3971 213 747
244 3607 203 811
292 4313 220 818
270 4117 213 797
227 3308 198 789
266 3933 232 880
218 3161 186 767
269 4151 216 812
230 3232 166 701
241 4101 237 955
319 4680 227 830
279 4220 232 835
315 4595 236 873
281 4034 196 741
226 3269 166 752
341 5189 239 890
335 5102 201 847
256 3990 193 773
213 3187 195 704
