410200 2220.11
200 3238 143 705
266 4499 171 669
201 3192 181 676
168 2698 162 730
266 4499 171 669
186 2506 159 681
165 2830 161 720
266 4499 171 669
203 3384 149 686
233 3282 156 679
180 2614 175 723
179 2645 169 718
201 3032 165 680
176 2613 174 725
218 3034 171 675
220 3206 145 686
165 2830 161 720
231 3145 163 676
231 3145 163 676
191 3217 159 673
180 2614 175 723
211 3250 144 694
180 2712 153 715
227 2918 161 680
193 2745 150 690
169 2707 162 708
233 3282 156 679
207 3184 170 675
171 2688 157 707
184 2771 158 685
190 3007 146 700
168 2698 162 730
192 2803 151 688
178 2718 173 706
206 3311 155 678
211 3250 144 694
196 3037 174 677
183 2832 152 686
202 2892 149 712
188 3026 148 702
168 2698 162 730
266 4499 171 669
233 3282 156 679
178 2718 173 706
168 2698 162 730
201 3032 165 680
194 2933 148 703
190 3007 146 700
168 2698 162 730
173 2772 171 693
201 3032 165 680
181 2730 150 714
203 3095 156 682
203 3002 147 705
207 3184 170 675
197 3210 150 680
184 2771 158 685
211 3250 144 694
191 3217 159 673
181 2730 150 714
183 2832 152 686
200 3238 143 705
179 2776 154 690
227 2918 161 680
231 3145 163 676
196 3037 174 677
218 3034 171 675
191 2961 150 683
177 2853 155 686
191 2961 150 683
180 2614 175 723
190 3007 146 700
168 2698 162 730
187 3063 148 727
188 3026 148 702
203 3384 149 686
184 2953 149 696
165 2830 161 720
210 3204 147 699
168 2698 162 730
170 2648 163 707
168 2698 162 730
210 3204 147 699
203 3002 147 705
211 3250 144 694
183 2832 152 686
165 2830 161 720
211 3250 144 694
177 2853 155 686
218 3034 171 675
231 3145 163 676
188 3026 148 702
231 3145 163 676
189 3104 174 678
172 2853 151 724
179 2776 154 690
174 2740 150 693
185 2703 163 697
203 3095 156 682
187 3063 148 727
211 3250 144 694
192 2803 151 688
166 2814 155 698
231 3145 163 676
189 3104 174 678
183 2832 152 686
184 2953 149 696
166 2814 155 698
174 2740 150 693
220 3206 145 686
233 3282 156 679
231 3145 163 676
203 3095 156 682
169 2707 162 708
166 2814 155 698
194 2933 148 703
174 2740 150 693
172 2853 151 724
194 2933 148 703
180 2712 153 715
190 3007 146 700
218 3034 171 675
203 3384 149 686
172 2853 151 724
184 2953 149 696
169 2707 162 708
186 2506 159 681
178 2718 173 706
194 2933 148 703
201 3032 165 680
218 3034 171 675
188 3026 148 702
218 3034 171 675
172 2853 151 724
180 2712 153 715
227 2918 161 680
187 3063 148 727
211 3250 144 694
174 2740 150 693
180 2712 153 715
203 3002 147 705
181 2730 150 714
192 2803 151 688
194 2933 148 703
211 3250 144 694
188 3026 148 702
177 2853 155 686
172 2853 151 724
187 3063 148 727
184 2953 149 696
193 2745 150 690
220 3206 145 686
170 2648 163 707
193 2745 150 690
168 2698 162 730
174 2740 150 693
179 2645 169 718
185 2703 163 697
181 2730 150 714
188 3026 148 702
189 3104 174 678
168 2698 162 730
192 2803 151 688
177 2853 155 686
189 3104 174 678
184 2953 149 696
191 3217 159 673
188 3026 148 702
191 3217 159 673
186 2506 159 681
185 2703 163 697
193 2745 150 690
220 3206 145 686
165 2830 161 720
210 3204 147 699
179 2776 154 690
201 3032 165 680
218 3034 171 675
202 2892 149 712
203 3384 149 686
184 2953 149 696
165 2830 161 720
191 2961 150 683
203 3002 147 705
176 2613 174 725
170 2648 163 707
166 2814 155 698
231 3145 163 676
189 3104 174 678
210 3204 147 699
233 3282 156 679
201 3032 165 680
165 2830 161 720
196 3037 174 677
201 3032 165 680
266 4499 171 669
168 2698 162 730
187 3063 148 727
233 3282 156 679
200 3238 143 705
183 2832 152 686
207 3184 170 675
184 2771 158 685
266 4499 171 669
173 2772 171 693
183 2832 152 686
170 2648 163 707
203 3002 147 705
190 3007 146 700
180 2712 153 715
183 2832 152 686
202 2892 149 712
179 2645 169 718
191 3217 159 673
203 3002 147 705
171 2688 157 707
266 4499 171 669
166 2814 155 698
174 2740 150 693
218 3034 171 675
183 2832 152 686
194 2933 148 703
191 2961 150 683
178 2718 173 706
177 2853 155 686
210 3204 147 699
180 2614 175 723
188 3026 148 702
177 2853 155 686
170 2648 163 707
193 2745 150 690
168 2698 162 730
174 2740 150 693
172 2853 151 724
185 2703 163 697
188 3026 148 702
189 3104 174 678
166 2814 155 698
220 3206 145 686
169 2707 162 708
184 2953 149 696
188 3026 148 702
191 3217 159 673
206 3311 155 678
185 2703 163 697
174 2740 150 693
166 2814 155 698
203 3384 149 686
178 2718 173 706
218 3034 171 675
186 2506 159 681
171 2688 157 707
169 2707 162 708
227 2918 161 680
172 2853 151 724
211 3250 144 694
184 2953 149 696
218 3034 171 675
207 3184 170 675
194 2933 148 703
233 3282 156 679
172 2853 151 724
187 3063 148 727
184 2953 149 696
193 2745 150 690
191 3217 159 673
207 3184 170 675
184 2771 158 685
189 3104 174 678
231 3145 163 676
170 2648 163 707
203 3002 147 705
188 3026 148 702
231 3145 163 676
200 3238 143 705
171 2688 157 707
166 2814 155 698
165 2830 161 720
183 2832 152 686
194 2933 148 703
178 2718 173 706
183 2832 152 686
203 3002 147 705
193 2745 150 690
189 3104 174 678
202 2892 149 712
166 2814 155 698
184 2953 149 696
165 2830 161 720
203 3002 147 705
176 2613 174 725
192 2803 151 688
210 3204 147 699
227 2918 161 680
210 3204 147 699
180 2712 153 715
187 3063 148 727
180 2614 175 723
201 3032 165 680
174 2740 150 693
