16833 480.188
230 3479 205 807
206 3261 150 706
283 4596 204 856
281 3942 205 725
283 4454 221 828
206 2994 155 708
218 3347 177 768
269 4220 202 820
266 4280 237 893
243 3565 193 805
292 4701 267 835
273 4196 205 828
241 3345 160 711
240 3681 186 756
258 3951 195 763
339 5256 266 866
252 4149 204 789
276 3758 213 857
244 3825 191 762
294 4759 265 870
328 5101 280 890
236 3419 175 738
301 4076 235 876
241 3572 194 780
277 4239 221 854
314 4885 231 958
308 4752 252 843
275 4218 215 838
306 4482 201 849
269 4042 200 842
226 3539 178 748
252 4051 208 818
265 4062 253 867
255 3888 215 765
342 5020 185 759
328 5157 212 848
234 3653 180 767
218 3336 175 734
250 4086 210 806
264 3946 217 785
234 3331 190 794
300 4193 219 789
289 4009 220 836
203 3366 194 839
270 4090 207 783
261 3874 190 743
273 4332 226 853
233 3841 187 773
267 4461 226 825
260 4112 230 915
237 3834 202 749
214 3135 156 715
358 5279 221 882
240 3221 197 743
273 4156 209 747
247 4054 237 819
305 4821 223 860
277 4240 218 809
284 4068 261 908
276 4058 229 843
291 4272 229 836
321 4510 244 821
330 4734 266 881
224 3310 171 766
203 3358 175 777
235 3539 178 725
322 5294 197 836
323 4686 231 864
233 3553 177 750
287 4596 191 797
301 4819 262 883
271 4089 215 856
294 4083 170 756
215 3375 176 714
288 4837 215 885
232 3644 206 813
288 4658 199 804
227 3572 197 794
272 4111 205 755
290 4415 202 822
304 4333 214 846
276 4127 230 889
229 3513 191 802
228 3336 178 709
293 4433 197 862
288 4515 208 887
256 4001 179 769
273 4595 197 853
308 4491 213 790
280 4615 194 833
231 3646 189 838
246 3892 168 771
289 4494 266 870
261 4010 247 829
267 4112 217 861
248 3730 176 732
221 3498 192 781
297 4825 212 840
270 4428 208 818
271 4001 187 781
235 3341 184 779
308 4563 189 813
316 4898 229 873
312 4507 213 807
280 4273 240 827
243 3607 202 801
404 6301 274 912
255 4176 188 803
303 4827 231 828
291 4918 249 860
304 4904 217 848
259 3627 179 733
228 3772 197 811
216 3239 170 719
334 5521 241 836
196 3121 156 690
249 3811 208 734
231 3739 174 755
239 4015 197 797
279 4510 167 744
196 3284 174 790
260 4155 236 845
280 4593 244 866
229 3560 196 757
240 4216 219 840
289 4197 238 816
298 4511 237 834
246 3805 190 715
227 3141 181 738
295 4952 200 825
247 3563 182 774
224 3378 187 795
224 3074 155 687
237 3866 166 745
260 4270 194 755
227 3357 203 757
248 3937 184 798
285 4406 215 850
300 4499 223 821
243 3688 212 847
322 4616 227 875
308 4592 195 826
286 4337 230 802
262 4145 226 852
258 4247 193 796
243 3342 171 735
312 4825 163 740
246 3504 197 817
262 3890 191 817
250 4016 215 777
285 4622 199 815
257 4396 204 801
242 3743 194 798
223 3297 150 717
243 3630 200 827
265 4070 203 828
284 4113 204 784
254 3790 208 800
224 3434 203 755
299 4695 190 856
218 3466 189 766
283 4566 244 918
294 4643 220 846
228 3508 173 747
216 3524 174 774
273 4265 244 935
257 4104 213 816
265 4233 195 827
293 4498 223 778
259 3949 188 847
283 4709 180 761
274 4308 184 803
280 3877 198 843
223 3413 182 722
215 3372 165 710
305 4575 246 830
290 4271 202 795
298 4710 231 799
309 5172 259 891
322 5354 249 978
269 4646 228 866
236 3792 178 799
229 3419 178 768
255 3803 229 796
203 3348 182 743
267 3765 184 805
306 4593 197 815
221 3363 184 770
294 4805 193 789
218 3382 186 741
297 4277 227 782
314 4798 208 823
297 4495 255 898
288 4268 249 896
306 4667 232 883
338 4974 232 913
233 3538 189 749
260 4023 256 876
183 2825 166 708
219 3574 178 795
205 3350 200 798
242 3888 217 862
273 3916 190 788
234 3634 196 746
303 4357 208 829
273 4088 202 799
223 3248 190 789
246 3350 191 746
288 4708 250 873
252 4308 207 804
258 4090 187 786
268 3796 231 878
288 4160 213 838
282 4560 185 827
287 4528 209 860
230 3540 181 757
291 4434 201 844
238 3478 190 770
194 3155 173 752
218 3393 155 726
256 3896 228 844
276 4656 213 869
311 4818 216 793
269 4122 188 792
258 3978 222 846
296 4733 218 816
311 5022 237 809
271 4669 204 856
248 3661 197 804
237 3842 205 817
285 4162 224 966
298 4478 236 971
293 4160 203 794
334 5138 253 919
244 3725 204 780
261 4346 216 850
296 4467 265 870
264 3903 218 776
278 4534 225 891
288 4654 174 782
287 4280 203 814
284 4608 177 774
268 3890 203 799
225 3403 176 758
281 3957 220 851
253 4004 188 722
201 3421 169 685
300 4886 219 839
276 4433 233 906
293 4578 227 867
289 4608 244 912
234 3542 155 749
284 4315 180 755
285 4669 206 816
318 4944 212 863
249 3730 171 738
244 4018 232 815
286 4788 253 849
287 4380 197 800
357 5745 241 861
312 4972 218 863
219 3507 184 770
242 3895 206 780
299 4939 254 873
306 4620 218 851
272 4025 243 812
236 3543 208 793
233 4048 200 786
269 4274 218 864
347 5799 268 897
275 4328 229 888
255 4150 206 781
272 4064 169 767
242 3730 195 750
306 4954 197 822
283 4314 213 848
257 3652 197 754
230 3440 211 762
259 3930 178 746
325 5143 251 891
293 4440 235 857
301 4318 248 902
246 3938 165 725
266 4407 232 897
278 4378 216 816
236 3433 195 772
241 3602 183 786
246 3792 184 737
299 4541 225 837
252 3647 172 743
316 4766 223 773
226 3509 179 723
280 4446 255 913
227 3841 175 741
299 4382 251 858
291 4335 242 921
288 4336 205 909
260 4275 223 732
262 4067 193 745
248 3825 192 799
