119335 3420.82
215 3263 152 698
220 3622 220 813
217 3430 165 728
273 4313 215 840
287 4405 241 837
333 5445 213 909
204 2982 183 700
226 3715 186 781
219 3545 192 696
298 4251 227 820
256 3855 229 777
245 3783 189 837
216 3085 178 727
232 3522 178 715
280 4009 201 853
237 3500 179 710
298 4820 189 804
277 4088 193 806
229 3551 158 698
259 4413 232 829
259 4036 198 820
277 4492 240 915
230 3735 212 798
300 5208 269 1010
292 4578 197 847
248 3676 173 780
261 4204 226 857
353 5635 290 871
279 4347 258 911
241 3699 172 742
228 3578 197 740
240 3798 191 797
273 4116 253 832
216 3037 177 723
229 3742 187 735
317 4913 249 925
238 3938 222 802
275 4236 240 915
259 4047 233 820
211 3456 198 756
251 3661 204 753
248 3988 182 771
239 3533 179 817
211 3307 200 729
205 3293 173 743
266 4276 213 835
272 4282 219 835
273 4145 195 765
240 4104 213 880
219 3426 164 730
243 3956 199 864
238 3828 178 758
229 3865 171 728
230 3457 162 760
189 2842 168 738
223 3406 203 755
275 4370 174 699
296 4564 220 776
266 4013 240 845
232 3724 179 783
298 4898 279 978
277 4590 231 860
243 3798 193 785
251 3548 188 801
231 3432 182 743
273 3925 212 733
305 4682 228 902
226 3580 206 822
189 2886 154 703
233 3809 171 784
237 3605 190 784
241 3478 183 770
253 3924 239 810
258 3918 195 822
203 2886 166 690
257 4122 207 752
235 3614 214 727
225 3093 180 743
243 4032 210 810
365 5889 231 897
234 3632 192 799
320 4705 235 846
322 5342 269 955
280 4589 217 849
276 4343 207 727
225 3729 196 828
279 4308 202 793
316 4960 216 837
220 3208 210 710
271 3893 216 739
243 3546 173 728
287 4642 213 876
171 2866 158 697
236 3479 168 713
267 3894 189 804
221 3300 181 739
296 4625 220 823
214 3449 205 778
220 3144 185 773
270 4119 200 835
260 3837 204 809
202 3324 173 710
217 3322 182 783
281 4846 243 902
232 3849 159 693
241 3664 237 809
291 4520 266 911
196 2902 174 678
229 3632 206 786
268 4207 192 785
296 4392 218 772
275 4010 184 790
252 3781 191 757
216 3626 182 761
186 2722 160 692
219 3628 191 753
259 4035 211 789
208 3174 169 741
205 3509 181 712
247 3736 197 775
234 3363 217 756
278 4217 231 868
360 5982 260 861
310 4534 244 890
264 3861 187 759
328 5101 246 978
312 4480 236 827
307 4667 266 843
284 4337 216 769
233 3772 193 774
281 4466 219 796
231 3339 187 740
267 3717 195 810
242 3570 198 766
275 4348 222 767
251 3770 234 767
290 4304 212 893
241 3602 178 739
328 5244 271 967
259 3270 201 700
237 3792 190 776
200 2980 187 732
191 2840 158 718
327 5316 260 905
200 3110 171 737
302 4949 210 875
241 3713 180 810
265 4119 197 809
291 4421 254 893
252 3900 232 791
233 3790 186 792
291 4801 182 814
273 3945 196 841
279 4091 225 846
234 3540 161 699
239 3766 212 826
300 4418 227 912
268 3743 204 814
253 3601 192 779
268 3950 221 785
196 3116 180 706
202 3068 154 706
220 3540 185 704
248 3917 192 801
289 4417 172 808
286 4226 217 883
258 3773 191 792
258 3960 200 813
307 4288 198 886
209 2788 198 671
328 5116 201 770
196 3109 167 696
243 3559 205 727
258 4007 226 832
233 3418 163 698
232 3071 181 706
238 3421 173 739
311 4535 181 783
314 4841 216 814
248 3837 184 740
290 4345 217 883
203 3044 172 718
265 4294 220 780
207 3284 167 695
285 4728 208 857
235 3618 222 819
282 4054 216 860
319 4880 256 862
281 4539 190 806
259 3860 228 835
219 3588 218 819
293 4622 221 826
263 4291 217 793
297 4567 230 842
232 4065 213 788
267 4196 210 833
270 4175 202 820
314 5285 241 896
204 3077 183 766
239 3774 211 864
274 4171 192 789
248 3626 193 786
217 3622 154 706
265 4066 193 735
247 3596 193 751
279 4478 236 830
268 4389 239 828
316 5196 241 923
291 4081 231 843
218 3460 206 756
306 4458 245 878
273 4406 231 826
225 3656 170 770
240 3454 173 731
297 4391 229 822
274 4270 212 811
273 4008 209 809
239 3751 211 812
296 4768 238 875
240 3663 201 761
251 3584 194 775
231 3562 188 791
302 4559 231 805
303 4463 257 866
230 3702 181 752
240 3411 222 780
219 3040 168 719
228 3615 199 809
304 5006 249 858
299 4414 217 873
299 4908 252 916
298 4412 185 801
285 4129 235 779
236 3890 193 804
234 3672 178 785
223 3145 168 764
198 3057 174 709
239 3889 187 787
258 4239 188 779
262 3865 225 795
237 3741 203 848
293 4368 201 867
295 4588 242 876
294 4653 224 926
240 3932 176 816
225 3556 178 770
247 3700 215 753
278 3966 264 889
229 3492 215 789
269 4378 171 740
241 3493 234 731
245 3503 178 767
242 3852 197 854
262 3966 211 819
281 4127 223 840
263 3876 177 793
205 3071 181 799
260 4307 225 786
258 3554 225 750
240 3965 201 786
300 4704 216 846
316 4670 249 859
316 5172 212 842
246 3797 218 837
262 4391 195 822
187 2815 165 754
245 3963 198 794
264 4292 216 827
240 3714 190 741
212 3150 198 741
270 3770 228 826
256 3894 245 883
262 3930 187 811
278 4392 266 836
340 5095 187 790
340 5290 272 912
274 4355 210 899
277 4539 210 795
307 5168 239 967
268 3977 211 727
230 3269 165 727
272 4052 213 845
191 2947 171 719
261 3473 204 779
263 4279 206 818
222 3239 180 767
263 4186 202 842
313 5108 259 828
195 3053 158 696
227 3617 182 746
305 4851 223 901
226 3351 172 782
279 4479 214 806
236 3719 220 787
214 3309 207 814
286 4605 193 843
234 3538 169 730
291 4687 274 801
340 5673 277 962
327 5438 248 852
