12403 60.0108
191 3031 181 783
284 4406 161 756
274 4679 162 746
200 3168 177 816
226 3588 184 729
200 3168 177 816
284 4406 161 756
216 3319 178 735
230 3467 168 751
216 3319 178 735
284 4406 161 756
246 3735 163 746
245 3645 162 762
226 3295 160 771
200 3168 177 816
207 3286 173 755
226 3588 184 729
201 3343 168 795
201 3153 174 758
204 3213 179 741
224 3635 165 736
194 3371 176 802
274 4679 162 746
213 3454 171 733
202 3296 173 807
245 3645 162 762
202 3296 173 807
210 3323 166 798
194 3371 176 802
226 3588 184 729
200 3440 164 788
209 3179 169 776
199 3517 179 783
200 3440 164 788
201 3343 168 795
212 3185 180 730
213 3454 171 733
208 3382 161 774
202 3296 173 807
191 3044 180 737
205 3249 169 803
213 3454 171 733
215 3073 165 756
274 4679 162 746
200 3440 164 788
191 3031 181 783
230 3467 168 751
245 3645 162 762
199 3517 179 783
215 3073 165 756
199 3517 179 783
230 3467 168 751
201 3153 174 758
194 3371 176 802
201 3153 174 758
212 3168 170 737
205 3249 169 803
205 3337 164 762
208 3382 161 774
204 3213 179 741
207 3480 164 744
210 3323 166 798
201 3343 168 795
201 3332 173 775
246 3735 163 746
205 3337 164 762
226 3295 160 771
215 3073 165 756
246 3735 163 746
212 3168 170 737
246 3735 163 746
212 3168 170 737
230 3467 168 751
215 3073 165 756
230 3520 167 743
226 3588 184 729
224 3635 165 736
194 3371 176 802
213 3454 171 733
208 3382 161 774
207 3286 173 755
284 4406 161 756
201 3343 168 795
207 3286 173 755
202 3296 173 807
207 3480 164 744
230 3520 167 743
246 3735 163 746
245 3645 162 762
205 3249 169 803
246 3735 163 746
201 3343 168 795
201 3343 168 795
205 3337 164 762
212 3168 170 737
204 3213 179 741
209 3179 169 776
215 3073 165 756
245 3645 162 762
201 3332 173 775
226 3588 184 729
212 3168 170 737
224 3635 165 736
194 3371 176 802
201 3332 173 775
201 3153 174 758
201 3332 173 775
274 4679 162 746
208 3382 161 774
200 3168 177 816
201 3332 173 775
246 3735 163 746
209 3179 169 776
212 3168 170 737
200 3440 164 788
284 4406 161 756
200 3168 177 816
246 3735 163 746
201 3332 173 775
226 3588 184 729
245 3645 162 762
205 3337 164 762
201 3332 173 775
208 3382 161 774
199 3517 179 783
226 3588 184 729
245 3645 162 762
194 3371 176 802
201 3332 173 775
199 3517 179 783
246 3735 163 746
226 3588 184 729
205 3337 164 762
245 3645 162 762
199 3517 179 783
200 3440 164 788
202 3296 173 807
274 4679 162 746
200 3440 164 788
201 3343 168 795
194 3371 176 802
213 3454 171 733
224 3635 165 736
204 3213 179 741
200 3168 177 816
207 3480 164 744
200 3440 164 788
215 3073 165 756
226 3588 184 729
201 3153 174 758
199 3517 179 783
191 3031 181 783
226 3588 184 729
245 3645 162 762
215 3073 165 756
205 3249 169 803
209 3179 169 776
213 3454 171 733
202 3296 173 807
204 3213 179 741
212 3168 170 737
205 3249 169 803
201 3332 173 775
212 3168 170 737
246 3735 163 746
207 3480 164 744
284 4406 161 756
213 3454 171 733
245 3645 162 762
201 3153 174 758
216 3319 178 735
230 3467 168 751
274 4679 162 746
200 3440 164 788
245 3645 162 762
226 3588 184 729
194 3371 176 802
200 3168 177 816
205 3249 169 803
199 3517 179 783
284 4406 161 756
194 3371 176 802
207 3480 164 744
200 3440 164 788
246 3735 163 746
202 3296 173 807
213 3454 171 733
201 3153 174 758
274 4679 162 746
209 3179 169 776
226 3588 184 729
201 3332 173 775
200 3168 177 816
207 3286 173 755
199 3517 179 783
205 3249 169 803
245 3645 162 762
226 3295 160 771
212 3168 170 737
246 3735 163 746
213 3454 171 733
213 3454 171 733
201 3332 173 775
201 3332 173 775
230 3520 167 743
245 3645 162 762
207 3286 173 755
212 3168 170 737
191 3031 181 783
194 3371 176 802
213 3454 171 733
215 3073 165 756
204 3213 179 741
226 3295 160 771
207 3480 164 744
246 3735 163 746
246 3735 163 746
226 3588 184 729
201 3153 174 758
199 3517 179 783
201 3343 168 795
226 3588 184 729
224 3635 165 736
210 3323 166 798
209 3179 169 776
274 4679 162 746
207 3480 164 744
201 3332 173 775
212 3168 170 737
205 3249 169 803
201 3332 173 775
212 3168 170 737
246 3735 163 746
201 3332 173 775
226 3588 184 729
245 3645 162 762
205 3337 164 762
201 3332 173 775
284 4406 161 756
212 3168 170 737
226 3588 184 729
245 3645 162 762
212 3168 170 737
230 3520 167 743
246 3735 163 746
226 3588 184 729
226 3588 184 729
245 3645 162 762
199 3517 179 783
200 3440 164 788
202 3296 173 807
209 3179 169 776
200 3440 164 788
226 3295 160 771
224 3635 165 736
201 3153 174 758
274 4679 162 746
213 3454 171 733
226 3588 184 729
201 3332 173 775
200 3168 177 816
207 3286 173 755
199 3517 179 783
205 3249 169 803
191 3044 180 737
246 3735 163 746
212 3168 170 737
246 3735 163 746
202 3296 173 807
208 3382 161 774
212 3168 170 737
201 3332 173 775
230 3520 167 743
245 3645 162 762
230 3467 168 751
213 3454 171 733
245 3645 162 762
246 3735 163 746
207 3480 164 744
201 3153 174 758
205 3337 164 762
245 3645 162 762
201 3153 174 758
212 3168 170 737
230 3467 168 751
274 4679 162 746
200 3440 164 788
191 3031 181 783
226 3588 184 729
213 3454 171 733
200 3168 177 816
205 3249 169 803
199 3517 179 783
215 3073 165 756
194 3371 176 802
199 3517 179 783
227 3624 165 721
230 3520 167 743
200 3440 164 788
284 4406 161 756
