52927 1080.17
160 2415 160 699
157 2421 157 710
157 2374 157 714
167 2601 167 694
160 2620 155 706
171 2621 171 691
164 2447 164 696
184 2872 160 695
191 2837 191 687
187 2949 151 724
168 2725 152 727
160 2369 160 708
162 2392 160 699
175 2854 156 703
166 2690 154 712
179 2752 179 689
164 2650 153 723
176 2482 170 694
190 2669 170 691
164 2435 154 720
160 2534 154 714
176 2599 171 691
201 2897 167 693
180 2953 152 719
170 2580 153 725
177 2811 150 735
184 2671 182 689
163 2495 156 707
166 2435 164 696
156 2570 155 722
155 2562 155 723
170 2375 170 700
190 2770 156 703
194 2779 194 687
171 2584 171 693
161 2473 155 710
175 2509 167 694
160 2445 155 713
158 2493 155 713
174 2376 174 699
179 2429 170 697
182 2697 179 689
162 2383 160 705
170 2738 160 698
176 2755 160 696
203 3005 155 705
170 2526 157 706
180 2877 152 722
179 2670 160 696
177 2373 165 706
180 2588 160 698
179 2930 152 720
187 2896 151 731
199 2637 160 696
158 2558 154 720
159 2423 156 730
190 2784 150 735
215 3060 203 685
236 3621 149 738
215 3060 203 685
236 3621 149 738
167 2365 165 709
154 2491 154 724
206 2816 176 727
241 3400 180 733
219 3264 161 738
206 2920 189 715
250 3542 198 744
200 3067 188 751
244 3385 208 725
224 3558 192 752
198 2955 194 733
241 3437 212 723
214 3149 183 737
222 3445 165 713
214 2931 172 725
214 3124 175 738
228 3574 214 744
220 2862 178 713
238 3779 178 723
203 3155 188 758
212 3100 188 742
185 2728 170 734
217 3152 169 738
192 2911 166 726
179 2647 169 717
208 3157 175 740
206 2925 165 712
255 3848 192 734
204 3071 194 712
242 3281 167 711
236 3253 194 749
196 2857 184 726
232 3613 165 721
205 2844 181 710
301 4173 180 752
197 2825 180 727
213 3201 185 730
214 2902 204 724
193 2935 165 710
197 3078 170 742
206 2952 203 738
231 3086 165 733
205 3298 199 714
182 2707 161 723
208 2941 165 717
259 3613 183 740
229 3483 174 716
210 2856 188 721
204 2919 185 745
251 3443 180 732
198 2918 169 728
205 2948 180 725
190 2896 184 726
225 2950 176 742
222 3071 193 735
176 2641 165 709
199 3037 175 710
181 2650 168 709
247 3213 174 717
218 3209 197 730
191 2776 179 702
252 3655 210 737
183 2737 170 723
234 3245 182 730
226 3201 174 716
217 2896 165 706
187 2872 177 747
176 2645 165 709
217 3135 177 735
190 2841 170 735
195 2870 181 723
208 3178 177 738
214 3172 170 720
221 3212 179 719
188 2824 166 715
213 3031 175 759
203 2900 175 728
227 3359 181 713
230 3535 208 732
242 3720 194 745
195 3071 175 720
221 3087 194 731
203 3064 165 706
214 3001 177 725
221 3535 192 729
219 3196 187 754
208 2824 182 738
197 2857 184 736
233 3613 177 722
210 3256 193 743
207 2890 196 734
224 3253 180 723
262 3510 210 759
194 2777 180 725
194 2893 185 722
245 3679 202 724
238 3761 178 733
248 3874 203 756
195 2831 172 719
207 3061 203 720
219 3220 208 719
231 3365 178 723
249 3795 183 725
244 3616 180 732
209 3078 192 736
206 3096 170 708
201 3090 175 710
214 3408 170 706
192 2773 190 736
227 3449 180 726
192 2744 169 721
206 3067 191 746
222 2874 177 731
222 3159 193 738
186 2716 170 717
208 3118 203 736
209 3273 179 717
215 3349 191 725
220 2947 201 747
199 2939 167 727
192 2867 185 733
230 3483 209 738
220 3126 176 713
190 2804 174 734
205 2967 184 717
239 3285 180 741
211 3076 183 727
234 3231 180 735
234 3663 213 754
200 2972 174 720
229 3215 197 748
251 3463 190 738
238 3555 187 715
254 3901 209 753
232 3108 170 729
227 3212 180 722
201 2984 180 709
226 3035 199 744
199 2905 178 746
188 2945 178 733
215 2952 194 713
230 3315 189 732
201 2915 175 713
202 2974 190 728
225 2908 172 730
198 3152 179 730
217 3062 189 741
229 3296 195 736
188 2815 173 722
225 3192 205 739
226 3516 194 730
172 2534 172 707
178 2609 178 718
212 3297 175 712
221 2958 170 705
300 4119 223 742
190 2900 169 727
230 3277 190 752
191 2813 178 713
185 2959 179 725
216 3021 170 734
225 3527 197 762
226 3420 204 733
235 3400 194 718
204 2955 175 721
181 2736 166 723
200 2992 180 741
269 4015 194 714
190 2839 180 725
205 3106 194 745
180 2728 180 715
194 2927 185 749
181 2748 180 714
211 3055 188 736
229 3168 195 730
239 3395 190 761
196 2820 177 724
200 2815 160 708
199 3091 192 738
204 3161 184 730
232 3436 228 731
218 3270 199 740
213 3052 213 741
205 2948 183 718
216 2979 185 737
200 2776 180 733
197 2849 179 733
217 3113 197 732
220 3145 183 733
214 2880 175 710
190 2912 165 711
216 2969 194 717
249 3502 222 739
192 2922 184 727
210 3200 208 718
184 2773 169 736
244 3321 203 739
207 2921 177 741
199 2585 167 726
224 3369 180 731
204 3219 198 749
235 3100 193 720
210 2848 186 746
245 3323 194 748
241 3176 190 749
215 3036 180 739
246 3822 208 751
224 2980 195 741
213 3168 194 748
225 3116 210 737
197 3099 180 734
183 2558 161 720
205 2986 174 706
210 3233 157 721
238 3286 189 725
212 3003 192 743
216 3096 175 719
244 3589 202 746
183 2811 177 741
189 2807 184 729
205 3035 192 726
240 3145 195 729
207 3115 175 729
180 2568 166 713
196 2948 171 733
228 3532 195 728
207 3153 186 721
202 2952 182 739
194 2834 192 738
220 3551 191 732
175 2686 161 720
221 3321 184 735
193 2795 185 713
209 3123 182 706
214 2987 194 715
187 2819 175 718
202 3058 179 715
205 2803 177 738
255 3871 169 731
