125084 1320.33
202 2209 193 653
193 2217 193 653
167 1985 148 687
164 2049 144 675
160 1838 156 667
157 1969 152 668
185 1975 178 655
178 2034 178 655
173 1929 166 657
166 2037 147 681
190 2121 150 669
166 2123 156 664
171 2096 144 673
158 1856 156 669
172 1967 144 673
176 1922 165 660
170 1886 157 662
164 1932 149 676
179 2036 151 667
169 2003 148 678
182 2007 178 655
162 1862 152 668
165 2038 148 678
167 1887 165 663
174 1961 161 660
168 1951 156 664
167 2016 144 675
169 2001 161 660
169 1950 166 657
158 1871 156 667
170 1923 162 659
161 1978 150 672
161 1949 150 675
164 1864 162 664
160 1911 157 665
167 1863 156 665
184 1983 178 655
167 1889 150 670
166 1946 162 659
160 1965 150 673
166 1999 149 675
162 1944 150 670
166 1908 162 661
163 1892 156 665
160 1895 151 670
170 1897 162 661
159 1861 156 667
164 1894 162 662
162 1900 150 672
170 1979 161 660
160 2005 150 670
166 1874 157 664
165 1872 157 665
164 1881 156 665
159 1923 152 668
162 1900 156 665
162 1875 151 670
167 1927 162 659
166 1895 157 662
164 1929 150 670
162 1864 150 673
160 1887 152 668
193 2220 193 653
169 2029 144 678
165 2069 144 678
160 1851 156 667
158 1891 156 669
181 2178 181 655
191 2133 150 669
182 2019 178 655
174 1937 166 657
186 2017 178 655
165 2071 149 676
185 2064 151 667
176 2001 161 660
166 1883 164 666
168 1895 157 662
175 1985 144 675
167 2115 144 675
181 2076 151 667
166 1975 151 671
163 1993 150 678
159 1864 156 667
170 1953 166 657
163 1886 152 668
171 1932 162 659
166 1900 157 664
174 2007 161 660
166 1968 162 661
172 2087 144 673
164 1987 150 670
162 1912 156 665
173 2024 156 664
174 2018 144 673
173 1917 151 670
170 2099 144 675
159 1937 152 668
169 1952 165 660
170 1952 162 659
166 1953 150 672
169 1891 156 665
166 1908 157 662
171 1930 150 670
170 1941 150 673
161 1891 152 668
170 1915 162 661
170 1890 162 664
167 1898 162 664
160 1895 152 668
163 1886 152 668
169 1944 151 670
167 1983 150 670
200 2267 150 669
198 2266 193 653
175 2008 145 679
170 2065 144 678
162 1853 156 667
158 1927 156 669
191 2026 178 655
182 2044 178 655
169 2156 148 678
172 1967 166 657
163 1896 152 668
187 2094 151 667
164 2009 150 674
160 1854 156 667
185 2123 151 667
171 1957 150 677
171 1996 165 659
176 2061 161 660
178 2006 161 660
168 1987 150 672
175 1933 162 661
182 2145 151 667
172 1932 150 670
175 2032 156 664
170 1909 156 665
166 1925 157 662
173 1923 162 662
169 1904 157 665
173 2039 145 679
175 2067 144 673
177 2032 144 673
171 1989 166 657
172 1947 162 661
172 1983 162 659
165 1924 156 665
206 2237 144 673
203 2277 144 673
184 2219 181 655
178 2133 144 680
170 2011 150 686
166 1857 156 667
160 1960 156 667
175 1985 166 657
200 2210 151 667
165 2037 150 677
187 2105 144 680
187 2076 178 655
185 2113 152 668
180 2001 162 659
170 1908 162 666
171 1963 157 662
177 1938 150 670
166 1925 160 663
181 2064 161 660
161 1955 156 669
180 2082 156 664
168 2070 150 673
173 1960 150 672
176 2081 161 660
174 1946 162 662
166 1959 157 665
172 1925 156 665
171 2058 156 665
213 2429 207 655
168 2052 150 681
166 1900 156 667
189 2164 185 656
194 2149 152 668
174 2000 150 672
185 2070 170 657
183 2001 162 659
180 1998 177 657
181 2118 162 659
171 1967 157 666
178 1980 157 662
176 2079 173 658
173 1952 157 665
179 2087 172 660
178 2034 156 665
187 2121 156 664
193 2139 150 670
194 2125 150 670
179 2083 151 670
175 2000 172 661
176 1992 172 664
177 1986 172 661
183 2054 151 670
172 1994 157 662
180 2158 156 664
204 2279 152 668
201 2290 192 656
176 2028 150 675
174 1909 156 669
166 1951 159 669
182 2000 178 658
189 2175 162 661
191 2078 165 660
192 2216 173 657
179 2004 150 672
168 1948 156 667
180 2120 172 661
199 2180 156 664
172 1923 156 667
194 2240 156 664
177 2027 157 665
174 2031 168 662
191 2234 173 658
175 2018 162 663
180 1981 160 663
178 2043 173 661
175 2058 157 662
180 2038 157 662
174 2037 157 664
178 1980 157 664
179 1982 162 662
176 2033 162 662
203 2339 195 657
174 1924 156 669
171 1968 156 672
168 2079 156 669
168 1997 157 668
198 2292 172 661
186 2028 185 659
174 2098 157 666
176 2054 171 663
179 2049 157 665
179 2043 164 662
200 2323 156 666
182 2016 162 666
176 2037 160 666
176 2059 157 662
175 1971 156 667
168 2002 162 667
172 1990 156 669
178 2027 171 666
174 2090 156 667
202 2413 179 661
187 2086 180 662
178 1962 157 669
172 1976 156 674
169 2017 157 674
190 2083 164 662
193 2227 156 668
180 2140 159 665
188 2230 160 662
175 1984 163 668
183 2091 160 663
181 2080 157 665
175 2024 157 671
173 2024 162 671
188 2075 157 664
179 2068 161 663
172 2056 157 669
176 1972 162 668
176 1969 156 669
196 2141 157 665
192 2264 179 662
180 2034 156 669
178 2076 156 669
178 2047 157 670
185 2102 172 664
186 2162 167 663
183 2065 162 668
189 2175 157 665
188 2108 164 666
183 2088 157 667
192 2154 157 666
204 2219 157 665
199 2298 168 663
197 2391 167 663
184 2124 156 671
179 2207 156 669
183 2247 162 667
191 2277 159 665
184 2137 157 667
190 2199 156 669
195 2285 157 666
199 2176 157 666
204 2233 157 669
195 2347 159 665
189 2133 178 676
183 2249 156 672
183 2211 157 676
191 2172 164 674
189 2138 167 667
201 2301 157 667
187 2181 166 669
188 2303 159 668
