8386 239.931
268 4133 213 811
242 3689 208 800
283 4262 202 689
308 4782 249 957
226 3802 198 745
253 3744 242 830
299 4867 220 861
253 3925 205 712
259 3995 180 814
246 3815 185 762
251 3942 198 810
264 4087 206 783
306 4107 247 748
263 3920 200 792
225 3442 164 752
258 4317 214 766
294 4689 216 887
289 4532 232 803
297 4499 222 837
304 4845 208 878
234 3556 217 777
272 3927 208 821
334 5186 228 850
216 3241 168 703
323 5316 235 854
348 5255 173 804
305 4473 247 892
277 3996 207 741
256 4063 180 776
291 4626 236 853
295 4836 230 815
228 3670 204 754
291 4532 236 879
271 4324 194 778
234 3639 204 809
234 3723 208 810
244 3841 193 769
314 4638 210 814
278 4436 196 834
323 5307 222 866
248 3994 195 760
308 4469 200 840
281 4387 219 827
320 4768 220 837
276 4219 201 791
232 3458 160 699
322 5232 233 825
286 4323 193 748
225 3344 186 738
209 3129 179 753
269 4210 181 778
227 3441 195 793
228 3594 187 708
302 4729 258 868
325 4772 183 727
234 3678 178 785
252 3594 165 721
207 2989 189 730
369 5686 261 885
257 4249 206 832
237 3319 184 752
309 4432 215 795
282 4229 204 768
275 3998 203 800
274 4203 237 830
267 4074 182 767
292 4498 230 941
319 4749 261 940
268 4083 224 873
335 5044 231 980
264 3784 196 751
221 3410 183 718
289 4475 236 849
266 4048 217 851
269 3966 218 799
237 3714 216 711
212 3423 207 746
286 4248 201 794
274 4000 222 865
298 4624 258 957
244 3884 183 787
289 4401 213 789
242 3823 206 823
208 3179 168 751
287 4665 258 983
297 4332 233 848
326 5219 256 819
251 3727 206 741
206 3281 205 706
273 4224 232 797
291 4244 240 832
255 4212 182 815
252 3751 207 737
189 2628 178 702
287 4281 232 879
277 4283 229 880
256 3816 165 741
285 4111 210 864
246 3852 215 829
238 3914 197 777
285 3962 218 817
246 3826 212 790
250 4088 227 793
334 5290 235 877
230 3660 212 828
274 4339 182 765
305 4426 261 772
270 4155 222 733
251 4124 184 838
246 3579 173 711
257 3887 221 752
258 3463 184 749
263 4036 216 844
235 3357 199 755
293 4243 248 830
322 5172 224 893
293 4744 208 817
259 3706 189 769
257 3948 202 845
267 4241 217 840
234 3526 207 779
295 4378 195 869
214 3374 209 766
218 3487 178 800
296 4700 200 852
243 3748 186 734
260 3837 193 830
249 3854 192 748
255 4018 173 782
236 3758 188 754
279 4288 232 884
311 4465 215 882
218 3104 177 720
281 4220 197 849
354 5638 233 894
311 5000 232 932
287 4806 193 756
218 3525 188 746
253 4193 200 864
257 4238 189 769
275 4258 257 875
226 3117 173 714
303 4711 248 871
272 4073 185 844
228 3289 168 718
248 3792 188 724
226 3339 186 702
233 3514 224 778
248 4077 182 744
296 4538 197 804
269 4147 217 884
269 4318 180 823
236 3840 181 798
335 5312 256 936
335 5111 243 851
257 3955 210 796
283 4505 262 905
272 4259 272 825
255 3830 198 791
234 3357 185 770
313 4887 203 869
280 4456 212 816
230 3247 178 735
332 4661 255 844
204 3374 189 749
211 3022 169 704
219 3445 188 684
268 3893 192 810
240 3739 194 779
259 3915 243 811
252 3886 171 770
254 3367 177 735
303 4530 233 864
280 4152 192 808
295 4811 252 878
245 3639 192 802
271 4127 217 819
238 3524 223 804
285 4200 237 799
249 3757 204 872
234 4126 207 770
290 4398 220 845
252 3877 199 752
294 4136 208 765
222 3043 189 710
281 4300 212 828
320 4573 234 767
309 4683 195 839
251 3952 189 805
280 4041 196 822
248 3725 193 823
283 3969 214 834
240 3519 181 720
244 3437 171 728
192 2918 163 706
297 4754 221 881
295 4499 213 849
203 2714 187 724
257 4196 182 781
227 3478 158 719
247 3820 206 751
248 3962 209 798
241 3837 190 806
247 3737 195 822
343 5289 242 932
218 3358 178 749
271 4145 200 716
245 3868 174 732
284 4561 245 901
269 4165 227 779
228 3620 193 755
305 4731 233 847
259 4006 237 766
224 3245 184 763
280 4674 220 855
291 4290 206 810
291 4083 212 910
232 3473 184 688
214 3665 174 705
174 2690 170 680
254 4028 206 768
288 4304 226 813
265 4499 251 840
297 4600 227 854
283 4356 192 822
218 3229 187 715
231 3459 224 776
266 3786 192 777
303 4833 182 832
294 4656 227 872
272 4169 218 850
318 5134 229 827
278 4541 229 842
275 4503 241 834
223 3112 164 701
332 5198 249 840
267 4064 245 843
260 4169 186 798
233 3249 213 771
276 4079 192 817
303 4757 206 898
223 3511 189 782
259 3968 186 799
261 3563 219 842
320 5013 222 876
278 4361 238 858
268 4564 172 806
248 3303 183 758
233 3666 177 709
266 4123 238 810
255 4073 172 776
268 4027 200 795
273 4344 227 753
353 5461 279 927
325 5181 271 880
231 3409 196 789
255 3734 202 789
231 3833 181 732
239 3725 199 746
285 4352 232 903
292 4809 214 842
267 3850 210 752
210 3297 168 690
340 4986 189 814
256 3940 220 822
226 3504 222 830
238 3783 227 820
194 3032 174 734
251 3966 188 805
333 5400 236 959
232 3782 193 775
246 3777 203 781
318 4901 218 913
263 3876 226 851
225 3496 178 733
235 3567 206 817
247 3893 197 820
253 4053 175 726
227 3337 219 835
342 5087 240 843
308 4562 191 759
275 4545 239 895
225 3648 192 765
204 3258 183 749
224 3270 173 722
265 4154 194 799
268 4148 202 877
401 6488 276 950
283 4555 198 880
239 3510 213 804
270 3784 188 781
310 4537 227 799
325 4783 261 831
203 3348 187 722
293 4535 230 844
284 3927 217 772
300 4293 241 917
253 3941 196 758
252 3535 178 768
226 3503 223 731
