11401 841.534
205 2359 205 651
205 2359 205 651
187 2450 147 683
185 2320 145 687
185 2320 145 687
165 2046 151 674
159 2048 156 667
193 2228 190 653
190 2314 190 653
187 2450 147 683
184 2164 178 655
167 2087 153 672
173 2099 150 676
178 2243 178 655
178 2243 178 655
159 2054 156 665
162 2197 160 662
159 2048 156 667
193 2228 190 653
162 2197 160 662
182 2164 166 657
182 2080 173 661
168 2085 153 672
180 2150 161 660
168 2127 150 676
182 2080 173 661
175 2065 169 663
165 2046 151 674
167 2235 166 657
164 2146 157 662
181 2163 162 659
190 2314 190 653
170 2144 161 663
174 2082 165 663
181 2159 170 657
175 2093 161 663
159 2054 156 665
164 2146 157 662
167 2174 161 660
179 2179 178 658
169 2126 166 660
175 2155 161 660
177 2180 166 657
175 2066 165 663
165 2171 162 659
171 2133 161 663
177 2180 166 657
184 2164 178 655
181 2105 178 658
167 2235 166 657
165 2159 162 661
172 2111 150 676
173 2100 161 663
173 2099 150 676
172 2111 150 676
168 2128 166 660
181 2089 162 662
172 2192 166 657
171 2133 161 663
165 2171 162 659
172 2192 166 657
168 2085 153 672
181 2089 162 662
170 2144 161 663
181 2170 166 657
179 2179 178 658
169 2126 166 660
165 2092 162 662
174 2105 166 660
175 2065 169 663
181 2170 166 657
175 2155 161 660
174 2105 166 660
181 2163 162 659
174 2082 165 663
167 2087 153 672
182 2164 166 657
175 2066 165 663
168 2127 150 676
165 2092 162 662
205 2359 205 651
205 2359 205 651
205 2359 205 651
205 2359 205 651
205 2359 205 651
205 2359 205 651
205 2359 205 651
205 2359 205 651
205 2359 205 651
205 2359 205 651
205 2359 205 651
205 2359 205 651
205 2359 205 651
205 2359 205 651
205 2359 205 651
205 2359 205 651
205 2359 205 651
205 2359 205 651
205 2359 205 651
205 2359 205 651
205 2359 205 651
205 2359 205 651
205 2359 205 651
205 2359 205 651
205 2359 205 651
205 2359 205 651
205 2359 205 651
205 2359 205 651
205 2359 205 651
205 2359 205 651
205 2359 205 651
205 2359 205 651
205 2359 205 651
205 2359 205 651
205 2359 205 651
205 2359 205 651
205 2359 205 651
205 2359 205 651
205 2359 205 651
205 2359 205 651
205 2359 205 651
205 2359 205 651
205 2359 205 651
205 2359 205 651
205 2359 205 651
205 2359 205 651
205 2359 205 651
205 2359 205 651
205 2359 205 651
205 2359 205 651
205 2359 205 651
205 2359 205 651
205 2359 205 651
205 2359 205 651
205 2359 205 651
205 2359 205 651
205 2359 205 651
205 2359 205 651
205 2359 205 651
205 2359 205 651
205 2359 205 651
205 2359 205 651
205 2359 205 651
205 2359 205 651
205 2359 205 651
205 2359 205 651
205 2359 205 651
205 2359 205 651
205 2359 205 651
205 2359 205 651
205 2359 205 651
205 2359 205 651
205 2359 205 651
205 2359 205 651
205 2359 205 651
205 2360 205 651
204 2453 178 655
190 2346 157 669
188 2155 162 662
180 2184 170 660
196 2287 193 653
197 2242 190 656
197 2434 166 657
201 2326 181 655
181 2171 166 660
198 2374 190 653
198 2326 162 659
188 2260 185 655
184 2278 178 658
183 2350 170 657
193 2280 173 658
205 2357 190 653
192 2279 174 657
190 2246 185 655
186 2254 178 658
187 2285 173 657
197 2345 181 655
188 2165 178 658
211 2458 178 655
205 2361 205 651
205 2361 205 651
199 2532 181 655
189 2166 162 662
185 2226 180 677
196 2289 193 653
208 2408 190 653
203 2445 173 658
194 2196 166 660
188 2304 185 655
191 2249 185 655
200 2346 182 655
205 2514 190 653
190 2471 170 657
195 2182 170 660
190 2183 178 658
204 2469 178 655
213 2476 190 653
206 2530 178 655
205 2373 205 651
200 2321 162 671
190 2185 178 658
197 2325 177 661
198 2496 170 657
190 2371 185 655
197 2250 190 656
196 2292 193 653
212 2502 178 655
196 2292 193 653
199 2350 185 655
210 2478 190 653
206 2521 190 653
216 2572 173 658
212 2407 177 683
205 2375 205 651
193 2222 182 658
192 2286 185 667
196 2298 193 653
199 2267 190 656
203 2370 185 655
215 2502 190 653
212 2530 178 655
194 2223 178 658
196 2292 193 656
217 2524 190 653
215 2549 190 653
205 2376 205 651
196 2228 183 662
195 2297 178 658
194 2303 182 658
205 2439 185 655
202 2287 190 656
198 2304 193 656
196 2306 193 653
208 2460 185 656
205 2381 205 651
199 2381 181 662
196 2316 193 656
197 2317 193 653
196 2319 193 653
224 2604 192 665
206 2454 182 676
205 2383 205 651
196 2323 193 653
205 2391 205 651
196 2325 193 653
208 2396 205 651
205 2409 205 651
196 2331 193 653
207 2338 193 653
205 2410 205 651
198 2344 193 660
203 2369 200 654
203 2353 203 654
198 2373 193 653
204 2367 193 653
208 2415 205 651
205 2431 205 651
200 2351 193 663
198 2375 193 653
207 2364 204 658
205 2360 205 654
217 2418 205 651
212 2437 212 652
206 2463 205 651
205 2371 205 654
201 2409 193 653
198 2426 197 656
205 2383 193 653
212 2517 205 651
211 2580 205 651
208 2377 205 654
201 2492 193 672
199 2447 197 657
204 2436 197 662
209 2429 200 654
205 2396 205 654
212 2436 193 656
201 2537 193 653
205 2396 205 654
208 2534 193 653
225 2539 205 651
220 2564 193 668
214 2556 193 672
205 2409 205 658
216 2480 204 665
207 2537 197 654
212 2412 205 654
210 2524 205 654
220 2544 193 669
226 2597 205 651
218 2444 205 658
215 2578 197 654
213 2619 205 654
209 2448 205 660
229 2597 205 654
226 2687 197 654
218 2647 197 659
218 2472 205 658
234 2697 203 654
220 2518 220 664
