87600 480.053
225 3622 204 679
187 2885 157 734
169 2629 164 692
233 3599 160 684
225 3622 204 679
199 3237 144 689
169 2629 164 692
225 3622 204 679
187 2956 168 684
201 2984 153 702
214 3077 153 695
228 3396 148 688
214 3077 153 695
228 3396 148 688
169 2629 164 692
231 3521 166 681
233 3599 160 684
173 2775 162 728
179 3004 156 720
173 2775 162 728
200 2830 154 692
199 3237 144 689
192 2728 161 731
233 3599 160 684
231 3521 166 681
169 2629 164 692
231 3521 166 681
194 3159 152 710
214 3077 153 695
228 3396 148 688
194 3159 152 710
184 3194 160 707
184 3194 160 707
182 3043 151 715
172 2950 163 706
189 2984 156 685
172 2788 160 733
228 3396 148 688
189 2984 156 685
176 2971 160 713
176 2971 160 713
185 3016 158 710
191 2928 155 719
225 3622 204 679
214 3077 153 695
185 3016 158 710
189 2984 156 685
196 2827 162 703
192 2728 161 731
188 3215 150 697
228 3396 148 688
180 2959 163 698
188 3215 150 697
187 2956 168 684
183 2948 153 713
231 3521 166 681
188 2740 158 712
189 2984 156 685
169 2629 164 692
179 3004 156 720
233 3599 160 684
182 3043 151 715
196 3050 150 700
188 3215 150 697
172 2788 160 733
196 2827 162 703
190 2933 160 711
196 3050 150 700
183 2907 159 733
191 2935 158 702
179 3004 156 720
231 3521 166 681
196 3050 150 700
190 2933 160 711
188 2740 158 712
188 2740 158 712
196 2827 162 703
231 3521 166 681
188 3215 150 697
191 2935 158 702
183 2907 159 733
192 2885 155 711
187 2885 157 734
192 2728 161 731
182 3043 151 715
196 2827 162 703
225 3622 204 679
179 3004 156 720
169 2629 164 692
176 2971 160 713
191 2935 158 702
176 2971 160 713
179 3004 156 720
169 2629 164 692
214 3077 153 695
172 2950 163 706
192 2728 161 731
179 3004 156 720
187 2956 168 684
200 2830 154 692
185 3016 158 710
228 3396 148 688
187 2885 157 734
196 2827 162 703
179 3004 156 720
172 2788 160 733
179 3004 156 720
198 3002 155 710
187 2885 157 734
200 2830 154 692
231 3521 166 681
179 3004 156 720
187 2885 157 734
173 2775 162 728
196 2827 162 703
184 3194 160 707
194 3159 152 710
185 3052 153 712
182 3043 151 715
200 2830 154 692
231 3521 166 681
192 2728 161 731
233 3599 160 684
182 3043 151 715
191 2935 158 702
196 2827 162 703
200 2830 154 692
191 2935 158 702
225 3622 204 679
196 3050 150 700
188 2740 158 712
231 3521 166 681
192 2728 161 731
169 2629 164 692
172 2950 163 706
200 2830 154 692
188 2740 158 712
188 3215 150 697
182 3043 151 715
196 2827 162 703
179 3004 156 720
196 2827 162 703
182 3043 151 715
180 2959 163 698
173 2775 162 728
196 2827 162 703
183 2907 159 733
182 3043 151 715
187 2885 157 734
228 3396 148 688
173 2775 162 728
199 3237 144 689
189 2984 156 685
185 3016 158 710
179 3004 156 720
183 2907 159 733
182 3043 151 715
169 2629 164 692
192 2728 161 731
185 3016 158 710
228 3396 148 688
188 3215 150 697
196 2827 162 703
179 3004 156 720
191 2935 158 702
185 3016 158 710
179 3004 156 720
179 3004 156 720
225 3622 204 679
189 2984 156 685
185 3016 158 710
172 2950 163 706
231 3521 166 681
188 3215 150 697
173 2775 162 728
225 3622 204 679
182 3043 151 715
187 2885 157 734
228 3396 148 688
225 3622 204 679
169 2629 164 692
233 3599 160 684
225 3622 204 679
225 3622 204 679
228 3396 148 688
199 3237 144 689
228 3396 148 688
231 3521 166 681
182 3043 151 715
231 3521 166 681
199 3237 144 689
182 3043 151 715
200 2830 154 692
200 2830 154 692
214 3077 153 695
233 3599 160 684
190 2933 160 711
196 3050 150 700
183 2907 159 733
191 2935 158 702
179 3004 156 720
196 3050 150 700
188 2740 158 712
188 3215 150 697
192 2885 155 711
196 2827 162 703
169 2629 164 692
179 3004 156 720
189 2984 156 685
172 2950 163 706
192 2728 161 731
228 3396 148 688
196 2827 162 703
172 2788 160 733
198 3002 155 710
187 2885 157 734
200 2830 154 692
231 3521 166 681
196 2827 162 703
194 3159 152 710
182 3043 151 715
214 3077 153 695
187 2885 157 734
225 3622 204 679
199 3237 144 689
169 2629 164 692
225 3622 204 679
187 2956 168 684
201 2984 153 702
214 3077 153 695
228 3396 148 688
228 3396 148 688
231 3521 166 681
173 2775 162 728
199 3237 144 689
200 2830 154 692
228 3396 148 688
182 3043 151 715
172 2950 163 706
176 2971 160 713
191 2928 155 719
189 2984 156 685
196 2827 162 703
188 3215 150 697
228 3396 148 688
188 3215 150 697
187 2956 168 684
231 3521 166 681
225 3622 204 679
169 2629 164 692
185 3016 158 710
228 3396 148 688
188 3215 150 697
196 2827 162 703
179 3004 156 720
191 2935 158 702
185 3016 158 710
225 3622 204 679
172 2950 163 706
231 3521 166 681
188 3215 150 697
173 2775 162 728
182 3043 151 715
187 2885 157 734
225 3622 204 679
233 3599 160 684
225 3622 204 679
228 3396 148 688
199 3237 144 689
228 3396 148 688
182 3043 151 715
231 3521 166 681
199 3237 144 689
182 3043 151 715
200 2830 154 692
172 2950 163 706
231 3521 166 681
192 2728 161 731
233 3599 160 684
182 3043 151 715
196 2827 162 703
200 2830 154 692
191 2935 158 702
225 3622 204 679
196 3050 150 700
188 2740 158 712
192 2728 161 731
169 2629 164 692
214 3077 153 695
200 2830 154 692
188 2740 158 712
188 3215 150 697
182 3043 151 715
196 2827 162 703
182 3043 151 715
173 2775 162 728
196 2827 162 703
183 2907 159 733
182 3043 151 715
187 2885 157 734
