23408 660.178
148 2076 142 694
150 2074 142 688
217 2340 217 649
152 1974 150 676
224 2335 217 649
142 2174 142 688
205 2213 205 651
205 2213 205 651
187 2293 187 653
187 2293 187 653
149 1988 144 680
151 2030 150 669
148 2076 142 694
198 2113 193 653
202 2310 202 651
156 2046 156 664
175 2161 175 655
154 1981 151 670
224 2335 217 649
217 2340 217 649
190 2177 190 653
161 2027 161 660
158 1980 157 662
169 2031 169 657
186 2047 181 655
193 2120 193 653
171 2044 166 657
193 2120 193 653
145 2150 143 684
145 1986 144 683
149 1993 144 677
144 2158 144 680
190 2177 190 653
181 2094 178 655
185 2014 180 658
168 1998 168 660
202 2310 202 651
143 2174 143 684
178 2095 178 655
164 2023 162 659
151 2004 151 667
169 2031 169 657
156 2022 156 665
165 2006 165 660
185 2014 180 658
158 1980 157 662
194 2172 190 653
198 2113 193 653
142 2174 142 688
181 2094 178 655
148 2076 142 694
194 2172 190 653
150 1980 150 675
152 1975 150 672
181 2094 178 655
144 2151 144 686
144 2151 144 686
202 2310 202 651
194 2172 190 653
181 2054 181 655
151 2004 151 667
158 1980 157 662
149 1994 144 673
224 2335 217 649
150 1980 150 675
202 2310 202 651
170 1996 168 660
162 2067 162 659
193 2120 193 653
175 2161 175 655
178 2095 178 655
202 2310 202 651
152 1989 150 671
201 2105 193 653
162 2067 162 659
148 2062 143 684
152 1992 151 670
202 2310 202 651
190 2177 190 653
175 2161 175 655
161 2027 161 660
169 2031 169 657
164 2023 162 659
158 2015 156 664
181 2054 181 655
150 2074 142 688
186 2047 181 655
200 2112 193 653
150 1999 150 672
150 2011 150 671
171 2044 166 657
144 2167 144 673
149 1994 144 673
145 1986 144 683
173 1995 168 660
200 2112 193 653
185 2014 180 658
165 2006 165 660
166 2046 166 657
151 2030 150 669
149 1993 144 677
173 1995 168 660
146 2152 142 688
198 2113 193 653
148 2161 144 673
166 2046 166 657
164 2023 162 659
170 1996 168 660
152 1974 150 676
148 2161 144 673
156 2022 156 665
152 1974 150 676
148 2062 143 684
148 2062 143 684
181 2054 181 655
156 2022 156 665
201 2105 193 653
144 2158 144 680
154 1981 151 670
155 1983 150 669
155 1983 150 669
153 1991 151 667
194 2119 193 653
198 2113 193 653
175 2161 175 655
145 2150 143 684
168 1998 168 660
145 2153 142 688
178 2095 178 655
158 2015 156 664
179 2152 175 655
156 2022 156 665
153 1985 150 669
150 2011 150 671
194 2172 190 653
145 2153 142 688
144 2167 144 673
152 1974 150 676
165 2006 165 660
168 1998 168 660
180 2019 180 658
157 2030 157 662
180 2019 180 658
181 2094 178 655
143 2174 143 684
171 2044 166 657
170 1996 168 660
169 2031 169 657
146 2152 142 688
179 2152 175 655
157 2030 157 662
201 2105 193 653
202 2310 202 651
164 2023 162 659
142 2174 142 688
180 2019 180 658
180 2019 180 658
151 2002 150 671
190 2177 190 653
148 2076 142 694
168 1998 168 660
194 2172 190 653
150 2074 142 688
153 1985 150 669
151 2002 150 671
144 2160 144 677
166 2046 166 657
151 2004 151 667
149 1988 144 680
152 1974 150 676
185 2014 180 658
149 1994 144 673
166 2046 166 657
152 1989 150 671
179 2152 175 655
164 2023 162 659
144 2160 144 677
173 1995 168 660
152 1992 151 670
175 2161 175 655
150 1999 150 672
152 1975 150 672
170 1996 168 660
194 2119 193 653
153 1991 151 667
158 2015 156 664
193 2120 193 653
170 1996 168 660
142 2174 142 688
190 2177 190 653
157 2030 157 662
148 2062 143 684
158 2015 156 664
181 2054 181 655
150 1980 150 675
193 2120 193 653
148 2062 143 684
186 2047 181 655
158 1980 156 665
152 1989 150 671
181 2054 181 655
151 2030 150 669
170 1996 168 660
151 1996 151 670
202 2310 202 651
173 1995 168 660
175 2161 175 655
158 2015 156 664
190 2177 190 653
217 2340 217 649
145 2150 143 684
175 2161 175 655
194 2172 190 653
224 2335 217 649
150 1980 150 675
173 1995 168 660
148 2161 144 673
187 2293 187 653
187 2293 187 653
194 2172 190 653
190 2177 190 653
201 2105 193 653
193 2120 193 653
181 2094 178 655
187 2293 187 653
205 2213 205 651
145 2153 142 688
153 1991 151 667
194 2172 190 653
148 2062 143 684
145 2153 142 688
178 2095 178 655
181 2054 181 655
173 1995 168 660
157 2030 157 662
158 2015 156 664
150 1980 150 675
158 2015 156 664
150 1980 150 675
156 2022 156 665
193 2120 193 653
169 2031 169 657
201 2105 193 653
193 2120 193 653
158 1980 157 662
148 2062 143 684
152 1974 150 676
144 2160 144 677
181 2054 181 655
149 1993 144 677
156 2022 156 665
166 2046 166 657
157 2030 157 662
169 2031 169 657
158 2015 156 664
173 1995 168 660
165 2006 165 660
158 1980 156 665
164 2023 162 659
148 2062 143 684
150 2011 150 671
142 2174 142 688
194 2172 190 653
194 2172 190 653
150 1980 150 675
190 2177 190 653
146 2152 142 688
158 1980 157 662
181 2054 181 655
158 1980 157 662
164 2023 162 659
143 2174 143 684
169 2031 169 657
166 2046 166 657
194 2172 190 653
169 2031 169 657
181 2054 181 655
194 2172 190 653
179 2152 175 655
152 1992 151 670
150 1999 150 672
190 2177 190 653
186 2047 181 655
144 2167 144 673
152 1989 150 671
153 1991 151 667
145 1986 144 683
144 2167 144 673
187 2293 187 653
180 2019 180 658
169 2031 169 657
201 2105 193 653
190 2177 190 653
217 2340 217 649
186 2047 181 655
217 2340 217 649
168 1998 168 660
202 2310 202 651
156 2022 156 665
194 2172 190 653
