33136 3374.28
224 2184 217 649
217 2192 217 649
217 2192 217 649
200 2110 157 668
200 2110 157 668
189 2079 181 655
187 2089 178 655
209 2170 202 651
201 2102 162 659
205 2119 205 651
212 2111 205 651
191 2081 166 657
213 2175 187 653
205 2119 205 651
201 2102 162 659
224 2184 217 649
203 2106 175 655
203 2106 175 655
193 2095 193 653
191 2081 166 657
197 2093 190 653
209 2170 202 651
213 2175 187 653
193 2095 193 653
200 2087 193 653
197 2093 190 653
189 2079 181 655
200 2087 193 653
190 2085 178 655
212 2111 205 651
187 2089 178 655
190 2085 178 655
224 2184 217 649
224 2184 217 649
224 2184 217 649
224 2184 217 649
224 2184 217 649
224 2184 217 649
224 2184 217 649
224 2184 217 649
224 2184 217 649
224 2184 217 649
224 2184 217 649
224 2184 217 649
224 2184 217 649
224 2184 217 649
224 2184 217 649
224 2184 217 649
224 2184 217 649
224 2184 217 649
224 2184 217 649
224 2184 217 649
224 2184 217 649
224 2184 217 649
224 2184 217 649
224 2184 217 649
224 2184 217 649
224 2184 217 649
224 2184 217 649
224 2184 217 649
224 2184 217 649
224 2184 217 649
224 2184 217 649
224 2184 217 649
224 2184 217 649
224 2184 217 649
224 2184 217 649
224 2184 217 649
224 2184 217 649
224 2184 217 649
224 2184 217 649
224 2184 217 649
224 2184 217 649
224 2184 217 649
224 2184 217 649
224 2184 217 649
224 2184 217 649
224 2184 217 649
224 2184 217 649
224 2184 217 649
224 2184 217 649
224 2184 217 649
224 2184 217 649
224 2184 217 649
224 2184 217 649
224 2184 217 649
224 2184 217 649
224 2184 217 649
224 2184 217 649
224 2184 217 649
224 2184 217 649
224 2184 217 649
224 2184 217 649
224 2184 217 649
224 2184 217 649
224 2184 217 649
224 2184 217 649
224 2184 217 649
224 2184 217 649
224 2184 217 649
224 2184 217 649
224 2184 217 649
224 2184 217 649
224 2184 217 649
224 2184 217 649
224 2184 217 649
224 2184 217 649
224 2184 217 649
224 2184 217 649
224 2184 217 649
224 2184 217 649
224 2184 217 649
224 2184 217 649
224 2184 217 649
224 2184 217 649
224 2184 217 649
224 2184 217 649
224 2184 217 649
224 2184 217 649
224 2184 217 649
224 2184 217 649
224 2184 217 649
224 2184 217 649
224 2184 217 649
224 2184 217 649
224 2184 217 649
224 2184 217 649
224 2184 217 649
224 2184 217 649
224 2184 217 649
224 2184 217 649
224 2184 217 649
224 2184 217 649
224 2184 217 649
224 2184 217 649
224 2184 217 649
224 2184 217 649
224 2184 217 649
224 2184 217 649
224 2184 217 649
224 2184 217 649
224 2184 217 649
224 2184 217 649
224 2184 217 649
224 2184 217 649
224 2184 217 649
224 2184 217 649
224 2184 217 649
224 2184 217 649
224 2184 217 649
224 2184 217 649
224 2184 217 649
224 2184 217 649
224 2184 217 649
224 2184 217 649
224 2184 217 649
224 2184 217 649
224 2184 217 649
224 2184 217 649
224 2184 217 649
224 2184 217 649
224 2184 217 649
224 2184 217 649
224 2184 217 649
224 2184 217 649
224 2184 217 649
224 2184 217 649
224 2184 217 649
224 2184 217 649
224 2184 217 649
224 2184 217 649
224 2184 217 649
224 2184 217 649
224 2184 217 649
224 2184 217 649
224 2184 217 649
224 2184 217 649
224 2184 217 649
224 2184 217 649
224 2184 217 649
224 2184 217 649
224 2184 217 649
224 2184 217 649
224 2184 217 649
224 2184 217 649
224 2184 217 649
224 2184 217 649
224 2184 217 649
224 2184 217 649
224 2184 217 649
224 2184 217 649
224 2184 217 649
224 2184 217 649
224 2184 217 649
224 2184 217 649
224 2184 217 649
224 2184 217 649
224 2184 217 649
224 2184 217 649
224 2184 217 649
224 2184 217 649
224 2184 217 649
224 2184 217 649
224 2184 217 649
224 2184 217 649
224 2184 217 649
224 2184 217 649
224 2184 217 649
224 2184 217 649
224 2184 217 649
224 2184 217 649
224 2184 217 649
224 2184 217 649
224 2184 217 649
224 2184 217 649
224 2184 217 649
224 2184 217 649
224 2184 217 649
224 2184 217 649
224 2184 217 649
224 2184 217 649
224 2184 217 649
217 2192 217 649
217 2192 217 649
217 2192 217 649
217 2192 217 649
217 2192 217 649
213 2175 187 653
213 2175 187 653
212 2111 205 651
212 2111 205 651
205 2119 205 651
203 2106 175 655
200 2087 193 653
200 2087 193 653
193 2095 193 653
224 2187 217 649
217 2196 217 649
203 2208 190 653
202 2105 178 655
200 2100 193 653
214 2115 190 653
211 2173 202 651
212 2114 205 651
205 2174 205 651
213 2179 187 653
224 2187 217 649
211 2173 202 651
224 2188 217 649
221 2237 217 649
214 2164 190 653
212 2124 205 651
200 2187 193 653
206 2193 205 651
212 2124 205 651
201 2154 193 653
211 2179 202 651
224 2188 217 649
224 2188 217 649
224 2188 217 649
224 2188 217 649
224 2188 217 649
226 2186 202 651
224 2189 217 649
214 2168 190 653
212 2129 205 651
209 2241 205 651
212 2196 202 651
224 2194 217 649
215 2219 202 651
214 2171 190 653
212 2167 205 651
224 2196 217 649
221 2222 190 653
215 2248 202 651
212 2168 205 651
217 2232 202 651
227 2213 217 649
218 2273 202 651
216 2224 205 651
230 2234 217 649
230 2232 205 651
228 2259 217 649
218 2275 202 651
236 2276 202 651
230 2238 217 649
224 2372 218 662
243 2380 216 667
243 2380 216 667
235 2278 217 649
231 2284 217 649
247 2430 216 667
231 2295 217 649
233 2295 217 649
231 2311 217 649
231 2319 217 649
231 2320 217 649
242 2348 217 649
235 2362 217 649
252 2459 217 649
