5012 22.3142
260 3917 169 777
214 2990 206 802
221 3505 172 752
214 2990 206 802
272 3901 167 770
187 3144 177 759
213 3442 173 838
233 3483 200 756
240 3588 170 770
239 3588 171 798
187 3144 177 759
195 3139 188 828
239 3588 171 798
233 3483 200 756
213 3442 173 838
240 3588 170 770
260 3917 169 777
213 3251 175 782
233 3483 200 756
208 3336 176 826
212 3252 176 811
272 3901 167 770
214 2990 206 802
217 3329 172 780
202 3068 185 805
187 3144 177 759
224 3459 170 799
195 3139 188 828
195 3139 188 828
208 3336 176 826
240 3588 170 770
212 3142 200 768
233 3483 200 756
240 3588 170 770
221 3505 172 752
240 3588 170 770
212 3252 176 811
195 3139 188 828
202 3011 188 805
217 3329 172 780
195 3139 188 828
195 3139 188 828
202 3011 188 805
208 3336 176 826
202 3011 188 805
212 3252 176 811
202 3011 188 805
213 3442 173 838
224 3459 170 799
195 3139 188 828
212 3252 176 811
221 3505 172 752
208 3336 176 826
221 3505 172 752
221 3505 172 752
214 2990 206 802
187 3144 177 759
214 2990 206 802
214 2990 206 802
233 3483 200 756
202 3011 188 805
213 3442 173 838
224 3459 170 799
202 3011 188 805
221 3505 172 752
212 3252 176 811
208 3336 176 826
233 3483 200 756
221 3505 172 752
213 3251 175 782
208 3336 176 826
212 3142 200 768
214 2990 206 802
202 3011 188 805
221 3505 172 752
187 3144 177 759
212 3252 176 811
212 3252 176 811
208 3336 176 826
195 3139 188 828
214 2990 206 802
212 3142 200 768
214 2990 206 802
202 3011 188 805
221 3505 172 752
208 3336 176 826
212 3252 176 811
212 3142 200 768
213 3442 173 838
272 3901 167 770
212 3142 200 768
214 2990 206 802
214 2990 206 802
212 3142 200 768
208 3336 176 826
195 3139 188 828
272 3901 167 770
272 3901 167 770
214 2990 206 802
221 3505 172 752
214 2990 206 802
233 3483 200 756
214 2990 206 802
187 3144 177 759
202 3011 188 805
221 3505 172 752
221 3505 172 752
208 3336 176 826
214 2990 206 802
195 3139 188 828
212 3142 200 768
240 3588 170 770
214 2990 206 802
212 3142 200 768
214 2990 206 802
195 3139 188 828
195 3139 188 828
233 3483 200 756
233 3483 200 756
272 3901 167 770
195 3139 188 828
208 3336 176 826
221 3505 172 752
240 3588 170 770
221 3505 172 752
214 2990 206 802
214 2990 206 802
195 3139 188 828
214 2990 206 802
212 3252 176 811
214 2990 206 802
214 2990 206 802
187 3144 177 759
221 3505 172 752
195 3139 188 828
221 3505 172 752
195 3139 188 828
195 3139 188 828
202 3011 188 805
195 3139 188 828
212 3142 200 768
208 3336 176 826
214 2990 206 802
212 3142 200 768
214 2990 206 802
221 3505 172 752
195 3139 188 828
212 3142 200 768
202 3011 188 805
214 2990 206 802
195 3139 188 828
214 2990 206 802
212 3142 200 768
195 3139 188 828
213 3442 173 838
212 3252 176 811
272 3901 167 770
212 3252 176 811
195 3139 188 828
214 2990 206 802
195 3139 188 828
272 3901 167 770
221 3505 172 752
208 3336 176 826
221 3505 172 752
195 3139 188 828
212 3252 176 811
202 3011 188 805
212 3252 176 811
272 3901 167 770
233 3483 200 756
221 3505 172 752
212 3252 176 811
195 3139 188 828
221 3505 172 752
233 3483 200 756
212 3142 200 768
208 3336 176 826
221 3505 172 752
221 3505 172 752
214 2990 206 802
187 3144 177 759
214 2990 206 802
202 3011 188 805
213 3442 173 838
224 3459 170 799
202 3011 188 805
212 3252 176 811
208 3336 176 826
233 3483 200 756
221 3505 172 752
213 3251 175 782
212 3252 176 811
221 3505 172 752
187 3144 177 759
212 3252 176 811
212 3252 176 811
208 3336 176 826
195 3139 188 828
214 2990 206 802
214 2990 206 802
212 3252 176 811
212 3142 200 768
272 3901 167 770
212 3142 200 768
214 2990 206 802
214 2990 206 802
212 3142 200 768
212 3142 200 768
195 3139 188 828
239 3588 171 798
233 3483 200 756
260 3917 169 777
233 3483 200 756
208 3336 176 826
212 3252 176 811
272 3901 167 770
214 2990 206 802
217 3329 172 780
202 3068 185 805
195 3139 188 828
195 3139 188 828
208 3336 176 826
240 3588 170 770
208 3336 176 826
233 3483 200 756
240 3588 170 770
221 3505 172 752
212 3252 176 811
202 3011 188 805
217 3329 172 780
195 3139 188 828
195 3139 188 828
202 3011 188 805
208 3336 176 826
202 3011 188 805
213 3442 173 838
224 3459 170 799
195 3139 188 828
187 3144 177 759
195 3139 188 828
202 3011 188 805
195 3139 188 828
212 3142 200 768
208 3336 176 826
214 2990 206 802
212 3142 200 768
214 2990 206 802
214 2990 206 802
195 3139 188 828
214 2990 206 802
212 3142 200 768
195 3139 188 828
213 3442 173 838
272 3901 167 770
221 3505 172 752
195 3139 188 828
214 2990 206 802
221 3505 172 752
221 3505 172 752
195 3139 188 828
212 3252 176 811
202 3011 188 805
212 3252 176 811
272 3901 167 770
233 3483 200 756
221 3505 172 752
212 3252 176 811
195 3139 188 828
221 3505 172 752
195 3139 188 828
195 3139 188 828
272 3901 167 770
214 2990 206 802
214 2990 206 802
187 3144 177 759
202 3011 188 805
221 3505 172 752
208 3336 176 826
214 2990 206 802
195 3139 188 828
212 3142 200 768
240 3588 170 770
214 2990 206 802
212 3142 200 768
214 2990 206 802
212 3142 200 768
195 3139 188 828
233 3483 200 756
233 3483 200 756
272 3901 167 770
221 3505 172 752
240 3588 170 770
221 3505 172 752
195 3139 188 828
214 2990 206 802
212 3252 176 811
214 2990 206 802
214 2990 206 802
221 3505 172 752
