131764 3300.76
146 2005 141 692
145 1878 144 673
152 1847 150 677
146 2005 141 692
224 2328 224 650
224 2328 224 650
209 2137 209 652
209 2137 209 652
188 2014 188 656
163 1966 161 660
173 2005 173 658
182 2060 182 656
209 2137 209 652
198 2077 197 654
198 2077 197 654
190 2012 188 656
173 2005 173 658
163 1966 161 660
150 1847 150 679
145 2026 143 684
194 2101 194 654
145 2022 142 688
182 2060 182 656
150 1932 150 669
145 2026 143 684
198 2077 197 654
145 1876 144 676
176 1972 176 658
160 1928 160 662
194 2101 194 654
176 1972 176 658
146 2015 142 689
145 2026 143 684
162 1945 157 662
182 2060 182 656
194 2101 194 654
152 1851 150 673
150 1865 150 670
182 2060 182 656
159 1903 156 664
157 1930 156 664
157 1921 156 666
150 1852 150 677
153 1858 152 668
194 2101 194 654
145 1878 144 673
160 1902 156 664
148 2006 142 689
152 1868 152 668
156 1925 156 666
197 2078 197 654
197 2078 197 654
145 1876 144 676
163 1966 161 660
209 2137 209 652
153 1847 150 674
150 1847 150 679
176 1972 176 658
161 1977 161 660
209 2137 209 652
182 2060 182 656
176 1972 176 658
174 2000 173 658
161 1977 161 660
145 1876 144 676
153 1847 150 674
145 2022 142 688
197 2078 197 654
158 1963 157 662
176 1972 176 658
173 2005 173 658
162 1945 157 662
198 2077 197 654
174 2000 173 658
157 1985 157 662
150 1932 150 669
152 1868 152 668
160 1928 160 662
163 1937 157 662
151 1927 150 669
190 2012 188 656
154 1904 151 667
150 1855 150 673
156 1925 156 666
176 1972 176 658
188 2014 188 656
148 2006 142 689
151 1915 151 667
159 1951 157 662
154 1904 151 667
153 1858 152 668
156 1925 156 666
153 1850 150 670
153 1905 151 667
162 1945 157 662
160 1949 157 662
158 1908 156 664
151 1915 151 667
157 1930 156 664
157 1985 157 662
154 1904 151 667
173 2005 173 658
148 2006 142 689
147 2013 142 689
197 2078 197 654
147 2013 142 689
146 2015 142 689
150 1865 150 670
153 1858 152 668
152 1847 150 677
163 1966 161 660
150 1865 150 670
156 1925 156 666
161 1977 161 660
146 2005 141 692
159 1903 156 664
154 1904 151 667
154 1904 151 667
153 1850 150 670
156 1935 156 664
146 2005 141 692
146 2015 142 689
145 2026 143 684
161 1977 161 660
156 1925 156 666
157 1921 156 666
158 1908 156 664
152 1912 151 667
146 2023 143 684
158 1963 157 662
150 1865 150 670
163 1966 161 660
153 1905 151 667
152 1912 151 667
152 1868 152 668
156 1935 156 664
150 1855 150 673
151 1856 150 670
156 1935 156 664
159 1951 157 662
151 1848 150 676
156 1925 156 666
157 1930 156 664
163 1937 157 662
160 1949 157 662
153 1850 150 670
151 1927 150 669
160 1902 156 664
152 1851 150 673
145 2022 142 688
146 2015 142 689
152 1851 150 673
153 1850 150 670
159 1903 156 664
151 1856 150 670
188 2014 188 656
151 1848 150 676
153 1905 151 667
150 1852 150 677
146 2023 143 684
145 1878 144 673
174 2000 173 658
150 1932 150 669
176 1972 176 658
198 2077 197 654
150 1932 150 669
157 1921 156 666
156 1935 156 664
162 1945 157 662
145 2026 143 684
209 2137 209 652
158 1963 157 662
145 2026 143 684
209 2137 209 652
198 2077 197 654
209 2137 209 652
160 1902 156 664
224 2328 224 650
190 2012 188 656
150 1865 150 670
146 2015 142 689
182 2060 182 656
145 1876 144 676
163 1966 161 660
209 2137 209 652
153 1847 150 674
176 1972 176 658
176 1972 176 658
163 1966 161 660
194 2101 194 654
145 1878 144 673
197 2078 197 654
182 2060 182 656
197 2078 197 654
197 2078 197 654
182 2060 182 656
145 1876 144 676
198 2077 197 654
146 2015 142 689
176 1972 176 658
197 2078 197 654
194 2101 194 654
176 1972 176 658
146 2015 142 689
194 2101 194 654
188 2014 188 656
157 1921 156 666
194 2101 194 654
194 2101 194 654
198 2077 197 654
173 2005 173 658
194 2101 194 654
163 1966 161 660
152 1847 150 677
163 1966 161 660
152 1847 150 677
182 2060 182 656
145 2026 143 684
182 2060 182 656
209 2137 209 652
209 2137 209 652
209 2137 209 652
163 1966 161 660
150 1932 150 669
194 2101 194 654
182 2060 182 656
209 2137 209 652
146 2015 142 689
209 2137 209 652
150 1855 150 673
176 1972 176 658
182 2060 182 656
182 2060 182 656
157 1985 157 662
153 1847 150 674
161 1977 161 660
197 2078 197 654
157 1985 157 662
154 1904 151 667
209 2137 209 652
145 1876 144 676
176 1972 176 658
150 1855 150 673
151 1856 150 670
188 2014 188 656
176 1972 176 658
151 1915 151 667
157 1921 156 666
157 1985 157 662
152 1847 150 677
156 1935 156 664
194 2101 194 654
163 1966 161 660
157 1985 157 662
224 2328 224 650
147 2013 142 689
209 2137 209 652
145 1876 144 676
173 2005 173 658
198 2077 197 654
145 1878 144 673
157 1921 156 666
163 1966 161 660
146 2005 141 692
146 2005 141 692
153 1847 150 674
157 1985 157 662
146 2015 142 689
174 2000 173 658
147 2013 142 689
153 1858 152 668
145 2026 143 684
153 1847 150 674
152 1912 151 667
147 2013 142 689
158 1908 156 664
145 2022 142 688
157 1921 156 666
152 1851 150 673
146 2015 142 689
146 2015 142 689
146 2005 141 692
145 2026 143 684
148 2006 142 689
182 2060 182 656
209 2137 209 652
152 1847 150 677
151 1915 151 667
209 2137 209 652
176 1972 176 658
152 1868 152 668
151 1915 151 667
157 1985 157 662
209 2137 209 652
176 1972 176 658
146 2005 141 692
160 1949 157 662
148 2006 142 689
161 1977 161 660
173 2005 173 658
