43833 240.026
180 2911 174 739
194 2847 164 778
201 3274 192 715
191 2735 177 741
203 3106 153 742
274 3892 154 737
201 3496 176 702
238 3622 165 709
180 2911 174 739
212 3185 180 711
201 3274 192 715
235 3818 161 712
192 2996 158 761
192 3125 161 754
192 3125 161 754
181 2876 177 764
238 3622 165 709
235 3818 161 712
185 2829 177 774
238 3622 165 709
183 2905 165 736
209 3549 157 731
209 3549 157 731
233 3823 169 706
201 3496 176 702
181 2876 177 764
186 3164 163 755
184 2846 179 758
192 3100 170 726
209 3146 168 722
212 3185 180 711
200 3328 167 711
206 3141 173 716
200 3328 167 711
209 3549 157 731
180 2911 174 739
233 3823 169 706
226 3125 158 720
220 3516 157 737
233 3823 169 706
186 3060 174 732
192 3100 170 726
223 3378 159 714
238 3622 165 709
203 3118 159 725
191 2735 177 741
203 3368 163 721
195 2953 158 731
226 3125 158 720
180 2911 174 739
211 3307 172 711
233 3823 169 706
220 3516 157 737
233 3823 169 706
235 3818 161 712
188 2795 179 721
191 2735 177 741
205 3114 177 714
211 3307 172 711
192 3125 161 754
238 3622 165 709
195 2953 158 731
198 3151 164 728
180 2911 174 739
181 2876 177 764
203 3106 153 742
209 3146 168 722
209 3549 157 731
181 2876 177 764
184 2846 179 758
203 3118 159 725
181 2876 177 764
197 3228 157 743
207 3242 160 715
233 3823 169 706
209 3549 157 731
188 2795 179 721
188 2795 179 721
191 2735 177 741
186 2819 176 739
200 3328 167 711
211 3307 172 711
274 3892 154 737
203 3368 163 721
201 3226 163 729
191 2735 177 741
200 3328 167 711
186 2819 176 739
226 3125 158 720
186 3060 174 732
194 2847 164 778
207 3242 160 715
207 3242 160 715
207 3242 160 715
201 3496 176 702
191 2735 177 741
201 3496 176 702
209 3146 168 722
205 3114 177 714
184 2846 179 758
194 2847 164 778
205 3114 177 714
198 3151 164 728
203 3368 163 721
207 3242 160 715
235 3818 161 712
233 3823 169 706
201 3496 176 702
211 3307 172 711
223 3378 159 714
201 3496 176 702
195 3180 165 728
201 3496 176 702
198 3151 164 728
206 3141 173 716
198 3103 179 720
183 2905 165 736
209 3549 157 731
238 3622 165 709
226 3125 158 720
194 2847 164 778
209 3146 168 722
235 3818 161 712
191 2735 177 741
274 3892 154 737
184 2846 179 758
194 2847 164 778
207 3242 160 715
194 2847 164 778
206 3141 173 716
201 3496 176 702
181 2876 177 764
201 3496 176 702
185 2829 177 774
186 2819 176 739
203 3118 159 725
205 3114 177 714
198 3151 164 728
235 3818 161 712
181 2876 177 764
203 3118 159 725
205 3114 177 714
201 3274 192 715
198 3103 179 720
238 3622 165 709
206 3141 173 716
186 2819 176 739
212 3185 180 711
200 3328 167 711
192 3125 161 754
235 3818 161 712
209 3146 168 722
220 3516 157 737
211 3307 172 711
188 2795 179 721
191 2735 177 741
180 2911 174 739
181 2876 177 764
226 3125 158 720
188 2795 179 721
198 3103 179 720
233 3823 169 706
186 2819 176 739
188 2795 179 721
180 2911 174 739
188 2795 179 721
233 3823 169 706
191 2735 177 741
180 2911 174 739
206 3141 173 716
192 3100 170 726
192 3125 161 754
186 3060 174 732
191 2735 177 741
203 3118 159 725
201 3274 192 715
201 3274 192 715
185 2829 177 774
206 3141 173 716
201 3274 192 715
186 2819 176 739
212 3185 180 711
235 3818 161 712
201 3274 192 715
192 2996 158 761
274 3892 154 737
188 2795 179 721
192 3125 161 754
206 3141 173 716
238 3622 165 709
201 3496 176 702
203 3106 153 742
201 3496 176 702
201 3274 192 715
201 3274 192 715
191 2735 177 741
206 3141 173 716
200 3328 167 711
201 3496 176 702
201 3274 192 715
211 3307 172 711
192 3100 170 726
192 3125 161 754
184 2846 179 758
186 3164 163 755
209 3549 157 731
192 3125 161 754
194 2847 164 778
201 3496 176 702
211 3307 172 711
233 3823 169 706
274 3892 154 737
191 2735 177 741
186 2819 176 739
185 2829 177 774
235 3818 161 712
211 3307 172 711
209 3146 168 722
205 3114 177 714
201 3496 176 702
191 2735 177 741
206 3141 173 716
207 3242 160 715
194 2847 164 778
235 3818 161 712
209 3146 168 722
186 3060 174 732
181 2876 177 764
188 2795 179 721
191 2735 177 741
180 2911 174 739
181 2876 177 764
226 3125 158 720
226 3125 158 720
198 3103 179 720
233 3823 169 706
186 2819 176 739
188 2795 179 721
184 2846 179 758
198 3151 164 728
206 3141 173 716
201 3496 176 702
223 3378 159 714
209 3549 157 731
207 3242 160 715
205 3114 177 714
235 3818 161 712
191 2735 177 741
184 2846 179 758
200 3328 167 711
194 2847 164 778
201 3496 176 702
181 2876 177 764
201 3496 176 702
185 2829 177 774
186 2819 176 739
203 3118 159 725
205 3114 177 714
235 3818 161 712
209 3549 157 731
201 3496 176 702
201 3274 192 715
206 3141 173 716
200 3328 167 711
209 3146 168 722
203 3106 153 742
180 2911 174 739
192 3100 170 726
238 3622 165 709
186 3164 163 755
201 3496 176 702
195 3180 165 728
194 2847 164 778
192 3125 161 754
211 3307 172 711
233 3823 169 706
211 3307 172 711
191 2735 177 741
191 2735 177 741
185 2829 177 774
206 3141 173 716
188 2795 179 721
203 3368 163 721
211 3307 172 711
192 3100 170 726
192 3125 161 754
186 3060 174 732
191 2735 177 741
203 3118 159 725
201 3274 192 715
201 3274 192 715
188 2795 179 721
186 2819 176 739
212 3185 180 711
201 3274 192 715
191 2735 177 741
188 2795 179 721
233 3823 169 706
192 3125 161 754
207 3242 160 715
