151310 2820.47
144 1892 144 680
145 1870 141 698
217 2260 217 649
148 1808 144 679
145 1870 141 698
217 2260 217 649
213 2067 205 651
202 2181 202 651
193 2036 193 653
202 2181 202 651
179 2106 175 655
147 1843 141 695
145 1836 142 688
178 1981 178 655
204 2140 202 651
188 2136 187 653
151 1858 151 671
193 2036 193 653
206 2071 205 651
145 1836 142 688
187 2146 187 653
163 1809 156 669
213 2067 205 651
173 1942 173 657
171 1966 166 657
203 2146 202 651
160 1892 160 662
178 1981 178 655
144 1834 143 684
144 1895 144 676
150 1925 150 670
190 2071 190 653
147 1843 141 695
191 2065 190 653
144 1892 144 680
152 1848 151 667
179 2106 175 655
154 1893 143 683
157 1989 157 662
205 2079 205 651
176 2128 175 655
158 1953 157 662
171 1966 166 657
167 1924 162 659
172 1952 166 657
157 1910 157 665
176 2128 175 655
177 2110 175 655
160 1892 160 662
205 2079 205 651
191 2065 190 653
162 2013 162 659
193 2036 193 653
148 1808 144 679
158 1810 156 669
173 1947 166 657
152 1811 150 678
152 1848 151 667
188 2136 187 653
152 1817 150 675
167 1924 162 659
144 1919 144 673
157 1989 157 662
166 1967 166 657
164 1950 162 659
173 1947 166 657
144 1895 144 676
144 1919 144 673
206 2071 205 651
179 2106 175 655
193 2036 193 653
167 1924 162 659
163 2007 162 659
176 2128 175 655
165 1904 165 659
165 1904 165 659
162 1826 156 666
146 1827 144 676
164 1858 162 663
164 1863 162 661
152 1832 150 672
151 1858 151 671
164 1858 162 663
191 2065 190 653
154 1893 143 683
156 1933 156 666
164 1961 161 660
146 1815 144 679
158 1844 156 664
193 2036 193 653
156 1833 151 670
190 2071 190 653
150 1925 150 670
188 2136 187 653
151 1903 143 683
204 2140 202 651
203 2146 202 651
173 1942 173 657
176 2128 175 655
152 1817 150 675
145 1909 144 673
152 1811 150 678
166 1838 156 664
163 1820 156 667
157 1910 157 665
156 1833 151 670
152 1835 150 670
144 1892 144 680
164 1863 162 661
161 1965 161 660
158 1953 157 662
144 1834 143 684
152 1832 150 672
158 1830 156 666
161 1965 161 660
146 1827 144 676
153 1897 143 683
173 1947 166 657
166 1824 156 666
156 1933 156 666
144 1919 144 673
173 1942 173 657
163 1964 161 660
152 1900 143 683
153 1897 143 683
162 1826 156 666
205 2079 205 651
150 1925 150 670
172 1952 166 657
163 1964 161 660
158 1953 157 662
144 1837 142 688
161 1965 161 660
161 1965 161 660
166 1967 166 657
145 1870 141 698
144 1834 143 684
150 1925 150 670
165 1904 165 659
206 2071 205 651
177 2110 175 655
188 2136 187 653
205 2079 205 651
187 2146 187 653
171 1966 166 657
190 2071 190 653
163 1809 156 669
147 1843 141 695
154 1893 143 683
164 1863 162 661
162 2013 162 659
163 2007 162 659
162 1826 156 666
177 2110 175 655
164 1863 162 661
173 1943 161 660
190 2071 190 653
213 2067 205 651
162 1839 156 664
146 1859 144 673
164 1961 161 660
152 1900 143 683
158 1821 156 667
164 1950 162 659
158 1830 156 666
166 1824 156 666
158 1830 156 666
144 1895 144 676
146 1815 144 679
152 1832 150 672
152 1819 150 673
154 1893 143 683
165 1951 161 660
158 1821 156 667
156 1833 151 670
151 1903 143 683
162 1839 156 664
158 1844 156 664
145 1909 144 673
166 1838 156 664
158 1810 156 669
163 1809 156 669
144 1837 142 688
165 1951 161 660
163 1820 156 667
152 1835 150 670
171 1966 166 657
165 1904 165 659
152 1819 150 673
146 1859 144 673
173 1943 161 660
179 2106 175 655
154 1893 143 683
193 2036 193 653
154 1893 143 683
144 1892 144 680
188 2136 187 653
144 1834 143 684
163 1809 156 669
144 1892 144 680
202 2181 202 651
191 2065 190 653
164 1863 162 661
152 1819 150 673
144 1892 144 680
193 2036 193 653
162 1826 156 666
188 2136 187 653
179 2106 175 655
158 1830 156 666
162 1826 156 666
164 1863 162 661
156 1933 156 666
166 1824 156 666
156 1933 156 666
190 2071 190 653
145 1909 144 673
217 2260 217 649
193 2036 193 653
193 2036 193 653
177 2110 175 655
156 1833 151 670
164 1863 162 661
164 1858 162 663
213 2067 205 651
193 2036 193 653
193 2036 193 653
171 1966 166 657
152 1817 150 675
217 2260 217 649
163 2007 162 659
190 2071 190 653
163 1809 156 669
190 2071 190 653
173 1942 173 657
178 1981 178 655
161 1965 161 660
157 1910 157 665
177 2110 175 655
166 1824 156 666
188 2136 187 653
152 1811 150 678
172 1952 166 657
152 1817 150 675
193 2036 193 653
163 1809 156 669
179 2106 175 655
177 2110 175 655
176 2128 175 655
193 2036 193 653
193 2036 193 653
164 1863 162 661
193 2036 193 653
148 1808 144 679
190 2071 190 653
204 2140 202 651
173 1942 173 657
166 1838 156 664
151 1903 143 683
148 1808 144 679
173 1942 173 657
217 2260 217 649
144 1834 143 684
213 2067 205 651
147 1843 141 695
204 2140 202 651
178 1981 178 655
193 2036 193 653
193 2036 193 653
179 2106 175 655
156 1933 156 666
193 2036 193 653
160 1892 160 662
157 1910 157 665
144 1892 144 680
157 1989 157 662
160 1892 160 662
165 1904 165 659
176 2128 175 655
162 2013 162 659
148 1808 144 679
171 1966 166 657
144 1834 143 684
152 1835 150 670
158 1810 156 669
144 1892 144 680
144 1892 144 680
205 2079 205 651
179 2106 175 655
144 1892 144 680
171 1966 166 657
165 1904 165 659
173 1942 173 657
190 2071 190 653
177 2110 175 655
190 2071 190 653
193 2036 193 653
163 1809 156 669
193 2036 193 653
154 1893 143 683
