212469 3240.44
152 2399 152 700
148 2367 145 703
155 2299 145 703
165 2631 165 692
162 2454 159 695
157 2543 156 698
161 2520 159 695
158 2377 152 700
159 2356 158 702
158 2428 158 699
149 2346 145 703
154 2318 145 703
160 2418 158 699
175 2613 165 692
154 2393 152 700
161 2424 159 698
152 2339 145 703
160 2429 159 698
159 2488 159 698
172 2509 156 698
164 2525 156 698
158 2373 158 701
167 2370 158 701
156 2378 155 702
145 2309 145 707
151 2335 145 706
150 2344 145 703
149 2285 145 707
170 2451 167 697
162 2537 157 698
172 2622 170 694
153 2334 152 706
148 2307 145 707
180 2843 171 690
177 2886 171 690
152 2405 152 700
148 2386 145 703
153 2347 145 703
172 2566 157 698
175 2461 159 695
158 2333 158 705
157 2393 152 700
161 2436 159 698
162 2528 159 695
151 2355 145 703
162 2420 158 699
158 2473 158 699
169 2495 159 695
163 2368 158 702
159 2381 159 701
159 2494 159 698
152 2345 145 706
152 2343 152 706
156 2342 155 705
163 2523 159 695
149 2385 145 703
155 2397 152 702
147 2343 145 709
151 2335 145 709
155 2329 152 709
160 2491 159 698
167 2467 167 697
190 2843 156 698
187 3034 168 748
203 3277 158 728
231 3214 210 754
219 3428 177 763
300 4654 182 810
244 3758 209 776
227 3319 166 730
214 3402 170 745
201 3005 167 709
212 3404 176 765
190 2802 162 738
247 3373 167 737
218 3350 185 745
212 3339 189 762
227 3746 199 755
227 3553 197 736
235 3512 182 755
201 3051 175 751
221 3333 199 728
229 3439 194 769
247 4105 174 755
299 4407 228 793
232 3600 193 772
247 3999 195 768
223 3245 192 770
195 3166 168 734
224 3460 177 778
201 3246 163 748
208 3153 191 782
255 3878 215 769
241 3487 160 750
238 3788 170 747
280 4154 178 724
217 3220 163 734
215 3298 168 775
256 3718 187 758
215 3318 181 780
234 3453 201 766
221 3415 178 765
247 3654 187 774
211 3321 160 732
259 3994 191 781
227 3366 189 763
232 3696 203 783
237 3774 173 783
203 3370 176 735
212 3271 191 758
280 4187 184 743
227 3380 187 760
245 3645 177 771
261 3779 194 764
232 3216 159 753
212 3298 173 763
193 2784 173 747
290 4111 220 796
184 3010 169 747
241 3623 173 759
207 3163 160 750
218 3407 192 747
225 3469 190 738
257 3800 186 807
233 3449 173 757
208 3238 165 743
202 3022 179 751
217 3353 193 757
202 2953 164 765
230 3253 198 785
202 3132 158 729
232 3632 224 752
279 4801 169 792
233 3539 178 792
224 3486 167 768
223 3430 173 773
224 3523 176 768
212 3230 175 799
259 3895 177 776
206 3219 188 773
282 4233 189 790
233 3770 192 787
204 3154 157 747
224 3445 184 751
253 3771 194 765
268 4287 198 791
224 3237 182 772
231 3550 201 778
258 3689 189 786
201 3031 176 772
237 3673 217 790
215 3368 167 738
221 3534 166 742
232 3616 180 778
275 4070 181 739
249 3566 173 762
219 3465 177 761
229 3475 175 760
315 4547 168 770
209 3702 154 729
237 3643 182 774
241 3700 172 755
207 3232 187 777
265 3958 180 770
224 3342 163 733
229 3190 204 780
255 4159 169 733
222 3645 187 772
215 3277 168 766
233 3410 184 743
257 3968 199 758
257 4209 198 786
228 3448 179 767
223 3356 198 791
204 3061 170 752
196 3053 169 727
221 3593 188 759
223 3569 209 790
233 3798 179 769
193 2808 177 723
210 3391 192 755
240 3668 220 742
267 4185 216 790
232 3381 158 749
202 3181 169 747
224 3338 187 735
280 3748 197 767
235 3395 163 737
266 4215 201 764
251 3395 173 786
216 3193 153 739
218 3319 170 769
216 3351 167 727
203 3028 178 759
208 3279 188 748
256 3961 194 762
231 3482 202 792
253 4139 182 784
236 3829 191 793
242 4125 185 794
215 3371 173 747
244 3814 171 787
215 3493 196 756
219 3323 165 749
232 3384 172 733
235 3443 201 754
235 3587 186 769
233 3426 173 733
206 3208 206 736
206 3356 173 782
227 3474 170 770
198 3142 178 768
259 3860 187 760
213 3297 203 769
202 3011 175 736
223 3581 182 758
240 3702 165 744
241 3712 202 772
186 2772 154 728
231 3555 179 782
199 3180 181 768
220 3458 201 753
214 3352 170 754
225 3481 186 773
241 3785 173 797
227 3644 170 727
219 3183 175 746
224 3465 193 753
225 3309 197 754
245 3709 166 733
245 3721 173 768
206 3280 169 726
219 3360 185 755
235 3667 187 778
215 3444 163 746
240 3803 174 793
214 3100 157 713
248 3670 162 760
232 3765 191 810
219 3494 173 758
217 3389 213 770
230 3581 209 813
275 4423 204 776
218 3595 171 748
231 3724 183 811
205 3429 177 784
229 3392 163 761
210 3198 187 755
221 3451 172 756
183 2825 165 749
260 4351 195 745
246 3843 161 770
242 3667 168 790
223 3580 180 798
257 4240 172 780
224 3654 172 784
223 3639 193 769
201 3116 159 751
237 3974 171 769
240 3586 183 758
197 3103 178 756
229 3578 200 804
203 2941 173 744
229 3561 180 770
235 3579 216 752
205 3223 186 762
225 3372 180 757
227 3489 171 753
207 3238 167 712
228 3473 170 739
215 3352 187 760
233 3803 157 724
232 3805 169 796
262 4215 199 807
250 3676 181 770
258 3668 203 787
275 4129 169 799
227 3559 173 787
237 3481 173 780
232 3757 201 786
231 3645 158 721
188 2889 154 725
237 3751 171 758
236 3775 178 760
259 3884 200 770
248 3791 192 784
256 3742 173 758
255 4026 188 767
201 3143 160 731
243 3784 176 796
235 3717 198 804
243 3832 181 778
212 3450 185 765
192 3098 161 734
235 3563 178 809
209 3146 186 744
220 3162 187 772
209 3232 175 748
247 3823 202 770
220 3219 173 768
