218361 1080.11
213 3577 162 675
179 2964 164 670
201 3159 144 709
171 2838 155 734
230 3334 162 675
161 2743 156 690
186 2796 182 688
176 2604 151 702
163 2705 158 724
186 2796 182 688
161 2743 156 690
213 3577 162 675
230 3334 162 675
188 2928 150 678
228 3483 146 702
186 2796 182 688
208 3083 156 676
171 2838 155 734
182 2958 161 682
187 3032 148 696
171 2979 155 730
220 2905 179 683
186 2796 182 688
197 3378 147 705
228 3483 146 702
194 2830 150 706
228 3483 146 702
220 2905 179 683
171 2979 155 730
185 2750 153 698
161 2743 156 690
197 3378 147 705
161 2743 156 690
180 2647 155 695
179 2964 164 670
230 3334 162 675
194 2830 150 706
230 3334 162 675
223 2909 177 689
228 3483 146 702
213 3577 162 675
171 2979 155 730
176 2604 151 702
220 2905 179 683
182 2958 161 682
176 2604 151 702
176 2604 151 702
185 2750 153 698
188 2928 150 678
173 2676 163 708
197 3378 147 705
171 2979 155 730
187 3032 148 696
184 3121 152 697
176 2604 151 702
161 2743 156 690
223 2909 177 689
180 2647 155 695
208 3083 156 676
208 3083 156 676
189 2913 156 686
187 3032 148 696
176 2604 151 702
186 2882 148 709
182 2958 161 682
176 2604 151 702
173 2676 163 708
223 2909 177 689
197 3378 147 705
230 3334 162 675
173 2676 163 708
171 2979 155 730
173 2676 163 708
187 2899 155 690
213 3577 162 675
197 3378 147 705
173 2676 163 708
187 2899 155 690
180 2647 155 695
228 3483 146 702
228 3483 146 702
230 3334 162 675
220 2905 179 683
182 2958 161 682
179 2961 163 685
179 2964 164 670
197 3378 147 705
173 2676 163 708
180 2647 155 695
176 2604 151 702
230 3334 162 675
182 2958 161 682
187 2899 155 690
184 3121 152 697
179 2964 164 670
185 2750 153 698
186 2882 148 709
213 3577 162 675
186 2796 182 688
184 3121 152 697
208 3083 156 676
223 2909 177 689
223 2909 177 689
185 2750 153 698
173 2676 163 708
171 2979 155 730
180 2647 155 695
186 2796 182 688
171 2838 155 734
220 2905 179 683
187 2899 155 690
223 2909 177 689
223 2909 177 689
182 2958 161 682
180 2963 156 685
180 2963 156 685
186 2796 182 688
188 2928 150 678
180 2647 155 695
220 2905 179 683
228 3483 146 702
230 3334 162 675
171 2979 155 730
176 2604 151 702
173 2676 163 708
186 2796 182 688
230 3334 162 675
187 2899 155 690
180 2647 155 695
182 2958 161 682
228 3483 146 702
223 2909 177 689
220 2905 179 683
171 2979 155 730
228 3483 146 702
197 3378 147 705
186 2796 182 688
208 3083 156 676
185 2750 153 698
161 2743 156 690
171 2979 155 730
223 2909 177 689
176 2604 151 702
185 2750 153 698
187 2899 155 690
223 2909 177 689
182 2958 161 682
189 2913 156 686
197 3378 147 705
228 3483 146 702
220 2905 179 683
230 3334 162 675
171 2979 155 730
220 2905 179 683
176 2604 151 702
186 2796 182 688
223 2909 177 689
228 3483 146 702
176 2604 151 702
197 3378 147 705
171 2838 155 734
213 3577 162 675
230 3334 162 675
220 2905 179 683
197 3378 147 705
161 2743 156 690
179 2961 163 685
197 3378 147 705
173 2676 163 708
176 2604 151 702
182 2958 161 682
176 2604 151 702
173 2676 163 708
179 2961 163 685
180 2647 155 695
197 3378 147 705
223 2909 177 689
180 2963 156 685
230 3334 162 675
171 2838 155 734
189 2913 156 686
176 2604 151 702
197 3378 147 705
186 2796 182 688
182 2958 161 682
208 3083 156 676
173 2676 163 708
223 2909 177 689
180 2647 155 695
208 3083 156 676
208 3083 156 676
189 2913 156 686
187 3032 148 696
186 2882 148 709
176 2604 151 702
223 2909 177 689
197 3378 147 705
230 3334 162 675
171 2979 155 730
187 2899 155 690
213 3577 162 675
161 2743 156 690
180 2647 155 695
228 3483 146 702
228 3483 146 702
230 3334 162 675
220 2905 179 683
179 2961 163 685
197 3378 147 705
180 2647 155 695
176 2604 151 702
230 3334 162 675
184 3121 152 697
179 2964 164 670
186 2796 182 688
180 2647 155 695
179 2964 164 670
201 3159 144 709
171 2838 155 734
230 3334 162 675
163 2705 158 724
230 3334 162 675
188 2928 150 678
186 2796 182 688
171 2838 155 734
186 2796 182 688
220 2905 179 683
185 2750 153 698
197 3378 147 705
161 2743 156 690
184 3121 152 697
179 2964 164 670
194 2830 150 706
223 2909 177 689
228 3483 146 702
213 3577 162 675
171 2979 155 730
220 2905 179 683
185 2750 153 698
188 2928 150 678
173 2676 163 708
171 2979 155 730
184 3121 152 697
176 2604 151 702
161 2743 156 690
182 2958 161 682
189 2913 156 686
197 3378 147 705
228 3483 146 702
213 3577 162 675
171 2979 155 730
176 2604 151 702
186 2796 182 688
228 3483 146 702
197 3378 147 705
171 2838 155 734
230 3334 162 675
220 2905 179 683
197 3378 147 705
223 2909 177 689
197 3378 147 705
173 2676 163 708
176 2604 151 702
182 2958 161 682
176 2604 151 702
179 2961 163 685
197 3378 147 705
223 2909 177 689
230 3334 162 675
171 2838 155 734
176 2604 151 702
197 3378 147 705
182 2958 161 682
180 2963 156 685
208 3083 156 676
223 2909 177 689
223 2909 177 689
185 2750 153 698
173 2676 163 708
180 2647 155 695
186 2796 182 688
171 2838 155 734
220 2905 179 683
187 2899 155 690
223 2909 177 689
223 2909 177 689
182 2958 161 682
208 3083 156 676
186 2796 182 688
188 2928 150 678
180 2647 155 695
220 2905 179 683
228 3483 146 702
230 3334 162 675
173 2676 163 708
186 2796 182 688
180 2647 155 695
228 3483 146 702
197 3378 147 705
161 2743 156 690
