301 4.22347
218 3354 170 723
213 3314 180 721
179 2952 165 739
180 2983 160 750
223 3510 161 731
190 2876 165 743
199 3244 166 729
181 2964 162 741
189 2860 166 750
194 3075 165 732
197 3135 161 737
208 3269 160 740
178 2974 175 756
187 3113 170 730
194 2904 176 735
188 2963 170 734
191 3010 178 727
192 2847 176 758
191 2993 161 740
233 3912 166 728
185 3021 175 733
191 3098 170 726
187 3017 163 738
197 3116 160 743
211 3306 178 724
200 3084 163 734
179 2930 165 750
191 2959 178 730
193 3088 170 726
223 3328 163 731
244 3807 165 730
208 3062 163 734
184 2917 172 745
185 3084 165 738
195 2933 177 734
220 3425 163 731
191 3097 165 737
185 2866 181 755
194 3042 160 747
193 3036 177 731
190 2935 178 737
190 2968 180 730
191 3106 160 749
193 3127 160 747
185 2991 180 735
200 3064 175 732
205 3012 176 733
193 2950 175 739
234 3592 159 772
189 3083 180 732
194 2872 188 743
187 3018 175 737
292 4749 158 770
292 4749 158 770
194 3092 170 734
199 3269 165 733
190 3173 165 738
196 2991 165 739
204 2999 170 735
182 2965 175 740
199 3071 161 740
205 3046 178 727
209 3390 170 729
258 3989 190 770
215 3483 189 774
270 4420 179 754
272 4281 174 778
267 4199 184 765
248 4074 170 734
234 3579 194 791
263 3894 188 750
255 4016 184 738
234 3940 194 800
237 3513 201 766
248 3967 192 763
257 4000 193 789
226 3499 192 794
223 3571 186 758
275 4519 205 777
268 4221 193 792
223 3826 181 769
237 3848 176 737
219 3776 184 755
226 3724 188 761
258 4184 190 776
218 3724 184 767
269 4343 194 785
266 4142 168 751
239 3845 184 771
241 3850 186 765
246 4033 177 785
249 3932 192 768
278 4060 179 754
257 4054 200 773
240 3847 194 784
251 3793 187 773
263 3858 187 758
279 4176 185 761
211 3392 191 780
236 3547 178 764
240 3805 169 762
240 4020 184 782
242 3598 198 783
228 3687 195 769
239 3735 194 784
209 3326 175 761
235 3650 186 767
305 5034 202 791
255 3798 194 745
244 3780 188 784
252 3680 178 759
249 4191 175 778
229 3537 177 773
251 4043 176 770
238 3788 189 781
247 3932 186 763
223 3788 191 806
250 3736 205 753
212 3662 170 768
241 3978 194 765
238 3629 184 757
209 3277 178 765
215 3346 195 767
225 3434 178 773
214 3381 194 750
209 3272 177 745
258 4071 201 776
255 3999 194 760
273 4260 227 763
250 3575 183 777
245 3866 199 784
238 4020 186 763
242 3869 198 783
232 3512 185 768
217 3688 190 787
278 4256 208 806
221 3431 203 775
238 3675 186 747
247 3776 180 786
232 3716 178 749
224 3750 203 765
235 3528 187 774
232 3691 189 800
253 4017 171 764
226 3690 165 750
246 3735 199 783
256 4295 176 781
229 3552 180 747
198 3294 185 770
264 3990 192 768
239 3912 178 765
213 3461 192 786
243 3567 184 754
218 3410 185 748
270 4166 211 805
239 3704 175 751
234 3692 188 760
243 4104 194 749
220 3842 184 795
270 4229 211 767
223 3386 175 747
216 3298 188 763
276 4534 201 781
221 3708 188 772
229 3680 184 727
228 3492 182 752
238 3649 167 762
219 3475 187 751
232 3661 171 753
263 4079 189 787
216 3577 171 759
262 4070 208 813
287 4339 206 753
246 3931 192 790
278 4073 188 783
271 4305 200 785
237 3746 175 760
225 3524 179 766
232 3645 172 747
251 3997 168 746
309 4529 206 805
215 3506 203 766
230 3785 189 756
224 3780 170 757
246 3893 178 785
248 4017 179 741
192 3229 174 759
271 4701 190 794
240 3818 175 779
235 3719 175 747
239 3996 206 799
239 3981 189 783
279 4443 185 776
242 4051 183 788
271 4664 175 747
243 3844 184 796
219 3530 196 767
212 3585 189 755
236 3619 210 809
244 4052 171 763
228 3734 181 766
234 3757 178 752
241 3685 188 762
221 3465 175 747
246 3979 209 777
257 3858 195 777
258 4037 201 780
247 3776 179 761
239 3903 201 765
222 3509 184 768
288 4553 211 768
227 3495 180 748
257 4230 221 805
316 4747 197 778
210 3447 186 768
229 3490 185 736
265 4334 194 784
242 3743 203 780
192 3172 177 760
239 3954 184 768
236 3823 182 759
264 4053 196 778
239 3725 171 760
217 3538 170 756
295 4970 180 777
258 4047 208 824
228 3650 169 751
294 4646 205 794
229 3532 184 777
238 3654 176 738
219 3613 182 771
239 3692 189 742
222 3477 181 797
284 4390 194 784
247 4042 190 810
207 3157 192 756
216 3324 180 773
235 3809 184 779
238 3935 174 769
270 4492 189 778
215 3597 183 780
220 3498 175 757
206 3468 184 752
280 4251 184 775
247 3729 180 754
287 4707 184 782
251 3849 186 802
235 3710 193 763
237 3650 193 766
270 4233 193 788
245 3601 210 773
209 3371 171 741
253 3940 183 766
211 3540 178 755
247 3903 182 776
234 3492 176 768
268 4122 174 744
254 4219 183 765
246 4160 171 752
220 3701 180 752
218 3571 170 746
281 4480 198 793
245 4011 170 751
221 3621 183 764
251 3894 206 803
236 3648 171 758
260 3969 173 761
281 4404 209 785
245 3958 180 746
263 4013 200 776
248 3675 192 765
268 4237 185 760
267 4168 204 784
236 3800 174 774
278 4816 214 796
224 3740 188 801
246 4252 175 756
244 4060 218 778
242 3632 212 764
247 3791 176 751
222 3611 178 752
306 4979 221 808
242 4132 170 768
210 3412 177 761
226 3484 175 738
221 3340 189 753
238 3436 183 758
241 3998 183 767
251 4018 187 803
227 3727 170 784
264 4183 185 755
254 4221 198 770
238 3575 183 755
232 3585 206 777
273 4272 223 805
248 3856 190 752
235 3782 193 763
245 3981 202 742
224 3635 178 751
257 4325 199 753
