46766 930.34
150 2398 150 719
156 2423 156 704
168 2454 168 702
151 2436 150 716
160 2379 150 719
153 2399 150 713
154 2408 154 710
151 2384 150 719
166 2648 149 717
157 2391 150 713
164 2405 155 708
183 2563 183 700
156 2510 150 706
181 2385 150 713
170 2660 148 727
155 2469 155 707
172 2449 171 702
162 2415 156 704
171 2602 148 731
167 2485 150 706
160 2416 156 704
162 2490 150 706
172 2838 165 702
188 2558 183 700
155 2463 155 708
161 2488 150 709
157 2447 155 708
160 2503 150 706
159 2506 150 706
166 2561 148 733
163 2593 148 733
183 2845 180 700
164 2578 148 733
195 2786 195 698
154 2417 154 710
156 2430 156 704
153 2433 150 713
152 2459 150 716
156 2406 153 714
159 2425 156 704
165 2497 150 706
157 2410 150 713
155 2486 155 707
155 2413 150 713
165 2418 161 706
154 2417 150 713
163 2519 150 706
155 2474 155 708
159 2511 150 710
159 2516 150 709
167 2494 150 706
166 2423 156 707
158 2462 155 708
160 2460 155 708
151 2392 150 719
150 2410 150 719
160 2385 160 719
159 2390 150 719
168 2414 160 708
159 2531 150 706
168 2423 156 704
168 2431 155 708
168 2481 168 702
274 4541 213 863
229 3647 179 781
284 4157 209 873
239 3477 203 816
240 3592 188 799
247 3700 210 819
254 3782 222 843
227 3292 181 773
373 5501 261 824
290 4032 192 809
295 4521 223 811
258 3914 182 827
272 4069 198 721
312 4513 211 801
242 3449 208 776
283 3984 192 788
288 4269 241 859
273 3958 223 805
245 3432 202 777
253 3814 194 804
236 3412 188 785
316 5151 228 849
260 3775 187 773
271 3819 219 831
246 3520 194 791
220 3636 194 789
253 3833 230 844
247 3641 213 781
268 4229 239 825
238 3605 202 798
202 3163 199 779
252 3505 200 806
213 3354 193 782
261 3787 187 776
287 4382 182 823
252 3810 194 779
313 4656 223 819
240 3519 177 818
305 4817 222 842
280 4261 207 799
241 4080 204 783
237 3458 202 830
270 4049 187 790
267 4059 179 823
222 3500 177 799
320 4530 236 846
253 3902 184 823
251 3798 171 773
237 3672 178 733
273 4052 207 818
272 4255 213 776
225 3403 175 765
274 3593 206 859
241 3628 195 811
264 4234 198 804
255 3767 197 838
269 3872 211 804
278 4496 211 814
269 3836 192 813
230 3226 176 783
212 3301 185 777
250 3366 165 772
252 3679 184 804
245 3822 206 829
285 4034 212 835
257 3960 217 797
255 3936 237 829
251 3878 212 853
272 4336 226 871
252 3512 195 804
262 3694 180 820
270 4246 178 792
270 4000 238 864
275 4072 193 797
314 4671 240 838
270 4387 240 834
250 3884 184 817
225 3510 179 781
238 3725 202 803
282 4286 227 812
280 4142 232 794
262 4201 233 830
280 3951 205 781
244 3885 196 832
277 4035 201 847
245 3726 221 795
261 4082 233 881
271 3720 202 846
248 3508 205 872
225 3426 185 773
280 3941 175 792
276 4421 214 846
288 4021 193 833
248 3638 195 790
257 4015 225 787
252 3902 207 818
219 3221 184 787
243 3571 222 811
237 3504 187 820
270 4215 226 825
246 3585 199 798
245 3923 195 799
228 3328 173 784
257 3929 226 810
266 3706 221 771
235 3776 224 836
256 3730 216 792
257 4173 211 788
235 3571 182 793
267 4112 189 788
205 3356 194 773
275 4073 207 803
211 3361 193 762
213 3277 195 821
218 3519 173 791
235 3567 179 814
277 3987 214 817
211 3318 197 797
236 3356 212 786
253 4003 185 793
234 3668 207 796
260 4065 217 790
262 4065 220 856
253 4239 207 814
278 4253 218 826
226 3529 191 793
271 4233 236 834
248 3891 176 788
258 3903 204 827
228 3545 189 780
218 3640 188 788
234 3605 195 825
224 3360 189 758
247 3910 199 829
265 3990 226 845
254 3830 184 814
292 4398 232 805
238 3687 217 794
250 3683 188 786
265 3801 193 784
256 4195 196 812
247 3756 216 804
261 3880 228 813
276 4115 197 832
270 4104 194 789
220 3097 186 757
237 3803 208 780
282 4227 228 832
254 3746 197 819
210 3319 179 752
261 4312 233 823
259 4010 203 817
223 3434 178 783
249 3926 217 788
228 3500 203 851
265 3908 215 788
267 4137 203 841
236 3480 221 805
262 4045 198 798
278 3931 197 830
236 3605 204 807
238 3729 188 792
275 3946 206 785
205 3033 174 788
221 3460 201 764
273 4176 222 836
253 3773 192 822
253 3767 198 796
245 3481 217 825
230 3459 175 801
281 4347 190 786
269 4061 223 788
200 3256 182 798
247 3838 191 773
284 3799 193 783
237 3628 194 791
268 3867 173 739
255 4031 212 862
227 3520 203 840
243 3639 202 849
234 3698 199 785
242 3681 192 817
271 3710 192 835
251 3981 186 807
259 3739 218 782
248 3992 196 806
273 3932 194 814
268 4018 201 807
292 4206 223 860
239 3760 191 769
304 4288 196 815
335 4792 203 792
236 3918 197 780
234 3589 209 765
230 3294 184 795
283 4170 222 871
245 3723 201 809
255 4207 217 818
229 3516 217 815
219 3698 189 844
269 3883 197 789
233 3487 165 746
271 4197 197 814
223 3462 180 773
253 3946 181 776
255 3508 200 808
255 3689 221 832
292 4565 220 821
253 3962 221 813
240 3745 211 771
239 3579 227 816
265 3813 200 855
267 4146 194 804
251 3894 222 811
308 3943 219 843
271 4162 228 803
256 3864 195 812
234 3746 207 831
282 4079 178 787
244 4086 188 768
303 4512 218 815
271 4132 208 827
256 3851 217 818
229 3426 187 784
240 3628 190 769
242 3563 210 788
275 4154 189 820
227 3357 194 766
224 3567 182 772
242 3538 195 833
235 3636 189 801
232 3663 215 796
242 3362 201 799
282 4308 217 814
244 3577 199 792
275 3731 203 786
244 3494 190 816
