104222 1020.2
222 2348 217 649
217 2353 217 649
202 2359 202 651
165 1896 144 684
163 1906 144 684
163 1816 150 678
154 1876 152 682
209 2295 187 653
210 2124 205 651
189 2156 175 655
197 2106 175 655
193 2012 193 653
178 1990 178 655
199 2008 193 653
177 1903 145 682
163 1900 149 677
155 1835 152 668
207 2331 202 651
158 1856 156 665
183 1887 173 657
190 2155 190 653
163 1913 144 674
159 1827 156 667
201 2356 187 653
186 1907 181 655
168 1976 156 664
163 1843 160 662
195 2110 190 653
156 1868 150 681
166 1932 166 657
154 1881 152 679
205 2150 205 651
166 1870 162 659
181 1931 181 655
164 1866 162 661
173 1906 166 657
164 1951 150 670
164 1951 150 670
169 1867 150 671
182 1891 173 657
157 1858 157 665
160 1836 157 664
206 2136 205 651
169 1844 150 673
167 1905 150 671
163 1869 150 673
164 1888 162 659
161 1831 150 678
171 1894 169 657
160 1870 157 662
203 2352 202 651
166 1932 166 657
202 2341 187 653
156 1906 150 678
186 1907 181 655
163 1907 161 660
163 1907 161 660
169 1896 169 657
194 2151 190 653
171 1916 166 657
190 2126 175 655
160 1870 157 662
173 1906 166 657
170 1921 166 657
168 1928 166 657
157 1883 150 678
170 1921 166 657
169 1896 169 657
182 1915 181 655
171 1894 169 657
160 1836 157 664
168 1928 166 657
164 1888 162 659
171 1916 166 657
186 1907 181 655
186 1907 181 655
173 1906 166 657
173 1906 166 657
173 1906 166 657
173 1906 166 657
171 1916 166 657
171 1916 166 657
171 1894 169 657
171 1894 169 657
170 1921 166 657
170 1921 166 657
169 1896 169 657
169 1896 169 657
169 1896 169 657
169 1896 169 657
169 1896 169 657
169 1896 169 657
169 1896 169 657
169 1896 169 657
169 1896 169 657
169 1896 169 657
169 1896 169 657
168 1928 166 657
166 1932 166 657
166 1932 166 657
166 1932 166 657
166 1932 166 657
166 1932 166 657
166 1932 166 657
164 1888 162 659
163 1907 161 660
160 1870 157 662
160 1870 157 662
227 2350 217 649
217 2356 217 649
202 2371 202 651
173 1898 144 684
163 1915 144 674
160 1828 156 667
154 1897 152 682
209 2328 187 653
205 2171 205 651
210 2126 205 651
195 2112 190 653
158 1838 152 668
193 2014 193 653
155 1836 152 679
190 2162 190 653
168 1884 168 660
198 2013 193 653
178 2012 178 655
164 1952 150 670
163 1896 150 681
203 1991 178 655
166 1895 160 666
188 1909 166 657
183 1963 157 662
185 1896 173 657
177 1976 156 665
170 1951 166 657
186 1953 181 655
170 1923 161 660
170 1971 157 664
170 1897 162 659
181 1955 181 655
184 1917 169 657
164 1900 162 659
165 1936 157 665
172 1971 157 662
171 1939 166 657
182 1954 181 655
222 2359 217 649
205 2381 205 651
169 1890 152 671
169 1857 156 670
163 1976 156 675
178 2065 178 655
210 2240 205 651
190 2256 190 653
197 2165 190 653
200 1956 181 655
194 1939 166 657
176 2009 161 660
208 2378 202 651
187 2032 178 655
193 2022 193 653
165 1965 165 666
165 1906 157 668
166 1923 162 659
173 1945 161 663
171 1987 161 663
166 1905 160 666
196 2191 190 653
181 1962 181 655
172 1982 156 668
192 2223 190 653
170 1959 166 657
171 1901 162 659
181 1944 166 657
228 2410 202 651
173 1928 156 678
171 1901 162 661
165 1909 164 669
212 2172 190 653
196 2240 190 653
186 1966 159 668
169 1937 161 671
181 1968 181 655
199 2111 158 677
206 2051 178 655
183 1957 169 657
194 2028 193 653
190 2132 178 655
176 1908 162 659
193 2063 193 653
170 1996 162 659
201 2070 178 655
198 1939 166 657
172 1985 166 657
197 2230 190 653
190 1974 166 657
199 2126 178 655
197 1949 166 657
172 1918 162 659
171 1924 162 659
212 2176 190 653
203 2054 193 653
198 2327 190 653
193 2089 193 653
189 1903 165 666
188 2084 160 669
183 1978 161 673
173 1928 165 659
181 1969 181 655
197 2308 178 655
199 2144 178 655
179 1905 162 661
176 2014 176 658
186 1991 173 657
195 1975 170 657
180 1919 162 659
177 2009 166 657
203 1986 166 657
175 1940 162 659
201 2061 193 653
198 2062 193 653
218 2220 190 653
197 2267 197 654
194 2351 194 653
186 1912 162 661
180 1987 175 664
177 1991 162 662
173 2062 165 663
192 1971 181 655
208 1987 166 657
188 2007 176 658
183 2083 170 657
193 2107 169 657
176 2014 168 660
199 2053 174 657
178 2026 173 658
182 1922 162 659
181 1974 181 655
198 2088 193 653
226 2361 190 653
213 2101 193 653
204 2175 193 653
186 1937 162 664
184 2012 178 666
177 2041 177 661
198 2086 174 657
182 2112 182 655
179 2104 171 663
187 1976 181 655
209 2099 162 659
191 2053 162 661
200 1956 166 660
180 2124 180 659
182 2041 168 660
182 2029 173 658
190 2021 180 658
200 1955 174 660
220 2234 193 653
214 2308 193 653
207 2416 200 654
189 1977 162 670
186 1952 174 665
182 2041 176 658
200 2196 167 660
188 2028 180 664
202 2260 174 657
187 2034 185 655
200 1972 165 666
207 2068 181 655
191 2113 174 659
196 2272 162 665
191 2050 165 666
194 2111 181 655
195 2060 174 658
195 2090 181 655
215 2372 205 654
195 2197 165 671
186 1961 174 678
196 2087 174 660
205 2067 191 656
194 2221 182 655
194 2075 173 671
192 2047 178 658
186 2084 177 658
195 2069 188 656
217 2388 204 655
197 2088 174 663
188 2181 185 659
204 2226 182 656
199 2142 177 658
193 2111 178 661
201 2113 180 659
198 2124 174 661
217 2287 182 656
211 2325 204 658
199 2100 185 667
197 2111 197 670
193 2180 193 667
202 2118 195 660
223 2355 182 670
