113723 3420.81
142 1997 142 698
217 2264 217 649
142 1997 142 698
161 1973 141 695
154 1931 150 681
205 2162 205 651
217 2264 217 649
193 2087 193 653
205 2162 205 651
202 2234 202 651
175 2112 175 655
187 2228 187 653
190 2119 190 653
166 2026 166 660
202 2234 202 651
187 2228 187 653
182 2053 181 655
181 2058 181 655
193 2087 193 653
169 1987 164 662
191 2111 190 653
202 2234 202 651
176 2105 175 655
187 2228 187 653
178 2079 178 655
166 2042 166 657
157 2063 157 662
159 1936 156 670
144 2007 144 673
160 2011 160 662
190 2119 190 653
175 2112 175 655
148 1990 141 692
149 1948 149 689
152 1941 152 680
155 1937 152 671
149 1948 149 689
148 1944 145 690
147 1961 143 687
161 2035 161 660
153 1965 152 668
160 2011 160 662
144 1982 143 684
169 1987 164 662
150 1969 142 694
165 2043 162 659
159 1962 156 667
165 2043 162 659
182 2053 181 655
190 2119 190 653
166 2042 166 657
175 2112 175 655
156 1991 156 664
150 1993 150 670
152 1935 152 682
151 1951 144 696
150 1943 150 685
159 1967 156 665
182 2053 181 655
190 2119 190 653
187 2228 187 653
162 2073 162 659
178 2079 178 655
190 2119 190 653
167 2015 166 660
165 2027 162 661
167 2035 166 657
155 1937 152 671
153 1981 149 674
150 1993 150 670
153 1946 150 678
146 1968 144 676
165 2027 162 661
161 2035 161 660
148 1988 142 688
147 1961 143 687
179 2075 178 655
176 2105 175 655
162 2073 162 659
156 1991 156 664
147 1955 144 676
153 1932 150 681
164 1989 164 662
181 2058 181 655
169 1987 164 662
145 1955 143 690
157 2063 157 662
161 1973 141 695
159 1967 156 665
162 2073 162 659
169 1987 164 662
179 2075 178 655
178 2079 178 655
154 1931 150 681
150 1969 142 694
154 1945 151 675
155 1938 150 677
152 1941 152 680
153 1981 149 674
148 1944 145 690
145 1984 144 676
159 2006 151 667
145 1955 143 690
154 1944 150 677
152 1983 142 691
148 1988 142 688
153 1939 150 679
151 1951 144 696
142 2000 142 689
145 1984 144 676
166 2042 166 657
152 1975 151 675
152 1935 152 682
151 1943 151 684
153 1971 142 691
153 1939 150 679
156 1991 156 664
152 1941 152 680
165 2027 162 661
153 1977 141 695
155 1948 144 696
155 1988 141 692
150 1943 150 685
153 1946 150 678
145 2002 144 673
153 1965 152 668
149 1948 149 689
150 1993 150 670
143 1995 143 687
143 1995 143 687
151 1964 142 694
158 1977 156 664
152 1975 151 675
160 1978 141 692
160 1978 141 692
152 1935 150 688
166 2026 166 660
156 1991 156 664
175 2112 175 655
154 1940 152 671
148 1990 141 692
144 2007 144 673
144 1982 143 684
146 1968 144 676
191 2111 190 653
159 1936 156 670
147 1961 143 687
157 2063 157 662
155 1942 151 675
161 1973 141 695
163 1973 141 692
162 2073 162 659
152 1970 152 671
157 2063 157 662
158 1977 156 664
154 1940 152 671
164 1989 164 662
163 1973 141 692
166 2026 166 660
149 1943 145 690
164 1989 164 662
178 2079 178 655
158 1990 150 670
150 1969 142 694
149 1943 145 690
151 1943 151 684
155 1947 150 676
145 2002 144 673
166 2026 166 660
159 2022 157 662
147 2018 141 692
159 2006 151 667
159 2022 157 662
152 1935 152 682
153 1958 151 675
147 2018 141 692
167 2015 166 660
153 1958 151 675
152 1975 151 675
142 2000 142 689
151 1980 151 675
163 1973 141 692
145 2002 144 673
153 1971 142 691
159 1962 156 667
148 1956 143 687
153 1977 141 695
153 1954 144 694
153 1965 152 668
155 1942 151 675
148 1956 143 687
153 1953 152 671
148 1988 142 688
153 1932 150 681
153 1971 142 691
153 1946 150 678
164 1989 164 662
151 1964 142 694
147 1992 144 673
151 1951 144 696
154 1945 151 675
155 1937 152 671
153 1953 152 671
155 1948 144 696
154 1940 152 671
155 1947 150 676
149 1954 144 696
151 1980 151 675
147 1992 144 673
149 1943 145 690
154 1952 150 676
152 1983 142 691
154 1952 150 676
155 1942 151 675
155 1947 150 676
152 1970 152 671
152 1970 152 671
153 1939 150 679
159 1967 156 665
149 1943 145 690
155 1938 150 677
169 1987 164 662
145 2002 144 673
146 1968 144 676
153 1977 141 695
181 2058 181 655
217 2264 217 649
159 1967 156 665
153 1971 142 691
190 2119 190 653
159 1936 156 670
175 2112 175 655
153 1981 149 674
155 1942 151 675
176 2105 175 655
148 1990 141 692
164 1989 164 662
153 1971 142 691
161 2035 161 660
144 1982 143 684
166 2026 166 660
166 2042 166 657
160 1978 141 692
164 1989 164 662
152 1941 152 680
176 2105 175 655
181 2058 181 655
160 2011 160 662
179 2075 178 655
159 1936 156 670
191 2111 190 653
191 2111 190 653
142 1997 142 698
155 1988 141 692
161 1973 141 695
154 1940 152 671
193 2087 193 653
187 2228 187 653
148 1990 141 692
152 1941 152 680
144 2007 144 673
166 2042 166 657
164 1989 164 662
153 1981 149 674
217 2264 217 649
158 1977 156 664
150 1943 150 685
190 2119 190 653
156 1991 156 664
152 1935 152 682
152 1941 152 680
165 2027 162 661
202 2234 202 651
179 2075 178 655
142 2000 142 689
152 1935 150 688
151 1980 151 675
202 2234 202 651
217 2264 217 649
151 1951 144 696
153 1932 150 681
150 1943 150 685
147 1992 144 673
154 1945 151 675
190 2119 190 653
178 2079 178 655
153 1965 152 668
147 1992 144 673
182 2053 181 655
202 2234 202 651
155 1988 141 692
153 1981 149 674
155 1988 141 692
169 1987 164 662
153 1971 142 691
160 1978 141 692
153 1932 150 681
155 1938 150 677
145 1955 143 690
151 1964 142 694
