10678 339.936
217 2290 217 649
217 2290 217 649
188 2784 144 677
158 1986 156 674
155 1991 150 688
144 2300 144 683
205 2155 205 651
170 2403 156 664
190 2714 144 676
195 2072 193 653
187 2216 187 653
175 2148 175 655
202 2233 202 651
201 2723 144 674
167 2020 166 657
171 2047 150 681
154 2189 150 670
170 2403 156 664
181 2270 156 664
181 2033 181 655
150 2250 150 673
146 2264 144 686
166 2030 166 657
193 2079 193 653
157 2028 152 683
188 2784 144 677
147 2216 147 679
157 2327 156 665
202 2233 202 651
168 2116 150 670
201 2723 144 674
205 2155 205 651
175 2148 175 655
181 2033 181 655
178 2059 178 655
156 2042 156 678
190 2129 190 653
166 2017 162 659
174 2012 157 668
178 2059 178 655
147 2216 147 679
190 2714 144 676
187 2216 187 653
167 2093 153 676
158 2038 157 672
150 2250 150 673
163 2034 156 668
155 1991 150 688
160 2030 152 679
168 2044 150 686
167 2093 153 676
162 2044 158 666
190 2129 190 653
162 2086 157 662
164 2093 161 660
144 2300 144 683
165 2062 159 663
157 2327 156 665
164 2054 162 659
167 2015 166 660
154 2189 150 670
162 2110 156 665
156 2042 156 678
167 2065 157 662
195 2072 193 653
160 2049 150 686
159 1997 158 673
167 2058 156 665
162 2052 162 663
162 2020 156 670
162 2044 158 666
166 2006 162 665
173 2018 156 668
164 2093 161 660
160 2008 156 673
159 2018 157 672
162 2025 162 665
146 2269 144 683
158 2083 150 686
167 2015 166 660
165 2084 157 662
164 2009 162 662
158 2011 158 673
173 2018 156 668
165 2028 162 659
160 2008 156 673
159 2045 159 665
174 2012 157 668
163 2059 156 665
159 2045 159 665
226 2456 205 651
222 2492 217 649
219 2535 217 649
203 2547 190 653
164 2084 156 685
216 2284 158 670
175 2129 159 675
198 2168 193 653
180 2199 163 663
217 2446 217 652
204 2514 202 651
185 2412 182 655
205 2466 205 651
174 2215 174 660
194 2326 178 655
177 2329 167 673
183 2356 162 659
190 2234 161 660
204 2267 190 653
182 2338 166 657
194 2181 185 655
191 2216 180 658
187 2178 157 674
194 2283 170 657
193 2232 162 662
192 2355 182 656
187 2220 184 658
176 2193 170 660
186 2334 174 657
193 2228 182 655
217 2458 205 651
174 2234 174 658
224 2470 205 651
222 2551 217 649
214 2725 202 651
184 2184 156 685
181 2145 173 681
175 2202 161 681
179 2223 162 677
176 2324 157 685
183 2226 182 672
196 2391 162 667
215 2398 190 653
206 2483 190 653
213 2246 188 656
189 2244 165 673
200 2219 170 663
218 2495 205 651
188 2196 182 661
200 2286 192 656
204 2313 178 658
196 2269 167 666
205 2363 205 654
203 2290 188 656
194 2347 178 655
192 2363 190 656
203 2262 167 672
200 2346 173 658
190 2289 170 661
181 2273 166 663
188 2261 174 659
185 2266 174 659
204 2274 163 660
194 2381 173 657
185 2204 173 660
190 2376 166 660
188 2495 166 657
193 2280 170 660
194 2278 165 660
188 2372 167 660
235 2908 224 650
211 2454 162 673
183 2249 165 677
218 2654 212 652
218 2732 202 651
219 2534 190 653
231 2418 182 655
215 2518 202 654
206 2422 203 657
213 2536 190 653
194 2265 172 674
187 2319 182 666
204 2353 167 665
219 2357 185 658
202 2378 167 660
208 2492 178 655
201 2475 181 655
199 2340 167 667
201 2265 171 667
189 2308 176 663
191 2359 174 661
192 2269 185 662
194 2289 177 671
192 2334 174 669
187 2394 166 664
216 2499 173 658
201 2522 165 671
207 2447 165 663
189 2367 169 664
213 2410 190 656
196 2299 170 664
201 2438 190 656
203 2303 166 669
187 2391 174 670
196 2428 178 658
197 2498 185 656
195 2329 172 664
197 2389 174 658
202 2356 178 662
251 2820 173 658
221 2536 200 654
215 2555 193 653
203 2497 165 693
190 2322 172 687
193 2329 182 676
242 2423 197 657
219 2644 190 653
197 2494 166 668
224 2535 165 663
213 2752 178 655
203 2674 174 658
202 2509 181 655
193 2466 175 661
200 2348 185 662
207 2497 197 656
195 2377 172 667
208 2337 200 664
211 2436 170 660
205 2544 170 661
199 2425 185 659
200 2439 178 662
203 2398 178 658
205 2365 177 661
205 2338 173 667
208 2424 177 658
205 2495 174 658
268 3071 179 655
227 2636 165 683
219 2350 185 678
216 2644 193 653
209 2589 209 655
194 2498 177 692
250 2909 165 663
239 2562 167 663
232 2606 197 654
211 2685 182 655
224 3010 190 653
214 2399 204 664
198 2495 189 679
224 2396 173 672
201 2430 185 659
208 2418 205 674
220 2680 174 659
208 2594 170 668
196 2536 177 668
213 2421 183 680
207 2654 173 661
213 2443 177 676
214 2380 177 675
209 2422 209 662
212 2527 170 660
211 2582 181 661
205 2534 190 656
215 2519 185 656
209 2503 197 656
226 2689 197 654
223 2852 197 654
223 2561 170 667
219 2579 217 658
217 2945 172 665
212 2539 174 671
201 2430 190 660
213 2694 209 655
209 2633 190 656
205 2460 185 666
224 2516 200 657
219 2865 207 655
202 2468 189 665
215 2456 189 670
222 2551 185 656
217 2539 188 659
203 2451 190 659
210 2563 189 659
246 2836 197 664
237 2713 170 677
232 3147 187 663
230 2860 200 654
222 2524 208 666
211 2473 192 679
202 2550 189 670
224 2623 200 660
210 2478 185 674
230 2670 177 667
233 2571 200 665
216 2551 177 672
208 2631 197 668
231 2698 174 671
220 2502 191 671
208 2527 192 679
246 2698 177 681
225 2857 185 679
225 2667 209 663
216 2517 186 680
206 2599 192 684
230 2855 197 674
208 2586 202 674
207 2605 192 679
233 2812 212 664
226 2742 216 667
212 2659 193 688
217 2290 217 649
217 2290 217 649
188 2784 144 677
158 1986 156 674
157 2036 150 690
144 2300 144 683
170 2403 156 664
205 2155 205 651
190 2714 144 676
195 2072 193 653
175 2148 175 655
187 2216 187 653
167 2020 166 657
202 2233 202 651
171 2047 150 681
201 2723 144 674
181 2270 156 664
181 2033 181 655
170 2403 156 664
150 2250 150 673
157 2327 156 665
146 2264 144 686
157 2028 152 683
201 2723 144 674
205 2155 205 651
175 2148 175 655
188 2784 144 677
178 2059 178 655
154 2189 150 670
180 2049 178 655
193 2079 193 653
190 2129 190 653
202 2233 202 651
152 2206 148 674
166 2013 166 660
152 2087 152 668
190 2714 144 676
160 2068 150 686
147 2233 147 676
148 2224 148 674
156 2042 156 678
166 2021 166 657
165 2034 163 660
159 1996 158 666
159 2008 156 668
151 2167 148 677
168 2116 150 670
158 2049 152 679
164 2070 162 661
158 2076 150 688
165 2035 150 688
187 2216 187 653
147 2216 147 679
161 2075 155 671
161 2096 161 660
144 2300 144 683
181 2033 181 655
148 2236 146 679
161 2075 155 671
157 2327 156 665
162 2081 162 659
150 2255 150 671
159 2007 159 663
146 2236 145 681
161 2096 161 660
166 2004 162 662
160 1989 158 666
157 2036 150 690
151 2194 147 679
163 2028 157 662
166 2018 162 659
162 2086 156 665
157 2269 157 664
190 2129 190 653
146 2235 146 683
157 2132 150 680
160 1986 156 667
159 2007 159 663
164 2180 150 670
162 2053 162 662
168 2116 150 670
178 2059 178 655
156 2233 156 667
157 2298 157 662
154 2189 150 670
156 2042 156 678
150 2250 150 673
195 2072 193 653
193 2079 193 653
157 2132 150 680
228 2353 156 672
217 2466 217 649
209 2549 202 651
165 2070 154 686
174 2148 159 667
181 2218 162 659
192 2281 190 653
197 2470 187 653
208 2396 205 651
196 2202 181 655
212 2507 202 651
184 2304 178 655
207 2451 166 657
193 2230 170 657
206 2453 205 651
187 2223 174 657
182 2297 174 657
223 2511 217 649
213 2543 202 651
198 2222 165 681
190 2239 162 664
183 2263 172 679
186 2377 165 674
213 2413 205 651
215 2349 178 655
208 2243 193 656
197 2480 187 653
201 2470 190 653
200 2259 162 662
202 2318 170 657
186 2436 177 658
206 2294 200 654
194 2347 185 656
183 2283 174 659
202 2407 194 654
187 2292 167 663
195 2239 181 658
202 2358 197 654
196 2376 174 657
191 2353 178 655
204 2287 185 655
188 2282 174 658
238 2500 193 653
228 2566 217 649
214 2350 162 672
213 2797 202 651
207 2290 188 656
192 2445 165 674
185 2307 174 662
202 2589 170 657
197 2298 197 668
216 2475 215 652
220 2423 205 651
199 2377 167 663
225 2494 162 662
195 2386 185 656
200 2363 181 655
208 2376 197 654
213 2455 173 660
206 2379 202 654
211 2337 185 656
190 2563 165 674
213 2434 174 657
199 2317 174 659
215 2298 185 658
201 2522 197 653
214 2562 202 651
189 2301 174 660
204 2511 194 653
213 2566 205 651
215 2377 178 655
200 2445 178 655
219 2520 205 651
214 2521 190 653
204 2428 178 655
240 2768 202 651
232 2790 172 666
231 2768 217 649
207 2732 165 683
207 2334 187 673
189 2513 175 694
213 2430 197 654
204 2660 200 654
229 2353 175 686
224 2577 205 651
196 2468 174 677
194 2400 187 663
223 2512 209 652
203 2709 174 675
216 2560 194 653
190 2371 181 665
223 2558 165 674
204 2537 174 660
224 2358 181 668
217 2548 173 664
228 2496 205 651
222 2535 190 653
206 2511 178 666
197 2469 189 656
200 2365 181 673
199 2391 185 656
201 2388 182 656
220 2390 181 655
206 2487 182 655
201 2526 182 655
228 2777 202 651
205 2489 182 655
253 2832 224 650
251 2884 224 650
243 2794 174 664
212 2607 175 705
198 2382 181 692
224 2667 179 665
238 2509 224 653
228 2544 209 651
199 2395 185 656
231 2818 202 651
218 2674 197 654
208 2604 182 655
248 2856 174 660
216 2645 200 654
225 2616 190 653
213 2487 182 655
224 2567 194 653
223 2539 197 653
219 2449 197 654
224 2424 181 660
224 2620 205 651
250 2864 202 651
240 2658 209 651
230 2578 212 652
228 2474 181 672
226 2869 212 652
212 2727 182 689
212 2397 193 671
199 2441 185 656
207 2418 195 656
218 2522 185 655
227 2749 190 653
232 2684 190 653
204 2435 192 656
221 2555 197 654
221 2468 200 654
229 2460 197 654
229 2703 193 653
268 2888 197 653
258 3059 190 653
248 2832 209 651
232 2670 212 652
210 2446 189 656
208 2674 185 656
202 2562 193 671
261 2892 202 651
207 2466 188 662
223 2788 197 654
207 2525 190 660
219 2557 185 655
224 2628 197 654
204 2536 192 656
247 2675 212 652
233 2916 217 652
226 2446 212 659
213 2781 185 656
213 2467 192 670
211 2473 197 657
222 2460 205 665
224 2632 202 654
214 2455 210 661
232 2489 195 666
228 2558 185 656
217 2558 190 668
225 2650 197 654
212 2582 192 670
216 2555 193 663
224 2780 197 654
217 2510 191 662
220 2607 190 656
218 2530 192 656
213 2513 195 663
225 2527 193 656
252 2664 203 654
248 2753 217 652
242 3032 224 653
237 2751 189 656
233 2767 190 687
218 2507 202 658
212 2597 205 662
222 2607 192 659
233 2793 200 654
215 2509 200 657
214 2673 197 657
234 2719 197 654
238 2731 197 654
234 2741 197 654
223 2702 192 673
215 2510 200 657
257 2733 197 654
238 3123 203 654
237 2777 197 656
224 2658 224 660
219 2584 204 668
230 2615 212 659
241 2858 200 654
237 2823 197 656
236 2717 223 666
252 2912 197 656
238 2916 200 660
237 2903 217 664
279 3744 198 680
250 3016 215 661
217 2290 217 649
217 2290 217 649
188 2784 144 677
158 1986 156 674
157 2046 150 690
144 2300 144 683
157 2327 156 665
190 2714 144 676
205 2155 205 651
195 2072 193 653
175 2148 175 655
181 2033 181 655
187 2216 187 653
167 2020 166 657
202 2233 202 651
201 2723 144 674
171 2047 150 681
150 2250 150 673
156 2042 156 678
146 2264 144 686
157 2028 152 683
201 2723 144 674
165 2034 163 660
205 2155 205 651
175 2148 175 655
188 2784 144 677
180 2049 178 655
178 2059 178 655
154 2189 150 670
202 2233 202 651
190 2129 190 653
193 2079 193 653
190 2714 144 676
158 2000 152 673
147 2233 147 676
157 2132 150 680
166 2021 166 657
157 2269 157 664
159 2008 156 668
151 2167 148 677
164 2070 162 661
158 2076 150 688
152 2087 152 668
159 1996 158 666
170 2066 150 688
148 2211 148 674
161 2075 155 671
187 2216 187 653
151 2194 147 679
144 2300 144 683
181 2033 181 655
161 2075 155 671
157 2327 156 665
147 2216 147 679
160 2117 160 662
150 2255 150 671
168 2079 161 660
162 2086 156 665
162 2081 162 659
160 2068 150 686
157 2046 150 690
166 2013 166 660
161 2197 156 664
168 2116 150 670
146 2236 145 681
160 1989 158 666
163 2028 157 662
148 2236 146 679
166 2018 162 659
166 2004 162 662
152 2241 150 671
152 2206 148 674
190 2129 190 653
146 2235 146 683
161 2084 161 660
160 1986 156 667
159 2007 159 663
164 2180 150 670
162 2053 162 662
159 2007 159 663
156 2233 156 667
157 2298 157 662
168 2116 150 670
152 2087 152 668
178 2059 178 655
170 2066 150 688
154 2189 150 670
195 2072 193 653
193 2079 193 653
152 2223 150 673
242 2836 159 665
223 2449 217 649
220 2579 217 649
188 2295 150 681
162 2118 152 689
216 2432 209 651
188 2589 165 660
178 2185 170 660
197 2368 190 653
181 2223 167 676
204 2556 202 651
223 2460 205 651
191 2228 162 668
184 2164 160 686
192 2247 178 655
190 2220 156 685
205 2470 205 651
200 2438 156 679
203 2346 175 655
210 2366 193 653
209 2172 170 663
186 2268 178 658
204 2364 194 653
204 2290 173 658
181 2242 162 662
195 2322 158 680
196 2317 163 660
198 2306 166 657
189 2238 174 657
187 2324 178 655
205 2233 165 664
230 2564 217 649
220 2748 217 649
200 2217 170 660
187 2251 162 671
180 2318 175 667
227 2663 217 649
218 2499 205 651
205 2528 205 651
183 2340 172 669
201 2380 193 653
189 2364 168 666
204 2284 167 662
214 2448 175 655
202 2430 190 653
208 2316 185 656
208 2389 166 657
191 2260 174 659
197 2421 166 660
193 2399 182 655
207 2457 173 658
196 2283 162 666
189 2514 182 655
190 2334 162 662
201 2273 189 655
200 2278 193 656
207 2318 181 655
197 2328 176 658
196 2328 178 655
204 2415 174 657
236 2658 217 649
223 2755 217 649
214 2840 175 655
205 2275 203 660
199 2351 162 674
194 2405 170 680
191 2409 174 661
225 2527 205 651
229 2559 174 657
198 2457 163 671
211 2477 173 669
218 2403 162 666
217 2643 167 663
206 2687 174 660
200 2583 197 657
216 2594 205 651
217 2437 165 664
205 2384 200 654
222 2468 193 653
192 2298 188 662
193 2279 193 659
205 2337 185 655
215 2575 172 670
203 2410 181 655
203 2572 190 653
208 2424 197 653
208 2385 178 655
193 2307 176 662
223 2490 190 653
214 2503 190 653
194 2306 177 661
205 2407 181 655
217 2486 193 653
244 2704 172 665
230 2750 174 658
228 2642 216 652
220 2672 209 651
218 2438 172 672
201 2319 182 661
193 2323 178 667
193 2366 185 662
206 2515 200 654
206 2568 185 656
200 2395 177 665
227 2553 190 653
214 2613 193 653
220 2700 205 651
209 2412 178 655
219 2540 193 653
205 2450 174 665
214 2419 204 654
203 2417 176 661
211 2416 205 654
247 2593 190 653
245 2694 174 668
233 2858 205 651
226 2770 212 652
222 2796 209 651
203 2323 191 666
195 2424 180 683
206 2392 181 672
228 2543 176 676
238 2713 205 651
239 2842 193 653
228 2680 197 653
200 2445 185 666
208 2335 192 665
209 2525 185 656
213 2608 178 658
211 2493 180 664
233 2740 176 661
210 2622 200 654
205 2496 195 662
220 2529 204 654
214 2615 177 668
222 2545 203 654
226 2622 197 654
210 2463 181 655
204 2612 183 662
206 2517 182 667
221 2752 197 654
206 2522 180 661
227 2687 209 651
214 2501 178 655
248 2879 205 651
242 2708 217 652
228 2909 197 654
225 2551 178 658
208 2401 192 666
203 2558 192 679
232 2876 212 652
222 2766 201 654
205 2419 191 672
215 2501 181 655
211 2533 184 670
224 2664 200 654
210 2475 205 662
211 2473 188 656
223 2483 185 665
213 2504 185 656
258 2973 217 652
238 2869 178 666
214 2479 212 659
209 2560 204 677
226 2863 205 654
212 2603 190 662
214 2505 191 670
216 2638 197 656
232 2542 185 659
219 2729 182 656
213 2577 203 657
223 2566 181 655
217 2725 185 656
221 2481 193 656
218 2506 193 656
219 2533 190 656
248 2963 205 654
230 2537 203 660
221 2799 185 656
219 2703 219 656
239 2706 191 656
246 2558 204 657
224 2691 210 655
223 2641 193 656
220 2592 201 656
246 2833 191 659
235 2782 210 655
235 2618 216 656
229 2985 186 657
226 2620 202 670
222 2729 204 657
242 2908 191 660
225 2658 195 660
238 2889 196 658
228 2780 197 656
243 2741 203 657
240 2649 204 657
239 2652 210 658
247 2952 203 657
242 2626 218 662
238 2665 202 663
227 2668 204 672
223 2776 208 657
230 2748 205 665
246 2671 210 668
231 2931 216 673
230 2797 224 662
223 2803 208 676
233 2767 223 668
243 2868 224 673
