101117 600.001
170 2817 170 714
250 3927 149 719
182 2641 165 704
173 2695 170 745
175 2747 170 720
173 2695 170 745
210 3285 150 687
219 3266 150 706
183 2885 168 668
183 2885 168 668
196 2873 159 689
218 3277 163 676
183 2885 168 668
173 2695 170 745
176 2838 165 732
175 2747 170 720
181 2887 165 683
187 2701 162 711
196 2873 159 689
177 2740 157 697
190 2942 156 703
196 2873 159 689
203 3011 155 690
218 3277 163 676
210 3285 150 687
176 2838 165 732
177 2740 157 697
217 3207 153 693
198 3097 152 695
215 3055 153 706
180 2987 151 707
176 2838 165 732
203 3011 155 690
195 3169 150 718
171 2798 169 715
171 2798 169 715
176 2838 165 732
203 3011 155 690
210 3285 150 687
180 2987 151 707
180 2987 151 707
217 3207 153 693
188 2994 156 680
171 2849 167 719
181 2887 165 683
217 3207 153 693
187 2701 162 711
190 2942 156 703
175 2747 170 720
188 2994 156 680
198 3097 152 695
210 3285 150 687
217 3207 153 693
178 2689 163 735
195 3169 150 718
190 3149 155 706
198 3097 152 695
175 2747 170 720
171 2798 169 715
188 2994 156 680
170 2817 170 714
187 2701 162 711
203 3011 155 690
195 3169 150 718
183 2861 156 710
217 3207 153 693
171 2798 169 715
181 2887 165 683
178 2689 163 735
182 2641 165 704
180 2987 151 707
203 3011 155 690
215 3055 153 706
187 2701 162 711
187 2701 162 711
217 3207 153 693
170 2817 170 714
177 2740 157 697
198 3097 152 695
182 2641 165 704
182 2641 165 704
171 2798 169 715
180 2987 151 707
178 2689 163 735
198 3097 152 695
178 2689 163 735
171 2798 169 715
215 3055 153 706
175 2747 170 720
196 2873 159 689
183 2861 156 710
170 2817 170 714
188 2994 156 680
183 2861 156 710
175 2747 170 720
215 3055 153 706
171 2798 169 715
210 3285 150 687
203 3011 155 690
195 3169 150 718
218 3277 163 676
176 2838 165 732
195 3169 150 718
170 2817 170 714
180 2987 151 707
175 2747 170 720
177 2740 157 697
181 2887 165 683
177 2740 157 697
188 2994 156 680
219 3266 150 706
187 2701 162 711
219 3266 150 706
196 2873 159 689
171 2798 169 715
176 2838 165 732
175 2747 170 720
177 2740 157 697
181 2887 165 683
203 3011 155 690
175 2747 170 720
175 2747 170 720
219 3266 150 706
180 2987 151 707
171 2798 169 715
215 3055 153 706
171 2798 169 715
198 3097 152 695
177 2740 157 697
177 2740 157 697
170 2817 170 714
176 2838 165 732
198 3097 152 695
215 3055 153 706
187 2701 162 711
187 2701 162 711
170 2817 170 714
173 2695 170 745
198 3097 152 695
187 2701 162 711
203 3011 155 690
215 3055 153 706
171 2798 169 715
177 2740 157 697
175 2747 170 720
187 2701 162 711
173 2695 170 745
219 3266 150 706
187 2701 162 711
175 2747 170 720
219 3266 150 706
175 2747 170 720
187 2701 162 711
178 2689 163 735
198 3097 152 695
180 2987 151 707
215 3055 153 706
210 3285 150 687
219 3266 150 706
170 2817 170 714
178 2689 163 735
198 3097 152 695
203 3011 155 690
187 2701 162 711
195 3169 150 718
187 2701 162 711
198 3097 152 695
175 2747 170 720
210 3285 150 687
181 2887 165 683
188 2994 156 680
175 2747 170 720
190 3149 155 706
171 2798 169 715
188 2994 156 680
175 2747 170 720
210 3285 150 687
171 2798 169 715
203 3011 155 690
175 2747 170 720
195 3169 150 718
170 2817 170 714
177 2740 157 697
203 3011 155 690
177 2740 157 697
210 3285 150 687
217 3207 153 693
195 3169 150 718
198 3097 152 695
175 2747 170 720
188 2994 156 680
170 2817 170 714
217 3207 153 693
171 2798 169 715
181 2887 165 683
178 2689 163 735
215 3055 153 706
187 2701 162 711
217 3207 153 693
188 2994 156 680
198 3097 152 695
182 2641 165 704
171 2798 169 715
180 2987 151 707
178 2689 163 735
198 3097 152 695
178 2689 163 735
215 3055 153 706
175 2747 170 720
183 2861 156 710
170 2817 170 714
175 2747 170 720
215 3055 153 706
210 3285 150 687
198 3097 152 695
210 3285 150 687
219 3266 150 706
218 3277 163 676
183 2885 168 668
173 2695 170 745
175 2747 170 720
181 2887 165 683
196 2873 159 689
177 2740 157 697
196 2873 159 689
203 3011 155 690
218 3277 163 676
210 3285 150 687
217 3207 153 693
195 3169 150 718
215 3055 153 706
176 2838 165 732
195 3169 150 718
203 3011 155 690
180 2987 151 707
180 2987 151 707
217 3207 153 693
188 2994 156 680
171 2849 167 719
181 2887 165 683
217 3207 153 693
190 2942 156 703
175 2747 170 720
195 3169 150 718
175 2747 170 720
187 2701 162 711
219 3266 150 706
187 2701 162 711
175 2747 170 720
187 2701 162 711
173 2695 170 745
180 2987 151 707
215 3055 153 706
210 3285 150 687
219 3266 150 706
178 2689 163 735
198 3097 152 695
187 2701 162 711
177 2740 157 697
187 2701 162 711
198 3097 152 695
175 2747 170 720
210 3285 150 687
181 2887 165 683
188 2994 156 680
175 2747 170 720
190 3149 155 706
171 2798 169 715
188 2994 156 680
175 2747 170 720
195 3169 150 718
170 2817 170 714
171 2798 169 715
218 3277 163 676
195 3169 150 718
180 2987 151 707
188 2994 156 680
219 3266 150 706
187 2701 162 711
196 2873 159 689
171 2798 169 715
176 2838 165 732
175 2747 170 720
181 2887 165 683
203 3011 155 690
175 2747 170 720
219 3266 150 706
177 2740 157 697
198 3097 152 695
177 2740 157 697
170 2817 170 714
176 2838 165 732
198 3097 152 695
215 3055 153 706
187 2701 162 711
187 2701 162 711
170 2817 170 714
173 2695 170 745
198 3097 152 695
187 2701 162 711
