399175 2340.12
165 2857 165 727
198 3004 185 674
165 2857 165 727
188 2602 159 704
173 2803 164 748
231 3418 166 670
265 4126 144 712
213 3663 149 695
257 3596 155 681
234 3015 161 680
224 3476 150 695
210 3356 154 683
192 2829 178 687
204 3173 161 671
188 3270 156 689
208 2959 183 686
214 3631 148 696
234 3015 161 680
176 2660 175 733
257 3596 155 681
198 3004 185 674
231 3619 147 692
228 3485 150 685
190 3138 170 681
173 2696 173 711
171 2909 164 722
173 2696 173 711
167 2837 165 725
231 3418 166 670
166 2765 166 742
257 3596 155 681
182 2796 154 728
257 3596 155 681
166 2765 166 742
192 2829 178 687
192 2757 158 713
188 2602 159 704
167 2837 165 725
213 3663 149 695
179 2924 153 693
185 3051 150 710
180 2875 155 721
213 3663 149 695
175 2798 157 738
176 2660 175 733
166 2765 166 742
194 3148 152 697
192 2757 158 713
257 3596 155 681
172 2734 168 734
194 2822 160 702
201 2970 168 676
172 2780 167 731
190 3138 170 681
181 2893 160 694
176 2919 176 702
186 2694 163 692
187 2659 169 699
187 2659 169 699
184 3011 149 711
204 3173 161 671
179 2887 152 708
231 3619 147 692
170 2916 164 716
213 3663 149 695
175 2758 160 705
190 2949 145 701
182 2896 148 718
194 3148 152 697
208 3281 151 700
228 3485 150 685
188 2602 159 704
175 2758 160 705
182 2796 154 728
176 2660 175 733
172 2780 167 731
179 2924 153 693
192 3116 156 673
165 2857 165 727
208 3281 151 700
165 2857 165 727
186 2694 163 692
180 2875 155 721
169 2662 169 736
214 3631 148 696
180 2875 155 721
182 2896 148 718
192 3116 156 673
194 3065 157 686
230 3293 148 696
190 2949 145 701
186 2694 163 692
194 3148 152 697
257 3596 155 681
201 2970 168 676
188 2602 159 704
179 2887 152 708
208 3281 151 700
213 3275 148 700
175 2758 160 705
173 2803 164 748
169 2662 169 736
194 2822 160 702
175 2798 157 738
176 2919 176 702
213 3275 148 700
175 2798 157 738
188 3270 156 689
185 3051 150 710
169 2662 169 736
192 3116 156 673
175 2798 157 738
228 3485 150 685
188 2602 159 704
200 2978 152 698
172 2734 168 734
192 2829 178 687
173 2803 164 748
175 2798 157 738
186 2694 163 692
201 2970 168 676
172 2780 167 731
208 3281 151 700
173 2803 164 748
234 3015 161 680
257 3596 155 681
185 3051 150 710
198 3004 185 674
169 2662 169 736
231 3418 166 670
173 2696 173 711
175 2798 157 738
190 3138 170 681
185 3051 150 710
200 2978 152 698
167 2837 165 725
230 3293 148 696
201 2970 168 676
190 2974 154 691
234 3015 161 680
184 3011 149 711
192 3116 156 673
182 2796 154 728
188 3270 156 689
192 2829 178 687
190 3138 170 681
265 4126 144 712
194 2822 160 702
190 2949 145 701
204 3173 161 671
231 3418 166 670
187 2659 169 699
165 2857 165 727
194 3148 152 697
186 2694 163 692
210 3356 154 683
179 2924 153 693
179 2924 153 693
173 2696 173 711
194 3065 157 686
187 2659 169 699
194 3148 152 697
170 2916 164 716
190 2949 145 701
230 3293 148 696
166 2765 166 742
172 2780 167 731
182 2796 154 728
194 3148 152 697
208 3281 151 700
192 2829 178 687
190 3138 170 681
188 3270 156 689
208 3281 151 700
181 2893 160 694
176 2919 176 702
257 3596 155 681
166 2765 166 742
188 2602 159 704
192 2829 178 687
176 2660 175 733
228 3485 150 685
208 3281 151 700
167 2837 165 725
179 2924 153 693
182 2796 154 728
170 2916 164 716
182 2796 154 728
182 2796 154 728
192 3116 156 673
175 2758 160 705
234 3015 161 680
231 3619 147 692
173 2696 173 711
231 3418 166 670
204 3173 161 671
208 3281 151 700
257 3596 155 681
179 2924 153 693
190 2949 145 701
190 2974 154 691
173 2803 164 748
204 3173 161 671
265 4126 144 712
175 2798 157 738
231 3418 166 670
208 3281 151 700
265 4126 144 712
175 2798 157 738
169 2662 169 736
190 3138 170 681
185 3051 150 710
190 2949 145 701
201 2970 168 676
182 2796 154 728
165 2857 165 727
186 2694 163 692
169 2662 169 736
214 3631 148 696
180 2875 155 721
182 2896 148 718
192 3116 156 673
194 3065 157 686
257 3596 155 681
194 3148 152 697
175 2758 160 705
194 2822 160 702
175 2798 157 738
176 2919 176 702
213 3275 148 700
175 2798 157 738
169 2662 169 736
175 2798 157 738
228 3485 150 685
188 2602 159 704
176 2660 175 733
204 3173 161 671
188 3270 156 689
208 2959 183 686
231 3619 147 692
171 2909 164 722
173 2696 173 711
192 2757 158 713
167 2837 165 725
180 2875 155 721
213 3663 149 695
192 2829 178 687
192 2757 158 713
172 2734 168 734
190 3138 170 681
187 2659 169 699
184 3011 149 711
231 3619 147 692
170 2916 164 716
175 2758 160 705
224 3476 150 695
182 2896 148 718
192 3116 156 673
230 3293 148 696
182 2796 154 728
194 3148 152 697
181 2893 160 694
166 2765 166 742
192 2829 178 687
208 3281 151 700
167 2837 165 725
179 2924 153 693
170 2916 164 716
190 2949 145 701
175 2758 160 705
234 3015 161 680
231 3619 147 692
231 3418 166 670
179 2924 153 693
190 2949 145 701
173 2803 164 748
204 3173 161 671
231 3418 166 670
175 2798 157 738
192 2829 178 687
173 2803 164 748
186 2694 163 692
173 2803 164 748
234 3015 161 680
257 3596 155 681
173 2696 173 711
201 2970 168 676
190 2974 154 691
234 3015 161 680
182 2796 154 728
190 2949 145 701
190 3138 170 681
265 4126 144 712
194 2822 160 702
190 2949 145 701
204 3173 161 671
231 3418 166 670
165 2857 165 727
194 3148 152 697
179 2924 153 693
