80493 1860.38
155 2269 154 744
160 2219 156 722
171 2435 152 750
222 2775 222 700
167 2225 164 722
168 2224 165 720
171 2363 171 708
158 2238 156 722
160 2223 156 722
168 2225 164 722
178 2259 177 715
166 2226 165 720
165 2352 161 710
166 2239 165 717
160 2223 156 722
162 2235 155 738
166 2239 165 717
158 2250 156 722
164 2239 162 720
158 2222 156 722
173 2369 157 714
166 2249 165 717
166 2271 165 717
158 2243 156 724
162 2228 155 738
169 2229 165 720
162 2232 155 738
160 2227 156 722
178 2261 177 715
160 2280 156 722
171 2308 171 711
162 2226 155 738
169 2229 165 720
166 2239 165 717
160 2228 156 722
166 2221 165 720
171 2308 171 711
166 2262 165 717
166 2238 165 717
168 2222 165 720
170 2336 159 713
166 2227 165 720
171 2308 171 711
160 2247 156 722
160 2219 156 722
172 2271 157 719
171 2324 171 711
158 2227 156 722
172 2251 157 719
156 2258 155 738
160 2227 156 722
172 2256 157 719
166 2239 165 717
158 2248 155 738
160 2227 156 722
160 2224 156 722
166 2251 165 717
166 2239 165 717
166 2262 165 717
158 2259 156 722
178 2290 177 715
169 2234 165 720
158 2250 156 722
160 2219 156 722
160 2223 156 722
169 2229 165 720
171 2308 171 711
161 2342 156 716
168 2223 165 720
158 2222 156 722
166 2249 165 717
158 2222 156 722
169 2365 161 710
165 2247 164 719
158 2222 156 722
172 2234 157 722
169 2370 161 710
160 2228 156 722
166 2262 165 717
158 2230 156 722
159 2288 154 739
166 2249 165 717
171 2319 171 711
161 2346 156 716
162 2276 156 722
166 2238 165 717
164 2239 162 720
160 2223 156 722
169 2229 165 720
158 2226 156 722
171 2308 171 711
162 2276 156 722
169 2234 165 720
168 2224 165 720
158 2268 156 728
160 2219 156 722
178 2259 177 715
164 2327 156 716
160 2222 156 722
160 2219 156 722
178 2290 177 715
169 2229 165 720
178 2259 177 715
158 2230 156 722
168 2222 165 720
166 2249 165 717
171 2308 171 711
158 2222 156 722
166 2249 165 717
160 2225 156 722
169 2234 165 720
162 2228 155 738
166 2239 165 717
162 2238 161 722
163 2234 156 724
168 2227 165 720
160 2227 156 722
169 2229 165 720
166 2262 165 717
158 2227 156 722
171 2358 171 708
166 2271 165 717
164 2233 164 722
164 2223 164 722
160 2223 156 722
160 2219 156 722
178 2287 177 715
155 2269 154 744
168 2224 165 720
169 2229 165 720
166 2251 165 717
166 2224 165 720
178 2261 177 715
163 2396 163 713
158 2222 156 722
163 2234 156 724
178 2263 177 715
166 2271 165 717
166 2249 165 717
160 2222 156 722
172 2265 157 719
172 2276 165 717
166 2262 165 717
158 2230 156 722
165 2286 154 729
166 2249 165 717
166 2251 165 717
169 2229 165 720
169 2229 165 720
158 2229 156 722
166 2250 165 717
160 2223 156 722
162 2224 155 738
169 2229 165 720
164 2239 162 720
168 2223 165 720
183 2579 183 706
166 2251 165 717
158 2230 156 722
158 2222 156 722
172 2281 157 719
161 2227 156 724
166 2249 165 717
167 2230 165 720
160 2223 156 722
182 2484 160 711
171 2308 171 711
158 2227 156 722
172 2251 157 719
158 2259 156 724
160 2230 156 722
160 2227 156 722
178 2259 177 715
161 2346 156 716
162 2224 155 738
160 2221 156 722
172 2234 157 722
178 2261 177 715
166 2240 165 717
157 2292 156 734
174 2402 171 708
166 2249 165 717
164 2327 156 716
160 2222 156 722
160 2225 156 722
165 2224 164 722
171 2420 171 708
160 2228 156 722
160 2221 156 722
166 2221 165 720
178 2259 177 715
158 2222 156 722
166 2272 165 717
164 2276 164 719
160 2221 156 722
172 2281 157 719
166 2239 165 717
158 2250 156 722
168 2225 164 722
158 2222 156 722
172 2281 157 719
169 2318 169 714
178 2290 177 715
158 2235 156 722
166 2261 157 719
168 2224 165 720
161 2227 156 724
162 2224 155 738
169 2229 165 720
160 2230 156 722
171 2308 171 711
166 2226 165 720
160 2227 156 722
168 2233 165 720
158 2225 156 722
160 2219 156 722
171 2318 171 711
166 2251 165 717
167 2230 165 720
160 2219 156 722
171 2319 171 711
164 2228 164 722
166 2249 165 717
158 2227 156 722
160 2219 156 722
165 2352 161 710
169 2354 161 710
166 2232 165 720
169 2358 161 710
162 2238 161 722
160 2227 156 722
161 2346 156 716
166 2238 165 717
158 2239 156 728
158 2230 156 722
160 2227 156 722
172 2256 157 719
166 2238 165 717
166 2271 165 717
156 2258 155 738
171 2308 171 711
167 2246 165 717
160 2222 156 722
168 2223 165 720
162 2230 155 738
169 2229 165 720
166 2250 165 717
158 2227 156 722
168 2224 165 720
160 2222 156 722
166 2239 165 717
166 2222 165 720
178 2261 177 715
166 2238 165 717
162 2237 161 722
169 2236 154 744
166 2251 165 717
163 2277 163 719
168 2394 161 710
158 2235 156 722
164 2265 154 729
166 2249 165 717
169 2371 161 710
158 2259 156 722
174 2239 156 722
166 2238 165 717
161 2346 156 716
166 2227 165 720
169 2229 165 720
158 2227 156 722
178 2274 177 715
160 2285 155 735
169 2229 165 720
169 2229 165 720
162 2228 155 738
168 2223 165 720
171 2358 171 708
166 2251 165 717
160 2228 156 722
166 2221 165 720
169 2354 161 710
168 2233 165 720
178 2261 177 715
158 2235 156 722
167 2223 165 720
165 2248 164 719
166 2251 165 717
158 2222 156 722
172 2271 157 719
160 2228 156 722
172 2251 157 719
172 2251 157 719
166 2239 165 717
158 2250 156 722
161 2240 156 724
160 2223 156 722
162 2224 155 738
169 2229 165 720
164 2327 156 716
158 2230 156 722
