87727 1320.19
150 2448 150 697
150 2428 149 704
164 2282 155 709
157 2456 145 716
152 2404 150 697
162 2506 162 692
153 2355 150 704
166 2316 155 697
157 2332 155 697
166 2383 161 695
156 2491 147 712
174 2299 155 701
157 2334 148 711
166 2467 162 692
155 2355 150 700
160 2299 155 709
158 2320 155 703
161 2466 161 695
176 2308 150 706
151 2465 148 708
155 2443 147 714
157 2412 148 708
155 2365 155 697
166 2438 162 694
160 2327 150 706
156 2378 149 708
168 2308 155 707
162 2445 161 695
155 2349 155 700
164 2325 150 706
155 2346 155 707
164 2399 149 707
164 2457 162 694
169 2354 150 700
162 2485 162 694
158 2331 150 710
154 2500 147 717
159 2363 149 710
171 2419 147 717
154 2427 148 712
151 2443 148 712
152 2447 148 711
177 2616 173 690
156 2350 147 718
151 2499 147 718
150 2425 149 718
153 2485 147 718
186 2912 146 714
149 2464 149 708
149 2464 149 708
166 2323 155 708
151 2460 150 697
156 2405 150 697
154 2496 148 708
164 2504 161 695
155 2457 149 704
151 2468 149 707
152 2408 150 700
164 2461 148 708
170 2433 149 704
151 2430 150 704
162 2436 149 708
169 2664 162 692
193 3056 160 739
215 3206 167 723
183 2875 162 718
172 2772 162 716
195 2958 179 719
200 3098 162 721
212 3070 179 724
191 2952 162 707
207 3206 192 724
188 2817 147 714
184 3103 164 697
165 2624 161 713
183 2805 179 714
203 3043 169 735
204 3131 172 752
219 3190 194 720
188 2949 170 729
212 3231 177 742
187 2802 152 727
182 2768 160 730
234 3838 161 745
185 2932 170 715
188 2849 161 702
220 3245 185 747
178 2774 168 729
206 2962 177 737
179 2878 150 701
192 2948 147 717
187 2790 177 736
196 3087 162 713
172 2684 150 697
198 3039 177 724
200 3214 163 736
189 2767 170 731
175 2769 157 713
169 2716 157 739
208 3201 177 727
202 3031 166 732
187 2815 175 742
186 2853 175 747
202 3066 179 721
165 2602 161 695
202 3146 187 737
177 2782 165 712
181 2837 159 728
194 3087 162 714
185 2997 150 701
167 2692 149 711
173 2775 162 724
175 2880 165 718
190 3117 160 739
185 2935 150 701
200 2964 194 724
196 2949 177 726
170 2662 170 718
173 2633 164 708
212 3311 172 717
181 2707 150 706
204 3256 202 744
193 2988 162 732
204 3190 164 717
192 2830 150 710
219 3338 200 772
204 3021 172 715
185 2833 179 713
184 2727 164 723
180 2888 161 715
193 2965 175 744
173 2634 156 727
222 3614 165 717
201 2983 165 732
218 3381 164 723
167 2674 162 705
185 2964 170 730
180 2688 175 726
198 3025 165 729
164 2661 149 707
181 2892 156 721
195 2997 187 757
179 2767 179 722
194 2825 165 716
209 3226 175 720
186 2752 158 742
193 2863 187 720
196 3121 164 725
183 2815 165 716
193 2942 175 728
220 3468 154 734
179 2790 165 714
198 3032 172 712
193 2770 164 703
172 2640 159 727
204 2837 157 739
217 3250 179 707
175 2695 164 706
180 2905 164 722
197 2976 168 740
192 2990 162 733
187 2922 165 721
183 2773 165 718
228 3374 157 722
181 2907 160 730
190 2801 162 729
207 3308 184 733
222 3088 170 740
178 2687 160 729
185 2751 164 699
197 2885 164 710
228 3259 184 745
186 2801 172 721
179 2774 175 773
184 2828 164 729
174 2687 161 719
198 2983 170 729
191 3043 150 715
223 3262 164 724
194 3015 170 724
194 2992 160 736
200 2933 183 743
206 3235 160 723
215 3232 177 734
188 3006 177 728
204 3059 162 719
175 2746 165 713
206 3216 172 757
194 2930 160 717
184 2821 169 744
179 2766 150 697
197 3116 161 722
205 2931 174 742
199 2892 162 740
198 2728 194 724
188 2910 164 738
191 2961 172 730
177 2612 162 723
193 2949 149 707
209 3060 160 723
230 3495 165 714
182 2841 165 716
171 2758 160 717
217 3485 162 720
200 2879 177 707
195 2887 165 720
180 2681 170 703
188 2766 158 723
190 2863 177 740
202 2887 158 730
193 2911 161 737
178 2910 155 719
188 2817 162 719
183 2889 153 714
187 2872 165 725
179 2723 164 725
231 3806 162 745
192 2770 157 713
180 2800 177 728
190 2871 170 744
193 2916 162 736
198 3036 161 727
212 3232 185 727
197 2997 162 713
181 2831 170 729
211 3018 192 737
169 2667 165 714
195 3070 162 718
194 3153 165 717
169 2593 165 728
189 3031 162 709
178 2838 175 715
221 3183 162 735
185 2838 179 728
198 2940 172 729
189 2778 170 735
184 2870 165 714
195 3006 162 719
202 3326 160 726
168 2560 164 708
178 2745 168 735
192 2977 162 732
177 2746 160 729
191 2946 160 713
196 2880 155 716
213 3474 168 740
190 2862 185 731
205 3412 162 705
184 2751 162 703
226 3390 179 712
187 2857 157 704
181 3004 162 718
175 2703 162 701
185 2955 168 736
188 2974 160 737
184 2686 168 747
195 2902 172 720
186 2863 161 726
220 3112 209 732
184 2764 177 733
206 3136 193 742
196 3208 162 722
177 2807 165 715
189 2935 160 739
181 2867 177 733
211 3415 179 735
183 2938 162 728
181 2630 164 708
196 2991 177 736
208 2894 179 727
210 3212 179 713
183 2807 164 710
206 3393 150 708
203 3122 162 722
259 3527 158 723
202 3070 172 731
181 2978 150 714
190 2871 162 723
193 2923 172 716
182 2821 162 717
182 2745 162 707
198 3077 175 724
195 3017 162 692
197 3105 178 739
190 2867 179 712
227 3155 179 728
190 2913 157 725
190 2855 164 704
190 2915 162 719
190 3036 160 709
206 3268 179 702
220 3252 185 731
207 3117 165 721
197 3022 162 721
201 3079 177 707
184 2763 165 717
225 3564 169 735
181 2724 179 714
181 2730 177 731
196 3208 162 729
