27922 570.221
150 2482 150 709
157 2415 154 699
155 2448 154 699
162 2483 162 697
174 2608 174 695
192 3139 160 696
168 2624 148 719
154 2452 154 706
162 2384 149 716
156 2380 154 716
165 2466 162 697
151 2452 149 716
154 2385 154 710
161 2410 160 706
182 2948 160 698
160 2598 148 722
156 2554 153 706
191 2881 147 723
155 2384 154 710
150 2502 149 716
166 2430 149 713
170 2476 153 706
184 2593 174 695
155 2436 154 702
165 2656 149 712
153 2582 149 713
156 2417 154 706
179 2600 174 695
161 2517 153 706
169 2643 149 712
161 2464 149 713
154 2508 149 713
155 2426 154 709
159 2449 149 717
163 2438 149 715
159 2476 149 713
165 2444 149 713
162 2440 153 714
157 2494 149 713
158 2472 153 714
161 2448 149 719
197 3158 189 693
196 3186 189 693
155 2507 149 715
157 2440 153 724
213 3543 167 694
159 2451 149 717
155 2474 150 718
159 2485 150 709
154 2498 149 720
157 2489 149 717
157 2503 149 713
161 2489 149 713
157 2497 149 716
155 2391 154 714
158 2429 154 699
154 2461 154 706
158 2419 154 705
155 2485 154 699
163 2460 149 715
152 2490 152 728
155 2456 154 712
156 2506 149 716
257 3893 212 820
234 3586 176 817
217 3469 192 796
204 3090 176 776
228 3379 197 807
294 4750 202 845
243 3656 182 794
289 4133 175 784
248 3989 220 801
233 3622 202 807
250 3964 178 783
281 4285 186 840
237 3666 182 810
274 4000 231 834
275 4176 176 795
271 4057 203 808
217 3137 166 766
236 3588 213 813
248 3834 203 810
218 3412 207 831
273 4029 207 811
261 3734 246 819
232 3543 183 797
260 3699 159 754
230 3751 169 776
261 3955 203 841
258 4066 188 820
279 4065 207 802
267 4341 189 827
252 4160 187 779
287 4167 212 843
229 3482 186 772
218 3492 188 744
224 3384 175 795
231 3233 182 781
306 4717 224 808
201 3260 201 781
252 4060 189 819
283 4503 207 806
288 4293 197 813
238 3576 181 803
242 3675 172 814
259 3707 203 808
270 4014 200 818
303 4564 222 854
239 3656 209 794
235 3742 208 866
235 3770 168 754
259 3564 209 807
219 3386 202 778
248 3637 212 783
238 3669 187 795
260 3891 197 827
230 3337 179 735
259 3838 188 840
262 3888 191 791
251 3770 162 727
295 4535 226 861
220 3183 195 789
244 3692 188 797
254 3681 213 785
216 3348 179 752
251 4105 177 756
245 3657 201 794
232 3809 212 798
246 3844 174 759
232 3639 207 781
215 3359 174 766
248 3848 182 782
294 4380 201 808
229 3533 190 811
234 3452 207 837
285 4125 209 818
283 4226 183 791
205 3440 172 784
200 3105 182 781
213 3204 188 801
240 3452 217 782
226 3415 198 768
207 3393 207 831
243 3732 188 753
282 4254 211 775
267 4202 190 824
224 3430 197 781
263 4324 175 730
243 3432 187 768
237 3523 179 783
321 5064 191 785
263 3930 172 795
267 3860 222 806
289 4890 193 781
197 3063 173 776
286 4370 173 764
249 4039 183 795
224 3454 188 753
211 3454 190 796
229 3118 187 744
251 3891 192 795
258 4149 188 786
240 3627 186 809
272 3980 183 787
237 3751 197 776
218 3340 169 773
234 3657 183 773
250 4039 208 826
263 3691 213 804
277 4216 220 774
282 4220 212 841
231 3570 212 834
240 3641 190 754
247 3551 188 788
231 3320 197 767
219 3169 178 769
218 3313 173 779
268 4516 186 811
265 4163 180 821
235 3896 184 765
273 4259 192 785
237 3545 170 799
279 4328 202 834
233 3677 171 776
243 3540 186 821
253 4077 183 796
296 4544 185 793
271 4220 204 827
199 3171 175 727
239 3506 183 770
237 3617 189 789
298 4215 219 835
256 3875 183 777
255 3709 178 796
199 3097 173 778
225 3704 188 795
232 3738 198 768
278 4012 187 812
243 3834 206 818
261 4145 193 826
231 3773 187 831
245 3964 221 771
235 3654 217 806
275 3664 203 826
242 3428 177 798
204 3274 169 782
229 3690 202 823
228 3500 186 820
250 3863 178 781
230 3753 197 799
237 3613 174 802
231 3720 197 765
260 4034 183 792
245 3640 186 813
304 4707 209 837
234 3705 212 830
280 3825 212 795
278 3967 204 803
273 3905 177 800
212 3426 166 771
247 3723 207 784
213 3378 173 797
269 3829 192 814
237 3477 232 817
263 4124 188 822
223 3353 182 807
226 3361 180 798
339 5538 212 829
244 3832 198 869
246 3601 226 817
227 3434 183 787
243 3995 169 808
249 3698 179 751
277 4473 191 831
225 3624 191 848
247 3522 170 787
267 4333 198 836
220 3417 209 809
203 3320 176 755
235 3650 183 814
220 3399 205 823
233 3559 181 797
263 3839 183 843
257 4184 167 782
229 3637 198 784
277 4036 212 811
211 3445 171 784
255 3996 192 803
267 4083 179 770
266 3843 184 822
202 3204 173 771
220 3531 188 812
257 4178 190 811
280 4239 183 833
228 3498 189 765
258 3708 191 828
204 3173 170 794
225 3681 184 766
253 3880 187 807
217 3381 176 785
238 3665 179 817
256 3751 189 835
259 4087 184 766
209 3351 183 752
244 3598 187 786
223 3197 198 817
223 3328 183 787
199 3112 161 745
209 3333 205 783
230 3764 183 802
223 3639 222 832
239 3522 188 780
228 3457 204 782
203 3191 160 772
264 3777 187 810
224 3517 183 755
272 4321 216 841
255 3918 226 806
255 3734 214 766
226 3326 173 813
262 3825 227 827
212 3501 187 748
247 3960 200 770
241 4030 198 796
252 3777 190 841
212 3309 172 764
202 3324 185 822
294 4383 183 798
213 3418 189 749
224 3648 182 781
259 3991 173 787
224 3547 189 798
254 3736 195 782
247 3523 192 791
241 3442 196 793
257 4178 182 790
258 4057 197 813
231 3688 174 831
206 3059 185 774
259 3792 188 808
