75305 1380.17
245 3328 186 704
253 3881 233 766
310 4980 238 845
271 3994 204 759
237 3394 174 716
245 3447 212 671
228 2940 210 702
237 3345 209 707
285 4132 227 738
295 3872 208 715
349 5322 232 808
218 3227 208 811
269 4108 198 772
228 3782 188 754
225 3143 175 758
267 4023 223 810
228 3494 211 721
278 3511 207 729
210 3337 179 761
261 4668 244 853
290 3940 245 820
231 3264 194 697
295 4686 272 846
252 3768 189 721
273 4403 226 936
251 4158 184 732
296 3856 247 754
200 2752 193 676
264 3909 221 742
213 3039 166 721
232 3890 228 810
252 3689 196 796
215 3330 170 744
254 3836 170 735
221 3315 211 694
225 3541 178 735
247 3470 196 763
256 3797 189 805
288 4438 238 932
237 3669 204 775
251 3737 171 774
238 3155 179 758
251 3839 190 782
216 3244 185 764
303 4741 205 854
220 3439 195 734
300 4604 206 816
327 5510 247 833
273 4338 220 826
263 3665 221 822
279 4156 189 856
287 4198 224 805
287 4094 248 805
218 3385 183 759
256 3689 196 776
269 4017 201 848
271 3883 226 778
252 4090 219 747
232 3819 169 771
262 3811 198 760
295 4660 213 902
307 4015 195 848
287 4018 206 707
304 4103 234 871
271 4046 229 787
246 3339 189 772
259 3608 237 788
233 3521 194 784
214 3059 199 784
175 2824 169 711
266 4125 179 807
246 3159 213 727
272 4245 219 747
237 4021 237 869
316 4484 214 797
276 3776 231 750
268 4183 172 784
217 3714 202 782
266 3878 177 741
241 3566 192 756
263 3827 218 787
266 4257 204 798
242 3559 165 750
295 4701 210 897
282 4616 237 829
255 3752 174 762
246 3362 226 700
286 3933 203 752
280 4527 266 809
389 6293 280 1006
247 3970 197 823
309 4482 213 934
281 4549 240 785
263 4152 180 749
252 3495 214 780
239 3539 187 713
291 4365 204 823
282 4126 220 784
275 3421 224 776
278 4190 203 747
292 4404 233 846
254 3454 225 744
294 4090 219 828
269 3838 223 809
244 3828 199 719
289 4753 192 824
276 4479 220 909
242 3691 166 690
305 4428 233 709
222 3226 201 728
255 3751 183 765
254 3877 241 789
237 3747 173 763
198 3285 173 772
242 3464 213 715
237 3358 231 742
224 3312 169 721
289 4520 214 851
252 3957 199 824
240 3363 204 747
277 4459 220 811
273 4249 225 894
250 3489 203 694
229 3062 162 739
260 4141 194 824
233 3508 218 821
260 3650 198 749
232 3396 180 726
310 4574 236 816
289 4821 278 928
230 3491 197 784
288 4799 228 890
219 3513 196 767
268 4036 192 771
241 3272 175 686
266 4035 211 791
243 3868 179 728
203 3274 173 762
334 4597 217 889
236 3267 195 741
199 3340 160 740
273 3979 200 832
225 3025 216 674
232 3468 207 790
253 3741 202 838
274 4182 207 795
234 3838 195 819
279 4117 199 842
262 3975 193 816
272 4518 186 773
275 3923 204 803
256 3160 200 689
243 3502 172 670
216 3727 194 772
289 4156 201 851
259 4090 179 774
241 3064 190 686
261 3632 203 759
203 3200 169 742
219 3458 201 710
273 4026 226 726
231 3614 183 785
267 3588 203 689
276 4310 234 754
333 5374 255 949
312 4733 266 855
273 4178 208 805
239 3710 188 809
301 4658 206 829
249 3921 205 733
320 4933 203 794
262 4334 217 868
247 3665 213 779
203 3260 164 751
232 3819 173 732
189 2991 168 742
256 3915 207 820
334 4974 250 904
230 3433 224 744
270 3733 179 767
280 4116 218 828
296 4265 228 723
284 4556 224 857
246 3881 204 701
274 3811 179 721
300 4802 235 800
259 4208 214 882
258 3917 228 744
243 3331 180 753
217 3442 194 754
291 4464 212 805
256 3661 241 827
309 4589 220 928
230 3617 185 720
222 3366 202 696
271 3998 200 788
249 3959 174 744
337 5555 263 895
273 3371 228 740
257 3943 198 696
268 3855 198 796
215 3027 175 768
229 3422 216 818
253 4207 201 868
249 3477 231 712
268 3734 204 701
302 4358 235 858
263 4273 199 800
238 3676 179 722
251 3579 190 759
193 2976 165 720
291 3763 202 765
234 3769 175 739
224 3292 205 707
259 3878 216 760
198 3121 177 696
279 4013 188 790
290 3746 220 718
398 5608 235 931
262 3756 189 719
279 4383 222 815
280 3909 223 798
261 3627 229 892
240 3814 175 748
279 4497 208 816
280 4254 186 792
250 3300 216 753
237 3704 198 810
270 3697 219 755
275 4142 206 801
280 4171 222 871
290 4140 230 736
236 3813 225 793
325 4799 248 959
283 4257 222 789
288 3696 200 729
282 3953 210 840
220 3468 189 690
271 4178 214 802
313 4250 198 754
309 4456 227 855
302 4471 189 773
250 3691 210 823
341 5224 233 867
226 3512 195 750
301 4322 224 795
275 4329 223 855
268 4344 256 815
231 3620 184 744
242 3370 185 737
201 3015 168 688
210 3103 166 721
237 3288 176 717
242 3961 170 785
224 3111 165 739
236 3199 181 736
295 4650 198 758
289 4651 235 811
276 4030 232 709
222 3434 181 678
276 4162 267 964
228 3580 193 738
254 4257 238 850
274 4174 255 920
278 4654 207 743
287 4008 241 818
243 3592 202 775
252 4026 202 825
332 5046 264 858
231 3259 165 781
220 3241 192 686
260 3840 197 796
284 4444 183 801
237 3883 193 768
263 3714 169 740
313 4901 239 884
200 3143 179 743
222 3533 163 729
251 3734 189 830
302 4837 231 874
242 3751 174 702
253 3615 223 775
337 5047 306 910
278 4232 221 768
266 3782 242 726
259 3590 189 751
223 3479 183 771
301 4800 240 858
285 4365 200 852
277 4056 210 830
332 5054 226 868
278 3991 194 850
273 4085 190 767
274 3963 208 756
279 4209 223 909
241 3299 218 693
253 3903 175 725
193 3012 182 731
247 3247 205 712
231 3544 184 753
