20871 420.056
155 2335 155 724
157 2377 155 715
171 2355 171 711
164 2276 159 713
156 2369 156 720
185 2284 174 711
190 2366 186 709
159 2336 159 713
161 2262 157 721
179 2259 158 720
158 2372 148 718
185 2631 179 709
157 2381 148 718
174 2319 171 711
183 2548 183 709
164 2334 155 715
161 2284 159 713
169 2273 158 717
158 2308 158 717
157 2302 157 721
199 2504 198 707
186 2472 183 709
186 2422 186 709
198 2535 198 707
190 2781 167 711
158 2443 147 721
158 2305 156 720
163 2295 155 724
160 2277 157 721
165 2405 147 721
160 2312 159 713
167 2391 147 725
157 2327 156 720
158 2300 157 721
159 2318 159 716
161 2279 160 720
160 2428 147 721
159 2355 155 719
165 2322 155 723
169 2323 157 719
156 2404 155 723
158 2314 155 724
161 2285 158 720
159 2307 155 728
163 2368 157 716
165 2306 158 717
160 2313 155 724
165 2349 154 731
156 2327 156 731
159 2246 156 725
159 2246 156 725
213 2823 213 705
213 2823 213 705
159 2394 155 715
172 2502 159 713
158 2312 158 717
158 2398 148 718
156 2377 156 720
157 2457 148 718
162 2307 156 720
157 2332 157 721
159 2385 155 719
157 2356 155 724
253 3496 172 743
207 3257 166 757
219 3183 176 744
249 3581 184 739
224 2833 168 735
190 2915 163 728
197 2934 170 732
208 3069 163 731
223 3008 184 752
188 2695 170 730
189 2807 170 743
195 3061 170 734
227 3086 174 740
209 3148 179 742
221 3036 212 754
218 3210 174 748
162 2524 158 727
188 2771 178 745
196 3038 174 741
190 2887 167 759
229 3384 185 762
191 2913 164 749
182 2868 170 739
210 3008 179 745
179 2568 156 736
227 3165 187 753
195 2796 170 730
188 2866 179 737
203 3015 167 746
185 2868 160 726
171 2621 170 746
174 2640 163 737
191 3008 160 728
202 2957 160 720
187 2693 169 751
182 2607 163 727
168 2436 164 726
190 2732 179 735
193 2696 169 748
196 3062 166 753
197 2857 170 743
182 2699 164 733
183 2680 163 737
190 2594 160 724
201 2726 170 740
206 3083 179 737
209 3109 173 757
187 2643 173 731
197 3065 170 759
170 2499 164 741
195 2908 179 760
182 2666 155 735
202 2662 155 730
193 2934 191 766
205 3127 163 737
196 2965 164 762
185 2700 160 736
186 2682 156 731
194 3017 170 732
190 2980 174 749
201 2938 160 720
186 2619 164 726
200 3076 170 743
196 2917 178 740
187 2790 164 739
189 2732 170 732
185 2658 155 724
185 2669 155 752
205 2904 187 727
171 2529 163 736
188 2758 170 733
204 2842 172 735
180 2690 179 738
185 2810 155 724
190 2822 163 737
175 2609 169 730
181 2661 179 733
190 2835 164 727
174 2711 155 739
188 2765 160 724
180 2709 170 737
193 2822 166 740
228 3453 176 744
180 2649 155 731
194 2822 172 747
205 3053 177 789
209 3072 155 745
202 2940 183 755
220 3348 173 756
191 2829 168 724
194 2870 170 737
163 2487 163 741
216 3029 171 766
170 2583 157 721
198 2944 160 724
208 3102 174 739
206 3096 163 731
205 2902 164 747
200 2878 170 738
178 2631 156 720
219 3060 155 748
248 3324 159 716
175 2516 155 724
187 2755 155 728
183 2790 157 721
228 2704 170 727
190 2812 160 724
204 3048 163 727
194 2717 164 737
168 2531 160 728
174 2540 156 720
181 2689 157 732
193 2848 178 745
211 2795 158 717
183 2733 155 719
193 2799 179 751
207 2677 170 725
176 2714 156 733
198 2907 178 739
197 2748 173 738
198 2708 183 732
235 3103 155 727
229 3081 226 746
198 2861 163 747
218 2881 174 745
235 3173 183 746
209 3037 164 730
189 2898 158 726
201 2552 163 731
187 2691 155 735
197 2902 164 748
195 2858 155 735
187 2570 175 741
215 3181 178 753
197 2758 179 738
198 2735 170 740
219 3344 164 748
204 2928 187 750
211 3000 179 746
183 2774 164 730
186 2733 168 759
181 2653 167 735
177 2654 163 737
182 2713 159 732
193 3127 157 743
203 2652 156 731
192 2801 192 755
227 3148 174 771
204 2978 170 731
203 2981 176 760
239 3442 161 734
183 2686 157 721
169 2562 157 732
238 3286 183 761
201 2798 169 737
196 2806 170 743
196 2777 163 747
238 3714 184 751
173 2485 156 720
232 3280 167 733
176 2656 160 724
197 2844 164 726
195 2899 156 729
203 2937 202 755
201 3013 170 732
208 3324 170 724
172 2609 172 738
182 2726 165 731
191 2780 170 734
218 3071 161 736
190 2712 165 736
176 2635 155 731
210 2833 164 730
217 3106 173 754
204 2961 160 729
195 2759 184 794
209 3126 184 760
213 2942 158 728
198 2673 169 730
232 3722 163 740
201 2879 161 738
184 2822 155 735
191 2811 149 728
181 2733 163 736
197 2872 162 759
217 3060 169 729
177 2701 163 741
213 2917 170 742
200 2994 165 722
173 2524 173 742
175 2496 157 721
194 2741 164 733
223 3305 186 769
200 2915 160 738
202 2785 166 726
186 2827 170 733
186 2887 183 761
219 2903 173 745
199 3010 178 735
194 2859 167 736
215 3211 169 739
207 2624 160 720
202 2623 160 720
190 2943 163 735
190 2809 164 745
191 2792 169 741
193 2937 178 732
206 3079 159 754
176 2688 164 751
196 2741 170 737
202 2912 170 737
194 2823 163 753
211 2675 160 720
187 2632 179 746
166 2600 155 724
173 2592 160 724
238 3000 163 747
207 2891 173 756
184 2759 179 734
185 2745 156 730
215 3014 179 756
225 2860 176 747
201 3033 164 738
201 3049 167 749
211 3160 187 732
195 2938 156 742
201 3126 173 746
192 2762 155 724
186 2661 164 731
204 2784 172 741
225 3116 192 742
214 3149 187 752
207 2757 168 739
187 2854 174 737
183 2788 170 725
202 3036 184 760
197 2769 172 733
