3437 60.0311
142 2158 142 693
144 2124 142 693
160 1988 156 667
216 2376 216 652
216 2376 216 652
204 2235 204 654
145 2109 143 690
146 2086 144 676
201 2320 201 654
186 2309 186 656
150 2086 150 670
201 2320 201 654
166 2029 164 662
179 2195 174 658
192 2140 192 656
192 2140 192 656
201 2320 201 654
204 2235 204 654
160 2044 157 662
189 2207 189 656
142 2158 142 693
144 2128 144 674
143 2143 143 690
160 2044 157 662
152 2123 152 668
152 2123 152 668
186 2309 186 656
147 2094 144 674
160 1988 156 667
150 2086 150 670
184 2081 184 658
159 2057 157 662
164 2036 164 662
192 2140 192 656
184 2081 184 658
156 1999 156 667
166 2029 164 662
144 2117 143 691
142 2158 142 693
177 2112 177 658
144 2128 144 674
155 2109 152 668
180 2110 180 658
184 2081 184 658
180 2110 180 658
180 2110 180 658
150 2086 150 670
167 2099 165 660
192 2140 192 656
192 2140 192 656
145 2120 144 674
146 2086 144 676
174 2206 174 658
172 2069 172 660
170 2096 168 660
156 2019 156 664
166 2004 164 665
170 2096 168 660
173 2059 172 660
174 2206 174 658
189 2207 189 656
170 2096 168 660
173 2059 172 660
204 2235 204 654
192 2140 192 656
204 2235 204 654
189 2207 189 656
167 2099 165 660
169 2073 169 660
177 2112 177 658
201 2320 201 654
147 2094 144 674
186 2309 186 656
180 2110 180 658
189 2207 189 656
173 2059 172 660
156 2019 156 664
142 2158 142 693
157 2073 157 662
166 2004 164 665
143 2108 143 693
169 2073 169 660
154 2116 152 668
166 2004 164 665
160 2016 156 664
150 2086 150 670
169 2073 169 660
176 2201 174 658
172 2069 172 660
174 2206 174 658
176 2201 174 658
176 2201 174 658
174 2206 174 658
166 2029 164 662
172 2069 172 660
144 2117 143 691
156 2019 156 664
152 2123 152 668
178 2197 174 658
144 2117 143 691
147 2094 144 674
146 2086 144 676
164 2036 164 662
159 2057 157 662
165 2114 165 660
147 2094 144 674
165 2114 165 660
166 2029 164 662
154 2116 152 668
146 2098 144 674
145 2120 144 674
166 2029 164 662
145 2109 143 690
164 2036 164 662
169 2073 169 660
178 2197 174 658
164 2036 164 662
172 2069 172 660
160 2044 157 662
177 2112 177 658
180 2110 180 658
156 2019 156 664
167 2099 165 660
146 2098 144 674
170 2096 168 660
167 2099 165 660
157 2073 157 662
156 1999 156 667
172 2069 172 660
176 2201 174 658
144 2128 144 674
145 2120 144 674
143 2143 143 690
145 2120 144 674
192 2140 192 656
156 2019 156 664
160 2016 156 664
146 2098 144 674
178 2197 174 658
177 2112 177 658
170 2096 168 660
144 2124 142 693
144 2117 143 691
143 2108 143 693
145 2109 143 690
167 2099 165 660
180 2110 180 658
184 2081 184 658
177 2112 177 658
146 2098 144 674
160 2016 156 664
192 2140 192 656
177 2112 177 658
169 2073 169 660
180 2110 180 658
154 2116 152 668
186 2309 186 656
157 2073 157 662
192 2140 192 656
164 2036 164 662
192 2140 192 656
144 2128 144 674
154 2116 152 668
189 2207 189 656
201 2320 201 654
156 1999 156 667
159 2057 157 662
166 2004 164 665
172 2069 172 660
144 2128 144 674
150 2086 150 670
201 2320 201 654
154 2116 152 668
166 2004 164 665
157 2073 157 662
216 2376 216 652
156 1999 156 667
186 2309 186 656
201 2320 201 654
166 2029 164 662
143 2108 143 693
144 2128 144 674
173 2059 172 660
180 2110 180 658
146 2086 144 676
147 2094 144 674
192 2140 192 656
180 2110 180 658
145 2120 144 674
204 2235 204 654
159 2057 157 662
184 2081 184 658
166 2029 164 662
216 2376 216 652
172 2069 172 660
201 2320 201 654
152 2123 152 668
174 2206 174 658
160 2044 157 662
174 2206 174 658
146 2098 144 674
144 2128 144 674
189 2207 189 656
216 2376 216 652
142 2158 142 693
152 2123 152 668
160 2044 157 662
170 2096 168 660
204 2235 204 654
177 2112 177 658
144 2128 144 674
174 2206 174 658
189 2207 189 656
144 2128 144 674
170 2096 168 660
145 2109 143 690
159 2057 157 662
142 2158 142 693
192 2140 192 656
192 2140 192 656
216 2376 216 652
192 2140 192 656
204 2235 204 654
204 2235 204 654
173 2059 172 660
169 2073 169 660
177 2112 177 658
180 2110 180 658
189 2207 189 656
177 2112 177 658
174 2206 174 658
177 2112 177 658
169 2073 169 660
145 2109 143 690
169 2073 169 660
154 2116 152 668
156 1999 156 667
180 2110 180 658
144 2128 144 674
174 2206 174 658
176 2201 174 658
159 2057 157 662
169 2073 169 660
156 2019 156 664
177 2112 177 658
216 2376 216 652
143 2108 143 693
180 2110 180 658
164 2036 164 662
166 2029 164 662
174 2206 174 658
192 2140 192 656
192 2140 192 656
165 2114 165 660
177 2112 177 658
169 2073 169 660
159 2057 157 662
160 2044 157 662
173 2059 172 660
172 2069 172 660
143 2108 143 693
144 2124 142 693
145 2120 144 674
192 2140 192 656
156 1999 156 667
176 2201 174 658
184 2081 184 658
146 2098 144 674
180 2110 180 658
143 2108 143 693
192 2140 192 656
154 2116 152 668
156 1999 156 667
174 2206 174 658
169 2073 169 660
180 2110 180 658
177 2112 177 658
180 2110 180 658
170 2096 168 660
166 2004 164 665
154 2116 152 668
201 2320 201 654
180 2110 180 658
204 2235 204 654
192 2140 192 656
173 2059 172 660
192 2140 192 656
192 2140 192 656
192 2140 192 656
170 2096 168 660
147 2094 144 674
180 2110 180 658
180 2110 180 658
145 2109 143 690
166 2029 164 662
170 2096 168 660
178 2197 174 658
147 2094 144 674
147 2094 144 674
204 2235 204 654
