38000 1080.21
231 3785 205 800
283 4132 227 776
232 3913 190 734
347 5666 282 901
247 3687 183 783
231 3836 182 744
251 3940 203 786
242 3696 192 756
267 3783 215 744
233 3179 169 686
300 5168 204 837
257 4289 203 795
280 4465 215 811
304 4241 206 834
177 2855 167 699
242 3627 188 700
248 3744 212 760
225 3679 178 750
221 3497 179 763
305 4757 295 932
248 3601 201 740
245 3838 229 751
267 4193 200 789
338 5495 299 991
282 4011 223 790
244 3776 197 730
267 3701 172 700
297 4548 196 804
245 3841 180 741
236 3715 220 774
305 5067 255 915
291 5005 279 839
278 4285 171 783
306 4436 227 811
228 3603 183 705
263 4279 241 802
229 3471 185 721
271 4383 210 879
240 3725 171 823
275 3921 230 798
276 4088 203 777
326 5462 265 841
275 4448 262 968
250 3708 232 792
263 4058 252 770
272 4548 240 783
355 5291 257 882
192 3065 175 739
249 3919 187 765
223 3344 203 804
313 4477 236 912
210 3062 189 698
245 4092 193 781
325 4744 291 901
228 3596 181 766
224 3283 209 734
312 4691 235 891
224 3327 179 751
260 3801 204 781
282 4420 203 783
241 3649 201 786
347 5321 309 907
191 2963 155 700
223 3312 198 781
328 5251 247 888
266 4089 227 809
275 4360 208 849
270 3942 182 737
233 3870 223 854
281 4457 218 838
298 4716 212 792
238 3508 180 763
302 4883 220 826
230 3420 180 723
283 4922 255 866
232 3456 178 717
190 2840 171 683
340 5363 255 901
196 2952 159 685
279 4372 217 895
219 3695 202 773
217 3216 176 697
296 4583 202 854
338 5262 236 941
284 4580 216 776
242 3575 184 751
329 4557 246 896
253 3897 209 747
222 3408 182 708
217 3514 189 772
331 4550 283 940
311 4716 229 881
264 4257 229 822
203 3164 169 709
264 4264 206 796
270 4414 206 812
199 3154 166 752
251 3952 177 826
235 3675 202 790
265 4289 227 881
343 5464 318 964
232 3664 155 719
232 3897 193 802
305 4170 207 777
235 3819 235 809
237 3523 213 809
195 3014 169 742
263 4545 212 822
344 5500 242 869
246 3935 167 687
263 4194 252 882
198 2862 165 704
326 4543 230 832
214 3271 188 763
246 3999 233 858
277 4223 209 907
244 3868 208 800
248 3754 214 816
220 3450 179 749
311 4891 258 798
222 3711 173 767
269 3798 175 779
260 4219 205 832
254 3664 181 763
281 4251 243 792
216 3274 178 697
283 4480 232 918
241 3497 195 752
202 3326 178 754
335 5286 280 868
245 3698 200 709
297 4682 232 829
346 5650 255 962
279 4020 248 865
272 4547 216 844
259 3948 205 800
189 2679 165 669
219 3530 175 770
197 3188 152 720
227 3901 167 784
293 4452 245 902
223 3506 193 778
292 4730 212 841
215 3454 167 729
263 4228 212 826
374 6391 283 928
211 3037 187 717
283 4562 231 845
314 4528 298 816
363 5916 280 880
267 4228 192 825
338 5472 262 901
255 4136 203 725
244 3747 195 760
213 3628 164 737
224 3540 207 723
288 4557 227 751
216 2964 164 671
288 4835 259 800
227 3756 193 806
282 4290 165 721
246 3939 194 790
333 4950 240 868
250 3994 190 818
197 3030 178 709
282 4201 207 745
235 3643 174 730
211 3018 163 708
290 4235 222 809
213 3357 172 722
304 4912 222 931
231 3742 177 731
196 2987 177 774
186 2763 172 695
274 4557 226 842
249 3833 174 742
221 3510 180 739
269 3975 189 759
235 3885 195 812
196 3030 181 725
215 3512 195 706
300 4655 226 831
287 4486 236 823
250 4050 224 814
387 5451 246 964
259 3847 238 835
274 4144 186 824
310 4721 231 933
298 4756 225 791
269 4174 210 828
256 4348 184 763
255 4186 207 782
293 4671 183 724
241 3958 188 807
255 4252 193 807
258 3723 187 813
306 5168 263 930
239 3822 225 801
241 4052 221 789
250 3835 186 779
283 4452 187 832
265 4349 245 850
219 3202 180 761
288 4694 264 827
286 4275 188 827
230 3598 222 779
277 4041 248 865
278 4609 230 886
304 5371 204 872
241 3716 207 820
269 4222 211 856
259 4114 205 841
250 3953 217 845
325 4766 227 861
301 4912 222 863
270 4459 176 780
237 3532 179 800
259 3757 205 755
311 4422 257 768
237 3680 197 702
294 4264 241 861
219 3631 168 713
269 4577 241 877
312 5175 218 957
248 3682 216 761
369 5907 241 798
338 5743 253 965
236 3700 184 762
238 3721 178 774
238 3702 188 783
298 4526 283 919
309 5091 259 819
245 3920 196 798
302 4520 205 836
284 4721 236 829
233 3565 199 768
272 4490 197 865
372 5915 238 858
326 4998 256 904
245 3766 219 825
195 2987 165 725
297 4700 191 814
260 4094 255 845
256 3850 173 768
194 3044 189 736
203 3280 194 698
259 4111 237 779
240 3737 197 805
284 4165 190 807
281 4473 189 819
235 3684 196 782
295 4501 241 861
304 4702 242 824
278 4733 236 852
301 4676 236 854
266 4001 234 893
192 3043 153 695
254 3798 245 814
284 4472 222 847
249 4478 201 792
289 4631 245 885
293 4745 190 769
235 4076 197 859
278 4141 161 733
240 3899 168 804
235 4123 221 800
233 3739 174 697
279 4481 213 846
302 4639 221 957
237 3649 194 776
280 4318 219 809
358 5661 294 955
196 2930 162 705
269 4404 229 894
227 3867 168 748
329 5169 179 752
180 2869 150 696
221 3467 203 815
323 4605 253 886
205 3236 205 778
325 5082 251 840
332 5425 238 872
278 4544 218 890
316 4936 253 898
235 3397 171 821
248 4042 212 742
345 5214 189 810
200 3154 157 727
195 2978 172 695
300 4659 219 906
328 5194 254 931
234 3872 187 755
270 4441 222 832
268 3973 217 756
207 3098 164 734
192 2980 177 702
313 5243 257 895
259 4050 246 868
215 3314 200 770
271 3807 173 762
