151651 660.038
161 2840 150 697
262 4482 144 706
238 3548 189 670
173 2678 173 721
237 3905 189 675
262 4482 144 706
178 2737 162 728
258 3797 162 674
237 4004 182 672
228 3486 160 678
173 2678 173 721
228 3486 160 678
236 3136 166 683
201 3057 150 687
176 2721 175 712
228 3486 160 678
191 3002 154 690
246 3801 182 671
178 2737 162 728
173 2678 173 721
161 2840 150 697
173 2678 173 721
218 3583 166 681
213 3311 170 676
193 2760 166 703
215 3009 188 680
205 3308 149 697
237 4004 182 672
188 3061 156 692
176 2721 175 712
208 3219 165 683
197 3031 179 683
186 2938 166 692
213 3311 170 676
213 3311 170 676
220 3556 149 690
173 2678 173 721
237 4004 182 672
161 2840 150 697
176 2721 175 712
174 2802 158 699
176 2721 175 712
194 3230 152 684
173 2678 173 721
227 3543 169 679
186 3224 147 704
197 3031 179 683
262 4482 144 706
183 2808 155 704
197 3216 151 690
178 2737 162 728
221 3517 156 680
227 3543 169 679
188 3061 156 692
186 2938 166 692
186 3224 147 704
174 2802 158 699
208 3219 165 683
189 2836 163 685
227 3543 169 679
205 3308 149 697
220 3556 149 690
258 3797 162 674
183 2732 183 711
236 3304 179 681
194 3230 152 684
184 2728 149 705
205 3308 149 697
183 2808 155 704
196 3189 150 692
189 2836 163 685
197 3216 151 690
228 3486 160 678
197 3031 179 683
174 2802 158 699
191 3002 154 690
186 2938 166 692
205 3308 149 697
173 2678 173 721
183 2808 155 704
205 3308 149 697
197 2948 155 684
218 3583 166 681
208 3219 165 683
215 3009 188 680
236 3136 166 683
184 2728 149 705
193 2760 166 703
215 3009 188 680
176 2721 175 712
197 3031 179 683
191 3002 154 690
174 2802 158 699
218 3583 166 681
228 3486 160 678
227 3543 169 679
218 3583 166 681
221 3517 156 680
213 3311 170 676
176 2721 175 712
189 2836 163 685
196 3189 150 692
215 3009 188 680
174 2802 158 699
176 2721 175 712
178 2737 162 728
186 3224 147 704
218 3583 166 681
215 3009 188 680
227 3543 169 679
227 3543 169 679
186 3224 147 704
237 4004 182 672
205 3308 149 697
189 2836 163 685
197 2948 155 684
236 3304 179 681
176 2721 175 712
237 4004 182 672
188 3061 156 692
221 3517 156 680
186 2938 166 692
196 3189 150 692
205 3308 149 697
227 3543 169 679
189 2836 163 685
218 3583 166 681
178 2737 162 728
236 3304 179 681
178 2737 162 728
238 3548 189 670
189 2836 163 685
227 3543 169 679
183 2808 155 704
213 3311 170 676
237 4004 182 672
218 3583 166 681
183 2808 155 704
178 2737 162 728
183 2808 155 704
238 3548 189 670
262 4482 144 706
186 3224 147 704
176 2721 175 712
208 3219 165 683
213 3311 170 676
193 2760 166 703
193 2760 166 703
213 3311 170 676
174 2802 158 699
205 3308 149 697
196 3189 150 692
236 3304 179 681
197 2948 155 684
194 3230 152 684
213 3311 170 676
237 4004 182 672
215 3009 188 680
262 4482 144 706
178 2737 162 728
178 2737 162 728
173 2678 173 721
197 2948 155 684
218 3583 166 681
178 2737 162 728
237 4004 182 672
236 3136 166 683
218 3583 166 681
196 3189 150 692
174 2802 158 699
176 2721 175 712
174 2802 158 699
178 2737 162 728
173 2678 173 721
208 3219 165 683
246 3801 182 671
173 2678 173 721
186 3224 147 704
213 3311 170 676
221 3517 156 680
205 3308 149 697
213 3311 170 676
184 2728 149 705
215 3009 188 680
258 3797 162 674
183 2732 183 711
196 3189 150 692
236 3136 166 683
196 3189 150 692
227 3543 169 679
178 2737 162 728
184 2728 149 705
218 3583 166 681
184 2728 149 705
197 2948 155 684
227 3543 169 679
173 2678 173 721
194 3230 152 684
189 2836 163 685
183 2808 155 704
221 3517 156 680
227 3543 169 679
186 3224 147 704
174 2802 158 699
227 3543 169 679
220 3556 149 690
258 3797 162 674
183 2732 183 711
236 3304 179 681
194 3230 152 684
184 2728 149 705
186 3224 147 704
197 3216 151 690
228 3486 160 678
205 3308 149 697
173 2678 173 721
205 3308 149 697
197 2948 155 684
215 3009 188 680
236 3136 166 683
184 2728 149 705
215 3009 188 680
191 3002 154 690
228 3486 160 678
173 2678 173 721
262 4482 144 706
238 3548 189 670
173 2678 173 721
237 3905 189 675
178 2737 162 728
258 3797 162 674
236 3136 166 683
201 3057 150 687
246 3801 182 671
178 2737 162 728
173 2678 173 721
161 2840 150 697
227 3543 169 679
213 3311 170 676
193 2760 166 703
215 3009 188 680
197 3031 179 683
186 2938 166 692
213 3311 170 676
237 4004 182 672
161 2840 150 697
174 2802 158 699
176 2721 175 712
194 3230 152 684
173 2678 173 721
174 2802 158 699
161 2840 150 697
196 3189 150 692
197 2948 155 684
194 3230 152 684
237 4004 182 672
178 2737 162 728
173 2678 173 721
197 2948 155 684
237 4004 182 672
218 3583 166 681
196 3189 150 692
176 2721 175 712
213 3311 170 676
173 2678 173 721
186 3224 147 704
213 3311 170 676
221 3517 156 680
205 3308 149 697
213 3311 170 676
184 2728 149 705
183 2732 183 711
196 3189 150 692
236 3136 166 683
227 3543 169 679
218 3583 166 681
236 3304 179 681
176 2721 175 712
189 2836 163 685
196 3189 150 692
174 2802 158 699
197 2948 155 684
236 3304 179 681
176 2721 175 712
237 4004 182 672
188 3061 156 692
221 3517 156 680
196 3189 150 692
205 3308 149 697
189 2836 163 685
178 2737 162 728
238 3548 189 670
189 2836 163 685
213 3311 170 676
237 4004 182 672
183 2808 155 704
183 2808 155 704
186 3224 147 704
208 3219 165 683
193 2760 166 703
