11 0.333351
306 4744 242 972
325 5394 257 928
318 5197 273 996
269 4615 232 971
302 4735 226 989
354 5611 318 1023
344 5550 297 966
410 6147 250 1051
346 5316 305 1021
363 6055 285 977
342 5070 257 964
277 4507 219 953
324 4941 255 976
330 5100 264 993
343 5256 291 1004
296 4576 269 1001
362 5886 296 1040
291 4813 273 979
333 5035 260 970
322 5224 235 940
327 5289 290 1004
350 5773 241 990
346 6060 289 1016
407 6535 298 1040
317 5363 228 953
297 4777 274 1014
318 5369 253 926
344 5888 309 960
341 5486 269 1020
285 4586 237 965
318 5071 234 949
320 5123 256 987
368 6184 247 1017
326 5115 233 895
345 5547 278 1029
304 5241 286 948
331 5337 223 990
356 5924 285 1022
354 5947 238 943
309 5291 296 974
392 6597 269 1060
307 4760 250 968
347 5305 304 989
325 5292 252 934
324 5243 246 955
318 4896 268 1008
317 4932 265 929
339 5808 274 977
373 6400 294 959
341 5222 271 932
319 5082 249 1009
314 5121 291 992
359 5491 296 928
297 4756 229 966
346 5528 321 994
340 5658 260 1004
299 5121 254 1016
285 4615 222 974
329 5773 295 1011
305 4788 222 975
309 4867 230 1005
363 6177 281 991
341 4994 299 993
293 4880 272 903
383 6446 270 964
323 5115 255 993
290 4712 221 974
359 5090 233 1011
307 4907 245 934
380 6009 248 992
366 5732 229 949
361 5991 311 1051
301 4971 253 938
330 5637 240 983
291 4826 222 952
336 5078 313 981
314 5305 269 1014
371 5980 270 992
392 6244 275 986
370 5859 268 967
380 5891 236 991
350 5844 272 948
304 4766 247 931
281 4847 250 922
421 6629 235 985
291 4843 245 930
362 5811 272 1030
354 5890 262 1034
291 4778 287 953
332 5437 283 953
279 4480 243 943
311 5175 259 986
318 4651 255 943
337 5185 270 990
341 5368 292 966
286 4638 243 956
417 6514 268 947
337 5376 259 986
289 4213 249 982
320 5563 267 996
323 5082 235 1008
333 5350 241 948
314 5116 230 951
322 4910 266 953
278 4327 261 1012
365 5371 275 1027
290 4569 288 937
304 4567 279 969
350 5734 276 974
340 5810 276 973
384 6117 270 966
386 6225 277 1041
376 5394 259 957
329 5427 242 976
338 5319 294 956
381 6196 297 977
289 4618 276 936
385 6086 295 1039
320 5444 212 945
333 4961 281 1029
302 5134 235 990
311 5268 285 938
372 6067 309 1038
365 5707 289 1039
342 5126 252 1024
387 6713 258 1044
407 6336 340 929
336 4965 296 968
392 6229 270 1027
318 5317 270 1000
370 6172 241 1003
300 5227 283 958
389 6141 246 1023
317 5182 236 1009
335 5419 269 958
320 5387 274 992
323 4800 291 1006
297 5076 278 1013
365 5749 302 1005
396 6052 296 1006
363 5454 297 981
269 4174 250 1007
400 6049 245 1006
357 5902 310 1035
299 5056 246 901
410 6985 314 1060
313 4467 246 987
360 5571 226 905
332 5240 255 961
405 6419 318 1036
284 4568 250 988
289 4745 261 974
341 5122 264 1058
258 3995 208 942
345 5576 278 967
348 5558 244 1000
334 5000 275 1019
360 5790 297 1018
343 5218 322 1067
341 5851 289 1047
345 5496 276 968
322 5440 244 1021
292 4610 256 952
311 4960 271 1002
351 5767 270 997
262 4470 234 960
317 5092 246 949
325 5296 283 989
354 5397 283 990
398 5812 291 993
360 5831 258 927
288 4409 258 958
315 4966 231 926
365 5543 251 1004
307 4989 261 987
323 4942 270 1003
336 5140 274 917
322 5338 291 929
299 4848 290 960
391 6083 269 973
352 5595 271 1095
315 5348 243 902
339 5563 228 1012
302 4657 210 962
295 4389 295 960
362 4897 266 936
361 5465 242 1005
297 5163 269 934
303 4832 267 995
397 6464 279 1036
421 7024 293 965
293 4636 242 1017
315 4829 271 957
380 5899 292 995
354 6118 317 1033
376 5973 273 1031
297 4889 249 936
343 5388 271 982
315 4962 269 971
341 5752 326 1007
346 5221 231 1023
349 5684 239 996
316 5208 290 975
381 6204 271 1057
331 5271 275 1024
315 5026 248 926
333 5215 239 944
304 4920 272 928
298 4910 243 992
351 5600 268 1006
295 4703 261 999
332 5659 248 1015
318 4930 262 1003
379 5831 273 988
300 4967 280 928
284 4410 250 951
356 5857 295 970
361 5915 245 989
329 5282 232 924
354 4862 236 959
298 4963 287 928
357 5611 241 924
346 5767 346 1013
327 4994 263 958
327 5174 248 1021
316 4909 230 964
432 7143 295 970
312 5101 237 989
352 5733 269 967
316 5089 282 1020
378 5767 272 977
369 6212 291 944
334 5407 259 979
332 5225 264 949
310 4455 255 940
284 4537 269 1034
308 4695 220 977
302 4603 240 1001
330 5053 298 1033
396 6359 264 992
313 5448 262 941
346 5507 264 1056
402 6293 253 1033
291 4470 242 975
296 4887 274 1037
324 5409 299 1087
300 4897 234 1000
410 7152 314 1091
318 5055 250 965
332 5221 291 1018
305 5121 254 1015
364 5887 246 935
331 5068 275 956
273 4105 239 957
293 4863 249 937
313 5177 237 935
294 4882 246 962
369 6518 295 1080
315 5217 271 914
315 4950 238 1033
334 5062 240 990
353 5255 242 994
344 5633 246 1005
297 4944 282 991
315 5172 226 1001
388 6279 263 1006
354 5555 243 943
295 4607 244 959
367 5832 310 998
305 4630 239 1045
390 5850 274 941
325 5306 271 1038
368 6195 290 1004
401 6592 272 985
331 5875 277 944
318 5113 295 1059
333 5645 268 981
319 5353 260 1050
400 6213 278 999
383 6008 262 956
336 5405 318 989
348 5557 254 952
375 6179 271 963
303 4637 239 939
387 5925 233 1049
392 6421 320 1006
356 5443 254 1020
327 5276 305 1016
336 5579 320 981
312 5070 237 968
337 5127 218 1026
343 4764 272 957
348 5479 264 1039
343 5123 317 1021
308 5004 272 1084
373 6218 264 1011
287 4625 238 964
336 5639 280 994
370 6199 248 992
337 4837 269 988
