27510 2892.26
218 2272 217 649
217 2284 217 649
217 2284 217 649
180 2057 157 675
179 2102 150 685
179 2102 150 685
176 2063 175 668
208 2178 205 651
205 2186 205 651
203 2250 202 651
194 2172 150 678
200 2132 200 654
190 2163 190 653
185 2092 185 656
181 2116 161 660
176 2064 156 678
208 2147 193 653
197 2278 150 674
181 2069 157 669
179 2093 163 663
205 2186 205 651
185 2129 156 671
188 2083 185 656
187 2130 178 655
202 2260 202 651
203 2102 200 654
180 2057 157 675
203 2250 202 651
177 2077 169 667
182 2090 173 658
178 2144 152 675
192 2169 152 668
206 2253 187 653
187 2124 166 657
180 2116 156 674
180 2065 177 665
187 2134 162 659
180 2121 165 660
218 2272 217 649
202 2260 202 651
202 2114 200 654
186 2134 166 657
197 2159 175 655
192 2169 152 668
190 2163 190 653
182 2139 156 671
179 2087 163 666
180 2075 171 661
195 2280 175 655
180 2063 169 667
179 2098 171 661
184 2145 156 665
176 2069 163 670
203 2155 193 653
208 2147 193 653
186 2152 162 659
197 2159 175 655
184 2145 156 665
181 2097 173 658
181 2065 177 658
192 2254 150 678
182 2139 156 671
180 2074 157 662
194 2156 190 653
186 2158 178 655
206 2253 187 653
179 2087 163 666
177 2077 169 667
201 2123 200 654
200 2132 200 654
195 2280 175 655
176 2080 157 668
181 2065 177 658
180 2074 157 662
201 2123 200 654
194 2156 190 653
193 2157 190 653
193 2157 190 653
188 2083 185 656
187 2124 166 657
186 2158 178 655
178 2144 152 675
181 2082 165 660
176 2080 157 668
176 2069 163 670
208 2178 205 651
197 2278 150 674
206 2149 193 653
203 2102 200 654
180 2149 156 665
185 2129 156 671
179 2098 171 661
206 2149 193 653
194 2172 150 678
186 2152 162 659
202 2114 200 654
180 2149 156 665
203 2155 193 653
192 2254 150 678
187 2130 178 655
185 2092 185 656
180 2075 171 661
176 2064 156 678
218 2272 217 649
218 2272 217 649
218 2272 217 649
218 2272 217 649
218 2272 217 649
218 2272 217 649
218 2272 217 649
218 2272 217 649
218 2272 217 649
218 2272 217 649
218 2272 217 649
218 2272 217 649
218 2272 217 649
218 2272 217 649
218 2272 217 649
218 2272 217 649
218 2272 217 649
218 2272 217 649
218 2272 217 649
218 2272 217 649
218 2272 217 649
218 2272 217 649
218 2272 217 649
218 2272 217 649
218 2272 217 649
218 2272 217 649
218 2272 217 649
218 2272 217 649
218 2272 217 649
218 2272 217 649
218 2272 217 649
218 2272 217 649
218 2272 217 649
218 2272 217 649
218 2272 217 649
218 2272 217 649
218 2272 217 649
218 2272 217 649
218 2272 217 649
218 2272 217 649
218 2272 217 649
218 2272 217 649
218 2272 217 649
218 2272 217 649
218 2272 217 649
218 2272 217 649
218 2272 217 649
218 2272 217 649
218 2272 217 649
218 2272 217 649
218 2272 217 649
218 2272 217 649
218 2272 217 649
218 2272 217 649
218 2272 217 649
218 2272 217 649
218 2272 217 649
218 2272 217 649
218 2272 217 649
218 2272 217 649
218 2272 217 649
218 2272 217 649
218 2272 217 649
218 2272 217 649
218 2272 217 649
218 2272 217 649
218 2272 217 649
218 2272 217 649
218 2272 217 649
218 2272 217 649
218 2272 217 649
218 2272 217 649
218 2272 217 649
218 2272 217 649
203 2250 202 651
185 2092 185 656
227 2500 175 658
218 2275 217 649
217 2295 217 649
208 2578 170 660
197 2231 162 661
186 2141 170 667
186 2117 185 656
209 2183 205 651
202 2280 202 651
203 2174 193 653
192 2138 177 658
194 2186 190 653
189 2160 178 655
194 2153 178 655
205 2187 205 651
204 2277 202 651
218 2276 217 649
217 2300 217 649
211 2256 173 663
204 2329 202 651
189 2119 185 656
186 2182 185 656
199 2197 190 653
193 2189 178 655
210 2170 178 655
212 2313 202 651
208 2200 205 651
209 2176 193 653
209 2189 205 651
218 2280 217 649
217 2303 217 649
208 2283 178 658
205 2352 202 651
204 2155 185 676
192 2157 188 656
195 2293 183 665
202 2206 193 653
217 2218 179 658
208 2198 181 655
212 2298 212 652
207 2257 190 653
216 2282 205 651
202 2269 190 653
214 2296 212 652
215 2292 215 652
216 2259 215 652
220 2283 205 651
218 2285 217 649
217 2304 217 649
212 2300 180 661
212 2210 185 662
209 2183 203 657
207 2439 190 653
202 2323 194 653
216 2270 215 652
209 2377 202 651
206 2188 192 656
219 2226 181 655
214 2213 193 653
213 2226 197 653
205 2304 194 653
209 2279 182 655
209 2341 190 653
211 2272 193 653
222 2307 182 655
221 2289 217 649
217 2319 217 649
212 2448 202 651
207 2193 192 656
202 2360 195 660
210 2392 209 652
206 2295 192 656
218 2294 183 658
218 2275 217 652
209 2294 185 655
207 2376 201 654
217 2277 203 654
214 2287 205 654
208 2354 201 654
218 2288 197 653
222 2287 205 651
220 2292 193 653
220 2288 205 651
219 2294 217 649
219 2294 217 649
224 2487 193 653
223 2297 185 655
220 2294 217 649
209 2200 193 656
218 2428 212 652
222 2288 205 651
214 2292 205 654
221 2342 212 652
220 2338 200 654
251 2773 194 653
234 2452 185 655
222 2299 217 649
209 2204 193 656
222 2299 205 651
221 2329 217 652
230 2416 205 651
226 2455 215 655
225 2392 224 650
224 2394 217 649
214 2288 193 656
212 2382 201 660
209 2209 203 660
210 2242 209 658
234 2630 209 651
230 2516 224 650
229 2474 195 659
217 2394 202 671
211 2209 205 667
214 2326 212 664
234 2618 215 655
218 2293 202 657
218 2288 217 660
216 2291 214 661
217 2428 204 657
221 2309 203 657
222 2482 210 664
