56438 300.027
259 3851 155 681
174 2770 166 722
177 3047 148 714
259 3851 155 681
174 2846 160 745
210 3214 196 682
177 3047 148 714
220 3431 168 685
174 2846 160 745
194 2975 154 722
206 3483 150 700
214 3250 187 685
214 3369 182 676
210 3214 196 682
220 3431 168 685
210 3214 196 682
174 2922 159 722
214 3369 182 676
184 2822 177 706
204 3171 185 693
250 4040 187 673
194 2968 174 707
201 3296 178 692
192 3377 157 698
209 3216 163 687
210 3214 196 682
220 3431 168 685
214 3250 187 685
200 3324 151 686
174 2922 159 722
206 3483 150 700
206 3210 167 691
215 2958 173 701
206 3210 167 691
187 3074 171 696
181 3088 165 702
183 3141 158 702
207 3138 152 691
193 2773 173 711
202 3308 173 695
200 3324 151 686
250 4040 187 673
199 3043 150 716
194 3117 162 710
184 2822 177 706
184 2822 177 706
210 3214 196 682
203 3246 162 689
177 3047 148 714
183 3141 158 702
203 3246 162 689
204 3171 185 693
215 3056 172 693
194 2975 154 722
210 3214 196 682
204 3171 185 693
176 3002 170 712
192 3377 157 698
179 2840 156 713
198 3000 177 694
193 3040 163 709
201 3296 178 692
195 2999 159 698
215 3056 172 693
190 3221 154 711
209 3216 163 687
198 3000 177 694
207 3097 160 697
187 3074 171 696
190 3221 154 711
208 3029 155 713
183 3141 158 702
203 3246 162 689
176 3002 170 712
195 2999 159 698
201 3296 178 692
199 3043 150 716
207 3138 152 691
203 3246 162 689
215 2958 173 701
192 3377 157 698
206 3483 150 700
201 3296 178 692
192 3377 157 698
176 3002 170 712
198 3000 177 694
177 3047 148 714
183 3141 158 702
210 3214 196 682
174 2922 159 722
174 2770 166 722
183 3141 158 702
189 3015 178 698
202 3308 173 695
194 2968 174 707
183 3141 158 702
179 2840 156 713
174 2770 166 722
207 3097 160 697
194 2975 154 722
207 3097 160 697
177 3047 148 714
194 3117 162 710
194 3117 162 710
190 3221 154 711
188 3019 166 712
183 3141 158 702
193 2773 173 711
201 3296 178 692
202 3308 173 695
176 3002 170 712
193 2773 173 711
215 2958 173 701
188 3019 166 712
193 3040 163 709
183 3141 158 702
208 3029 155 713
194 2968 174 707
201 3296 178 692
192 3377 157 698
194 2968 174 707
214 3250 187 685
199 3043 150 716
184 2822 177 706
198 3000 177 694
184 2822 177 706
188 3019 166 712
210 3214 196 682
193 2773 173 711
194 2975 154 722
199 3043 150 716
207 3097 160 697
204 3171 185 693
176 3002 170 712
176 3002 170 712
188 3019 166 712
188 3019 166 712
194 2975 154 722
207 3097 160 697
188 3019 166 712
199 3043 150 716
202 3308 173 695
220 3431 168 685
199 3043 150 716
220 3431 168 685
250 4040 187 673
220 3431 168 685
206 3483 150 700
210 3214 196 682
199 3043 150 716
188 3019 166 712
199 3043 150 716
194 2968 174 707
210 3214 196 682
206 3483 150 700
204 3171 185 693
179 2840 156 713
250 4040 187 673
207 3097 160 697
187 3074 171 696
207 3097 160 697
206 3210 167 691
174 2770 166 722
206 3483 150 700
174 2922 159 722
210 3214 196 682
259 3851 155 681
174 2922 159 722
194 3117 162 710
192 3377 157 698
176 3002 170 712
214 3250 187 685
184 2822 177 706
193 3040 163 709
220 3431 168 685
174 2922 159 722
176 3002 170 712
193 3040 163 709
194 2975 154 722
194 3117 162 710
194 2975 154 722
194 2975 154 722
250 4040 187 673
220 3431 168 685
214 3369 182 676
183 3141 158 702
201 3296 178 692
194 3117 162 710
174 2922 159 722
194 3117 162 710
214 3250 187 685
204 3171 185 693
210 3214 196 682
174 2922 159 722
192 3377 157 698
174 2846 160 745
207 3097 160 697
177 3047 148 714
195 2999 159 698
206 3483 150 700
214 3369 182 676
184 2822 177 706
179 2840 156 713
215 2958 173 701
204 3171 185 693
250 4040 187 673
174 2846 160 745
198 3000 177 694
176 3002 170 712
201 3296 178 692
215 2958 173 701
188 3019 166 712
193 3040 163 709
183 3141 158 702
208 3029 155 713
194 2968 174 707
176 3002 170 712
214 3250 187 685
184 2822 177 706
201 3296 178 692
210 3214 196 682
193 2773 173 711
210 3214 196 682
204 3171 185 693
176 3002 170 712
176 3002 170 712
188 3019 166 712
215 3056 172 693
207 3097 160 697
188 3019 166 712
220 3431 168 685
202 3308 173 695
195 2999 159 698
203 3246 162 689
206 3483 150 700
192 3377 157 698
176 3002 170 712
203 3246 162 689
183 3141 158 702
210 3214 196 682
174 2922 159 722
174 2770 166 722
208 3029 155 713
199 3043 150 716
179 2840 156 713
174 2770 166 722
190 3221 154 711
194 2975 154 722
207 3097 160 697
177 3047 148 714
187 3074 171 696
190 3221 154 711
183 3141 158 702
215 3056 172 693
210 3214 196 682
194 2975 154 722
194 2975 154 722
220 3431 168 685
214 3369 182 676
183 3141 158 702
201 3296 178 692
200 3324 151 686
201 3296 178 692
194 3117 162 710
214 3250 187 685
204 3171 185 693
194 2975 154 722
202 3308 173 695
192 3377 157 698
207 3097 160 697
177 3047 148 714
195 2999 159 698
214 3369 182 676
184 2822 177 706
215 2958 173 701
204 3171 185 693
183 3141 158 702
181 3088 165 702
206 3210 167 691
204 3171 185 693
177 3047 148 714
199 3043 150 716
203 3246 162 689
199 3043 150 716
194 2968 174 707
206 3483 150 700
179 2840 156 713
250 4040 187 673
207 3097 160 697
187 3074 171 696
198 3000 177 694
174 2770 166 722
174 2922 159 722
259 3851 155 681
174 2922 159 722
184 2822 177 706
192 3377 157 698
176 3002 170 712
214 3250 187 685
193 3040 163 709
