6997 21.8412
187 3034 180 787
201 3142 172 820
264 3936 204 721
187 3034 180 787
287 4504 161 749
287 4504 161 749
187 3034 180 787
260 3958 166 741
191 3158 189 786
243 3712 174 732
204 3266 167 746
209 3008 180 797
264 3936 204 721
207 3382 187 731
196 3182 178 806
253 3568 170 735
220 3664 176 725
205 3412 165 776
237 3919 174 739
230 3525 165 759
243 3712 174 732
220 3664 176 725
222 3567 163 750
220 3257 173 765
202 3026 175 790
207 3232 172 771
200 3235 175 783
211 3255 171 799
237 3919 174 739
230 3525 165 759
222 3582 177 743
207 3382 187 731
191 3158 189 786
235 2974 178 752
209 3008 180 797
196 3182 178 806
213 3212 171 785
253 3568 170 735
220 3257 173 765
243 3712 174 732
207 3382 187 731
201 3142 172 820
203 3428 175 762
230 3525 165 759
210 3215 173 789
207 3382 187 731
204 3266 167 746
222 3567 163 750
220 3257 173 765
198 3058 180 741
222 3582 177 743
253 3568 170 735
203 3428 175 762
222 3582 177 743
230 3525 165 759
205 3412 165 776
207 3232 172 771
222 3582 177 743
243 3712 174 732
191 3158 189 786
209 3008 180 797
191 3158 189 786
235 2974 178 752
200 3235 175 783
211 3255 171 799
237 3919 174 739
264 3936 204 721
260 3958 166 741
264 3936 204 721
211 3255 171 799
202 3026 175 790
243 3712 174 732
260 3958 166 741
220 3257 173 765
287 4504 161 749
203 3428 175 762
196 3182 178 806
260 3958 166 741
237 3919 174 739
207 3382 187 731
203 3428 175 762
237 3919 174 739
220 3257 173 765
204 3266 167 746
205 3412 165 776
198 3058 180 741
213 3212 171 785
209 3008 180 797
198 3058 180 741
237 3919 174 739
200 3235 175 783
198 3058 180 741
207 3382 187 731
207 3382 187 731
220 3257 173 765
213 3212 171 785
196 3182 178 806
222 3582 177 743
220 3257 173 765
196 3182 178 806
208 3150 175 783
208 3150 175 783
260 3958 166 741
213 3212 171 785
237 3919 174 739
207 3232 172 771
203 3428 175 762
191 3158 189 786
243 3712 174 732
205 3412 165 776
207 3382 187 731
200 3235 175 783
209 3008 180 797
204 3266 167 746
203 3428 175 762
211 3255 171 799
253 3568 170 735
200 3235 175 783
207 3382 187 731
207 3382 187 731
196 3182 178 806
253 3568 170 735
264 3936 204 721
230 3525 165 759
237 3919 174 739
200 3235 175 783
200 3235 175 783
235 2974 178 752
210 3215 173 789
222 3582 177 743
205 3412 165 776
191 3158 189 786
209 3008 180 797
209 3008 180 797
213 3212 171 785
205 3412 165 776
220 3664 176 725
209 3008 180 797
196 3182 178 806
191 3158 189 786
253 3568 170 735
191 3158 189 786
211 3255 171 799
287 4504 161 749
202 3026 175 790
220 3257 173 765
207 3382 187 731
260 3958 166 741
196 3182 178 806
207 3382 187 731
220 3664 176 725
222 3567 163 750
243 3712 174 732
196 3182 178 806
209 3008 180 797
220 3664 176 725
207 3382 187 731
243 3712 174 732
237 3919 174 739
196 3182 178 806
202 3026 175 790
253 3568 170 735
211 3255 171 799
264 3936 204 721
222 3582 177 743
243 3712 174 732
207 3382 187 731
243 3712 174 732
202 3026 175 790
230 3525 165 759
207 3382 187 731
203 3428 175 762
202 3026 175 790
253 3568 170 735
191 3158 189 786
196 3182 178 806
264 3936 204 721
209 3008 180 797
260 3958 166 741
211 3255 171 799
198 3058 180 741
207 3382 187 731
207 3382 187 731
220 3257 173 765
196 3182 178 806
243 3712 174 732
187 3034 180 787
222 3567 163 750
230 3525 165 759
220 3257 173 765
203 3428 175 762
196 3182 178 806
243 3712 174 732
222 3582 177 743
243 3712 174 732
211 3255 171 799
220 3664 176 725
201 3142 172 820
196 3182 178 806
264 3936 204 721
207 3382 187 731
209 3008 180 797
209 3008 180 797
200 3235 175 783
207 3232 172 771
209 3008 180 797
202 3026 175 790
203 3428 175 762
200 3235 175 783
201 3142 172 820
205 3412 165 776
220 3664 176 725
207 3232 172 771
191 3158 189 786
253 3568 170 735
191 3158 189 786
211 3255 171 799
287 4504 161 749
202 3026 175 790
213 3212 171 785
260 3958 166 741
196 3182 178 806
207 3382 187 731
203 3428 175 762
222 3567 163 750
243 3712 174 732
196 3182 178 806
209 3008 180 797
235 2974 178 752
207 3382 187 731
243 3712 174 732
191 3158 189 786
196 3182 178 806
208 3150 175 783
200 3235 175 783
253 3568 170 735
213 3212 171 785
207 3382 187 731
207 3382 187 731
207 3382 187 731
205 3412 165 776
264 3936 204 721
230 3525 165 759
237 3919 174 739
200 3235 175 783
211 3255 171 799
235 2974 178 752
243 3712 174 732
222 3582 177 743
205 3412 165 776
191 3158 189 786
209 3008 180 797
209 3008 180 797
191 3158 189 786
205 3412 165 776
220 3664 176 725
207 3382 187 731
187 3034 180 787
222 3567 163 750
207 3382 187 731
237 3919 174 739
203 3428 175 762
196 3182 178 806
243 3712 174 732
200 3235 175 783
211 3255 171 799
198 3058 180 741
211 3255 171 799
243 3712 174 732
201 3142 172 820
207 3382 187 731
204 3266 167 746
203 3428 175 762
237 3919 174 739
207 3232 172 771
207 3232 172 771
203 3428 175 762
204 3266 167 746
201 3142 172 820
253 3568 170 735
264 3936 204 721
222 3582 177 743
243 3712 174 732
207 3382 187 731
222 3582 177 743
202 3026 175 790
230 3525 165 759
207 3382 187 731
208 3150 175 783
202 3026 175 790
230 3525 165 759
222 3582 177 743
230 3525 165 759
264 3936 204 721
209 3008 180 797
196 3182 178 806
211 3255 171 799
198 3058 180 741
213 3212 171 785
220 3257 173 765
