149101 2880.55
156 2410 156 697
146 2460 146 700
161 2315 146 700
182 2566 173 690
158 2540 158 695
175 2436 173 693
158 2358 156 697
174 2777 173 690
165 2323 161 698
152 2330 146 700
169 2346 156 697
171 2711 161 692
148 2404 146 700
170 2655 170 693
172 2623 161 692
178 2597 161 692
164 2411 161 695
183 2372 161 695
170 2399 161 695
179 2379 161 695
147 2440 146 700
168 2417 158 695
174 2610 161 692
151 2383 146 700
162 2452 158 695
171 2547 171 694
172 2530 171 694
160 2516 158 695
181 2724 173 690
156 2328 146 700
193 2577 161 692
150 2397 146 700
173 2547 173 693
163 2436 161 695
179 2575 171 692
164 2432 158 695
181 2568 171 692
160 2326 146 700
176 2397 161 695
174 2541 173 693
148 2384 145 704
192 2754 185 688
147 2487 145 704
195 2989 145 703
157 2372 145 704
161 2483 158 695
161 2483 158 695
157 2372 145 704
158 2366 156 697
163 2324 146 700
150 2398 146 700
152 2348 146 700
155 2335 146 700
146 2488 146 700
156 2425 156 697
163 2439 161 695
164 2450 158 695
169 2490 145 704
168 2447 158 695
159 2443 145 707
175 2441 173 693
186 2434 161 695
161 2505 161 695
234 3680 188 762
224 3111 199 749
321 5187 217 796
287 4048 226 845
264 4031 195 796
232 3518 192 752
234 3449 188 797
236 3665 177 744
218 3566 184 803
277 3699 189 791
253 3453 187 810
278 3699 183 806
335 5183 213 831
227 3428 173 814
227 3565 194 762
270 3942 196 798
252 3732 222 772
254 3767 196 759
272 4042 203 818
228 3415 174 769
250 3692 179 783
239 3497 202 826
265 4027 178 789
270 4392 198 799
279 3968 207 787
218 3486 181 799
253 4071 229 772
233 3478 196 768
228 3396 173 775
296 4108 204 797
268 4310 212 816
230 3403 180 818
265 3976 198 789
278 4267 188 742
266 3917 219 795
234 3221 207 819
258 3499 188 800
237 3869 183 780
262 4075 184 762
265 4068 194 741
238 3566 184 770
236 3451 193 761
267 4088 194 786
230 3404 184 788
245 3961 227 807
281 3938 207 812
241 3498 201 768
243 3515 190 769
251 3828 201 797
251 3784 199 790
259 3991 191 771
306 4178 192 768
260 3963 177 805
279 4508 193 804
275 4528 243 844
221 3683 194 763
298 4737 239 799
226 3510 174 818
273 3799 218 786
238 3479 193 766
278 4343 237 808
281 4526 178 771
220 3498 183 757
272 3949 202 790
253 3741 186 810
260 3753 186 819
238 3637 192 809
256 3926 190 807
285 4394 261 818
242 3816 177 826
274 4260 216 845
234 3746 201 783
236 3906 212 764
278 4465 211 803
237 3634 193 781
234 3491 188 784
326 4740 207 839
257 3742 178 783
263 3780 202 846
266 3767 203 840
200 3341 186 759
214 3565 207 818
240 3592 191 849
270 3990 170 798
258 3999 183 759
243 3892 189 820
261 3791 189 816
297 4571 194 825
245 3679 206 781
231 3800 203 784
268 3921 214 814
238 3549 215 802
237 3610 217 787
267 4004 207 778
266 4157 207 758
234 3608 179 739
256 4040 213 813
238 3796 176 744
242 3544 201 824
233 3382 186 726
246 3570 202 816
260 4033 237 789
257 3975 242 816
251 3828 187 803
213 3007 173 772
257 4024 214 820
264 4036 237 784
221 3429 202 759
265 3957 193 757
283 4252 202 835
268 4482 245 795
238 3567 190 741
255 3739 188 778
222 3351 167 767
266 4139 208 776
213 3505 192 816
256 3785 200 774
305 4328 242 874
244 3725 213 767
257 3808 169 754
238 3791 194 808
222 3184 208 752
278 3839 198 774
273 4162 199 805
242 3746 198 770
239 3581 174 768
255 3679 193 811
244 4018 217 764
266 4010 203 800
274 4127 180 787
256 3899 192 753
254 3541 183 758
250 3760 213 800
255 4109 170 792
281 4232 184 823
240 3587 170 782
244 3645 189 776
257 3436 190 766
285 4153 204 809
251 3512 195 787
242 3801 199 756
262 3626 193 798
195 3015 156 723
271 3688 183 761
257 4040 226 841
252 3558 198 782
306 4539 194 780
270 4238 219 840
298 3733 184 751
226 3361 181 770
278 3885 209 795
253 3624 222 777
284 4049 196 768
274 4127 195 820
263 4014 190 787
271 3828 196 822
247 3706 160 747
235 3518 181 820
286 4308 184 785
242 3603 208 772
285 3994 196 769
281 4324 182 825
250 4139 184 808
240 3494 233 808
267 3589 179 751
282 4209 257 818
269 4077 212 812
260 3824 207 782
237 3883 201 819
226 3568 193 806
230 3471 216 737
257 4019 189 771
248 3807 208 769
276 4060 205 812
228 3653 159 739
258 4011 217 775
279 4299 195 783
258 3707 209 782
243 3656 204 766
257 3821 182 793
269 4008 198 805
281 4196 179 809
283 4231 179 803
254 3780 194 793
231 3417 171 768
290 3990 203 788
276 4300 198 788
239 3579 199 739
290 4530 232 807
234 3264 174 722
259 3841 181 794
280 4284 233 818
272 4318 193 771
270 4047 193 777
342 5116 227 842
275 3831 177 792
253 4060 179 831
252 3786 180 758
232 3557 186 812
257 4138 184 798
215 3501 193 746
277 4365 189 837
281 4399 199 851
289 4093 190 785
242 3401 188 784
240 3628 198 787
238 3562 213 783
265 4229 210 801
228 3424 165 757
245 3793 238 758
223 3457 200 769
281 4198 243 855
229 3542 186 777
251 3868 189 812
263 3978 199 799
273 3977 211 783
276 4364 198 789
254 3705 184 832
274 3755 203 841
267 3850 196 819
233 3820 207 815
247 3670 214 822
277 4484 222 808
252 3560 197 805
196 3274 174 770
247 3779 198 807
237 3777 185 806
288 4254 193 821
239 3542 179 764
282 3924 187 827
229 3447 217 796
251 3739 227 817
217 3183 169 757
231 3815 204 820
297 4068 208 800
252 3801 184 774
208 3322 203 799
