37036 330.056
212 2124 205 651
205 2130 205 651
205 2130 205 651
174 1982 142 693
165 2008 142 693
159 1807 150 670
150 1838 144 673
200 2007 193 653
193 2025 193 653
191 2107 190 653
152 1823 150 670
190 2112 190 653
194 1911 184 658
179 1879 172 660
186 1975 181 655
206 2126 205 651
184 1922 184 658
153 1918 152 668
177 1957 177 658
156 1829 156 668
181 2000 178 655
178 2007 178 655
166 1854 157 665
192 1972 192 656
173 1975 166 657
161 1989 161 660
160 1814 159 668
180 1935 180 658
180 1935 180 658
159 1843 152 668
164 1963 162 661
157 1912 157 667
171 1839 171 666
199 1966 192 656
177 1830 171 666
191 2107 190 653
198 2017 193 653
176 1837 164 665
171 1953 162 661
164 1969 162 659
155 1878 152 668
168 1915 168 660
185 1927 180 658
171 1953 162 661
166 1994 166 657
190 2112 190 653
175 1903 169 660
160 1843 160 665
189 1915 184 658
196 2021 193 653
196 2021 193 653
163 1899 157 662
193 2025 193 653
173 1864 172 663
168 1956 162 659
165 1863 156 664
165 1862 151 667
159 1817 159 668
169 1976 169 657
177 1957 177 658
194 1911 184 658
172 1892 172 660
171 1988 142 693
160 1814 159 668
172 1892 172 660
169 1904 169 660
166 1994 166 657
162 1869 160 662
181 1989 181 655
176 1837 164 665
172 1837 171 666
158 1828 156 667
179 1854 172 663
158 1916 157 664
198 2017 193 653
178 1883 172 660
162 1841 160 665
165 1959 165 660
165 1875 157 662
160 1864 156 666
158 1924 157 662
157 1916 157 665
192 1972 192 656
165 1978 161 660
206 2126 205 651
176 1832 171 666
175 1885 172 660
160 1876 160 662
167 1925 165 660
165 1867 160 662
160 1869 151 667
175 1885 172 660
169 1904 169 660
158 1899 156 665
199 1966 192 656
189 1915 184 658
184 1922 184 658
167 1925 165 660
159 1923 157 662
158 1924 157 662
181 2000 178 655
165 1875 157 662
159 1822 156 667
200 2007 193 653
186 1975 181 655
185 1927 180 658
179 1854 172 663
178 2007 178 655
167 1965 162 659
165 1860 156 666
157 1916 157 665
168 1915 168 660
181 1989 181 655
176 1832 171 666
159 1817 159 668
175 1903 169 660
166 1961 162 661
160 1856 157 665
171 1981 166 657
168 1954 162 661
162 1865 156 664
178 1883 172 660
177 1858 172 663
177 1858 172 663
171 1839 171 666
168 1956 162 659
167 1965 162 659
166 1927 165 660
165 1978 161 660
160 1867 156 664
158 1860 157 665
179 1879 172 660
171 1981 166 657
171 1965 169 657
169 1976 169 657
165 1862 151 667
165 1860 156 666
162 1863 151 667
162 1861 156 666
162 1861 156 666
159 1923 157 662
158 1876 152 668
158 1828 156 667
206 2126 205 651
206 2126 205 651
206 2126 205 651
206 2126 205 651
206 2126 205 651
206 2126 205 651
206 2126 205 651
211 2161 205 651
189 2189 178 655
173 1858 156 667
164 1861 152 668
161 1928 152 668
193 2051 193 653
201 2058 166 657
182 1911 164 662
165 1948 160 665
194 1986 192 656
181 1985 173 657
198 2015 185 655
168 1912 157 662
178 2095 177 658
179 1884 172 660
198 1953 180 658
177 2130 161 660
185 2082 181 655
185 1987 162 661
200 2047 178 655
197 2033 181 655
175 2010 162 659
166 1946 157 666
172 2029 168 660
190 2076 161 660
188 2106 161 660
176 1993 162 659
192 2169 166 657
183 2020 169 657
191 2084 156 666
171 1860 171 666
209 2176 178 655
198 2073 193 653
194 1901 172 660
192 2269 185 656
191 2019 155 681
169 1928 157 662
192 2143 156 667
183 1923 164 662
179 2004 162 659
200 2060 185 655
200 2143 181 655
185 2208 161 660
192 2128 192 656
193 2098 169 657
191 1959 184 661
188 2163 170 657
180 1969 180 661
192 2022 177 657
199 1993 177 658
196 2012 173 657
181 1995 172 660
195 2231 185 656
183 2078 173 657
196 2219 185 656
211 2142 193 653
206 2161 200 654
203 2248 193 653
196 1933 166 670
194 2205 156 667
177 1933 172 663
170 1948 157 665
171 1984 161 662
201 2078 185 655
195 2020 157 664
205 2204 200 654
186 2128 176 658
209 2072 192 656
180 2071 165 660
174 2066 157 662
188 2006 165 659
177 1934 170 665
203 2078 180 658
182 2102 162 659
199 2108 180 658
193 2122 170 657
209 2121 173 657
182 2011 165 659
217 2107 184 658
214 2159 193 653
212 2245 204 654
177 1957 172 663
173 2059 157 666
172 1972 162 665
212 2152 192 656
200 2234 174 657
207 2185 173 657
200 2115 180 658
198 2006 191 659
208 2035 169 660
189 2045 165 659
176 1986 164 662
193 2010 172 660
185 2089 157 664
182 2077 169 660
181 1995 162 662
188 1984 171 663
183 1978 159 665
185 2216 165 660
197 2107 162 659
186 2112 168 660
189 1990 157 665
177 2091 157 662
189 2024 173 660
176 2027 157 665
177 2037 162 662
215 2265 193 653
196 2103 196 659
188 2133 157 675
177 1988 168 663
172 1992 162 666
186 2096 181 661
210 2157 180 658
203 2109 162 661
181 2067 162 664
212 2251 192 656
188 2218 165 660
200 2122 192 659
197 2142 188 659
194 2076 172 660
196 2032 179 661
214 2193 177 658
196 2044 159 665
213 2189 193 656
193 2175 160 662
197 2148 165 659
193 2168 172 660
191 2199 165 660
192 2088 162 662
220 2278 180 658
215 2411 197 654
205 2168 165 660
184 2010 174 667
179 2052 167 666
191 2111 171 663
204 2309 189 659
208 2169 188 659
206 2202 196 659
196 2243 172 661
195 2258 168 660
198 2118 172 660
212 2173 192 659
202 2136 173 660
194 2090 176 671
193 2255 185 667
201 2133 179 661
194 2185 191 667
206 2204 185 662
227 2206 185 664
213 2248 187 662
