86974 2580.73
149 1896 141 698
150 1845 144 687
147 1956 139 693
217 2356 217 649
141 1974 141 697
217 2356 217 649
187 2149 187 653
207 2127 202 651
202 2134 202 651
172 2001 166 657
195 2064 190 653
191 2085 175 655
178 2023 178 655
202 2134 202 651
150 1903 150 670
166 2007 166 657
195 2064 190 653
189 2124 187 653
144 1890 144 676
144 1886 144 680
207 2127 202 651
172 2001 166 657
150 1845 144 687
181 2092 175 655
160 1949 160 662
164 1925 164 666
158 1940 156 664
191 2085 175 655
160 1949 160 662
202 2134 202 651
190 2071 190 653
176 2104 175 655
178 2023 178 655
198 2077 175 655
164 1972 162 661
181 2092 175 655
144 1951 143 683
144 1886 144 680
146 1848 144 676
159 1862 141 695
151 1854 151 674
150 1903 150 670
152 1892 152 668
198 2077 175 655
152 1892 152 668
172 2001 166 657
161 2050 161 660
164 1925 164 666
163 2029 161 660
178 2023 178 655
156 1953 156 664
173 2018 161 660
164 1975 162 659
146 1887 143 684
141 1974 141 697
187 2149 187 653
151 1870 151 671
144 1936 143 684
158 1932 156 666
183 2089 175 655
172 2001 166 657
143 1958 143 686
158 1987 157 662
176 2104 175 655
195 2064 190 653
186 1970 157 662
183 2089 175 655
176 2104 175 655
156 1945 156 666
190 2071 190 653
186 1970 157 662
166 2007 166 657
148 1949 140 689
164 1972 162 661
154 1876 143 684
146 1891 144 673
143 1968 141 694
142 1969 142 693
148 1949 140 689
173 2018 161 660
145 1959 141 694
150 1899 150 672
154 1950 151 667
146 1898 141 698
143 1955 142 690
189 2124 187 653
154 1876 143 684
142 1963 141 697
142 1969 142 693
195 2064 190 653
161 2050 161 660
190 2071 190 653
152 1892 152 668
183 2089 175 655
161 2050 161 660
164 1925 164 666
157 1851 142 691
156 1862 154 673
156 1862 154 673
163 2029 161 660
143 1958 143 686
144 1951 143 683
176 2104 175 655
158 1863 142 688
144 1946 142 692
146 1891 144 673
154 1859 142 691
145 1947 142 690
150 1899 150 672
161 2050 161 660
172 1976 157 662
158 1987 157 662
141 2039 141 694
158 1932 156 666
147 1956 139 693
161 2050 161 660
144 1946 142 692
150 1903 150 670
146 1900 141 695
141 2039 141 694
164 1975 162 659
154 1874 142 688
151 1870 151 671
154 1950 151 667
151 1854 151 674
157 1852 143 687
141 2039 141 694
172 2020 161 660
147 1888 144 673
186 1970 157 662
157 1852 143 687
147 1956 139 693
158 1863 142 688
145 1941 143 683
150 1845 144 687
172 1976 157 662
149 1869 144 673
147 1956 139 693
149 1897 141 695
156 1945 156 666
144 1946 142 692
159 1862 141 695
157 1852 143 687
154 1950 151 667
164 1925 164 666
195 2064 190 653
158 1932 156 666
148 1949 140 689
141 2039 141 694
143 1958 143 686
152 1892 152 668
144 1886 144 680
148 1949 140 689
154 1876 143 684
172 2001 166 657
143 1968 141 694
151 1881 142 688
158 1940 156 664
154 1874 142 688
156 1945 156 666
149 1869 144 673
158 1865 143 684
142 1963 141 697
183 2089 175 655
144 1936 143 684
145 1941 143 683
151 1857 143 687
154 1859 142 691
146 1900 141 695
183 2089 175 655
150 1903 150 670
151 1885 143 684
152 1883 143 684
146 1846 144 680
145 1947 142 690
144 1890 144 676
156 1953 156 664
172 2020 161 660
146 1848 144 676
143 1955 142 690
154 1874 142 688
151 1854 151 674
143 1958 143 686
164 1975 162 659
186 1970 157 662
151 1857 143 687
149 1897 141 695
150 1864 144 673
144 1951 143 683
143 1955 142 690
146 1898 141 698
144 1886 144 680
149 1896 141 698
151 1870 151 671
146 1882 142 688
152 1865 151 671
146 1846 144 680
146 1898 141 698
154 1950 151 667
151 1885 143 684
146 1900 141 695
152 1883 143 684
150 1899 150 672
145 1959 141 694
149 1858 143 687
146 1887 143 684
151 1881 142 688
147 1888 144 673
157 1851 142 691
150 1864 144 673
146 1882 142 688
149 1858 143 687
143 1958 143 686
141 2039 141 694
186 1970 157 662
172 2001 166 657
142 1969 142 693
164 1975 162 659
198 2077 175 655
141 2039 141 694
181 2092 175 655
151 1854 151 674
152 1865 151 671
158 1940 156 664
143 1958 143 686
154 1859 142 691
158 1932 156 666
159 1862 141 695
158 1932 156 666
147 1956 139 693
151 1857 143 687
195 2064 190 653
158 1863 142 688
142 1969 142 693
173 2018 161 660
146 1900 141 695
158 1932 156 666
202 2134 202 651
202 2134 202 651
202 2134 202 651
207 2127 202 651
195 2064 190 653
144 1946 142 692
191 2085 175 655
145 1941 143 683
143 1955 142 690
141 1974 141 697
146 1846 144 680
158 1863 142 688
183 2089 175 655
156 1953 156 664
158 1932 156 666
158 1932 156 666
142 1969 142 693
189 2124 187 653
173 2018 161 660
187 2149 187 653
144 1951 143 683
156 1953 156 664
186 1970 157 662
156 1953 156 664
158 1863 142 688
144 1946 142 692
150 1845 144 687
146 1891 144 673
161 2050 161 660
189 2124 187 653
146 1846 144 680
143 1955 142 690
190 2071 190 653
149 1897 141 695
144 1946 142 692
158 1940 156 664
152 1883 143 684
164 1975 162 659
150 1845 144 687
158 1932 156 666
149 1869 144 673
146 1898 141 698
191 2085 175 655
151 1881 142 688
142 1963 141 697
146 1891 144 673
151 1854 151 674
154 1874 142 688
172 2020 161 660
150 1845 144 687
149 1897 141 695
158 1932 156 666
166 2007 166 657
149 1897 141 695
202 2134 202 651
164 1975 162 659
178 2023 178 655
151 1870 151 671
172 2001 166 657
176 2104 175 655
150 1845 144 687
172 2001 166 657
176 2104 175 655
