430995 1590.11
234 3769 143 700
239 3688 145 688
169 2629 164 692
186 2915 146 718
214 3370 184 670
234 3769 143 700
214 3370 184 670
169 2629 164 692
218 3461 148 684
239 3688 145 688
224 3056 146 704
234 3769 143 700
186 2915 146 718
234 3115 147 685
180 3121 148 712
204 3111 144 695
186 2915 146 718
209 3451 149 683
234 3769 143 700
207 3191 150 678
209 3255 155 676
179 3058 158 674
195 3304 157 673
195 3304 157 673
234 3769 143 700
179 3058 158 674
170 2908 161 677
186 3027 147 707
189 3268 148 693
180 3121 148 712
224 3056 146 704
166 2721 154 697
176 2816 155 679
168 2633 150 680
166 2721 154 697
163 2730 155 702
176 2816 155 679
198 3238 145 696
169 2629 164 692
183 2940 148 701
197 2864 147 711
200 3329 152 671
224 3056 146 704
224 3056 146 704
194 2992 148 693
166 2721 154 697
180 3124 144 699
198 2978 147 693
169 2629 164 692
199 3237 144 689
163 2819 153 698
200 3329 152 671
184 2899 147 711
186 3027 147 707
198 3238 145 696
200 3329 152 671
176 2816 155 679
186 2915 146 718
197 2987 144 705
183 2940 148 701
197 3286 153 675
195 3304 157 673
177 2939 149 712
209 3255 155 676
200 3329 152 671
234 3115 147 685
163 2730 155 702
224 3056 146 704
201 3233 149 685
189 3268 148 693
163 2819 153 698
180 3124 144 699
204 3111 144 695
170 2908 161 677
197 3286 153 675
199 3237 144 689
198 2978 147 693
189 3268 148 693
209 3255 155 676
194 2992 148 693
168 2633 150 680
201 3233 149 685
163 2730 155 702
170 2908 161 677
177 2939 149 712
197 3286 153 675
207 3191 150 678
186 3027 147 707
163 2730 155 702
234 3115 147 685
201 3233 149 685
170 2908 161 677
224 3056 146 704
199 3237 144 689
189 3268 148 693
199 3237 144 689
201 3233 149 685
180 3124 144 699
183 2940 148 701
209 3255 155 676
207 3191 150 678
198 3238 145 696
168 2633 150 680
176 2816 155 679
166 2721 154 697
176 2816 155 679
169 2629 164 692
163 2819 153 698
169 2629 164 692
216 3203 149 682
207 3191 150 678
218 3461 148 684
170 2908 161 677
201 3233 149 685
197 3286 153 675
176 2816 155 679
189 3268 148 693
199 3237 144 689
234 3769 143 700
194 2992 148 693
169 2629 164 692
183 2940 148 701
197 3286 153 675
197 2987 144 705
201 3233 149 685
183 2940 148 701
176 2816 155 679
168 2633 150 680
207 3191 150 678
209 3451 149 683
200 3329 152 671
224 3056 146 704
194 2992 148 693
201 3233 149 685
207 3191 150 678
217 3188 149 685
163 2819 153 698
169 2629 164 692
186 2915 146 718
200 3329 152 671
163 2730 155 702
194 2992 148 693
186 3027 147 707
214 3370 184 670
234 3115 147 685
176 2816 155 679
207 3191 150 678
169 2629 164 692
183 2940 148 701
189 3268 148 693
166 2721 154 697
197 3286 153 675
183 2940 148 701
180 3124 144 699
169 2629 164 692
180 3121 148 712
209 3451 149 683
224 3056 146 704
176 2816 155 679
204 3111 144 695
169 2629 164 692
199 3237 144 689
201 3233 149 685
163 2730 155 702
209 3255 155 676
234 3115 147 685
199 3237 144 689
163 2730 155 702
224 3056 146 704
169 2629 164 692
239 3688 145 688
201 3233 149 685
168 2633 150 680
234 3115 147 685
197 3286 153 675
204 3111 144 695
169 2629 164 692
214 3370 184 670
234 3769 143 700
201 3233 149 685
209 3451 149 683
166 2721 154 697
203 3172 161 671
169 2629 164 692
176 2816 155 679
169 2629 164 692
169 2629 164 692
168 2633 150 680
184 2899 147 711
194 2992 148 693
184 2899 147 711
194 2992 148 693
180 3124 144 699
180 3121 148 712
199 3237 144 689
169 2629 164 692
177 2939 149 712
170 2908 161 677
239 3688 145 688
177 2939 149 712
180 3121 148 712
198 2978 147 693
189 3268 148 693
194 2992 148 693
168 2633 150 680
224 3056 146 704
177 2939 149 712
197 3286 153 675
186 3027 147 707
163 2730 155 702
201 3233 149 685
224 3056 146 704
189 3268 148 693
166 2721 154 697
180 3124 144 699
209 3255 155 676
207 3191 150 678
168 2633 150 680
176 2816 155 679
166 2721 154 697
169 2629 164 692
163 2819 153 698
216 3203 149 682
186 3027 147 707
170 2908 161 677
197 3286 153 675
183 2940 148 701
224 3056 146 704
194 2992 148 693
197 2864 147 711
180 3124 144 699
198 2978 147 693
169 2629 164 692
183 2940 148 701
163 2819 153 698
200 3329 152 671
184 2899 147 711
176 2816 155 679
186 2915 146 718
189 3268 148 693
195 3304 157 673
176 2816 155 679
168 2633 150 680
200 3329 152 671
234 3115 147 685
163 2730 155 702
201 3233 149 685
189 3268 148 693
163 2819 153 698
180 3124 144 699
176 2816 155 679
234 3769 143 700
204 3111 144 695
199 3237 144 689
201 3233 149 685
209 3255 155 676
234 3115 147 685
199 3237 144 689
224 3056 146 704
207 3191 150 678
168 2633 150 680
204 3111 144 695
214 3370 184 670
234 3769 143 700
224 3056 146 704
166 2721 154 697
203 3172 161 671
169 2629 164 692
169 2629 164 692
169 2629 164 692
168 2633 150 680
186 2915 146 718
194 2992 148 693
180 3121 148 712
169 2629 164 692
177 2939 149 712
169 2629 164 692
234 3769 143 700
194 2992 148 693
197 3286 153 675
197 2987 144 705
183 2940 148 701
168 2633 150 680
200 3329 152 671
224 3056 146 704
194 2992 148 693
179 3058 158 674
207 3191 150 678
217 3188 149 685
239 3688 145 688
163 2730 155 702
194 2992 148 693
214 3370 184 670
176 2816 155 679
169 2629 164 692
183 2940 148 701
195 3304 157 673
197 3286 153 675
180 3124 144 699
169 2629 164 692
