348 6.44548
149 2297 141 692
186 2813 175 655
195 2627 175 655
179 2387 173 657
181 2431 181 655
184 2364 165 659
169 2422 166 657
148 2194 148 681
160 2316 157 665
166 2456 166 657
148 2194 148 681
169 2368 162 659
154 2333 142 688
186 2813 175 655
162 2398 162 659
195 2627 175 655
155 2277 152 668
152 2359 142 688
149 2297 143 687
146 2227 144 676
159 2452 157 662
153 2377 151 667
152 2213 151 674
154 2377 150 669
154 2377 150 669
151 2198 144 689
178 2353 156 665
158 2257 156 667
169 2422 166 657
149 2292 142 689
156 2259 156 667
158 2257 156 667
152 2229 150 673
153 2377 151 667
164 2276 162 661
159 2452 157 662
152 2229 150 673
156 2259 156 667
156 2259 156 667
169 2422 166 657
178 2353 156 665
153 2377 151 667
153 2377 151 667
169 2422 166 657
159 2452 157 662
169 2422 166 657
152 2286 152 668
151 2214 144 684
160 2316 157 665
187 2691 175 655
169 2422 166 657
181 2374 166 657
151 2236 144 673
186 2813 175 655
154 2241 150 670
151 2337 143 684
154 2377 150 669
153 2377 151 667
162 2289 162 661
192 2677 175 655
187 2691 175 655
160 2316 157 665
152 2213 151 674
164 2370 157 662
181 2431 181 655
152 2188 145 690
162 2398 162 659
153 2377 151 667
162 2398 162 659
152 2229 150 673
152 2224 150 675
149 2187 149 679
154 2377 150 669
146 2242 144 673
159 2452 157 662
193 2503 193 653
169 2422 166 657
159 2452 157 662
187 2691 175 655
178 2463 178 655
163 2447 161 660
169 2422 166 657
161 2461 161 660
151 2214 144 684
207 2597 175 655
150 2244 150 670
149 2297 143 687
181 2374 166 657
152 2229 150 673
152 2188 145 690
169 2422 166 657
154 2333 142 688
178 2353 156 665
148 2194 148 681
154 2377 150 669
150 2244 150 670
152 2224 150 675
147 2180 147 684
151 2216 151 674
149 2292 142 689
181 2431 181 655
149 2297 143 687
169 2422 166 657
196 2624 175 655
156 2270 152 668
149 2339 143 684
149 2177 147 684
156 2371 156 664
156 2259 156 667
151 2198 144 689
151 2282 143 687
166 2392 165 660
178 2463 178 655
161 2288 157 665
190 2553 190 653
169 2422 166 657
149 2215 145 690
152 2196 150 678
155 2277 152 668
151 2214 144 684
152 2286 152 668
146 2227 144 676
152 2213 151 674
193 2675 175 655
154 2377 150 669
152 2188 145 690
146 2183 146 686
149 2292 142 689
155 2277 152 668
156 2371 156 664
153 2377 151 667
156 2270 152 668
186 2813 175 655
149 2220 144 692
187 2691 175 655
163 2447 161 660
152 2229 150 673
186 2813 175 655
169 2422 166 657
149 2215 145 690
186 2405 181 655
169 2422 166 657
146 2242 144 673
162 2257 160 665
151 2209 150 676
205 2606 205 651
154 2377 150 669
156 2259 156 667
187 2691 175 655
193 2503 193 653
151 2214 144 684
162 2257 160 665
193 2503 193 653
192 2677 175 655
161 2378 157 662
152 2213 151 674
152 2188 145 690
156 2259 156 667
207 2597 175 655
184 2364 165 659
187 2691 175 655
195 2627 175 655
169 2422 166 657
161 2343 157 664
162 2338 157 664
152 2359 142 688
162 2398 162 659
150 2357 141 692
179 2406 173 657
167 2468 166 657
181 2391 165 659
165 2282 162 661
151 2240 144 673
162 2292 162 661
164 2371 157 662
151 2194 149 679
151 2194 149 679
151 2194 149 679
149 2220 149 679
151 2194 149 679
161 2465 161 660
161 2465 161 660
181 2381 166 657
181 2381 166 657
181 2381 166 657
178 2355 156 665
148 2195 148 681
151 2247 151 671
153 2246 150 670
153 2246 150 670
150 2249 150 670
147 2183 147 684
147 2183 147 684
147 2183 147 684
151 2220 151 674
183 2436 181 655
181 2437 181 655
150 2339 143 684
150 2339 143 684
149 2340 143 684
150 2339 143 684
150 2339 143 684
150 2339 143 684
152 2205 144 692
151 2317 143 687
178 2479 178 655
178 2479 178 655
164 2315 157 665
164 2315 157 665
164 2315 157 665
164 2315 157 665
190 2574 190 653
190 2574 190 653
152 2202 150 678
152 2288 152 668
146 2186 146 686
149 2344 142 689
149 2344 142 689
155 2279 152 668
156 2427 156 664
157 2377 157 664
159 2392 156 665
157 2377 157 664
159 2392 156 665
159 2392 156 665
156 2427 156 664
156 2402 156 665
156 2427 156 664
159 2392 156 665
173 2381 156 665
165 2445 151 667
161 2498 151 667
162 2478 151 667
156 2272 152 668
156 2272 152 668
156 2272 152 668
156 2272 152 668
156 2272 152 668
149 2224 144 692
149 2224 144 692
149 2224 144 692
149 2224 144 692
149 2224 144 692
149 2224 144 692
149 2224 144 692
149 2224 144 692
149 2224 144 692
149 2224 144 692
163 2449 161 660
149 2217 145 690
186 2406 181 655
186 2406 181 655
186 2406 181 655
186 2406 181 655
186 2406 181 655
186 2406 181 655
186 2406 181 655
146 2262 144 673
146 2262 144 673
151 2213 150 676
205 2609 205 651
160 2508 150 669
151 2236 144 684
162 2261 160 665
162 2261 160 665
162 2261 160 665
162 2261 160 665
162 2261 160 665
162 2261 160 665
162 2261 160 665
162 2261 160 665
162 2261 160 665
162 2261 160 665
193 2506 193 653
192 2686 175 655
161 2383 157 662
152 2218 151 674
152 2192 145 690
152 2192 145 690
152 2192 145 690
156 2263 156 667
207 2601 175 655
187 2703 175 655
197 2649 175 655
169 2424 166 657
162 2345 157 664
162 2345 157 664
153 2388 142 688
164 2454 162 659
169 2427 162 659
173 2401 162 659
171 2667 141 692
186 2780 151 667
146 2187 146 686
205 2610 205 651
147 2184 147 684
207 2605 175 655
193 2519 193 653
190 2575 190 653
156 2253 145 690
