238771 1350.15
274 3993 145 714
205 3106 186 666
177 2801 154 732
167 2770 155 687
274 3993 145 714
248 4251 177 668
173 2666 165 709
197 3110 156 675
243 3816 147 722
274 3993 145 714
185 3084 173 681
195 2955 166 679
248 4251 177 668
188 2693 185 708
225 3742 179 674
177 2801 154 732
238 3461 150 686
230 3650 164 674
215 3380 150 687
230 3650 164 674
185 3084 173 681
179 3011 159 684
274 3993 145 714
243 3816 147 722
215 3380 150 687
188 2871 157 683
183 2677 161 721
274 3993 145 714
225 3742 179 674
195 3271 149 711
205 3196 150 694
238 3461 150 686
179 3011 159 684
225 3742 179 674
208 3333 151 691
225 3742 179 674
248 4251 177 668
230 3650 164 674
177 2767 160 705
184 3069 152 700
185 3084 173 681
205 3106 186 666
183 2677 161 721
230 3650 164 674
212 3314 150 691
248 4251 177 668
188 2693 185 708
179 3011 159 684
230 3650 164 674
189 2730 156 712
205 3196 150 694
205 3196 150 694
195 2955 166 679
183 2677 161 721
187 2890 154 707
184 3069 152 700
248 4251 177 668
188 2693 185 708
248 4251 177 668
243 3816 147 722
243 3816 147 722
238 3461 150 686
190 2915 150 697
187 3043 154 682
190 2915 150 697
177 2801 154 732
188 2693 185 708
195 3271 149 711
206 3312 150 692
188 2871 157 683
185 3053 179 681
177 2767 160 705
214 3248 149 699
205 3106 186 666
188 2871 157 683
214 3248 149 699
209 3446 148 706
184 3069 152 700
187 2890 154 707
195 2955 166 679
183 2677 161 721
205 3196 150 694
190 2915 150 697
210 3445 148 709
184 3069 152 700
190 2915 150 697
195 2955 166 679
205 3196 150 694
183 2677 161 721
243 3816 147 722
184 3069 152 700
177 2801 154 732
210 3445 148 709
189 2730 156 712
205 3196 150 694
185 3053 179 681
189 2730 156 712
177 2801 154 732
187 3043 154 682
215 3380 150 687
210 3445 148 709
185 3084 173 681
206 3312 150 692
190 2915 150 697
187 2890 154 707
189 2730 156 712
210 3445 148 709
243 3816 147 722
177 2767 160 705
179 3011 159 684
243 3816 147 722
212 3314 150 691
187 3043 154 682
205 3196 150 694
212 3314 150 691
185 3084 173 681
187 2890 154 707
213 3246 151 691
185 3053 179 681
185 3053 179 681
185 3084 173 681
189 2730 156 712
205 3106 186 666
185 3084 173 681
195 2955 166 679
185 3084 173 681
188 2693 185 708
225 3742 179 674
210 3445 148 709
210 3445 148 709
177 2767 160 705
189 2730 156 712
187 2890 154 707
230 3650 164 674
195 2955 166 679
205 3106 186 666
195 2955 166 679
230 3650 164 674
195 2955 166 679
225 3742 179 674
230 3650 164 674
243 3816 147 722
274 3993 145 714
225 3742 179 674
177 2767 160 705
188 2871 157 683
274 3993 145 714
188 2693 185 708
274 3993 145 714
230 3650 164 674
213 3246 151 691
188 2693 185 708
188 2693 185 708
187 2890 154 707
248 4251 177 668
205 3196 150 694
188 2693 185 708
248 4251 177 668
195 2955 166 679
185 3084 173 681
205 3106 186 666
188 2693 185 708
225 3742 179 674
187 2890 154 707
185 3084 173 681
225 3742 179 674
185 3084 173 681
248 4251 177 668
184 3069 152 700
225 3742 179 674
187 2890 154 707
225 3742 179 674
210 3445 148 709
274 3993 145 714
274 3993 145 714
248 4251 177 668
243 3816 147 722
274 3993 145 714
210 3445 148 709
188 2693 185 708
274 3993 145 714
187 2890 154 707
177 2767 160 705
210 3445 148 709
185 3084 173 681
230 3650 164 674
185 3053 179 681
248 4251 177 668
206 3312 150 692
184 3069 152 700
187 2890 154 707
230 3650 164 674
189 2730 156 712
214 3248 149 699
230 3650 164 674
195 2955 166 679
183 2677 161 721
248 4251 177 668
243 3816 147 722
243 3816 147 722
238 3461 150 686
190 2915 150 697
187 3043 154 682
177 2801 154 732
188 2693 185 708
195 3271 149 711
188 2871 157 683
248 4251 177 668
205 3106 186 666
214 3248 149 699
209 3446 148 706
183 2677 161 721
205 3196 150 694
190 2915 150 697
184 3069 152 700
190 2915 150 697
183 2677 161 721
177 2801 154 732
185 3053 179 681
177 2801 154 732
243 3816 147 722
205 3106 186 666
177 2801 154 732
167 2770 155 687
274 3993 145 714
248 4251 177 668
173 2666 165 709
197 3110 156 675
274 3993 145 714
188 2693 185 708
225 3742 179 674
230 3650 164 674
179 3011 159 684
274 3993 145 714
187 3043 154 682
215 3380 150 687
274 3993 145 714
205 3196 150 694
238 3461 150 686
225 3742 179 674
208 3333 151 691
225 3742 179 674
248 4251 177 668
230 3650 164 674
184 3069 152 700
205 3106 186 666
212 3314 150 691
248 4251 177 668
274 3993 145 714
274 3993 145 714
230 3650 164 674
188 2693 185 708
188 2693 185 708
187 2890 154 707
248 4251 177 668
205 3196 150 694
188 2693 185 708
195 2955 166 679
185 3084 173 681
225 3742 179 674
185 3084 173 681
188 2871 157 683
184 3069 152 700
210 3445 148 709
274 3993 145 714
248 4251 177 668
243 3816 147 722
210 3445 148 709
187 2890 154 707
230 3650 164 674
185 3053 179 681
248 4251 177 668
187 2890 154 707
230 3650 164 674
188 2693 185 708
210 3445 148 709
206 3312 150 692
190 2915 150 697
210 3445 148 709
177 2767 160 705
179 3011 159 684
187 3043 154 682
205 3196 150 694
185 3084 173 681
185 3053 179 681
189 2730 156 712
205 3106 186 666
185 3084 173 681
214 3248 149 699
225 3742 179 674
210 3445 148 709
177 2767 160 705
230 3650 164 674
205 3106 186 666
195 2955 166 679
230 3650 164 674
195 2955 166 679
225 3742 179 674
230 3650 164 674
274 3993 145 714
