35071 1020.3
144 2010 144 674
224 2292 224 650
148 1941 141 698
148 1941 141 698
148 1806 144 687
224 2292 224 650
209 2185 209 652
212 2123 212 652
197 2062 197 654
212 2123 212 652
197 2062 197 654
194 2178 194 654
182 2150 182 656
175 1946 173 658
162 1906 157 662
173 1948 173 658
161 1926 161 660
173 1948 173 658
188 2089 182 656
185 1986 185 656
212 2123 212 652
188 2089 182 656
197 2062 197 654
148 1820 145 685
173 1948 173 658
147 1915 142 694
153 1830 152 668
145 1985 144 677
194 2178 194 654
209 2185 209 652
148 1921 143 690
148 1921 143 690
147 1915 142 694
150 1850 150 676
212 2123 212 652
157 1888 156 667
148 1806 144 687
175 1946 173 658
189 2079 182 656
194 2178 194 654
177 1945 173 658
146 1933 144 674
150 1850 150 676
157 2004 157 664
182 2150 182 656
161 1926 161 660
148 1898 144 679
162 1906 157 662
158 1861 156 665
160 1909 160 663
152 1844 151 670
188 2089 182 656
189 2079 182 656
148 1823 144 681
161 1926 161 660
197 2062 197 654
157 1888 156 667
185 1986 185 656
161 1897 160 663
185 1986 185 656
197 2062 197 654
185 1986 185 656
182 2150 182 656
148 1898 144 679
197 2062 197 654
145 1985 144 677
155 1813 150 673
160 1847 160 666
189 2079 182 656
152 1825 152 671
152 1824 144 678
159 1840 156 667
151 1812 144 684
157 2004 157 664
189 2079 182 656
160 1847 160 666
145 1989 144 674
152 1834 152 668
151 1874 150 671
175 1946 173 658
177 1945 173 658
152 1809 152 682
152 1844 151 670
147 1915 142 694
152 1819 150 673
157 1894 156 665
152 1831 151 672
148 1921 143 690
147 1900 144 683
158 1843 156 667
152 1818 150 677
148 1820 145 685
153 1826 151 672
161 1897 160 663
158 1916 157 662
152 1809 152 682
148 1823 144 681
152 1824 144 678
147 1900 144 683
152 1809 144 684
151 1874 150 671
151 1854 150 673
150 1850 150 676
156 1838 151 670
157 2004 157 664
150 1994 150 671
159 1848 156 665
147 1900 144 683
158 1861 156 665
146 1933 144 674
148 1941 141 698
150 1869 150 674
156 1838 151 670
156 1893 156 667
149 1830 144 677
153 1814 150 673
152 1827 144 674
155 1813 150 673
153 1826 151 672
154 1829 152 668
151 1854 150 673
158 1916 157 662
154 1829 152 668
146 1821 144 687
161 1926 161 660
161 1897 160 663
149 1830 144 677
158 1828 152 668
144 2010 144 674
152 1834 152 668
162 1914 161 660
144 2010 144 674
156 1893 156 667
148 1941 141 698
153 1812 150 677
148 1820 145 685
153 1826 151 672
158 1916 157 662
162 1914 161 660
156 1901 156 665
151 1874 150 671
150 1994 150 671
156 1893 156 667
161 1926 161 660
150 1869 150 674
161 1926 161 660
147 1930 144 674
177 1945 173 658
157 1894 156 665
160 1847 160 666
158 1843 156 667
159 1840 156 667
153 1812 150 677
161 1897 160 663
147 1930 144 674
152 1809 144 684
160 1909 160 663
153 1816 152 671
153 1816 152 671
144 1988 144 676
146 1821 144 687
153 1814 150 673
152 1818 150 677
152 1833 150 671
148 1823 144 681
152 1831 151 672
159 1840 156 667
153 1830 152 668
152 1818 150 677
147 1900 144 683
162 1914 161 660
148 1820 145 685
156 1901 156 665
158 1843 156 667
148 1823 144 681
148 1820 145 685
158 1828 152 668
158 1828 152 668
152 1834 152 668
152 1844 151 670
148 1898 144 679
144 1988 144 676
152 1825 152 671
145 1989 144 674
152 1819 150 673
152 1824 144 678
152 1827 144 674
151 1812 144 684
153 1826 151 672
159 1848 156 665
154 1829 152 668
152 1833 150 671
146 1821 144 687
149 1830 144 677
159 1848 156 665
147 1900 144 683
173 1948 173 658
158 1861 156 665
148 1898 144 679
151 1874 150 671
147 1915 142 694
151 1874 150 671
148 1921 143 690
160 1847 160 666
161 1926 161 660
147 1930 144 674
151 1874 150 671
157 2004 157 664
152 1831 151 672
152 1809 152 682
147 1915 142 694
157 2004 157 664
157 1894 156 665
152 1834 152 668
154 1829 152 668
209 2185 209 652
177 1945 173 658
156 1901 156 665
153 1814 150 673
152 1818 150 677
153 1816 152 671
148 1941 141 698
161 1926 161 660
147 1900 144 683
197 2062 197 654
212 2123 212 652
148 1941 141 698
152 1825 152 671
182 2150 182 656
182 2150 182 656
162 1914 161 660
197 2062 197 654
173 1948 173 658
224 2292 224 650
157 1888 156 667
146 1933 144 674
148 1941 141 698
144 1988 144 676
152 1834 152 668
150 1850 150 676
161 1926 161 660
158 1843 156 667
197 2062 197 654
152 1834 152 668
153 1830 152 668
153 1812 150 677
162 1914 161 660
148 1820 145 685
212 2123 212 652
154 1829 152 668
160 1909 160 663
182 2150 182 656
189 2079 182 656
162 1914 161 660
157 1894 156 665
173 1948 173 658
145 1985 144 677
152 1809 152 682
151 1854 150 673
224 2292 224 650
148 1898 144 679
161 1926 161 660
144 1988 144 676
148 1898 144 679
156 1901 156 665
157 1888 156 667
153 1812 150 677
152 1844 151 670
148 1806 144 687
147 1915 142 694
212 2123 212 652
153 1830 152 668
151 1874 150 671
158 1828 152 668
159 1848 156 665
146 1933 144 674
162 1914 161 660
157 1888 156 667
161 1897 160 663
157 1888 156 667
224 2292 224 650
173 1948 173 658
188 2089 182 656
146 1821 144 687
197 2062 197 654
148 1806 144 687
177 1945 173 658
156 1838 151 670
148 1898 144 679
152 1824 144 678
153 1812 150 677
157 1888 156 667
173 1948 173 658
156 1893 156 667
152 1831 151 672
148 1898 144 679
153 1830 152 668
153 1814 150 673
161 1926 161 660
148 1941 141 698
