564 14.3474
209 2472 209 651
144 2095 144 681
144 2136 144 674
158 1961 156 669
144 2095 144 681
209 2472 209 651
197 2262 197 653
144 2136 144 674
146 2079 144 681
197 2262 197 653
182 2250 182 655
194 2336 194 653
194 2336 194 653
179 2315 179 655
152 2017 152 668
152 1971 150 670
152 1971 150 670
185 2181 185 655
186 2178 185 655
157 2406 157 662
150 2002 150 670
179 2315 179 655
144 2136 144 674
164 1995 162 661
170 2163 170 657
186 2178 185 655
182 2250 182 655
170 2163 170 657
173 2114 173 657
164 1995 162 661
179 2315 179 655
173 2114 173 657
146 2079 144 681
157 2046 157 665
157 2055 157 664
160 1996 160 662
194 2336 194 653
156 2364 156 664
157 2406 157 662
156 2019 156 667
171 2158 170 657
162 2107 162 659
164 2073 162 659
173 2114 173 657
157 2406 157 662
170 2163 170 657
162 2021 162 661
186 2178 185 655
156 2364 156 664
186 2178 185 655
146 2108 144 674
156 2364 156 664
156 2364 156 664
150 2105 144 674
162 2021 162 661
160 1996 160 662
157 1994 157 667
170 2163 170 657
173 2114 173 657
186 2178 185 655
170 2163 170 657
156 2118 156 665
156 1995 156 669
158 1994 157 666
164 2073 162 659
156 2118 156 665
156 2364 156 664
164 1995 162 661
152 1971 150 670
158 1994 157 666
156 2019 156 667
156 1995 156 669
157 2406 157 662
159 1962 156 664
164 1995 162 661
144 2095 144 681
158 1987 156 667
144 2095 144 681
173 2114 173 657
146 2079 144 681
164 1995 162 661
162 2021 162 661
162 2021 162 661
171 2158 170 657
185 2181 185 655
186 2178 185 655
144 2095 144 681
159 2051 157 662
159 1962 156 664
156 2364 156 664
157 1994 157 667
158 1987 156 667
158 2108 157 662
157 2406 157 662
158 1987 156 667
164 2073 162 659
146 2079 144 681
179 2113 173 657
146 2108 144 674
158 2020 156 664
173 2114 173 657
146 2108 144 674
156 2019 156 667
162 2021 162 661
170 2163 170 657
146 2108 144 674
173 2114 173 657
156 2118 156 665
156 2364 156 664
164 1995 162 661
144 2136 144 674
170 2163 170 657
144 2136 144 674
173 2114 173 657
156 2364 156 664
164 1995 162 661
164 1995 162 661
156 1995 156 669
164 1995 162 661
162 2021 162 661
186 2178 185 655
146 2079 144 681
186 2178 185 655
164 1995 162 661
156 2019 156 667
144 2095 144 681
146 2079 144 681
156 2364 156 664
164 1995 162 661
164 1995 162 661
164 1995 162 661
159 1962 156 664
144 2095 144 681
164 1995 162 661
164 1995 162 661
157 2406 157 662
162 2021 162 661
164 1995 162 661
173 2114 173 657
156 2364 156 664
186 2178 185 655
146 2079 144 681
144 2095 144 681
157 2406 157 662
156 2364 156 664
156 2364 156 664
144 2136 144 674
173 2114 173 657
158 2108 157 662
158 1994 157 666
164 1995 162 661
164 1995 162 661
146 2108 144 674
186 2178 185 655
164 1995 162 661
164 1995 162 661
146 2079 144 681
158 1994 157 666
144 2095 144 681
162 2021 162 661
164 1995 162 661
156 2364 156 664
156 2364 156 664
158 2108 157 662
186 2178 185 655
164 1995 162 661
164 1995 162 661
173 2114 173 657
173 2114 173 657
173 2114 173 657
173 2114 173 657
156 2364 156 664
179 2315 179 655
164 1995 162 661
146 2079 144 681
164 1995 162 661
164 1995 162 661
144 2095 144 681
164 1995 162 661
164 1995 162 661
164 1995 162 661
146 2079 144 681
152 1971 150 670
164 1995 162 661
173 2114 173 657
197 2262 197 653
157 2406 157 662
164 1995 162 661
186 2178 185 655
186 2178 185 655
146 2079 144 681
146 2079 144 681
164 1995 162 661
156 2019 156 667
164 1995 162 661
164 1995 162 661
164 1995 162 661
157 2406 157 662
186 2178 185 655
164 1995 162 661
186 2178 185 655
164 1995 162 661
157 2406 157 662
157 2406 157 662
164 1995 162 661
144 2095 144 681
144 2136 144 674
162 2021 162 661
170 2163 170 657
164 1995 162 661
173 2114 173 657
186 2178 185 655
144 2136 144 674
173 2114 173 657
157 2406 157 662
186 2178 185 655
162 2021 162 661
186 2178 185 655
164 1995 162 661
164 1995 162 661
164 1995 162 661
157 2406 157 662
164 1995 162 661
146 2079 144 681
144 2095 144 681
186 2178 185 655
164 1995 162 661
144 2095 144 681
144 2095 144 681
164 1995 162 661
164 1995 162 661
164 1995 162 661
173 2114 173 657
173 2114 173 657
164 1995 162 661
164 1995 162 661
156 2364 156 664
170 2163 170 657
164 1995 162 661
170 2163 170 657
156 2364 156 664
164 1995 162 661
186 2178 185 655
164 1995 162 661
164 1995 162 661
164 1995 162 661
156 2364 156 664
144 2095 144 681
156 2364 156 664
164 1995 162 661
173 2114 173 657
146 2079 144 681
146 2079 144 681
173 2114 173 657
146 2079 144 681
156 2364 156 664
170 2163 170 657
156 2364 156 664
164 1995 162 661
173 2114 173 657
186 2178 185 655
170 2163 170 657
164 1995 162 661
146 2079 144 681
144 2095 144 681
164 2073 162 659
144 2095 144 681
146 2079 144 681
156 2364 156 664
157 2406 157 662
164 1995 162 661
144 2095 144 681
146 2079 144 681
186 2178 185 655
159 1962 156 664
164 1995 162 661
159 1962 156 664
162 2021 162 661
173 2114 173 657
158 2108 157 662
158 2108 157 662
164 1995 162 661
164 1995 162 661
162 2021 162 661
144 2095 144 681
164 1995 162 661
164 1995 162 661
164 1995 162 661
186 2178 185 655
170 2163 170 657
164 1995 162 661
170 2163 170 657
173 2114 173 657
146 2079 144 681
144 2136 144 674
157 2406 157 662
164 1995 162 661
164 2073 162 659
146 2079 144 681
144 2095 144 681
