26784 540.081
155 2323 155 724
157 2377 155 715
171 2355 171 711
164 2276 159 713
156 2369 156 720
185 2284 174 711
190 2366 186 709
159 2336 159 713
161 2262 157 721
183 2480 183 709
179 2259 158 720
158 2372 148 718
185 2631 179 709
157 2381 148 718
174 2319 171 711
164 2334 155 715
161 2284 159 713
169 2273 158 717
158 2308 158 717
199 2504 198 707
157 2302 157 721
186 2422 186 709
198 2535 198 707
190 2781 167 711
158 2443 147 721
158 2305 156 720
160 2277 157 721
165 2405 147 721
160 2312 159 713
167 2391 147 725
157 2327 156 720
158 2298 155 724
186 2472 183 709
163 2295 155 724
159 2318 159 716
161 2279 160 720
160 2428 147 721
158 2300 157 721
159 2355 155 719
165 2322 155 723
169 2323 157 719
156 2404 155 723
161 2285 158 720
163 2368 157 716
165 2306 158 717
165 2349 154 731
159 2246 156 725
159 2246 156 725
213 2823 213 705
213 2823 213 705
160 2408 148 718
159 2394 155 715
156 2381 156 720
158 2316 156 720
162 2307 156 720
159 2366 158 717
158 2384 158 717
161 2428 159 713
155 2335 155 724
160 2313 155 724
175 2480 147 721
157 2328 155 724
168 2513 147 721
216 3286 166 760
210 3028 188 765
239 3591 165 727
196 2992 160 729
200 3017 179 763
259 3756 186 789
222 3317 182 729
228 3289 215 748
202 2803 167 744
243 3160 170 744
225 3258 195 751
252 3701 206 755
251 3699 179 733
235 3414 182 788
276 3904 208 736
229 3275 179 740
224 3113 168 748
229 3099 183 764
194 2970 153 736
270 4005 174 751
205 3086 173 749
207 2876 164 737
229 3169 179 738
206 2912 170 728
236 3387 189 783
226 3581 174 779
191 2787 178 752
187 2722 164 768
199 3126 179 755
246 3768 174 750
242 3333 187 746
205 3320 177 726
213 3222 208 757
245 3533 193 755
258 3823 179 738
202 2815 157 751
218 3233 163 740
178 2756 160 736
223 3197 160 731
193 3026 174 757
224 3311 171 759
243 3319 176 765
225 3411 184 777
181 2790 169 765
187 2767 155 738
223 3178 182 735
199 3079 162 751
185 2806 167 728
240 3772 203 759
178 2704 169 778
221 3004 175 764
227 3459 170 741
255 3849 176 746
245 3611 181 751
247 4138 183 740
238 3309 179 759
219 3151 169 738
213 2802 165 732
208 3055 201 737
213 2888 182 729
199 3049 179 752
199 2924 162 741
227 3588 185 759
190 2919 186 751
178 2884 160 741
229 3289 179 747
240 3477 179 753
235 3277 183 746
272 4006 175 776
217 3338 163 740
201 3082 177 739
232 3233 186 752
252 3586 176 757
200 2898 169 735
192 3050 190 790
233 3067 182 749
184 2682 169 736
236 3582 181 756
213 2941 179 755
193 2863 170 763
203 2940 169 758
228 3540 175 758
258 4006 198 761
201 3093 174 759
229 3084 181 754
224 3211 182 748
216 3337 184 758
222 3199 169 719
257 3514 170 749
187 2880 166 758
190 2806 171 759
213 3017 174 740
214 3130 172 741
213 3268 179 752
205 2832 164 738
238 3454 179 754
234 3470 181 754
251 3585 185 723
189 2655 160 739
252 3478 214 738
236 3416 182 769
232 3224 196 732
223 2987 186 744
193 2969 185 751
188 3079 179 769
201 3041 171 763
189 2812 174 735
194 2782 173 747
203 2924 178 732
222 3052 173 745
234 3509 184 768
213 3049 171 733
195 2954 172 746
189 2836 166 746
228 3398 177 775
217 3293 179 759
233 3539 167 741
207 3271 164 753
243 3722 170 760
218 3030 193 763
228 3386 202 767
227 3547 191 806
221 3093 191 756
203 3034 171 762
201 2966 187 755
221 3428 166 768
260 3453 183 772
221 3463 182 743
237 3081 179 744
222 3250 175 753
207 3036 169 734
201 3091 181 758
247 3403 174 763
243 3384 178 773
208 2846 170 746
252 3472 178 758
225 3306 171 770
246 3402 189 772
218 3171 171 777
252 3666 198 753
208 3062 173 758
190 2849 173 753
229 3481 187 743
236 3089 181 744
194 2948 189 739
209 2978 188 732
203 3019 173 746
234 3229 179 752
213 2937 188 769
224 3476 179 742
201 3055 167 745
226 3312 180 764
225 3131 173 734
223 3218 179 738
197 3025 172 744
198 2850 184 732
224 3347 208 773
209 2946 186 768
208 2989 179 755
190 2792 177 757
205 3002 189 741
209 3001 179 756
278 3519 156 733
188 2902 164 752
236 3256 189 736
193 2919 176 753
208 3086 196 759
222 3486 165 745
201 2875 163 757
213 3129 182 736
246 3469 172 745
223 3493 164 750
192 3109 164 739
224 2824 163 763
252 3439 180 757
185 2586 179 735
261 3749 203 764
203 2892 172 743
212 3172 165 765
237 3389 174 770
231 3159 174 750
228 2983 173 743
206 2957 161 739
188 2823 165 754
248 3146 185 737
231 3374 200 767
239 3332 173 762
231 3095 179 740
206 3285 165 763
229 3407 204 780
269 4054 193 752
248 3686 169 759
229 3418 181 746
186 2857 172 748
201 2772 170 736
202 3010 180 758
239 3161 203 739
226 3384 162 772
199 2758 170 738
204 3084 190 747
241 3305 178 761
183 2683 176 752
195 3146 172 750
272 3427 213 795
232 3313 180 740
211 2969 184 741
201 2972 186 744
217 3209 173 784
209 3332 165 738
199 3033 176 761
235 3207 215 731
201 2869 169 745
218 3303 157 750
187 2715 167 741
220 3307 193 761
225 3177 173 776
212 3106 170 737
197 3049 173 778
219 3153 169 747
247 3467 189 745
223 3306 179 749
200 2954 174 751
214 3100 189 762
201 3082 160 748
209 2900 174 746
213 3143 171 724
224 3257 165 748
211 3427 164 741
192 2993 166 768
246 3491 198 754
208 3159 181 757
213 3164 183 730
190 2844 170 737
226 3306 189 747
212 2888 167 744
236 3402 202 757
192 2925 186 763
