47524 900.152
152 2461 150 694
149 2586 149 698
183 2790 174 687
158 2571 148 697
163 2509 162 692
162 2680 162 689
150 2587 150 694
151 2484 150 700
161 2636 154 691
164 2614 144 712
153 2538 148 705
159 2538 146 714
184 2578 177 690
160 2577 146 708
166 2664 162 689
172 2723 144 703
169 2780 144 703
185 3092 146 702
170 2657 145 706
155 2493 149 698
165 2506 148 705
165 2697 144 707
164 2648 153 691
165 2692 147 704
168 2654 144 710
162 2703 153 691
160 2718 146 705
168 2549 148 702
164 2584 161 693
195 3297 144 702
167 2687 144 707
162 2516 148 705
162 2612 162 692
164 2566 146 713
151 2582 150 694
153 2517 149 701
154 2500 149 698
161 2708 146 705
165 2705 146 705
159 2532 148 729
221 3353 189 685
154 2437 154 705
154 2437 154 705
160 2483 150 694
152 2577 150 694
174 2727 162 689
158 2598 148 697
170 2588 161 693
163 2716 154 691
170 2692 154 691
175 2644 162 692
155 2536 149 698
155 2542 150 694
157 2510 150 694
156 2512 149 701
165 2714 153 691
158 2505 150 694
153 2639 149 698
173 2705 153 691
154 2582 149 698
182 2815 147 704
201 2843 174 687
190 2883 174 687
214 3247 175 713
190 3115 175 721
210 3311 150 694
197 3155 156 715
242 3577 168 710
184 2812 154 705
188 2891 164 714
205 3222 165 710
193 3268 164 705
237 3339 177 719
220 3521 165 707
221 3185 159 716
243 3740 160 695
187 3081 161 702
186 3047 154 691
206 2976 190 715
195 2923 176 725
223 3350 160 710
204 3278 168 736
212 3142 175 709
180 2914 162 711
170 2590 162 692
213 3430 175 720
207 3402 150 694
230 3645 159 719
178 2899 159 705
200 3203 162 689
207 3362 162 689
180 2804 173 713
230 3888 188 735
221 3584 189 719
198 3075 173 713
206 3244 164 692
177 2984 164 718
201 3163 162 717
188 3112 169 720
196 3043 162 692
202 3409 146 721
163 2600 154 694
219 3612 166 720
185 3050 173 736
187 2990 163 708
187 2924 149 701
194 3301 159 726
196 3154 170 729
189 2975 164 714
200 3172 177 713
219 3426 168 721
210 3116 161 706
176 2966 161 715
241 3723 164 699
209 3256 157 722
210 3402 167 714
188 2829 161 696
193 3295 163 704
180 2911 158 697
217 3250 174 709
209 3357 170 739
214 3450 176 710
227 3256 170 710
239 3679 168 709
169 2840 149 698
204 3235 154 711
269 4212 150 719
185 2900 161 707
246 3917 167 747
188 2904 177 718
244 3621 160 700
201 3192 179 744
190 3111 149 701
259 3914 157 719
195 3256 154 705
247 3723 188 744
186 2883 153 695
246 3627 177 701
178 2947 154 697
208 3377 158 719
191 3065 158 701
208 3016 177 732
187 2987 166 732
189 3046 149 709
190 2937 175 714
220 3454 169 717
211 3385 156 729
185 2936 149 698
221 3120 176 734
232 3598 168 697
200 3042 177 721
248 3809 178 720
192 3101 157 708
188 2802 154 711
167 2667 161 712
248 4135 175 738
188 3149 173 719
192 3175 160 714
192 3126 173 725
189 3206 154 711
209 3357 150 697
207 3283 168 703
187 2777 175 713
194 3000 173 716
196 3051 167 717
176 2794 164 722
239 3696 174 730
185 3048 154 716
198 3155 163 704
186 3074 162 715
199 3456 161 728
189 2940 154 694
222 3302 154 713
198 3193 154 698
212 3228 158 724
174 2876 154 697
209 3254 159 718
197 3118 174 734
182 2792 150 694
235 3816 176 709
199 3241 176 715
190 2806 162 702
199 2851 162 710
206 3009 187 703
221 3588 165 692
202 3372 149 698
207 2943 176 716
201 3206 162 714
171 2853 152 711
221 3368 162 689
250 3563 204 732
211 3034 204 746
219 3096 174 720
248 3973 173 719
200 3240 164 712
195 2931 154 718
200 3237 154 718
190 2860 162 692
206 3240 159 712
216 3316 173 710
220 3149 176 712
185 3064 157 709
212 3176 159 709
199 3288 159 705
239 3707 168 711
187 3118 169 715
206 3126 163 718
182 2817 154 701
204 3069 166 728
209 3209 164 733
252 3700 162 713
193 3142 154 697
217 3291 165 714
210 3117 175 699
185 3123 160 711
197 3250 175 699
177 2811 162 711
193 3177 167 717
233 3670 160 703
203 3341 162 700
223 3627 169 728
202 3148 160 714
213 3353 171 737
185 2978 162 722
222 3338 178 724
202 3200 179 732
231 3461 154 707
186 3153 165 707
196 3069 154 715
186 2940 164 722
169 2907 162 708
215 3389 179 724
194 2819 162 692
187 3155 149 701
187 3072 154 705
234 3288 170 716
217 3046 162 718
202 2963 170 739
249 3614 165 721
203 3332 165 723
207 3404 151 731
201 3283 177 735
217 3436 164 716
211 2971 201 717
201 2945 185 708
215 3418 161 721
233 3476 190 700
190 3241 158 709
201 3119 163 707
177 2886 162 714
166 2803 160 721
221 3260 159 712
199 3047 164 717
215 3390 184 714
193 3170 164 721
202 3299 154 709
180 2933 154 704
196 2943 176 709
189 2892 161 717
197 2836 187 699
221 3622 166 735
184 3008 154 694
183 2887 164 714
203 3294 170 740
208 3318 164 717
206 3305 154 704
213 3251 159 707
184 2981 161 702
199 3360 176 716
197 3082 178 728
214 3529 168 699
201 3023 162 722
193 2831 175 734
180 2790 161 699
245 3800 167 739
206 3035 154 709
188 3227 153 736
239 3682 169 718
243 3485 188 734
191 2972 149 698
210 3310 154 712
186 2835 175 737
206 3018 159 717
237 3399 183 740
179 2712 163 728
197 3129 162 689
227 3664 185 742
223 3767 162 728
196 2988 160 697
194 3256 164 722
247 3359 193 726
213 3005 162 706
176 2828 153 701
193 3069 166 712
204 3249 174 706
193 2814 174 717
185 3046 164 692
228 3838 166 732
185 2960 162 711
225 3859 153 712
