117666 3360.76
248 3642 223 741
307 4570 279 853
195 2596 168 680
230 3420 213 779
212 2713 205 689
240 3464 173 689
239 4166 165 721
230 3096 198 727
184 2945 167 692
216 3255 198 750
262 3895 209 818
265 3513 204 767
282 4171 197 809
277 4159 212 796
349 5421 269 831
232 3346 208 705
301 4365 228 783
327 5063 231 882
257 3896 193 775
235 3733 183 814
242 3440 177 737
210 3107 166 731
232 3237 189 723
238 3672 204 747
235 3856 183 725
168 2529 151 691
214 3626 163 727
229 3433 203 718
191 3289 160 712
206 2461 192 665
181 2963 146 694
310 4969 247 860
270 3961 230 836
272 3815 173 755
256 4240 191 766
218 2879 196 713
198 2905 160 704
279 3979 214 798
195 2557 170 675
288 4071 243 815
239 3496 195 789
215 2996 172 766
213 3405 174 752
375 5484 255 967
241 3046 221 701
227 3775 172 707
268 3775 209 795
277 3926 224 807
204 3013 174 762
247 4051 235 801
223 3205 181 724
237 3382 223 748
268 3510 193 718
283 4941 185 775
237 3360 179 710
369 5646 308 1003
231 3161 174 726
295 4106 210 768
312 4877 267 843
201 3037 174 721
266 3715 192 733
226 3576 184 716
283 4316 228 798
299 3839 214 791
213 2741 174 709
192 2862 165 721
181 2883 159 751
226 3318 203 711
347 5691 237 911
291 4206 254 832
190 2919 158 724
231 3669 194 793
267 3884 199 757
253 3951 188 741
183 2807 157 673
277 3941 226 735
228 3425 172 703
257 4133 189 770
251 3781 177 773
241 3687 200 783
278 4233 250 832
248 3209 169 713
358 6039 280 902
266 4020 217 766
259 3915 208 846
297 4208 229 745
244 3251 162 755
202 2842 174 725
344 5128 224 843
185 3129 172 710
326 5029 254 902
259 4030 196 826
289 3863 171 757
228 3767 183 781
202 3325 168 714
233 3559 180 737
229 3163 186 704
254 3542 184 736
266 3392 222 760
227 2741 192 665
217 3328 212 707
201 2815 177 667
323 5285 294 850
355 5906 247 898
339 4831 238 863
258 4150 200 823
218 3117 160 739
305 4523 248 866
178 2601 153 688
377 5837 329 950
275 4425 210 881
292 4047 237 842
283 3727 235 776
252 3559 227 819
311 4620 287 856
210 2834 164 678
252 3550 213 764
201 3370 179 723
249 3687 206 835
183 2583 167 684
405 6078 294 893
248 3726 177 749
276 4000 244 788
254 3955 219 855
246 3218 183 686
196 2964 178 686
304 4293 235 818
267 3890 243 747
253 3625 188 737
299 4650 216 777
296 4447 217 833
230 3664 221 849
249 3506 175 710
218 3014 187 740
221 3453 201 769
277 3917 184 781
325 4703 199 869
221 3462 181 736
240 3219 192 707
231 3319 202 749
181 2432 177 667
243 3224 199 761
282 4549 195 773
274 3489 182 709
233 3507 213 760
252 3755 222 834
229 3227 157 683
247 3901 226 809
280 3823 204 785
233 3222 178 691
260 4130 189 809
266 3444 207 733
266 3434 218 806
254 3899 178 782
233 3305 196 787
293 3786 252 793
313 4151 212 832
264 3705 217 801
283 4176 225 813
200 2615 189 665
206 3498 163 715
258 3640 211 777
259 4148 239 836
286 3957 222 775
271 3656 199 841
215 3161 169 713
272 4134 193 808
205 3270 174 725
205 3140 179 726
195 3014 182 742
273 3867 219 826
323 4534 224 863
257 4101 216 809
275 4122 209 742
258 3539 208 768
285 3945 234 842
222 3175 174 732
233 3192 198 709
275 4243 229 804
193 2740 170 689
183 2385 160 680
247 3089 162 693
355 5262 297 908
261 3780 199 731
281 4051 240 804
367 6086 219 887
270 4284 199 814
257 4111 224 779
305 4919 218 862
200 3174 163 746
228 3410 199 806
267 4416 191 830
274 3603 198 772
270 4029 200 794
312 5070 248 919
241 3776 197 776
239 3651 188 781
309 4871 226 869
353 5465 257 888
267 4028 172 744
204 2776 161 702
266 3867 159 699
235 3309 174 722
251 3209 211 717
279 4562 248 904
233 3501 165 710
194 2889 191 695
206 3165 193 703
250 3752 227 775
237 3439 190 734
324 4453 232 874
273 4045 226 866
259 3512 182 704
250 4168 203 781
326 5138 272 959
237 3723 199 797
280 4616 230 864
218 3624 165 712
236 3287 193 724
193 2605 174 673
179 2790 171 715
195 2954 179 761
237 2955 198 696
246 3281 221 724
261 4085 172 787
207 2783 167 690
214 2668 192 678
218 3275 192 755
311 5025 272 925
276 4339 196 798
211 3156 149 734
298 4899 270 911
366 5904 280 984
217 3519 160 705
167 2514 153 692
230 3394 161 702
378 6137 269 867
276 4169 227 855
228 3527 157 710
211 3102 178 730
244 3347 182 709
216 2689 157 673
239 3579 188 744
213 2498 165 669
219 3424 181 772
224 3604 188 734
201 2952 179 752
258 4073 194 785
281 4511 222 904
277 4076 179 754
274 4535 209 829
226 3596 167 734
181 2799 165 710
245 3161 193 785
174 2298 156 671
271 4206 224 879
263 3945 186 715
322 4662 280 938
224 2907 166 678
304 4729 254 901
294 4532 251 894
299 4579 248 836
238 3268 183 685
262 4494 166 759
312 4736 261 872
175 2477 160 678
259 3897 189 781
268 4235 226 846
277 3882 192 739
259 4066 217 815
247 3671 168 694
231 3000 183 709
248 4111 169 738
224 3559 182 810
228 3370 182 763
266 4151 197 806
257 3286 193 728
313 4834 238 912
346 5721 239 835
241 3422 195 779
240 3910 216 832
221 3249 173 737
209 3239 165 743
213 3064 175 694
173 2872 145 694
228 3576 194 729
211 3317 196 710
286 4190 208 796
238 3396 211 788
198 3147 157 684
235 3542 187 709
282 3918 204 848
259 3374 212 752
303 4663 189 866
226 2710 164 671
257 3374 175 737
235 3504 206 741
220 3271 191 768
308 4285 223 790
218 3378 199 790
