21056 480.124
159 2189 158 750
165 2152 157 760
166 2283 155 769
213 2626 213 716
171 2168 161 739
171 2160 161 746
181 2394 181 722
166 2172 158 743
166 2157 158 753
171 2160 161 746
172 2189 161 732
171 2160 161 746
179 2294 166 727
171 2178 161 736
166 2160 158 753
166 2165 158 746
172 2180 161 735
162 2216 159 739
171 2179 161 736
166 2158 158 753
174 2289 161 732
172 2189 161 732
172 2214 161 732
159 2189 158 750
165 2160 157 753
171 2168 161 739
165 2161 157 753
171 2160 161 746
172 2192 161 732
164 2232 161 732
180 2242 167 730
165 2154 157 760
171 2160 161 746
171 2176 161 736
171 2160 161 746
170 2156 161 753
180 2239 167 730
172 2201 161 732
171 2168 161 739
170 2156 161 753
179 2278 166 727
171 2168 161 739
174 2252 174 730
166 2172 158 743
165 2154 157 760
172 2189 161 732
179 2286 166 727
164 2167 157 766
172 2181 161 735
161 2210 158 750
166 2164 158 746
172 2189 161 732
172 2180 161 735
159 2189 158 750
171 2160 161 746
166 2157 158 753
172 2189 161 732
171 2176 161 736
172 2201 161 732
163 2210 159 739
180 2235 167 730
171 2168 161 739
162 2217 159 739
165 2152 157 760
171 2160 161 746
171 2168 161 739
180 2253 167 730
164 2235 161 732
171 2160 161 746
166 2157 158 753
172 2180 161 735
165 2154 157 760
179 2330 166 727
167 2186 159 739
164 2155 161 763
171 2171 161 739
179 2306 166 724
166 2164 158 746
172 2195 161 732
164 2171 156 759
164 2177 156 759
172 2181 161 735
179 2278 166 727
164 2232 161 732
167 2191 159 739
171 2168 161 739
172 2189 161 732
171 2161 161 746
171 2168 161 739
165 2161 157 753
180 2239 167 730
165 2218 161 732
171 2168 161 739
171 2160 161 746
162 2222 158 743
165 2152 157 760
172 2189 161 732
165 2209 161 732
166 2157 158 753
165 2152 157 760
172 2192 161 732
171 2168 161 739
172 2189 161 732
165 2178 158 746
166 2157 158 753
172 2180 161 735
180 2239 167 730
164 2155 161 763
172 2184 161 735
171 2160 161 746
171 2168 161 739
165 2160 157 753
171 2176 161 736
167 2186 159 739
166 2177 158 743
171 2161 161 746
166 2164 158 746
171 2168 161 739
165 2209 161 732
164 2168 156 759
179 2314 166 724
172 2203 161 732
171 2168 161 739
171 2160 161 746
165 2154 157 760
165 2154 157 760
172 2189 161 732
162 2204 157 753
171 2160 161 746
171 2168 161 739
172 2189 161 732
171 2160 161 746
172 2189 161 732
164 2246 161 732
164 2155 161 763
167 2178 159 742
172 2195 161 732
165 2209 161 732
172 2185 161 735
166 2164 158 746
172 2192 161 735
172 2189 161 732
166 2203 161 732
164 2168 156 759
166 2176 157 747
172 2189 161 732
172 2192 161 732
171 2168 161 739
171 2168 161 739
164 2168 156 759
172 2189 161 732
171 2160 161 746
166 2157 158 753
171 2168 161 739
165 2191 161 736
166 2157 158 753
179 2452 166 721
166 2201 161 732
166 2172 158 743
164 2155 161 763
172 2200 161 732
165 2152 157 760
172 2189 161 732
171 2168 161 739
166 2157 158 753
185 2583 164 727
174 2266 174 730
166 2166 158 746
172 2185 161 735
162 2216 159 739
166 2165 158 746
171 2160 161 746
172 2192 161 732
164 2246 161 732
165 2152 157 760
165 2152 157 760
171 2176 161 736
172 2195 161 732
171 2176 161 736
160 2215 159 746
181 2351 181 722
172 2189 161 732
164 2223 161 732
170 2156 161 753
171 2160 161 746
171 2160 161 746
173 2372 166 724
166 2172 158 743
165 2154 157 760
170 2156 161 753
172 2189 161 732
164 2157 161 763
172 2189 161 732
165 2209 161 732
166 2157 158 753
172 2192 161 732
172 2181 161 735
162 2196 158 743
171 2168 161 739
164 2155 161 763
174 2236 161 732
180 2242 167 730
172 2189 161 732
166 2172 158 743
172 2192 161 732
171 2168 161 739
165 2160 157 753
166 2157 158 753
171 2168 161 739
166 2165 158 746
180 2239 167 730
171 2168 161 739
171 2160 161 746
171 2168 161 739
166 2164 158 746
165 2152 157 760
179 2278 166 727
172 2189 161 732
171 2168 161 739
165 2154 157 760
179 2279 166 727
171 2168 161 739
172 2181 161 735
164 2165 157 766
165 2152 157 760
179 2281 166 727
179 2295 166 727
171 2168 161 739
179 2314 166 727
167 2178 159 742
171 2160 161 746
167 2191 159 739
171 2168 161 739
164 2169 156 759
171 2168 161 739
171 2162 161 746
172 2189 161 732
171 2168 161 739
166 2204 161 732
159 2189 158 750
180 2239 167 730
172 2181 161 735
165 2152 157 760
171 2160 161 746
165 2160 157 753
171 2168 161 739
172 2189 161 732
164 2168 161 756
171 2160 161 746
165 2152 157 760
171 2176 161 736
170 2156 161 753
172 2189 161 732
171 2176 161 736
167 2177 159 742
165 2157 157 760
172 2189 161 732
166 2203 161 732
173 2375 166 727
166 2175 158 743
166 2176 157 747
172 2181 161 735
173 2324 166 727
162 2205 159 742
167 2177 159 742
171 2176 161 736
165 2238 161 736
171 2168 161 739
171 2168 161 739
164 2165 157 766
172 2189 161 732
162 2209 158 743
171 2168 161 739
171 2168 161 739
165 2157 157 760
171 2160 161 746
180 2308 166 727
172 2189 161 732
166 2164 158 746
170 2156 161 753
179 2294 166 727
171 2168 161 739
172 2190 161 732
167 2177 159 742
171 2160 161 746
172 2181 161 735
172 2189 161 732
164 2155 161 763
172 2220 161 732
166 2172 158 743
172 2185 161 735
172 2185 161 735
171 2176 161 736
164 2192 161 739
165 2178 158 746
171 2160 161 746
165 2154 157 760
171 2168 161 739
166 2212 161 732
164 2168 156 759
