15 0.231614
237 3861 209 850
232 3814 215 892
250 3989 200 942
266 4199 205 858
255 4191 203 903
248 3909 207 910
267 3897 203 907
230 3851 223 949
235 3931 214 935
231 3798 229 933
262 3830 212 963
278 4591 188 841
256 4269 222 869
282 4672 201 884
273 4150 204 926
249 3969 225 909
252 4305 213 876
247 4178 220 891
272 4221 212 880
243 3825 224 958
257 4096 209 935
277 4551 207 895
249 4227 213 899
248 4039 233 882
254 4022 216 927
254 4010 234 882
273 4093 236 876
253 3994 219 929
283 4739 241 861
266 4409 207 931
273 4406 209 916
248 4021 211 957
254 4253 211 923
272 4184 215 909
251 4216 211 931
252 4229 218 884
244 4116 235 955
318 4971 208 878
265 4339 208 958
244 4138 244 902
302 4181 215 925
272 4255 209 934
315 5040 222 844
333 4984 237 855
298 4595 203 962
297 4792 205 900
269 4204 221 895
265 4398 213 917
262 4332 228 881
264 4010 235 891
279 4492 208 930
299 4906 220 876
301 5045 202 929
293 4400 221 882
255 4325 227 927
276 4515 234 876
255 4090 237 906
321 4548 232 871
266 4041 230 927
266 4296 210 962
248 4081 227 962
273 4246 216 932
246 4137 227 966
300 4476 254 942
291 4690 221 913
285 4411 237 878
306 4909 234 969
330 5289 239 1013
281 4592 227 889
328 5263 236 932
352 5350 245 1049
301 4505 270 881
340 5468 226 893
284 4274 238 958
285 4444 246 888
307 4818 220 926
276 4212 255 890
297 5066 266 867
277 4279 247 922
278 4658 236 934
251 3986 207 877
293 4530 218 925
333 5475 255 1025
304 4576 246 907
283 4529 248 905
286 4570 224 921
318 4916 250 901
273 4473 248 955
338 5378 246 970
316 5048 246 1008
300 5203 237 857
275 4221 213 888
313 5130 248 905
314 4896 231 900
313 5254 254 936
297 4926 243 913
288 4771 229 911
268 4348 203 949
229 3699 184 890
415 6141 272 927
260 4267 238 929
329 5180 254 905
310 4993 232 920
288 4968 228 955
299 4550 246 912
323 5336 274 895
267 4217 230 878
251 3984 232 920
269 4289 242 896
308 4830 266 907
284 4551 240 941
318 5280 247 991
284 4600 242 960
267 4301 209 893
350 5767 214 940
268 4473 241 940
326 5134 212 933
313 5186 226 998
252 4109 236 961
268 4325 228 913
297 4701 232 899
263 4363 243 901
263 4224 233 913
310 4606 279 890
305 4690 203 928
266 4508 218 884
272 4277 208 874
314 5068 226 959
311 4424 222 878
279 4586 225 929
324 5710 226 942
291 4905 241 987
296 4979 238 903
263 4261 232 909
283 4451 247 969
306 4746 230 901
288 4914 217 896
261 4353 218 885
287 4668 222 982
263 4118 255 921
305 4760 254 945
270 4155 247 919
278 4041 244 908
291 4604 227 926
347 5622 234 908
360 5674 294 943
317 4848 231 941
277 4121 249 934
263 4219 204 907
277 4234 255 927
324 5034 227 921
296 4785 239 957
301 5071 231 992
309 4714 231 932
279 4503 203 891
327 5251 267 966
360 5857 254 957
325 5284 266 983
315 5410 216 964
305 4479 245 946
325 4974 214 949
321 5280 238 981
320 5153 245 927
270 4272 210 874
256 4108 219 867
323 4901 227 889
308 4916 222 861
302 5031 219 923
297 4931 235 926
306 5158 226 902
345 5654 215 986
288 4507 264 859
271 4117 222 959
344 5626 243 936
265 4293 236 900
311 4846 236 1007
332 5149 250 928
296 4536 230 941
306 4968 213 903
298 5040 236 1026
279 4284 228 920
322 4893 250 899
263 4172 225 913
309 5018 251 936
333 5527 242 888
276 4361 245 899
256 4073 219 924
337 5324 234 866
303 4407 223 882
249 4143 236 965
295 4544 246 890
295 4767 222 881
316 5223 246 908
334 5057 270 967
281 4688 201 924
320 4672 234 921
330 4990 275 986
299 4585 233 946
295 4853 228 938
255 4145 239 895
324 4648 233 1023
315 5050 257 927
284 4383 217 927
265 4459 223 930
326 4885 267 912
264 4096 223 904
324 4868 251 940
310 4910 238 905
289 4638 281 948
341 5692 249 968
304 4511 246 910
243 3913 195 871
314 4677 242 887
258 4156 213 935
263 4254 214 916
313 5314 203 904
316 5035 221 919
287 4613 230 930
325 4815 239 925
316 5039 228 885
271 4553 228 939
334 5577 235 961
281 4163 244 860
311 5003 251 900
300 4750 231 883
296 4857 243 893
336 5304 209 921
244 3864 227 899
284 4697 225 932
283 4565 207 909
235 3793 199 879
300 4599 244 914
258 3935 223 809
300 4825 227 955
302 4355 241 949
336 5333 213 914
312 5053 250 943
292 4711 248 912
270 4017 229 902
286 4165 250 950
299 4829 245 869
345 5788 241 970
336 5254 212 918
302 4390 252 890
217 3580 199 855
291 4451 236 978
302 4851 247 995
318 5103 251 883
287 4667 248 917
314 5090 217 965
248 4274 242 914
317 4870 259 883
266 4274 220 874
286 4603 262 942
322 5326 253 945
349 5376 237 904
271 4360 216 912
240 4045 225 929
302 4855 277 925
286 4560 250 895
335 4984 232 930
295 4997 238 985
285 4654 235 935
254 4249 233 954
288 4851 220 933
271 4369 245 891
276 4540 209 847
291 4568 227 960
289 4722 244 899
274 4772 223 940
320 5250 258 901
303 4925 237 987
361 5579 251 951
287 4681 251 919
266 3984 212 868
278 4278 215 879
335 5500 241 1013
288 4631 257 913
330 5215 258 877
359 5837 245 943
294 4695 248 922
290 4282 246 961
348 5365 271 962
338 5033 236 900
314 4875 225 996
256 4044 230 893
264 4042 212 913
326 5467 255 1017
251 4296 239 905
260 4122 237 866
312 5224 242 948
289 4494 261 896
288 4340 223 872
282 4529 265 997
304 4919 256 923
295 5032 248 891
271 4810 262 1006
291 4826 263 897
310 4948 288 935
306 5272 247 937
