68910 1980.52
226 3774 201 781
258 4142 190 817
230 3568 198 775
219 3466 172 755
295 4658 211 804
265 3696 215 717
310 4603 214 837
192 2928 169 734
223 3159 169 722
255 3916 224 858
189 2980 160 677
242 3819 185 754
256 3807 184 799
264 3549 196 763
289 4307 230 762
344 5329 277 872
201 3063 155 709
268 4546 218 819
255 3902 192 805
180 2716 166 692
298 4874 203 815
282 4289 168 767
243 3663 178 757
225 3615 190 758
290 4806 196 771
243 3789 184 807
192 2831 161 685
206 3127 176 719
238 3607 194 744
250 4072 212 816
303 4924 229 888
261 3547 206 770
222 3625 192 858
261 3742 206 771
271 3664 208 740
253 3840 205 744
281 3912 217 726
246 3611 201 691
230 3692 183 800
252 3787 252 803
269 4167 233 846
280 4016 208 806
301 4211 230 830
199 2937 152 725
248 3994 183 751
198 3023 170 738
220 3690 172 768
218 3407 177 706
224 3481 155 699
259 3837 190 832
235 3648 211 792
225 3386 189 770
267 4112 218 845
254 3846 242 866
291 4377 245 841
251 4094 204 866
233 3429 231 829
208 3322 179 746
264 3733 224 825
360 5211 265 916
246 3532 207 799
220 3542 210 780
184 2862 169 708
232 3741 155 711
227 3015 169 686
247 3285 240 779
380 5753 276 881
334 4824 225 827
226 3716 174 760
276 4297 187 747
205 3311 169 709
185 2779 168 681
179 2828 159 720
245 3561 176 706
264 3761 204 771
340 4838 239 860
237 3438 183 750
220 3274 155 743
257 3701 222 735
219 3219 181 769
264 4297 178 769
243 4035 217 825
212 3542 168 754
211 3298 155 712
177 2650 156 697
283 4336 238 883
226 3417 168 706
264 4253 183 809
220 2858 172 672
253 3814 196 820
216 3058 171 718
225 3271 160 688
219 3263 187 672
320 4975 212 850
202 2849 161 724
220 3265 167 699
209 2867 178 688
218 3370 192 744
238 3775 192 777
217 2948 176 723
220 3087 170 675
270 3829 225 848
230 3268 180 718
231 3331 179 787
224 3346 187 797
201 3227 173 705
231 3501 180 744
183 2804 154 721
295 4373 208 833
270 3768 186 806
296 4635 211 898
245 3794 221 811
225 3274 184 732
272 4411 224 844
218 3433 207 745
225 3283 182 728
243 3988 180 749
261 3823 211 794
239 3653 174 745
247 3234 203 748
263 3945 193 821
210 3271 180 784
214 2976 171 733
267 3756 205 779
245 3428 182 684
287 4436 197 778
301 4048 214 800
211 3344 151 720
187 2700 175 705
170 2620 168 690
241 3564 201 785
286 4372 222 869
230 3770 196 760
284 4392 213 841
216 3078 184 699
282 4716 201 789
220 3240 185 767
197 2926 166 721
297 4315 240 890
251 3846 200 825
201 2994 175 694
281 4503 202 815
297 4807 189 790
229 3088 185 701
261 3946 190 801
242 3768 242 831
322 5179 235 902
265 3699 188 789
223 3679 215 845
263 4040 199 779
280 4139 237 767
272 4470 249 902
202 3166 179 775
252 3476 203 762
260 3905 218 789
287 4432 228 919
280 4041 196 784
200 3176 163 739
291 4682 241 899
322 4968 199 756
212 3188 175 700
215 3350 172 745
228 3689 174 727
212 3133 185 703
272 3729 200 728
233 3621 188 720
244 3584 196 770
265 4016 170 811
199 2895 172 678
281 4032 227 823
232 3414 171 718
248 3724 212 820
200 3191 169 728
210 3108 159 691
213 2985 183 726
254 3241 201 774
223 3607 172 736
256 4359 178 783
217 3195 196 709
206 3158 155 710
212 3199 181 746
209 3245 181 730
246 3840 197 828
201 2884 159 718
201 2829 155 685
244 3620 192 750
244 3585 189 741
240 3611 172 707
233 3582 186 743
250 3671 218 835
201 3079 160 692
261 4344 196 835
216 3118 194 758
244 3748 180 756
215 3012 164 726
309 5321 273 946
216 3270 169 726
244 4022 211 911
239 3645 169 770
229 3594 188 736
241 3848 186 787
294 4668 214 880
251 3969 201 777
208 3191 170 740
218 3264 171 739
302 4654 198 835
208 3181 180 743
241 3726 162 741
234 3715 191 781
302 4348 241 863
267 4194 198 821
259 3980 192 800
184 2889 170 715
252 3986 193 846
262 4090 258 895
193 2726 184 673
221 3311 186 708
221 3521 150 712
200 2770 182 679
255 3868 209 756
273 4229 266 853
272 4264 195 783
259 4246 215 755
406 5677 222 912
337 4861 226 848
244 3813 221 805
219 3377 180 755
290 4625 247 844
209 3170 158 706
212 2937 174 715
212 3020 208 709
232 3512 183 728
221 3340 184 782
281 4469 185 845
286 4441 217 787
270 3810 200 825
284 4465 248 908
203 3205 175 752
256 4035 256 811
212 3321 166 690
252 3673 202 790
238 3863 213 830
216 3550 212 742
203 3265 180 740
206 3042 183 699
228 3287 186 780
219 3277 168 711
259 3853 200 761
212 3376 180 741
216 3266 175 741
271 3968 221 824
225 3456 212 764
218 3342 154 691
220 3550 199 783
220 3292 170 731
195 3198 158 690
255 4005 188 777
319 5061 225 898
266 3804 219 790
237 3979 204 776
251 3971 227 819
232 3673 203 846
229 3065 170 729
220 3191 165 723
197 2981 158 737
241 3571 200 797
212 3504 177 723
205 3389 169 748
217 3419 192 724
254 4043 209 842
205 3167 176 728
175 2770 164 732
208 3213 173 710
245 3655 170 746
256 3897 210 735
237 3591 190 791
269 4077 195 785
215 2924 159 698
209 3112 189 733
208 3112 182 757
220 3336 173 720
198 2782 167 694
267 3904 230 817
305 4888 237 957
276 4145 185 701
206 3126 173 689
307 4912 244 913
182 2763 167 726
280 4426 245 845
319 5058 252 909
236 3622 206 734
208 3268 174 731
245 3596 218 780
235 3628 179 803
243 3522 196 741
309 4830 236 881
244 3656 188 769
234 3330 187 754
269 3940 257 813
338 4822 246 787
