174700 3000.4
162 2388 160 730
164 2470 160 715
167 2513 167 713
157 2487 155 726
160 2501 160 715
160 2446 155 738
174 2584 164 713
157 2551 157 721
164 2425 160 725
169 2752 154 738
180 2441 160 722
156 2549 156 725
165 2626 159 719
178 2684 159 716
164 2403 160 727
162 2406 160 727
161 2441 157 738
156 2491 155 736
158 2530 157 721
169 2456 160 722
156 2498 155 732
162 2441 155 743
172 2629 154 758
162 2495 160 715
162 2461 160 724
180 2781 154 733
157 2526 157 724
156 2533 156 728
167 2525 157 721
164 2482 159 729
156 2548 155 726
180 2732 155 725
166 2464 160 722
181 2701 154 755
178 2740 154 744
163 2430 160 726
179 2615 154 758
183 2738 154 741
167 2516 159 724
163 2458 160 724
163 2539 156 725
178 2723 154 755
163 2442 156 742
173 2480 159 736
179 2570 179 711
188 2744 154 739
190 2707 155 725
175 2563 154 761
168 2620 154 761
191 2701 154 740
174 2811 158 720
173 2612 154 761
155 2564 155 729
155 2564 155 729
165 2493 160 718
163 2466 160 724
164 2501 155 726
162 2467 160 727
163 2514 155 726
162 2429 160 730
161 2489 160 730
168 2543 160 715
177 2538 165 716
306 4652 236 868
262 4081 223 867
314 5217 314 901
256 4220 208 849
295 4478 226 911
336 4758 218 892
275 4139 235 879
298 4026 221 906
311 4582 224 884
295 4682 251 886
314 4727 265 898
282 4372 249 889
295 4847 229 873
269 4334 212 888
257 4073 223 873
277 4212 214 869
295 4949 219 890
311 4826 271 927
304 4634 212 836
254 3748 205 862
271 4410 219 888
244 3761 205 819
300 5067 251 891
288 4562 208 849
266 3993 209 789
293 4517 258 857
274 4331 188 877
251 4034 224 859
256 4005 214 867
256 4078 218 831
301 4794 206 860
322 5081 217 900
245 3688 227 887
336 5356 263 925
254 3961 233 850
295 4756 213 901
294 4882 233 867
265 4179 246 848
318 4964 249 904
272 4299 221 894
253 3822 243 858
371 5397 319 942
301 4747 283 920
336 5024 228 913
315 4593 250 897
335 5136 248 918
281 4726 239 865
260 4497 221 862
282 4043 258 916
266 4350 224 930
265 3824 208 914
306 4340 218 931
265 4405 230 861
304 4304 202 868
283 4078 262 891
286 4450 213 877
273 4162 236 900
321 4605 241 884
285 4702 213 864
306 4954 232 918
269 4107 205 863
290 4281 250 903
288 4531 251 892
291 4515 230 936
316 4623 242 946
322 4767 236 909
273 4035 221 900
239 3843 226 875
265 4161 214 828
315 5150 253 942
279 4523 257 902
297 4656 242 912
322 5235 257 880
313 5020 237 936
299 4639 231 858
324 4578 210 863
266 4111 242 867
305 5023 217 876
293 4617 233 877
332 5040 252 908
281 4290 206 874
277 4168 224 914
312 4924 252 923
244 4011 219 894
270 4487 232 945
262 4111 243 848
329 5230 232 881
278 4286 244 890
290 4518 210 833
300 4570 238 895
271 4057 231 908
313 4591 251 968
259 4271 225 884
301 4366 228 882
306 4667 219 886
356 5650 274 927
330 5363 213 933
276 4270 232 866
281 4308 209 863
262 4134 225 830
326 5152 252 909
228 3712 226 885
355 5141 241 936
291 4566 238 845
266 4161 231 885
322 4676 228 896
298 4750 214 866
334 5471 260 937
325 5171 247 889
238 3990 225 881
237 3595 215 877
275 4068 218 880
285 4248 265 916
283 4732 215 888
272 4145 225 881
251 4090 238 853
267 4282 207 891
285 4645 257 931
333 5328 243 930
281 3994 239 863
368 5751 231 869
307 4867 286 968
266 4154 238 890
300 4335 243 836
263 3810 244 864
235 3877 228 893
312 4745 274 880
265 4455 232 826
317 4847 257 922
273 4452 214 914
260 3737 213 881
259 3795 203 895
307 5111 261 877
279 4386 222 858
320 4852 222 913
272 3898 197 860
279 4470 217 923
303 4795 269 931
261 4240 195 861
278 4695 228 833
346 5084 238 936
260 3822 209 862
321 4877 227 892
266 4028 207 858
346 6030 288 947
262 4009 213 839
236 3675 233 872
267 4033 218 844
284 4323 246 939
276 4388 225 903
300 4840 298 949
220 3280 217 803
292 4140 248 875
247 3786 228 824
279 4313 227 855
310 4587 263 912
235 3631 197 869
274 4132 248 870
270 4302 256 916
271 3816 226 857
296 4693 219 844
289 4399 252 928
292 4148 227 865
269 4261 240 902
318 5331 243 877
344 5233 204 904
311 4867 229 892
251 3855 231 921
307 4821 214 827
247 3580 221 839
323 5276 251 911
373 5636 250 901
263 4213 216 883
287 4299 261 913
280 4308 219 908
316 5157 240 925
284 4235 224 937
337 5031 209 907
280 4433 194 879
292 4470 236 895
241 3788 204 859
311 4852 218 934
338 4636 276 901
263 4458 257 901
305 4532 253 895
262 4097 216 871
288 4217 220 847
324 4861 217 924
255 3994 218 909
282 4434 244 917
308 4844 230 896
283 4154 222 882
320 4944 233 851
278 4047 233 886
356 5073 263 935
271 4333 231 879
271 4030 223 912
290 4649 235 883
250 4057 250 911
312 4744 251 879
271 3967 271 905
255 4169 194 873
312 4666 230 902
322 5162 229 907
269 4108 219 869
271 4202 220 846
271 4363 243 921
259 4229 236 944
389 5711 226 886
276 4162 223 925
219 3558 189 810
249 3801 230 880
268 4032 223 926
285 4522 267 915
257 4326 255 937
264 4216 239 878
262 3868 222 866
294 4469 210 897
295 4605 223 926
300 4646 247 930
251 3819 210 883
264 4002 225 888
249 3845 232 904
284 4521 230 896
261 4077 210 865
288 4315 217 873
301 4738 248 875
290 4454 222 934
262 3915 231 887
294 4421 222 904
276 4439 270 903
305 4448 239 888
241 3494 233 866
289 4253 234 878
347 4565 239 922
261 4116 242 912
272 4264 231 911
