44874 1080.45
218 3263 159 726
261 3939 204 764
218 3232 180 743
179 2517 172 707
255 3844 188 821
173 2711 160 692
221 3497 178 736
212 3140 168 744
318 4697 258 934
324 5020 274 907
251 3367 201 677
204 3048 163 714
313 4610 238 823
223 3232 181 717
261 3821 173 723
328 5056 256 787
225 3366 179 803
255 3568 167 746
220 2909 185 692
262 3746 191 793
250 3871 166 747
240 3309 169 706
221 3364 188 711
266 4345 199 767
263 3782 233 882
264 4376 177 761
228 3395 160 723
231 3361 193 763
254 4172 227 864
331 4804 192 827
261 3775 226 803
284 4276 224 873
275 4288 182 794
213 3184 165 715
264 3599 198 794
229 3643 188 745
250 3554 197 815
194 2907 171 684
269 3738 223 828
294 4163 193 840
270 4470 226 902
214 3305 179 773
262 3888 176 761
219 3606 183 807
281 4407 230 913
231 3671 173 741
268 3876 192 850
216 3161 160 716
254 3796 233 738
240 4053 191 877
240 3279 201 694
257 3875 196 761
278 3843 203 778
207 2981 168 739
241 3603 175 777
308 4896 192 893
264 4410 209 794
325 5331 294 961
214 3166 173 728
265 4035 197 772
253 3598 206 800
233 3243 222 863
294 5161 289 956
201 3318 187 713
236 3599 190 771
213 3382 170 773
261 3938 218 846
200 2882 169 744
221 3104 183 776
226 3504 174 731
246 3491 193 741
287 4238 221 904
230 3812 185 801
298 4871 177 805
239 3570 175 727
320 4824 205 800
274 4245 223 770
252 3561 190 795
266 4017 197 845
234 3225 173 726
192 2691 169 682
187 2950 168 704
273 4118 246 804
208 3397 198 787
245 3603 159 715
196 3193 163 765
264 3937 198 779
272 4510 223 882
258 3939 200 800
309 5107 240 911
253 3680 217 757
266 3748 202 803
293 4057 201 709
267 3888 203 859
233 3477 175 775
288 4578 229 764
245 3803 191 762
315 4916 239 939
267 3762 164 772
237 3419 198 705
200 3164 174 771
254 4054 211 858
317 4955 191 857
262 4037 197 803
239 3852 174 735
239 3739 172 762
227 3557 183 735
270 4114 228 902
232 3046 184 717
190 2992 172 717
284 4263 250 924
289 4419 228 830
258 4067 213 913
191 2865 164 728
238 3549 176 772
298 4882 245 875
199 2895 167 708
210 3052 174 747
235 3455 190 781
246 3947 208 805
219 3396 183 748
227 3373 190 833
261 4153 186 794
227 3498 181 777
196 2907 179 767
263 4368 210 865
299 4742 285 889
243 3431 182 770
215 3469 192 749
272 4497 201 784
320 4895 272 1033
237 3360 182 734
227 3508 178 734
227 3583 194 796
217 3419 173 735
191 2876 160 702
284 4408 233 917
290 4235 250 876
221 3599 160 703
295 4274 209 816
311 4732 278 943
218 2891 174 730
210 3369 202 779
252 4073 216 751
230 3312 188 768
289 4407 194 800
245 3582 162 753
226 3353 176 779
242 3292 182 720
178 2460 162 702
231 3380 186 848
211 3248 169 743
204 2939 158 719
241 3510 177 744
296 4296 159 762
226 3609 185 784
315 4634 249 907
282 4259 199 842
222 3488 187 723
245 3562 191 804
260 4107 204 869
248 3806 193 784
242 3691 193 783
269 3972 199 791
333 4783 229 871
209 3348 189 762
261 4208 221 850
295 4388 223 827
255 4023 211 813
235 3499 209 796
262 3954 246 832
275 4292 219 855
272 4419 217 871
303 4654 220 892
239 3602 239 784
216 3194 170 730
263 3850 221 762
223 3534 184 764
253 3848 232 742
265 3800 213 840
206 2968 191 729
221 3190 197 760
274 3724 173 756
254 3716 174 785
230 3391 174 747
305 4467 259 864
220 3504 168 738
272 3883 224 842
323 4623 241 929
268 4018 224 813
209 2972 158 709
233 3716 201 792
214 3105 155 714
208 3038 176 755
248 3781 179 731
293 4468 276 847
285 3989 275 860
308 4630 241 909
257 4049 203 784
275 3655 175 760
290 4839 241 872
308 4909 253 1040
260 4096 188 776
254 4155 189 806
254 3863 215 843
224 3329 192 735
287 4552 214 854
186 2913 177 694
226 3597 207 790
254 4218 167 767
167 2429 167 694
260 3466 184 755
210 2881 173 692
229 3511 182 774
226 3146 187 783
281 3882 198 814
332 5195 261 853
245 3838 183 742
278 4235 189 719
293 4243 222 823
360 5271 208 830
227 3316 175 741
275 4259 228 868
258 3964 215 748
242 3768 206 799
252 3693 199 782
265 3675 195 841
216 3077 164 723
268 4558 237 873
267 3648 204 797
252 4001 184 767
302 5019 244 877
263 3767 185 799
223 3265 179 682
237 4024 198 836
204 3322 161 747
251 4051 242 891
224 3170 179 692
209 3340 180 756
286 4223 241 784
255 4182 226 882
258 3935 207 861
224 3549 197 808
286 4391 192 809
270 3903 184 837
253 3543 213 762
216 3283 184 755
226 3408 182 770
292 3882 171 765
183 2638 160 711
284 4369 164 741
296 4408 222 829
174 2626 160 704
220 3299 204 834
321 5277 227 904
200 3257 177 707
177 2732 154 706
207 3309 183 750
211 3202 174 740
213 3432 179 769
223 3241 223 806
222 3473 190 753
218 3317 190 794
217 3001 194 712
202 2835 159 699
224 3553 198 795
250 3742 218 823
234 3268 196 731
224 3492 212 821
210 2783 165 701
237 3348 174 748
303 4435 193 820
271 3936 216 746
246 3809 202 867
213 2970 173 705
239 3585 185 776
262 4057 224 911
235 3725 219 786
201 2905 189 725
249 3819 223 879
240 3856 211 765
258 3565 208 758
248 3930 203 826
250 3968 163 756
189 2870 164 721
284 4275 192 782
231 3362 185 781
259 4472 221 885
354 5487 210 803
263 3952 233 807
229 3584 199 761
277 3919 241 828
240 3744 175 742
229 3730 182 783
290 4489 213 883
211 2982 157 715
265 3722 165 704
201 2971 169 694
232 3561 202 731
200 3226 149 729
