445 9.58898
218 2860 217 649
217 2927 217 649
178 2932 161 660
159 2219 156 669
158 2490 144 683
158 2490 144 683
150 2336 150 673
205 2745 205 651
190 2924 190 653
202 2747 190 653
202 2811 202 651
191 2607 166 657
198 2868 187 653
178 2694 178 655
152 2371 147 676
193 2652 193 653
205 2745 205 651
204 2813 161 660
159 2604 146 678
170 2650 170 657
166 2247 147 676
173 2833 144 674
184 2619 178 655
164 2263 146 678
154 2458 145 681
194 2589 193 653
197 2569 197 653
176 2335 163 668
188 2532 183 659
197 2569 197 653
188 2532 183 659
156 2345 155 670
169 2389 145 681
195 2847 177 656
156 2302 150 673
155 2482 154 672
202 2811 202 651
156 2302 150 673
169 2757 145 679
183 2403 172 664
163 2795 156 667
183 2523 151 670
165 2538 162 659
184 2422 164 662
168 2440 148 674
155 2482 154 672
181 2684 156 664
160 2618 145 680
198 2845 175 655
195 2847 177 656
172 2526 172 660
179 2564 157 662
158 2556 157 664
191 2925 187 653
174 2515 160 663
156 2345 155 670
173 2788 166 657
166 2247 147 676
168 2440 148 674
180 2687 161 661
172 2427 164 663
161 2515 152 668
167 2374 157 666
174 2515 160 663
163 2795 156 667
183 2403 172 664
199 2765 190 653
167 2374 157 666
159 2556 153 669
158 2559 156 669
187 2859 175 655
176 2564 170 657
170 2587 150 671
176 2335 163 668
160 2756 150 671
150 2336 150 673
172 2486 157 665
161 2546 157 665
180 2421 164 663
159 2219 156 669
181 2850 161 660
164 2263 146 678
169 2389 145 681
188 2856 175 655
159 2499 156 668
152 2371 147 676
178 2534 173 657
165 2525 151 670
191 2925 187 653
160 2652 157 662
198 2845 175 655
170 2587 150 671
167 2470 156 668
168 2534 162 664
162 2560 162 662
186 2846 161 660
180 2421 164 663
169 2757 145 679
162 2570 162 661
160 2618 145 680
164 2464 164 662
164 2620 156 665
173 2561 173 657
161 2546 157 665
195 2768 190 653
180 2630 178 655
173 2833 144 674
177 2436 172 660
199 2765 190 653
171 2520 157 665
165 2538 162 659
164 2575 157 662
172 2526 172 660
154 2458 145 681
159 2499 156 668
217 2927 217 649
171 2565 157 662
162 2570 162 661
178 2932 161 660
195 2768 190 653
181 2684 156 664
194 2589 193 653
170 2650 170 657
218 2860 217 649
190 2924 190 653
187 2859 175 655
186 2846 161 660
184 2422 164 662
177 2693 166 657
160 2756 150 671
158 2559 156 669
179 2564 157 662
178 2534 173 657
180 2630 178 655
161 2515 152 668
159 2556 153 669
172 2427 164 663
188 2856 175 655
177 2693 166 657
177 2496 157 664
167 2470 156 668
165 2532 156 665
191 2791 190 653
177 2436 172 660
191 2791 190 653
181 2850 161 660
180 2687 161 661
177 2496 157 664
173 2788 166 657
173 2561 173 657
250 3929 177 656
231 3623 224 650
229 3555 157 662
208 3189 159 665
196 2688 180 657
176 2733 162 665
228 3120 202 651
205 2900 205 651
211 3190 170 657
230 3307 157 662
183 2828 162 661
200 2958 197 653
207 3051 190 653
191 2757 174 663
185 2911 185 658
203 3079 178 655
206 2938 162 659
199 3220 166 657
189 2939 176 659
211 2914 181 655
205 2903 193 656
200 3022 177 658
199 2785 172 659
194 2842 174 659
191 2912 161 662
202 3155 177 657
248 3629 170 657
233 3404 202 651
221 3233 160 667
217 3306 212 652
189 2753 163 667
184 2983 174 663
230 3164 205 652
214 3472 205 652
203 2886 165 666
214 2915 192 656
220 3297 203 654
197 3092 174 661
216 3335 190 653
191 2887 171 665
237 3313 173 657
196 2963 184 657
221 3227 179 655
223 3316 166 659
195 2953 168 662
194 2987 188 658
193 3036 162 665
212 2895 176 659
207 3222 177 658
206 3308 185 656
210 3392 161 666
213 3247 192 655
234 3362 202 651
205 2924 162 662
209 3187 188 656
234 3396 162 659
214 3429 162 661
203 3059 173 661
218 3164 162 660
207 3143 173 660
210 3121 192 656
216 3233 165 660
276 3915 173 659
247 3525 217 652
206 3109 162 668
202 3157 175 681
197 2910 197 676
196 3135 189 660
204 3102 192 672
220 3179 208 656
218 3125 170 667
236 3380 204 654
220 3425 204 654
208 2990 196 664
210 3147 184 657
199 3279 174 665
232 3364 182 655
228 3436 181 655
205 3014 196 659
228 3383 190 653
232 3259 188 656
202 3157 177 661
220 3267 165 660
212 3050 190 661
215 3128 162 663
217 3292 180 659
205 3134 164 662
223 3376 189 656
214 3133 180 661
232 3261 185 656
251 3552 185 655
239 3779 162 663
231 3494 193 653
215 3167 162 670
210 3150 181 677
209 3061 204 660
196 3138 191 672
220 3442 172 666
248 3704 182 656
206 3280 189 664
230 3417 200 654
213 3100 199 659
237 3668 190 653
236 3523 165 660
223 3203 184 663
220 3350 177 661
212 3273 174 670
234 3260 177 662
215 3179 187 658
220 3267 174 663
216 3262 185 657
213 3230 165 670
210 3300 200 660
216 3169 191 662
277 4016 189 655
248 3808 202 654
244 3596 216 655
224 3193 214 659
223 3521 163 674
217 3322 177 678
211 3206 200 672
256 3880 185 656
230 3402 174 663
232 3217 196 671
265 3505 197 654
233 3479 204 661
243 3643 194 656
237 3745 196 656
219 3581 191 658
249 3606 174 661
231 3351 182 662
227 3378 176 663
239 3405 200 657
222 3495 183 662
217 3549 197 657
234 3444 196 661
263 3853 196 657
245 3522 205 665
233 3476 181 677
229 3392 194 680
224 3582 187 662
240 3809 181 669
229 3528 203 664
225 3529 184 667
232 3507 190 667
254 3543 181 678
246 3649 221 665
229 3653 190 665
249 4023 221 665
265 4202 230 669
218 2860 217 649
217 2927 217 649
191 3092 187 653
159 2219 156 669
158 2490 144 683
158 2490 144 683
150 2336 150 673
205 2745 205 651
190 3059 150 670
198 2868 187 653
190 2924 190 653
202 2811 202 651
170 2650 170 657
165 2698 160 663
152 2371 147 676
181 2478 166 657
193 2599 182 655
194 2589 193 653
193 2682 148 674
202 2811 202 651
166 2247 147 676
169 2389 145 681
164 2263 146 678
160 2756 150 671
183 2403 172 664
205 2745 205 651
197 2569 197 653
154 2458 145 681
186 2609 181 655
178 2677 178 655
159 2604 146 678
186 2608 186 655
197 2569 197 653
159 2556 153 669
197 2686 190 653
176 2335 163 668
158 2556 157 664
180 2740 150 672
181 2856 175 655
172 2426 172 660
184 2619 178 655
160 2618 145 680
185 2511 162 659
167 2572 162 659
170 2650 170 657
179 2526 157 662
195 2789 190 653
167 2312 164 665
173 2833 144 674
161 2343 156 667
177 2466 156 665
163 2597 162 662
191 3092 187 653
182 2442 152 672
158 2431 145 681
184 2422 164 662
155 2482 154 672
183 2657 181 655
166 2247 147 676
155 2282 147 676
165 2262 154 672
167 2374 157 666
156 2348 156 669
159 2403 156 668
173 2799 149 674
156 2345 155 670
180 2600 177 657
164 2465 151 670
174 2533 165 660
172 2494 162 661
181 2510 161 660
167 2666 161 660
193 2652 193 653
183 2755 175 655
178 2626 160 662
172 2546 161 663
156 2302 150 673
163 2291 154 672
150 2336 150 673
159 2460 157 666
196 2773 190 653
172 2494 162 661
168 2602 161 660
196 2773 190 653
152 2371 147 676
159 2219 156 669
174 2515 160 663
169 2389 145 681
193 2599 182 655
156 2509 156 667
180 2665 152 668
180 2421 164 663
160 2618 145 680
156 2509 156 667
161 2413 157 664
173 2799 149 674
182 2442 152 672
179 2526 157 662
156 2302 150 673
167 2312 164 665
156 2348 156 669
191 2797 190 653
162 2448 146 678
160 2409 154 672
173 2833 144 674
180 2421 164 663
155 2482 154 672
180 2665 152 668
178 2626 160 662
176 2527 162 660
173 2671 157 662
162 2448 146 678
174 2533 165 660
178 2677 178 655
167 2666 161 660
167 2572 162 659
177 2614 166 657
164 2464 164 662
182 2673 182 655
181 2856 175 655
177 2614 166 657
159 2604 146 678
181 2478 166 657
156 2345 155 670
163 2597 162 662
154 2458 145 681
182 2673 182 655
176 2507 165 660
185 2511 162 659
184 2422 164 662
177 2466 156 665
164 2263 146 678
176 2507 165 660
186 2608 186 655
176 2335 163 668
160 2475 146 678
183 2755 175 655
183 2657 181 655
193 2652 193 653
197 2686 190 653
167 2374 157 666
186 2609 181 655
181 2510 161 660
186 2609 181 655
186 2609 181 655
186 2609 181 655
186 2609 181 655
186 2609 181 655
186 2609 181 655
181 2478 166 657
181 2478 166 657
252 3887 187 653
238 3611 157 664
215 3121 202 651
209 3250 159 665
183 2661 161 662
170 2709 162 661
180 2713 166 657
190 2824 162 659
208 3242 175 655
234 3282 190 653
247 3379 157 662
200 2937 193 656
194 2979 182 655
243 3611 157 662
191 3066 160 663
193 2989 193 653
201 2926 178 655
196 2953 178 655
244 3478 190 653
225 3563 205 651
198 2769 165 663
190 2974 162 663
186 2732 166 657
184 2910 169 659
228 3312 202 651
239 3541 175 655
193 2879 162 661
200 3022 200 654
215 2947 181 656
206 3248 178 655
224 2902 165 660
216 3017 193 653
202 2926 162 659
205 3125 193 653
212 3100 178 655
205 3133 192 656
199 3175 162 659
214 3090 192 656
258 4137 205 652
247 3714 209 651
195 2939 162 667
187 2768 166 657
216 3015 164 663
206 3036 162 659
232 3118 185 655
212 3470 189 655
224 3093 200 654
215 3164 178 655
211 3250 188 656
209 3165 193 653
220 3075 196 656
249 3376 181 655
220 3538 178 655
216 3166 193 653
209 3115 162 659
187 2845 175 676
210 3088 162 659
190 2854 166 657
217 3400 189 656
230 3217 185 656
240 3394 178 655
221 3327 182 655
214 3291 192 656
226 3311 185 655
209 3238 193 656
225 3235 192 656
229 3296 185 656
269 4151 165 660
219 3280 162 663
218 3692 162 662
217 3292 193 653
216 3341 193 653
204 2854 180 662
191 2892 173 657
229 3399 182 656
204 3025 170 657
221 3151 162 661
192 2862 166 660
193 3061 166 657
240 3759 185 656
228 3430 193 653
227 3379 162 661
225 3367 204 654
208 2881 172 660
207 2959 177 664
199 2993 174 662
230 3444 192 656
231 3362 193 656
239 3088 166 657
217 3103 187 659
229 3288 165 662
210 3251 177 658
203 3226 180 658
216 3136 166 657
202 3029 172 660
203 3118 192 658
209 3092 188 658
206 2962 166 660
206 3029 192 658
254 3669 212 653
249 3889 216 653
243 3602 165 663
214 3107 193 659
203 3117 173 667
239 3552 207 655
226 3430 166 657
243 3832 190 656
210 3241 185 658
220 3220 169 663
244 3400 170 657
218 3181 201 657
205 3200 172 660
216 3239 180 658
205 3147 176 660
219 3152 174 659
217 3145 185 659
217 3156 170 658
249 3984 173 658
234 3522 174 657
217 3120 177 668
216 3285 207 658
209 3279 172 663
216 3269 188 659
232 3559 174 660
238 3486 177 661
211 3150 179 661
229 3182 181 658
224 3368 184 659
222 3392 185 658
218 3407 185 659
224 3383 181 658
277 3926 178 658
237 3497 173 664
232 3208 180 661
231 3312 189 659
224 3528 182 658
222 3224 181 664
234 3579 174 659
229 3335 182 658
278 4003 174 659
246 3794 174 667
237 3338 189 658
231 3546 193 663
240 3926 176 662
241 3699 183 658
233 3508 184 663
237 3518 185 659
251 3769 183 661
285 4422 218 662
218 2860 217 649
217 2927 217 649
191 2956 187 653
159 2219 156 669
158 2490 144 683
158 2490 144 683
150 2336 150 673
205 2745 205 651
190 2892 190 653
210 2666 190 653
184 2619 178 655
202 2811 202 651
164 2263 146 678
152 2371 147 676
193 2682 148 674
202 2811 202 651
198 2868 187 653
205 2745 205 651
181 2547 166 657
197 2569 197 653
194 2589 193 653
154 2458 145 681
166 2601 152 668
166 2247 147 676
167 2374 157 666
210 2666 190 653
160 2618 145 680
193 2652 193 653
169 2389 145 681
197 2569 197 653
165 2698 160 663
155 2482 154 672
177 2757 175 655
168 2680 162 659
156 2345 155 670
159 2604 146 678
173 2799 149 674
182 2670 182 655
156 2302 150 673
170 2650 170 657
162 2428 162 661
176 2335 163 668
162 2428 162 661
158 2559 156 669
156 2302 150 673
183 2403 172 664
173 2833 144 674
169 2645 166 660
190 2892 190 653
199 2765 190 653
199 2648 150 672
178 2694 178 655
177 2757 175 655
156 2345 155 670
177 2595 152 671
166 2247 147 676
164 2263 146 678
184 2422 164 662
172 2427 164 663
168 2713 156 665
174 2515 160 663
183 2552 156 668
170 2715 169 657
158 2556 157 664
167 2374 157 666
179 2564 157 662
154 2458 145 681
202 2747 190 653
181 2719 150 670
181 2650 161 660
173 2524 165 659
180 2421 164 663
170 2715 169 657
181 2547 166 657
172 2526 172 660
159 2556 153 669
195 2789 190 653
178 2769 161 660
166 2628 157 662
150 2336 150 673
182 2680 181 655
173 2524 165 659
160 2756 150 671
155 2482 154 672
180 2421 164 663
159 2219 156 669
175 2441 157 664
183 2675 181 655
169 2389 145 681
165 2698 160 663
183 2403 172 664
159 2604 146 678
152 2371 147 676
195 2789 190 653
177 2556 173 657
182 2649 156 665
160 2756 150 671
160 2618 145 680
172 2526 172 660
173 2833 144 674
179 2628 170 657
174 2515 160 663
191 2797 190 653
179 2791 156 664
177 2436 172 660
176 2748 166 657
174 2758 166 657
174 2629 173 657
173 2729 150 671
179 2564 157 662
175 2441 157 664
170 2593 162 659
182 2670 182 655
178 2769 161 660
177 2583 157 662
199 2648 150 672
169 2645 166 660
182 2680 181 655
168 2713 156 665
170 2593 162 659
184 2422 164 662
182 2649 156 665
176 2335 163 668
174 2629 173 657
177 2693 166 657
166 2628 157 662
159 2556 153 669
174 2721 150 670
173 2729 150 671
177 2583 157 662
183 2675 181 655
183 2552 156 668
177 2436 172 660
181 2719 150 670
178 2694 178 655
166 2601 152 668
174 2721 150 670
202 2747 190 653
177 2693 166 657
176 2748 166 657
174 2758 166 657
172 2427 164 663
210 2666 190 653
210 2666 190 653
210 2666 190 653
210 2666 190 653
210 2666 190 653
210 2666 190 653
210 2666 190 653
274 4035 202 651
220 3136 156 667
217 3187 217 649
181 2689 164 665
222 3345 209 652
203 2828 162 662
196 2721 168 661
212 3266 166 657
208 2984 193 653
215 2897 190 653
184 3073 178 655
204 3166 187 653
208 2882 188 656
208 2922 161 660
186 2764 165 662
190 2930 177 658
209 2962 169 657
194 2918 181 655
193 2860 162 659
194 3082 175 655
189 3043 165 659
189 3134 177 657
195 2895 175 655
204 3046 169 657
246 3633 217 649
211 3169 161 668
208 2920 162 669
189 3022 170 664
225 3394 212 652
208 3125 193 653
223 3023 180 658
194 3294 175 655
216 3098 169 657
205 2991 165 660
199 3117 185 656
199 2986 169 659
207 2987 190 656
196 3219 178 655
204 3325 170 657
212 3301 170 657
196 2932 173 660
209 3054 178 655
204 2986 162 661
203 3075 162 659
190 3157 170 661
192 3076 170 660
204 3087 177 658
209 3135 173 658
199 3164 162 659
211 3192 177 657
207 3196 177 657
207 3121 178 655
239 3471 212 652
232 3577 175 655
215 3196 162 662
206 3298 166 669
196 3060 174 660
201 3327 188 656
203 3197 167 665
229 3535 162 659
212 3235 200 654
211 3150 197 657
223 3084 172 660
225 3155 181 655
214 3416 197 653
216 3192 200 656
211 3199 178 655
207 3121 165 660
220 3352 197 653
232 3187 197 653
217 3108 169 657
202 3067 174 659
217 3103 185 656
219 3079 185 655
213 3097 167 660
203 3110 169 659
273 3700 212 652
260 4147 201 653
219 3218 162 663
218 3077 176 676
196 3066 186 661
261 3868 175 655
204 3143 174 670
230 3581 197 654
247 3330 190 656
233 3455 169 657
227 3306 165 660
215 3505 185 656
212 3243 197 657
221 3346 182 655
240 3124 178 658
240 3387 178 655
200 3240 174 660
228 3291 172 659
217 3148 192 656
222 3105 188 659
213 3358 184 658
208 3102 174 662
211 3227 172 661
204 3072 179 660
207 3202 174 659
215 3318 167 660
206 3111 174 663
214 3150 174 660
217 3319 170 657
261 4057 175 655
241 3478 178 655
227 3436 165 660
223 3152 197 657
222 3172 174 666
217 3342 198 662
212 3394 180 661
216 3620 174 659
233 3479 170 657
228 3475 192 656
221 3292 196 659
220 3317 174 662
220 3173 197 656
215 3344 197 657
217 3404 173 657
225 3361 173 657
217 3343 174 661
248 3775 178 655
247 3843 166 660
247 3747 207 655
241 3991 181 655
222 3344 179 668
218 3378 185 668
232 3477 192 656
226 3408 191 663
243 3521 174 657
222 3397 176 666
222 3430 173 658
220 3455 177 659
243 3422 177 658
243 3491 181 684
237 3618 193 656
234 3522 173 658
233 3498 200 672
232 3404 184 674
222 3601 184 673
226 3522 199 660
228 3549 174 658
237 3519 173 658
264 3871 174 679
259 3607 184 658
249 4024 176 661
243 3798 191 665
235 3813 185 662
255 3734 184 659
292 4594 194 701
