122188 2220.29
281 4040 208 812
235 3751 164 770
337 4683 251 888
299 4788 201 813
347 5252 257 904
218 3232 178 801
289 3774 232 846
181 2601 163 688
254 4071 228 792
226 3123 200 725
243 3731 202 806
301 4165 230 738
205 2877 173 700
233 3723 193 811
227 3552 203 774
232 3360 189 712
237 3498 171 743
239 3626 208 777
320 4631 191 779
221 3184 185 773
281 4000 223 780
297 4346 197 754
266 4193 199 826
239 3648 232 802
201 3136 154 694
237 3324 199 728
267 4320 216 793
338 5106 253 840
358 5701 252 905
277 4237 189 812
222 3536 199 807
262 3299 174 706
184 2515 161 690
194 2886 168 702
235 3620 185 746
325 4647 221 880
283 4274 175 739
230 3379 193 735
272 4383 214 845
330 5161 207 842
199 2982 170 721
235 3527 175 758
307 4090 210 802
274 4354 203 825
286 4178 241 915
217 3617 171 770
264 3946 176 789
247 3301 174 757
323 4540 216 845
279 4796 206 871
216 3252 184 739
247 3127 188 731
246 3954 199 794
258 3511 210 792
222 2986 183 728
227 3280 213 760
303 4341 194 813
236 3585 179 761
227 3176 181 767
243 3641 199 808
325 4956 233 865
332 5019 259 882
268 3530 188 728
281 4322 240 897
243 3142 165 685
232 3347 178 740
231 3228 203 743
297 4239 219 805
207 2947 164 729
277 3668 218 786
227 3029 165 705
265 3565 168 731
230 3877 163 726
324 4897 217 880
172 2498 163 703
309 4122 204 771
277 3910 241 824
294 3816 224 867
271 4347 215 789
295 4788 213 921
299 4429 219 882
199 2723 168 698
243 3158 191 755
233 3548 182 779
239 3521 192 791
195 2858 164 751
306 4310 208 830
302 4629 205 752
287 3954 233 822
248 3582 209 811
254 3918 202 841
218 3265 207 755
218 3458 173 734
243 3792 183 733
204 3005 195 755
283 4645 229 893
226 3405 189 760
237 3347 174 751
239 3604 188 755
253 3708 219 836
234 3676 179 756
300 4778 233 833
270 3893 193 746
200 2941 156 721
266 3757 181 744
226 2926 173 746
320 4469 264 864
235 3409 183 753
256 3543 187 806
272 3752 225 760
268 3962 190 780
252 3708 214 825
250 3966 167 731
265 3906 170 737
188 2609 154 688
246 3707 217 767
219 3346 171 718
282 4395 210 847
248 3342 181 719
307 4767 221 928
257 4451 199 890
264 3567 223 830
223 3143 175 725
375 6044 259 915
255 4007 216 824
240 3448 204 758
236 3101 174 743
272 4034 206 846
215 3538 177 750
273 3791 217 757
281 3715 199 823
213 3042 195 761
318 4555 195 781
220 3427 178 738
228 3347 170 733
261 3477 208 764
229 3024 163 714
287 4976 261 930
277 3581 204 805
214 3355 163 715
308 4531 209 843
215 2928 172 705
287 4372 232 861
242 3021 192 745
319 4940 235 857
259 3640 203 748
259 3989 224 829
267 4061 213 817
194 3003 168 715
247 3272 159 706
237 3697 190 790
271 3685 213 837
236 3616 169 722
201 2652 154 692
234 3546 185 770
218 3021 177 752
340 4819 250 865
259 3888 192 756
220 2937 165 713
316 4972 212 798
296 4206 199 853
332 4691 183 806
250 3763 174 803
233 3530 206 721
334 4970 214 898
242 3563 188 780
272 4104 199 722
210 2969 175 704
236 3843 223 830
233 3451 178 717
199 3260 197 820
212 2931 176 681
218 3082 178 717
305 4103 239 805
235 3307 178 748
251 3666 198 757
280 4861 198 755
217 3326 158 726
292 4515 224 871
298 4706 230 883
301 4209 175 811
251 3610 207 804
252 3413 165 714
198 2935 177 712
279 4587 208 765
230 3508 180 752
223 3474 163 723
238 3390 188 754
277 4310 201 861
236 3924 206 841
225 3480 175 707
233 3133 186 771
210 2919 180 694
227 3069 173 692
239 3835 221 774
284 4164 225 828
231 3266 188 686
301 4618 232 835
339 5256 282 921
256 3586 198 781
249 3269 159 705
299 4185 198 805
320 4338 200 854
245 3484 181 838
287 4376 258 948
211 3319 164 763
259 3763 222 879
244 3666 161 693
201 2790 170 736
236 3942 203 785
273 3839 207 760
205 2911 190 718
278 3861 230 795
263 3479 161 732
266 3489 173 736
247 3216 194 767
339 4939 303 975
281 4637 212 804
263 3606 175 760
267 3978 176 749
205 2625 176 685
237 3549 197 755
228 3800 198 744
242 2914 180 714
317 4394 223 831
285 4631 273 909
229 3218 182 715
213 3129 162 721
243 3824 186 754
236 3344 198 787
285 3768 222 757
215 3152 172 716
224 2946 173 705
304 4346 211 825
263 3701 192 793
230 3404 199 702
243 3420 191 746
213 3303 198 744
231 3282 179 717
228 3124 160 688
213 3275 165 737
265 4114 204 848
300 4527 199 851
241 4008 165 716
310 5252 223 887
220 2783 170 706
277 4339 235 900
253 3929 180 768
257 3364 189 764
263 3948 232 840
198 3121 169 712
314 4865 199 855
261 3503 189 751
246 3799 178 776
238 3412 178 735
205 2794 174 703
302 4346 213 877
240 3715 191 721
284 3924 212 818
274 4404 242 867
173 2670 163 718
254 3875 175 744
246 3703 228 808
317 4502 252 900
295 3964 195 776
281 3608 182 769
263 4222 198 796
180 2657 153 682
221 2928 189 717
229 3232 208 763
341 4763 215 909
233 3447 182 756
294 4498 216 890
306 4143 264 894
294 4313 197 796
286 4116 198 868
239 3681 209 810
228 3033 176 694
213 3053 160 685
283 3863 203 793
252 3907 180 808
286 4108 229 845
280 3921 228 886
253 3648 199 749
256 3580 154 699
207 2954 169 721
325 4973 258 824
269 4173 179 763
202 2724 165 733
222 3220 160 718
273 4272 189 840
210 2996 175 769
299 4794 207 808
357 5307 285 922
245 3669 191 771
258 3506 223 764
224 2819 169 692
227 3404 179 740
220 3093 187 680
360 5296 248 892
