96590 2760.66
216 2337 216 652
142 2017 142 698
144 2007 139 693
142 2017 142 698
152 1813 150 677
216 2337 216 652
201 2193 201 654
201 2193 201 654
192 2048 192 656
201 2193 201 654
144 2007 139 693
177 2042 177 658
180 1947 180 658
201 2193 201 654
189 2138 189 656
186 2177 186 656
192 2048 192 656
155 2101 143 683
151 1995 151 671
142 2017 142 698
186 2177 186 656
149 1858 145 677
169 1911 168 660
149 1861 144 681
155 2101 143 683
152 1815 150 673
180 1947 180 658
186 2177 186 656
164 1876 164 662
145 1925 143 684
176 2125 174 658
162 1884 160 662
146 1917 143 687
160 1888 160 662
148 1921 144 676
150 2012 150 672
162 1822 156 666
148 1859 145 677
177 2042 177 658
157 1890 157 665
145 1980 140 689
180 1947 180 658
152 1813 150 677
145 1916 141 692
191 2135 189 656
177 1910 172 660
172 1905 157 662
165 1935 165 660
165 1935 165 660
150 2022 150 670
162 1884 160 662
149 1861 144 681
145 1914 143 690
157 1890 157 665
191 2135 189 656
150 2012 150 672
158 1918 157 662
169 1911 168 660
201 2193 201 654
168 1915 168 660
155 2101 143 683
176 2125 174 658
160 1888 160 662
162 1846 156 664
191 2135 189 656
177 1910 172 660
168 1915 168 660
172 1905 157 662
192 2048 192 656
191 2135 189 656
186 2177 186 656
180 1947 180 658
176 2125 174 658
169 1911 168 660
191 2135 189 656
162 1846 156 664
145 1914 143 690
144 2007 139 693
145 1916 141 692
159 1834 156 666
146 1927 144 676
189 2138 189 656
174 2135 174 658
176 2125 174 658
150 2022 150 670
151 1995 151 671
164 1876 164 662
144 1997 144 683
158 1826 156 669
156 1834 156 668
159 1834 156 666
146 1938 142 688
162 1822 156 666
174 2135 174 658
164 1876 164 662
148 1934 144 673
176 2125 174 658
177 1910 172 660
144 1982 140 689
144 1997 144 683
156 1845 150 669
143 1989 140 689
145 1926 142 689
152 1864 151 667
158 1838 156 666
145 1939 142 688
142 2017 142 698
156 1834 156 668
145 1925 143 684
158 1826 156 669
162 1846 156 664
152 1821 150 670
152 1864 151 667
146 1917 143 687
147 1945 144 673
150 2012 150 672
151 1995 151 671
169 1911 168 660
160 1888 160 662
144 2006 144 681
152 1867 150 669
148 1865 144 681
145 1926 142 689
158 1918 157 662
168 1915 168 660
144 2006 144 681
149 1858 145 677
156 1839 151 667
158 1826 156 669
144 1924 143 687
146 1938 142 688
147 1945 144 673
148 1865 144 681
158 1838 156 666
146 1927 144 676
147 1945 144 673
143 1989 140 689
146 1927 144 676
143 1989 140 689
144 1982 140 689
143 1989 140 689
148 1859 145 677
145 1980 140 689
158 1852 156 664
156 1839 151 667
158 1852 156 664
152 1815 150 673
152 1821 150 670
158 1852 156 664
150 2012 150 672
142 2017 142 698
149 1857 145 681
156 1943 156 664
145 1939 142 688
158 1838 156 666
162 1822 156 666
160 1888 160 662
144 1924 143 687
152 1864 151 667
148 1921 144 676
148 1921 144 676
165 1935 165 660
156 1943 156 664
156 1908 156 666
147 1945 144 673
162 1907 157 662
148 1859 145 677
152 1867 150 669
145 1980 140 689
172 1905 157 662
157 1890 157 665
152 1813 150 677
168 1915 168 660
148 1859 145 677
149 1857 145 681
180 1947 180 658
146 1946 144 673
146 1917 143 687
162 1846 156 664
145 1925 143 684
152 1821 150 670
148 1934 144 673
162 1907 157 662
146 1946 144 673
156 1845 150 669
162 1822 156 666
146 1927 144 676
156 1908 156 666
177 1910 172 660
148 1865 144 681
147 1945 144 673
191 2135 189 656
164 1876 164 662
145 1926 142 689
144 1997 144 683
191 2135 189 656
150 2012 150 672
192 2048 192 656
176 2125 174 658
145 1925 143 684
180 1947 180 658
152 1813 150 677
144 2007 139 693
162 1822 156 666
144 2007 139 693
158 1852 156 664
145 1939 142 688
144 2007 139 693
148 1859 145 677
192 2048 192 656
158 1852 156 664
174 2135 174 658
145 1914 143 690
164 1876 164 662
191 2135 189 656
180 1947 180 658
176 2125 174 658
169 1911 168 660
150 2022 150 670
152 1864 151 667
180 1947 180 658
180 1947 180 658
201 2193 201 654
186 2177 186 656
169 1911 168 660
152 1813 150 677
155 2101 143 683
169 1911 168 660
146 1917 143 687
160 1888 160 662
145 1925 143 684
164 1876 164 662
164 1876 164 662
150 2022 150 670
142 2017 142 698
168 1915 168 660
165 1935 165 660
191 2135 189 656
176 2125 174 658
142 2017 142 698
155 2101 143 683
216 2337 216 652
201 2193 201 654
186 2177 186 656
201 2193 201 654
168 1915 168 660
186 2177 186 656
216 2337 216 652
191 2135 189 656
191 2135 189 656
176 2125 174 658
201 2193 201 654
145 1916 141 692
189 2138 189 656
172 1905 157 662
168 1915 168 660
168 1915 168 660
144 2007 139 693
172 1905 157 662
191 2135 189 656
145 1980 140 689
164 1876 164 662
186 2177 186 656
150 2022 150 670
192 2048 192 656
192 2048 192 656
152 1821 150 670
158 1826 156 669
174 2135 174 658
191 2135 189 656
191 2135 189 656
164 1876 164 662
186 2177 186 656
145 1926 142 689
146 1938 142 688
156 1839 151 667
144 2007 139 693
145 1925 143 684
145 1926 142 689
145 1925 143 684
144 2006 144 681
169 1911 168 660
174 2135 174 658
176 2125 174 658
162 1846 156 664
145 1939 142 688
146 1938 142 688
150 2012 150 672
186 2177 186 656
156 1839 151 667
162 1846 156 664
201 2193 201 654
148 1859 145 677
192 2048 192 656
149 1858 145 677
165 1935 165 660
160 1888 160 662
189 2138 189 656
186 2177 186 656
169 1911 168 660
