336616 2760.2
218 2165 217 649
217 2171 217 649
203 2201 187 653
184 2009 162 659
184 2009 162 659
203 2108 175 655
202 2192 202 651
211 2159 202 651
190 2079 166 657
204 2059 193 653
211 2159 202 651
192 2053 166 657
195 2069 178 655
192 2099 190 653
192 2053 166 657
205 2078 205 651
196 2086 190 653
206 2175 202 651
203 2201 187 653
195 2069 178 655
192 2099 190 653
205 2078 205 651
204 2059 193 653
190 2079 166 657
195 2088 190 653
202 2192 202 651
196 2086 190 653
217 2171 217 649
206 2175 202 651
195 2088 190 653
217 2171 217 649
217 2171 217 649
217 2171 217 649
217 2171 217 649
217 2171 217 649
217 2171 217 649
217 2171 217 649
217 2171 217 649
217 2171 217 649
217 2171 217 649
217 2171 217 649
217 2171 217 649
217 2171 217 649
217 2171 217 649
217 2171 217 649
217 2171 217 649
217 2171 217 649
217 2171 217 649
217 2171 217 649
217 2171 217 649
217 2171 217 649
217 2171 217 649
217 2171 217 649
217 2171 217 649
217 2171 217 649
217 2171 217 649
217 2171 217 649
217 2171 217 649
217 2171 217 649
217 2171 217 649
217 2171 217 649
217 2171 217 649
217 2171 217 649
217 2171 217 649
217 2171 217 649
217 2171 217 649
217 2171 217 649
217 2171 217 649
217 2171 217 649
217 2171 217 649
217 2171 217 649
217 2171 217 649
217 2171 217 649
217 2171 217 649
217 2171 217 649
217 2171 217 649
217 2171 217 649
217 2171 217 649
217 2171 217 649
217 2171 217 649
217 2171 217 649
217 2171 217 649
217 2171 217 649
217 2171 217 649
217 2171 217 649
217 2171 217 649
217 2171 217 649
217 2171 217 649
217 2171 217 649
217 2171 217 649
217 2171 217 649
217 2171 217 649
217 2171 217 649
217 2171 217 649
217 2171 217 649
217 2171 217 649
217 2171 217 649
217 2171 217 649
217 2171 217 649
217 2171 217 649
217 2171 217 649
217 2171 217 649
217 2171 217 649
217 2171 217 649
217 2171 217 649
217 2171 217 649
217 2171 217 649
217 2171 217 649
217 2171 217 649
217 2171 217 649
217 2171 217 649
217 2171 217 649
217 2171 217 649
217 2171 217 649
217 2171 217 649
217 2171 217 649
217 2171 217 649
217 2171 217 649
217 2171 217 649
217 2171 217 649
217 2171 217 649
217 2171 217 649
217 2171 217 649
217 2171 217 649
217 2171 217 649
217 2171 217 649
217 2171 217 649
217 2171 217 649
217 2171 217 649
217 2171 217 649
217 2171 217 649
217 2171 217 649
217 2171 217 649
217 2171 217 649
217 2171 217 649
217 2171 217 649
217 2171 217 649
217 2171 217 649
217 2171 217 649
217 2171 217 649
217 2171 217 649
217 2171 217 649
217 2171 217 649
217 2171 217 649
217 2171 217 649
217 2171 217 649
211 2159 202 651
206 2175 202 651
206 2175 202 651
206 2175 202 651
206 2175 202 651
218 2182 202 651
218 2167 217 649
217 2176 217 649
208 2261 202 651
208 2088 205 651
203 2135 190 656
212 2109 193 653
203 2139 190 653
206 2117 193 653
218 2167 217 649
217 2176 217 649
218 2167 217 649
218 2167 217 649
218 2167 217 649
218 2167 217 649
218 2167 217 649
218 2167 217 649
218 2167 217 649
218 2167 217 649
218 2167 217 649
218 2167 217 649
218 2167 217 649
218 2167 217 649
218 2167 217 649
218 2167 217 649
218 2167 217 649
218 2167 217 649
218 2167 217 649
218 2167 217 649
218 2167 217 649
218 2167 217 649
218 2167 217 649
218 2167 217 649
218 2167 217 649
218 2167 217 649
218 2167 217 649
218 2167 217 649
218 2167 217 649
218 2167 217 649
218 2167 217 649
218 2167 217 649
218 2167 217 649
218 2167 217 649
218 2167 217 649
218 2167 217 649
218 2167 217 649
218 2167 217 649
218 2167 217 649
218 2167 217 649
218 2167 217 649
218 2167 217 649
218 2167 217 649
218 2167 217 649
218 2167 217 649
218 2167 217 649
218 2167 217 649
218 2167 217 649
218 2167 217 649
218 2167 217 649
218 2167 217 649
218 2167 217 649
218 2167 217 649
218 2167 217 649
218 2167 217 649
218 2167 217 649
218 2167 217 649
218 2167 217 649
218 2167 217 649
218 2167 217 649
218 2167 217 649
218 2167 217 649
218 2167 217 649
218 2167 217 649
218 2167 217 649
218 2167 217 649
217 2176 217 649
220 2171 217 649
217 2177 217 649
215 2336 202 651
214 2131 205 651
208 2176 190 662
218 2221 202 651
213 2178 190 653
212 2172 193 653
209 2137 205 651
220 2171 217 649
218 2172 217 649
217 2177 217 649
220 2171 217 649
220 2171 217 649
220 2171 217 649
217 2177 217 649
217 2177 217 649
230 2322 202 651
227 2468 202 651
220 2173 217 649
217 2180 217 649
211 2153 205 654
208 2288 190 664
214 2185 190 653
212 2155 205 651
229 2342 202 651
218 2174 217 649
211 2161 205 651
211 2161 205 651
220 2176 217 649
217 2183 217 649
214 2186 190 653
212 2181 205 651
222 2214 205 651
220 2208 190 653
220 2186 217 649
217 2199 217 649
215 2249 190 653
212 2227 205 651
244 2362 205 651
222 2208 217 649
221 2479 190 664
217 2233 217 649
229 2360 202 662
226 2275 203 654
221 2229 217 658
249 2574 198 669
243 2629 215 662
224 2212 217 649
217 2251 217 649
219 2236 217 652
222 2221 217 649
243 2665 215 670
231 2244 217 649
222 2224 217 652
219 2260 217 649
231 2246 217 649
229 2264 217 649
226 2267 217 649
219 2275 217 649
228 2272 217 649
222 2320 217 649
230 2314 217 650
229 2343 217 649
223 2350 217 649
237 2400 217 649
227 2437 220 652
224 2360 217 662
252 2754 217 660
234 2409 220 664
232 2515 220 653
242 2542 230 660
236 2453 232 673
