114848 2160.38
194 3033 168 703
237 3643 188 798
206 2660 198 681
234 3622 175 765
286 3124 199 714
267 3878 228 750
219 3379 175 674
247 3670 171 716
208 2915 207 666
207 3339 158 741
235 3795 174 736
319 4643 268 906
256 3933 226 805
240 3473 174 725
312 4296 193 795
303 4651 240 841
213 3225 184 754
299 4598 261 940
303 4376 202 828
306 4562 212 847
233 3534 205 754
294 4420 258 888
222 3425 193 771
221 3079 181 710
238 3515 168 752
297 3974 250 823
292 4026 212 747
225 3158 184 751
268 3343 202 694
257 3353 188 751
236 3151 179 729
261 4365 241 815
301 4102 227 778
241 3689 192 767
303 4625 303 901
248 3645 166 706
226 3457 199 779
225 3189 205 750
264 4484 182 796
228 3291 188 718
253 3823 171 749
246 3692 174 760
259 3762 199 823
258 3747 179 740
289 4603 227 848
255 3999 179 824
246 3702 199 776
235 2993 150 724
216 3188 163 711
292 4509 180 720
203 3202 203 772
280 3970 225 899
281 4789 240 908
253 3489 198 733
243 3321 189 721
256 4022 148 703
253 3656 216 741
275 4291 201 780
226 2927 158 711
250 3596 186 729
180 2662 165 716
232 3761 163 707
244 3727 197 757
290 4346 240 857
277 4441 213 775
248 3286 196 742
266 3808 197 771
295 4079 193 789
291 3907 231 814
234 3791 187 784
240 3845 175 823
311 4279 174 770
324 5311 245 944
285 4678 270 887
215 2869 187 741
255 4076 191 789
228 3286 179 711
256 3803 208 741
301 5037 251 952
226 3254 170 695
382 6134 230 837
236 3858 180 777
274 3502 214 708
246 4025 193 862
248 3678 211 739
231 3598 168 728
240 3687 179 768
261 4176 225 779
235 3616 169 721
242 2986 215 673
299 4424 206 836
245 3597 179 734
231 3890 169 720
255 3729 176 770
309 4585 239 862
243 3939 198 839
314 4207 207 775
211 3350 174 744
225 3533 208 794
224 3009 197 755
352 4873 208 765
276 3578 214 791
231 3208 208 730
287 3803 247 837
224 3284 192 770
262 3999 218 807
210 3101 199 690
320 4266 215 816
312 4503 294 841
209 2898 182 733
255 3730 184 757
243 3768 220 749
233 3554 195 726
247 3699 205 700
232 3170 191 712
278 4023 212 794
246 3359 188 765
268 4023 183 749
351 4868 249 880
314 4170 228 860
237 3168 204 712
275 4311 210 848
281 4489 212 882
194 2793 158 684
223 3032 198 691
207 3399 189 770
254 3542 202 788
307 4892 207 852
260 3418 198 833
327 4222 211 815
231 3702 198 714
285 3580 197 752
226 3685 199 804
221 3713 190 782
308 3733 210 736
424 5489 232 884
214 2960 189 790
252 3378 201 731
227 3122 159 754
284 4328 257 821
275 3794 202 742
318 4650 266 814
303 4609 210 876
208 2860 182 690
318 4870 229 844
270 4331 216 850
284 4096 210 846
231 3285 204 783
225 2862 188 672
272 3809 212 803
244 3491 177 698
272 3962 231 819
245 3119 210 749
296 4531 238 929
252 3666 169 744
292 4056 207 763
293 4377 238 920
359 6019 294 936
266 4056 182 740
269 3878 212 770
247 3309 174 730
227 3730 182 771
272 3575 200 754
247 4055 212 847
299 4235 217 773
298 3719 205 810
237 3672 180 684
238 3408 197 742
260 3834 188 793
217 3069 170 730
281 4609 189 813
247 3351 207 745
274 4004 182 750
240 4115 193 813
296 4179 211 840
300 4646 228 834
293 4831 214 875
282 3742 221 779
249 3499 199 786
356 4866 229 807
243 3651 188 764
240 3436 197 740
232 2934 197 699
189 2755 154 683
241 3410 189 796
265 3969 218 822
342 4976 223 903
227 3155 174 689
222 3257 198 694
287 4643 247 883
228 3725 181 770
269 3737 193 749
236 3875 236 807
253 3511 232 794
322 5022 244 832
197 2425 161 712
210 2775 178 719
254 3593 201 781
243 3577 178 759
209 3403 205 742
298 4869 257 873
256 4234 202 839
283 4124 201 740
249 3576 185 689
305 3926 208 810
235 3599 173 736
299 4322 214 854
264 3758 212 731
252 4162 193 841
211 3029 151 693
197 3134 177 729
248 3558 195 724
274 3935 198 814
264 3703 178 721
268 4058 170 786
244 3549 178 734
208 2972 201 735
202 2995 177 683
244 3335 191 714
294 4212 234 838
304 4487 172 775
267 3788 206 748
260 3870 184 720
269 4469 202 813
261 3870 226 772
209 3070 163 695
196 2922 152 713
300 4290 211 792
300 4857 210 883
237 3507 172 722
232 3093 214 691
225 3128 179 758
267 3631 199 786
221 3421 207 783
260 4121 181 801
259 4045 207 793
203 3041 181 735
207 3092 175 725
269 3753 188 761
239 3282 178 764
269 3744 213 779
257 4210 223 850
234 3210 175 746
326 5242 255 953
279 4229 209 787
264 4161 210 876
275 4494 214 839
233 3392 206 760
305 4083 212 789
233 3578 183 767
226 3226 216 717
252 3920 184 744
260 4105 173 817
269 3519 163 758
260 3552 197 791
243 4267 237 771
226 3472 168 759
263 3547 179 749
226 3195 173 719
243 4153 163 709
235 3482 213 789
238 3717 164 681
244 3312 191 736
303 4071 228 799
250 3930 180 756
293 4062 193 733
309 4647 228 825
263 3919 231 785
219 3005 196 730
259 3598 193 711
235 3186 218 737
252 4206 178 811
241 3330 212 724
290 3563 178 711
267 4262 226 830
269 4025 208 817
342 5522 243 970
251 3492 194 730
217 3327 216 733
266 3951 173 780
227 3223 192 700
248 3690 191 738
296 4552 206 789
283 4669 255 949
265 3773 229 794
257 3314 211 707
278 4101 243 770
251 3805 173 747
210 2954 170 755
267 3535 173 782
252 3640 225 767
204 3272 188 707
233 3229 178 726
264 4619 204 846
227 3502 180 771
225 3646 168 744
340 5000 278 919
245 3559 193 756
285 4670 243 833
307 4855 204 830
