62090 1260.22
158 2468 154 719
167 2484 155 712
158 2445 154 730
162 2580 155 712
180 2697 151 709
171 2599 159 704
166 2641 150 717
169 2504 157 709
180 2755 159 701
167 2596 159 707
156 2533 153 725
161 2533 155 715
156 2501 155 722
164 2460 154 719
173 2628 156 707
177 2618 151 714
166 2562 157 709
163 2474 153 725
175 2583 159 704
180 2712 157 704
173 2557 150 724
176 2533 159 708
165 2577 151 724
162 2569 152 729
175 2602 149 727
161 2573 153 718
173 2640 155 710
169 2581 151 718
174 2529 151 723
163 2548 153 718
164 2458 156 725
185 2789 157 701
167 2512 152 729
167 2578 150 728
178 2509 151 730
185 2703 155 707
161 2515 155 718
169 2610 150 721
164 2574 152 725
157 2495 155 722
179 2678 154 712
173 2535 152 722
166 2546 155 712
167 2546 157 710
173 2722 154 716
157 2497 153 735
165 2542 152 729
168 2569 151 727
160 2518 153 725
170 2577 152 718
171 2516 153 724
176 2618 150 720
173 2530 151 730
168 2573 152 722
174 2532 153 721
155 2532 151 738
171 2541 152 728
174 2592 166 706
183 2529 153 721
190 2890 169 699
172 2634 145 717
158 2445 154 730
155 2532 151 738
205 3170 205 773
193 3055 166 730
200 3161 157 720
226 3366 183 744
220 3274 170 751
204 2909 166 728
209 3125 179 770
195 3073 181 744
197 3057 165 744
196 2812 155 719
246 3596 164 754
219 3096 182 725
191 2929 172 759
208 3146 162 745
216 3245 164 731
214 3165 177 746
213 3125 175 748
205 3031 167 741
201 3059 164 734
206 3136 160 743
212 3116 172 740
203 3243 160 747
210 3101 175 741
204 2854 172 755
251 3283 172 759
192 2910 165 722
246 3229 184 728
214 3252 169 735
179 2793 163 739
229 3124 195 759
235 3393 210 788
202 3069 160 739
230 3280 169 754
209 3083 178 746
221 3301 189 735
253 3782 160 721
231 3574 174 764
208 3124 168 737
230 3207 197 761
236 3407 162 737
211 3067 167 712
228 3388 181 743
204 3080 177 736
218 3229 180 724
191 2858 164 730
192 2848 158 743
219 3181 172 743
226 3483 172 749
201 2913 166 757
203 3037 172 746
198 3006 175 722
195 2779 182 750
198 3068 168 731
210 3133 165 727
183 2810 152 727
214 3333 179 745
228 3383 189 791
217 3084 168 714
192 2921 164 739
205 3057 181 735
231 3588 161 750
240 3549 163 740
220 3011 182 753
203 3048 169 746
224 3027 196 747
205 2920 174 774
240 3432 167 752
189 2867 164 737
205 2931 189 728
217 2901 165 742
197 2902 160 738
217 3378 159 733
216 2963 181 719
217 3499 168 748
200 2903 198 749
215 2956 175 764
192 3039 157 735
189 2819 168 751
222 3403 180 752
204 2906 166 724
226 3299 161 728
229 3346 189 764
218 3278 195 765
233 3588 172 757
204 2894 155 740
202 2775 174 762
186 2837 155 718
185 2851 163 736
213 3265 159 729
271 3750 179 760
200 3092 174 736
189 2899 181 731
184 2780 160 742
203 3097 169 748
208 3081 163 732
204 3020 163 728
207 3063 165 734
243 3509 178 777
212 3031 163 736
232 3467 174 749
209 2967 167 738
205 2960 174 743
192 2824 179 736
198 3135 166 756
213 3293 184 761
217 3097 169 734
221 3229 168 740
204 3165 180 753
222 2956 196 749
207 3144 172 734
245 3427 166 751
218 3244 164 741
205 3057 180 747
187 2844 167 759
187 2879 170 718
216 3211 182 751
214 3239 177 769
196 2922 166 729
184 2859 165 745
210 3073 153 728
216 3380 174 734
215 3284 166 742
207 3162 162 745
207 3121 173 720
245 3450 180 755
186 2893 167 743
216 3385 177 751
218 3390 166 762
180 2628 159 720
201 3091 171 764
251 3884 179 741
193 3073 170 755
235 3356 194 767
194 2824 166 751
225 3295 192 765
221 3098 170 727
203 2890 162 725
249 3494 185 771
189 2908 155 734
217 3366 184 742
210 3202 168 739
194 2892 157 725
232 3438 174 738
208 3014 179 728
217 3181 183 756
199 3228 161 725
226 3256 175 761
173 2727 163 739
222 3206 166 740
202 3080 170 750
195 2889 184 766
201 2984 162 745
237 3504 197 758
250 3325 179 754
225 3244 174 751
215 3228 180 761
212 3084 197 746
191 2898 155 715
233 3356 196 757
225 3341 168 741
190 2866 168 718
217 3363 183 761
189 2773 176 754
211 3070 169 744
209 3126 174 731
205 2978 174 732
203 2998 164 767
194 2872 179 738
216 3165 166 733
204 3144 163 751
201 3037 161 733
213 3220 163 749
206 3144 164 748
217 3213 180 752
197 2889 159 740
188 2737 174 739
242 3209 187 748
265 4000 163 747
252 3982 162 745
225 3188 163 765
207 2989 166 731
195 3032 165 736
193 2831 166 772
217 3409 172 735
235 3490 179 759
187 2981 170 731
191 2819 180 779
229 3327 179 754
194 2906 172 737
186 2674 153 720
208 3092 166 735
197 3067 155 741
207 3145 169 729
230 3044 167 735
192 2920 153 735
205 3216 162 758
250 3494 202 754
196 2967 176 757
211 3015 174 742
229 3409 179 771
195 2902 174 731
195 3034 169 750
218 3252 172 745
192 2896 169 729
203 2999 169 726
204 2976 181 770
233 3284 169 735
188 2892 162 755
232 3332 164 733
207 3049 162 749
195 3027 164 762
212 3152 155 739
214 3216 189 740
242 3498 194 763
205 3245 161 732
191 2839 172 728
210 2880 169 727
213 3180 177 754
195 2763 158 735
191 2996 153 728
222 3350 187 738
199 3035 173 744
227 3350 159 730
194 2762 162 739
201 3051 165 739
209 3276 155 742
212 3185 164 743
238 3362 164 751
212 3095 158 735
231 3493 151 737
210 3133 197 750
196 2883 165 726
202 2983 168 723
222 3197 190 762
227 3392 153 735
257 3541 174 756
214 3373 184 746
