12113 540.226
523 7540 523 2524
587 8361 587 2484
523 7520 523 2533
523 7520 523 2533
523 7520 523 2533
587 8361 587 2484
560 7848 560 2499
569 8148 569 2494
551 7748 551 2504
560 7848 560 2499
578 8224 578 2489
551 7748 551 2504
578 8224 578 2489
542 7663 542 2509
569 8148 569 2494
569 8148 569 2494
578 8224 578 2489
560 7848 560 2499
560 7848 560 2499
578 8224 578 2489
569 8148 569 2494
525 7545 524 2523
542 7663 542 2509
569 8148 569 2494
569 8148 569 2494
542 7663 542 2509
534 7614 533 2514
533 7622 533 2514
542 7663 542 2509
525 7545 524 2523
533 7622 533 2514
534 7614 533 2514
560 7848 560 2499
551 7748 551 2504
523 7525 523 2528
534 7614 533 2514
560 7848 560 2499
533 7622 533 2514
578 8224 578 2489
551 7748 551 2504
542 7663 542 2509
551 7748 551 2504
524 7574 524 2519
523 7520 523 2533
560 7848 560 2499
551 7748 551 2504
542 7663 542 2509
524 7561 524 2523
523 7525 523 2528
525 7558 524 2519
578 8224 578 2489
533 7622 533 2514
524 7574 524 2519
542 7663 542 2509
534 7614 533 2514
525 7545 524 2523
525 7545 524 2523
523 7540 523 2524
523 7540 523 2524
534 7614 533 2514
523 7540 523 2524
523 7520 523 2533
524 7574 524 2519
524 7561 524 2523
525 7558 524 2519
534 7614 533 2514
533 7622 533 2514
523 7525 523 2528
523 7540 523 2524
525 7545 524 2523
523 7520 523 2533
525 7558 524 2519
534 7614 533 2514
534 7614 533 2514
525 7545 524 2523
551 7748 551 2504
560 7848 560 2499
551 7748 551 2504
523 7540 523 2524
587 8361 587 2484
524 7561 524 2523
523 7520 523 2533
523 7540 523 2524
569 8148 569 2494
578 8224 578 2489
533 7622 533 2514
560 7848 560 2499
578 8224 578 2489
534 7614 533 2514
569 8148 569 2494
523 7540 523 2524
523 7540 523 2524
569 8148 569 2494
560 7848 560 2499
542 7663 542 2509
578 8224 578 2489
569 8148 569 2494
523 7520 523 2533
534 7614 533 2514
534 7614 533 2514
578 8224 578 2489
578 8224 578 2489
551 7748 551 2504
523 7520 523 2533
578 8224 578 2489
525 7545 524 2523
534 7614 533 2514
523 7540 523 2524
533 7622 533 2514
542 7663 542 2509
534 7614 533 2514
542 7663 542 2509
523 7540 523 2524
569 8148 569 2494
523 7540 523 2524
542 7663 542 2509
542 7663 542 2509
551 7748 551 2504
551 7748 551 2504
523 7540 523 2524
524 7561 524 2523
523 7540 523 2524
523 7540 523 2524
542 7663 542 2509
542 7663 542 2509
560 7848 560 2499
542 7663 542 2509
523 7540 523 2524
523 7540 523 2524
569 8148 569 2494
542 7663 542 2509
523 7540 523 2524
578 8224 578 2489
523 7540 523 2524
523 7540 523 2524
533 7622 533 2514
534 7614 533 2514
523 7540 523 2524
523 7540 523 2524
523 7540 523 2524
578 8224 578 2489
542 7663 542 2509
523 7540 523 2524
523 7540 523 2524
524 7561 524 2523
560 7848 560 2499
524 7561 524 2523
551 7748 551 2504
551 7748 551 2504
525 7558 524 2519
542 7663 542 2509
525 7558 524 2519
569 8148 569 2494
560 7848 560 2499
533 7622 533 2514
569 8148 569 2494
578 8224 578 2489
542 7663 542 2509
560 7848 560 2499
551 7748 551 2504
569 8148 569 2494
523 7520 523 2533
569 8148 569 2494
542 7663 542 2509
534 7614 533 2514
542 7663 542 2509
551 7748 551 2504
523 7540 523 2524
534 7614 533 2514
523 7540 523 2524
523 7540 523 2524
542 7663 542 2509
523 7540 523 2524
578 8224 578 2489
569 8148 569 2494
578 8224 578 2489
551 7748 551 2504
523 7540 523 2524
523 7520 523 2533
578 8224 578 2489
534 7614 533 2514
523 7540 523 2524
587 8361 587 2484
569 8148 569 2494
523 7540 523 2524
542 7663 542 2509
523 7525 523 2528
534 7614 533 2514
533 7622 533 2514
524 7574 524 2519
523 7540 523 2524
534 7614 533 2514
525 7558 524 2519
523 7540 523 2524
523 7540 523 2524
523 7540 523 2524
578 8224 578 2489
525 7558 524 2519
542 7663 542 2509
551 7748 551 2504
578 8224 578 2489
533 7622 533 2514
551 7748 551 2504
542 7663 542 2509
534 7614 533 2514
523 7520 523 2533
523 7540 523 2524
523 7540 523 2524
534 7614 533 2514
523 7540 523 2524
542 7663 542 2509
542 7663 542 2509
534 7614 533 2514
560 7848 560 2499
542 7663 542 2509
523 7520 523 2533
569 8148 569 2494
578 8224 578 2489
534 7614 533 2514
551 7748 551 2504
560 7848 560 2499
534 7614 533 2514
542 7663 542 2509
542 7663 542 2509
551 7748 551 2504
560 7848 560 2499
569 8148 569 2494
551 7748 551 2504
578 8224 578 2489
534 7614 533 2514
569 8148 569 2494
525 7545 524 2523
578 8224 578 2489
578 8224 578 2489
569 8148 569 2494
560 7848 560 2499
523 7520 523 2533
587 8361 587 2484
523 7520 523 2533
523 7540 523 2524
569 8148 569 2494
525 7558 524 2519
560 7848 560 2499
533 7622 533 2514
534 7614 533 2514
542 7663 542 2509
525 7545 524 2523
578 8224 578 2489
560 7848 560 2499
523 7540 523 2524
569 8148 569 2494
551 7748 551 2504
560 7848 560 2499
542 7663 542 2509
534 7614 533 2514
551 7748 551 2504
533 7622 533 2514
533 7622 533 2514
523 7540 523 2524
542 7663 542 2509
523 7520 523 2533
560 7848 560 2499
569 8148 569 2494
551 7748 551 2504
542 7663 542 2509
534 7614 533 2514
525 7558 524 2519
569 8148 569 2494
578 8224 578 2489
523 7540 523 2524
569 8148 569 2494
569 8148 569 2494
542 7663 542 2509
523 7540 523 2524
523 7540 523 2524
534 7614 533 2514
569 8148 569 2494
523 7540 523 2524
542 7663 542 2509
523 7540 523 2524
523 7540 523 2524
578 8224 578 2489
560 7848 560 2499
560 7848 560 2499
560 7848 560 2499
569 8148 569 2494
551 7748 551 2504
569 8148 569 2494
542 7663 542 2509
542 7663 542 2509
523 7540 523 2524
542 7663 542 2509
560 7848 560 2499
534 7614 533 2514
523 7540 523 2524
542 7663 542 2509
551 7748 551 2504
542 7663 542 2509
542 7663 542 2509
533 7622 533 2514
