74658 3361.21
592 7742 587 2484
526 7039 523 2531
523 7050 523 2531
527 7081 523 2524
523 7050 523 2531
587 7746 587 2484
578 7514 578 2489
569 7341 569 2494
579 7473 578 2491
569 7337 569 2496
560 7234 560 2499
542 7201 542 2509
555 7206 551 2504
560 7234 560 2499
542 7197 542 2518
554 7192 551 2506
553 7115 524 2519
554 7192 542 2511
579 7505 578 2489
560 7226 560 2501
533 7234 533 2516
569 7337 569 2496
569 7337 569 2496
579 7505 578 2489
534 7220 533 2516
533 7238 533 2514
569 7337 569 2496
551 7234 551 2504
579 7505 578 2489
542 7201 542 2509
587 7746 587 2484
535 7116 524 2519
527 7081 523 2524
533 7234 533 2516
555 7206 551 2504
523 7070 523 2529
592 7742 587 2484
587 7746 587 2484
523 7106 523 2524
560 7234 560 2499
555 7206 551 2504
579 7473 578 2491
524 7167 524 2521
534 7224 533 2514
554 7192 542 2511
542 7201 542 2509
554 7192 551 2506
527 7057 523 2526
560 7226 560 2501
569 7341 569 2494
534 7220 533 2516
534 7224 533 2514
578 7482 578 2491
527 7057 523 2526
554 7192 542 2511
534 7220 533 2516
526 7059 523 2529
553 7115 524 2519
525 7154 524 2521
579 7505 578 2489
560 7226 560 2501
554 7192 551 2506
526 7039 523 2531
569 7337 569 2496
526 7147 524 2521
527 7117 524 2519
551 7234 551 2504
579 7505 578 2489
524 7167 524 2521
527 7081 523 2524
526 7168 524 2519
553 7115 524 2519
535 7216 533 2516
553 7115 524 2519
542 7197 542 2518
533 7238 533 2514
554 7219 551 2504
527 7093 524 2521
524 7167 524 2521
525 7154 524 2521
523 7106 523 2524
534 7224 533 2514
526 7059 523 2529
523 7050 523 2531
526 7039 523 2531
524 7181 524 2519
554 7192 542 2511
523 7050 523 2531
534 7220 533 2516
524 7167 524 2521
525 7174 524 2519
526 7066 523 2526
523 7050 523 2531
525 7154 524 2521
555 7206 551 2504
579 7505 578 2489
579 7473 578 2491
578 7514 578 2489
579 7505 578 2489
578 7482 578 2491
560 7226 560 2501
560 7234 560 2499
523 7050 523 2531
526 7147 524 2521
526 7066 523 2526
524 7181 524 2519
525 7154 524 2521
527 7057 523 2526
525 7174 524 2519
526 7059 523 2529
525 7174 524 2519
523 7086 523 2526
542 7201 542 2509
542 7197 542 2518
554 7192 542 2511
526 7066 523 2526
526 7090 523 2524
523 7070 523 2529
523 7086 523 2526
535 7216 533 2516
560 7226 560 2501
527 7057 523 2526
554 7219 551 2504
553 7091 524 2521
527 7117 524 2519
553 7091 524 2521
535 7092 524 2521
524 7167 524 2521
535 7116 524 2519
535 7092 524 2521
526 7168 524 2519
534 7220 533 2516
526 7090 523 2524
527 7093 524 2521
526 7039 523 2531
542 7201 542 2509
527 7093 524 2521
524 7181 524 2519
533 7234 533 2516
542 7201 542 2509
535 7116 524 2519
560 7234 560 2499
560 7234 560 2499
578 7514 578 2489
526 7059 523 2529
523 7050 523 2531
554 7192 551 2506
534 7220 533 2516
523 7050 523 2531
579 7505 578 2489
569 7337 569 2496
526 7066 523 2526
569 7337 569 2496
560 7226 560 2501
527 7057 523 2526
554 7192 551 2506
554 7192 551 2506
569 7337 569 2496
555 7206 551 2504
526 7147 524 2521
554 7192 542 2511
526 7147 524 2521
534 7220 533 2516
569 7337 569 2496
555 7206 551 2504
578 7514 578 2489
560 7234 560 2499
527 7081 523 2524
569 7341 569 2494
554 7192 551 2506
555 7206 551 2504
526 7039 523 2531
592 7742 587 2484
542 7201 542 2509
527 7093 524 2521
569 7337 569 2496
554 7192 551 2506
560 7226 560 2501
560 7226 560 2501
554 7192 551 2506
554 7192 542 2511
560 7226 560 2501
542 7201 542 2509
554 7192 551 2506
560 7234 560 2499
555 7206 551 2504
525 7154 524 2521
579 7473 578 2491
560 7234 560 2499
542 7201 542 2509
587 7746 587 2484
592 7742 587 2484
533 7238 533 2514
526 7039 523 2531
533 7238 533 2514
569 7337 569 2496
579 7505 578 2489
569 7337 569 2496
542 7201 542 2509
533 7238 533 2514
535 7220 533 2514
578 7482 578 2491
554 7192 551 2506
569 7337 569 2496
554 7192 551 2506
560 7226 560 2501
560 7234 560 2499
535 7220 533 2514
569 7337 569 2496
542 7197 542 2518
560 7226 560 2501
569 7337 569 2496
523 7050 523 2531
533 7234 533 2516
527 7117 524 2519
555 7206 551 2504
554 7192 551 2506
526 7147 524 2521
527 7117 524 2519
553 7115 524 2519
551 7234 551 2504
524 7181 524 2519
525 7154 524 2521
553 7115 524 2519
579 7473 578 2491
527 7093 524 2521
554 7192 551 2506
526 7039 523 2531
555 7206 551 2504
554 7192 551 2506
523 7106 523 2524
526 7059 523 2529
534 7220 533 2516
535 7216 533 2516
554 7192 551 2506
560 7234 560 2499
526 7066 523 2526
526 7059 523 2529
560 7226 560 2501
526 7039 523 2531
526 7039 523 2531
587 7746 587 2484
527 7081 523 2524
578 7514 578 2489
569 7341 569 2494
579 7473 578 2491
542 7197 542 2518
560 7234 560 2499
533 7238 533 2514
579 7473 578 2491
554 7192 551 2506
569 7337 569 2496
526 7168 524 2519
569 7337 569 2496
569 7337 569 2496
551 7234 551 2504
569 7337 569 2496
560 7226 560 2501
542 7201 542 2509
527 7117 524 2519
523 7070 523 2529
592 7742 587 2484
555 7206 551 2504
555 7206 551 2504
560 7234 560 2499
554 7192 542 2511
579 7505 578 2489
569 7341 569 2494
554 7192 542 2511
579 7505 578 2489
569 7337 569 2496
525 7154 524 2521
554 7192 542 2511
526 7147 524 2521
569 7337 569 2496
560 7226 560 2501
579 7505 578 2489
560 7226 560 2501
560 7234 560 2499
560 7234 560 2499
533 7238 533 2514
560 7234 560 2499
527 7093 524 2521
569 7337 569 2496
555 7206 551 2504
554 7192 551 2506
526 7039 523 2531
560 7226 560 2501
569 7337 569 2496
554 7192 551 2506
560 7234 560 2499
527 7081 523 2524
535 7116 524 2519
554 7192 542 2511
535 7216 533 2516
555 7206 551 2504
542 7197 542 2518
534 7220 533 2516
560 7234 560 2499
554 7219 551 2504
