55 3.10133
606 10090 569 2496
591 10141 569 2494
587 10199 551 2506
550 9219 523 2539
550 9219 523 2539
580 10014 560 2499
561 9645 533 2514
587 10199 551 2506
573 9679 524 2519
588 9808 551 2504
555 9302 542 2511
565 9233 533 2514
566 9933 523 2528
580 10014 560 2499
589 9543 542 2509
569 9667 523 2530
559 9489 524 2521
580 9763 542 2509
588 9808 551 2504
551 9401 523 2533
557 9341 523 2537
555 9302 542 2511
573 9679 524 2519
577 9382 523 2526
577 9382 523 2526
559 9458 524 2525
572 9557 523 2524
557 9341 523 2537
551 9401 523 2533
565 9406 524 2523
572 9557 523 2524
565 9233 533 2514
589 9543 542 2509
559 9458 524 2525
565 9406 524 2523
580 9763 542 2509
588 9808 551 2504
587 10199 551 2506
587 10199 551 2506
587 10199 551 2506
587 10199 551 2506
580 10014 560 2499
580 10014 560 2499
580 9763 542 2509
572 9557 523 2524
557 9341 523 2537
557 9341 523 2537
555 9302 542 2511
550 9219 523 2539
550 9219 523 2539
550 9219 523 2539
620 10251 569 2494
611 10519 569 2494
611 10519 569 2494
554 9229 523 2539
594 10489 551 2508
561 9646 533 2516
564 9366 542 2511
589 9510 533 2514
599 10193 569 2498
562 9572 542 2511
602 9883 551 2506
596 9717 524 2521
609 10115 560 2503
594 9559 542 2509
588 10116 560 2499
609 10115 560 2503
575 9844 524 2530
581 10275 533 2514
570 9595 533 2516
557 9423 523 2537
588 10116 560 2499
620 10251 569 2494
557 9423 523 2537
605 9608 523 2532
586 9940 523 2528
581 9824 524 2530
600 10193 569 2496
578 9664 524 2534
583 9728 524 2519
583 9728 524 2519
591 9748 523 2526
577 9524 533 2516
602 9883 551 2506
587 9952 523 2524
578 9957 523 2524
581 10275 533 2514
605 9608 523 2532
597 10009 551 2504
591 9748 523 2526
601 9922 551 2504
578 9664 524 2534
596 9717 524 2521
581 10024 524 2521
592 9538 524 2523
592 9538 524 2523
590 10219 542 2509
581 10024 524 2521
581 9888 524 2527
594 9559 542 2509
597 10009 551 2504
601 9922 551 2504
577 9524 533 2516
590 10219 542 2509
589 9570 524 2531
599 10193 569 2498
589 9570 524 2531
581 9888 524 2527
578 9957 523 2524
620 10251 569 2494
609 10115 560 2503
609 10115 560 2503
609 10115 560 2503
609 10115 560 2503
609 10115 560 2503
609 10115 560 2503
609 10115 560 2503
609 10115 560 2503
609 10115 560 2503
605 9608 523 2532
601 9922 551 2504
599 10193 569 2498
599 10193 569 2498
599 10193 569 2498
597 10009 551 2504
597 10009 551 2504
597 10009 551 2504
594 9559 542 2509
590 10219 542 2509
590 10219 542 2509
588 10116 560 2499
588 10116 560 2499
588 10116 560 2499
583 9728 524 2519
583 9728 524 2519
583 9728 524 2519
583 9728 524 2519
581 10275 533 2514
581 9888 524 2527
578 9957 523 2524
577 9524 533 2516
557 9423 523 2537
629 10348 524 2519
620 10372 569 2494
618 10609 569 2494
580 9511 523 2539
579 9670 523 2537
577 10150 542 2513
605 9768 533 2514
596 10119 560 2499
597 10216 551 2504
595 10135 560 2503
588 10051 523 2528
604 9913 551 2506
591 9831 533 2514
611 9964 523 2531
611 9865 542 2511
610 9982 523 2524
605 10342 569 2498
617 10034 524 2521
585 9902 542 2522
595 9884 542 2509
613 10190 524 2523
601 10326 524 2523
600 10214 551 2506
618 10302 569 2496
605 10342 569 2498
604 9865 551 2513
591 9831 533 2514
618 10302 569 2496
620 10372 569 2494
620 10372 569 2494
618 10302 569 2496
618 10302 569 2496
618 10302 569 2496
618 10302 569 2496
618 10302 569 2496
591 9831 533 2514
591 9831 533 2514
591 9831 533 2514
659 10854 523 2524
632 11003 569 2494
629 11230 524 2521
612 9917 533 2518
596 10185 523 2528
601 10313 560 2501
653 11038 523 2524
639 10640 524 2521
628 10546 551 2504
616 10322 542 2511
658 10900 524 2519
601 10177 533 2516
622 10264 560 2499
597 10297 551 2508
626 10702 569 2496
614 10397 542 2509
623 10117 524 2523
619 10843 523 2526
609 10362 551 2506
610 10144 533 2514
624 10416 523 2526
632 10603 569 2498
612 10674 551 2504
657 10994 523 2524
626 10322 551 2506
632 10712 524 2521
611 10384 560 2499
668 11403 569 2494
631 10192 523 2530
601 10259 523 2537
600 10199 524 2534
662 10947 524 2519
618 10423 542 2509
626 10801 569 2496
651 10744 524 2521
636 10609 551 2504
607 10340 560 2501
617 10421 551 2506
639 10449 523 2526
620 10445 560 2499
608 10477 533 2518
633 10328 533 2516
623 10388 533 2514
634 10901 524 2523
611 10502 533 2516
622 10654 523 2530
610 10286 523 2532
678 11198 524 2521
668 11091 569 2496
664 11325 524 2519
644 10800 523 2539
644 10407 533 2514
620 10633 574 2508
620 10583 542 2522
626 10586 560 2499
638 11123 542 2509
646 10716 551 2504
652 10906 569 2498
625 10562 533 2516
642 10783 551 2504
672 10768 523 2528
655 10883 524 2523
667 10728 523 2533
645 10924 524 2525
621 10530 542 2511
676 11233 524 2521
633 10471 533 2514
626 10481 533 2514
756 12492 524 2519
689 11965 569 2496
659 11221 524 2530
650 10623 560 2501
630 10837 533 2514
703 11185 542 2509
633 10894 560 2499
665 10634 533 2525
668 11287 551 2504
647 10703 542 2511
669 11234 551 2506
650 11462 542 2509
673 11416 524 2521
653 10660 533 2516
642 10822 533 2516
687 11201 542 2509
644 10685 533 2520
632 10827 533 2516
732 12412 542 2509
682 11465 560 2499
673 11613 560 2499
666 11809 524 2530
651 10883 542 2518
633 10895 560 2508
721 12388 524 2525
698 11242 551 2506
651 11149 533 2518
682 11012 533 2514
638 10957 542 2518
648 10924 551 2512
670 11364 560 2501
671 11555 551 2506
654 10922 542 2511
648 11067 542 2511
722 12333 560 2499
670 10982 554 2520
654 11304 533 2518
681 11564 551 2506
682 11807 542 2511
683 11459 533 2514
677 11442 542 2513
701 11540 533 2514
690 11642 551 2506
674 11329 533 2518
673 11638 533 2527
678 11624 542 2515
724 11854 533 2516
705 12000 551 2508
683 11332 533 2522
735 12977 533 2518
719 12219 551 2508
698 11417 533 2523
667 11632 542 2509
605 9802 560 2501
605 9802 560 2501
598 9468 533 2518
576 9591 523 2546
575 9763 554 2547
573 9797 551 2514
628 10117 523 2524
599 10554 524 2519
603 9944 533 2514
597 9469 523 2531
582 9644 533 2518
577 9806 542 2511
603 9803 524 2521
613 9524 551 2508
605 10430 523 2524
587 9677 560 2505
583 10129 533 2516
597 9469 523 2531
587 10032 524 2521
575 9763 554 2547
600 9734 551 2508
579 9874 524 2523
581 9567 524 2529
586 9664 533 2516
587 10032 524 2521
578 9628 523 2526
580 9841 524 2523
581 9567 524 2529
582 9767 524 2525
613 9524 551 2508
610 9765 542 2511
610 9765 542 2511
583 9778 551 2506
578 9628 523 2526
576 9591 523 2546
583 10129 533 2516
587 9677 560 2505
579 9874 524 2523
583 9778 551 2506
597 9656 551 2512
600 9666 542 2513
598 9468 533 2518
603 9803 524 2521
597 9656 551 2512
600 9666 542 2513
577 9806 542 2511
573 9797 551 2514
582 9644 533 2518
613 9524 551 2508
610 9765 542 2511
610 9765 542 2511
610 9765 542 2511
605 9802 560 2501
605 9802 560 2501
598 9468 533 2518
598 9468 533 2518
598 9468 533 2518
598 9468 533 2518
597 9656 551 2512
597 9656 551 2512
597 9469 523 2531
597 9469 523 2531
597 9469 523 2531
587 10032 524 2521
587 9677 560 2505
587 9677 560 2505
587 9677 560 2505
587 9677 560 2505
583 9778 551 2506
582 9644 533 2518
579 9874 524 2523
579 9874 524 2523
579 9874 524 2523
579 9874 524 2523
578 9628 523 2526
578 9628 523 2526
578 9628 523 2526
578 9628 523 2526
578 9628 523 2526
575 9763 554 2547
575 9763 554 2547
575 9763 554 2547
575 9763 554 2547
575 9763 554 2547
575 9763 554 2547
575 9763 554 2547
573 9797 551 2514
573 9797 551 2514
573 9797 551 2514
573 9797 551 2514
573 9797 551 2514
681 11302 524 2519
669 11463 524 2519
666 10138 560 2501
609 10251 560 2501
590 9961 523 2526
583 9607 524 2550
583 9607 524 2550
579 9744 524 2533
660 10739 523 2524
586 9866 551 2506
638 10473 533 2514
579 9818 542 2511
581 10173 533 2523
579 9818 542 2511
617 10491 533 2514
596 9694 523 2536
648 11407 523 2524
609 10251 560 2501
632 10186 560 2501
621 10247 560 2501
585 9718 524 2529
589 9748 533 2518
595 10035 524 2521
601 9724 533 2516
598 9789 523 2526
594 10093 524 2525
636 10068 560 2505
596 9694 523 2536
636 9660 533 2524
604 9968 524 2525
640 10160 560 2501
666 10138 560 2501
579 9744 524 2533
587 10148 533 2516
584 9879 533 2524
636 10068 560 2505
607 9962 524 2521
609 9834 524 2521
590 9961 523 2526
584 9879 533 2524
604 9968 524 2525
598 9853 533 2516
609 9834 524 2521
597 9854 533 2516
640 10160 560 2501
587 10148 533 2516
598 9853 533 2516
609 10251 560 2501
598 9853 533 2516
598 9853 533 2516
596 9694 523 2536
674 10809 523 2524
658 11449 523 2524
650 10405 560 2501
618 10686 560 2501
606 9802 523 2526
606 9727 533 2516
594 10166 523 2526
580 9836 542 2521
593 9977 542 2511
596 10163 533 2520
635 10168 551 2506
599 9948 551 2508
632 10725 533 2514
626 10584 524 2521
668 10944 523 2524
614 10289 551 2506
606 10545 524 2523
617 10902 533 2514
624 10523 560 2501
674 10809 523 2524
598 9955 533 2516
598 9860 523 2526
731 11948 533 2514
705 12315 533 2514
653 10717 560 2501
612 9940 523 2526
598 10184 523 2528
664 10942 551 2506
676 10396 551 2506
608 10094 551 2508
721 12014 523 2524
605 10314 533 2518
649 10418 542 2511
650 10744 524 2521
612 10052 542 2518
643 10779 524 2523
625 10611 542 2511
628 10380 542 2513
621 9969 542 2520
614 10100 533 2516
634 10511 542 2511
618 10058 542 2517
671 10710 551 2506
611 9948 523 2526
685 11171 524 2521
682 10901 560 2503
676 11426 524 2521
613 10005 523 2542
611 10165 560 2512
672 11277 551 2506
631 10761 527 2535
653 10375 533 2516
617 10353 551 2508
619 10326 533 2525
648 10528 542 2511
625 10346 542 2517
643 10060 523 2526
642 10330 524 2532
649 11002 524 2523
629 10402 523 2541
627 10167 533 2518
637 10614 542 2511
631 10633 542 2513
676 10968 560 2505
643 10469 533 2516
638 10867 533 2516
639 10834 533 2516
707 11695 560 2503
706 12026 560 2505
646 10672 523 2530
646 10334 542 2531
636 10365 545 2543
629 10583 533 2518
673 11367 551 2506
692 11513 524 2521
690 11976 524 2521
653 10636 523 2526
629 11021 542 2517
633 10765 551 2514
652 11047 551 2508
653 10420 533 2516
647 10463 533 2518
642 10982 551 2510
642 10627 542 2511
647 10922 533 2516
650 10804 533 2516
632 10932 542 2513
653 10594 542 2513
713 11758 524 2525
696 12085 551 2506
662 10689 523 2546
654 11396 523 2529
651 10478 533 2518
630 10706 533 2518
645 11020 542 2511
693 10736 524 2532
676 10915 542 2511
700 11811 524 2521
667 11202 551 2508
674 10802 533 2516
650 11236 524 2530
672 10979 523 2526
665 11165 533 2516
664 10946 542 2515
666 10919 542 2513
652 11007 542 2511
721 12014 551 2508
687 11699 523 2530
655 10675 533 2536
636 10925 533 2526
711 11950 524 2521
672 11294 551 2510
670 11145 542 2513
700 11214 533 2516
639 10890 542 2529
644 10706 533 2518
673 11151 524 2532
683 11941 533 2516
689 11029 524 2527
690 11859 533 2516
660 10695 533 2520
658 11193 542 2511
690 11175 523 2526
725 11972 524 2523
702 11947 542 2511
698 12190 524 2530
696 12256 523 2526
672 11242 551 2515
662 10747 533 2518
647 10750 533 2525
716 11700 533 2516
706 11681 542 2511
675 11601 542 2513
669 11484 542 2517
666 11488 551 2517
720 12089 524 2521
655 10969 533 2523
650 11140 533 2522
647 11154 533 2524
725 12045 533 2516
706 11941 542 2511
681 11328 551 2517
676 11189 542 2519
673 11378 542 2524
666 11723 533 2518
710 11532 533 2520
688 11552 533 2518
719 11278 533 2518
771 13123 533 2516
729 11584 542 2520
713 12005 551 2514
709 12050 542 2511
675 11754 533 2527
753 11989 542 2513
762 12404 533 2518
678 11734 533 2522
720 12123 533 2525
718 11696 523 2524
596 10172 578 2495
596 10172 578 2495
581 9326 523 2555
581 9326 523 2555
568 9574 523 2532
566 9603 524 2546
681 11349 524 2521
589 9834 569 2498
681 11349 524 2521
651 10308 560 2501
623 10687 523 2526
647 10168 551 2510
568 9574 523 2532
587 10041 560 2505
609 10392 542 2509
572 9442 533 2529
610 10342 551 2508
637 10311 533 2516
572 9686 542 2522
566 9603 524 2546
629 10525 533 2516
637 10462 560 2501
601 9745 542 2513
621 10283 551 2506
572 9442 533 2529
608 10611 524 2525
611 9831 560 2512
599 10092 560 2503
585 9429 533 2528
619 10200 533 2518
573 9660 524 2527
585 9872 542 2511
606 9936 533 2522
617 10327 551 2504
615 10349 533 2520
606 9907 523 2528
623 10687 523 2526
619 10200 533 2518
610 10359 524 2523
573 9660 524 2527
633 10321 524 2525
587 10106 533 2524
615 10349 533 2520
603 10059 533 2522
597 9933 533 2524
572 9686 542 2522
633 10321 524 2525
637 10311 533 2516
587 10106 533 2524
603 10059 533 2522
610 10342 551 2508
606 9936 533 2522
681 11349 524 2521
633 10321 524 2525
633 10321 524 2525
633 10321 524 2525
633 10321 524 2525
633 10321 524 2525
623 10687 523 2526
610 10342 551 2508
610 10342 551 2508
606 9936 533 2522
606 9936 533 2522
587 10106 533 2524
587 10106 533 2524
581 9326 523 2555
581 9326 523 2555
581 9326 523 2555
581 9326 523 2555
581 9326 523 2555
581 9326 523 2555
581 9326 523 2555
581 9326 523 2555
581 9326 523 2555
572 9686 542 2522
572 9686 542 2522
572 9686 542 2522
572 9442 533 2529
568 9574 523 2532
566 9603 524 2546
566 9603 524 2546
566 9603 524 2546
566 9603 524 2546
566 9603 524 2546
566 9603 524 2546
566 9603 524 2546
566 9603 524 2546
566 9603 524 2546
566 9603 524 2546
566 9603 524 2546
677 11078 569 2498
647 11266 569 2498
647 11266 569 2498
597 9805 523 2535
588 9993 523 2532
588 9868 533 2541
659 10979 523 2526
641 10529 533 2516
645 10953 542 2509
655 10323 560 2505
649 10470 551 2508
594 10228 542 2517
601 10105 560 2507
599 10126 551 2514
654 10674 524 2525
610 10323 569 2506
617 10467 569 2500
628 10372 560 2503
628 10287 533 2518
615 10243 533 2522
588 9993 523 2532
594 10067 524 2527
638 10754 560 2501
636 10010 560 2511
628 10665 551 2508
605 9808 542 2523
642 11211 524 2523
622 10058 523 2528
599 10126 551 2514
600 9904 542 2515
647 11057 551 2506
653 10847 524 2523
601 10105 560 2507
626 10616 560 2505
624 10889 551 2510
610 10261 542 2513
606 10251 551 2512
648 10697 551 2506
643 11141 524 2523
626 9926 524 2527
625 9858 524 2529
624 10889 551 2510
638 10649 542 2511
595 10019 524 2527
625 9858 524 2529
653 10847 524 2523
638 10754 560 2501
610 10323 569 2506
597 9914 524 2531
597 9914 524 2531
626 10856 524 2525
622 10058 523 2528
615 10243 533 2522
637 10566 551 2508
594 10228 542 2517
626 11138 551 2506
610 10261 542 2513
651 10953 524 2523
606 10251 551 2512
637 10566 551 2508
648 10697 551 2506
626 11138 551 2506
626 10856 524 2525
626 10616 560 2505
651 10953 524 2523
626 9926 524 2527
654 10674 524 2525
643 11141 524 2523
653 10847 524 2523
643 11141 524 2523
622 10058 523 2528
622 10058 523 2528
622 10058 523 2528
622 10058 523 2528
622 10058 523 2528
622 10058 523 2528
678 11651 551 2506
662 11437 569 2498
651 11503 569 2498
623 10074 523 2536
617 10261 523 2537
606 10151 542 2515
670 10524 533 2518
643 10983 560 2501
641 10669 542 2511
629 10692 560 2503
660 11270 523 2526
656 10848 524 2523
639 10781 569 2502
629 10707 533 2518
631 10404 533 2520
647 11318 524 2523
645 10553 569 2507
622 10445 523 2530
619 10581 542 2513
631 10779 523 2528
652 10859 533 2516
641 10908 569 2500
629 10856 524 2525
637 10596 523 2528
622 10445 523 2530
642 10801 569 2500
637 10596 523 2528
719 11891 551 2508
663 10963 569 2500
652 11330 569 2500
627 10386 523 2540
626 10319 551 2517
618 10561 523 2539
677 10736 524 2529
666 11513 560 2507
643 10852 569 2502
632 10752 533 2531
619 10558 542 2519
640 10784 560 2509
671 11002 542 2511
667 11043 560 2501
621 10608 551 2514
675 11008 533 2516
654 10852 523 2532
661 11395 524 2523
653 11145 542 2511
638 10424 533 2530
660 11383 524 2527
674 11136 524 2525
638 10663 533 2520
647 10943 542 2513
654 11058 551 2512
622 10699 524 2532
635 10918 523 2528
662 10786 542 2515
652 10906 533 2518
641 11097 533 2518
620 10621 542 2517
663 11022 533 2516
645 10909 533 2518
652 11330 569 2500
701 11119 560 2505
697 10669 551 2514
681 11786 524 2523
673 10672 523 2548
663 11226 569 2500
663 11226 569 2500
655 11279 523 2530
636 10831 524 2538
670 11373 560 2503
658 11651 542 2511
644 10977 542 2521
648 10913 533 2520
698 11214 551 2512
664 11699 524 2527
659 11082 524 2531
670 11228 542 2511
647 10939 533 2523
654 10699 542 2517
652 10981 542 2513
647 10949 533 2518
663 11226 569 2500
784 12930 578 2500
675 11168 523 2557
669 11069 542 2515
663 11457 523 2532
651 11281 533 2522
704 12190 560 2505
722 11785 560 2503
724 12136 523 2530
683 11574 542 2511
684 11718 524 2527
673 11398 551 2512
698 11075 533 2531
654 11191 542 2517
691 11433 533 2518
654 11246 542 2515
664 11393 542 2513
667 11185 542 2513
675 11180 524 2531
664 11246 524 2531
712 11674 533 2520
705 12015 524 2527
694 11645 542 2511
693 11502 523 2539
674 11175 542 2530
672 11327 551 2525
708 11396 542 2515
685 11928 524 2529
697 11995 523 2534
677 11898 533 2522
673 11443 542 2517
699 11829 533 2522
678 11306 533 2524
693 11336 542 2517
704 11466 533 2522
676 11668 542 2513
709 12014 533 2518
674 11400 542 2524
768 12953 523 2537
717 11945 542 2511
699 11974 524 2540
698 11983 542 2511
694 11760 542 2517
734 12355 533 2518
712 12070 533 2520
705 11870 542 2513
732 12252 533 2520
719 12431 533 2520
714 11944 542 2515
710 12535 551 2526
765 12727 533 2522
720 11991 542 2517
