261 10.7874
526 8941 523 2526
523 8570 523 2528
542 8653 542 2509
526 8941 523 2526
523 8570 523 2528
526 8941 523 2526
533 8596 533 2520
524 8647 524 2523
551 8699 551 2504
523 8570 523 2528
524 8701 524 2519
533 8744 533 2514
542 8653 542 2509
523 8570 523 2528
578 9540 578 2489
533 8744 533 2514
523 8570 523 2528
524 8701 524 2519
526 8941 523 2526
523 8570 523 2528
524 8701 524 2519
523 8458 523 2530
524 8473 524 2525
524 8701 524 2519
526 8941 523 2526
523 8458 523 2530
523 8570 523 2528
551 8699 551 2504
560 8758 560 2499
523 8570 523 2528
538 8978 523 2524
569 8905 569 2494
523 8458 523 2530
551 8699 551 2504
533 8599 533 2520
533 8599 533 2520
533 8599 533 2520
533 8599 533 2520
524 8666 524 2523
542 8659 542 2509
578 9547 578 2489
533 8744 533 2518
533 8748 533 2514
524 8481 524 2525
524 8707 524 2519
524 8707 524 2519
526 8963 523 2526
526 8963 523 2526
526 8963 523 2526
526 8963 523 2526
526 8963 523 2526
526 8963 523 2526
526 8963 523 2526
526 8963 523 2526
526 8963 523 2526
526 8963 523 2526
526 8963 523 2526
526 8963 523 2526
526 8963 523 2526
526 8963 523 2526
526 8963 523 2526
526 8963 523 2526
560 8764 560 2499
523 8575 523 2528
538 8992 523 2524
538 8992 523 2524
538 8992 523 2524
569 8921 569 2494
569 8921 569 2494
569 8921 569 2494
523 8459 523 2530
551 8706 551 2504
551 8706 551 2504
551 8706 551 2504
551 8706 551 2504
551 8706 551 2504
533 8601 533 2520
532 8679 524 2523
542 8663 542 2509
578 9552 578 2489
578 9552 578 2489
578 9552 578 2489
578 9552 578 2489
578 9552 578 2489
578 9552 578 2489
578 9552 578 2489
578 9552 578 2489
578 9552 578 2489
578 9552 578 2489
578 9552 578 2489
578 9552 578 2489
578 9552 578 2489
578 9552 578 2489
533 8755 533 2514
533 8754 533 2516
533 8754 533 2516
524 8484 524 2525
524 8711 524 2519
524 8711 524 2519
524 8711 524 2519
524 8711 524 2519
524 8711 524 2519
524 8711 524 2519
526 8967 523 2526
560 8766 560 2499
560 8766 560 2499
523 8576 523 2528
538 8996 523 2524
538 8996 523 2524
538 8996 523 2524
538 8996 523 2524
569 8935 569 2494
523 8464 523 2530
551 8715 551 2504
551 8715 551 2504
533 8604 533 2520
532 8709 524 2523
542 8666 542 2509
542 8666 542 2509
542 8666 542 2509
578 9552 578 2491
578 9554 578 2489
578 9554 578 2489
578 9554 578 2489
578 9554 578 2489
578 9554 578 2489
578 9554 578 2489
533 8756 533 2514
524 8486 524 2525
524 8713 524 2519
524 8713 524 2519
526 8972 523 2526
560 8769 560 2499
523 8591 523 2528
523 8591 523 2528
538 8998 523 2524
538 8998 523 2524
569 8937 569 2494
569 8937 569 2494
569 8937 569 2494
523 8465 523 2530
523 8465 523 2530
523 8465 523 2530
523 8465 523 2530
523 8465 523 2530
523 8465 523 2530
523 8465 523 2530
551 8715 551 2506
551 8715 551 2506
551 8716 551 2504
551 8716 551 2504
551 8716 551 2504
551 8716 551 2504
551 8716 551 2504
551 8716 551 2504
551 8716 551 2504
551 8716 551 2504
551 8715 551 2506
533 8607 533 2520
542 8671 542 2509
542 8671 542 2509
578 9558 578 2489
533 8760 533 2514
533 8760 533 2514
533 8760 533 2514
524 8491 524 2525
533 8488 524 2525
524 8715 524 2519
524 8715 524 2519
524 8715 524 2519
524 8715 524 2519
526 8986 523 2526
560 8771 560 2499
560 8771 560 2499
523 8592 523 2528
523 8592 523 2528
538 9000 523 2524
569 8941 569 2494
569 8941 569 2494
569 8941 569 2494
569 8941 569 2494
569 8941 569 2494
569 8941 569 2494
523 8466 523 2530
551 8717 551 2504
533 8608 533 2520
545 8672 542 2509
542 8674 542 2509
545 8672 542 2509
578 9559 578 2489
578 9559 578 2489
578 9559 578 2489
578 9559 578 2489
578 9559 578 2489
578 9559 578 2489
533 8762 533 2514
533 8762 533 2514
524 8501 524 2525
524 8501 524 2525
524 8501 524 2525
524 8716 524 2519
524 8716 524 2519
526 8992 523 2526
560 8774 560 2499
560 8774 560 2499
560 8774 560 2499
560 8774 560 2499
523 8593 523 2528
538 9001 523 2524
569 8944 569 2494
523 8467 523 2530
523 8467 523 2530
551 8719 551 2504
551 8719 551 2504
533 8615 533 2520
533 8615 533 2520
533 8615 533 2520
533 8615 533 2520
542 8677 542 2509
542 8677 542 2509
578 9561 578 2489
533 8764 533 2514
524 8502 524 2525
524 8717 524 2519
526 9011 523 2526
526 9011 523 2526
526 9011 523 2526
526 9011 523 2526
526 9011 523 2526
526 9011 523 2526
526 9011 523 2526
526 9011 523 2526
526 9011 523 2526
527 9010 523 2526
560 8776 560 2499
560 8776 560 2499
560 8776 560 2499
560 8776 560 2499
523 8594 523 2528
523 8594 523 2528
523 8594 523 2528
523 8594 523 2528
523 8594 523 2528
523 8594 523 2528
523 8594 523 2528
523 8594 523 2528
523 8594 523 2528
523 8594 523 2528
523 8594 523 2528
523 8594 523 2528
523 8594 523 2528
523 8594 523 2528
523 8594 523 2528
523 8594 523 2528
523 8594 523 2528
523 8594 523 2528
523 8594 523 2528
538 9004 523 2524
538 9004 523 2524
538 9004 523 2524
538 9004 523 2524
538 9004 523 2524
538 9004 523 2524
538 9004 523 2524
569 8947 569 2494
569 8947 569 2494
569 8947 569 2494
569 8947 569 2494
523 8468 523 2530
551 8721 551 2504
551 8720 551 2506
533 8617 533 2520
542 8681 542 2509
545 8677 542 2509
578 9561 578 2491
578 9566 578 2489
533 8765 533 2514
533 8765 533 2514
533 8765 533 2514
524 8507 524 2525
524 8507 524 2525
524 8507 524 2525
524 8718 524 2519
524 8718 524 2519
526 9021 523 2526
532 9019 523 2526
560 8779 560 2499
560 8776 560 2501
525 8594 523 2528
523 8599 523 2528
538 9006 523 2524
538 9006 523 2524
538 9006 523 2524
569 8953 569 2494
569 8953 569 2494
569 8953 569 2494
523 8469 523 2530
523 8469 523 2530
551 8722 551 2504
551 8722 551 2504
