99 2.97093
598 9628 569 2494
563 9254 533 2514
563 9254 533 2514
581 10077 569 2494
556 9271 524 2528
594 9640 569 2494
584 9755 551 2504
579 9314 523 2533
580 9146 551 2524
553 9378 551 2515
609 9527 551 2504
563 9254 533 2514
562 9259 524 2528
592 9578 569 2496
562 9259 524 2528
598 9628 569 2494
564 9315 523 2537
562 9336 523 2524
581 10077 569 2494
562 9259 524 2528
571 9181 523 2594
584 9755 551 2504
582 9862 569 2494
560 9423 523 2532
553 9378 551 2515
571 9181 523 2594
586 9513 578 2489
600 9940 587 2484
578 9807 578 2498
562 9259 524 2528
609 9527 551 2504
563 9254 533 2514
563 9254 533 2514
581 10077 569 2494
584 9992 578 2489
581 10077 569 2494
582 9862 569 2494
596 10197 587 2484
562 9336 523 2524
584 9755 551 2504
562 9259 524 2528
559 9460 523 2524
551 9214 533 2523
588 9529 551 2504
574 10164 569 2494
556 9271 524 2528
563 9254 533 2514
584 9755 551 2504
584 9755 551 2504
561 9244 560 2499
556 9271 524 2528
559 9385 524 2519
580 9809 551 2504
572 9657 551 2506
578 10127 569 2494
562 9259 524 2528
558 9171 542 2511
559 9346 542 2509
569 9690 551 2506
553 9378 551 2515
571 9181 523 2594
609 9527 551 2504
598 9628 569 2494
595 9163 551 2524
597 9806 569 2496
564 9318 523 2537
564 9318 523 2537
564 9318 523 2537
564 9318 523 2537
564 9318 523 2537
564 9318 523 2537
564 9318 523 2537
614 9823 578 2489
590 9833 578 2489
586 9883 578 2489
614 9823 578 2489
614 9823 578 2489
606 9994 587 2484
606 9994 587 2484
601 10005 587 2484
583 10002 569 2496
583 10002 569 2496
588 9874 569 2498
585 9895 569 2494
585 9895 569 2494
583 10002 569 2496
585 9895 569 2494
583 10002 569 2496
583 10002 569 2496
585 9895 569 2494
585 9895 569 2494
585 9895 569 2494
585 9895 569 2494
596 9877 569 2496
585 9895 569 2494
583 10002 569 2496
588 9874 569 2498
585 9895 569 2494
585 9895 569 2494
585 9895 569 2494
596 9877 569 2496
588 9874 569 2498
573 9389 523 2530
569 9405 523 2532
560 9552 523 2528
560 9552 523 2528
576 9604 523 2524
576 9604 523 2524
605 9492 523 2528
593 9587 523 2524
576 9604 523 2524
574 9650 523 2524
560 9552 523 2528
588 9530 551 2504
574 10170 569 2494
574 10170 569 2494
574 10170 569 2494
574 10170 569 2494
574 10170 569 2494
574 10170 569 2494
574 10170 569 2494
574 10170 569 2494
574 10170 569 2494
574 10170 569 2494
565 9611 533 2516
566 9293 533 2514
566 9293 533 2514
565 9611 533 2516
561 9254 560 2499
561 9254 560 2499
561 9254 560 2499
560 9307 524 2528
560 9307 524 2528
560 9307 524 2528
560 9307 524 2528
559 9332 524 2528
564 9440 524 2521
564 9440 524 2521
573 9494 524 2519
567 9511 524 2519
567 9511 524 2519
567 9511 524 2519
564 9440 524 2521
564 9440 524 2521
582 9859 551 2504
582 9859 551 2504
578 10133 569 2494
578 10133 569 2494
558 9178 542 2511
592 9365 542 2509
592 9365 542 2509
592 9365 542 2509
581 9434 542 2509
569 9447 542 2509
592 9365 542 2509
569 9738 551 2506
582 9700 551 2506
572 9729 551 2506
571 9184 523 2594
571 9184 523 2594
571 9184 523 2594
571 9184 523 2594
571 9184 523 2594
571 9184 523 2594
571 9184 523 2594
571 9184 523 2594
606 9778 569 2494
620 9736 569 2496
620 9736 569 2496
597 9826 569 2496
597 9826 569 2496
597 9826 569 2496
597 9826 569 2496
564 9330 523 2537
590 9851 578 2489
586 9893 578 2489
586 9893 578 2489
614 9839 578 2489
614 9839 578 2489
602 10079 587 2484
602 10079 587 2484
601 10348 587 2484
601 10348 587 2484
606 10063 587 2484
584 10016 569 2496
585 9900 569 2494
596 9896 569 2496
596 9896 569 2496
569 9408 523 2532
569 9408 523 2532
569 9408 523 2532
594 9600 523 2524
576 9613 523 2524
566 9753 523 2528
589 9591 523 2530
589 9591 523 2530
589 9591 523 2530
567 9669 523 2528
629 9645 551 2504
629 9645 551 2504
592 9630 551 2506
588 9646 551 2504
603 9350 533 2514
566 9597 533 2516
567 9456 533 2514
568 9449 533 2516
575 9363 533 2516
603 9350 533 2514
577 9352 533 2516
571 9406 533 2514
579 9736 560 2499
597 9513 560 2505
590 9345 560 2507
576 10158 560 2499
577 9783 560 2499
588 9526 560 2501
579 9736 560 2499
590 9345 560 2507
580 9529 560 2499
577 9783 560 2499
590 9345 560 2507
590 9345 560 2507
577 9783 560 2499
590 9345 560 2507
580 9529 560 2499
590 9345 560 2507
590 9345 560 2507
590 9345 560 2507
590 9345 560 2507
590 9345 560 2507
577 9783 560 2499
590 9345 560 2507
590 9345 560 2507
590 9345 560 2507
590 9345 560 2507
590 9345 560 2507
590 9345 560 2507
597 9513 560 2505
560 9321 524 2528
560 9321 524 2528
560 9321 524 2528
567 9531 524 2519
564 9522 524 2521
564 9522 524 2521
564 9522 524 2521
564 9522 524 2521
599 9512 524 2521
599 9512 524 2521
599 9512 524 2521
582 9968 551 2504
582 9968 551 2504
584 9889 551 2504
584 9889 551 2504
583 10197 569 2494
583 10197 569 2494
558 9218 542 2511
558 9218 542 2511
558 9218 542 2511
576 9541 542 2509
576 9541 542 2509
576 9541 542 2509
576 9541 542 2509
571 9792 542 2509
593 9405 542 2509
572 9738 551 2506
572 9738 551 2506
572 9738 551 2506
572 9738 551 2506
580 9238 523 2594
577 9280 523 2594
577 9280 523 2594
577 9280 523 2594
577 9280 523 2594
577 9280 523 2594
614 9862 569 2494
614 9862 569 2494
609 9807 569 2496
567 9293 542 2529
590 10544 578 2489
602 10105 587 2484
563 9602 542 2511
579 10001 523 2541
620 9902 560 2499
607 10222 523 2524
597 10297 560 2503
592 9865 578 2489
586 9803 523 2530
573 9445 533 2514
567 9595 524 2519
582 9425 533 2514
575 9356 542 2511
597 9829 569 2496
583 10227 569 2494
586 9326 551 2524
602 10105 587 2484
588 9647 551 2504
579 9551 524 2521
600 10274 560 2499
604 9605 542 2509
588 9647 551 2504
