975 25.3833
546 9299 524 2550
571 9794 542 2529
570 10040 524 2535
624 10667 524 2531
620 10358 551 2520
555 9181 542 2549
559 9554 533 2541
596 10004 542 2527
562 9315 524 2546
621 10655 542 2523
634 10551 533 2528
582 10017 533 2532
604 10164 533 2530
581 9270 524 2548
654 11258 542 2521
578 9602 542 2536
579 9652 523 2542
568 9538 542 2538
565 9178 524 2563
556 9207 523 2560
599 10062 523 2540
602 9678 524 2539
586 9571 533 2538
561 9188 524 2559
546 9602 523 2560
555 9573 524 2548
610 10412 551 2524
563 9821 524 2544
556 9320 523 2551
555 9668 533 2547
633 10191 551 2524
579 9823 533 2536
668 11667 524 2529
645 10477 542 2525
575 9713 533 2537
571 9631 524 2543
609 10125 551 2526
567 9518 542 2543
565 9455 542 2545
606 9472 533 2545
570 9704 523 2549
570 9718 533 2539
587 9514 523 2549
585 9759 524 2541
555 9334 523 2555
577 10000 524 2539
560 9308 523 2555
599 9848 524 2539
585 9521 533 2545
659 11495 560 2515
584 9917 524 2541
582 9626 523 2549
576 10033 524 2539
601 9804 560 2528
672 11368 560 2519
554 9410 523 2579
714 11949 523 2538
569 9301 524 2550
571 9795 524 2543
617 10672 523 2577
640 11234 523 2575
627 10482 533 2537
660 11200 523 2576
736 12562 563 2558
729 12571 524 2568
720 12089 533 2580
658 11440 538 2579
686 11197 542 2552
652 10987 533 2557
689 11475 583 2594
738 12684 523 2564
681 11089 523 2589
702 12221 523 2580
741 12805 554 2585
712 12072 547 2599
748 12789 524 2581
702 12409 524 2595
691 11465 524 2572
662 11203 542 2538
604 10605 533 2561
643 11182 542 2567
785 13672 559 2572
842 14050 547 2575
624 10573 538 2586
677 11786 545 2562
682 11852 542 2549
657 11613 524 2571
638 10978 524 2616
722 11304 554 2554
677 11336 533 2554
667 11679 524 2570
684 11397 523 2566
689 11504 523 2585
694 12341 529 2593
720 12256 553 2577
623 10812 524 2573
703 12032 566 2587
687 11860 524 2563
638 11147 547 2570
637 10888 523 2567
640 11178 538 2573
690 11603 523 2568
678 11741 533 2576
701 11715 554 2569
642 11237 529 2584
747 12657 554 2590
762 12552 523 2564
629 10600 523 2555
695 11766 554 2545
666 11466 566 2585
670 11093 538 2576
640 11266 562 2596
670 11637 524 2570
653 11204 529 2598
609 10177 538 2573
761 13416 523 2581
637 11046 523 2589
698 12097 533 2543
708 12194 554 2558
753 12605 523 2600
741 11701 578 2568
665 10959 524 2553
635 10504 533 2556
724 11730 545 2556
724 12466 523 2582
671 11199 523 2573
669 10936 523 2591
694 11797 523 2588
660 11263 523 2568
649 10998 524 2567
671 11546 538 2566
699 10750 524 2573
720 11814 524 2564
630 10682 529 2569
614 10328 533 2565
743 12396 523 2577
742 12108 524 2579
667 10990 547 2574
708 11751 550 2611
661 10839 533 2578
718 12103 533 2550
631 10921 524 2550
720 11437 547 2561
765 12434 523 2580
675 11569 538 2596
659 10521 542 2551
655 11251 524 2586
670 11728 523 2562
694 11877 524 2595
729 12539 523 2571
640 10678 533 2569
679 11256 533 2550
635 10993 524 2563
685 11872 554 2576
603 10381 536 2568
604 10300 533 2541
670 10791 554 2600
632 10174 551 2535
611 10160 523 2582
687 11512 524 2573
652 10826 524 2539
647 11297 542 2558
737 12549 524 2559
663 11254 523 2588
651 11160 523 2575
728 12320 538 2580
646 11118 529 2595
647 10996 533 2581
738 12134 527 2573
699 11793 523 2597
765 13066 547 2563
641 11134 524 2589
624 10819 527 2574
677 11622 523 2564
653 11247 545 2572
655 11284 523 2590
809 13526 523 2608
697 11897 533 2554
636 11070 568 2562
644 10893 533 2559
695 11808 542 2542
707 11994 556 2568
639 10816 548 2584
690 11266 533 2552
722 12052 524 2563
630 10300 533 2565
615 10656 524 2572
644 11463 529 2578
634 10819 524 2580
702 12234 524 2586
656 11338 523 2564
687 11810 533 2564
750 12193 563 2549
691 11545 556 2572
663 11047 523 2592
684 11290 542 2560
625 10525 554 2567
712 12045 524 2572
684 11913 533 2570
627 10678 533 2578
716 12100 524 2566
711 12054 554 2583
761 12641 596 2586
665 10882 533 2568
698 12012 524 2580
691 11307 554 2567
656 11288 542 2558
677 11720 524 2575
724 12572 524 2557
618 10549 538 2606
632 10617 523 2591
647 10708 533 2561
606 10197 524 2559
822 13504 568 2602
649 10477 529 2596
667 11477 533 2545
741 12383 523 2582
676 10950 524 2561
698 12091 529 2549
600 10212 524 2572
679 11417 551 2583
656 11374 554 2559
618 10187 538 2582
672 10968 524 2574
662 10247 533 2543
653 10652 523 2569
653 11408 542 2561
707 11917 559 2585
707 12308 529 2582
651 10801 524 2562
619 10421 523 2571
643 10596 542 2549
654 10933 524 2570
710 12494 524 2568
685 11817 566 2577
649 10776 542 2536
629 10543 524 2581
658 11220 533 2558
699 12024 524 2557
663 11609 551 2577
725 12331 563 2564
609 10219 547 2576
734 12453 523 2578
711 12309 524 2551
747 12825 545 2590
714 12409 524 2552
626 10730 524 2564
670 11410 560 2579
618 10336 547 2563
661 11216 533 2545
637 10610 524 2583
718 12024 571 2585
631 10439 523 2562
680 10911 554 2565
627 10407 542 2589
766 13097 538 2575
626 10594 542 2553
729 12717 533 2563
674 11958 523 2575
715 12177 524 2570
772 12214 554 2567
621 10404 533 2556
650 11116 539 2569
697 11606 575 2561
672 11451 523 2577
754 12725 559 2590
731 12252 547 2575
671 11673 533 2572
599 10384 538 2575
637 10929 554 2575
700 11227 523 2586
720 11682 523 2580
736 11384 523 2566
646 11228 523 2567
590 9807 542 2547
604 10389 523 2575
676 11334 587 2554
598 9949 554 2563
819 13314 547 2569
745 12622 547 2605
718 12209 524 2588
716 11894 524 2548
740 12135 523 2572
679 11531 524 2563
684 11937 524 2606
644 11341 523 2576
668 11121 524 2562
588 10113 524 2561
647 10761 524 2552
621 10144 523 2578
727 12410 569 2591
768 12431 547 2565
734 12270 523 2578
636 10855 542 2566
639 10982 529 2575
710 11977 533 2594
691 11102 542 2551
680 11155 524 2573
705 12131 554 2551
654 11036 523 2582
