29835 1020.33
532 8704 524 2539
542 9013 542 2529
536 8972 524 2537
528 8879 524 2539
534 8668 524 2541
544 9013 533 2532
543 8847 533 2534
555 9190 551 2524
559 9465 542 2527
528 8715 523 2544
573 9329 542 2527
561 8898 524 2537
533 9017 533 2534
541 8838 533 2536
538 8823 533 2538
564 9553 523 2542
551 9324 551 2524
560 8997 542 2529
542 8958 542 2531
529 8808 524 2541
535 8915 533 2534
537 8870 533 2536
533 8971 533 2536
590 9455 523 2542
551 9259 551 2526
531 8708 524 2543
549 8957 542 2531
610 10096 551 2522
528 8814 524 2543
553 9262 551 2524
536 8910 533 2534
562 9012 533 2532
581 9742 560 2517
531 8801 524 2541
542 8901 533 2534
534 9012 533 2534
594 9557 560 2521
612 10002 551 2522
533 8692 533 2545
599 10164 551 2522
542 8789 524 2541
528 8907 524 2541
534 8822 524 2539
538 9063 524 2537
548 8876 533 2534
537 8974 533 2534
530 8835 524 2541
533 8982 533 2536
542 8998 542 2531
531 8962 524 2539
548 8854 533 2536
568 9053 533 2532
545 9245 533 2532
542 9080 542 2529
543 8908 533 2536
547 9057 542 2529
559 9298 523 2546
544 9079 523 2553
559 9232 551 2526
556 9247 551 2524
558 9242 551 2524
578 9267 523 2548
554 9304 551 2524
723 12347 533 2587
673 10941 580 2570
665 11129 547 2594
655 10830 559 2595
633 10324 536 2577
681 11547 558 2626
688 12063 559 2574
737 11731 547 2569
693 11986 568 2596
662 11040 547 2561
801 14000 556 2560
659 10884 541 2584
695 11809 561 2610
680 11539 554 2568
653 11095 523 2566
826 14263 532 2587
671 11327 568 2592
655 11529 542 2547
744 12917 556 2552
676 11171 524 2566
643 10739 545 2561
649 11071 545 2574
661 11109 523 2575
636 10942 536 2603
800 13157 580 2591
706 11489 545 2567
654 10578 542 2571
691 10862 533 2602
726 12970 591 2578
676 11330 538 2572
643 10803 524 2580
677 11281 524 2570
702 11922 523 2577
663 11296 524 2574
679 11540 580 2565
698 11994 527 2579
707 12079 533 2542
682 11504 547 2562
671 11198 566 2594
694 11403 550 2594
634 10760 547 2547
626 10826 529 2595
767 13203 559 2601
641 10686 527 2573
632 10833 548 2621
705 11719 538 2566
660 11572 580 2587
722 11731 550 2580
601 10247 524 2595
676 10920 547 2581
685 11605 547 2554
690 11518 524 2592
728 12079 538 2617
728 11259 556 2581
735 11526 573 2616
723 11322 545 2583
652 11253 571 2600
755 13211 563 2576
673 11021 565 2588
700 11559 538 2572
667 11148 533 2583
635 10772 554 2578
617 10440 563 2591
724 11638 547 2570
715 12097 545 2598
716 11979 550 2566
679 11647 552 2575
681 11700 559 2587
651 10733 584 2588
746 12293 533 2563
637 10591 533 2584
658 11255 583 2578
641 11111 545 2582
710 11904 559 2592
658 11096 538 2578
695 11898 563 2564
671 11363 557 2573
608 10377 523 2573
677 10833 545 2563
668 11656 553 2590
659 10705 548 2582
653 10780 568 2589
657 11190 542 2573
659 11195 547 2596
619 10623 533 2578
645 10685 563 2576
716 11901 523 2590
744 12474 547 2576
651 11127 536 2596
660 10640 548 2568
650 11118 524 2589
716 11998 545 2572
716 11781 538 2592
692 11863 580 2603
747 12909 554 2603
651 11100 568 2579
701 11875 538 2579
686 11888 541 2593
667 11185 547 2602
710 12122 551 2593
734 11675 555 2590
740 12407 575 2569
615 10675 538 2596
643 10503 523 2575
641 11056 536 2579
699 11768 566 2606
742 13133 547 2569
699 12061 557 2574
661 10816 554 2569
673 11642 554 2577
770 12645 544 2612
636 10925 554 2609
693 12123 527 2610
673 11619 536 2573
704 12223 554 2581
661 11283 548 2601
649 11221 554 2578
762 13169 523 2577
706 12065 548 2593
680 11788 538 2572
663 11235 568 2611
629 10908 548 2590
747 11828 523 2582
632 10414 547 2574
661 11463 550 2605
680 11636 556 2569
738 12791 556 2580
663 10966 524 2602
647 10980 545 2603
698 11936 524 2567
698 11919 559 2595
724 11519 538 2575
636 10938 557 2605
689 12000 524 2573
622 10394 582 2598
641 10828 551 2537
646 10614 547 2573
679 10751 533 2589
771 12919 542 2602
746 13307 562 2580
646 11159 527 2611
781 13795 590 2598
645 10928 554 2578
697 11341 533 2596
644 10723 559 2598
658 11383 536 2601
717 12107 524 2617
710 11747 547 2567
688 11828 566 2572
638 10654 533 2566
651 10917 542 2578
697 12219 523 2610
628 10908 524 2607
643 10843 559 2595
689 11984 564 2611
619 10067 523 2604
662 11487 538 2566
710 11858 557 2581
582 9760 568 2596
694 12204 610 2601
743 13231 552 2583
649 10974 538 2577
684 11296 554 2572
703 12317 559 2584
733 12621 545 2574
715 11655 572 2555
644 10872 577 2591
629 10586 548 2582
679 11406 583 2618
678 11490 570 2581
679 11446 559 2574
629 10758 556 2589
661 10940 551 2545
752 12717 538 2599
663 11238 574 2559
670 11452 545 2592
639 10959 554 2579
670 11155 548 2591
628 10665 538 2615
604 10330 552 2582
625 10316 533 2590
711 12346 536 2594
623 10577 536 2588
740 11679 559 2561
685 11356 583 2604
669 10944 524 2601
660 11196 545 2600
653 11510 524 2557
701 12381 533 2572
650 11314 545 2550
656 11161 559 2585
752 12693 580 2556
631 10800 538 2571
612 9710 542 2579
734 12518 554 2569
638 10479 554 2563
777 12201 536 2562
677 11241 545 2590
658 11100 561 2579
726 12359 548 2584
677 11831 536 2583
699 11939 568 2583
782 12734 562 2620
674 11551 541 2597
699 12160 554 2560
745 12903 580 2587
597 10052 565 2548
662 10883 552 2563
650 11042 538 2582
693 11481 569 2599
671 11401 538 2584
709 12038 545 2563
737 12501 533 2573
697 12182 562 2609
724 12192 545 2565
649 11304 550 2606
699 11441 545 2594
622 10782 556 2560
654 11329 542 2571
674 10897 547 2601
660 11463 573 2601
647 10237 573 2583
670 11146 554 2594
655 11270 523 2623
696 11681 559 2581
675 11661 542 2575
704 12154 556 2582
653 11042 547 2597
674 11693 562 2596
680 10966 556 2591
669 11717 532 2610
773 12852 536 2594
752 12438 536 2572
707 11709 556 2565
739 12241 524 2605
664 11285 536 2579
663 11191 580 2617
