23465 540.114
523 7698 523 2531
523 7686 523 2531
523 7698 523 2531
545 8164 542 2511
523 7695 523 2531
523 7690 523 2531
536 7993 533 2516
523 7698 523 2531
523 7686 523 2531
523 7690 523 2531
523 7728 523 2526
523 7690 523 2531
527 7833 524 2521
524 7703 523 2531
523 7690 523 2531
523 7690 523 2531
524 7703 523 2531
524 7748 523 2526
524 7703 523 2531
523 7686 523 2531
530 7971 524 2521
524 7710 523 2531
523 7728 523 2526
523 7698 523 2531
523 7688 523 2531
523 7690 523 2531
523 7690 523 2531
523 7690 523 2531
523 7731 523 2526
523 7728 523 2526
524 7748 523 2526
523 7686 523 2531
523 7693 523 2531
523 7698 523 2531
523 7693 523 2531
523 7688 523 2531
524 7748 523 2526
523 7728 523 2526
523 7698 523 2531
523 7686 523 2531
527 7833 524 2521
523 7696 523 2531
524 7752 523 2526
524 7703 523 2531
523 7686 523 2531
523 7728 523 2526
527 7833 524 2521
523 7686 523 2531
524 7703 523 2531
523 7704 523 2531
523 7693 523 2531
523 7728 523 2526
524 7703 523 2531
523 7690 523 2531
523 7690 523 2531
523 7689 523 2531
523 7728 523 2526
523 7698 523 2531
523 7731 523 2526
523 7728 523 2526
523 7740 523 2526
523 7698 523 2531
524 7748 523 2526
523 7686 523 2531
523 7690 523 2531
523 7696 523 2531
524 7748 523 2526
524 7748 523 2526
523 7686 523 2531
523 7686 523 2531
524 7710 523 2531
523 7686 523 2531
527 7833 524 2521
524 7703 523 2531
523 7686 523 2531
523 7698 523 2531
527 7838 524 2521
523 7690 523 2531
523 7728 523 2526
523 7690 523 2531
523 7693 523 2531
524 7706 523 2531
527 7833 524 2521
526 7854 524 2521
523 7728 523 2526
523 7698 523 2531
524 7710 523 2531
523 7690 523 2531
523 7693 523 2531
523 7690 523 2531
524 7748 523 2526
523 7728 523 2526
523 7698 523 2531
523 7690 523 2531
524 7746 523 2526
523 7686 523 2531
523 7728 523 2526
524 7748 523 2526
523 7686 523 2531
523 7686 523 2531
523 7735 523 2526
523 7693 523 2531
523 7728 523 2526
523 7698 523 2531
523 7686 523 2531
524 7703 523 2531
524 7742 523 2526
523 7686 523 2531
524 7703 523 2531
523 7690 523 2531
523 7698 523 2531
523 7689 523 2531
523 7698 523 2531
524 7703 523 2531
524 7703 523 2531
523 7690 523 2531
523 7693 523 2531
523 7693 523 2531
524 7742 523 2526
523 7688 523 2531
529 7851 524 2521
523 7728 523 2526
523 7696 523 2531
523 7686 523 2531
523 7686 523 2531
523 7686 523 2531
523 7728 523 2526
523 7690 523 2531
523 7690 523 2531
523 7695 523 2531
523 7728 523 2528
523 7686 523 2531
523 7728 523 2526
527 7865 524 2521
523 7686 523 2531
523 7728 523 2526
523 7728 523 2526
523 7728 523 2526
524 7703 523 2531
523 7690 523 2531
523 7728 523 2526
523 7728 523 2526
523 7735 523 2526
523 7690 523 2531
523 7728 523 2526
524 7710 523 2531
523 7728 523 2526
523 7693 523 2531
523 7696 523 2531
523 7688 523 2531
523 7728 523 2528
523 7686 523 2531
523 7688 523 2531
523 7696 523 2531
523 7728 523 2528
523 7686 523 2531
536 8005 533 2516
523 7728 523 2526
523 7696 523 2531
523 7686 523 2531
523 7728 523 2526
523 7686 523 2531
524 7710 523 2531
523 7693 523 2531
523 7686 523 2531
529 7858 524 2521
524 7752 523 2526
523 7690 523 2531
524 7703 523 2531
523 7728 523 2526
523 7693 523 2531
523 7693 523 2531
523 7728 523 2526
526 7854 524 2521
523 7686 523 2531
523 7686 523 2531
523 7698 523 2531
523 7728 523 2526
523 7698 523 2531
523 7728 523 2526
536 7993 533 2516
524 7710 523 2531
524 7748 523 2526
523 7686 523 2531
523 7690 523 2531
523 7690 523 2531
533 8083 533 2516
523 7698 523 2531
523 7686 523 2531
523 7688 523 2531
523 7728 523 2528
523 7686 523 2531
523 7728 523 2526
524 7742 523 2526
523 7686 523 2531
523 7728 523 2526
524 7706 523 2531
524 7703 523 2531
523 7696 523 2531
523 7686 523 2531
524 7742 523 2526
524 7748 523 2526
523 7735 523 2526
523 7698 523 2531
523 7728 523 2526
523 7693 523 2531
523 7690 523 2531
523 7686 523 2531
523 7698 523 2531
523 7693 523 2531
524 7748 523 2526
523 7698 523 2531
523 7690 523 2531
523 7698 523 2531
523 7690 523 2531
523 7686 523 2531
524 7752 523 2526
523 7728 523 2528
523 7696 523 2531
523 7686 523 2531
527 7833 524 2521
523 7693 523 2531
524 7703 523 2531
523 7686 523 2531
523 7686 523 2531
527 7833 524 2521
527 7833 524 2521
523 7696 523 2531
527 7833 524 2521
523 7698 523 2531
523 7690 523 2531
523 7735 523 2526
523 7698 523 2531
523 7693 523 2531
523 7693 523 2531
523 7693 523 2531
523 7728 523 2528
523 7698 523 2531
523 7735 523 2526
523 7704 523 2531
524 7748 523 2526
524 7707 523 2531
523 7686 523 2531
523 7686 523 2531
523 7690 523 2531
523 7696 523 2531
524 7710 523 2531
523 7690 523 2531
523 7690 523 2531
523 7686 523 2531
523 7698 523 2531
523 7686 523 2531
523 7728 523 2526
523 7698 523 2531
523 7698 523 2531
523 7686 523 2531
523 7728 523 2528
523 7728 523 2526
530 7887 524 2521
523 7698 523 2531
524 7703 523 2531
524 7703 523 2531
527 7841 524 2521
524 7710 523 2531
523 7698 523 2531
523 7698 523 2531
527 7841 524 2521
523 7698 523 2531
523 7693 523 2531
523 7688 523 2531
523 7728 523 2526
523 7728 523 2526
523 7693 523 2531
523 7693 523 2531
523 7686 523 2531
523 7690 523 2531
527 7833 524 2521
523 7728 523 2526
523 7693 523 2531
523 7686 523 2531
527 7833 524 2521
523 7698 523 2531
523 7728 523 2526
523 7698 523 2531
523 7686 523 2531
524 7703 523 2531
523 7728 523 2528
523 7686 523 2531
523 7728 523 2526
523 7698 523 2531
524 7703 523 2531
524 7703 523 2531
523 7698 523 2531
524 7703 523 2531
523 7698 523 2531
523 7686 523 2531
523 7686 523 2531
523 7696 523 2531
524 7748 523 2526
523 7688 523 2531
