68320 2400.73
531 6975 523 2528
523 6999 523 2524
549 6974 523 2524
587 8290 587 2484
526 6989 523 2528
587 8290 587 2484
578 7645 578 2489
533 7025 533 2514
542 7093 542 2509
526 6999 524 2519
583 7637 578 2489
569 7342 569 2494
551 7139 551 2504
533 7025 533 2514
560 7234 560 2499
542 7093 542 2509
583 7637 578 2489
561 7212 560 2499
551 7139 551 2504
569 7342 569 2494
551 7139 551 2504
551 7139 551 2504
542 7093 542 2509
569 7342 569 2494
569 7342 569 2494
583 7637 578 2489
561 7212 560 2499
569 7342 569 2494
561 7212 560 2499
535 6987 524 2523
542 7093 542 2509
561 7212 560 2499
526 6999 524 2519
569 7342 569 2494
569 7342 569 2494
533 7025 533 2514
583 7637 578 2489
551 7139 551 2504
561 7212 560 2499
549 6974 523 2524
542 7093 542 2509
535 6987 524 2523
531 6975 523 2528
532 6977 523 2524
560 7234 560 2499
569 7342 569 2494
524 7030 524 2519
578 7645 578 2489
583 7637 578 2489
583 7637 578 2489
561 7212 560 2499
531 6975 523 2528
528 6996 523 2524
523 6999 523 2524
551 7139 551 2504
542 7093 542 2509
528 6996 523 2524
526 6998 523 2524
526 6998 523 2524
551 7139 551 2504
535 6987 524 2523
523 6999 523 2524
535 6987 524 2523
524 7030 524 2519
533 7025 533 2514
532 6977 523 2524
561 7212 560 2499
531 6975 523 2528
526 6999 524 2519
560 7234 560 2499
531 6975 523 2528
561 7212 560 2499
532 6977 523 2524
578 7645 578 2489
528 6996 523 2524
526 6989 523 2528
531 6980 523 2524
531 6980 523 2524
526 6998 523 2524
535 6987 524 2523
532 6977 523 2524
526 6989 523 2528
561 7212 560 2499
542 7093 542 2509
549 6974 523 2524
526 6989 523 2528
551 7139 551 2504
526 6998 523 2524
561 7212 560 2499
551 7139 551 2504
583 7637 578 2489
583 7637 578 2489
561 7212 560 2499
535 6987 524 2523
569 7342 569 2494
542 7093 542 2509
569 7342 569 2494
528 6996 523 2524
526 6999 524 2519
569 7342 569 2494
561 7212 560 2499
526 6998 523 2524
569 7342 569 2494
551 7139 551 2504
561 7212 560 2499
561 7212 560 2499
583 7637 578 2489
569 7342 569 2494
561 7212 560 2499
561 7212 560 2499
561 7212 560 2499
533 7025 533 2514
523 6999 523 2524
561 7212 560 2499
560 7234 560 2499
523 6999 523 2524
551 7139 551 2504
561 7212 560 2499
528 6996 523 2524
535 6987 524 2523
561 7212 560 2499
551 7139 551 2504
569 7342 569 2494
569 7342 569 2494
542 7093 542 2509
535 6987 524 2523
532 6977 523 2524
526 6989 523 2528
528 6996 523 2524
528 6996 523 2524
526 6998 523 2524
561 7212 560 2499
526 6998 523 2524
569 7342 569 2494
569 7342 569 2494
578 7645 578 2489
578 7645 578 2489
561 7212 560 2499
561 7212 560 2499
561 7212 560 2499
532 6977 523 2524
569 7342 569 2494
561 7212 560 2499
561 7212 560 2499
523 6999 523 2524
569 7342 569 2494
528 6996 523 2524
526 6989 523 2528
542 7093 542 2509
578 7645 578 2489
526 6989 523 2528
583 7637 578 2489
561 7212 560 2499
526 6989 523 2528
535 6987 524 2523
551 7139 551 2504
549 6974 523 2524
524 7030 524 2519
542 7093 542 2509
561 7212 560 2499
549 6974 523 2524
569 7342 569 2494
578 7645 578 2489
526 6998 523 2524
533 7025 533 2514
533 7025 533 2514
528 6996 523 2524
569 7342 569 2494
549 6974 523 2524
551 7139 551 2504
528 6996 523 2524
542 7093 542 2509
531 6980 523 2524
526 6989 523 2528
569 7342 569 2494
561 7212 560 2499
526 6999 524 2519
551 7139 551 2504
535 6987 524 2523
532 6977 523 2524
560 7234 560 2499
561 7212 560 2499
583 7637 578 2489
561 7212 560 2499
532 6977 523 2524
531 6980 523 2524
526 6998 523 2524
524 7030 524 2519
542 7093 542 2509
542 7093 542 2509
542 7093 542 2509
551 7139 551 2504
583 7637 578 2489
535 6987 524 2523
535 6987 524 2523
542 7093 542 2509
569 7342 569 2494
569 7342 569 2494
569 7342 569 2494
535 6987 524 2523
551 7139 551 2504
569 7342 569 2494
560 7234 560 2499
578 7645 578 2489
526 6989 523 2528
526 6998 523 2524
526 6989 523 2528
528 6996 523 2524
583 7637 578 2489
526 6998 523 2524
532 6977 523 2524
526 6999 524 2519
535 6987 524 2523
531 6980 523 2524
578 7645 578 2489
560 7234 560 2499
551 7139 551 2504
583 7637 578 2489
561 7212 560 2499
532 6977 523 2524
583 7637 578 2489
551 7139 551 2504
528 6996 523 2524
561 7212 560 2499
569 7342 569 2494
532 6977 523 2524
526 6989 523 2528
561 7212 560 2499
551 7139 551 2504
569 7342 569 2494
561 7212 560 2499
583 7637 578 2489
561 7212 560 2499
535 6987 524 2523
561 7212 560 2499
561 7212 560 2499
583 7637 578 2489
578 7645 578 2489
526 6999 524 2519
535 6987 524 2523
531 6975 523 2528
542 7093 542 2509
551 7139 551 2504
542 7093 542 2509
549 6974 523 2524
583 7637 578 2489
561 7212 560 2499
569 7342 569 2494
561 7212 560 2499
569 7342 569 2494
569 7342 569 2494
524 7030 524 2519
542 7093 542 2509
523 6999 523 2524
526 6989 523 2528
551 7139 551 2504
533 7025 533 2514
526 6998 523 2524
535 6987 524 2523
528 6996 523 2524
569 7342 569 2494
533 7025 533 2514
560 7234 560 2499
561 7212 560 2499
561 7212 560 2499
531 6980 523 2524
561 7212 560 2499
569 7342 569 2494
569 7342 569 2494
561 7212 560 2499
561 7212 560 2499
561 7212 560 2499
526 6989 523 2528
526 6989 523 2528
561 7212 560 2499
583 7637 578 2489
535 6987 524 2523
561 7212 560 2499
583 7637 578 2489
561 7212 560 2499
569 7342 569 2494
549 6974 523 2524
526 6999 524 2519
526 6999 524 2519
561 7212 560 2499
551 7139 551 2504
569 7342 569 2494
583 7637 578 2489
569 7342 569 2494
531 6975 523 2528
535 6987 524 2523
561 7212 560 2499
551 7139 551 2504
542 7093 542 2509
569 7342 569 2494
526 6999 524 2519
526 6989 523 2528
569 7342 569 2494
569 7342 569 2494
526 6999 524 2519
