42647 1290.67
542 9097 542 2511
542 8841 523 2534
551 9031 533 2516
546 8984 542 2515
543 9175 533 2520
553 9151 524 2521
541 8973 533 2531
549 9028 524 2527
545 9071 524 2529
553 9119 524 2523
555 9156 523 2530
554 8992 533 2528
566 9005 533 2522
549 9314 533 2516
542 9131 533 2529
564 9019 524 2529
550 9246 533 2516
565 9493 523 2526
568 9040 523 2532
575 9322 523 2526
554 9165 523 2532
548 9091 533 2528
566 9454 523 2528
538 9201 524 2538
545 8819 523 2538
556 9116 523 2532
566 9334 551 2506
554 9268 551 2510
558 9114 523 2532
562 9554 551 2506
577 9260 523 2528
562 9540 551 2508
561 9600 551 2506
547 9117 542 2511
543 9203 533 2523
558 9057 533 2520
561 9215 524 2523
551 9060 524 2529
550 9104 524 2529
560 9047 524 2527
570 9044 524 2527
558 9159 523 2532
543 9229 542 2520
556 9131 533 2516
566 9330 524 2521
551 9154 533 2516
557 9266 524 2525
555 9148 524 2527
562 9371 524 2521
550 9258 533 2516
549 9344 524 2538
581 9376 523 2528
548 9192 533 2522
560 9294 523 2530
546 9159 542 2524
570 9214 523 2530
549 9168 533 2527
554 9115 533 2525
576 9452 551 2506
559 9279 551 2510
555 9154 523 2545
615 9701 523 2526
571 9758 551 2506
681 11376 548 2556
606 9933 570 2584
685 11862 570 2574
691 11507 547 2572
731 12317 545 2587
789 13466 559 2594
726 12062 565 2595
642 11004 536 2619
712 11957 564 2617
722 12477 584 2586
746 12968 575 2588
673 11339 547 2562
704 11745 559 2571
683 11660 550 2613
649 11235 554 2561
683 11601 585 2595
762 13048 548 2591
707 12268 524 2590
664 11193 571 2597
779 12634 608 2611
661 11121 575 2621
712 11984 571 2597
731 12401 604 2618
627 10626 556 2566
725 11936 554 2608
670 11480 573 2568
721 11883 533 2593
718 12470 556 2565
729 11680 571 2578
747 12904 564 2601
802 13780 575 2585
670 11102 524 2593
702 11011 573 2597
745 12738 559 2614
778 13626 563 2570
802 13734 589 2617
749 13324 605 2601
722 11740 568 2576
721 12640 561 2582
710 11902 524 2571
666 11356 533 2566
722 12405 554 2544
686 11644 547 2561
711 11878 556 2586
712 12250 547 2597
781 13318 545 2596
645 11240 562 2552
691 10590 556 2570
701 12007 589 2592
760 13356 596 2576
730 11847 589 2568
671 11316 547 2562
736 12292 552 2612
700 11934 564 2603
684 11982 543 2591
708 11785 556 2589
704 12046 565 2574
696 11518 582 2610
734 12497 545 2593
730 12961 559 2573
771 13267 587 2615
710 12401 571 2589
641 10861 568 2564
647 10808 524 2589
675 11874 566 2577
676 11849 547 2591
648 11001 570 2596
735 12220 561 2585
753 12467 596 2572
677 11224 591 2591
629 10279 562 2605
670 11618 564 2636
651 11024 573 2583
644 10702 582 2580
746 12616 587 2593
643 11255 550 2587
700 11711 559 2587
651 11295 573 2570
663 11237 567 2618
677 11570 618 2616
616 10495 530 2586
701 12158 530 2614
650 11103 577 2551
681 11494 556 2569
694 11378 571 2585
711 11654 559 2560
664 11050 568 2593
711 12179 547 2606
663 10743 550 2571
637 10721 545 2540
693 11589 568 2580
712 12647 565 2570
754 13269 559 2565
711 12545 598 2598
613 10637 561 2569
699 12010 573 2604
710 11591 578 2578
729 12410 524 2577
641 11168 568 2594
688 11733 568 2569
661 11461 578 2598
721 12459 605 2608
722 11975 566 2597
734 12852 594 2608
658 11372 556 2601
717 12002 545 2595
766 12881 548 2607
668 11185 545 2566
702 12269 608 2601
659 11448 550 2596
753 12766 577 2581
660 10720 524 2573
692 11944 568 2609
687 11232 533 2605
660 10907 529 2615
699 12240 566 2584
659 11284 574 2605
739 11822 578 2581
698 12063 568 2611
719 12665 568 2578
694 11784 576 2598
738 12117 536 2573
696 11873 576 2583
713 12090 573 2588
638 10830 533 2604
676 11672 559 2565
676 12142 574 2599
702 11561 552 2591
657 11125 542 2559
701 12512 538 2556
665 10944 545 2572
720 11650 551 2590
702 11971 582 2601
663 11442 527 2563
717 12141 548 2576
693 11621 545 2578
625 10489 552 2566
739 12344 573 2577
743 12838 564 2566
690 11857 570 2589
742 12259 536 2576
652 11587 547 2567
736 12631 557 2627
757 12844 582 2606
694 11616 548 2595
676 11498 571 2604
696 11963 554 2572
766 13025 571 2594
736 12118 582 2592
746 12089 578 2618
760 12326 579 2597
673 11694 591 2569
730 12095 582 2568
706 12587 533 2611
674 11646 539 2593
663 11128 613 2595
737 12059 538 2608
729 12274 538 2581
713 12060 545 2574
700 11377 564 2598
654 11112 579 2604
652 11636 582 2572
745 12868 577 2576
808 13376 594 2573
679 11289 561 2562
667 11122 556 2569
680 10932 594 2580
721 12273 584 2578
681 11329 585 2593
707 11929 582 2603
743 12389 566 2610
719 12109 594 2592
664 10845 568 2556
686 10966 559 2587
770 12942 538 2567
724 12546 565 2535
637 10885 579 2597
670 11318 582 2573
676 11926 570 2618
649 10969 573 2582
667 10694 565 2570
690 11486 564 2586
758 13394 533 2558
680 11491 536 2557
741 12715 556 2579
743 12376 547 2582
679 11404 539 2603
695 11621 545 2591
663 11406 556 2576
721 12056 545 2596
666 11363 570 2587
608 10152 556 2560
669 11593 560 2594
718 12101 563 2562
616 10413 541 2565
688 11814 536 2556
617 10360 550 2584
724 12061 573 2599
717 12592 551 2557
644 10963 533 2592
709 12054 562 2619
638 11102 536 2579
684 11302 545 2568
705 11472 587 2620
677 11434 554 2555
676 11593 579 2562
628 10826 570 2593
674 11229 610 2584
742 12809 582 2622
758 13129 568 2602
686 11583 554 2582
762 13401 574 2623
640 10815 575 2606
715 12149 577 2569
748 12737 577 2591
631 10986 561 2581
657 11469 559 2589
704 12215 538 2536
738 12710 562 2573
715 12268 556 2589
732 12420 571 2590
702 11630 585 2598
745 12694 584 2600
671 11330 565 2568
731 12780 568 2592
685 11226 536 2582
668 11342 559 2590
821 14091 561 2554
679 11797 579 2611
687 12105 573 2597
771 13064 548 2618
827 13923 536 2600
715 12332 542 2577
676 11928 577 2610
705 12002 568 2619
740 12146 577 2561
692 12202 581 2589
