5 0.166949
636 10633 568 2710
731 12013 553 2707
690 11308 553 2755
662 11233 557 2674
732 12713 541 2714
689 11779 553 2709
653 11402 556 2749
713 12241 553 2694
745 12736 566 2632
747 12668 527 2652
676 11673 595 2656
674 11763 554 2722
685 11984 575 2644
683 11741 603 2643
657 11146 582 2709
733 12461 538 2723
679 11629 545 2744
678 11620 592 2654
666 11449 577 2671
724 12479 595 2622
733 12456 562 2665
655 11443 601 2678
745 12736 566 2632
691 11816 545 2719
676 11822 550 2739
747 12529 557 2673
656 11017 553 2768
760 12429 550 2700
746 12508 550 2693
697 12257 548 2708
671 11547 606 2653
672 11587 601 2652
678 11862 533 2734
687 11593 592 2656
654 11067 596 2683
725 11624 544 2773
691 12086 565 2642
632 10972 573 2726
659 10912 556 2689
737 12795 530 2715
786 13671 536 2642
828 14704 523 2804
763 12457 559 2666
682 12004 622 2642
656 11505 557 2710
648 11385 582 2724
669 10848 571 2738
647 10721 568 2756
654 11116 589 2713
687 11635 557 2683
669 11367 583 2688
724 12639 554 2695
785 13474 548 2688
773 12678 532 2757
768 13268 548 2705
784 13050 564 2654
776 13160 557 2666
782 13211 532 2702
799 13271 533 2687
701 12015 589 2657
677 11514 624 2673
670 11480 590 2681
667 11839 593 2680
668 11829 656 2678
785 14119 630 2634
732 12337 545 2728
774 12892 557 2681
750 13094 550 2708
735 12426 548 2725
733 12495 555 2712
731 12611 555 2715
683 11931 629 2672
752 12343 536 2757
738 12676 541 2736
724 12105 550 2741
710 12319 555 2758
714 12224 538 2767
684 11996 553 2763
681 12323 543 2766
724 12105 550 2741
714 12464 545 2753
737 12360 582 2673
708 12169 604 2656
694 12123 602 2668
729 12408 587 2661
738 12227 566 2662
710 12342 603 2647
728 12663 591 2652
735 12098 586 2674
717 12479 577 2669
713 12380 582 2663
635 11138 594 2735
668 11114 603 2736
678 11383 559 2747
676 11326 594 2711
673 11421 569 2695
668 11388 584 2697
680 11484 557 2758
660 11364 576 2724
668 11199 601 2710
777 13406 545 2723
828 14063 556 2672
685 12018 622 2668
685 12018 622 2668
706 12625 642 2642
678 11755 564 2716
663 11758 567 2743
665 11630 576 2719
654 10943 577 2756
654 10943 577 2756
657 11240 592 2733
657 11449 603 2726
701 11896 557 2714
690 12378 563 2732
739 11717 566 2684
720 12227 561 2711
758 12791 559 2689
690 12378 563 2732
702 12259 562 2686
754 12637 560 2700
778 12650 557 2692
722 12685 561 2693
706 11781 566 2704
702 12059 586 2685
687 11696 561 2733
709 11801 569 2684
743 12673 557 2692
778 12650 557 2692
819 13545 538 2734
842 13746 533 2794
801 14017 536 2705
711 12244 589 2657
726 12076 592 2671
672 11542 600 2694
713 11583 640 2687
672 11968 626 2692
677 11856 601 2687
732 12337 545 2737
822 13515 557 2688
822 13515 557 2688
754 13241 554 2717
780 13387 555 2715
778 13031 556 2725
758 13464 541 2736
769 13071 541 2760
774 12685 541 2750
757 12992 541 2768
748 12792 541 2773
712 12675 555 2772
700 12442 556 2817
731 12217 555 2768
743 12333 552 2785
720 12771 553 2807
746 12437 566 2677
766 13288 568 2667
756 13287 580 2665
811 14262 577 2662
767 12829 569 2664
737 13037 601 2656
730 12781 602 2653
640 11301 613 2744
640 11301 613 2744
676 11510 569 2695
713 11486 592 2723
713 11486 592 2723
690 11838 559 2798
666 11442 576 2756
660 11677 585 2738
677 11485 576 2749
790 13492 548 2728
704 12629 640 2677
681 11818 565 2733
696 11931 565 2720
662 11451 578 2764
706 11314 597 2792
672 11496 593 2755
661 11593 613 2735
711 12584 557 2728
711 12044 565 2714
722 12026 559 2771
723 11939 562 2728
730 12373 557 2716
735 12255 559 2744
778 13081 564 2689
727 12682 564 2723
718 12391 566 2699
723 11806 568 2753
718 11891 562 2736
708 12315 562 2733
724 12436 561 2749
721 12175 580 2687
711 12183 595 2693
759 11812 594 2688
721 12441 572 2685
723 12042 584 2691
717 12068 599 2694
711 12183 595 2693
716 12335 573 2690
755 12712 559 2714
769 13059 562 2699
757 12769 592 2660
751 13075 589 2671
806 13860 594 2659
725 12993 622 2658
729 12800 628 2661
715 12581 652 2686
780 12745 606 2659
725 12286 609 2662
729 12800 628 2661
737 12381 591 2665
742 12151 631 2675
735 12799 592 2678
726 12365 601 2680
675 12392 617 2706
715 11867 614 2689
694 12074 653 2688
739 12727 547 2805
738 12388 553 2792
741 12699 553 2788
860 15143 560 2702
760 13319 555 2747
789 14148 556 2743
775 14077 550 2750
778 13927 550 2763
767 12841 547 2773
804 13506 541 2783
759 13438 545 2782
709 12528 558 2824
734 12731 556 2803
736 13228 553 2818
736 13228 553 2818
736 13228 553 2818
757 12924 587 2684
761 13333 568 2687
796 13567 568 2684
769 13537 586 2684
822 13908 571 2676
807 13853 573 2668
769 13537 586 2684
769 13537 586 2684
783 13030 615 2654
754 12809 640 2658
783 13030 615 2654
640 11320 613 2744
683 11521 598 2717
676 11729 570 2711
722 11690 576 2745
686 11688 626 2704
699 11566 588 2735
692 11706 597 2722
711 11591 578 2732
683 11747 572 2695
715 11736 582 2703
711 11591 578 2732
711 11591 578 2732
699 12354 562 2817
717 12534 559 2800
670 11747 599 2748
806 13734 550 2772
707 12253 568 2747
698 12535 569 2772
670 11770 658 2818
811 13872 541 2825
859 15159 543 2818
879 15050 579 2679
755 13202 654 2659
686 11380 625 2757
835 14033 555 2766
787 13490 548 2804
829 14751 548 2780
813 14353 558 2727
772 13087 553 2787
796 13750 571 2706
809 14471 548 2793
712 12482 652 2696
708 11614 598 2735
762 13286 592 2661
727 12095 640 2690
677 11739 581 2809
834 13834 565 2714
768 12725 599 2668
728 12430 638 2677
700 11947 622 2697
809 14471 548 2793
796 12875 550 2782
739 13065 548 2813
693 11987 587 2699
723 12902 564 2747
728 12594 632 2689
746 13475 573 2685
742 12640 617 2674
679 12288 626 2718
730 12969 596 2692
759 13123 598 2664
710 12326 601 2698
731 11870 612 2727
675 12155 615 2764
735 12530 628 2667
676 11801 591 2741
756 12856 550 2820
