402 14.8161
551 9216 551 2787
560 8775 560 2742
563 9416 524 2716
687 11915 607 2585
569 8852 569 2737
560 8801 560 2742
604 10187 551 2635
569 8901 569 2730
560 8801 560 2742
560 8801 560 2742
580 9116 578 2725
560 8817 560 2742
578 9958 545 2682
569 9003 569 2730
560 8819 560 2742
560 8894 560 2742
569 8965 569 2730
564 9483 533 2720
569 8949 569 2730
560 8801 560 2742
610 10295 551 2635
578 9054 578 2729
588 9261 578 2725
569 8916 569 2730
560 8889 560 2742
569 8870 569 2737
560 8896 560 2742
560 8831 560 2742
587 9195 578 2725
578 9173 578 2725
617 9542 578 2691
560 8801 560 2742
569 8847 569 2737
569 8936 569 2730
569 8852 569 2737
560 8789 560 2742
607 9560 578 2691
587 9226 578 2725
570 8876 569 2730
560 8789 560 2742
612 9767 578 2691
570 8876 569 2730
607 9629 578 2691
569 8955 569 2730
560 8787 560 2742
587 9201 578 2725
598 9845 578 2691
560 8801 560 2742
569 8940 569 2730
564 9469 533 2711
560 8824 560 2742
578 9083 578 2725
569 8980 569 2730
560 8848 560 2742
560 8825 560 2742
560 8819 560 2742
569 8983 569 2730
570 8925 569 2730
587 9204 578 2725
569 9129 569 2730
582 9475 569 2696
569 8891 569 2730
573 9537 533 2702
560 8789 560 2742
560 8819 560 2742
570 8883 569 2730
607 9560 578 2691
599 9642 578 2691
560 8801 560 2742
560 8801 560 2742
571 8986 569 2730
560 8789 560 2742
578 9958 545 2673
569 8992 569 2730
560 8787 560 2746
569 8915 569 2737
600 10089 551 2657
560 8801 560 2742
587 9195 578 2725
560 8801 560 2742
566 9566 533 2711
569 9024 569 2730
602 9902 578 2691
575 10029 545 2673
574 9223 551 2747
569 8901 569 2730
569 8948 569 2730
560 8801 560 2742
569 8871 569 2737
560 8813 560 2742
582 9462 569 2696
561 9417 533 2718
569 8899 569 2730
569 8840 569 2737
564 9469 533 2711
560 8775 560 2746
578 9105 578 2725
582 9547 569 2694
560 8789 560 2742
560 8775 560 2746
582 9462 569 2696
569 8846 569 2737
580 9116 578 2725
569 8901 569 2730
560 8801 560 2742
569 9024 569 2730
582 9543 569 2696
560 8789 560 2742
569 9000 569 2730
560 8801 560 2742
570 8894 569 2730
560 8895 560 2755
569 8935 569 2730
569 8954 569 2730
569 9106 551 2747
569 8846 569 2737
560 8887 560 2746
569 8870 569 2737
582 9525 569 2696
560 8801 560 2742
600 10089 551 2648
588 9261 578 2725
569 8877 569 2730
560 8801 560 2742
560 8801 560 2742
560 8787 560 2742
580 9112 578 2725
560 9417 533 2711
560 8801 560 2742
569 8852 569 2737
578 9033 578 2729
560 8813 560 2742
601 9194 578 2725
580 10078 545 2664
560 8775 560 2746
551 9181 551 2765
580 9162 578 2725
588 9261 578 2725
569 9024 569 2730
560 8817 560 2742
578 9138 569 2730
587 9201 578 2725
588 9261 578 2725
560 8819 560 2742
563 9416 524 2716
578 9055 578 2729
587 9201 578 2725
569 8855 569 2737
569 8873 569 2737
560 8801 560 2742
578 9055 578 2729
560 8801 560 2742
560 8807 560 2742
569 8892 569 2730
578 9083 578 2725
560 8801 560 2742
622 10576 593 2611
587 9134 578 2725
569 8872 569 2737
560 8775 560 2742
601 9194 578 2725
560 8813 560 2746
569 8996 569 2730
569 8871 569 2737
560 8801 560 2742
604 10193 551 2635
607 9599 578 2691
560 8801 560 2742
569 9010 569 2730
569 9217 551 2747
560 8895 560 2755
569 8852 569 2737
580 9112 578 2725
578 9958 545 2673
560 8836 560 2742
560 8801 560 2742
569 8938 569 2737
587 9187 578 2725
569 8936 569 2730
560 9053 560 2735
604 10187 551 2635
578 9054 578 2729
584 9553 578 2691
560 8789 560 2742
560 8801 560 2742
560 8801 560 2742
622 10576 593 2611
570 8900 569 2730
560 8789 560 2742
560 8789 560 2742
578 9104 578 2729
560 8801 560 2742
580 9112 578 2725
582 9525 569 2696
560 8789 560 2742
587 9201 578 2725
571 8986 569 2730
569 8968 569 2730
569 8864 569 2737
560 8775 560 2742
617 9542 578 2691
607 9560 578 2691
588 9261 578 2725
569 8860 569 2730
578 9086 569 2730
569 8853 569 2737
560 8869 560 2742
560 8808 560 2742
569 8892 569 2730
569 8860 569 2730
617 9542 578 2691
570 8894 569 2730
560 8825 560 2742
569 8891 569 2730
560 8817 560 2742
560 8775 560 2742
612 9697 578 2691
569 9051 569 2730
569 8855 569 2730
560 8787 560 2742
602 9895 578 2691
569 8857 569 2737
569 9024 569 2730
560 8801 560 2742
560 8775 560 2742
578 9958 545 2673
614 10082 545 2673
569 8886 569 2737
578 9958 545 2673
569 8934 569 2730
560 8829 560 2742
560 9417 533 2711
569 8899 569 2730
560 8876 560 2755
560 8807 560 2742
569 8840 569 2737
578 9083 578 2725
570 8894 569 2730
587 9201 578 2725
560 9027 560 2764
617 9542 578 2691
569 8996 569 2730
560 8834 560 2746
560 8813 560 2742
560 8862 560 2742
569 8867 569 2737
578 9055 578 2729
560 8842 560 2751
560 8817 560 2742
560 8801 560 2742
569 8940 569 2730
560 8787 560 2742
578 9105 578 2725
569 8915 569 2730
570 8900 569 2730
560 9031 560 2742
578 9055 578 2729
587 9201 578 2725
604 10193 551 2635
569 8916 569 2730
551 9162 551 2787
578 9033 578 2729
600 10089 551 2648
569 8955 569 2730
560 8869 560 2742
569 8926 569 2730
578 9958 545 2673
569 8891 569 2730
569 8856 569 2737
560 8801 560 2746
601 9194 578 2725
561 9417 533 2718
569 8853 569 2737
569 8855 569 2737
560 8870 560 2746
560 8813 560 2742
600 10089 551 2648
578 9033 569 2730
560 8811 560 2742
560 8789 560 2742
614 10081 545 2673
569 8886 569 2730
587 9173 578 2725
570 8900 569 2730
560 8801 560 2742
569 8916 569 2730
569 9051 569 2730
560 8775 560 2742
610 9379 578 2725
569 8926 569 2730
570 9001 569 2730
569 9010 569 2730
569 8940 569 2730
569 8980 569 2730
572 9009 560 2759
560 8801 560 2742
560 8814 560 2746
569 8892 569 2730
582 9585 569 2694
560 8819 560 2755
