88 3.67803
594 9587 551 2504
581 9365 533 2518
575 9414 524 2519
560 9690 533 2518
578 9167 523 2534
581 9365 533 2518
584 9900 578 2489
579 9521 542 2509
581 9365 533 2518
560 9690 533 2518
597 9877 578 2489
579 9521 542 2509
578 9081 523 2535
578 9167 523 2534
572 9865 560 2499
572 9845 551 2504
568 9628 542 2509
579 9521 542 2509
563 9467 533 2514
577 9376 542 2511
573 9616 560 2499
581 9365 533 2518
597 9877 578 2489
573 9461 569 2494
581 9365 533 2518
590 9616 551 2504
568 9628 542 2509
561 9450 524 2523
572 9236 523 2530
583 9732 551 2504
570 9482 524 2519
578 9167 523 2534
581 9365 533 2518
578 9518 560 2503
577 9376 542 2511
554 9451 527 2550
569 9414 524 2521
568 9628 542 2509
572 9236 523 2530
574 9405 533 2514
561 9716 542 2509
567 9686 542 2509
569 9414 524 2521
572 9658 569 2494
581 9365 533 2518
581 9365 533 2518
570 8992 524 2523
590 9616 551 2504
614 9803 578 2489
577 9376 542 2511
582 9193 533 2518
580 9230 560 2503
574 9405 533 2514
584 9900 578 2489
564 9389 542 2511
548 9069 542 2517
588 9515 560 2499
604 9502 560 2499
581 9365 533 2518
581 9365 533 2518
562 9444 524 2521
570 8992 524 2523
561 9716 542 2509
566 9442 551 2506
581 9365 533 2518
581 9365 533 2518
572 9376 524 2521
563 9270 523 2524
578 9167 523 2534
573 9616 560 2499
578 9167 523 2534
584 9900 578 2489
584 9900 578 2489
583 9415 524 2519
572 9850 551 2504
572 9850 551 2504
572 9850 551 2504
572 9850 551 2504
579 9522 542 2509
579 9522 542 2509
579 9522 542 2509
565 9501 533 2514
565 9501 533 2514
565 9501 533 2514
565 9501 533 2514
579 9487 569 2498
573 9488 569 2494
554 9454 527 2550
568 9640 542 2509
568 9640 542 2509
572 9239 523 2530
572 9239 523 2530
567 9706 542 2509
572 9665 569 2494
603 9620 551 2504
594 9767 551 2504
594 9767 551 2504
590 9816 551 2504
582 9220 533 2522
590 9387 560 2503
590 9387 560 2503
590 9387 560 2503
590 9387 560 2503
590 9387 560 2503
587 9539 560 2503
590 9387 560 2503
590 9387 560 2503
587 9539 560 2503
590 9387 560 2503
576 9616 542 2513
576 9293 542 2519
577 9267 542 2517
591 9544 560 2499
591 9544 560 2499
562 9566 527 2533
563 9451 524 2523
581 9368 524 2523
575 9228 524 2527
577 9174 524 2527
585 9235 524 2523
582 9354 524 2523
578 9133 524 2527
575 9228 524 2527
566 9484 551 2510
569 9517 551 2508
593 9376 533 2518
593 9376 533 2518
593 9376 533 2518
593 9376 533 2518
593 9376 533 2518
590 9378 533 2518
593 9376 533 2518
582 9380 533 2518
572 9399 524 2521
572 9399 524 2521
572 9399 524 2521
572 9399 524 2521
572 9399 524 2521
572 9399 524 2521
572 9399 524 2521
572 9399 524 2521
581 9638 523 2524
564 9321 523 2528
576 9784 523 2526
597 9589 523 2524
564 9321 523 2528
597 9589 523 2524
564 9321 523 2528
581 9831 560 2499
583 9642 560 2501
583 9642 560 2501
583 9642 560 2501
583 9642 560 2501
583 9642 560 2501
583 9642 560 2501
583 9642 560 2501
583 9642 560 2501
578 9962 560 2503
589 9812 560 2499
589 9812 560 2499
589 9812 560 2499
582 9774 560 2503
579 9898 560 2503
590 10028 578 2491
590 10028 578 2491
591 9909 578 2489
590 10028 578 2491
583 9577 524 2519
602 9420 524 2519
572 9903 551 2504
588 9885 551 2506
572 9903 551 2504
588 9885 551 2506
579 9535 542 2509
565 9507 533 2514
579 9501 569 2498
578 9612 569 2494
596 9498 569 2494
579 9501 569 2498
554 9463 527 2550
554 9463 527 2550
554 9463 527 2550
554 9463 527 2550
572 9255 523 2530
572 9255 523 2530
580 9246 523 2530
580 9246 523 2530
572 9255 523 2530
580 9246 523 2530
580 9246 523 2530
572 9255 523 2530
580 9246 523 2530
580 9246 523 2530
572 9255 523 2530
572 9255 523 2530
572 9709 542 2509
572 9680 569 2494
572 9680 569 2494
572 9680 569 2494
608 9737 551 2504
608 9737 551 2504
613 9653 551 2504
597 9776 551 2504
596 9875 551 2504
601 9489 560 2503
593 9499 560 2503
590 9502 560 2503
601 9489 560 2503
577 9305 542 2517
577 9305 542 2517
577 9305 542 2517
577 9305 542 2517
577 9305 542 2517
577 9305 542 2517
577 9305 542 2517
619 9682 560 2499
595 9703 560 2499
608 9696 560 2499
563 9494 524 2523
585 9279 524 2523
585 9279 524 2523
579 9149 524 2527
569 9781 551 2508
576 9733 551 2508
587 9620 551 2508
569 9781 551 2508
569 9781 551 2508
569 9781 551 2508
588 9519 551 2510
588 9519 551 2510
572 9570 551 2510
588 9519 551 2510
569 9781 551 2508
569 9781 551 2508
588 9609 560 2508
569 9781 551 2508
588 9519 551 2510
582 9391 533 2518
572 9403 524 2521
572 9403 524 2521
572 9403 524 2521
572 9403 524 2521
572 9403 524 2521
582 9706 523 2526
590 9720 523 2524
582 9706 523 2526
597 9607 523 2524
613 9591 523 2526
573 9536 523 2528
588 9376 523 2528
573 9536 523 2528
565 9634 523 2535
574 9379 523 2528
581 9840 560 2499
587 9692 560 2501
589 9824 560 2499
579 10052 560 2503
579 10052 560 2503
579 10052 560 2503
579 10052 560 2503
596 10009 578 2489
596 10009 578 2489
594 10294 578 2489
596 10009 578 2489
597 9945 578 2489
597 9945 578 2489
597 9945 578 2489
616 9928 578 2489
616 9928 578 2489
594 10019 578 2491
596 10009 578 2489
592 10297 578 2491
592 10297 578 2491
592 10297 578 2491
592 10319 578 2491
569 9876 523 2554
618 10172 560 2499
572 9258 523 2530
554 9465 527 2550
597 10130 578 2489
563 9496 524 2523
579 9511 569 2498
578 9787 569 2494
554 9465 527 2550
581 9636 542 2513
572 9608 533 2514
608 9811 551 2504
581 9365 533 2527
598 9670 551 2508
594 10251 578 2493
588 9353 542 2519
599 9973 578 2489
584 9911 560 2503
584 9997 551 2504
570 9990 523 2543
580 10124 560 2503
569 9876 523 2554
579 9348 524 2529
588 9723 560 2503
593 9928 551 2506
