60 1.86817
592 9844 551 2508
604 10535 551 2504
604 10535 551 2504
600 9795 551 2508
604 10535 551 2504
567 9621 524 2542
571 9841 523 2537
602 9961 533 2514
591 10092 523 2524
589 10255 569 2494
602 9961 533 2514
588 9616 556 2516
592 9844 551 2508
604 10535 551 2504
601 10235 569 2494
588 10163 560 2501
602 9961 533 2514
567 9452 533 2518
591 10092 523 2524
571 9841 523 2537
555 9363 524 2548
573 9718 524 2521
641 11054 587 2484
604 10535 551 2504
642 10870 587 2484
592 9844 551 2508
566 9504 523 2549
606 10527 551 2504
583 9758 551 2512
583 10059 542 2511
589 9757 542 2511
585 9505 523 2545
604 10535 551 2504
590 9825 524 2519
571 9841 523 2537
567 9621 524 2542
606 10087 542 2509
635 9964 542 2509
608 10246 551 2504
583 10059 542 2511
567 9621 524 2542
588 9616 556 2516
593 9987 560 2501
589 9907 524 2519
583 9758 551 2512
560 9515 524 2546
590 9825 524 2519
574 9682 542 2515
604 10535 551 2504
592 9844 551 2508
572 9665 524 2533
583 10059 542 2511
567 9621 524 2542
583 10059 542 2511
612 10381 587 2486
606 10087 542 2509
574 9510 524 2529
592 9897 523 2528
560 9515 524 2546
653 10842 587 2484
612 10381 587 2486
578 9646 556 2516
604 10535 551 2504
604 10535 551 2504
592 9844 551 2508
592 9844 551 2508
574 9510 524 2529
616 9864 569 2498
591 10092 523 2524
567 9621 524 2542
602 10441 542 2509
641 11054 587 2484
567 9621 524 2542
637 9755 533 2516
598 9970 560 2499
586 9978 533 2514
612 10381 587 2486
596 10267 578 2489
622 10137 569 2494
555 9363 524 2548
606 10527 551 2504
598 9900 523 2524
593 9740 560 2503
557 9214 542 2518
591 10092 523 2524
593 9740 560 2503
592 9897 523 2528
624 10136 578 2493
606 10087 542 2509
604 10535 551 2504
574 9682 542 2515
545 8957 523 2566
567 9452 533 2518
641 11054 587 2484
567 9621 524 2542
581 9633 523 2530
596 10075 551 2506
612 10405 569 2498
618 10795 569 2494
620 10458 569 2494
620 10458 569 2494
620 10458 569 2494
610 10499 569 2496
610 10499 569 2496
582 10175 524 2521
580 10136 524 2527
580 10136 524 2527
642 10871 587 2484
578 9686 523 2556
576 9525 523 2558
595 9825 542 2513
595 9825 542 2513
593 9511 523 2545
593 9511 523 2545
593 9511 523 2545
593 9511 523 2545
571 9882 523 2537
609 10376 551 2504
618 10309 551 2504
640 10258 551 2504
594 9761 551 2514
594 9761 551 2514
600 10111 524 2521
598 9825 524 2525
601 10263 524 2519
591 10014 524 2523
591 10014 524 2523
593 9993 524 2527
605 9955 524 2519
597 10282 542 2511
597 10282 542 2511
591 10117 542 2513
591 10117 542 2513
560 9543 524 2546
607 9870 551 2508
601 10046 551 2508
607 9870 551 2508
593 9571 524 2538
575 9827 524 2533
574 9518 524 2546
576 9822 524 2538
602 10455 542 2509
609 10275 560 2499
598 10068 560 2501
598 10068 560 2501
609 10275 560 2499
598 10068 560 2501
588 10017 533 2514
588 10017 533 2514
628 11087 587 2486
628 11087 587 2486
633 10808 587 2486
628 11087 587 2486
608 10336 578 2493
621 10472 578 2489
621 10472 578 2489
619 10837 578 2491
627 10302 578 2491
634 10470 578 2489
632 10374 569 2494
624 10283 569 2498
622 10405 569 2496
639 10361 569 2496
560 9432 524 2548
607 10070 523 2524
576 9347 542 2518
592 10112 523 2524
592 10112 523 2524
600 9974 560 2503
597 10150 560 2503
597 10150 560 2503
597 10150 560 2503
595 10055 560 2505
599 10055 523 2528
599 10055 523 2528
599 10055 523 2528
606 9965 523 2528
621 10238 542 2509
617 10283 542 2509
615 10336 542 2509
614 10435 542 2509
658 10095 542 2509
658 10095 542 2509
658 10095 542 2509
638 10117 542 2509
607 10264 542 2511
613 10218 542 2511
607 10617 551 2504
587 9940 542 2517
587 9940 542 2517
591 9751 551 2516
545 8965 523 2566
578 9582 533 2526
594 9957 533 2518
594 9957 533 2518
578 9582 533 2526
578 9599 533 2524
594 9957 533 2518
598 9454 533 2543
568 9466 533 2532
599 9762 533 2518
588 9948 533 2523
567 9623 524 2542
567 9623 524 2542
567 9623 524 2542
598 9853 523 2532
605 9832 523 2536
598 9853 523 2532
598 9853 523 2532
605 9832 523 2536
598 9853 523 2532
599 9803 523 2543
598 9853 523 2532
583 9841 523 2555
607 10327 551 2506
615 10138 551 2506
615 10138 551 2506
607 10327 551 2506
609 10186 551 2506
668 10349 542 2509
593 9529 523 2545
645 11201 587 2484
545 8965 523 2570
560 9618 538 2553
574 9536 524 2553
664 11011 587 2486
631 9894 533 2518
615 10007 551 2510
602 9902 524 2525
623 10452 542 2509
660 11003 523 2524
619 10655 569 2496
621 10294 560 2499
618 10874 569 2496
601 9977 565 2513
605 10068 560 2501
634 10442 578 2491
622 10185 551 2506
576 9756 542 2522
634 10442 578 2491
587 9888 523 2549
595 9696 533 2533
650 11048 587 2484
567 9631 524 2542
567 9575 524 2546
653 10485 578 2489
597 10740 523 2528
590 10230 524 2529
612 10384 551 2504
643 9848 542 2515
617 10572 569 2498
584 9928 523 2538
609 10527 560 2499
575 9845 533 2532
575 9586 542 2540
639 11019 587 2488
635 10235 542 2511
594 10125 523 2536
627 10576 578 2493
639 10433 569 2494
596 10190 524 2534
584 9928 523 2538
597 9712 551 2527
628 10102 542 2513
611 10643 578 2493
606 10000 560 2505
603 9777 533 2524
610 10394 523 2526
604 10130 551 2512
601 10417 524 2519
634 10442 578 2491
627 10685 578 2489
603 10165 542 2513
626 10381 542 2509
620 10461 569 2494
594 9774 524 2538
615 9890 533 2520
622 10427 569 2496
611 9960 542 2517
605 10228 523 2528
598 9555 533 2543
592 10020 533 2520
594 10340 533 2516
599 9681 542 2519
618 10188 551 2508
607 10503 542 2509
651 11020 587 2484
596 9890 523 2543
618 10416 560 2499
605 10056 560 2507
651 11020 587 2484
622 10185 551 2506
598 9868 523 2532
611 10490 542 2511
604 10055 533 2514
603 10679 542 2509
592 10394 533 2516
611 9868 551 2516
604 10055 533 2514
598 10272 533 2514
