64979 1920.53
540 8862 524 2527
542 8791 533 2535
547 9216 533 2520
536 8902 524 2533
628 10442 551 2506
552 9510 551 2514
560 9587 524 2521
578 9348 551 2512
571 9199 524 2525
586 9481 551 2510
565 9597 551 2512
570 9867 542 2513
564 9489 533 2516
605 10446 551 2508
573 9105 542 2519
551 8935 523 2532
562 9052 533 2522
568 9424 533 2516
619 10228 551 2508
561 9610 542 2515
579 9698 551 2510
564 9211 542 2517
584 9855 542 2511
597 9342 542 2515
586 9130 533 2520
590 9778 542 2511
580 9720 542 2513
558 9514 524 2525
571 9469 524 2523
549 9061 533 2524
536 8948 523 2538
571 9650 523 2526
557 9192 542 2519
564 9312 551 2516
558 9326 542 2517
548 9024 523 2534
570 9506 524 2521
555 9083 533 2522
577 9549 523 2528
576 9587 523 2526
552 9137 533 2522
566 9521 524 2521
567 9476 551 2514
561 9417 524 2525
547 8895 523 2540
564 9392 524 2525
561 9257 542 2517
542 8897 523 2540
559 9286 542 2517
575 9501 542 2515
613 10034 560 2505
562 9211 533 2520
573 9513 542 2515
540 8899 523 2552
535 9022 523 2540
683 11644 560 2503
526 8970 523 2545
528 8769 524 2547
528 8769 524 2547
683 11644 560 2503
551 8935 523 2532
528 8769 524 2547
526 8970 523 2545
688 11508 556 2526
628 10200 533 2535
728 12361 524 2533
716 11672 538 2538
681 10538 538 2544
612 9797 533 2524
658 11111 524 2536
670 10450 529 2554
668 11285 524 2544
685 11012 524 2531
668 10890 547 2548
640 10592 547 2548
650 10940 533 2533
802 13818 533 2543
690 12034 523 2536
697 12248 541 2574
688 11650 547 2533
660 10622 523 2532
606 10160 547 2552
660 10330 523 2545
565 9660 533 2524
644 11230 524 2540
666 11233 523 2534
708 11454 529 2576
701 11098 524 2535
605 10117 547 2533
724 11910 538 2545
617 10152 547 2531
738 11848 524 2535
702 11583 547 2535
689 11886 538 2556
615 9871 523 2561
680 11701 533 2537
667 11216 533 2535
717 11924 543 2548
715 12124 523 2539
686 11891 524 2533
604 10028 533 2522
727 11124 556 2546
731 11407 538 2536
653 11054 538 2551
699 11484 524 2551
711 11376 524 2531
672 11091 538 2551
669 11202 533 2524
675 11843 538 2542
703 11315 533 2537
685 11571 556 2537
645 10316 533 2537
622 10266 524 2542
699 11612 538 2540
694 11448 538 2551
680 11548 524 2527
642 10582 524 2538
634 10586 552 2552
672 11196 538 2551
629 10940 524 2544
711 11647 523 2561
626 10653 533 2533
608 10104 523 2543
651 10624 538 2545
670 11310 529 2539
733 12656 547 2553
735 12553 523 2538
610 9969 524 2546
765 13011 570 2561
710 11635 547 2540
667 10962 547 2533
598 10257 538 2542
656 10640 523 2546
675 11256 524 2553
669 10996 524 2555
722 11568 533 2542
664 11493 538 2549
632 10357 524 2529
664 10797 524 2533
744 12905 524 2562
643 10809 523 2545
629 10218 547 2539
639 10205 545 2539
589 9982 533 2533
625 10315 529 2552
651 10827 533 2535
694 11755 523 2540
671 11619 543 2570
626 9924 542 2530
689 11417 547 2555
716 11684 538 2567
672 11253 547 2542
684 11088 551 2529
712 11505 538 2551
658 11004 524 2533
628 10519 523 2568
763 12861 529 2548
679 11223 523 2540
640 10336 524 2549
663 11109 533 2530
733 12396 538 2549
665 11261 561 2553
642 10714 538 2538
626 10178 547 2533
659 11266 561 2536
622 10370 524 2550
616 10308 524 2544
666 11261 523 2554
692 11525 538 2558
651 11194 524 2533
696 11879 547 2555
622 10545 538 2556
624 10415 524 2527
630 10388 523 2541
665 11474 533 2526
650 10500 529 2563
627 10109 552 2567
665 11343 524 2546
714 11766 523 2541
701 12046 550 2554
746 11963 529 2554
669 11442 542 2534
707 11203 529 2550
642 9987 536 2540
676 11035 524 2551
664 11072 523 2536
646 10417 542 2519
609 10009 533 2542
685 11671 556 2535
605 10121 529 2554
681 11201 547 2557
672 11010 524 2544
710 11567 529 2543
620 10578 547 2539
667 10514 533 2535
698 11209 524 2548
616 10362 523 2554
609 10083 524 2527
631 9932 547 2553
688 11144 523 2536
671 11263 524 2544
651 10350 529 2543
677 11510 523 2554
620 10132 523 2547
675 11114 538 2567
662 11407 556 2556
684 11672 542 2521
722 11604 550 2547
585 10131 547 2544
621 10508 524 2527
634 11002 533 2528
688 11377 529 2552
686 11441 524 2540
742 12642 524 2529
607 9886 524 2533
679 11488 523 2544
720 11755 533 2550
712 12113 523 2544
594 9861 524 2533
692 11513 529 2543
609 10216 524 2546
612 10350 529 2545
610 10127 533 2539
635 10064 536 2549
619 10338 538 2549
668 10638 542 2525
608 10174 547 2537
668 11034 538 2550
689 11089 533 2539
656 11149 524 2546
638 10640 538 2547
682 11814 533 2526
712 11639 523 2576
639 10998 533 2559
679 11035 524 2560
695 11901 538 2547
740 12521 529 2547
641 10995 529 2552
642 10623 533 2533
706 11695 524 2538
655 10968 538 2540
710 12175 547 2546
606 9964 538 2555
713 11616 529 2547
799 13077 533 2535
715 12067 547 2533
673 11008 524 2558
655 11330 523 2538
703 11360 538 2557
650 11039 538 2551
663 10749 523 2541
679 10686 542 2541
677 11031 533 2539
686 11314 538 2552
654 10885 547 2535
739 12478 523 2532
701 11322 529 2554
658 10851 524 2531
634 10659 552 2556
664 10618 547 2529
778 12650 547 2547
625 10479 524 2532
678 11644 561 2555
687 10898 542 2534
616 10097 524 2536
681 11203 533 2526
741 12014 523 2572
700 11400 547 2540
646 10595 523 2545
635 10698 533 2524
740 11809 552 2552
595 9981 538 2547
657 11070 524 2527
628 10228 538 2547
678 11477 523 2559
697 11935 529 2543
705 11617 524 2540
639 10963 538 2547
671 11432 524 2555
674 11057 523 2541
702 11563 524 2533
696 11434 524 2542
669 11196 524 2538
714 11784 533 2543
685 11757 533 2535
635 10593 538 2536
662 10950 523 2543
605 9875 524 2546
689 11644 547 2549
708 11629 547 2549
688 11534 533 2530
717 12081 524 2529
735 12257 523 2545
687 10761 547 2531
704 12173 524 2542
618 10399 524 2542
709 11805 538 2547
690 11773 561 2551
750 13162 533 2548
660 10752 533 2539
