1346 50.7961
544 9167 533 2541
559 9721 524 2548
588 9776 542 2534
580 9852 533 2539
578 9508 542 2536
569 9319 524 2552
564 9636 542 2538
594 10007 524 2544
553 9153 533 2550
574 9499 523 2553
578 9083 523 2559
594 9993 551 2531
581 9660 524 2548
590 9976 523 2551
609 9833 524 2544
612 9407 542 2538
580 9898 551 2535
589 9382 542 2540
595 9905 551 2533
565 9419 524 2557
593 10172 551 2531
567 9488 542 2540
601 9853 524 2546
571 9551 542 2538
583 9310 524 2555
553 9063 523 2560
566 9664 524 2556
573 9958 523 2559
612 10279 560 2530
639 11090 560 2528
558 9241 533 2541
553 9203 524 2577
572 9359 524 2557
550 9215 542 2561
579 9733 524 2548
587 9560 542 2536
556 9566 533 2545
565 9221 533 2554
566 9849 524 2568
597 9660 523 2560
548 9371 545 2577
582 9944 523 2562
554 9527 533 2563
598 10028 524 2546
577 9611 524 2552
574 10000 524 2552
555 9446 533 2561
585 9586 524 2552
578 9884 542 2538
595 10154 523 2551
574 9758 542 2540
598 9925 533 2539
582 9728 542 2538
591 9976 533 2539
556 9384 536 2564
589 10092 533 2539
611 10242 542 2534
607 10009 551 2531
598 9364 523 2591
615 10090 542 2534
600 10029 551 2535
597 10241 551 2535
610 10301 542 2534
692 11600 566 2583
731 12469 545 2587
681 11772 524 2579
639 10950 533 2572
606 10149 557 2611
664 10992 545 2584
635 10956 542 2563
638 11067 547 2559
650 11304 554 2594
726 12170 542 2578
649 10793 557 2566
773 13502 533 2561
706 11473 524 2592
660 10825 524 2580
744 13153 557 2592
653 11216 545 2579
652 11177 542 2542
633 10927 545 2581
663 11536 536 2582
686 11610 545 2579
648 10994 533 2563
691 11917 545 2598
643 11331 542 2549
733 12164 547 2601
702 11806 533 2589
662 11184 533 2574
595 9774 533 2559
705 12012 566 2574
722 11577 533 2548
613 10131 545 2550
707 12250 545 2608
653 10580 557 2582
698 11723 542 2558
694 11855 559 2568
645 11021 551 2535
603 10118 545 2552
669 11614 545 2574
679 11662 557 2588
650 10716 569 2584
675 11487 545 2576
660 11244 566 2592
698 11975 536 2575
593 9989 545 2568
705 11896 545 2586
720 12443 569 2602
683 12161 566 2574
616 10462 536 2573
663 11409 557 2584
743 12904 548 2578
698 12204 554 2559
758 12911 545 2612
678 10982 554 2578
703 12209 551 2564
638 11131 533 2570
752 12915 557 2575
712 12106 533 2574
687 12099 566 2582
760 12582 545 2561
685 11265 554 2572
621 10483 545 2571
663 11303 548 2600
625 10494 545 2581
658 11175 536 2606
723 11476 542 2553
734 12255 566 2581
613 10129 524 2586
694 11244 548 2571
681 11777 536 2569
680 11248 533 2579
676 11601 554 2545
643 11183 533 2582
661 11300 533 2583
688 10887 542 2591
619 10561 533 2590
682 11405 560 2578
697 12115 545 2584
670 11696 545 2579
643 10675 533 2566
678 10854 554 2576
655 10430 554 2550
672 10888 554 2585
670 10688 569 2597
665 10647 575 2567
673 11123 524 2579
764 12375 550 2574
660 10573 524 2566
633 11240 542 2567
637 10802 545 2565
713 12526 577 2547
731 11799 566 2595
715 12321 542 2547
702 11853 557 2577
707 12173 524 2557
656 10657 554 2562
674 11176 533 2573
633 10601 524 2555
661 11428 545 2579
660 11034 566 2570
670 11518 557 2595
731 11864 542 2545
725 11982 533 2554
701 11596 542 2558
655 11312 542 2542
680 11237 554 2591
670 10945 533 2572
656 10913 536 2592
671 11452 533 2586
700 11781 538 2584
689 11722 554 2587
741 12548 562 2600
596 10231 533 2541
707 12140 568 2574
623 10473 542 2583
635 10929 533 2579
630 10703 545 2580
669 11415 559 2579
699 12052 542 2554
609 10543 560 2628
693 12245 557 2608
754 12206 533 2594
681 11755 533 2587
669 11641 545 2586
681 11511 533 2572
731 12537 545 2588
678 11421 533 2590
615 10661 533 2550
627 10220 551 2569
675 11646 566 2576
664 10926 548 2613
792 13851 524 2581
758 13060 554 2574
661 10851 536 2611
625 10614 551 2599
687 11937 566 2583
617 10597 545 2561
743 12130 545 2568
675 11493 545 2579
725 12034 548 2574
692 11636 527 2582
704 12168 554 2623
647 10951 527 2566
698 11104 542 2547
636 10995 545 2579
636 10850 545 2593
618 10517 566 2572
796 13223 568 2603
628 10609 559 2575
624 10238 533 2563
709 12297 524 2592
671 11378 536 2584
706 11680 545 2574
734 12835 524 2595
666 11253 554 2572
664 11066 545 2557
670 11203 545 2612
644 10875 575 2575
748 12122 533 2556
716 12460 554 2579
681 11676 542 2576
678 11783 542 2583
670 11384 542 2547
620 10720 559 2573
701 11895 533 2559
715 11886 554 2585
606 10529 542 2585
680 11669 557 2589
657 10577 547 2580
653 11080 542 2549
725 12147 545 2557
578 9549 557 2564
676 11715 545 2600
756 12641 533 2578
624 10203 542 2551
770 12500 542 2547
666 11493 548 2573
697 12076 569 2585
695 12016 536 2579
711 12211 554 2565
719 12354 554 2567
599 10008 545 2584
706 11854 542 2586
691 11452 548 2606
770 12833 545 2574
650 11050 542 2567
643 11085 545 2575
708 11887 559 2570
662 11121 557 2603
685 11653 545 2586
664 11291 533 2579
736 12748 533 2567
727 12074 545 2588
663 10905 527 2600
644 10839 557 2602
673 11203 542 2576
736 12542 533 2572
633 10986 538 2596
687 12060 533 2565
713 11968 524 2562
642 11067 556 2590
769 12639 533 2559
699 11193 554 2569
647 10859 533 2567
772 13587 554 2589
686 11670 551 2551
626 10708 536 2571
660 11570 578 2606
659 11261 566 2583
669 11106 557 2582
629 11114 545 2564
719 12528 533 2552
659 11217 551 2560
647 11025 554 2598
714 12468 533 2584
682 11460 547 2585
609 10191 524 2550
631 10630 545 2595
699 12211 554 2579
650 10834 542 2562
673 11759 542 2545
647 10885 545 2569
633 10848 557 2572
622 10500 563 2571
640 11220 536 2609
671 11369 545 2555
668 11722 533 2568
686 11798 536 2578
677 10950 545 2589
658 11228 536 2580
673 11526 542 2573
705 11923 554 2585
652 10918 578 2570
650 11424 542 2540
682 11698 533 2566
602 10108 542 2567
711 12207 524 2577
599 9981 542 2560
720 11775 542 2562
