133853 2880.63
709 9277 524 2519
637 7729 587 2484
624 7739 523 2537
623 7786 587 2484
596 7032 547 2534
591 7167 542 2513
658 8074 524 2521
643 8316 524 2526
657 7500 533 2514
649 7540 551 2504
636 7678 524 2528
599 7650 569 2507
602 7537 560 2510
613 7633 569 2494
610 7962 578 2489
615 7428 560 2499
610 7616 533 2514
657 7522 578 2491
647 8205 524 2526
602 7484 578 2507
603 7253 560 2501
605 7382 569 2496
615 7864 542 2509
605 7702 551 2504
626 7781 578 2489
606 7295 551 2508
626 7709 542 2509
613 7438 560 2499
624 7478 578 2493
609 7723 578 2491
614 7666 551 2504
636 7752 587 2484
721 9358 523 2542
668 8338 523 2553
663 8672 523 2549
631 7588 587 2493
624 7865 587 2484
613 7319 578 2507
593 7731 551 2515
711 8772 524 2523
682 7874 542 2511
656 7714 578 2495
620 8293 533 2540
638 7794 529 2544
643 7739 560 2499
601 7378 551 2531
664 7709 545 2521
606 7818 569 2507
609 7855 560 2506
624 7904 536 2526
638 8528 533 2514
625 7661 533 2534
617 7737 569 2494
607 7781 542 2529
622 7826 551 2506
676 8200 524 2525
650 7737 533 2514
626 8096 524 2541
663 7729 542 2518
618 8090 542 2516
628 7997 542 2509
638 7503 560 2501
676 7889 542 2513
632 7915 578 2489
615 7864 551 2504
668 7697 542 2525
610 7462 569 2496
615 7449 551 2522
623 7969 560 2499
647 7942 524 2528
615 7802 578 2491
616 7523 560 2508
622 7544 551 2510
637 7830 542 2527
621 7585 551 2515
614 7336 560 2510
635 7823 578 2489
616 7860 542 2520
648 7926 542 2509
639 7925 533 2514
613 7781 551 2513
614 7462 551 2527
632 7967 533 2523
611 7665 560 2506
635 7738 542 2528
624 7758 560 2499
616 7968 569 2494
638 7961 542 2509
760 10291 523 2551
632 7886 587 2484
625 8173 601 2491
624 7507 601 2501
603 7827 560 2532
737 9443 524 2526
683 7913 560 2499
636 8417 542 2509
652 8171 524 2537
621 7511 578 2498
663 8318 533 2514
634 8130 545 2521
638 8143 533 2523
641 7798 590 2496
637 7782 599 2493
630 8265 542 2518
615 7617 587 2502
640 7793 533 2547
652 7664 569 2496
604 8200 565 2529
641 7874 578 2489
607 7637 551 2531
617 7617 554 2522
683 7885 542 2518
675 7686 560 2501
626 8354 587 2488
667 8056 524 2528
607 7990 569 2511
657 8205 524 2528
649 7611 560 2508
650 8315 524 2548
660 8191 533 2516
620 7889 551 2504
633 7726 560 2506
615 8314 551 2513
642 8020 542 2509
609 7858 560 2510
612 7806 551 2517
618 8111 569 2494
647 7715 560 2501
616 7961 551 2504
628 7911 578 2491
629 7959 587 2490
624 8161 587 2493
640 7897 542 2529
607 8319 551 2517
624 7819 569 2494
632 8029 542 2522
617 7617 560 2510
627 7947 560 2499
639 7941 533 2518
633 7682 569 2501
627 7883 560 2501
713 8084 533 2520
673 8422 524 2528
650 7521 578 2500
643 7871 590 2496
637 8612 542 2509
635 8481 587 2484
619 8124 574 2508
660 8495 533 2523
666 8341 533 2514
630 7795 556 2527
627 7622 578 2507
651 8367 542 2509
671 8308 587 2484
624 7909 569 2496
656 7964 578 2493
641 7714 569 2502
629 7927 551 2512
653 7810 569 2501
656 8076 551 2504
626 7872 587 2504
648 8052 560 2499
641 8230 587 2486
631 7623 578 2498
638 8215 542 2524
623 7993 560 2508
632 8228 578 2491
629 8608 551 2504
649 8020 542 2522
635 7947 569 2494
650 8193 587 2488
649 7991 578 2489
648 7925 551 2510
639 8034 560 2503
644 8171 542 2511
629 8128 578 2493
632 8163 560 2499
641 8405 587 2484
644 7994 551 2511
631 8060 560 2501
634 8038 560 2501
625 7809 560 2512
625 7886 569 2496
650 8318 587 2484
630 8171 551 2504
755 8224 587 2488
695 8657 527 2551
675 8701 533 2516
646 8425 587 2484
643 7943 572 2515
624 7959 569 2511
714 8183 533 2530
743 8448 533 2514
657 8288 545 2521
638 8285 542 2527
669 8073 560 2499
636 8052 551 2520
632 8505 578 2491
650 8103 578 2491
650 8145 560 2499
679 8185 551 2506
628 7984 569 2498
654 8532 542 2511
688 8650 533 2514
683 8518 542 2509
686 8360 533 2527
638 7952 569 2494
659 8097 560 2503
704 8384 587 2484
702 8378 587 2486
670 8376 542 2518
678 8234 542 2515
643 8194 551 2504
651 8087 551 2513
687 8692 533 2514
726 9183 533 2516
677 8736 533 2518
673 9137 587 2484
669 8393 542 2536
661 7961 569 2503
639 8401 578 2498
699 8403 578 2491
647 8264 551 2504
686 8551 533 2532
685 8789 542 2509
657 8595 542 2511
682 8018 569 2494
642 8081 569 2494
658 8154 560 2501
684 8162 560 2499
662 8632 560 2499
678 8278 578 2493
655 8039 569 2494
673 8364 560 2499
772 9590 542 2509
717 10006 578 2491
710 8726 587 2491
687 8856 533 2527
683 9431 533 2525
677 8036 578 2507
646 9004 569 2503
719 8918 545 2523
658 8577 560 2501
702 9276 578 2493
678 8504 560 2499
674 8925 542 2518
705 9320 533 2523
666 8085 569 2516
673 8724 551 2504
686 8096 574 2508
647 8249 569 2496
681 8387 551 2508
661 8395 560 2521
686 8353 569 2494
656 8428 569 2494
670 8355 560 2506
686 8237 578 2500
665 8378 560 2503
758 9464 560 2499
746 8872 533 2535
673 8346 569 2496
666 8537 569 2494
653 8543 569 2501
725 9093 551 2504
708 9034 542 2527
698 9082 542 2518
680 8551 560 2524
677 8936 551 2506
694 8404 551 2513
692 8735 560 2510
680 8749 551 2508
691 8500 551 2524
720 8539 560 2501
808 9708 542 2518
746 9411 542 2522
734 8397 569 2512
726 9589 542 2522
668 8580 581 2501
667 8615 569 2494
750 8542 560 2501
707 9067 560 2506
695 8415 578 2509
706 9157 560 2508
704 8582 551 2513
696 9086 551 2510
680 8547 569 2503
700 8532 569 2507
806 10609 560 2508
755 9450 542 2529
696 8611 569 2505
683 8812 592 2498
724 9270 578 2500
706 8845 551 2519
731 9070 560 2510
713 8989 551 2513
708 8682 569 2501
762 9383 572 2508
742 9473 551 2513
725 8903 574 2508
709 9107 551 2522
