1371 86.5534
587 8333 587 2484
587 8333 587 2484
538 7893 533 2514
524 8104 523 2528
523 8117 523 2524
578 8225 578 2489
578 8225 578 2489
569 8131 569 2494
560 8035 560 2499
542 7896 542 2509
560 8035 560 2499
569 8131 569 2494
551 7948 551 2504
551 7948 551 2504
533 8014 533 2514
542 7896 542 2509
538 7893 533 2514
526 7958 524 2519
526 7971 523 2524
524 8104 523 2528
524 7996 524 2519
535 7938 533 2514
535 7938 533 2514
533 8014 533 2514
526 7958 524 2519
524 8108 523 2524
523 8117 523 2524
534 8003 533 2514
534 8003 533 2514
526 7971 523 2524
524 7996 524 2519
524 8108 523 2524
587 8333 587 2484
587 8333 587 2484
587 8333 587 2484
587 8333 587 2484
587 8333 587 2484
587 8333 587 2484
587 8333 587 2484
587 8333 587 2484
587 8333 587 2484
587 8333 587 2484
587 8333 587 2484
587 8333 587 2484
587 8333 587 2484
587 8333 587 2484
587 8333 587 2484
587 8333 587 2484
587 8333 587 2484
587 8333 587 2484
587 8333 587 2484
587 8333 587 2484
587 8333 587 2484
587 8333 587 2484
587 8333 587 2484
587 8333 587 2484
587 8333 587 2484
587 8333 587 2484
587 8333 587 2484
587 8333 587 2484
587 8333 587 2484
587 8333 587 2484
587 8333 587 2484
587 8333 587 2484
587 8333 587 2484
587 8333 587 2484
587 8333 587 2484
587 8333 587 2484
587 8333 587 2484
587 8333 587 2484
587 8333 587 2484
587 8333 587 2484
587 8333 587 2484
587 8333 587 2484
587 8333 587 2484
587 8333 587 2484
587 8333 587 2484
587 8333 587 2484
587 8333 587 2484
587 8333 587 2484
587 8333 587 2484
587 8333 587 2484
587 8333 587 2484
587 8333 587 2484
587 8333 587 2484
587 8333 587 2484
587 8333 587 2484
587 8333 587 2484
587 8333 587 2484
587 8333 587 2484
587 8333 587 2484
587 8333 587 2484
587 8333 587 2484
587 8333 587 2484
587 8333 587 2484
587 8333 587 2484
587 8333 587 2484
587 8333 587 2484
587 8333 587 2484
587 8333 587 2484
587 8333 587 2484
587 8333 587 2484
587 8333 587 2484
587 8333 587 2484
587 8333 587 2484
587 8333 587 2484
587 8333 587 2484
587 8333 587 2484
587 8333 587 2484
587 8333 587 2484
587 8333 587 2484
587 8333 587 2484
587 8333 587 2484
587 8333 587 2484
587 8333 587 2484
587 8333 587 2484
587 8333 587 2484
587 8333 587 2484
587 8333 587 2484
560 8035 560 2499
587 8341 587 2484
587 8341 587 2484
569 8214 569 2494
564 8318 551 2504
561 8263 560 2499
578 8250 578 2489
587 8342 587 2484
579 8440 560 2499
576 8411 551 2504
573 8220 569 2494
569 8255 569 2494
578 8253 578 2489
572 8225 569 2494
587 8343 587 2484
587 8343 587 2484
578 8273 578 2489
576 8355 569 2494
578 8273 578 2489
587 8345 587 2484
578 8280 578 2489
577 8454 569 2498
584 8445 569 2494
597 8462 569 2494
593 8534 569 2494
587 8348 587 2484
578 8294 578 2489
612 8531 569 2494
600 8780 569 2494
587 8353 587 2484
578 8300 578 2489
587 8357 587 2484
587 8357 587 2484
583 8304 578 2489
578 8306 578 2489
587 8362 587 2484
578 8308 578 2489
587 8373 587 2484
587 8373 587 2484
585 8316 578 2489
578 8328 578 2489
587 8362 587 2486
587 8374 587 2484
578 8331 578 2489
587 8375 587 2484
578 8333 578 2489
592 8380 587 2484
587 8381 587 2484
578 8348 578 2493
578 8349 578 2489
587 8382 587 2484
578 8364 578 2489
587 8383 587 2484
579 8376 578 2489
578 8379 578 2489
587 8384 587 2484
578 8380 578 2489
587 8385 587 2484
583 8387 578 2489
578 8396 578 2489
587 8393 578 2489
587 8387 587 2484
578 8398 578 2489
587 8388 587 2484
578 8403 578 2489
587 8389 587 2484
578 8408 578 2489
592 8389 587 2484
589 8426 578 2489
587 8395 587 2484
578 8490 578 2489
582 8465 578 2489
587 8428 578 2489
595 8452 578 2489
587 8396 587 2484
578 8714 578 2496
584 8516 578 2489
587 8453 578 2489
601 8490 578 2489
595 8509 578 2493
587 8397 587 2484
584 8541 578 2489
587 8510 578 2489
594 8402 587 2484
587 8523 578 2489
587 8403 587 2484
591 8532 578 2489
587 8538 578 2489
587 8405 587 2484
587 8405 587 2484
591 8544 578 2493
587 8545 578 2489
587 8407 587 2484
587 8407 587 2484
594 8581 578 2489
587 8583 578 2489
587 8410 587 2484
587 8410 587 2484
605 8581 578 2489
592 8415 587 2486
588 8607 578 2489
587 8422 587 2484
603 8583 578 2489
610 8618 578 2489
591 8651 578 2489
587 8423 587 2484
610 8676 578 2489
597 8679 578 2489
587 8424 587 2484
587 8428 587 2484
587 8428 587 2484
587 8428 587 2484
587 8430 587 2484
594 8436 587 2484
587 8437 587 2484
604 8437 587 2484
587 8440 587 2484
587 8441 587 2484
587 8443 587 2484
587 8445 587 2484
592 8445 587 2484
587 8446 587 2484
587 8448 587 2484
587 8452 587 2484
604 8455 587 2484
587 8466 587 2484
587 8472 587 2484
594 8472 587 2484
587 8474 587 2484
587 8475 587 2484
587 8475 587 2484
587 8476 587 2484
587 8477 587 2484
594 8485 587 2484
587 8487 587 2484
587 8489 587 2484
623 8492 587 2484
594 8494 587 2484
593 8497 587 2484
587 8498 587 2484
587 8502 587 2484
599 8505 587 2484
587 8511 587 2484
587 8513 587 2484
588 8514 587 2484
587 8516 587 2484
587 8520 587 2484
604 8520 587 2484
588 8521 587 2484
587 8526 587 2484
587 8527 587 2484
594 8532 587 2484
587 8547 587 2484
587 8560 587 2484
587 8588 587 2484
591 8594 587 2484
588 8603 587 2484
587 8635 587 2484
587 8589 587 2488
596 8619 587 2484
594 8620 587 2484
587 8638 587 2484
596 8622 587 2484
594 8645 587 2484
587 8651 587 2484
635 8625 587 2484
603 8664 587 2484
602 8673 587 2484
587 8678 587 2484
626 8672 587 2484
596 8684 587 2484
595 8774 587 2484
620 8695 587 2484
596 8704 587 2484
606 8757 587 2484
600 8765 587 2484
600 8774 587 2484
631 8823 587 2484
606 8889 587 2484
605 8792 587 2491
618 9175 587 2484
587 8333 587 2484
587 8333 587 2484
548 7875 542 2509
524 8104 523 2528
523 8117 523 2524
578 8235 578 2489
569 8131 569 2494
578 8235 578 2489
560 8024 560 2499
569 8131 569 2494
551 7924 551 2504
560 8024 560 2499
533 8014 533 2514
538 7893 533 2514
551 7924 551 2504
542 7890 542 2509
548 7875 542 2509
526 7958 524 2519
526 7971 523 2524
524 8104 523 2528
524 7996 524 2519
542 7890 542 2509
535 7938 533 2514
526 7958 524 2519
538 7893 533 2514
524 8108 523 2524
535 7938 533 2514
523 8117 523 2524
534 8003 533 2514
533 8014 533 2514
534 8003 533 2514
526 7971 523 2524
524 7996 524 2519
524 8108 523 2524
587 8333 587 2484
587 8333 587 2484
587 8333 587 2484
587 8333 587 2484
587 8333 587 2484
587 8333 587 2484
587 8333 587 2484
587 8333 587 2484
587 8333 587 2484
587 8333 587 2484
587 8333 587 2484
587 8333 587 2484
587 8333 587 2484
587 8333 587 2484
587 8333 587 2484
587 8333 587 2484
587 8333 587 2484
587 8333 587 2484
587 8333 587 2484
587 8333 587 2484
587 8333 587 2484
587 8333 587 2484
587 8333 587 2484
587 8333 587 2484
587 8333 587 2484
587 8333 587 2484
587 8333 587 2484
587 8333 587 2484
587 8333 587 2484
587 8333 587 2484
587 8333 587 2484
587 8333 587 2484
587 8333 587 2484
587 8333 587 2484
587 8333 587 2484
587 8333 587 2484
587 8333 587 2484
587 8333 587 2484
587 8333 587 2484
587 8333 587 2484
587 8333 587 2484
587 8333 587 2484
587 8333 587 2484
587 8333 587 2484
587 8333 587 2484
587 8333 587 2484
587 8333 587 2484
587 8333 587 2484
587 8333 587 2484
587 8333 587 2484
587 8333 587 2484
587 8333 587 2484
587 8333 587 2484
587 8333 587 2484
587 8333 587 2484
587 8333 587 2484
587 8333 587 2484
587 8333 587 2484
587 8333 587 2484
587 8333 587 2484
587 8333 587 2484
587 8333 587 2484
587 8333 587 2484
587 8333 587 2484
587 8333 587 2484
587 8333 587 2484
587 8333 587 2484
587 8333 587 2484
587 8333 587 2484
587 8333 587 2484
587 8333 587 2484
587 8333 587 2484
587 8333 587 2484
587 8333 587 2484
587 8333 587 2484
587 8333 587 2484
587 8333 587 2484
587 8340 587 2484
553 7998 551 2504
552 8059 542 2509
578 8248 578 2489
569 8184 569 2494
560 8110 560 2499
588 8257 542 2509
587 8343 587 2484
567 8093 551 2504
560 8149 560 2499
578 8253 578 2489
576 8190 569 2494
569 8197 569 2494
561 8149 551 2504
569 8111 560 2499
565 8122 551 2504
587 8352 587 2484
570 8144 551 2504
565 8168 551 2504
563 8218 560 2499
578 8255 578 2489
569 8272 569 2494
587 8353 587 2484
581 8157 551 2504
578 8185 551 2504
573 8364 569 2494
563 8301 560 2499
578 8257 578 2489
575 8223 560 2499
581 8283 569 2494
578 8285 569 2494
602 8353 551 2504
587 8354 587 2484
585 8561 551 2504
578 8266 578 2489
576 8561 569 2494
578 8400 560 2499
581 8316 569 2494
579 8316 560 2499
579 8336 569 2494
595 8346 569 2494
587 8361 587 2484
581 8411 560 2499
579 8524 569 2494
578 8273 578 2489
581 8412 569 2494
584 8387 569 2494
587 8362 587 2484
587 8362 587 2484
586 8510 560 2499
578 8282 578 2489
585 8506 569 2494
596 8511 569 2494
589 8525 560 2499
588 8587 569 2494
587 8365 587 2484
578 8285 578 2491
578 8288 578 2489
589 8580 569 2494
608 8568 569 2494
600 8644 569 2494
592 8575 560 2499
587 8367 587 2484
587 8367 587 2484
578 8291 578 2489
599 8838 560 2499
587 8368 587 2484
578 8297 578 2489
587 8369 587 2484
580 8300 578 2489
578 8324 578 2489
587 8372 587 2484
581 8324 578 2489
578 8325 578 2489
616 8372 587 2484
587 8375 587 2484
578 8333 578 2489
595 8348 578 2489
587 8376 587 2484
578 8360 578 2489
587 8350 578 2489
588 8357 578 2489
587 8378 587 2484
587 8378 587 2484
578 8372 578 2489
589 8365 578 2489
587 8380 587 2484
578 8378 578 2489
588 8366 578 2489
587 8391 587 2484
583 8380 578 2489
578 8382 578 2489
591 8406 587 2484
589 8388 578 2489
587 8407 587 2484
578 8430 578 2489
581 8401 578 2489
587 8410 587 2484
583 8407 578 2489
578 8451 578 2489
624 8409 578 2489
594 8410 587 2484
587 8417 587 2484
587 8417 587 2484
583 8413 578 2489
592 8457 578 2489
587 8419 587 2484
583 8521 578 2489
584 8491 578 2489
589 8459 578 2489
587 8421 587 2484
586 8560 578 2489
600 8563 578 2489
587 8424 587 2484
586 8619 578 2489
592 8573 578 2489
608 8573 578 2489
596 8580 578 2489
587 8427 587 2484
608 8654 578 2489
602 8757 578 2489
602 8721 578 2496
587 8428 587 2484
603 8759 578 2489
587 8431 587 2484
606 8802 578 2489
587 8433 587 2484
612 8831 578 2489
587 8437 587 2484
604 8437 587 2484
587 8438 587 2484
587 8439 587 2484
595 8440 587 2484
587 8442 587 2484
587 8444 587 2484
587 8444 587 2484
587 8447 587 2484
587 8449 587 2484
587 8452 587 2484
587 8459 587 2484
616 8459 587 2484
587 8462 587 2484
604 8466 587 2484
592 8467 587 2484
587 8468 587 2484
589 8469 587 2484
588 8475 587 2484
587 8476 587 2484
594 8473 587 2484
591 8482 587 2484
587 8483 587 2484
604 8476 587 2484
592 8491 587 2484
591 8484 587 2488
588 8535 587 2484
587 8540 587 2484
592 8499 587 2484
587 8544 587 2484
592 8500 587 2484
588 8546 587 2484
587 8554 587 2484
592 8526 587 2484
588 8554 587 2484
587 8577 587 2484
604 8551 587 2484
592 8552 587 2484
591 8608 587 2484
587 8611 587 2484
592 8588 587 2484
591 8618 587 2484
590 8621 587 2484
589 8638 587 2484
588 8639 587 2491
621 8601 587 2486
613 8616 587 2484
594 8617 587 2484
591 8634 587 2484
594 8620 587 2484
595 8632 587 2484
597 8650 587 2484
598 8700 587 2484
600 8708 587 2484
599 8751 587 2484
605 8718 587 2484
605 8711 587 2491
602 8736 587 2484
626 8740 587 2484
605 8782 587 2484
605 8842 587 2484
587 8333 587 2484
587 8333 587 2484
548 7866 542 2509
524 8104 523 2528
523 8117 523 2524
578 8205 578 2489
578 8205 578 2489
569 8095 569 2494
551 7902 551 2504
560 7989 560 2499
569 8095 569 2494
560 7989 560 2499
533 8014 533 2514
542 7875 542 2509
538 7893 533 2514
551 7902 551 2504
548 7866 542 2509
526 7958 524 2519
526 7971 523 2524
523 8117 523 2524
533 8014 533 2514
524 7996 524 2519
542 7875 542 2509
524 8104 523 2528
535 7938 533 2514
535 7938 533 2514
538 7893 533 2514
526 7958 524 2519
524 8108 523 2524
534 8003 533 2514
534 8003 533 2514
526 7971 523 2524
524 7996 524 2519
524 8108 523 2524
578 8205 578 2489
569 8095 569 2494
569 8095 569 2494
569 8095 569 2494
569 8095 569 2494
569 8095 569 2494
569 8095 569 2494
569 8095 569 2494
569 8095 569 2494
569 8095 569 2494
569 8095 569 2494
569 8095 569 2494
569 8095 569 2494
569 8095 569 2494
569 8095 569 2494
569 8095 569 2494
569 8095 569 2494
569 8095 569 2494
569 8095 569 2494
569 8095 569 2494
569 8095 569 2494
569 8095 569 2494
569 8095 569 2494
569 8095 569 2494
569 8095 569 2494
569 8095 569 2494
569 8095 569 2494
569 8095 569 2494
569 8095 569 2494
569 8095 569 2494
569 8095 569 2494
569 8095 569 2494
569 8095 569 2494
569 8095 569 2494
569 8095 569 2494
569 8095 569 2494
569 8095 569 2494
569 8095 569 2494
551 7902 551 2504
551 7902 551 2504
551 7902 551 2504
551 7902 551 2504
551 7902 551 2504
551 7902 551 2504
551 7902 551 2504
551 7902 551 2504
551 7902 551 2504
551 7902 551 2504
551 7902 551 2504
551 7902 551 2504
551 7902 551 2504
551 7902 551 2504
551 7902 551 2504
551 7902 551 2504
551 7902 551 2504
551 7902 551 2504
551 7902 551 2504
551 7902 551 2504
551 7902 551 2504
551 7902 551 2504
587 8406 587 2484
568 8013 560 2499
566 8338 542 2509
555 8045 551 2504
578 8232 578 2489
569 8098 569 2494
560 8099 560 2499
567 8033 551 2504
567 8069 560 2499
587 8412 587 2484
575 8060 560 2499
556 8083 551 2504
578 8256 578 2489
560 8117 560 2499
569 8196 569 2494
573 8116 569 2494
567 8089 560 2499
571 8165 569 2494
587 8421 587 2484
567 8208 551 2504
567 8106 560 2499
560 8131 560 2499
578 8280 578 2489
575 8185 569 2494
569 8200 569 2494
587 8438 587 2484
572 8136 560 2499
568 8218 551 2504
560 8148 560 2499
586 8295 578 2489
578 8325 578 2489
577 8185 569 2494
569 8202 569 2494
579 8313 578 2489
593 8224 551 2504
587 8443 587 2484
568 8249 551 2504
560 8150 560 2499
578 8331 578 2489
576 8202 569 2494
569 8203 569 2494
587 8519 587 2484
573 8402 551 2504
568 8553 551 2504
560 8163 560 2499
579 8337 578 2489
569 8269 569 2494
572 8204 569 2494
578 8356 578 2489
589 8524 587 2484
587 8594 587 2484
580 8453 551 2504
565 8187 560 2499
560 8223 560 2499
578 8357 578 2489
569 8278 569 2494
588 8213 569 2494
575 8222 569 2494
563 8206 560 2499
580 8221 569 2494
614 8610 587 2484
605 8496 551 2504
599 8666 587 2484
581 8592 551 2504
568 8187 560 2499
567 8218 560 2499
578 8366 578 2489
569 8400 569 2494
577 8226 569 2494
574 8284 569 2494
572 8337 569 2494
573 8332 569 2494
636 8622 587 2484
601 8908 587 2484
594 8607 551 2504
577 8193 560 2499
567 8322 560 2499
627 8828 587 2484
569 8410 569 2494
583 8369 578 2489
580 8238 569 2494
578 8370 578 2489
572 8267 560 2499
575 8334 569 2494
574 8227 560 2499
577 8307 569 2494
572 8377 569 2494
610 8652 551 2504
608 9058 587 2484
600 8897 551 2504
579 8234 560 2499
569 8417 569 2494
608 8262 569 2494
570 8364 560 2499
578 8403 578 2489
579 8386 578 2489
590 8271 569 2494
580 8282 569 2494
575 8255 560 2499
577 8336 569 2494
572 8382 569 2494
578 8307 569 2494
572 8272 560 2499
627 9341 587 2484
624 9179 551 2504
578 8330 560 2499
576 8518 569 2494
592 8338 569 2494
583 8403 578 2489
577 8465 560 2499
578 8413 578 2489
580 8357 569 2494
583 8403 578 2489
578 8376 569 2494
631 9476 587 2484
580 8354 560 2499
578 8439 578 2489
579 8524 569 2494
598 8405 578 2489
592 8372 569 2494
589 8396 569 2494
584 8422 578 2489
582 8469 569 2494
583 8438 578 2489
614 8445 578 2489
588 8377 560 2499
580 8536 569 2494
580 8505 560 2499
578 8457 578 2489
594 8413 569 2494
585 8378 560 2499
585 8507 569 2494
603 8413 569 2494
589 8463 560 2499
586 8550 560 2499
580 8572 569 2494
578 8458 578 2489
598 8447 569 2494
593 8552 569 2494
603 8483 560 2499
603 8427 569 2494
588 8742 560 2499
583 8466 578 2489
578 8482 578 2489
582 8584 569 2494
591 8572 569 2494
589 8655 560 2499
600 8476 569 2494
607 8500 569 2494
592 8680 560 2499
578 8499 578 2489
584 8615 569 2494
603 8562 569 2494
605 8514 569 2494
611 8583 569 2494
595 8769 569 2494
592 8742 560 2499
578 8501 578 2489
596 8664 569 2494
610 8779 560 2499
604 8501 578 2489
602 8773 560 2506
599 8845 569 2494
599 8783 560 2499
581 8553 578 2489
606 8804 569 2494
587 8510 578 2489
582 8533 578 2489
603 8840 569 2494
605 8783 560 2499
601 9012 569 2494
589 8515 578 2489
583 8560 578 2489
583 8548 578 2496
643 9096 569 2494
638 9351 569 2494
622 9066 560 2499
607 8516 578 2489
583 8566 578 2489
590 8546 578 2489
604 8522 578 2489
650 9401 569 2494
643 9825 569 2494
630 9526 560 2499
590 8570 578 2489
587 8612 578 2489
589 8602 578 2489
597 8606 578 2489
590 8607 578 2489
589 8633 578 2489
591 8609 578 2489
612 8618 578 2489
596 8647 578 2489
593 8864 578 2489
607 8659 578 2489
597 8664 578 2489
609 8682 578 2493
599 8716 578 2489
597 8777 578 2489
615 8732 578 2489
603 8852 578 2489
600 8904 578 2489
616 8784 578 2489
608 8939 578 2489
607 8949 578 2489
638 9250 578 2489
