1918 60.0411
551 8969 524 2564
559 9002 524 2553
548 9357 524 2580
568 9279 524 2542
620 10014 533 2533
562 9384 524 2544
615 10175 542 2530
610 10265 551 2527
587 9187 533 2546
579 9332 523 2549
574 9411 533 2539
594 9681 542 2532
547 9021 524 2617
636 10791 524 2538
601 9596 542 2532
562 9305 523 2593
614 10071 524 2540
601 10079 533 2535
558 9677 524 2553
566 9621 533 2541
614 10074 523 2543
584 9533 533 2537
570 9262 523 2580
547 9139 538 2613
562 9641 556 2539
579 9802 533 2537
589 9733 542 2536
564 9356 542 2543
616 10165 551 2529
631 9950 533 2535
639 9999 524 2540
608 10356 551 2529
563 9286 524 2551
581 9614 533 2537
558 9471 533 2559
600 9653 523 2547
571 9460 523 2578
575 9805 523 2574
596 9944 523 2547
577 9455 523 2575
629 10612 560 2524
599 9772 523 2547
591 9157 523 2631
694 11503 551 2525
575 9495 524 2542
551 9336 524 2564
564 9478 524 2553
590 9412 524 2542
580 9122 524 2556
586 9337 523 2558
632 9807 523 2551
569 9233 524 2555
594 9095 524 2562
640 10544 524 2540
590 9584 523 2556
602 9358 524 2551
561 9131 524 2569
573 9187 524 2558
585 9381 524 2551
575 9430 524 2551
579 9888 523 2569
571 8981 524 2571
687 10782 533 2535
677 11223 533 2573
670 10459 523 2573
685 11063 542 2557
712 11110 524 2562
641 10792 524 2582
667 11156 524 2564
659 10921 524 2568
594 9492 524 2546
603 9902 523 2573
795 12768 524 2557
644 10393 533 2568
652 10243 524 2560
674 10789 524 2562
734 12490 524 2551
618 10193 533 2559
661 11222 524 2564
661 11045 524 2560
712 11868 524 2602
659 11022 524 2553
694 11697 524 2553
708 11915 524 2583
705 11075 533 2561
650 10315 524 2573
677 11121 533 2564
626 9995 524 2555
671 10699 524 2573
655 10669 523 2571
670 10573 524 2558
682 11209 524 2559
659 10407 533 2572
652 10821 524 2578
580 9542 524 2549
653 10392 524 2571
668 11040 524 2573
690 11063 524 2555
606 9965 524 2573
645 9981 524 2573
607 10035 524 2555
628 10287 524 2573
679 11214 524 2558
611 9821 523 2572
625 10145 524 2553
673 11041 524 2551
641 10568 533 2566
662 10588 533 2561
678 11155 524 2551
665 10763 533 2568
647 10177 524 2551
625 10029 524 2571
650 10666 524 2567
705 11440 524 2567
656 10634 524 2560
616 10108 524 2556
645 10668 524 2560
735 12243 523 2580
675 10624 533 2570
585 9809 533 2555
641 10613 524 2573
586 9673 524 2560
745 11603 524 2571
685 10984 524 2573
641 10122 524 2569
678 11093 524 2562
670 10571 524 2560
688 10722 533 2581
634 10600 524 2570
634 10291 524 2567
685 11580 523 2551
633 10407 524 2560
639 10686 524 2553
628 10464 533 2537
746 11900 533 2566
612 9967 524 2576
725 12371 523 2580
649 10373 524 2555
705 11550 524 2558
716 11957 524 2576
611 10216 524 2562
703 10863 524 2565
703 11050 524 2561
629 10392 524 2562
670 11278 524 2559
670 10788 523 2578
625 10056 524 2560
657 10765 523 2561
692 10942 524 2556
639 10479 524 2557
615 10384 524 2569
663 10652 524 2562
638 10586 524 2566
646 10766 524 2566
676 11163 524 2571
650 11073 533 2544
646 10408 524 2553
608 9936 533 2557
633 9993 533 2557
659 10867 523 2551
649 11041 523 2561
666 10813 524 2562
710 11012 524 2578
712 11630 524 2558
649 10173 533 2568
733 11684 524 2560
739 12463 523 2563
649 10294 533 2553
708 11398 524 2556
683 11289 524 2553
671 10951 533 2566
641 10227 524 2579
660 10207 524 2545
697 11059 533 2560
651 10415 523 2567
613 9842 524 2564
620 10040 524 2580
673 11009 524 2564
650 10414 533 2561
712 11648 524 2564
634 10565 524 2558
620 10358 533 2541
706 12007 523 2578
686 11071 533 2568
626 10258 523 2565
628 9948 524 2564
625 10096 524 2566
659 10389 524 2571
661 11290 524 2581
663 11033 524 2595
683 11090 524 2566
594 9517 524 2557
626 10635 524 2560
701 11390 524 2578
753 12921 533 2556
623 10316 523 2574
667 10925 524 2564
677 11288 524 2571
640 10346 533 2559
659 10728 524 2567
644 10614 524 2556
684 11300 524 2574
659 10899 533 2559
685 10989 524 2561
690 10925 533 2550
641 10515 524 2566
670 11016 524 2562
611 9996 524 2559
604 10243 523 2571
641 10557 524 2562
630 10303 533 2587
646 11043 523 2592
660 10577 524 2562
621 10539 524 2567
712 11239 524 2591
701 11702 524 2564
629 10574 533 2573
742 12576 524 2577
629 10090 523 2571
650 10540 524 2557
649 10722 533 2552
659 11035 533 2550
717 11380 524 2560
744 12481 533 2568
697 10988 524 2571
652 11065 533 2552
645 10424 524 2573
638 10276 524 2573
666 10493 524 2555
713 11419 524 2571
638 10639 524 2549
679 10777 533 2542
701 11716 524 2562
634 10453 533 2550
682 11562 524 2570
654 10681 524 2551
680 10871 533 2557
642 10557 524 2571
620 9726 524 2558
723 11950 523 2581
674 10828 533 2570
691 11124 524 2549
637 9777 533 2562
693 11293 524 2576
619 10278 533 2537
627 10516 524 2555
605 9854 533 2557
645 10058 542 2555
615 10132 524 2566
673 10869 524 2553
639 10723 524 2601
622 10542 524 2560
603 10226 524 2560
633 10180 524 2558
636 10314 524 2557
648 10766 523 2558
717 11563 533 2544
757 11804 524 2549
682 10979 524 2560
739 11973 524 2555
620 10491 524 2555
658 10447 524 2560
710 11522 524 2571
738 12248 524 2551
664 10501 524 2579
650 10868 524 2553
686 10638 524 2580
752 11782 524 2560
642 10320 523 2569
689 10885 523 2567
689 10980 524 2562
634 10552 533 2580
711 11945 524 2564
680 11002 524 2560
662 10413 523 2558
642 9950 524 2569
623 10104 524 2547
678 11025 533 2550
627 10413 524 2561
617 10194 533 2559
716 11901 524 2560
812 13739 533 2559
635 10488 524 2571
639 10524 524 2583
607 10231 533 2544
656 10356 524 2542
681 11319 524 2555
645 11101 524 2547
689 11154 524 2549
717 11335 524 2569
657 11091 524 2600
683 10823 524 2577
626 10177 533 2585
675 11018 524 2564
735 12000 524 2562
600 9845 523 2560
621 10097 524 2557
610 10046 542 2552
761 12222 524 2582
655 10746 533 2553
