65203 2820.91
532 7168 523 2530
587 8214 587 2484
523 7185 523 2530
523 7185 523 2530
531 7169 523 2530
587 8214 587 2484
560 7471 560 2499
560 7471 560 2499
578 7874 578 2489
569 7833 569 2494
569 7833 569 2494
578 7874 578 2489
551 7339 551 2504
547 7215 542 2511
544 7276 542 2509
578 7874 578 2489
569 7833 569 2494
552 7304 551 2508
551 7305 551 2508
533 7243 533 2516
552 7309 551 2506
530 7202 524 2525
536 7234 533 2514
578 7874 578 2489
560 7471 560 2499
569 7833 569 2494
569 7833 569 2494
578 7874 578 2489
560 7471 560 2499
529 7218 524 2521
524 7225 524 2521
552 7338 551 2504
538 7182 533 2518
542 7231 542 2511
547 7210 542 2513
551 7305 551 2508
532 7180 523 2526
524 7250 524 2519
535 7221 533 2516
552 7309 551 2506
537 7192 533 2516
530 7205 524 2523
547 7215 542 2511
523 7188 523 2528
532 7198 524 2521
535 7258 533 2514
529 7218 524 2521
547 7210 542 2513
551 7305 551 2508
531 7172 523 2528
523 7185 523 2530
552 7309 551 2506
537 7187 533 2518
536 7234 533 2514
551 7310 551 2506
537 7227 524 2519
533 7243 533 2516
523 7271 523 2524
544 7276 542 2509
542 7231 542 2511
545 7212 542 2513
547 7215 542 2511
545 7254 542 2509
531 7200 524 2523
531 7172 523 2528
531 7197 524 2525
533 7238 533 2518
530 7202 524 2525
536 7234 533 2514
524 7196 523 2526
545 7212 542 2513
523 7271 523 2524
544 7276 542 2509
542 7283 542 2509
529 7206 524 2525
537 7229 533 2514
545 7212 542 2513
530 7202 524 2525
524 7225 524 2521
532 7171 523 2528
531 7172 523 2528
536 7232 524 2519
524 7216 524 2523
531 7181 523 2526
530 7214 524 2521
538 7182 533 2518
523 7188 523 2528
535 7221 533 2516
532 7171 523 2528
533 7243 533 2516
536 7234 533 2514
552 7309 551 2506
542 7283 542 2509
523 7271 523 2524
533 7278 533 2514
537 7192 533 2516
535 7258 533 2514
533 7238 533 2518
524 7225 524 2521
529 7239 524 2519
524 7196 523 2526
536 7234 533 2514
529 7209 524 2523
529 7218 524 2521
535 7221 533 2516
532 7189 524 2523
530 7202 524 2525
547 7252 542 2509
545 7254 542 2509
537 7227 524 2519
536 7234 533 2514
531 7200 524 2523
533 7278 533 2514
536 7232 524 2519
547 7210 542 2513
532 7198 524 2521
547 7252 542 2509
537 7229 533 2514
524 7250 524 2519
524 7184 523 2530
551 7305 551 2508
524 7216 524 2523
532 7189 524 2523
545 7217 542 2511
532 7171 523 2528
530 7205 524 2523
529 7218 524 2521
524 7213 524 2525
532 7168 523 2530
524 7213 524 2525
532 7186 524 2525
547 7215 542 2511
545 7217 542 2511
523 7197 523 2526
552 7338 551 2504
532 7186 524 2525
530 7214 524 2521
524 7187 523 2528
523 7185 523 2530
524 7184 523 2530
551 7310 551 2506
529 7239 524 2519
529 7206 524 2525
531 7181 523 2526
552 7309 551 2506
538 7187 533 2516
552 7304 551 2508
532 7180 523 2526
529 7209 524 2523
524 7196 523 2526
531 7169 523 2530
551 7339 551 2504
532 7171 523 2528
532 7189 524 2523
524 7196 523 2526
552 7304 551 2508
547 7252 542 2509
529 7218 524 2521
560 7471 560 2499
547 7215 542 2511
530 7202 524 2525
531 7169 523 2530
578 7874 578 2489
524 7187 523 2528
524 7187 523 2528
523 7185 523 2530
530 7205 524 2523
578 7874 578 2489
530 7214 524 2521
547 7210 542 2513
523 7185 523 2530
547 7215 542 2511
569 7833 569 2494
552 7309 551 2506
530 7214 524 2521
545 7217 542 2511
532 7189 524 2523
552 7309 551 2506
551 7305 551 2508
547 7210 542 2513
530 7205 524 2523
524 7196 523 2526
524 7196 523 2526
547 7215 542 2511
530 7205 524 2523
545 7217 542 2511
569 7833 569 2494
552 7304 551 2508
569 7833 569 2494
524 7187 523 2528
545 7212 542 2513
532 7168 523 2530
552 7309 551 2506
524 7184 523 2530
545 7217 542 2511
532 7171 523 2528
551 7305 551 2508
547 7210 542 2513
523 7188 523 2528
544 7276 542 2509
552 7304 551 2508
532 7189 524 2523
523 7185 523 2530
578 7874 578 2489
532 7180 523 2526
524 7196 523 2526
531 7197 524 2525
547 7215 542 2511
578 7874 578 2489
530 7205 524 2523
537 7192 533 2516
535 7221 533 2516
551 7339 551 2504
578 7874 578 2489
569 7833 569 2494
529 7218 524 2521
547 7215 542 2511
524 7187 523 2528
552 7304 551 2508
535 7258 533 2514
533 7238 533 2518
551 7310 551 2506
533 7238 533 2518
524 7213 524 2525
523 7271 523 2524
523 7271 523 2524
524 7196 523 2526
531 7200 524 2523
544 7276 542 2509
551 7305 551 2508
532 7168 523 2530
536 7232 524 2519
537 7192 533 2516
536 7234 533 2514
523 7271 523 2524
535 7258 533 2514
533 7278 533 2514
536 7234 533 2514
524 7196 523 2526
524 7225 524 2521
530 7202 524 2525
530 7205 524 2523
530 7202 524 2525
531 7169 523 2530
532 7168 523 2530
523 7185 523 2530
578 7874 578 2489
560 7471 560 2499
569 7833 569 2494
569 7833 569 2494
578 7874 578 2489
560 7471 560 2499
569 7833 569 2494
547 7215 542 2511
551 7305 551 2508
536 7234 533 2514
536 7232 524 2519
552 7309 551 2506
578 7874 578 2489
569 7833 569 2494
578 7874 578 2489
542 7283 542 2509
524 7184 523 2530
547 7215 542 2511
538 7182 533 2518
547 7210 542 2513
529 7209 524 2523
545 7254 542 2509
547 7215 542 2511
569 7833 569 2494
547 7215 542 2511
524 7196 523 2526
578 7874 578 2489
532 7189 524 2523
578 7874 578 2489
551 7310 551 2506
578 7874 578 2489
523 7185 523 2530
569 7833 569 2494
532 7168 523 2530
569 7833 569 2494
532 7180 523 2526
529 7218 524 2521
524 7196 523 2526
578 7874 578 2489
578 7874 578 2489
578 7874 578 2489
530 7205 524 2523
530 7205 524 2523
547 7215 542 2511
524 7184 523 2530
530 7214 524 2521
569 7833 569 2494
551 7310 551 2506
578 7874 578 2489
560 7471 560 2499
529 7206 524 2525
532 7171 523 2528
531 7200 524 2523
531 7200 524 2523
