6769 210.12
680 11601 524 2532
664 11442 523 2537
716 12264 529 2610
824 13585 533 2559
674 11834 523 2571
736 12755 523 2591
715 12248 551 2517
746 12851 592 2515
733 13070 587 2493
736 13069 546 2691
642 10754 523 2623
637 10654 524 2563
638 11179 547 2545
631 10808 529 2613
777 12674 538 2605
659 10597 523 2540
756 13016 588 2590
880 15161 586 2543
688 11949 584 2598
706 12514 567 2669
680 12275 542 2574
641 11098 560 2508
752 12391 629 2572
776 13881 523 2581
737 13212 538 2537
774 12287 523 2647
681 11438 592 2566
676 11772 536 2578
700 11781 592 2514
719 11775 538 2623
765 13408 524 2534
751 12732 523 2594
731 12540 527 2615
680 11350 533 2549
651 11007 541 2550
692 11640 523 2575
748 12329 568 2540
705 12109 563 2557
642 11063 551 2530
667 11585 523 2576
816 13283 538 2563
723 12693 542 2539
719 12551 601 2504
690 12091 574 2539
682 11906 533 2547
824 14102 523 2558
717 12261 556 2688
786 13877 604 2578
638 11343 574 2517
791 12961 570 2566
711 12239 623 2610
703 12065 538 2568
739 12085 533 2562
706 12217 523 2556
692 11711 529 2596
670 11796 565 2562
655 11273 523 2537
664 11147 533 2548
702 11717 565 2611
851 15086 653 2568
639 11211 547 2546
779 13251 523 2582
686 12200 565 2554
735 12152 523 2621
702 12240 523 2575
743 12466 523 2608
750 13223 578 2665
715 11372 523 2582
721 12748 560 2534
682 11444 578 2502
733 12202 615 2526
774 13117 529 2623
607 10056 588 2542
716 11806 604 2564
729 12901 556 2567
678 11705 568 2596
699 11419 561 2612
673 11849 579 2550
729 12484 574 2540
709 12444 581 2505
841 14388 556 2588
822 13939 538 2688
664 11057 551 2543
744 12489 575 2586
756 13170 547 2581
708 12128 596 2580
771 12527 559 2630
693 12198 578 2500
780 12283 523 2592
720 12123 523 2602
734 12700 534 2600
713 12175 560 2505
739 12517 556 2546
787 13233 551 2521
731 12269 524 2559
774 13290 574 2526
764 13200 581 2530
675 11934 560 2558
753 13100 529 2566
650 10847 593 2532
752 13559 566 2617
685 11825 524 2549
672 11402 593 2555
711 12499 600 2579
750 12534 523 2592
727 12565 523 2651
678 11689 548 2620
723 12252 523 2630
710 12380 541 2560
742 12897 566 2674
677 11444 551 2511
660 11288 533 2558
672 11235 523 2591
761 12654 523 2599
745 12407 586 2550
966 16773 538 2601
612 10700 533 2533
913 15417 606 2624
746 12839 582 2600
854 14691 570 2581
700 12063 556 2552
750 12288 630 2568
733 12691 523 2596
694 11715 538 2578
738 12824 538 2608
756 12451 592 2551
871 14522 569 2520
683 11080 524 2561
814 14110 523 2618
681 11279 533 2594
650 11690 523 2574
752 13522 523 2636
693 11843 542 2518
730 12178 523 2551
691 11981 570 2589
798 13540 523 2639
724 12381 551 2554
694 12267 569 2549
623 10603 523 2602
745 12342 600 2636
721 12234 523 2599
705 12208 577 2539
736 12723 559 2554
803 13975 560 2536
769 12768 538 2549
783 13678 615 2552
668 11014 543 2608
771 12292 527 2657
616 10710 609 2541
682 12115 533 2553
725 12405 529 2583
696 12323 560 2518
682 11587 574 2528
740 12510 586 2564
799 13965 523 2647
818 14734 583 2557
751 13493 571 2600
789 13443 605 2574
773 12829 564 2599
752 12819 533 2548
796 13885 574 2528
749 13002 552 2573
627 10484 543 2598
729 12765 586 2537
647 11294 583 2528
705 12318 586 2570
735 12216 568 2549
664 11156 548 2627
715 12166 533 2593
682 12123 529 2582
747 12527 595 2574
634 11017 597 2545
802 14207 593 2590
736 12835 577 2575
695 11991 570 2555
712 11417 527 2591
700 12520 550 2622
732 12300 550 2601
735 12288 550 2648
745 13078 523 2608
687 11893 556 2547
677 12085 542 2539
753 12477 542 2557
703 11976 559 2607
685 11658 533 2552
688 11996 595 2541
847 15704 602 2602
792 13813 556 2540
645 11536 523 2562
697 12052 574 2546
737 12431 550 2568
700 11630 538 2539
765 13069 591 2554
749 12886 569 2510
731 12378 561 2692
660 11434 536 2563
664 11419 542 2538
777 13811 533 2568
678 11941 589 2564
599 10569 523 2544
638 11216 536 2561
645 11332 579 2573
685 11802 543 2588
710 12384 586 2653
770 12871 532 2635
726 12810 605 2628
771 13292 551 2536
690 11671 599 2639
764 13331 602 2688
666 11808 620 2595
706 11936 523 2576
737 13545 589 2580
779 13077 618 2532
671 11877 577 2545
753 13177 641 2580
665 11651 532 2630
659 11217 572 2720
727 12923 565 2553
684 11557 602 2551
712 11854 576 2724
735 12046 563 2555
715 12403 582 2616
781 13775 588 2579
817 14110 547 2595
622 10301 523 2627
645 10802 572 2552
749 12721 543 2662
827 13328 529 2671
810 13645 629 2586
747 12519 588 2585
694 12148 586 2558
733 12406 592 2512
779 13292 533 2580
694 11463 560 2529
688 12372 523 2601
761 13245 611 2605
638 11347 582 2588
661 11428 579 2551
764 12784 530 2633
779 13395 580 2605
710 12538 527 2648
717 12252 570 2599
858 14095 550 2608
659 11144 571 2570
713 12182 611 2549
739 12961 523 2613
678 11410 547 2566
681 11887 523 2656
707 12278 569 2511
622 11117 545 2543
632 11099 524 2542
716 12455 582 2604
674 11632 569 2513
719 12436 529 2568
645 10983 547 2563
680 11822 523 2530
698 11817 523 2559
687 11331 541 2566
708 12315 561 2592
764 13377 523 2576
786 12383 539 2668
661 11272 542 2543
746 12808 564 2584
699 12301 551 2519
728 12339 523 2585
714 12049 580 2602
656 11526 561 2592
674 11442 524 2565
699 12085 533 2535
774 13156 595 2560
689 12153 523 2572
720 12378 605 2637
635 11056 568 2569
726 12476 579 2575
769 13468 555 2628
662 11596 574 2540
794 13554 533 2576
720 12320 523 2555
684 12013 587 2497
730 11859 604 2535
614 10641 554 2544
740 12635 523 2551
676 11445 533 2524
906 15236 598 2578
641 11132 533 2524
655 11750 533 2545
738 11945 523 2572
668 10560 542 2562
747 12766 523 2619
794 13631 539 2598
690 11637 542 2561
740 11948 581 2561
659 10809 542 2522
744 13309 547 2544
763 13113 532 2656
677 11417 523 2556
724 13155 574 2584
835 14646 588 2559
663 11459 524 2574
666 11540 570 2566
