51 1.93498
588 10174 533 2589
608 10093 524 2582
606 10235 533 2569
596 10285 524 2589
599 10511 551 2550
590 9971 545 2600
631 10866 542 2563
630 10523 533 2567
630 10975 523 2590
620 10600 523 2615
634 10631 524 2575
660 11671 524 2570
611 10061 533 2627
689 11819 538 2561
617 10435 524 2578
601 10084 536 2601
601 10396 536 2585
605 10651 533 2576
614 10269 524 2580
601 10212 524 2612
608 10475 524 2580
684 11466 524 2574
717 12590 542 2549
704 12124 523 2587
712 12558 542 2557
722 12007 533 2566
590 9978 554 2592
598 10324 554 2577
616 10781 523 2680
724 12666 533 2564
619 10581 524 2580
627 10775 533 2571
612 10174 533 2589
601 10644 524 2608
652 10967 524 2578
597 10183 533 2609
599 10387 533 2594
636 11088 542 2566
655 11425 533 2568
594 10430 536 2613
618 10415 533 2581
617 10417 524 2603
611 10522 524 2592
602 10361 533 2589
659 10989 523 2606
606 10668 533 2585
641 10626 533 2577
659 11054 542 2565
609 10515 524 2597
597 10626 545 2596
614 10661 533 2582
619 10349 524 2622
690 11899 524 2574
633 10461 524 2600
608 10296 533 2590
675 11599 523 2601
615 10437 542 2581
644 10518 533 2580
624 10806 542 2579
612 10611 533 2586
614 10422 533 2588
621 10561 551 2567
590 10214 551 2598
681 11559 545 2616
605 10728 533 2592
690 11808 542 2609
669 11339 551 2574
689 11506 545 2594
744 12967 554 2597
687 11221 542 2574
636 11011 554 2609
652 10908 533 2584
629 10728 524 2607
757 13378 542 2584
635 10873 545 2584
610 10642 548 2623
763 13166 548 2610
649 11415 533 2551
680 11792 548 2599
681 11545 542 2568
728 12676 545 2605
625 11030 542 2604
666 11615 533 2606
666 11840 533 2589
717 12147 533 2569
683 11673 554 2608
613 10528 545 2620
716 12224 542 2566
667 11881 545 2600
616 10590 545 2566
718 12395 533 2593
652 11277 533 2582
684 12061 533 2571
738 12596 524 2574
669 11149 542 2604
672 11339 524 2596
711 12428 571 2621
716 11741 551 2596
685 11610 524 2609
685 12169 542 2570
634 11081 542 2583
724 12270 533 2575
727 12598 533 2597
692 11989 533 2582
596 10240 524 2585
667 11294 524 2594
680 11425 542 2576
685 12123 533 2604
712 12250 533 2577
678 11678 554 2600
639 10459 542 2584
658 11322 533 2624
716 12116 524 2585
664 11212 545 2580
728 12327 542 2595
708 12199 545 2598
685 11590 533 2598
641 11041 542 2566
666 11883 542 2595
636 10633 533 2582
704 12143 533 2613
755 13116 554 2618
615 10511 533 2580
681 11860 542 2579
661 11750 524 2589
695 11713 545 2589
722 12530 542 2561
645 10958 533 2596
698 12088 554 2590
598 10460 554 2622
690 11108 533 2589
653 11162 545 2593
699 11916 536 2626
682 11639 533 2595
603 10258 533 2602
652 11074 554 2584
625 10565 533 2615
753 12688 533 2593
613 10511 524 2605
705 12389 533 2584
651 11077 524 2607
698 12364 548 2617
655 11277 533 2579
733 12768 554 2602
600 10285 545 2585
659 11141 533 2603
683 11612 533 2592
738 12883 533 2588
653 11417 542 2613
665 11645 524 2579
635 11154 524 2587
714 11998 533 2596
682 11720 542 2597
687 11480 533 2598
694 11882 533 2585
660 11344 542 2602
654 11196 551 2574
631 10383 533 2569
686 11791 545 2587
677 11443 545 2602
673 11897 524 2596
699 12144 533 2582
705 12302 533 2597
621 10918 533 2598
707 11777 524 2585
680 12008 542 2606
720 12204 542 2619
708 12140 542 2581
729 12841 533 2611
744 13164 545 2596
640 11008 545 2601
724 12213 524 2582
627 10852 545 2609
691 12017 545 2593
705 12617 542 2610
685 11037 545 2582
692 12253 533 2596
685 11931 545 2600
645 11359 533 2595
677 11411 557 2625
660 11656 542 2573
687 11860 542 2590
668 11232 542 2561
684 11930 533 2591
660 11342 533 2580
670 11424 533 2593
658 11557 533 2602
662 10969 554 2600
726 12785 545 2587
625 10682 533 2593
637 10820 545 2587
725 12064 533 2591
694 11983 545 2600
713 12197 533 2565
669 11847 554 2595
699 12005 545 2609
646 11115 545 2589
664 11456 545 2605
623 10769 533 2578
678 11763 548 2616
652 11329 545 2614
626 10678 533 2607
662 11293 545 2627
679 11495 542 2563
616 10810 533 2602
635 11349 557 2596
745 13396 554 2591
757 13249 542 2591
669 11241 533 2594
670 11542 542 2579
683 11586 533 2591
693 12200 533 2589
628 11037 524 2592
728 12588 554 2582
734 12568 533 2593
673 11535 533 2616
659 11240 524 2584
689 11704 545 2609
666 11660 533 2573
766 13092 542 2599
671 11444 557 2608
747 12585 554 2582
685 11866 533 2579
603 10393 533 2591
629 10365 545 2608
688 12031 533 2600
729 12065 542 2560
694 11604 542 2581
669 11501 533 2589
669 11763 542 2573
681 12058 545 2614
671 11296 545 2603
646 10372 533 2589
680 11884 557 2601
620 10310 545 2604
699 11772 554 2617
621 10886 545 2601
690 11609 533 2598
659 11268 533 2609
631 10793 551 2581
683 12102 545 2605
708 11508 545 2591
668 11648 533 2591
668 11430 542 2586
673 11514 545 2578
673 11581 533 2597
696 12057 554 2602
639 11124 533 2596
618 10404 524 2614
569 9827 536 2588
648 10959 533 2589
667 11429 554 2608
647 11052 545 2594
632 10741 533 2603
624 10693 533 2596
700 11811 545 2599
672 11532 524 2611
764 12808 542 2584
657 11459 545 2620
725 12781 533 2582
703 12419 533 2597
633 10432 533 2586
801 13400 533 2607
647 11027 533 2573
618 10466 524 2589
677 11714 545 2603
609 10337 533 2576
687 11644 536 2603
647 11172 545 2613
638 10838 554 2607
627 10635 554 2602
612 10453 545 2619
636 10832 536 2610
676 11111 533 2591
685 11981 542 2577
671 11673 533 2589
721 12355 545 2592
651 11148 554 2606
676 11539 545 2587
725 12363 545 2589
674 11362 524 2589
667 10993 533 2582
686 11485 533 2614
753 13102 533 2584
670 11520 545 2576
712 12418 542 2583
652 11366 533 2618
677 11435 554 2589
664 11420 533 2602
728 12387 557 2590
655 10970 524 2605
717 12350 542 2592
655 11254 524 2614
720 12385 533 2615
635 10706 557 2611
697 11259 524 2607
710 12311 533 2598
677 11951 545 2598
677 11773 533 2570
719 12297 542 2584
