76301 2760.78
742 12804 550 2627
719 11935 590 2509
742 12412 547 2578
685 11693 573 2640
694 11447 523 2568
621 10473 527 2561
664 11263 523 2555
671 11760 587 2493
616 10601 560 2499
683 11553 581 2542
692 11303 550 2574
647 10561 569 2526
679 11848 527 2626
673 11161 581 2516
694 11784 572 2558
681 11580 552 2612
764 12986 545 2536
695 11876 524 2545
645 11241 563 2552
774 13246 560 2509
683 11297 524 2545
756 12854 646 2694
785 13081 542 2541
773 12617 538 2578
703 11802 523 2616
641 10992 587 2499
656 11123 532 2577
635 11033 533 2538
738 12682 542 2524
661 10744 592 2528
654 11026 551 2512
653 11179 572 2515
745 12327 542 2556
705 11467 545 2548
651 10552 523 2550
728 11888 527 2617
855 14843 599 2601
779 13542 554 2574
705 11523 541 2618
713 12148 555 2664
712 11935 563 2595
810 14040 573 2607
684 11516 527 2579
672 11385 538 2545
720 11653 542 2561
636 10488 527 2561
702 12027 550 2575
682 11723 536 2551
696 11857 587 2497
669 11690 523 2588
750 12514 523 2581
698 11455 595 2578
798 13603 562 2639
667 11140 536 2572
678 11216 548 2598
800 13446 587 2488
705 12208 560 2505
682 11628 578 2510
689 11238 555 2617
763 13313 640 2699
724 12223 602 2558
824 14681 523 2595
710 11821 533 2567
639 10657 560 2516
759 12835 550 2589
683 12056 604 2527
663 10960 532 2605
781 13600 551 2510
648 10819 592 2515
739 12581 527 2541
735 12350 560 2529
679 11860 567 2637
653 10688 551 2510
651 10996 542 2532
714 12225 563 2559
738 12503 560 2543
747 12381 578 2521
771 12301 602 2528
725 11799 591 2634
653 11102 557 2571
765 12763 533 2544
720 11821 551 2525
711 12530 546 2661
632 10911 574 2558
844 14720 610 2633
799 13896 574 2556
687 11032 527 2569
716 11998 527 2571
650 10732 523 2530
729 11706 547 2556
772 13351 614 2605
665 11103 578 2496
675 11220 563 2532
818 14057 578 2606
612 10019 524 2550
692 11633 569 2494
716 12043 592 2545
709 11860 587 2527
620 9765 523 2554
704 11139 583 2534
713 11869 610 2575
584 9720 524 2577
638 10705 533 2514
771 13676 546 2724
757 12724 590 2740
742 12561 582 2599
709 12032 523 2594
707 11736 582 2597
742 12237 551 2595
645 11158 569 2496
650 10621 536 2551
722 12034 523 2588
742 11932 524 2534
673 11211 541 2598
726 12353 533 2514
674 11276 523 2543
590 10093 566 2569
674 11433 565 2528
726 11878 578 2500
598 9661 527 2577
691 12192 585 2631
707 12313 569 2518
703 11439 557 2573
671 11305 536 2534
788 13770 574 2572
836 13933 523 2582
711 12066 542 2546
693 11364 533 2583
662 10966 578 2495
620 10300 560 2503
652 11084 523 2562
783 13824 581 2574
722 12598 530 2594
672 11114 560 2519
672 11420 560 2520
657 11576 533 2537
700 12036 547 2564
740 12339 545 2569
735 11718 552 2609
639 10700 569 2542
716 12241 524 2560
697 11851 567 2623
656 11192 560 2538
726 12170 523 2595
707 11663 536 2566
757 12439 587 2568
641 10623 554 2566
898 14390 555 2649
690 11878 547 2555
690 11803 524 2566
717 12741 545 2562
743 12864 552 2593
683 11569 590 2530
758 13666 536 2547
659 11195 545 2538
812 13782 524 2540
728 11446 557 2599
714 11871 577 2578
815 13420 569 2513
687 11696 562 2577
685 12037 550 2589
746 12801 583 2564
809 14021 575 2682
684 11609 542 2531
648 10966 533 2533
681 11142 536 2544
771 12914 523 2575
822 14026 550 2651
678 11484 599 2546
666 11317 548 2571
626 10855 523 2535
726 12511 590 2513
703 11401 551 2534
666 11103 527 2552
682 11477 568 2523
701 12002 552 2541
682 11431 523 2535
685 11864 578 2517
783 12629 565 2542
765 12725 543 2638
697 11909 560 2516
654 11254 559 2565
650 10864 550 2594
796 13355 533 2538
718 12927 577 2597
764 12524 556 2609
680 11429 560 2523
645 10999 578 2502
636 10667 533 2663
822 13218 565 2580
655 10964 542 2529
747 12097 542 2551
661 10684 523 2563
782 13374 552 2601
689 11854 563 2555
802 12553 554 2570
688 11269 523 2559
672 11325 576 2662
667 11096 578 2508
744 12852 581 2552
784 13135 541 2620
621 10320 530 2632
725 12444 580 2572
665 10942 529 2583
684 11654 551 2510
722 12636 552 2602
645 10789 551 2530
670 11024 599 2523
656 10845 523 2536
633 10759 545 2551
731 12309 524 2547
747 12194 523 2579
700 11636 536 2604
650 11256 539 2577
733 12324 536 2560
727 12001 550 2604
686 11719 545 2549
752 12976 565 2564
711 11666 523 2598
896 15054 539 2592
666 11057 551 2508
723 12163 524 2545
727 12417 560 2544
759 12594 569 2654
643 11175 569 2494
661 10922 587 2492
703 12090 542 2528
637 10828 523 2606
756 12301 586 2528
781 13638 574 2541
795 13529 559 2587
798 12481 557 2600
743 13097 556 2584
783 13858 564 2580
679 11757 538 2571
735 12463 579 2686
735 12403 541 2579
699 12170 551 2526
673 11667 560 2516
824 14451 560 2595
806 13687 545 2572
715 12369 571 2582
755 12716 557 2584
736 12133 581 2520
676 11533 583 2664
745 13357 568 2619
666 11199 542 2539
733 12615 529 2568
742 12146 545 2562
758 12308 541 2577
693 12008 550 2618
642 10390 523 2636
749 12881 560 2507
764 12966 587 2501
768 13062 582 2615
740 13400 568 2606
692 11304 599 2509
626 10410 569 2526
658 11497 569 2520
721 11981 527 2564
717 11688 586 2541
916 15384 570 2725
707 11279 530 2623
641 10420 551 2517
644 10696 578 2506
743 12568 551 2513
769 13225 560 2527
737 11756 554 2555
723 12468 619 2553
629 10682 583 2547
630 11181 523 2565
709 11728 588 2527
613 10667 578 2602
736 12373 588 2584
750 13183 572 2556
663 10941 538 2565
785 12991 545 2597
730 12262 569 2512
740 12462 529 2557
641 10844 556 2566
717 12591 560 2520
644 10679 559 2610
782 13281 551 2543
691 11476 560 2512
729 11970 562 2621
621 10034 533 2520
733 12517 595 2633
665 11231 569 2496
763 12775 562 2566
715 11755 530 2600
713 11816 523 2550
708 11090 578 2508
614 10561 527 2548
632 10636 551 2525
713 11933 545 2538
745 12230 568 2590
662 10795 554 2532
684 11797 533 2554
724 11685 554 2575
844 14041 551 2704
