108254 930.169
559 9603 533 2593
739 12843 523 2528
564 9483 554 2596
827 14653 542 2517
722 12981 590 2504
572 9656 523 2603
827 14653 542 2517
722 12981 590 2504
739 12843 523 2528
585 10192 574 2534
707 12385 560 2511
687 11682 569 2508
707 12385 560 2511
602 10235 533 2544
573 9944 532 2576
580 9549 524 2559
634 11074 551 2512
678 11737 533 2518
613 10032 560 2530
613 10032 560 2530
687 11682 569 2508
739 12843 523 2528
613 10032 560 2530
582 10286 523 2585
612 9861 523 2564
559 9603 533 2593
616 9815 547 2542
565 9664 557 2556
687 11682 569 2508
565 9664 557 2556
604 9994 523 2571
564 9483 554 2596
827 14653 542 2517
604 10685 542 2531
678 11737 533 2518
578 10082 551 2547
739 12843 523 2528
634 11074 551 2512
616 9815 547 2542
559 9603 533 2593
655 10413 524 2546
637 10540 523 2545
604 9994 523 2571
687 11682 569 2508
605 10028 545 2535
567 9485 533 2563
634 11074 551 2512
602 10235 533 2544
573 9944 532 2576
580 9549 524 2559
624 10595 551 2514
605 10028 545 2535
596 10360 524 2547
604 10685 542 2531
611 9957 524 2551
588 9997 523 2552
565 9664 557 2556
631 10913 523 2538
605 10028 545 2535
595 10053 542 2537
578 10082 551 2547
616 9815 547 2542
681 11670 523 2534
653 10516 523 2540
592 9824 523 2596
707 12385 560 2511
649 10810 542 2520
643 10744 524 2529
627 10445 533 2526
629 10972 533 2524
580 9549 524 2559
627 10445 533 2526
585 10329 523 2561
589 10060 533 2549
596 10360 524 2547
649 10810 542 2520
681 11670 523 2534
653 10516 523 2540
621 10732 523 2548
635 10472 523 2551
687 11682 569 2508
588 9997 523 2552
589 10060 533 2549
559 9603 533 2593
621 10732 523 2548
585 10329 523 2561
612 9861 523 2564
605 10028 545 2535
631 10779 533 2522
612 9861 523 2564
631 10779 533 2522
707 12385 560 2511
629 10972 533 2524
624 10595 551 2514
580 9549 524 2559
649 10810 542 2520
614 10990 542 2529
573 9944 532 2576
624 10194 524 2547
572 9656 523 2603
604 9994 523 2571
567 9485 533 2563
613 10032 560 2530
565 9664 557 2556
665 10796 542 2521
585 10192 574 2534
609 10319 560 2528
589 10060 533 2549
609 10319 560 2528
582 10286 523 2585
588 10163 547 2530
595 10053 542 2537
573 9944 532 2576
649 10810 542 2520
559 9603 533 2593
617 10324 542 2535
589 10060 533 2549
605 10028 545 2535
588 9997 523 2552
582 10286 523 2585
585 10329 523 2561
624 10595 551 2514
631 10779 533 2522
582 10286 523 2585
707 12385 560 2511
621 10732 523 2548
559 9603 533 2593
707 12385 560 2511
631 10779 533 2522
739 12843 523 2528
665 10796 542 2521
614 10990 542 2529
739 12843 523 2528
655 10413 524 2546
678 11737 533 2518
604 10685 542 2531
611 9957 524 2551
635 10472 523 2551
616 9815 547 2542
609 10559 524 2534
624 10595 551 2514
649 10810 542 2520
585 10329 523 2561
582 10286 523 2585
616 9815 547 2542
613 10032 560 2530
635 10472 523 2551
609 10559 524 2534
664 10442 524 2544
643 10744 524 2529
605 10028 545 2535
609 10559 524 2534
687 11682 569 2508
681 11670 523 2534
621 10732 523 2548
605 10028 545 2535
664 10442 524 2544
617 10324 542 2535
624 10194 524 2547
637 10540 523 2545
653 10516 523 2540
634 11074 551 2512
580 9549 524 2559
827 14653 542 2517
634 11074 551 2512
564 9483 554 2596
627 10445 533 2526
665 10796 542 2521
634 11074 551 2512
634 11074 551 2512
572 9656 523 2603
722 12981 590 2504
565 9664 557 2556
827 14653 542 2517
565 9664 557 2556
624 10595 551 2514
653 10516 523 2540
624 10595 551 2514
707 12385 560 2511
653 10516 523 2540
629 10972 533 2524
559 9603 533 2593
573 9944 532 2576
665 10796 542 2521
602 10235 533 2544
707 12385 560 2511
572 9656 523 2603
602 10235 533 2544
585 10192 574 2534
565 9664 557 2556
602 10235 533 2544
613 10032 560 2530
649 10810 542 2520
634 11074 551 2512
588 9997 523 2552
580 9549 524 2559
595 10053 542 2537
643 10744 524 2529
573 9944 532 2576
687 11682 569 2508
687 11682 569 2508
739 12843 523 2528
592 9824 523 2596
827 14653 542 2517
624 10595 551 2514
722 12981 590 2504
559 9603 533 2593
629 10972 533 2524
613 10032 560 2530
605 10028 545 2535
612 9861 523 2564
631 10779 533 2522
707 12385 560 2511
629 10972 533 2524
580 9549 524 2559
573 9944 532 2576
572 9656 523 2603
604 9994 523 2571
567 9485 533 2563
621 10732 523 2548
565 9664 557 2556
665 10796 542 2521
582 10286 523 2585
588 10163 547 2530
595 10053 542 2537
573 9944 532 2576
559 9603 533 2593
578 10082 551 2547
624 10595 551 2514
631 10779 533 2522
649 10810 542 2520
655 10413 524 2546
567 9485 533 2563
634 11074 551 2512
602 10235 533 2544
573 9944 532 2576
624 10595 551 2514
604 10685 542 2531
578 10082 551 2547
653 10516 523 2540
592 9824 523 2596
678 11737 533 2518
627 10445 533 2526
629 10972 533 2524
596 10360 524 2547
649 10810 542 2520
681 11670 523 2534
634 11074 551 2512
687 11682 569 2508
588 9997 523 2552
559 9603 533 2593
602 10235 533 2544
827 14653 542 2517
564 9483 554 2596
634 11074 551 2512
634 11074 551 2512
722 12981 590 2504
624 10595 551 2514
653 10516 523 2540
653 10516 523 2540
613 10032 560 2530
665 10796 542 2521
580 9549 524 2559
707 12385 560 2511
602 10235 533 2544
565 9664 557 2556
649 10810 542 2520
588 9997 523 2552
687 11682 569 2508
573 9944 532 2576
592 9824 523 2596
827 14653 542 2517
616 9815 547 2542
707 12385 560 2511
604 10685 542 2531
631 10779 533 2522
739 12843 523 2528
739 12843 523 2528
564 9483 554 2596
611 9957 524 2551
616 9815 547 2542
624 10595 551 2514
585 10329 523 2561
629 10972 533 2524
565 9664 557 2556
613 10032 560 2530
605 10028 545 2535
687 11682 569 2508
681 11670 523 2534
664 10442 524 2544
617 10324 542 2535
624 10194 524 2547
610 10139 551 2522
565 9664 557 2556
585 10329 523 2561
611 9957 524 2551
643 10744 524 2529
665 10796 542 2521
613 10032 560 2530
613 10032 560 2530
