146849 720.06
768 12478 523 2528
569 9937 566 2584
569 9937 566 2584
614 10539 523 2534
674 11307 569 2502
570 9143 523 2570
632 10881 590 2511
718 11236 574 2510
718 11236 574 2510
632 10881 590 2511
700 11465 542 2517
670 11548 524 2525
570 9143 523 2570
691 12048 560 2509
569 9941 542 2570
569 9937 566 2584
689 11270 569 2508
655 11180 542 2519
596 9635 524 2565
718 11236 574 2510
691 12048 560 2509
649 10438 551 2512
604 10224 523 2558
597 9718 536 2564
678 11863 542 2515
569 9937 566 2584
718 11236 574 2510
592 10200 527 2552
634 10366 533 2534
623 10962 533 2526
572 9681 542 2531
656 10912 547 2525
623 10962 533 2526
594 9871 533 2547
678 11863 542 2515
592 10188 551 2514
582 9894 533 2566
718 11236 574 2510
674 11307 569 2502
598 9799 533 2562
656 10912 547 2525
618 9956 533 2539
656 10912 547 2525
718 11236 574 2510
603 9766 524 2549
640 10205 533 2534
614 10539 523 2534
616 10436 523 2545
638 10947 533 2520
599 9767 533 2555
634 10366 533 2534
628 10781 533 2530
592 10200 527 2552
572 9681 542 2531
679 11358 551 2510
592 10188 551 2514
589 9951 533 2557
592 10188 551 2514
634 10366 533 2534
625 10933 524 2529
655 11180 542 2519
649 10438 551 2512
569 9937 566 2584
597 9718 536 2564
614 10539 523 2534
594 9871 533 2547
597 9718 536 2564
650 10808 533 2529
632 10881 590 2511
629 10467 551 2512
603 9766 524 2549
718 11236 574 2510
649 10438 551 2512
625 10933 524 2529
679 11358 551 2510
674 11307 569 2502
594 10058 533 2542
589 9951 533 2557
651 10375 533 2529
614 10539 523 2534
623 10421 523 2544
598 9799 533 2562
649 10438 551 2512
592 10200 527 2552
594 10058 533 2542
572 9681 542 2531
598 9799 533 2562
597 9718 536 2564
623 10962 533 2526
634 10366 533 2534
674 11307 569 2502
592 10188 551 2514
638 10947 533 2520
618 9956 533 2539
674 11307 569 2502
597 9718 536 2564
611 10408 542 2528
593 9892 524 2556
649 10438 551 2512
691 12048 560 2509
651 10375 533 2529
611 10408 542 2528
599 9767 533 2555
603 9766 524 2549
596 9635 524 2565
629 10467 551 2512
599 9767 533 2555
593 9892 524 2556
572 9681 542 2531
638 10947 533 2520
596 9635 524 2565
691 12048 560 2509
718 11236 574 2510
611 10408 542 2528
597 9718 536 2564
593 9892 524 2556
649 10438 551 2512
625 10933 524 2529
597 9718 536 2564
614 10539 523 2534
596 9635 524 2565
638 10947 533 2520
611 10408 542 2528
598 9799 533 2562
718 11236 574 2510
603 9766 524 2549
593 9892 524 2556
649 10438 551 2512
597 9718 536 2564
598 9799 533 2562
569 9937 566 2584
650 10808 533 2529
593 9892 524 2556
656 10912 547 2525
598 9799 533 2562
594 10058 533 2542
582 9894 533 2566
623 10421 523 2544
603 9766 524 2549
592 10200 527 2552
632 10881 590 2511
569 9941 542 2570
569 9937 566 2584
572 9681 542 2531
638 10947 533 2520
656 10912 547 2525
638 10947 533 2520
618 9956 533 2539
589 9951 533 2557
597 9718 536 2564
569 9937 566 2584
656 10912 547 2525
718 11236 574 2510
649 10438 551 2512
629 10467 551 2512
718 11236 574 2510
649 10438 551 2512
638 10947 533 2520
603 9766 524 2549
718 11236 574 2510
592 10200 527 2552
634 10366 533 2534
611 10408 542 2528
596 9635 524 2565
656 10912 547 2525
570 9143 523 2570
603 9766 524 2549
651 10375 533 2529
649 10438 551 2512
614 10539 523 2534
674 11307 569 2502
718 11236 574 2510
597 9718 536 2564
656 10912 547 2525
597 9718 536 2564
649 10438 551 2512
611 10408 542 2528
674 11307 569 2502
638 10947 533 2520
570 9143 523 2570
596 9635 524 2565
582 9894 533 2566
572 9681 542 2531
597 9718 536 2564
649 10438 551 2512
629 10467 551 2512
598 9799 533 2562
634 10366 533 2534
628 10781 533 2530
679 11358 551 2510
589 9951 533 2557
592 10188 551 2514
634 10366 533 2534
655 11180 542 2519
569 9937 566 2584
603 9766 524 2549
718 11236 574 2510
589 9951 533 2557
623 10421 523 2544
599 9767 533 2555
649 10438 551 2512
594 10058 533 2542
598 9799 533 2562
597 9718 536 2564
623 10962 533 2526
634 10366 533 2534
592 10188 551 2514
674 11307 569 2502
611 10408 542 2528
651 10375 533 2529
623 10962 533 2526
569 9937 566 2584
569 9937 566 2584
570 9143 523 2570
632 10881 590 2511
700 11465 542 2517
570 9143 523 2570
691 12048 560 2509
569 9941 542 2570
655 11180 542 2519
596 9635 524 2565
604 10224 523 2558
678 11863 542 2515
611 10408 542 2528
572 9681 542 2531
678 11863 542 2515
674 11307 569 2502
656 10912 547 2525
656 10912 547 2525
718 11236 574 2510
640 10205 533 2534
616 10436 523 2545
638 10947 533 2520
596 9635 524 2565
569 9937 566 2584
656 10912 547 2525
718 11236 574 2510
629 10467 551 2512
649 10438 551 2512
603 9766 524 2549
592 10200 527 2552
611 10408 542 2528
589 9951 533 2557
651 10375 533 2529
649 10438 551 2512
718 11236 574 2510
597 9718 536 2564
656 10912 547 2525
597 9718 536 2564
649 10438 551 2512
611 10408 542 2528
638 10947 533 2520
582 9894 533 2566
649 10438 551 2512
603 9766 524 2549
596 9635 524 2565
572 9681 542 2531
638 10947 533 2520
691 12048 560 2509
625 10933 524 2529
597 9718 536 2564
596 9635 524 2565
638 10947 533 2520
598 9799 533 2562
629 10467 551 2512
649 10438 551 2512
593 9892 524 2556
656 10912 547 2525
594 10058 533 2542
768 12478 523 2528
632 10881 590 2511
638 10947 533 2520
656 10912 547 2525
638 10947 533 2520
600 10200 524 2536
634 10366 533 2534
597 9718 536 2564
656 10912 547 2525
611 10408 542 2528
674 11307 569 2502
623 10421 523 2544
618 9956 533 2539
603 9766 524 2549
638 10947 533 2520
674 11307 569 2502
629 10467 551 2512
596 9635 524 2565
638 10947 533 2520
651 10375 533 2529
572 9681 542 2531
674 11307 569 2502
603 9766 524 2549
597 9718 536 2564
597 9718 536 2564
638 10947 533 2520
582 9894 533 2566
597 9718 536 2564
597 9718 536 2564
603 9766 524 2549
638 10947 533 2520
