6763 283.943
593 8182 587 2484
587 8190 587 2484
587 8190 587 2484
551 8006 551 2504
523 8063 523 2524
523 8063 523 2524
551 8006 551 2504
560 8058 560 2499
569 8116 569 2494
543 8049 542 2509
560 8058 560 2499
524 8075 524 2519
533 8118 533 2514
578 8122 578 2489
538 8103 533 2514
583 8118 578 2489
593 8182 587 2484
542 8078 542 2509
578 8093 569 2494
578 8122 578 2489
543 8049 542 2509
524 8075 524 2519
578 8093 569 2494
538 8103 533 2514
573 8109 569 2494
542 8078 542 2509
592 8186 587 2484
573 8109 569 2494
583 8118 578 2489
533 8118 533 2514
569 8116 569 2494
592 8186 587 2484
593 8182 587 2484
593 8182 587 2484
593 8182 587 2484
593 8182 587 2484
593 8182 587 2484
593 8182 587 2484
593 8182 587 2484
593 8182 587 2484
593 8182 587 2484
592 8186 587 2484
592 8186 587 2484
592 8186 587 2484
592 8186 587 2484
592 8186 587 2484
592 8186 587 2484
592 8186 587 2484
592 8186 587 2484
592 8186 587 2484
592 8186 587 2484
592 8186 587 2484
592 8186 587 2484
592 8186 587 2484
592 8186 587 2484
592 8186 587 2484
592 8186 587 2484
592 8186 587 2484
592 8186 587 2484
592 8186 587 2484
592 8186 587 2484
592 8186 587 2484
592 8186 587 2484
592 8186 587 2484
592 8186 587 2484
592 8186 587 2484
592 8186 587 2484
592 8186 587 2484
592 8186 587 2484
592 8186 587 2484
592 8186 587 2484
592 8186 587 2484
592 8186 587 2484
592 8186 587 2484
592 8186 587 2484
592 8186 587 2484
592 8186 587 2484
592 8186 587 2484
592 8186 587 2484
592 8186 587 2484
592 8186 587 2484
592 8186 587 2484
592 8186 587 2484
592 8186 587 2484
592 8186 587 2484
592 8186 587 2484
592 8186 587 2484
592 8186 587 2484
592 8186 587 2484
592 8186 587 2484
592 8186 587 2484
592 8186 587 2484
592 8186 587 2484
592 8186 587 2484
592 8186 587 2484
592 8186 587 2484
592 8186 587 2484
592 8186 587 2484
592 8186 587 2484
592 8186 587 2484
592 8186 587 2484
592 8186 587 2484
592 8186 587 2484
592 8186 587 2484
592 8186 587 2484
592 8186 587 2484
592 8186 587 2484
592 8186 587 2484
592 8186 587 2484
592 8186 587 2484
592 8186 587 2484
592 8186 587 2484
592 8186 587 2484
592 8186 587 2484
592 8186 587 2484
592 8186 587 2484
592 8186 587 2484
592 8186 587 2484
592 8186 587 2484
592 8186 587 2484
592 8186 587 2484
592 8186 587 2484
592 8186 587 2484
592 8186 587 2484
592 8186 587 2484
592 8186 587 2484
592 8186 587 2484
592 8186 587 2484
592 8186 587 2484
592 8186 587 2484
592 8186 587 2484
592 8186 587 2484
592 8186 587 2484
592 8186 587 2484
592 8186 587 2484
592 8186 587 2484
592 8186 587 2484
592 8186 587 2484
592 8186 587 2484
592 8186 587 2484
592 8186 587 2484
592 8186 587 2484
592 8186 587 2484
592 8186 587 2484
592 8186 587 2484
592 8186 587 2484
592 8186 587 2484
592 8186 587 2484
592 8186 587 2484
592 8186 587 2484
592 8186 587 2484
592 8186 587 2484
592 8186 587 2484
592 8186 587 2484
592 8186 587 2484
592 8186 587 2484
592 8186 587 2484
592 8186 587 2484
592 8186 587 2484
592 8186 587 2484
592 8186 587 2484
592 8186 587 2484
592 8186 587 2484
592 8186 587 2484
592 8186 587 2484
592 8186 587 2484
592 8186 587 2484
592 8186 587 2484
592 8186 587 2484
592 8186 587 2484
592 8186 587 2484
592 8186 587 2484
592 8186 587 2484
592 8186 587 2484
592 8186 587 2484
592 8186 587 2484
592 8186 587 2484
592 8186 587 2484
592 8186 587 2484
592 8186 587 2484
592 8186 587 2484
592 8186 587 2484
592 8186 587 2484
592 8186 587 2484
592 8186 587 2484
592 8186 587 2484
592 8186 587 2484
592 8186 587 2484
592 8186 587 2484
592 8186 587 2484
592 8186 587 2484
592 8186 587 2484
592 8186 587 2484
592 8186 587 2484
592 8186 587 2484
592 8186 587 2484
592 8186 587 2484
592 8186 587 2484
592 8186 587 2484
592 8186 587 2484
592 8186 587 2484
587 8190 587 2484
592 8189 587 2484
592 8186 587 2493
587 8194 587 2484
578 8253 578 2489
587 8188 578 2489
583 8211 578 2489
592 8189 587 2484
592 8190 587 2484
589 8202 578 2489
587 8196 587 2484
592 8191 587 2484
587 8233 587 2484
592 8193 587 2484
592 8193 587 2484
592 8192 587 2491
589 8274 587 2484
587 8283 587 2484
592 8195 587 2484
588 8306 587 2484
593 8198 587 2484
592 8199 587 2484
592 8201 587 2484
594 8204 587 2484
592 8205 587 2484
592 8205 587 2484
592 8206 587 2484
592 8210 587 2484
592 8213 587 2484
592 8214 587 2484
592 8221 587 2484
592 8220 587 2491
592 8222 587 2484
594 8222 587 2484
592 8233 587 2484
594 8224 587 2484
592 8250 587 2484
594 8225 587 2484
592 8252 587 2484
592 8252 587 2484
596 8232 587 2484
592 8260 587 2484
596 8255 587 2484
593 8260 587 2484
592 8276 587 2484
592 8262 587 2491
594 8260 587 2484
594 8260 587 2484
593 8266 587 2484
592 8280 587 2484
596 8273 587 2484
594 8292 587 2491
593 8295 587 2484
592 8303 587 2484
597 8279 587 2484
596 8293 587 2484
593 8302 587 2484
592 8310 587 2484
610 8295 587 2484
598 8301 587 2484
596 8305 587 2484
592 8323 587 2484
602 8303 587 2484
599 8318 587 2484
597 8321 587 2484
592 8330 587 2484
599 8324 587 2484
599 8324 587 2484
594 8332 587 2484
592 8348 587 2484
600 8341 587 2484
592 8349 587 2484
607 8348 587 2484
600 8350 587 2484
593 8352 587 2484
592 8355 587 2484
596 8352 587 2484
593 8357 587 2484
593 8377 587 2484
595 8388 587 2484
593 8392 587 2484
594 8425 587 2484
602 8427 587 2484
598 8507 587 2484
605 8442 587 2484
604 8456 587 2484
603 8462 587 2484
608 8453 587 2484
604 8486 587 2484
608 8501 587 2484
623 8620 587 2484
624 8667 587 2484
623 8737 587 2484
631 8775 587 2484
632 8984 587 2484
634 9024 587 2484
634 9024 587 2484
655 9079 587 2484
638 9100 587 2484
592 8186 587 2484
587 8190 587 2484
587 8190 587 2484
551 8006 551 2504
523 8063 523 2524
523 8063 523 2524
551 8006 551 2504
560 8058 560 2499
569 8116 569 2494
543 8049 542 2509
560 8058 560 2499
592 8186 587 2484
578 8122 578 2489
524 8075 524 2519
533 8118 533 2514
538 8103 533 2514
583 8118 578 2489
542 8078 542 2509
578 8093 569 2494
578 8122 578 2489
543 8049 542 2509
524 8075 524 2519
578 8093 569 2494
538 8103 533 2514
573 8109 569 2494
542 8078 542 2509
573 8109 569 2494
583 8118 578 2489
533 8118 533 2514
569 8116 569 2494
592 8186 587 2484
592 8186 587 2484
592 8186 587 2484
592 8186 587 2484
592 8186 587 2484
592 8186 587 2484
592 8186 587 2484
592 8186 587 2484
592 8186 587 2484
592 8186 587 2484
592 8186 587 2484
592 8186 587 2484
592 8186 587 2484
592 8186 587 2484
592 8186 587 2484
592 8186 587 2484
592 8186 587 2484
592 8186 587 2484
592 8186 587 2484
592 8186 587 2484
592 8186 587 2484
592 8186 587 2484
592 8186 587 2484
592 8186 587 2484
592 8186 587 2484
592 8186 587 2484
592 8186 587 2484
592 8186 587 2484
592 8186 587 2484
592 8186 587 2484
592 8186 587 2484
592 8186 587 2484
592 8186 587 2484
592 8186 587 2484
592 8186 587 2484
592 8186 587 2484
592 8186 587 2484
592 8186 587 2484
592 8186 587 2484
592 8186 587 2484
592 8186 587 2484
592 8186 587 2484
592 8186 587 2484
592 8186 587 2484
592 8186 587 2484
592 8186 587 2484
592 8186 587 2484
592 8186 587 2484
592 8186 587 2484
592 8186 587 2484
592 8186 587 2484
592 8186 587 2484
592 8186 587 2484
592 8186 587 2484
592 8186 587 2484
592 8186 587 2484
592 8186 587 2484
592 8186 587 2484
592 8186 587 2484
592 8186 587 2484
592 8186 587 2484
592 8186 587 2484
592 8186 587 2484
592 8186 587 2484
592 8186 587 2484
592 8186 587 2484
592 8186 587 2484
592 8186 587 2484
592 8186 587 2484
592 8186 587 2484
592 8186 587 2484
592 8186 587 2484
592 8186 587 2484
592 8186 587 2484
592 8186 587 2484
592 8186 587 2484
592 8186 587 2484
592 8186 587 2484
592 8186 587 2484
592 8186 587 2484
592 8186 587 2484
592 8186 587 2484
592 8186 587 2484
592 8186 587 2484
592 8186 587 2484
592 8186 587 2484
592 8186 587 2484
592 8186 587 2484
592 8186 587 2484
592 8186 587 2484
592 8186 587 2484
592 8186 587 2484
592 8186 587 2484
592 8186 587 2484
592 8186 587 2484
592 8186 587 2484
592 8186 587 2484
592 8186 587 2484
592 8186 587 2484
592 8186 587 2484
592 8186 587 2484
592 8186 587 2484
592 8186 587 2484
592 8186 587 2484
592 8186 587 2484
592 8186 587 2484
592 8186 587 2484
592 8186 587 2484
592 8186 587 2484
592 8186 587 2484
592 8186 587 2484
592 8186 587 2484
592 8186 587 2484
592 8186 587 2484
592 8186 587 2484
592 8186 587 2484
592 8186 587 2484
592 8186 587 2484
592 8186 587 2484
592 8186 587 2484
592 8186 587 2484
592 8186 587 2484
592 8186 587 2484
592 8186 587 2484
592 8186 587 2484
592 8186 587 2484
592 8186 587 2484
592 8186 587 2484
592 8186 587 2484
592 8186 587 2484
592 8186 587 2484
592 8186 587 2484
592 8186 587 2484
592 8186 587 2484
592 8186 587 2484
592 8186 587 2484
592 8186 587 2484
592 8186 587 2484
592 8186 587 2484
592 8186 587 2484
592 8186 587 2484
592 8186 587 2484
592 8186 587 2484
592 8186 587 2484
592 8186 587 2484
592 8186 587 2484
592 8186 587 2484
592 8186 587 2484
592 8186 587 2484
592 8186 587 2484
592 8186 587 2484
592 8186 587 2484
592 8186 587 2484
592 8186 587 2484
592 8186 587 2484
592 8186 587 2484
592 8186 587 2484
592 8186 587 2484
592 8186 587 2484
592 8186 587 2484
592 8186 587 2484
592 8186 587 2484
592 8186 587 2484
592 8186 587 2484
592 8186 587 2484
592 8186 587 2484
592 8186 587 2484
592 8186 587 2484
592 8186 587 2484
592 8186 587 2484
592 8186 587 2484
587 8190 587 2484
587 8190 587 2484
587 8190 587 2484
587 8190 587 2484
587 8190 587 2484
587 8190 587 2484
592 8191 587 2484
592 8191 587 2484
592 8191 587 2484
587 8199 587 2484
592 8192 587 2484
592 8192 587 2484
587 8219 587 2484
592 8193 587 2484
589 8233 587 2484
587 8241 587 2484
597 8197 587 2484
597 8197 587 2484
592 8199 587 2484
587 8243 587 2484
587 8243 587 2484
592 8203 587 2484
592 8203 587 2484
587 8244 587 2484
594 8204 587 2484
592 8213 587 2484
592 8214 587 2484
592 8215 587 2484
592 8215 587 2484
592 8215 587 2484
592 8216 587 2484
592 8222 587 2484
592 8222 587 2484
594 8227 587 2484
594 8227 587 2484
592 8234 587 2484
592 8225 587 2491
597 8231 587 2484
592 8236 587 2484
599 8232 587 2484
597 8233 587 2484
597 8233 587 2484
593 8255 587 2484
592 8278 587 2484
592 8246 587 2493
597 8248 587 2484
593 8278 587 2484
592 8298 587 2484
593 8280 587 2484
592 8330 587 2484
594 8288 587 2484
592 8346 587 2484
596 8289 587 2484
595 8454 587 2484
599 8291 587 2484
598 8292 587 2484
597 8295 587 2484
596 8301 587 2484
611 8291 587 2493
598 8304 587 2484
596 8415 587 2484
602 8311 587 2484
599 8324 587 2484
629 8324 587 2484
614 8339 587 2484
599 8344 587 2484
600 8344 587 2484
600 8344 587 2484
599 8388 587 2484
613 8352 587 2484
606 8355 587 2484
601 8364 587 2484
599 8440 587 2484
599 8429 587 2493
601 8373 587 2484
600 8531 587 2484
602 8429 587 2484
601 8476 587 2484
600 8668 587 2484
602 8454 587 2484
606 8458 587 2484
603 8498 587 2484
612 8474 587 2484
605 8517 587 2484
604 8546 587 2484
603 8709 587 2484
610 8525 587 2484
609 8636 587 2484
623 8582 587 2484
615 8610 587 2493
613 8650 587 2484
632 8751 587 2484
619 8828 587 2484
625 8844 587 2484
636 8932 587 2484
634 9029 587 2484
645 8981 587 2484
670 9132 587 2484
648 9234 587 2484
592 8178 587 2484
587 8182 587 2484
587 8182 587 2484
551 8006 551 2504
523 8063 523 2524
523 8063 523 2524
551 8006 551 2504
560 8058 560 2499
569 8116 569 2494
543 8049 542 2509
560 8058 560 2499
524 8075 524 2519
533 8118 533 2514
592 8178 587 2484
578 8122 578 2489
538 8103 533 2514
583 8118 578 2489
542 8078 542 2509
578 8093 569 2494
578 8122 578 2489
543 8049 542 2509
524 8075 524 2519
578 8093 569 2494
538 8103 533 2514
573 8109 569 2494
542 8078 542 2509
573 8109 569 2494
583 8118 578 2489
533 8118 533 2514
569 8116 569 2494
592 8178 587 2484
592 8178 587 2484
592 8178 587 2484
592 8178 587 2484
592 8178 587 2484
592 8178 587 2484
592 8178 587 2484
592 8178 587 2484
592 8178 587 2484
592 8178 587 2484
592 8178 587 2484
592 8178 587 2484
592 8178 587 2484
592 8178 587 2484
592 8178 587 2484
592 8178 587 2484
592 8178 587 2484
592 8178 587 2484
592 8178 587 2484
592 8178 587 2484
592 8178 587 2484
592 8178 587 2484
592 8178 587 2484
592 8178 587 2484
592 8178 587 2484
592 8178 587 2484
592 8178 587 2484
592 8178 587 2484
592 8178 587 2484
592 8178 587 2484
592 8178 587 2484
592 8178 587 2484
592 8178 587 2484
592 8178 587 2484
592 8178 587 2484
592 8178 587 2484
592 8178 587 2484
592 8178 587 2484
592 8178 587 2484
592 8178 587 2484
592 8178 587 2484
592 8178 587 2484
592 8178 587 2484
592 8178 587 2484
592 8178 587 2484
592 8178 587 2484
592 8178 587 2484
592 8178 587 2484
592 8178 587 2484
592 8178 587 2484
592 8178 587 2484
592 8178 587 2484
592 8178 587 2484
592 8178 587 2484
592 8178 587 2484
592 8178 587 2484
592 8178 587 2484
592 8178 587 2484
592 8178 587 2484
592 8178 587 2484
592 8178 587 2484
592 8178 587 2484
592 8178 587 2484
592 8178 587 2484
592 8178 587 2484
592 8178 587 2484
592 8178 587 2484
592 8178 587 2484
592 8178 587 2484
592 8178 587 2484
592 8178 587 2484
592 8178 587 2484
592 8178 587 2484
592 8178 587 2484
592 8178 587 2484
592 8178 587 2484
592 8178 587 2484
592 8178 587 2484
592 8178 587 2484
592 8178 587 2484
592 8178 587 2484
592 8178 587 2484
592 8178 587 2484
592 8178 587 2484
592 8178 587 2484
592 8178 587 2484
592 8178 587 2484
592 8178 587 2484
592 8178 587 2484
592 8178 587 2484
592 8178 587 2484
592 8178 587 2484
592 8178 587 2484
592 8178 587 2484
592 8178 587 2484
592 8178 587 2484
592 8178 587 2484
592 8178 587 2484
592 8178 587 2484
592 8178 587 2484
592 8178 587 2484
592 8178 587 2484
592 8178 587 2484
592 8178 587 2484
592 8178 587 2484
592 8178 587 2484
592 8178 587 2484
592 8178 587 2484
592 8178 587 2484
592 8178 587 2484
592 8178 587 2484
592 8178 587 2484
592 8178 587 2484
592 8178 587 2484
592 8178 587 2484
592 8178 587 2484
592 8178 587 2484
592 8178 587 2484
592 8178 587 2484
592 8178 587 2484
592 8178 587 2484
592 8178 587 2484
592 8178 587 2484
592 8178 587 2484
592 8178 587 2484
592 8178 587 2484
592 8178 587 2484
592 8178 587 2484
592 8178 587 2484
592 8178 587 2484
592 8178 587 2484
592 8178 587 2484
592 8178 587 2484
592 8178 587 2484
592 8178 587 2484
592 8178 587 2484
592 8178 587 2484
592 8178 587 2484
592 8178 587 2484
592 8178 587 2484
592 8178 587 2484
592 8178 587 2484
592 8178 587 2484
592 8178 587 2484
592 8178 587 2484
592 8178 587 2484
592 8178 587 2484
592 8178 587 2484
592 8178 587 2484
592 8178 587 2484
592 8178 587 2484
592 8178 587 2484
592 8178 587 2484
592 8178 587 2484
592 8178 587 2484
592 8178 587 2484
592 8178 587 2484
592 8178 587 2484
592 8178 587 2484
592 8178 587 2484
592 8178 587 2484
592 8178 587 2484
592 8178 587 2484
592 8178 587 2484
592 8178 587 2484
592 8178 587 2484
592 8178 587 2484
592 8178 587 2484
587 8182 587 2484
587 8182 587 2484
587 8182 587 2484
592 8179 587 2484
592 8179 587 2484
592 8179 587 2484
592 8179 587 2484
592 8179 587 2484
587 8216 587 2484
592 8181 587 2484
587 8249 587 2484
592 8182 587 2484
592 8186 587 2484
592 8187 587 2484
592 8189 587 2484
592 8189 587 2484
592 8192 587 2484
592 8197 587 2484
592 8201 587 2484
592 8203 587 2484
592 8204 587 2484
592 8212 587 2484
592 8218 587 2484
592 8219 587 2484
597 8220 587 2484
592 8224 587 2484
595 8226 587 2484
592 8231 587 2484
594 8240 587 2484
592 8252 587 2484
592 8255 587 2484
592 8262 587 2484
594 8267 587 2484
592 8270 587 2484
592 8274 587 2484
595 8276 587 2484
592 8295 587 2484
596 8279 587 2484
593 8350 587 2484
600 8281 587 2484
598 8323 587 2484
597 8282 587 2493
596 8366 587 2484
596 8346 587 2493
602 8292 587 2484
601 8322 587 2484
600 8333 587 2484
599 8371 587 2484
597 8386 587 2484
596 8406 587 2484
601 8353 587 2484
601 8353 587 2484
601 8353 587 2484
600 8354 587 2484
597 8417 587 2484
601 8358 587 2484
600 8390 587 2484
601 8362 587 2484
601 8362 587 2484
601 8362 587 2484
601 8362 587 2484
600 8418 587 2484
601 8363 587 2484
601 8365 587 2484
601 8367 587 2484
601 8367 587 2484
601 8372 587 2484
601 8372 587 2484
601 8374 587 2484
601 8375 587 2484
601 8381 587 2484
606 8382 587 2484
601 8383 587 2484
601 8383 587 2484
602 8396 587 2484
601 8400 587 2484
602 8405 587 2484
601 8408 587 2484
601 8406 587 2493
602 8427 587 2484
601 8446 587 2484
605 8458 587 2484
604 8433 587 2493
601 8519 587 2484
606 8460 587 2484
603 8593 587 2484
611 8474 587 2484
610 8560 587 2484
603 8647 587 2484
611 8610 587 2484
606 8723 587 2484
613 8647 587 2484
614 8700 587 2484
618 8739 587 2493
617 8754 587 2484
624 8918 587 2484
619 8938 587 2484
636 8990 587 2484
634 9013 587 2484
629 9026 587 2484
634 9275 587 2484
647 9302 587 2493
