344 20.7409
587 8655 587 2484
534 8018 523 2524
529 7984 524 2519
523 8038 523 2524
578 8477 578 2489
569 8311 569 2494
569 8311 569 2494
560 8208 560 2499
560 8208 560 2499
551 8127 551 2504
542 8092 542 2509
551 8127 551 2504
533 8010 533 2514
546 8075 542 2509
533 8010 533 2514
524 8057 524 2519
524 8057 524 2519
542 8092 542 2509
545 8076 542 2509
523 8038 523 2524
546 8075 542 2509
545 8076 542 2509
569 8311 569 2494
542 8092 542 2509
542 8092 542 2509
542 8092 542 2509
542 8092 542 2509
542 8092 542 2509
542 8092 542 2509
533 8010 533 2514
587 8656 587 2484
587 8656 587 2484
529 7991 524 2519
529 7991 524 2519
525 8069 524 2519
569 8320 569 2494
578 8486 578 2489
578 8486 578 2489
560 8212 560 2499
560 8212 560 2499
551 8130 551 2504
542 8096 542 2509
533 8013 533 2514
551 8130 551 2504
545 8084 542 2509
533 8013 533 2514
525 8069 524 2519
545 8084 542 2509
587 8656 587 2484
587 8656 587 2484
587 8656 587 2484
587 8656 587 2484
587 8656 587 2484
587 8656 587 2484
587 8656 587 2484
587 8656 587 2484
587 8656 587 2484
587 8656 587 2484
587 8656 587 2484
578 8486 578 2489
578 8486 578 2489
578 8486 578 2489
578 8486 578 2489
578 8486 578 2489
578 8486 578 2489
560 8212 560 2499
560 8212 560 2499
560 8212 560 2499
560 8212 560 2499
560 8212 560 2499
545 8084 542 2509
533 8013 533 2514
533 8013 533 2514
529 7991 524 2519
529 7991 524 2519
529 7991 524 2519
529 7991 524 2519
529 7991 524 2519
529 7991 524 2519
529 7991 524 2519
529 7991 524 2519
590 8656 587 2484
587 8660 587 2484
587 8660 587 2484
529 7994 524 2519
560 8214 560 2499
551 8141 551 2504
533 8049 533 2514
578 8491 578 2489
569 8325 569 2494
578 8491 578 2489
569 8325 569 2494
542 8100 542 2509
542 8100 542 2509
590 8656 587 2484
590 8656 587 2484
590 8656 587 2484
590 8656 587 2484
590 8656 587 2484
590 8656 587 2484
590 8656 587 2484
590 8656 587 2484
590 8656 587 2484
590 8656 587 2484
590 8656 587 2484
590 8656 587 2484
590 8656 587 2484
590 8656 587 2484
590 8656 587 2484
590 8656 587 2484
590 8656 587 2484
590 8656 587 2484
590 8656 587 2484
590 8656 587 2484
590 8656 587 2484
590 8656 587 2484
590 8656 587 2484
590 8656 587 2484
590 8656 587 2484
590 8656 587 2484
590 8656 587 2484
590 8656 587 2484
590 8656 587 2484
590 8656 587 2484
590 8656 587 2484
590 8656 587 2484
590 8656 587 2484
590 8656 587 2484
590 8656 587 2484
587 8660 587 2484
587 8660 587 2484
587 8660 587 2484
587 8660 587 2484
587 8660 587 2484
587 8660 587 2484
587 8660 587 2484
587 8660 587 2484
587 8660 587 2484
587 8660 587 2484
587 8660 587 2484
587 8660 587 2484
587 8660 587 2484
587 8660 587 2484
587 8660 587 2484
587 8660 587 2484
587 8660 587 2484
587 8660 587 2484
587 8660 587 2484
587 8660 587 2484
587 8660 587 2484
587 8660 587 2484
587 8660 587 2484
587 8660 587 2484
587 8660 587 2484
587 8660 587 2484
587 8660 587 2484
587 8660 587 2484
587 8660 587 2484
587 8660 587 2484
587 8660 587 2484
587 8660 587 2484
587 8660 587 2484
587 8660 587 2484
587 8660 587 2484
587 8660 587 2484
587 8660 587 2484
587 8660 587 2484
587 8660 587 2484
587 8660 587 2484
587 8660 587 2484
587 8660 587 2484
587 8660 587 2484
587 8660 587 2484
587 8660 587 2484
587 8660 587 2484
587 8660 587 2484
587 8660 587 2484
587 8660 587 2484
587 8660 587 2484
587 8660 587 2484
578 8491 578 2489
542 8100 542 2509
590 8671 587 2484
587 8674 587 2484
558 8077 524 2519
534 8133 524 2519
533 8088 533 2514
578 8500 578 2489
569 8378 569 2494
560 8216 560 2499
551 8150 551 2504
542 8106 542 2509
587 8683 587 2484
571 8577 524 2519
536 8093 533 2514
560 8222 560 2499
578 8509 578 2489
551 8155 551 2504
542 8130 542 2509
569 8381 569 2494
572 8378 569 2494
590 8695 587 2484
587 8730 587 2484
538 8093 533 2514
578 8512 578 2489
569 8382 569 2494
560 8258 560 2499
551 8194 551 2504
542 8138 542 2509
587 8731 587 2484
542 8148 542 2509
578 8521 578 2489
569 8403 569 2494
560 8271 560 2499
551 8204 551 2504
588 8793 587 2484
549 8161 542 2509
542 8192 542 2509
578 8522 578 2489
569 8411 569 2494
560 8305 560 2499
551 8208 551 2504
587 8731 587 2488
545 8185 542 2509
595 8863 587 2484
557 8207 542 2509
542 8259 542 2509
569 8415 569 2494
551 8223 551 2504
578 8565 578 2489
581 8525 578 2489
563 8326 560 2499
560 8340 560 2499
609 8873 587 2484
556 8353 542 2509
551 8246 551 2504
569 8419 569 2494
581 8529 578 2489
578 8587 578 2489
560 8383 560 2499
576 8358 560 2499
590 8402 542 2509
581 8553 578 2489
578 8593 578 2489
551 8257 551 2504
560 8385 560 2499
569 8435 569 2494
572 8429 569 2494
570 8431 569 2494
581 8558 578 2489
578 8594 578 2489
551 8271 551 2504
560 8399 560 2499
569 8441 569 2494
578 8638 578 2489
564 8271 551 2504
551 8273 551 2504
560 8409 560 2499
569 8476 569 2494
578 8632 578 2493
578 8644 578 2489
562 8309 551 2504
551 8312 551 2504
569 8480 569 2494
560 8430 560 2499
572 8477 569 2494
561 8416 560 2499
585 8645 578 2489
584 8678 578 2489
551 8351 551 2504
569 8485 569 2494
560 8432 560 2499
573 8428 560 2499
588 8777 578 2489
551 8361 551 2504
560 8434 560 2499
569 8490 569 2494
570 8489 569 2494
610 8784 578 2489
551 8363 551 2504
569 8499 569 2494
566 8470 560 2499
560 8472 560 2499
588 8658 551 2504
575 8806 551 2504
569 8500 569 2494
569 8494 569 2507
560 8577 560 2499
576 8510 560 2499
574 8535 560 2499
578 8767 560 2499
573 8522 569 2494
569 8527 569 2494
588 8767 560 2499
582 8541 569 2494
569 8557 569 2494
574 8555 569 2494
589 8552 569 2494
575 8612 569 2494
601 9075 569 2494
587 8562 587 2484
587 8562 587 2484
524 7938 523 2524
524 7938 523 2524
523 7946 523 2524
551 8130 551 2504
578 8409 578 2489
578 8409 578 2489
569 8284 569 2494
569 8284 569 2494
560 8194 560 2499
542 8058 542 2509
560 8194 560 2499
533 8009 533 2514
542 8058 542 2509
534 7946 524 2519
533 8009 533 2514
524 7955 524 2519
524 7955 524 2519
587 8562 587 2484
587 8562 587 2484
587 8562 587 2484
587 8562 587 2484
587 8562 587 2484
578 8409 578 2489
578 8409 578 2489
578 8409 578 2489
569 8284 569 2494
569 8284 569 2494
569 8284 569 2494
524 7938 523 2524
524 7938 523 2524
524 7938 523 2524
524 7938 523 2524
587 8567 587 2484
587 8567 587 2484
534 7940 523 2524
534 7940 523 2524
523 7952 523 2524
569 8285 569 2494
578 8412 578 2489
578 8412 578 2489
560 8199 560 2499
551 8133 551 2504
542 8062 542 2509
560 8199 560 2499
551 8133 551 2504
542 8062 542 2509
533 8017 533 2514
534 8014 533 2514
534 7956 524 2519
524 7964 524 2519
524 7964 524 2519
533 8017 533 2514
534 8014 533 2514
523 7952 523 2524
587 8567 587 2484
587 8567 587 2484
587 8567 587 2484
587 8567 587 2484
587 8567 587 2484
587 8567 587 2484
578 8412 578 2489
578 8412 578 2489
578 8412 578 2489
578 8412 578 2489
578 8412 578 2489
578 8412 578 2489
578 8412 578 2489
578 8412 578 2489
533 8017 533 2514
533 8017 533 2514
524 7964 524 2519
523 7952 523 2524
587 8568 587 2484
523 7955 523 2524
578 8414 578 2489
569 8289 569 2494
560 8209 560 2499
542 8082 542 2509
524 7966 524 2519
534 8020 533 2514
551 8136 551 2504
533 8075 533 2514
551 8136 551 2504
551 8136 551 2504
587 8580 587 2484
528 8000 523 2524
524 7967 524 2519
578 8417 578 2489
569 8290 569 2494
551 8144 551 2504
542 8087 542 2509
534 8051 533 2514
560 8222 560 2499
560 8222 560 2499
533 8082 533 2514
587 8582 587 2484
543 8035 523 2524
533 8052 523 2524
524 8001 524 2519
578 8423 578 2489
569 8291 569 2494
560 8232 560 2499
551 8146 551 2504
534 8054 533 2514
542 8094 542 2509
533 8109 533 2514
542 8094 542 2509
587 8656 587 2484
525 8008 524 2519
578 8432 578 2489
560 8235 560 2499
551 8147 551 2504
542 8095 542 2509
569 8298 569 2494
569 8298 569 2494
534 8054 533 2516
538 8057 533 2514
535 8153 533 2514
536 8066 533 2514
587 8671 587 2484
543 8016 524 2519
543 8016 524 2519
532 8061 524 2519
569 8302 569 2494
560 8242 560 2499
551 8151 551 2504
578 8437 578 2489
578 8437 578 2489
542 8096 542 2509
535 8244 533 2514
542 8083 533 2514
536 8159 533 2514
533 8017 524 2519
538 8117 533 2514
539 8110 533 2514
587 8674 587 2484
532 8070 524 2519
578 8446 578 2489
569 8305 569 2494
560 8250 560 2499
551 8153 551 2504
542 8098 542 2509
537 8167 533 2514
593 8681 587 2484
567 8111 524 2519
542 8107 542 2509
537 8181 524 2519
578 8450 578 2489
569 8307 569 2494
551 8156 551 2504
560 8257 560 2499
539 8227 533 2514
593 8817 587 2484
542 8109 542 2509
540 8194 524 2519
578 8452 578 2489
569 8325 569 2494
560 8261 560 2499
542 8306 533 2514
552 8156 551 2504
551 8159 551 2508
551 8165 551 2504
578 8453 578 2489
542 8118 542 2509
540 8297 524 2519
551 8175 551 2504
569 8326 569 2494
549 8387 533 2514
558 8335 533 2514
542 8118 542 2509
560 8262 560 2499
560 8262 560 2499
578 8454 578 2489
565 8450 524 2519
542 8129 542 2509
551 8180 551 2504
560 8273 560 2499
569 8331 569 2494
558 8356 533 2514
595 8939 524 2519
578 8458 578 2489
578 8458 578 2489
542 8134 542 2509
558 8525 533 2514
569 8334 569 2494
551 8186 551 2504
560 8275 560 2499
580 8459 578 2489
578 8460 578 2489
571 8558 533 2514
544 8147 542 2509
542 8160 542 2509
551 8198 551 2504
569 8340 569 2494
562 8281 560 2499
560 8288 560 2499
578 8464 578 2489
550 8154 542 2509
542 8203 542 2509
569 8342 569 2494
560 8319 560 2499
567 8297 560 2499
553 8217 551 2504
551 8238 551 2504
578 8475 578 2489
542 8214 542 2509
569 8353 569 2494
560 8340 560 2499
551 8327 551 2504
558 8248 551 2504
552 8260 551 2504
578 8484 578 2489
551 8217 551 2513
544 8234 542 2509
569 8363 569 2494
564 8348 560 2499
558 8260 551 2504
560 8368 560 2499
551 8409 551 2504
552 8217 542 2509
557 8361 551 2504
578 8490 578 2489
551 8246 542 2509
569 8378 569 2494
558 8286 551 2504
567 8368 560 2499
560 8408 560 2499
551 8454 551 2504
587 8368 551 2504
578 8493 578 2489
557 8256 542 2509
551 8302 542 2509
569 8396 569 2494
560 8409 560 2499
566 8412 551 2504
578 8499 578 2489
557 8310 542 2509
551 8380 542 2509
566 8481 551 2504
560 8418 560 2499
571 8404 569 2494
569 8422 569 2494
585 8778 551 2504
578 8500 578 2489
571 8809 551 2504
556 8383 542 2509
552 8407 542 2509
560 8425 560 2499
569 8466 569 2494
576 8419 569 2494
578 8505 578 2489
557 8418 542 2509
555 8422 542 2509
569 8486 569 2494
560 8448 560 2506
561 8438 560 2499
577 8426 569 2494
576 8467 569 2494
560 8468 560 2499
593 8441 569 2494
578 8516 578 2489
560 8523 560 2499
558 8422 542 2509
564 8510 560 2499
569 8490 569 2494
569 8490 569 2494
578 8533 578 2489
571 8456 542 2509
564 8707 542 2509
575 8527 560 2499
567 8528 560 2499
578 8528 578 2493
569 8512 569 2494
569 8512 569 2494
583 8508 542 2509
578 8558 578 2489
567 8756 542 2509
577 8553 560 2499
571 8516 569 2494
578 8705 542 2509
569 8538 569 2494
600 8644 551 2513
589 8707 560 2499
578 8559 578 2489
569 8555 569 2494
593 8882 560 2508
584 8564 578 2489
578 8569 578 2489
575 8555 569 2494
584 8711 569 2494
578 8626 578 2489
575 8865 569 2494
578 8752 569 2494
588 8636 578 2489
584 8699 578 2489
583 8966 569 2494
593 8665 578 2489
607 8974 578 2489
587 8564 587 2484
587 8564 587 2484
523 7978 523 2524
523 7978 523 2524
578 8404 578 2489
551 8110 551 2504
569 8287 569 2494
569 8287 569 2494
560 8188 560 2499
560 8188 560 2499
542 8059 542 2509
533 8034 533 2514
525 7999 524 2519
542 8059 542 2509
538 8003 533 2514
524 8002 524 2519
534 8008 533 2514
538 8003 533 2514
533 8034 533 2514
525 7999 524 2519
524 8002 524 2519
587 8564 587 2484
587 8564 587 2484
587 8564 587 2484
587 8564 587 2484
587 8564 587 2484
587 8564 587 2484
587 8564 587 2484
587 8564 587 2484
587 8564 587 2484
587 8564 587 2484
587 8564 587 2484
587 8564 587 2484
587 8564 587 2484
587 8564 587 2484
587 8564 587 2484
587 8564 587 2484
587 8564 587 2484
587 8564 587 2484
587 8564 587 2484
587 8564 587 2484
587 8564 587 2484
587 8564 587 2484
587 8564 587 2484
587 8564 587 2484
587 8564 587 2484
587 8564 587 2484
587 8564 587 2484
587 8564 587 2484
587 8564 587 2484
587 8564 587 2484
587 8564 587 2484
560 8188 560 2499
560 8188 560 2499
542 8059 542 2509
542 8059 542 2509
587 8568 587 2484
587 8568 587 2484
538 8017 533 2514
525 8018 524 2519
551 8121 551 2504
542 8061 542 2509
578 8409 578 2489
578 8409 578 2489
569 8288 569 2494
569 8288 569 2494
560 8191 560 2499
533 8060 533 2514
560 8191 560 2499
587 8568 587 2484
587 8568 587 2484
587 8568 587 2484
569 8288 569 2494
569 8288 569 2494
569 8288 569 2494
569 8288 569 2494
587 8569 587 2484
587 8569 587 2484
525 8021 524 2519
569 8290 569 2494
542 8068 542 2509
578 8410 578 2489
578 8410 578 2489
533 8126 533 2514
560 8195 560 2499
560 8195 560 2499
551 8124 551 2504
538 8044 533 2514
551 8124 551 2504
587 8571 587 2484
538 8047 533 2514
578 8411 578 2489
569 8291 569 2494
551 8134 551 2504
542 8077 542 2509
560 8196 560 2499
560 8196 560 2499
560 8196 560 2499
560 8196 560 2499
587 8574 587 2484
547 8111 533 2514
546 8078 542 2509
541 8124 533 2514
569 8295 569 2494
560 8200 560 2499
551 8145 551 2504
578 8416 578 2489
578 8416 578 2489
542 8108 542 2509
587 8575 587 2484
546 8080 542 2509
545 8140 533 2514
542 8109 542 2509
578 8417 578 2489
560 8202 560 2499
551 8150 551 2504
569 8296 569 2494
569 8296 569 2494
587 8576 587 2484
546 8086 542 2509
542 8112 542 2509
578 8418 578 2489
569 8297 569 2494
560 8203 560 2499
551 8155 551 2504
587 8580 587 2484
546 8093 542 2509
542 8118 542 2509
578 8419 578 2489
569 8300 569 2494
560 8205 560 2499
555 8155 551 2504
551 8167 551 2504
551 8167 551 2504
551 8167 551 2504
587 8581 587 2484
542 8139 542 2509
578 8420 578 2489
569 8302 569 2494
560 8207 560 2499
551 8168 551 2504
551 8168 551 2504
587 8582 587 2484
587 8582 587 2484
546 8158 542 2509
542 8218 542 2509
560 8209 560 2499
569 8305 569 2494
578 8422 578 2489
578 8422 578 2489
569 8304 569 2498
551 8171 551 2504
551 8171 551 2504
587 8593 587 2484
549 8161 542 2509
578 8424 578 2489
569 8306 569 2494
551 8173 551 2504
560 8210 560 2499
560 8210 560 2499
587 8596 587 2484
572 8318 542 2509
551 8175 551 2504
560 8214 560 2499
569 8316 569 2494
578 8425 578 2489
578 8425 578 2489
578 8425 578 2489
578 8425 578 2489
578 8425 578 2489
587 8602 587 2484
551 8176 551 2504
578 8427 578 2489
569 8319 569 2494
560 8221 560 2499
587 8617 587 2484
555 8178 551 2504
551 8181 551 2504
578 8429 578 2489
569 8321 569 2494
560 8223 560 2499
587 8619 587 2484
551 8192 551 2504
569 8322 569 2494
560 8224 560 2499
578 8432 578 2489
578 8432 578 2489
587 8622 587 2484
555 8193 551 2504
551 8208 551 2504
578 8433 578 2489
569 8323 569 2494
560 8226 560 2499
587 8624 587 2484
558 8219 551 2504
551 8220 551 2504
578 8434 578 2489
569 8326 569 2494
560 8229 560 2499
611 8657 587 2484
587 8664 587 2484
551 8228 551 2504
569 8329 569 2494
560 8231 560 2499
578 8436 578 2489
578 8436 578 2489
587 8702 587 2484
551 8230 551 2504
578 8437 578 2489
569 8330 569 2494
560 8244 560 2499
591 8717 587 2484
551 8231 551 2504
569 8332 569 2494
578 8439 578 2489
560 8253 560 2499
578 8439 578 2489
560 8246 560 2503
578 8439 578 2489
601 8914 587 2484
551 8250 551 2504
578 8440 578 2489
569 8338 569 2494
560 8282 560 2499
564 8270 560 2499
578 8441 578 2489
565 8260 551 2504
551 8261 551 2504
569 8355 569 2494
560 8293 560 2499
564 8280 560 2499
582 8306 551 2504
578 8442 578 2489
564 8293 560 2499
551 8311 551 2504
569 8368 569 2494
573 8363 569 2494
560 8298 560 2499
578 8444 578 2489
578 8444 578 2489
565 8338 551 2504
560 8300 560 2499
551 8340 551 2504
569 8370 569 2494
560 8300 560 2499
578 8446 578 2489
565 8342 551 2504
560 8307 560 2499
569 8377 569 2494
578 8447 578 2489
578 8447 578 2489
564 8309 560 2499
560 8310 560 2499
573 8381 569 2494
569 8408 569 2494
578 8452 578 2489
560 8332 560 2499
573 8388 569 2494
569 8432 569 2494
583 8469 569 2494
578 8462 578 2489
569 8475 569 2494
564 8363 560 2499
560 8370 560 2499
578 8430 578 2498
579 8483 569 2494
578 8464 578 2489
572 8370 560 2508
569 8552 569 2494
560 8387 560 2499
574 8386 560 2499
576 8539 569 2494
586 8547 569 2494
578 8466 578 2489
569 8576 569 2494
564 8431 560 2499
578 8695 569 2494
578 8472 578 2489
574 8445 560 2499
578 8478 578 2489
577 8453 560 2499
574 8474 560 2499
582 8515 578 2489
578 8518 578 2489
577 8468 560 2499
574 8525 560 2499
581 8494 569 2503
578 8526 578 2489
577 8522 560 2499
581 8640 560 2499
578 8544 578 2489
588 8802 569 2507
584 8809 560 2499
578 8547 578 2489
578 8596 578 2489
578 8635 578 2489
578 8642 578 2489
578 8663 578 2489
578 8660 578 2493
594 9002 578 2489
