287544 1740.12
725 11972 524 2521
560 9815 523 2587
560 9618 545 2561
634 10922 560 2501
624 10218 574 2512
564 9106 554 2540
608 9708 524 2543
563 9634 523 2577
725 11972 524 2521
699 11858 551 2506
601 10370 563 2521
564 9106 554 2540
560 9618 545 2561
609 10152 533 2527
683 11442 542 2511
699 11858 551 2506
639 11104 551 2508
671 11636 542 2511
594 9343 542 2552
683 11442 542 2511
657 10582 533 2524
610 10097 569 2523
564 9106 554 2540
606 9269 533 2582
671 11636 542 2511
634 10922 560 2501
646 11312 533 2514
594 9343 542 2552
626 10117 538 2530
628 11124 533 2520
635 10783 560 2507
606 9269 533 2582
591 9967 572 2520
699 11858 551 2506
725 11972 524 2521
561 9435 533 2548
564 9106 554 2540
567 9382 523 2547
560 9815 523 2587
563 9634 523 2577
646 11312 533 2514
564 9106 554 2540
560 9618 545 2561
577 9897 563 2524
639 10460 523 2532
564 9106 554 2540
635 10783 560 2507
606 9269 533 2582
575 9855 536 2543
683 11442 542 2511
699 11858 551 2506
630 10629 523 2534
583 10134 542 2535
606 9269 533 2582
575 9855 536 2543
608 9708 524 2543
564 9106 554 2540
575 9855 536 2543
567 9382 523 2547
663 11119 523 2528
618 10538 523 2536
575 9855 536 2543
561 9435 533 2548
576 9878 538 2540
612 10433 542 2515
613 10757 524 2527
604 10107 551 2517
665 11356 542 2513
631 10379 560 2509
619 10583 524 2523
591 9967 572 2520
665 11356 542 2513
604 10107 551 2517
634 10922 560 2501
665 11356 542 2513
560 9815 523 2587
590 9711 542 2531
634 10922 560 2501
590 9711 542 2531
594 9343 542 2552
575 9855 536 2543
606 10013 542 2526
628 11124 533 2520
613 10757 524 2527
601 10370 563 2521
593 10047 533 2535
635 10783 560 2507
560 9618 545 2561
576 9878 538 2540
627 10034 524 2529
598 10493 533 2532
609 10152 533 2527
606 10013 542 2526
584 10104 542 2524
601 10370 563 2521
612 10433 542 2515
628 11124 533 2520
584 10104 542 2524
627 10034 524 2529
630 10629 523 2534
598 10493 533 2532
612 10433 542 2515
626 10117 538 2530
610 10097 569 2523
593 10047 533 2535
633 10416 542 2519
575 9855 536 2543
634 10922 560 2501
612 10433 542 2515
606 9269 533 2582
631 10379 560 2509
663 11119 523 2528
567 9382 523 2547
561 9435 533 2548
608 9708 524 2543
630 10629 523 2534
665 11356 542 2513
593 10047 533 2535
626 10117 538 2530
639 11104 551 2508
657 10582 533 2524
663 11119 523 2528
612 10433 542 2515
671 11636 542 2511
635 10783 560 2507
639 10460 523 2532
613 10757 524 2527
584 10104 542 2524
619 10583 524 2523
593 10047 533 2535
563 9634 523 2577
613 10757 524 2527
563 9634 523 2577
725 11972 524 2521
590 9711 542 2531
609 10152 533 2527
634 10922 560 2501
627 10034 524 2529
563 9634 523 2577
663 11119 523 2528
631 10379 560 2509
601 10370 563 2521
594 9343 542 2552
663 11119 523 2528
663 11119 523 2528
601 10370 563 2521
634 10922 560 2501
671 11636 542 2511
618 10538 523 2536
634 10922 560 2501
612 10433 542 2515
663 11119 523 2528
601 10370 563 2521
630 10629 523 2534
725 11972 524 2521
683 11442 542 2511
606 9269 533 2582
560 9618 545 2561
646 11312 533 2514
598 10493 533 2532
663 11119 523 2528
598 10493 533 2532
560 9618 545 2561
560 9815 523 2587
560 9815 523 2587
564 9106 554 2540
560 9815 523 2587
699 11858 551 2506
560 9618 545 2561
671 11636 542 2511
683 11442 542 2511
699 11858 551 2506
601 10370 563 2521
663 11119 523 2528
564 9106 554 2540
606 10013 542 2526
577 9897 563 2524
646 11312 533 2514
683 11442 542 2511
671 11636 542 2511
601 10370 563 2521
560 9618 545 2561
663 11119 523 2528
609 10152 533 2527
560 9815 523 2587
594 9343 542 2552
683 11442 542 2511
591 9967 572 2520
610 10097 569 2523
591 9967 572 2520
601 10370 563 2521
564 9106 554 2540
575 9855 536 2543
663 11119 523 2528
624 10218 574 2512
630 10629 523 2534
606 9269 533 2582
631 10379 560 2509
613 10757 524 2527
699 11858 551 2506
612 10433 542 2515
575 9855 536 2543
612 10433 542 2515
663 11119 523 2528
618 10538 523 2536
608 9708 524 2543
575 9855 536 2543
564 9106 554 2540
626 10117 538 2530
657 10582 533 2524
575 9855 536 2543
635 10783 560 2507
639 10460 523 2532
613 10757 524 2527
606 9269 533 2582
583 10134 542 2535
563 9634 523 2577
563 9634 523 2577
593 10047 533 2535
631 10379 560 2509
591 9967 572 2520
665 11356 542 2513
613 10757 524 2527
665 11356 542 2513
560 9815 523 2587
590 9711 542 2531
590 9711 542 2531
606 10013 542 2526
613 10757 524 2527
630 10629 523 2534
560 9618 545 2561
576 9878 538 2540
598 10493 533 2532
561 9435 533 2548
598 10493 533 2532
610 10097 569 2523
593 10047 533 2535
633 10416 542 2519
609 10152 533 2527
646 11312 533 2514
563 9634 523 2577
560 9815 523 2587
564 9106 554 2540
699 11858 551 2506
671 11636 542 2511
567 9382 523 2547
725 11972 524 2521
591 9967 572 2520
663 11119 523 2528
560 9815 523 2587
594 9343 542 2552
591 9967 572 2520
610 10097 569 2523
591 9967 572 2520
575 9855 536 2543
663 11119 523 2528
630 10629 523 2534
594 9343 542 2552
671 11636 542 2511
609 10152 533 2527
634 10922 560 2501
683 11442 542 2511
564 9106 554 2540
601 10370 563 2521
594 9343 542 2552
601 10370 563 2521
634 10922 560 2501
699 11858 551 2506
634 10922 560 2501
612 10433 542 2515
564 9106 554 2540
601 10370 563 2521
630 10629 523 2534
683 11442 542 2511
606 9269 533 2582
646 11312 533 2514
579 9932 523 2539
725 11972 524 2521
671 11636 542 2511
576 9878 538 2540
613 10757 524 2527
560 9618 545 2561
584 10104 542 2524
627 10034 524 2529
671 11636 542 2511
560 9618 545 2561
590 9711 542 2531
634 10922 560 2501
560 9618 545 2561
564 9106 554 2540
594 9343 542 2552
634 10922 560 2501
612 10433 542 2515
567 9382 523 2547
594 9343 542 2552
646 11312 533 2514
634 10922 560 2501
593 10047 533 2535
608 9708 524 2543
671 11636 542 2511
