4578 180.069
570 10027 533 2524
551 9276 524 2551
552 9220 533 2574
549 9483 523 2558
584 9905 524 2533
589 10142 523 2536
579 9710 533 2546
613 10033 524 2529
590 10330 524 2529
546 9505 524 2591
547 9309 524 2591
582 10270 524 2540
567 10035 533 2550
567 9643 523 2554
577 9799 523 2552
600 9816 542 2545
588 10230 524 2531
583 9858 524 2549
649 11352 523 2534
580 9932 538 2536
562 9478 523 2585
583 9605 523 2556
549 9425 524 2585
577 9986 533 2548
704 11913 542 2521
600 9896 556 2544
699 12190 542 2521
554 9206 523 2618
543 9405 533 2579
543 9405 533 2579
554 9206 523 2618
570 9539 524 2553
556 9573 524 2560
578 9685 524 2551
608 10222 533 2530
584 9989 533 2539
589 10328 524 2535
586 10098 524 2538
639 10446 533 2524
564 9498 524 2560
619 10557 524 2529
607 10466 524 2531
620 10044 524 2538
594 9959 524 2549
569 9716 524 2553
587 9839 523 2554
610 10348 524 2533
567 9926 524 2558
584 10133 529 2543
574 10177 523 2556
581 10132 523 2552
610 10663 523 2538
635 10835 533 2526
601 10183 523 2545
599 10305 523 2543
599 10053 524 2547
605 10228 523 2543
582 9842 523 2561
639 10630 523 2538
591 10245 547 2533
573 9740 523 2565
630 10992 523 2536
660 10964 523 2536
716 12540 524 2556
676 12227 533 2531
796 13835 559 2583
633 11006 538 2569
688 11496 529 2576
640 10673 542 2543
718 12500 561 2565
665 11654 524 2562
737 12190 523 2550
682 11931 523 2568
739 12880 524 2565
635 11368 547 2555
711 12578 556 2587
703 12467 538 2549
687 11922 529 2588
732 11947 533 2537
671 11818 538 2613
718 12451 536 2598
648 11144 523 2577
666 11392 559 2573
713 12363 547 2551
701 12524 538 2582
607 10602 524 2552
604 10419 545 2582
683 12054 555 2608
628 10634 524 2565
676 11475 523 2547
673 11125 529 2578
696 12035 524 2578
723 12263 547 2563
754 12744 556 2535
723 12300 538 2561
702 11439 564 2572
667 11125 564 2622
750 13335 523 2554
731 12614 524 2584
668 11417 523 2547
689 11989 538 2562
728 12919 533 2571
746 12894 524 2570
653 11381 524 2564
659 11583 529 2581
694 12357 524 2547
756 13001 523 2559
702 12002 529 2576
672 11364 529 2577
684 11419 538 2574
702 11967 538 2549
732 13244 538 2580
659 11185 524 2584
676 11331 523 2552
665 11586 527 2550
676 11725 529 2581
717 12544 529 2570
718 12631 523 2541
724 12316 561 2563
631 10805 529 2568
650 11326 550 2577
669 11439 523 2556
661 11169 524 2565
649 11295 523 2554
738 12983 556 2577
663 11631 524 2542
732 12379 524 2571
723 12679 524 2564
714 12266 529 2561
664 11455 523 2581
697 12040 529 2575
709 12526 538 2605
660 11243 523 2578
688 11701 550 2607
708 12031 529 2577
714 12188 529 2583
805 14318 547 2558
691 12102 524 2582
653 11452 523 2578
620 10705 524 2542
659 11256 547 2571
692 12240 547 2558
777 13308 529 2597
682 12390 523 2592
701 12279 533 2542
656 11583 571 2611
754 13396 538 2570
607 10726 532 2564
754 12975 523 2600
691 12049 561 2558
681 11666 523 2599
639 10838 523 2579
731 11870 523 2545
727 11797 550 2561
610 10031 552 2595
721 12749 533 2540
739 12851 538 2563
700 11755 564 2580
743 13090 536 2581
624 10599 538 2554
691 12013 533 2551
757 12563 538 2587
648 11239 523 2557
630 10995 533 2540
633 11040 533 2538
680 11495 524 2558
712 12320 529 2581
658 10797 547 2540
661 11675 547 2560
706 12057 533 2587
724 12579 527 2610
717 11968 547 2623
692 11835 524 2578
728 12984 524 2586
643 10822 538 2562
664 11276 533 2575
665 11130 523 2550
643 10826 545 2596
700 11673 523 2595
775 13818 524 2563
692 11386 539 2579
680 11857 556 2560
785 14174 523 2567
707 12570 524 2567
650 10721 545 2606
667 11395 542 2560
675 11836 529 2564
718 11957 538 2545
713 12198 524 2556
713 12047 524 2587
647 11062 524 2563
623 10715 576 2598
712 11597 559 2553
707 12389 524 2567
641 11013 538 2545
742 12676 559 2567
757 13239 524 2554
711 12361 547 2578
705 12155 523 2552
628 10999 550 2583
695 11910 556 2588
684 11403 523 2570
681 11613 543 2570
701 12274 574 2616
728 12533 538 2566
704 12341 529 2577
624 10653 550 2585
758 12846 541 2602
675 12007 547 2582
669 11615 538 2556
709 12433 559 2561
697 11590 524 2583
622 10976 523 2573
637 10663 552 2572
719 12669 523 2567
693 12245 524 2560
658 11758 547 2576
743 12919 538 2559
711 12531 524 2565
670 11665 533 2577
707 12572 524 2558
710 12896 523 2547
725 12508 533 2585
738 12114 556 2586
699 12047 533 2560
635 11369 545 2598
756 12751 552 2586
711 12056 523 2563
607 10272 524 2554
695 12290 547 2584
716 11894 533 2588
679 11319 556 2557
709 12737 536 2598
713 12486 533 2551
662 11836 547 2569
678 11441 538 2570
739 12111 533 2567
713 12608 529 2576
620 10542 524 2580
714 11847 541 2607
654 11347 536 2583
600 10343 533 2569
690 11476 533 2544
792 13695 533 2539
657 11495 536 2565
666 11409 538 2567
608 10532 559 2568
734 11897 538 2592
691 12126 523 2549
744 12247 529 2559
735 12230 523 2579
719 12221 564 2623
693 11891 547 2560
663 11341 523 2609
694 11971 538 2563
633 10750 523 2540
640 11506 529 2582
804 13726 529 2586
656 11103 538 2563
694 12237 538 2551
687 12147 523 2545
786 13186 547 2571
604 10506 533 2535
699 12226 538 2561
657 11784 524 2569
691 12430 524 2602
689 12013 529 2573
655 11758 547 2578
717 12356 538 2570
629 10437 547 2569
728 12049 547 2565
708 12255 529 2566
586 10284 529 2568
709 12447 543 2564
718 12787 524 2580
763 12990 550 2575
683 12183 529 2570
714 12300 523 2577
754 13060 529 2593
690 11935 529 2567
712 12403 533 2557
688 11908 547 2565
663 11349 561 2578
684 11895 529 2566
675 12004 524 2556
686 12064 538 2608
704 12033 538 2563
658 10671 524 2565
682 12215 538 2571
698 12226 529 2578
661 11503 524 2555
694 12114 550 2580
740 12991 536 2559
677 11587 562 2598
651 11453 529 2554
753 13023 529 2579
673 11711 547 2567
658 11344 552 2567
682 11859 538 2636
660 11603 529 2577
