454992 2700.16
545 9265 524 2574
595 9979 583 2518
585 9673 523 2548
545 9265 524 2574
680 11526 569 2496
717 12260 542 2509
707 12527 523 2524
573 9733 523 2588
680 11526 569 2496
595 9979 583 2518
679 10992 533 2514
714 12226 542 2511
680 11526 569 2496
576 9562 559 2565
573 9733 523 2588
653 11336 560 2501
653 11336 560 2501
653 11336 560 2501
646 10789 542 2513
560 9795 529 2560
707 12527 523 2524
626 10701 551 2504
581 10035 551 2506
639 11022 542 2513
653 11336 560 2501
600 9498 554 2549
605 9558 523 2572
577 9546 568 2543
626 10701 551 2504
680 11526 569 2496
572 9626 524 2563
680 11526 569 2496
581 9706 563 2537
563 9529 545 2569
577 9692 536 2538
576 9562 559 2565
639 10451 569 2498
586 9610 533 2530
621 9944 527 2537
572 9799 533 2550
578 9949 547 2534
581 9706 563 2537
589 9584 538 2556
646 10789 542 2513
600 9498 554 2549
653 11336 560 2501
615 10732 524 2527
624 10231 524 2534
594 9424 524 2553
641 10412 524 2528
589 9542 539 2568
592 10330 524 2532
653 11336 560 2501
581 9706 563 2537
626 10701 551 2504
646 10789 542 2513
653 11336 560 2501
545 9265 524 2574
605 9558 523 2572
639 10451 569 2498
621 9944 527 2537
618 10584 524 2523
641 10412 524 2528
709 12227 524 2521
576 9562 559 2565
680 11526 569 2496
575 10089 524 2555
653 11336 560 2501
646 10789 542 2513
585 9587 533 2561
623 10601 523 2526
577 9546 568 2543
589 9936 524 2541
605 9558 523 2572
572 9799 533 2550
593 10207 524 2536
578 9949 547 2534
560 9795 529 2560
572 9662 533 2558
639 10451 569 2498
646 10789 542 2513
581 9706 563 2537
717 12260 542 2509
574 9738 533 2553
572 9799 533 2550
714 12226 542 2511
615 10732 524 2527
589 9584 538 2556
598 10135 523 2537
717 12260 542 2509
646 10789 542 2513
572 9626 524 2563
615 10732 524 2527
598 10135 523 2537
623 10621 533 2518
574 9738 533 2553
601 10073 523 2540
600 9498 554 2549
598 10135 523 2537
601 10073 523 2540
545 9265 524 2574
578 9949 547 2534
581 10035 551 2506
646 10789 542 2513
592 10330 524 2532
581 9706 563 2537
601 10073 523 2540
714 12226 542 2511
575 10089 524 2555
680 11526 569 2496
639 11022 542 2513
600 9498 554 2549
589 9936 524 2541
585 9673 523 2548
572 9662 533 2558
585 9587 533 2561
615 10732 524 2527
600 9498 554 2549
592 10330 524 2532
578 9949 547 2534
646 10789 542 2513
589 9542 539 2568
717 12260 542 2509
560 9795 529 2560
581 10035 551 2506
581 10035 551 2506
595 9979 583 2518
589 9542 539 2568
563 9529 545 2569
615 10732 524 2527
618 10584 524 2523
586 9610 533 2530
717 12260 542 2509
594 9424 524 2553
578 9949 547 2534
581 10035 551 2506
578 9949 547 2534
575 10089 524 2555
639 10451 569 2498
639 10451 569 2498
623 10621 533 2518
601 10073 523 2540
589 9584 538 2556
714 12226 542 2511
573 9733 523 2588
639 10451 569 2498
641 10412 524 2528
572 9662 533 2558
573 9733 523 2588
572 9799 533 2550
572 9799 533 2550
653 11336 560 2501
594 9424 524 2553
545 9265 524 2574
595 9979 583 2518
573 9733 523 2588
626 10701 551 2504
679 10992 533 2514
595 9979 583 2518
592 10330 524 2532
641 10412 524 2528
707 12527 523 2524
545 9265 524 2574
572 9799 533 2550
598 10135 523 2537
577 9692 536 2538
714 12226 542 2511
563 9529 545 2569
707 12527 523 2524
592 10330 524 2532
600 9498 554 2549
572 9799 533 2550
573 9733 523 2588
707 12527 523 2524
585 9673 523 2548
572 9799 533 2550
573 9733 523 2588
545 9265 524 2574
600 9498 554 2549
592 10330 524 2532
709 12227 524 2521
626 10701 551 2504
641 10412 524 2528
600 9498 554 2549
581 9706 563 2537
624 10231 524 2534
600 9498 554 2549
680 11526 569 2496
600 9498 554 2549
641 10412 524 2528
595 9979 583 2518
594 9424 524 2553
573 9733 523 2588
605 9558 523 2572
679 10992 533 2514
615 10732 524 2527
653 11336 560 2501
575 10089 524 2555
605 9558 523 2572
578 9949 547 2534
714 12226 542 2511
615 10732 524 2527
589 9584 538 2556
646 10789 542 2513
572 9626 524 2563
598 10135 523 2537
623 10621 533 2518
574 9738 533 2553
601 10073 523 2540
626 10701 551 2504
572 9626 524 2563
646 10789 542 2513
592 10330 524 2532
581 9706 563 2537
601 10073 523 2540
575 10089 524 2555
600 9498 554 2549
589 9936 524 2541
585 9673 523 2548
572 9662 533 2558
639 10451 569 2498
572 9799 533 2550
578 9949 547 2534
600 9498 554 2549
624 10231 524 2534
641 10412 524 2528
653 11336 560 2501
626 10701 551 2504
646 10789 542 2513
653 11336 560 2501
577 9692 536 2538
592 10330 524 2532
618 10584 524 2523
576 9562 559 2565
680 11526 569 2496
653 11336 560 2501
585 9587 533 2561
577 9546 568 2543
589 9936 524 2541
605 9558 523 2572
578 9949 547 2534
717 12260 542 2509
600 9498 554 2549
707 12527 523 2524
600 9498 554 2549
572 9799 533 2550
573 9733 523 2588
560 9795 529 2560
572 9799 533 2550
573 9733 523 2588
545 9265 524 2574
592 10330 524 2532
641 10412 524 2528
624 10231 524 2534
680 11526 569 2496
600 9498 554 2549
595 9979 583 2518
594 9424 524 2553
679 10992 533 2514
615 10732 524 2527
653 11336 560 2501
575 10089 524 2555
573 9733 523 2588
589 9542 539 2568
595 9979 583 2518
600 9498 554 2549
578 9949 547 2534
639 10451 569 2498
623 10621 533 2518
601 10073 523 2540
653 11336 560 2501
641 10412 524 2528
578 9949 547 2534
653 11336 560 2501
594 9424 524 2553
595 9979 583 2518
626 10701 551 2504
679 10992 533 2514
707 12527 523 2524
545 9265 524 2574
572 9799 533 2550
707 12527 523 2524
587 10213 523 2540
563 9529 545 2569
589 9584 538 2556
573 9733 523 2588
600 9498 554 2549
585 9673 523 2548
615 10732 524 2527
589 9584 538 2556
592 10330 524 2532
589 9542 539 2568
601 10073 523 2540
585 9587 533 2561
598 10292 542 2519
598 10135 523 2537
592 10330 524 2532
615 10732 524 2527
624 10231 524 2534
717 12260 542 2509
