12334 540.149
523 7753 523 2529
523 7753 523 2529
587 8722 587 2484
526 7776 523 2524
560 8090 560 2499
569 8341 569 2494
560 8090 560 2499
578 8604 578 2489
587 8722 587 2484
578 8604 578 2489
580 8338 569 2494
551 7952 551 2504
580 8338 569 2494
542 7872 542 2509
569 8341 569 2494
551 7952 551 2504
542 7872 542 2509
542 7872 542 2509
533 7816 533 2514
551 7952 551 2504
551 7952 551 2504
578 8604 578 2489
535 7768 524 2519
533 7816 533 2514
523 7792 523 2524
580 8338 569 2494
580 8338 569 2494
533 7816 533 2514
523 7792 523 2524
542 7872 542 2509
542 7872 542 2509
551 7952 551 2504
524 7776 524 2519
551 7952 551 2504
535 7768 524 2519
578 8604 578 2489
533 7816 533 2514
523 7753 523 2529
533 7816 533 2514
526 7776 523 2524
535 7768 524 2519
542 7872 542 2509
551 7952 551 2504
533 7816 533 2514
542 7872 542 2509
524 7776 524 2519
535 7768 524 2519
533 7816 533 2514
526 7776 523 2524
533 7816 533 2514
523 7792 523 2524
526 7776 523 2524
523 7792 523 2524
524 7776 524 2519
523 7753 523 2529
524 7776 524 2519
523 7753 523 2529
535 7768 524 2519
535 7768 524 2519
526 7776 523 2524
533 7816 533 2514
533 7816 533 2514
542 7872 542 2509
523 7792 523 2524
542 7872 542 2509
533 7816 533 2514
524 7776 524 2519
542 7872 542 2509
533 7816 533 2514
542 7872 542 2509
535 7768 524 2519
523 7792 523 2524
533 7816 533 2514
542 7872 542 2509
535 7768 524 2519
535 7768 524 2519
533 7816 533 2514
533 7816 533 2514
580 8338 569 2494
533 7816 533 2514
551 7952 551 2504
542 7872 542 2509
542 7872 542 2509
551 7952 551 2504
533 7816 533 2514
524 7776 524 2519
542 7872 542 2509
542 7872 542 2509
578 8604 578 2489
551 7952 551 2504
533 7816 533 2514
533 7816 533 2514
533 7816 533 2514
524 7776 524 2519
524 7776 524 2519
580 8338 569 2494
533 7816 533 2514
533 7816 533 2514
523 7753 523 2529
542 7872 542 2509
533 7816 533 2514
533 7816 533 2514
533 7816 533 2514
542 7872 542 2509
533 7816 533 2514
535 7768 524 2519
533 7816 533 2514
533 7816 533 2514
533 7816 533 2514
551 7952 551 2504
551 7952 551 2504
524 7776 524 2519
542 7872 542 2509
533 7816 533 2514
533 7816 533 2514
542 7872 542 2509
533 7816 533 2514
533 7816 533 2514
542 7872 542 2509
535 7768 524 2519
533 7816 533 2514
542 7872 542 2509
533 7816 533 2514
542 7872 542 2509
523 7753 523 2529
533 7816 533 2514
524 7776 524 2519
524 7776 524 2519
524 7776 524 2519
524 7776 524 2519
533 7816 533 2514
533 7816 533 2514
523 7753 523 2529
542 7872 542 2509
533 7816 533 2514
542 7872 542 2509
542 7872 542 2509
524 7776 524 2519
523 7753 523 2529
523 7753 523 2529
523 7792 523 2524
542 7872 542 2509
523 7792 523 2524
580 8338 569 2494
542 7872 542 2509
542 7872 542 2509
535 7768 524 2519
523 7792 523 2524
523 7792 523 2524
580 8338 569 2494
533 7816 533 2514
542 7872 542 2509
535 7768 524 2519
533 7816 533 2514
526 7776 523 2524
523 7753 523 2529
523 7792 523 2524
523 7753 523 2529
578 8604 578 2489
542 7872 542 2509
551 7952 551 2504
580 8338 569 2494
542 7872 542 2509
526 7776 523 2524
533 7816 533 2514
551 7952 551 2504
580 8338 569 2494
542 7872 542 2509
533 7816 533 2514
542 7872 542 2509
535 7768 524 2519
533 7816 533 2514
523 7753 523 2529
524 7776 524 2519
535 7768 524 2519
580 8338 569 2494
524 7776 524 2519
533 7816 533 2514
533 7816 533 2514
580 8338 569 2494
551 7952 551 2504
542 7872 542 2509
578 8604 578 2489
542 7872 542 2509
533 7816 533 2514
535 7768 524 2519
533 7816 533 2514
524 7776 524 2519
526 7776 523 2524
542 7872 542 2509
533 7816 533 2514
535 7768 524 2519
524 7776 524 2519
533 7816 533 2514
524 7776 524 2519
526 7776 523 2524
580 8338 569 2494
523 7792 523 2524
535 7768 524 2519
523 7753 523 2529
524 7776 524 2519
535 7768 524 2519
523 7792 523 2524
526 7776 523 2524
523 7792 523 2524
533 7816 533 2514
542 7872 542 2509
533 7816 533 2514
523 7753 523 2529
542 7872 542 2509
523 7792 523 2524
533 7816 533 2514
533 7816 533 2514
526 7776 523 2524
526 7776 523 2524
542 7872 542 2509
524 7776 524 2519
524 7776 524 2519
533 7816 533 2514
542 7872 542 2509
542 7872 542 2509
533 7816 533 2514
542 7872 542 2509
523 7753 523 2529
578 8604 578 2489
542 7872 542 2509
580 8338 569 2494
533 7816 533 2514
542 7872 542 2509
542 7872 542 2509
578 8604 578 2489
524 7776 524 2519
551 7952 551 2504
533 7816 533 2514
551 7952 551 2504
535 7768 524 2519
551 7952 551 2504
578 8604 578 2489
580 8338 569 2494
587 8722 587 2484
578 8604 578 2489
569 8341 569 2494
523 7753 523 2529
526 7776 523 2524
578 8604 578 2489
526 7776 523 2524
535 7768 524 2519
533 7816 533 2514
533 7816 533 2514
542 7872 542 2509
542 7872 542 2509
533 7816 533 2514
526 7776 523 2524
523 7792 523 2524
524 7776 524 2519
526 7776 523 2524
524 7776 524 2519
523 7753 523 2529
533 7816 533 2514
551 7952 551 2504
542 7872 542 2509
533 7816 533 2514
580 8338 569 2494
542 7872 542 2509
523 7792 523 2524
542 7872 542 2509
535 7768 524 2519
526 7776 523 2524
542 7872 542 2509
542 7872 542 2509
535 7768 524 2519
542 7872 542 2509
535 7768 524 2519
551 7952 551 2504
542 7872 542 2509
533 7816 533 2514
533 7816 533 2514
533 7816 533 2514
526 7776 523 2524
542 7872 542 2509
542 7872 542 2509
578 8604 578 2489
542 7872 542 2509
535 7768 524 2519
542 7872 542 2509
542 7872 542 2509
542 7872 542 2509
533 7816 533 2514
542 7872 542 2509
526 7776 523 2524
542 7872 542 2509
542 7872 542 2509
578 8604 578 2489
526 7776 523 2524
523 7753 523 2529
533 7816 533 2514
524 7776 524 2519
542 7872 542 2509
533 7816 533 2514
533 7816 533 2514
