46451 1320.39
626 8220 533 2523
626 8220 533 2523
592 7348 587 2484
587 7352 587 2484
563 7144 551 2504
569 7388 569 2498
575 7365 542 2509
583 7249 578 2489
563 7144 551 2504
569 7388 569 2498
578 7256 578 2489
572 7181 560 2499
574 7207 569 2494
575 7365 542 2509
565 7195 560 2499
574 7207 569 2494
592 7348 587 2484
578 7256 578 2489
583 7249 578 2489
587 7352 587 2484
572 7181 560 2499
565 7195 560 2499
626 8220 533 2523
626 8220 533 2523
626 8220 533 2523
592 7348 587 2484
592 7348 587 2484
592 7348 587 2484
592 7348 587 2484
592 7348 587 2484
592 7348 587 2484
592 7348 587 2484
592 7348 587 2484
592 7348 587 2484
592 7348 587 2484
592 7348 587 2484
592 7348 587 2484
592 7348 587 2484
592 7348 587 2484
592 7348 587 2484
592 7348 587 2484
592 7348 587 2484
592 7348 587 2484
592 7348 587 2484
592 7348 587 2484
592 7348 587 2484
592 7348 587 2484
592 7348 587 2484
592 7348 587 2484
592 7348 587 2484
592 7348 587 2484
592 7348 587 2484
592 7348 587 2484
592 7348 587 2484
592 7348 587 2484
592 7348 587 2484
592 7348 587 2484
592 7348 587 2484
592 7348 587 2484
592 7348 587 2484
592 7348 587 2484
592 7348 587 2484
592 7348 587 2484
592 7348 587 2484
592 7348 587 2484
592 7348 587 2484
592 7348 587 2484
592 7348 587 2484
592 7348 587 2484
592 7348 587 2484
592 7348 587 2484
592 7348 587 2484
592 7348 587 2484
592 7348 587 2484
592 7348 587 2484
592 7348 587 2484
592 7348 587 2484
592 7348 587 2484
592 7348 587 2484
592 7348 587 2484
592 7348 587 2484
592 7348 587 2484
592 7348 587 2484
592 7348 587 2484
592 7348 587 2484
592 7348 587 2484
592 7348 587 2484
592 7348 587 2484
592 7348 587 2484
592 7348 587 2484
592 7348 587 2484
592 7348 587 2484
592 7348 587 2484
592 7348 587 2484
592 7348 587 2484
592 7348 587 2484
592 7348 587 2484
592 7348 587 2484
592 7348 587 2484
592 7348 587 2484
592 7348 587 2484
592 7348 587 2484
592 7348 587 2484
592 7348 587 2484
592 7348 587 2484
592 7348 587 2484
592 7348 587 2484
592 7348 587 2484
592 7348 587 2484
592 7348 587 2484
592 7348 587 2484
592 7348 587 2484
592 7348 587 2484
592 7348 587 2484
592 7348 587 2484
592 7348 587 2484
592 7348 587 2484
592 7348 587 2484
592 7348 587 2484
592 7348 587 2484
592 7348 587 2484
592 7348 587 2484
592 7348 587 2484
592 7348 587 2484
592 7348 587 2484
592 7348 587 2484
592 7348 587 2484
592 7348 587 2484
592 7348 587 2484
592 7348 587 2484
592 7348 587 2484
592 7348 587 2484
592 7348 587 2484
592 7348 587 2484
592 7348 587 2484
592 7348 587 2484
592 7348 587 2484
592 7348 587 2484
592 7348 587 2484
592 7348 587 2484
592 7348 587 2484
592 7348 587 2484
592 7348 587 2484
592 7348 587 2484
592 7348 587 2484
592 7348 587 2484
592 7348 587 2484
592 7348 587 2484
592 7348 587 2484
592 7348 587 2484
592 7348 587 2484
592 7348 587 2484
592 7348 587 2484
592 7348 587 2484
592 7348 587 2484
592 7348 587 2484
592 7348 587 2484
592 7348 587 2484
592 7348 587 2484
592 7348 587 2484
592 7348 587 2484
592 7348 587 2484
592 7348 587 2484
592 7348 587 2484
592 7348 587 2484
592 7348 587 2484
592 7348 587 2484
592 7348 587 2484
592 7348 587 2484
592 7348 587 2484
592 7348 587 2484
592 7348 587 2484
592 7348 587 2484
592 7348 587 2484
592 7348 587 2484
592 7348 587 2484
592 7348 587 2484
592 7348 587 2484
592 7348 587 2484
592 7348 587 2484
592 7348 587 2484
592 7348 587 2484
592 7348 587 2484
592 7348 587 2484
592 7348 587 2484
592 7348 587 2484
592 7348 587 2484
592 7348 587 2484
592 7348 587 2484
592 7348 587 2484
592 7348 587 2484
592 7348 587 2484
592 7348 587 2484
592 7348 587 2484
592 7348 587 2484
592 7348 587 2484
592 7348 587 2484
592 7348 587 2484
592 7348 587 2484
587 7352 587 2484
587 7352 587 2484
587 7352 587 2484
587 7352 587 2484
587 7352 587 2484
587 7352 587 2484
578 7256 578 2489
572 7181 560 2499
572 7181 560 2499
572 7181 560 2499
563 7144 551 2504
592 7350 587 2484
587 7529 587 2484
582 7228 569 2494
576 7396 542 2509
574 7239 569 2494
591 7372 560 2499
578 7496 578 2489
576 7393 551 2504
583 7252 578 2489
583 7252 578 2489
592 7352 587 2484
574 7241 569 2494
583 7304 578 2489
592 7353 587 2484
592 7353 587 2484
579 7295 569 2494
583 7332 578 2489
588 7308 578 2489
592 7355 587 2484
588 7312 578 2489
586 7317 569 2494
579 7322 569 2494
583 7333 578 2489
592 7357 587 2484
588 7333 569 2494
587 7417 578 2489
580 7368 569 2494
588 7339 578 2489
592 7358 587 2484
589 7383 569 2494
588 7341 578 2489
585 7385 569 2494
592 7379 587 2484
592 7379 587 2484
588 7348 578 2489
585 7494 569 2494
593 7384 587 2484
592 7391 587 2484
592 7352 587 2493
590 7509 569 2494
588 7458 578 2489
589 7368 578 2489
597 7567 569 2494
594 7395 587 2484
592 7396 587 2484
592 7356 587 2493
591 7509 578 2489
592 7494 578 2489
607 7667 569 2494
604 7724 569 2503
595 7409 587 2484
592 7411 587 2484
601 7505 578 2489
598 7503 578 2493
592 7411 587 2484
623 7684 578 2489
622 7710 569 2494
610 7776 578 2489
604 7594 578 2498
592 7414 587 2484
592 7414 587 2484
601 7654 578 2491
612 7741 578 2489
669 8641 569 2503
592 7416 587 2484
617 7858 578 2489
595 7424 587 2484
596 7434 587 2484
608 7439 587 2484
598 7461 587 2484
597 7469 587 2484
599 7470 587 2484
598 7487 587 2484
614 7490 587 2484
598 7520 587 2484
608 7579 587 2484
601 7542 587 2493
610 7606 587 2484
601 7571 587 2493
613 7613 587 2484
610 7624 587 2484
612 7655 587 2484
610 7629 587 2493
619 7685 587 2484
617 8029 587 2484
622 7713 587 2484
627 7979 587 2484
648 7985 587 2484
643 8413 587 2484
654 8548 587 2484
