34 1.4708
588 10221 533 2617
593 9997 542 2663
593 9997 542 2663
586 9787 551 2547
601 10312 523 2552
593 9997 542 2663
588 10221 533 2617
588 10221 533 2617
586 9787 551 2547
591 10133 533 2531
634 10664 523 2540
605 9836 542 2519
593 9997 542 2663
586 9787 551 2547
593 9997 542 2663
611 9990 523 2577
622 10346 542 2511
664 11026 560 2501
592 10211 523 2611
629 10706 523 2542
602 10006 523 2543
621 10597 560 2507
662 11022 551 2506
607 9856 527 2607
676 10895 551 2506
604 10047 524 2525
667 10955 560 2505
647 11477 569 2498
617 10253 551 2514
600 9757 533 2527
602 9980 560 2518
601 10140 523 2603
737 12289 523 2524
622 10346 542 2511
593 9997 542 2663
634 10959 569 2500
634 11148 578 2491
588 10197 536 2604
598 10055 527 2605
681 10812 551 2506
599 10193 524 2547
737 12289 523 2524
629 10521 524 2523
590 10176 542 2517
614 10389 542 2513
637 10867 523 2530
621 9950 551 2516
601 10369 551 2508
691 11390 569 2496
638 9985 524 2523
683 11233 551 2504
691 11390 569 2496
593 9997 542 2663
627 10801 542 2509
595 10100 533 2516
680 11143 560 2499
676 10895 551 2506
646 11477 551 2506
611 9990 523 2577
603 10017 542 2515
676 11582 533 2514
660 11191 560 2505
644 10452 523 2528
598 10055 527 2605
635 10910 523 2541
592 9907 551 2547
678 11152 560 2503
670 11296 560 2503
675 11272 560 2501
593 10409 533 2641
593 10409 533 2641
604 10059 523 2652
604 10165 523 2587
606 10252 523 2561
625 10132 523 2549
626 10330 523 2546
608 10455 523 2547
603 10091 523 2610
606 10252 523 2561
626 10330 523 2546
647 10897 560 2507
667 11360 551 2506
667 11360 551 2506
609 9974 527 2626
604 10640 524 2530
614 10378 524 2530
612 10316 524 2540
671 11025 560 2505
652 11579 569 2498
612 9969 536 2597
612 9969 536 2597
610 10054 536 2613
610 10054 536 2613
610 10054 536 2613
610 10054 536 2613
610 10054 536 2613
610 10054 536 2613
610 10054 536 2613
610 10054 536 2613
610 10054 536 2613
609 9916 533 2624
601 10173 523 2603
624 10386 542 2511
624 10386 542 2511
601 10433 524 2548
600 10576 524 2672
797 12958 523 2526
631 10752 524 2525
590 10443 548 2638
594 10415 548 2638
594 10415 548 2638
622 10412 542 2513
642 11025 523 2530
642 11025 523 2530
636 10458 560 2510
633 10967 551 2508
689 10571 551 2508
630 10610 551 2510
661 10813 524 2523
661 10813 524 2523
661 10813 524 2523
661 10813 524 2523
751 13284 569 2496
702 12588 578 2497
594 10015 542 2663
594 10015 542 2663
594 10015 542 2663
723 12084 542 2509
701 12757 542 2509
632 10901 560 2509
632 10901 560 2509
680 10880 560 2509
724 11780 542 2509
598 10107 545 2589
601 10176 533 2520
644 10791 533 2518
643 10968 533 2518
595 10410 533 2599
597 10233 536 2573
595 10214 536 2598
595 10214 536 2598
601 10128 533 2594
600 10385 533 2533
604 10168 533 2546
601 10128 533 2594
599 10120 551 2516
653 10943 533 2516
781 13282 560 2499
685 11140 551 2506
665 11838 551 2506
618 10107 542 2539
614 10084 542 2550
622 10221 542 2517
622 10221 542 2517
622 10221 542 2517
770 12556 523 2528
606 10116 527 2609
606 10116 527 2609
608 9937 557 2655
608 9937 557 2655
608 9937 557 2655
608 9937 557 2655
670 11301 560 2503
679 11913 560 2501
605 10590 523 2600
605 10590 523 2600
605 10590 523 2600
628 10149 524 2557
628 10149 524 2557
628 10149 524 2557
628 10149 524 2557
621 10633 523 2549
621 10633 523 2549
621 10633 523 2549
615 10147 524 2657
615 10147 524 2657
611 10292 523 2563
611 10292 523 2563
614 10262 523 2568
611 10292 523 2563
609 10490 523 2598
609 10490 523 2598
632 10445 523 2555
647 10938 523 2548
660 10957 560 2507
672 11533 551 2506
621 10479 524 2536
621 10479 524 2536
627 10578 524 2534
620 10927 524 2531
629 10386 524 2530
662 10325 524 2556
676 11680 569 2500
692 11905 569 2498
673 12061 569 2498
610 10111 536 2613
615 10238 524 2642
605 10373 529 2689
605 10373 529 2689
605 10373 529 2689
605 10373 529 2689
606 10474 523 2616
606 10474 523 2616
632 11014 542 2511
625 10490 551 2512
625 10471 524 2561
600 10588 524 2672
600 10588 524 2672
600 10588 524 2672
600 10588 524 2672
600 10588 524 2672
600 10588 524 2672
660 11383 524 2527
657 11020 524 2529
652 11035 524 2529
590 10461 548 2638
594 10443 548 2638
623 11110 569 2513
649 10755 542 2515
649 10755 542 2515
655 10640 542 2513
629 10792 542 2513
677 11037 523 2539
652 11306 523 2537
643 11055 523 2539
658 11799 523 2534
667 11515 523 2534
677 11037 523 2539
671 11605 523 2532
660 11059 523 2535
675 11319 523 2530
647 11027 551 2508
647 11027 551 2508
650 10820 551 2510
634 10852 551 2510
679 11233 524 2523
663 10990 524 2525
662 11111 524 2525
643 11279 583 2509
633 10763 533 2520
615 10518 533 2523
607 10284 533 2527
607 10284 533 2527
602 10295 533 2535
614 10273 542 2531
597 10283 536 2573
597 10283 536 2573
607 10171 533 2546
607 10171 533 2546
601 10157 542 2663
601 10157 542 2663
601 10157 542 2663
612 10273 560 2516
601 10229 551 2533
601 10229 551 2533
601 10229 551 2533
650 10161 551 2529
650 10161 551 2529
650 10161 551 2529
621 10266 560 2532
621 10266 560 2532
611 10484 551 2523
612 10162 551 2552
607 10152 554 2568
610 10164 551 2554
612 10273 560 2516
650 10161 551 2529
672 11217 533 2516
664 11144 533 2518
657 11255 533 2518
664 11144 533 2518
689 11435 551 2506
619 10169 542 2550
616 10093 545 2563
627 10996 542 2517
627 10996 542 2517
629 10688 542 2519
645 10623 542 2519
645 10623 542 2519
637 10648 542 2519
645 10623 542 2519
610 10198 527 2609
610 10198 527 2609
609 10454 527 2716
737 12140 551 2506
705 12264 551 2506
594 10445 548 2638
635 10520 523 2562
604 10266 559 2719
620 10143 542 2663
678 12082 569 2498
608 10535 536 2607
605 10459 529 2689
624 10235 563 2559
721 11689 560 2503
600 10309 548 2615
611 10717 551 2524
614 10262 523 2577
686 11781 569 2500
667 10207 527 2611
