1218 47.6413
664 11009 523 2559
803 13312 560 2507
739 12715 550 2661
710 12500 592 2566
735 12642 601 2558
726 12211 600 2569
674 11038 551 2526
685 11363 573 2573
693 11693 554 2532
693 12422 548 2686
684 12241 551 2528
738 12332 597 2634
737 13012 532 2679
847 14550 601 2512
713 12502 572 2616
705 11999 598 2612
669 10978 527 2553
816 12676 607 2552
744 12562 562 2645
727 11951 529 2583
719 12034 529 2647
844 13362 542 2562
778 12577 612 2621
687 11929 575 2564
905 16138 570 2626
733 12212 589 2547
720 12858 533 2583
732 12549 523 2552
694 11822 547 2568
747 13351 598 2541
704 11801 544 2593
706 12166 578 2506
737 12653 630 2736
699 11504 595 2554
659 10817 551 2532
648 10974 551 2515
760 12685 579 2593
726 12470 551 2557
697 11515 569 2542
679 11349 588 2578
721 12308 577 2629
708 11881 593 2607
691 11490 577 2638
738 12845 562 2580
797 13669 581 2615
1020 18325 559 2645
755 13105 523 2579
820 13348 586 2596
709 11768 550 2584
802 13159 565 2604
644 11073 598 2560
833 14311 604 2596
751 12784 571 2637
719 12192 524 2539
754 12408 542 2543
610 10882 574 2577
706 11954 542 2546
798 12939 595 2558
676 11366 529 2657
860 14868 568 2647
832 14394 551 2618
859 14292 661 2620
732 11964 534 2677
681 10889 575 2598
795 14338 564 2597
689 11940 552 2622
761 12326 566 2622
685 11581 561 2604
778 13803 582 2588
752 13047 579 2593
747 12837 587 2507
749 12191 572 2582
698 11627 576 2650
813 12782 565 2571
720 12536 588 2683
787 13783 574 2534
713 12325 555 2559
621 10506 569 2516
666 11614 551 2523
674 11715 523 2604
752 13099 598 2656
701 12628 561 2614
772 12720 586 2556
706 12030 536 2554
809 12913 598 2579
765 12873 600 2614
797 13436 646 2563
709 11574 565 2524
818 14378 523 2550
693 12486 559 2578
709 11957 565 2572
791 14032 532 2653
772 12994 527 2607
830 14443 614 2747
670 11371 576 2713
763 12420 527 2617
757 11951 616 2581
765 13044 586 2580
697 11881 547 2555
705 11753 581 2516
844 14476 589 2561
742 12428 586 2562
706 11672 574 2579
674 11166 541 2591
831 13623 524 2562
646 10910 536 2554
667 11326 580 2595
646 10810 542 2567
832 13153 571 2653
832 13697 583 2591
735 12864 606 2531
666 11785 612 2561
708 12021 586 2590
774 13376 548 2567
756 13507 556 2650
655 10532 551 2522
693 11931 570 2619
684 11984 551 2549
884 14078 594 2623
858 15386 545 2650
746 12820 607 2622
690 11904 564 2601
834 13993 611 2562
757 12791 602 2544
724 12508 578 2582
742 12900 595 2625
707 11409 554 2577
678 11186 564 2615
649 11370 581 2531
736 12649 587 2521
819 14160 632 2571
657 10763 560 2511
858 13384 618 2655
808 13280 539 2596
752 13238 564 2642
700 12260 551 2545
666 11250 524 2562
754 13174 565 2592
869 15597 561 2651
724 12716 567 2685
764 12895 573 2571
725 12376 576 2703
755 13210 697 2722
634 10575 578 2501
879 15417 573 2628
680 11502 557 2620
643 10902 542 2539
761 13445 577 2587
823 13735 578 2692
719 11966 600 2566
816 13127 558 2644
747 12492 604 2582
869 14967 652 2656
665 11319 542 2564
753 12676 562 2619
695 11843 560 2552
723 11607 541 2612
747 12679 547 2593
762 12656 569 2506
717 12464 567 2622
723 11974 552 2652
705 11941 523 2602
769 12333 624 2637
755 12559 560 2525
688 11998 549 2677
731 12511 556 2694
614 10319 523 2591
780 12803 554 2543
668 11478 578 2499
691 11011 574 2532
663 11044 567 2617
791 13676 560 2577
689 11557 576 2632
761 12576 559 2588
632 10971 578 2537
736 12991 624 2663
756 13257 544 2651
759 12053 541 2643
667 11302 563 2550
689 11571 542 2580
679 11442 542 2538
848 15094 631 2651
700 12160 614 2579
711 11773 559 2547
731 12454 572 2525
768 13313 546 2635
771 12967 605 2604
750 12701 579 2560
690 11854 524 2554
881 14950 523 2672
706 12404 617 2788
702 11930 551 2506
701 11836 598 2619
816 13224 610 2633
782 13386 569 2578
716 12114 559 2716
772 12956 542 2615
652 11201 605 2561
802 13132 538 2662
790 13736 618 2582
681 11852 523 2573
791 13579 626 2619
669 10950 586 2548
652 11189 572 2521
753 12946 571 2657
649 10802 560 2534
728 12765 560 2573
761 12743 588 2700
740 11905 552 2612
715 12940 529 2624
741 12476 583 2519
708 11682 577 2590
764 13598 523 2648
710 12415 571 2618
749 12581 555 2626
886 14220 556 2604
748 12976 543 2619
737 12017 554 2575
734 12498 538 2614
730 12200 583 2569
696 11264 560 2543
708 12400 568 2626
718 12351 561 2620
730 12527 545 2595
775 13790 581 2592
696 12304 579 2622
735 12031 609 2597
698 11727 523 2608
774 13298 524 2620
732 12460 556 2570
740 12306 542 2579
706 12132 595 2541
727 13012 565 2617
761 13128 565 2541
689 12038 572 2553
794 13852 568 2609
672 11584 554 2549
869 15083 593 2617
734 12855 572 2575
775 13380 564 2623
798 13492 541 2700
714 12479 541 2624
815 14437 582 2589
629 10477 523 2582
695 11693 524 2579
845 14160 591 2641
655 11543 530 2661
756 13117 577 2568
755 12317 556 2653
717 12641 600 2574
668 11660 572 2534
710 11720 542 2535
699 11976 589 2575
731 12344 569 2549
721 12789 538 2645
860 14736 585 2589
681 11348 595 2568
880 15549 602 2614
733 12506 555 2573
720 12689 583 2512
729 12575 529 2614
738 12969 559 2606
718 11685 603 2606
704 11973 573 2604
817 13173 541 2650
661 11147 560 2559
787 13627 636 2683
746 12988 592 2548
747 11959 573 2621
774 13001 529 2592
736 12741 557 2617
737 11879 580 2572
738 12616 585 2688
670 11043 541 2610
712 12203 562 2633
814 14207 608 2682
676 12237 571 2631
714 12414 590 2675
749 12856 550 2627
723 12349 536 2630
726 12914 523 2626
757 12409 570 2547
709 12396 550 2595
780 13864 596 2673
660 11436 556 2644
709 12332 536 2609
719 12127 598 2601
703 11846 538 2598
762 12425 564 2631
725 12128 562 2605
776 12727 538 2591
673 11363 527 2624
805 13531 592 2620
737 12778 586 2604
715 12160 550 2601
662 10896 542 2560
684 11493 547 2565
773 13351 557 2695
767 12997 627 2562
855 13984 564 2658
