4 0.378701
823 14969 573 2663
765 13197 617 2638
707 12006 529 2743
677 11150 635 2742
624 11030 566 2783
624 11030 566 2783
773 13736 529 2703
747 12793 547 2716
801 13388 597 2677
709 11597 606 2678
696 12093 617 2672
744 13256 564 2698
765 13197 617 2638
657 11346 571 2751
638 11186 583 2739
682 12008 554 2732
746 13412 586 2673
708 12031 538 2723
665 11650 559 2702
692 11684 550 2773
692 11684 550 2773
649 11315 572 2723
658 11229 573 2682
658 11229 573 2682
692 11684 550 2773
692 11684 550 2773
692 11684 550 2773
862 14750 588 2688
810 13938 649 2668
810 13938 649 2668
722 12883 545 2724
656 11391 578 2799
654 11471 589 2784
827 14297 568 2710
789 13515 557 2722
761 13301 561 2723
681 11780 638 2753
687 11971 606 2696
734 11929 619 2681
687 11577 598 2700
745 12926 564 2711
708 12769 595 2727
678 11603 617 2764
699 12595 573 2752
716 12506 587 2722
729 12403 576 2710
687 11840 620 2688
677 11803 644 2713
743 12219 553 2742
701 11713 568 2733
740 12704 561 2738
672 12105 620 2778
743 12219 553 2742
676 11698 570 2764
740 12399 577 2694
654 11471 589 2784
702 12013 596 2720
676 11515 593 2770
698 11798 579 2739
718 12117 589 2718
676 11515 593 2770
679 12104 562 2757
698 11798 579 2739
679 12104 562 2757
672 12105 620 2778
687 11840 620 2688
718 12117 589 2718
745 12926 564 2711
740 12399 577 2694
672 12105 620 2778
672 12105 620 2778
672 12105 620 2778
829 14499 550 2733
812 13415 631 2687
796 14018 545 2745
722 11870 606 2788
707 11957 639 2820
698 12645 655 2726
668 12142 621 2800
735 13456 553 2783
773 13179 650 2693
763 14012 568 2742
695 11949 642 2806
812 13415 631 2687
728 12797 566 2779
728 13002 609 2702
707 11957 639 2820
690 12396 602 2754
682 12010 600 2766
708 12274 587 2771
745 12770 559 2746
771 12921 547 2740
702 12444 627 2726
717 12140 595 2798
717 12538 604 2722
772 13251 574 2732
798 13401 566 2711
712 12693 585 2763
750 12758 622 2695
752 12706 595 2710
769 13202 550 2734
797 13399 598 2699
726 12755 617 2696
706 12752 591 2745
684 12162 599 2799
722 11870 606 2788
710 12314 588 2765
740 12523 581 2717
717 11983 619 2753
735 12614 583 2729
745 12770 559 2746
755 12607 577 2701
726 12054 573 2740
712 12232 631 2757
712 12194 589 2780
715 12044 600 2758
755 12452 600 2703
740 12523 581 2717
719 11937 600 2739
720 12709 646 2713
722 12474 612 2737
733 12513 567 2783
701 12240 576 2787
720 12709 646 2713
761 12497 575 2733
742 12496 606 2725
702 12263 571 2781
755 12607 577 2701
702 12235 606 2743
715 12478 571 2736
724 12741 583 2734
722 12474 612 2737
742 12496 606 2725
723 12652 569 2742
726 12309 620 2714
723 12652 569 2742
701 12240 576 2787
797 13399 598 2699
726 12309 620 2714
755 12452 600 2703
761 12497 575 2733
717 11983 619 2753
733 12513 567 2783
724 12741 583 2734
715 12478 571 2736
717 12140 595 2798
812 13415 631 2687
812 13415 631 2687
812 13415 631 2687
797 13399 598 2699
797 13399 598 2699
797 13399 598 2699
723 12652 569 2742
723 12652 569 2742
723 12652 569 2742
707 11957 639 2820
707 11957 639 2820
707 11957 639 2820
870 14329 661 2690
870 14329 661 2690
846 14544 634 2705
793 13741 550 2751
720 11972 600 2790
695 11983 656 2831
685 12240 630 2778
793 13741 550 2751
710 12080 644 2824
770 13283 640 2698
846 14544 634 2705
708 12249 593 2797
752 12180 621 2767
752 13651 592 2737
750 13222 564 2747
745 13191 605 2737
758 12849 566 2778
860 14478 632 2700
775 12564 577 2763
732 12929 607 2741
725 12621 579 2789
718 12688 655 2742
709 12335 613 2753
737 12685 615 2724
739 13004 582 2745
735 12563 635 2720
707 12490 611 2796
729 13073 573 2763
734 12199 588 2760
702 12571 635 2777
860 14478 632 2700
767 13219 583 2712
711 12549 578 2793
757 12864 591 2713
725 12662 629 2728
766 13209 580 2715
743 12328 576 2774
742 12620 571 2755
738 12709 586 2743
725 12662 629 2728
726 12634 589 2766
685 12240 630 2778
753 12578 585 2743
726 12316 615 2749
712 12331 611 2761
755 12790 577 2726
735 12575 610 2746
742 12620 571 2755
763 12664 573 2741
718 12638 583 2749
731 12816 573 2754
766 13060 655 2701
766 13060 655 2701
743 12328 576 2774
707 12490 611 2796
755 12790 577 2726
763 12664 573 2741
712 12331 611 2761
718 12638 583 2749
685 12240 630 2778
685 12240 630 2778
685 12240 630 2778
852 14165 615 2715
852 14165 615 2715
797 14615 601 2724
796 14435 550 2751
757 12290 619 2784
746 13241 578 2819
731 12526 647 2756
692 12505 630 2797
711 12543 624 2796
835 13976 553 2776
828 14091 550 2766
783 13852 574 2744
839 13990 562 2753
799 13320 568 2806
815 14036 569 2763
780 13713 603 2721
755 12708 632 2754
776 13394 609 2723
728 12748 615 2785
768 13339 597 2737
786 13373 580 2729
720 13103 594 2760
729 12424 604 2791
800 14273 592 2716
744 12970 583 2776
737 12645 583 2802
759 13287 598 2725
749 12911 588 2801
740 12481 623 2790
774 12939 619 2721
791 12649 599 2748
741 12976 629 2739
753 13078 578 2761
780 13145 588 2753
743 12816 600 2755
741 12977 608 2754
741 12302 597 2761
797 14615 601 2724
800 14273 592 2716
754 12888 580 2764
756 13387 570 2749
740 13187 609 2759
792 13325 615 2718
776 13394 609 2723
776 13394 609 2723
824 14435 553 2772
824 14435 553 2772
773 13109 651 2742
767 13334 627 2733
745 12386 615 2768
714 12808 628 2813
740 12766 648 2757
810 13782 576 2764
798 13730 585 2742
750 12442 602 2797
762 13183 588 2800
771 13730 571 2787
756 13039 611 2789
768 13613 576 2779
765 13546 582 2760
766 12953 603 2762
760 13099 602 2775
759 12788 603 2769
824 14291 574 2826
814 14077 592 2747
809 14414 587 2752
754 13141 653 2777
738 13015 646 2817
760 13521 619 2799
794 13770 606 2792
798 13693 634 2758
809 14228 629 2768
799 14133 609 2774
756 13756 623 2788
799 13591 606 2775
875 14337 609 2795
840 14203 609 2827
832 14251 620 2754
805 14362 624 2808
896 16056 614 2804
863 14945 584 2671
791 13609 626 2648
791 13609 626 2648
721 12570 524 2738
644 11151 566 2768
644 11151 566 2768
863 14945 584 2671
760 12865 607 2662
663 11243 590 2717
713 11553 545 2707
760 12865 607 2662
695 12533 529 2764
680 11796 589 2692
706 12377 575 2716
698 12207 583 2702
724 12226 569 2704
682 12299 576 2748
676 11191 554 2753
676 11191 554 2753
681 11930 584 2736
689 11990 587 2725
697 11734 585 2749
747 12560 584 2693
689 11990 587 2725
693 11537 587 2665
747 12560 584 2693
693 11537 587 2665
693 11537 587 2665
693 11537 587 2665
693 11537 587 2665
854 15537 537 2828
758 12801 650 2675
720 12276 565 2829
672 11408 570 2772
658 11516 596 2782
795 13622 538 2805
698 12630 625 2702
809 13508 547 2707
711 12698 603 2678
693 12011 622 2723
765 13179 569 2721
745 12867 559 2726
763 12957 580 2710
687 11864 594 2759
750 13398 547 2767
671 11856 576 2794
719 12386 587 2687
724 12497 550 2732
751 12362 576 2717
719 12610 564 2786
758 13310 598 2678
734 12894 593 2686
720 12527 583 2765
758 11701 602 2746
658 11516 596 2782
695 11672 568 2782
761 13343 547 2744
725 12901 586 2720
721 12791 555 2762
758 11701 602 2746
671 11973 597 2739
689 11892 603 2734
727 12369 568 2724
694 11923 594 2737
671 11856 576 2794
734 12894 593 2686
721 12791 555 2762
719 12386 587 2687
697 11789 587 2703
697 11789 587 2703
758 11701 602 2746
758 11701 602 2746
758 11701 602 2746
658 11516 596 2782
658 11516 596 2782
658 11516 596 2782
839 14750 550 2778
794 14230 547 2809
794 14230 547 2809
791 13883 626 2686
729 12666 676 2708
674 11485 612 2784
670 12070 608 2794
796 14182 587 2691
839 14750 550 2778
721 12084 654 2716
687 12195 618 2769
790 13816 578 2719
785 13218 585 2726
746 13543 594 2696
730 12787 573 2731
776 13076 622 2699
675 11787 597 2776
690 12157 668 2748
708 12251 645 2711
769 13031 571 2746
741 11997 609 2722
690 12198 571 2803
759 13526 555 2788
731 12855 560 2798
729 12666 676 2708
697 12220 587 2736
782 13120 559 2752
771 12427 626 2701
717 12069 643 2738
751 12437 585 2745
677 11603 626 2777
732 11783 611 2782
702 12348 594 2721
786 13476 605 2697
790 13084 589 2689
691 12437 595 2760
742 13063 557 2790
732 12704 571 2777
677 11603 626 2777
788 13415 555 2798
698 11996 608 2764
728 12678 582 2755
724 12951 559 2778
759 13526 555 2788
729 12921 567 2765
722 12568 585 2795
724 12813 631 2713
729 12921 567 2765
690 12157 668 2748
788 13415 555 2798
717 11876 633 2751
728 12678 582 2755
705 12169 615 2742
718 12047 601 2749
705 12169 615 2742
749 12692 589 2701
713 12244 633 2709
722 12568 585 2795
718 12047 601 2749
708 11923 587 2759
732 12647 594 2718
724 12813 631 2713
704 11898 604 2752
691 12184 637 2765
704 12122 588 2791
717 11876 633 2751
691 11971 644 2744
702 12348 594 2721
691 12184 637 2765
713 12244 633 2709
704 12122 588 2791
708 12251 645 2711
732 11783 611 2782
691 11971 644 2744
708 11923 587 2759
704 11898 604 2752
729 12666 676 2708
729 12666 676 2708
729 12666 676 2708
718 12047 601 2749
718 12047 601 2749
718 12047 601 2749
704 12122 588 2791
704 12122 588 2791
704 12122 588 2791
704 11898 604 2752
704 11898 604 2752
704 11898 604 2752
691 12184 637 2765
691 12184 637 2765
691 12184 637 2765
690 12157 668 2748
690 12157 668 2748
690 12157 668 2748
677 11603 626 2777
677 11603 626 2777
677 11603 626 2777
883 15139 622 2692
760 13418 560 2787
760 12493 653 2736
728 12914 578 2817
676 11909 628 2776
826 13996 562 2783
833 14558 590 2718
833 14558 590 2718
804 12914 618 2704
737 12041 589 2760
690 12015 606 2799
785 13241 639 2699
789 13064 571 2754
785 13241 639 2699
771 13617 592 2702
676 11909 628 2776
724 12689 625 2725
776 12880 583 2752
751 12993 612 2723
741 13168 582 2811
719 12395 592 2803
781 12728 577 2791
692 11917 627 2778
741 13427 568 2774
783 13435 598 2709
712 12243 615 2746
699 12440 621 2739
727 12470 602 2769
769 13123 574 2733
713 12574 605 2786
710 12282 623 2776
722 12518 609 2755
758 13155 566 2806
764 13139 585 2746
772 12966 575 2808
704 12530 608 2735
749 13560 578 2744
763 13322 587 2740
783 13435 598 2709
703 12125 601 2793
749 13560 578 2744
756 12897 604 2739
758 12955 618 2705
741 13377 583 2741
728 12891 587 2769
782 13023 601 2706
771 13617 592 2702
703 12125 601 2793
728 12701 585 2794
769 13123 574 2733
728 12701 585 2794
782 13023 601 2706
769 13123 574 2733
769 13123 574 2733
769 13123 574 2733
749 13560 578 2744
749 13560 578 2744
749 13560 578 2744
703 12125 601 2793
703 12125 601 2793
703 12125 601 2793
676 11909 628 2776
676 11909 628 2776
676 11909 628 2776
934 16292 583 2734
781 13738 622 2712
780 13684 561 2795
751 12858 673 2737
713 12015 637 2811
700 12040 643 2812
934 16292 583 2734
795 13163 606 2737
772 13864 590 2737
712 12582 645 2744
700 12074 631 2780
755 12990 592 2770
780 13765 621 2725
785 13339 587 2785
788 13465 578 2743
762 13587 612 2751
771 12496 601 2767
792 13154 578 2800
719 12691 618 2752
732 12551 635 2745
735 12440 641 2757
718 12352 621 2760
785 13142 608 2762
744 12782 594 2783
742 12722 615 2743
784 13691 580 2763
737 12711 596 2763
741 12741 595 2784
732 12771 614 2811
821 14197 637 2730
820 13713 583 2768
747 12926 648 2832
745 12547 669 2790
735 13038 633 2782
757 13107 618 2753
765 12909 603 2798
747 13224 604 2779
772 13632 597 2771
785 14008 603 2741
795 13853 601 2769
816 13884 603 2738
771 12999 658 2795
819 14189 594 2752
908 15023 611 2739
856 14651 610 2780
771 13135 612 2799
762 13518 668 2773
744 13164 659 2810
825 14064 641 2745
799 14317 631 2751
771 13419 620 2755
771 13271 629 2783
847 14491 624 2770
844 13953 622 2840
836 14003 614 2818
827 13698 649 2786
811 13469 641 2788
804 14150 626 2767
808 13670 646 2812
814 13863 632 2817
810 13888 633 2790
847 14606 642 2794
845 14369 658 2799
829 14253 559 2688
783 14087 527 2755
699 12555 568 2642
698 11996 541 2795
645 11104 603 2685
753 13004 564 2666
817 13650 544 2689
691 11674 574 2749
666 11255 562 2765
701 12180 557 2792
719 11926 594 2704
743 12506 550 2736
737 13380 545 2694
699 12555 568 2642
721 11978 572 2676
731 13493 536 2739
694 12151 590 2691
752 12155 533 2713
704 12355 559 2693
661 11730 567 2754
692 12067 601 2724
697 12158 568 2663
677 12103 592 2739
694 12491 530 2755
667 11411 591 2746
736 11780 600 2737
672 12041 594 2738
667 11411 591 2746
698 11996 541 2795
736 11780 600 2737
698 12023 594 2740
698 12023 594 2740
861 14776 559 2717
768 13276 577 2653
736 13040 531 2788
693 11366 625 2829
693 11366 625 2829
675 12160 627 2699
657 11608 611 2750
783 13079 553 2755
765 13640 541 2743
758 13329 541 2774
738 12693 556 2794
668 11650 610 2807
679 11825 624 2731
762 12818 550 2799
731 12545 608 2673
737 13234 589 2668
720 12327 602 2741
674 11563 579 2785
748 13066 548 2770
705 12404 571 2709
711 11469 601 2789
754 12836 589 2666
708 12016 611 2739
684 12425 608 2747
681 11852 621 2741
729 12039 596 2722
752 12348 589 2692
729 11902 580 2761
688 12034 609 2778
723 12192 568 2723
668 11650 610 2807
763 13150 563 2702
725 12045 616 2707
698 12461 592 2694
725 12045 616 2707
750 12864 562 2763
720 12484 560 2789
698 12006 574 2764
695 12365 563 2774
726 12541 564 2759
723 12349 571 2697
746 12517 564 2726
746 12517 564 2726
698 12006 574 2764
753 12926 558 2744
698 12461 592 2694
729 11902 580 2761
713 12351 571 2768
753 12926 558 2744
722 12844 566 2745
731 12545 608 2673
722 12844 566 2745
713 12351 571 2768
713 12351 571 2768
698 12461 592 2694
698 12461 592 2694
698 12461 592 2694
698 12006 574 2764
693 11366 625 2829
863 14993 559 2746
794 12972 601 2678
750 12255 634 2708
738 13078 538 2805
678 11691 609 2839
676 12112 626 2767
823 14608 556 2766
687 11943 632 2780
806 13881 568 2735
741 13139 548 2789
815 14084 560 2766
719 12569 567 2822
770 13104 591 2683
792 12790 561 2826
754 13615 621 2687
738 13321 567 2779
795 13136 553 2800
676 12112 626 2767
754 13615 621 2687
699 12547 617 2702
780 13234 565 2759
815 14084 560 2766
782 13854 547 2771
722 12754 597 2710
696 12251 584 2796
811 13661 565 2715
816 13830 571 2712
723 12652 574 2761
712 12816 585 2736
782 12897 580 2713
711 12054 592 2778
738 12485 589 2705
736 13067 582 2733
790 13216 573 2714
728 13006 594 2720
707 12599 609 2727
691 11802 603 2799
749 12877 577 2716
702 12370 618 2751
744 12884 566 2759
813 13793 553 2785
709 12575 601 2710
726 12672 569 2739
813 13793 553 2785
758 13135 612 2686
735 12668 569 2742
687 12040 620 2772
697 12458 571 2802
727 12301 616 2747
726 12288 581 2750
782 13237 562 2773
731 12425 611 2714
782 13854 547 2771
713 12436 612 2751
694 12024 597 2823
730 12222 593 2744
716 13121 612 2696
761 12424 587 2724
749 12877 577 2716
761 12424 587 2724
691 11802 603 2799
704 12334 574 2779
728 12411 605 2745
715 12254 613 2756
735 13087 603 2697
767 13258 562 2769
765 12662 604 2704
693 12242 615 2773
728 13006 594 2720
724 12467 609 2731
728 12623 606 2708
703 12234 615 2769
697 12250 621 2757
694 12024 597 2823
724 12467 609 2731
790 13216 573 2714
715 12254 613 2756
765 12662 604 2704
738 12244 602 2734
767 13258 562 2769
716 13121 612 2696
750 12255 634 2708
728 12623 606 2708
730 12222 593 2744
710 12469 606 2715
738 12244 602 2734
710 12469 606 2715
735 13087 603 2697
782 13237 562 2773
813 13793 553 2785
813 13793 553 2785
813 13793 553 2785
754 13615 621 2687
749 12877 577 2716
716 13121 612 2696
676 12112 626 2767
860 14429 568 2724
836 14460 570 2728
786 13918 562 2798
758 13605 627 2690
728 12244 592 2803
722 12489 659 2782
716 12337 576 2814
698 12326 586 2797
713 12553 629 2771
789 13861 604 2704
810 13948 567 2764
840 13703 580 2738
820 14169 565 2752
733 12451 617 2757
707 12676 620 2758
826 14160 588 2712
860 14429 568 2724
812 13564 603 2691
771 13266 592 2710
787 13349 583 2714
785 13190 572 2754
749 13424 589 2705
728 12854 580 2746
736 12411 597 2791
743 12968 598 2734
755 12982 599 2732
764 13169 595 2709
707 12546 594 2787
787 12794 604 2723
760 13487 570 2751
736 12754 601 2751
738 12706 575 2740
741 13069 601 2709
757 12867 600 2708
758 12529 593 2739
741 13069 601 2709
738 12706 575 2740
757 12867 600 2708
860 14429 568 2724
860 14429 568 2724
860 14429 568 2724
844 14409 576 2742
828 14166 568 2793
825 13915 590 2705
824 14918 569 2761
765 12624 599 2794
764 13229 651 2752
751 12907 591 2828
725 13025 620 2772
800 13892 626 2710
772 12857 586 2808
826 14481 571 2759
773 13685 604 2746
755 13231 634 2750
730 12924 597 2771
748 13272 620 2729
777 13497 627 2710
755 12755 587 2781
758 12650 616 2795
749 13180 612 2761
785 13487 597 2722
786 13239 600 2731
766 13315 583 2761
793 13419 574 2761
755 13654 576 2767
750 13395 576 2783
825 13915 590 2705
768 13248 594 2747
759 13427 591 2748
758 13065 600 2755
758 13271 615 2723
757 13416 586 2782
894 15251 573 2761
875 14377 617 2711
859 15453 578 2753
763 12985 640 2785
751 13028 642 2783
749 13336 601 2801
742 13128 629 2788
841 14511 604 2717
819 14067 626 2716
790 13770 582 2769
835 13886 611 2745
802 14323 574 2765
772 13217 636 2787
795 13636 594 2762
822 13421 578 2775
760 13122 608 2793
758 13508 616 2732
793 13315 615 2725
761 13544 595 2752
780 13804 612 2746
779 13452 640 2749
780 13273 627 2730
795 14349 576 2786
866 14808 588 2799
836 13763 615 2726
828 14624 574 2803
815 13575 602 2796
800 13590 617 2747
770 13857 598 2753
791 14468 597 2787
794 13735 606 2784
818 13650 615 2768
783 13748 616 2769
802 13649 602 2788
848 15062 602 2764
819 14742 649 2767
798 13843 614 2824
821 14311 616 2780
880 15593 629 2769
868 15187 612 2775
919 16776 614 2840
