94570 2520.5
718 11934 578 2511
665 10647 583 2533
699 11204 587 2511
672 10554 550 2584
737 11920 574 2535
615 9575 587 2495
726 11232 542 2522
762 12530 642 2569
751 11978 589 2606
743 12117 551 2515
799 13503 560 2507
680 10924 560 2514
694 11404 545 2529
686 10867 595 2529
693 11226 524 2531
759 12193 637 2589
714 11500 547 2525
676 11452 545 2532
699 10926 586 2566
613 9502 533 2538
683 11104 563 2533
613 9832 538 2565
740 11488 547 2541
675 10541 557 2554
740 12029 569 2613
704 11884 618 2728
722 11039 575 2563
818 12798 565 2537
716 11685 547 2630
725 11191 560 2528
692 11405 595 2550
728 11691 564 2557
718 11996 569 2503
691 11640 578 2499
853 14671 550 2546
609 10184 523 2536
693 11162 601 2544
715 11418 541 2551
729 11884 574 2527
862 13870 583 2542
717 11616 541 2571
711 11566 569 2538
626 10152 560 2499
651 10987 524 2538
797 12571 523 2573
761 11876 580 2595
760 12648 604 2539
735 12172 533 2522
665 10456 574 2508
709 11773 551 2517
817 14295 600 2587
740 12329 547 2551
789 12628 523 2553
666 10407 593 2532
718 11925 565 2519
705 11802 624 2577
700 11090 592 2554
750 11782 533 2518
678 10804 575 2535
735 11954 560 2511
775 11947 642 2564
790 13717 604 2568
665 10903 542 2527
777 13450 572 2559
815 13771 574 2528
790 12966 524 2591
754 11964 568 2605
826 12631 569 2559
725 12775 591 2585
641 10783 562 2568
729 12001 524 2545
686 11109 578 2508
730 12024 566 2635
670 11013 601 2533
685 11598 551 2523
786 13054 637 2686
705 12235 601 2563
710 11868 538 2579
701 11106 563 2546
755 11586 574 2529
758 12489 538 2552
847 14258 557 2647
803 13299 609 2573
733 11764 571 2555
842 14356 564 2601
778 11992 557 2548
649 11098 552 2568
799 12025 581 2527
692 11244 560 2524
660 10573 529 2565
717 11275 559 2627
756 13077 538 2588
765 12366 609 2572
782 13149 584 2539
702 11847 545 2546
778 12540 564 2629
746 12014 599 2551
677 10872 569 2513
734 11657 578 2513
665 11019 524 2573
743 12461 556 2547
716 11017 604 2534
803 13704 548 2576
648 10522 551 2514
866 13496 592 2535
715 11666 559 2603
725 12846 556 2567
650 10593 560 2512
777 12088 564 2569
720 11690 542 2548
656 10964 524 2557
696 12177 584 2580
764 12669 630 2559
781 13559 542 2569
726 11577 578 2531
788 13450 588 2580
688 10615 578 2491
756 11889 597 2561
739 11846 569 2513
708 11587 570 2537
836 13185 575 2662
727 11498 551 2536
767 11829 575 2584
792 12763 542 2538
739 10978 538 2534
657 10604 529 2543
687 11068 523 2532
693 11312 551 2528
620 10201 533 2518
758 12207 564 2564
713 11407 581 2669
743 12219 556 2540
690 10696 604 2532
676 10752 565 2511
640 10745 554 2537
795 13702 559 2574
656 10545 590 2515
772 13224 565 2535
662 11174 586 2565
717 11622 542 2518
634 9950 565 2524
686 10951 542 2541
685 11356 587 2535
760 12341 591 2578
647 9897 565 2521
702 11506 611 2613
681 10520 559 2583
637 10834 542 2529
700 11707 573 2624
713 11959 547 2552
694 10909 574 2545
730 12273 572 2519
731 11731 578 2502
734 11705 538 2588
835 13763 591 2558
707 11641 590 2505
768 12843 578 2489
801 13367 539 2635
800 13660 578 2526
708 11729 583 2530
627 10281 560 2556
760 11828 542 2555
752 12727 523 2560
737 12195 557 2650
688 10812 566 2527
731 11706 560 2567
730 12387 561 2554
773 12740 602 2548
705 11154 551 2536
816 12790 574 2545
647 11124 560 2540
797 12443 547 2578
729 12073 615 2644
669 11439 579 2651
655 11145 596 2542
732 11026 560 2560
672 10543 577 2556
706 11609 588 2558
798 12647 547 2556
765 11927 578 2555
712 11592 601 2522
746 12084 551 2519
685 10644 560 2501
726 12624 536 2543
754 12404 542 2552
675 11378 575 2529
667 10922 572 2549
712 11697 592 2518
721 11457 565 2517
721 12156 590 2533
754 12229 557 2557
726 12371 523 2550
643 10628 572 2553
700 10960 597 2535
683 10913 563 2528
701 11158 601 2532
652 10869 577 2568
733 11558 524 2519
872 13914 538 2557
685 11556 559 2543
708 12300 604 2562
709 10556 547 2536
647 10970 527 2572
646 10059 533 2522
683 11620 542 2518
722 11096 523 2554
753 12281 538 2543
700 10798 556 2582
674 10620 569 2498
701 11697 545 2563
739 12452 548 2604
736 12046 578 2489
675 10768 523 2535
775 12343 545 2576
674 11003 613 2565
752 11907 559 2619
754 12544 541 2550
722 11849 542 2539
876 13619 565 2554
688 10469 551 2538
735 12390 574 2525
715 11813 527 2537
703 11579 547 2543
817 13382 577 2584
648 10488 565 2541
699 11775 569 2507
736 12167 606 2594
665 10573 569 2505
781 12709 555 2571
717 11886 578 2583
705 10924 523 2588
688 11022 551 2550
638 10717 551 2511
740 13251 547 2562
696 11229 550 2597
682 11280 533 2529
765 12866 524 2543
711 10972 523 2552
681 10523 542 2522
806 12424 607 2547
711 11241 569 2514
650 10412 542 2513
808 12609 574 2519
775 13167 586 2573
800 13083 592 2515
713 11053 542 2530
676 10765 569 2498
731 11475 560 2516
739 12232 547 2551
703 11532 569 2496
722 12227 524 2523
765 12462 585 2601
708 11286 563 2574
779 11252 563 2547
825 13527 551 2523
705 12007 611 2586
701 11765 569 2552
698 11322 551 2506
616 9847 550 2559
741 10719 586 2557
878 14381 599 2609
721 11676 578 2491
780 13100 600 2747
768 12459 596 2634
731 12230 613 2557
710 11608 533 2536
706 11300 551 2508
660 10352 547 2547
830 12620 523 2526
753 12147 569 2543
730 12664 565 2538
681 10862 599 2531
723 12348 611 2660
754 13013 572 2532
839 14062 632 2598
751 11506 619 2624
831 13245 524 2545
667 10693 560 2532
657 9985 533 2527
831 13125 569 2516
681 10660 560 2499
828 13499 591 2591
676 11170 554 2529
702 11332 598 2550
780 13082 580 2565
697 11602 548 2555
749 12059 560 2524
717 11507 538 2537
703 11081 524 2525
712 12047 577 2566
660 10805 524 2543
789 12516 620 2623
752 12092 553 2652
761 11773 601 2596
726 11630 574 2530
621 10379 563 2524
760 12467 523 2568
747 12242 547 2616
790 12338 603 2577
741 12220 551 2506
