31990 1200.75
524 7725 524 2557
528 7699 524 2579
530 7745 523 2580
562 8221 551 2530
528 7719 524 2557
547 7710 533 2570
542 7916 542 2535
528 7719 524 2557
528 7706 524 2575
547 7710 533 2570
552 7747 533 2546
547 7712 533 2570
547 7801 542 2537
528 7734 524 2553
528 7708 524 2575
529 7714 524 2571
552 7730 533 2552
525 7789 524 2547
552 7730 533 2552
528 7706 524 2575
543 8058 524 2545
528 7736 524 2551
533 7761 533 2546
524 7725 524 2557
528 7706 524 2575
528 7719 524 2557
528 7708 524 2575
547 7710 533 2570
552 7747 533 2546
528 7769 524 2547
542 7783 533 2542
528 7706 524 2575
548 7718 533 2566
552 7730 533 2552
528 7719 524 2557
528 7706 524 2575
552 7770 542 2537
539 7759 533 2546
528 7719 524 2557
528 7706 524 2575
539 7790 533 2542
528 7719 524 2557
542 7793 542 2541
528 7734 524 2553
528 7699 524 2579
528 7762 524 2547
533 7784 533 2542
528 7706 524 2575
528 7734 524 2553
525 7745 524 2551
529 7714 524 2571
528 7743 524 2551
552 7730 533 2552
524 7725 524 2557
547 7710 533 2570
528 7708 524 2575
528 7743 524 2551
552 7730 533 2552
542 7751 533 2548
525 7745 524 2551
552 7762 542 2541
528 7719 524 2557
525 7804 524 2547
528 7699 524 2579
528 7708 524 2575
528 7719 524 2557
552 7770 542 2537
528 7769 524 2547
547 7710 533 2570
528 7706 524 2575
528 7736 524 2551
528 7699 524 2579
533 7862 533 2540
528 7736 524 2551
528 7699 524 2579
528 7719 524 2557
533 7857 533 2540
529 7714 524 2571
542 7750 533 2546
528 7711 524 2575
531 7733 523 2588
528 7736 524 2551
542 7818 542 2541
528 7769 524 2547
528 7750 524 2551
528 7719 524 2557
528 7736 524 2551
528 7708 524 2575
528 7719 524 2557
528 7706 524 2575
552 7762 542 2541
528 7769 524 2547
528 7719 524 2557
547 7710 533 2570
525 7804 524 2547
528 7699 524 2579
552 7747 533 2546
533 7769 533 2542
528 7699 524 2579
528 7699 524 2579
552 7762 542 2541
528 7719 524 2557
552 7747 533 2546
528 7719 524 2557
528 7706 524 2575
528 7736 524 2551
533 7769 533 2542
528 7699 524 2579
528 7736 524 2551
529 7714 524 2571
528 7719 524 2557
528 7706 524 2575
552 7730 533 2552
528 7734 524 2553
528 7734 524 2553
547 7710 533 2570
528 7719 524 2557
528 7719 524 2557
533 7769 533 2542
528 7711 524 2575
552 7785 542 2537
539 7759 533 2546
528 7719 524 2557
528 7706 524 2575
528 7699 524 2579
528 7699 524 2579
552 7761 542 2543
524 7725 524 2557
547 7710 533 2570
528 7719 524 2557
528 7736 524 2551
547 7710 533 2570
552 7747 533 2546
533 7796 533 2542
528 7699 524 2579
528 7743 524 2551
552 7747 533 2546
533 7761 533 2546
528 7736 524 2551
529 7714 524 2571
528 7750 524 2551
533 7761 533 2546
533 7769 533 2542
528 7706 524 2575
528 7750 524 2551
528 7736 524 2551
539 7759 533 2546
528 7719 524 2557
528 7719 524 2557
528 7706 524 2575
528 7736 524 2551
528 7706 524 2575
528 7706 524 2575
528 7719 524 2557
528 7743 524 2551
528 7706 524 2575
542 7926 542 2535
533 7756 533 2550
528 7719 524 2557
528 7699 524 2579
533 7761 533 2546
528 7699 524 2579
528 7736 524 2551
528 7719 524 2557
528 7706 524 2575
556 8068 533 2542
542 7793 542 2541
529 7714 524 2571
528 7736 524 2551
525 7778 524 2547
528 7719 524 2557
548 7718 533 2566
552 7747 533 2546
528 7769 524 2547
528 7699 524 2579
528 7699 524 2579
528 7719 524 2557
552 7747 533 2546
552 7730 533 2552
525 7778 524 2547
542 7877 542 2535
528 7736 524 2551
533 7796 533 2542
528 7706 524 2575
547 7710 533 2570
547 7710 533 2570
542 7926 542 2535
528 7719 524 2557
528 7699 524 2579
529 7705 524 2579
552 7747 533 2546
528 7699 524 2579
542 7757 533 2546
533 7787 533 2542
528 7699 524 2579
528 7762 524 2547
528 7736 524 2551
528 7737 524 2553
528 7719 524 2557
528 7699 524 2579
528 7769 524 2547
542 7783 533 2542
533 7769 533 2542
528 7719 524 2557
528 7743 524 2551
548 7718 533 2566
528 7708 524 2575
528 7699 524 2579
528 7719 524 2557
528 7719 524 2557
552 7770 542 2537
528 7719 524 2557
547 7710 533 2570
528 7719 524 2557
529 7714 524 2571
528 7699 524 2579
552 7770 542 2537
528 7738 524 2551
528 7719 524 2557
528 7699 524 2579
547 7801 542 2537
528 7719 524 2557
528 7736 524 2551
528 7706 524 2575
528 7699 524 2579
540 7805 533 2542
547 7804 542 2537
528 7719 524 2557
540 7805 533 2542
528 7726 524 2557
547 7710 533 2570
528 7769 524 2547
528 7719 524 2557
527 7725 524 2575
528 7719 524 2557
548 7718 533 2566
528 7743 524 2551
528 7719 524 2557
533 7760 533 2548
524 7725 524 2557
552 7770 542 2537
542 7733 533 2552
528 7699 524 2579
547 7710 533 2570
528 7708 524 2575
528 7719 524 2557
528 7736 524 2551
529 7716 524 2571
547 7710 533 2570
528 7699 524 2579
552 7730 533 2552
528 7706 524 2575
552 7747 533 2546
528 7719 524 2557
528 7719 524 2557
528 7706 524 2575
528 7736 524 2551
528 7762 524 2547
533 7927 533 2540
528 7719 524 2557
528 7736 524 2551
528 7736 524 2551
533 7860 533 2540
525 7745 524 2551
528 7719 524 2557
550 7727 533 2556
528 7800 524 2547
528 7719 524 2557
528 7719 524 2557
528 7706 524 2575
552 7757 542 2545
525 7771 524 2551
528 7719 524 2557
528 7719 524 2557
528 7706 524 2575
547 7710 533 2570
552 7785 542 2537
528 7738 524 2551
529 7716 524 2571
528 7699 524 2579
547 7815 542 2537
528 7719 524 2557
552 7747 533 2546
528 7719 524 2557
547 7710 533 2570
552 7730 533 2552
528 7736 524 2551
528 7699 524 2579
528 7769 524 2547
528 7726 524 2557
528 7736 524 2551
528 7736 524 2551
552 7730 533 2552
528 7734 524 2553
528 7719 524 2557
528 7706 524 2575
528 7699 524 2579
528 7719 524 2557
530 7786 524 2547
528 7711 524 2575
