7 0.581061
814 14117 523 2661
789 13961 606 2617
685 11109 523 2746
624 10539 566 2678
786 13616 524 2695
752 13208 565 2626
787 13872 580 2623
735 12421 541 2649
683 11203 601 2619
690 12159 552 2639
752 13573 523 2726
664 11921 536 2691
661 11482 550 2736
735 12421 541 2649
707 12076 538 2666
638 11037 559 2730
653 11008 559 2715
684 11277 551 2687
645 10966 568 2662
685 11620 541 2658
675 11053 574 2661
705 11826 559 2657
684 11516 555 2664
645 10966 568 2662
675 11053 574 2661
653 11008 559 2715
706 12077 564 2655
705 11826 559 2657
707 12076 538 2666
706 12077 564 2655
657 11510 559 2690
657 11510 559 2690
706 12077 564 2655
657 11510 559 2690
823 14178 527 2747
793 14260 536 2739
777 13381 606 2639
698 11477 610 2648
670 11702 565 2762
645 10588 571 2705
644 11220 592 2728
795 13850 564 2654
740 13500 538 2730
701 11040 580 2681
712 11964 545 2707
678 11413 587 2686
696 11663 550 2726
700 12289 555 2679
707 12247 562 2680
764 12987 568 2655
692 11961 601 2672
687 11224 543 2755
734 12821 544 2666
692 11793 536 2757
683 11515 608 2668
726 12712 538 2737
730 12520 586 2653
764 12987 568 2655
699 11736 586 2693
696 12008 549 2698
692 11765 553 2687
702 11922 577 2660
712 12668 568 2656
706 11997 539 2694
687 11954 567 2696
698 11963 594 2674
701 12044 576 2676
719 12590 553 2661
678 11896 606 2675
701 12044 576 2676
719 12590 553 2661
696 11663 550 2726
721 12007 565 2675
644 11220 592 2728
698 11963 594 2674
678 11896 606 2675
721 12007 565 2675
698 11963 594 2674
678 11896 606 2675
644 11220 592 2728
865 14339 586 2656
732 12631 536 2766
730 12444 653 2656
666 11137 619 2720
783 13175 564 2676
804 13582 550 2669
813 13929 536 2759
865 14339 586 2656
745 12418 545 2707
705 11745 604 2730
691 12168 643 2682
744 13388 548 2726
682 11457 576 2758
761 13294 576 2657
727 12256 562 2693
728 11934 591 2666
715 11986 622 2683
718 12680 582 2658
754 12939 554 2689
675 11348 583 2745
681 11845 593 2706
813 13929 536 2759
740 12311 550 2715
705 11745 604 2730
738 12968 552 2691
688 11815 578 2742
690 12177 611 2690
706 11414 583 2689
686 12094 578 2719
697 12036 562 2706
666 11137 619 2720
724 12258 539 2747
691 12168 643 2682
670 11746 609 2751
698 11848 571 2687
692 12063 553 2727
681 11845 593 2706
724 12547 564 2687
714 11942 556 2764
757 13259 574 2679
715 12184 550 2760
735 12597 576 2683
714 11942 556 2764
698 11848 571 2687
670 11746 609 2751
688 11815 578 2742
757 13259 574 2679
724 12258 539 2747
718 12680 582 2658
670 11846 592 2716
715 11986 622 2683
669 11194 583 2760
669 11194 583 2760
670 11846 592 2716
865 14339 586 2656
714 11942 556 2764
705 11745 604 2730
688 11815 578 2742
681 11845 593 2706
670 11746 609 2751
828 14137 536 2761
810 14361 560 2703
787 13831 634 2666
688 11325 608 2764
683 11499 584 2846
682 11708 671 2771
669 11906 603 2767
787 13660 587 2667
710 12244 564 2794
789 13234 541 2750
682 11708 671 2771
768 12744 542 2777
688 12291 643 2723
742 12712 582 2676
787 13831 634 2666
710 12244 564 2794
748 12937 548 2718
801 13792 539 2765
767 12839 556 2712
751 12417 597 2668
745 13095 566 2697
737 12477 574 2698
711 11963 596 2688
746 13225 557 2745
734 12078 562 2734
735 12426 592 2682
706 11868 571 2704
722 12697 568 2718
716 12586 558 2768
694 11994 625 2716
698 11950 574 2700
801 13792 539 2765
690 11447 624 2726
696 11766 616 2746
684 11672 591 2767
688 12291 643 2723
717 11955 573 2702
729 12827 612 2686
753 12420 566 2721
729 12827 612 2686
673 11522 584 2776
673 11522 584 2776
706 11868 571 2704
713 12269 562 2761
691 11405 623 2730
676 12251 585 2755
765 12535 544 2757
696 11766 616 2746
763 12733 551 2759
729 12582 568 2719
763 12733 551 2759
696 12087 574 2734
688 11325 608 2764
735 12675 560 2749
734 12519 568 2696
742 12727 603 2667
676 12251 585 2755
758 12862 542 2757
691 11405 623 2730
696 12022 621 2725
684 11672 591 2767
693 12063 597 2724
758 12862 542 2757
694 11994 625 2716
707 12381 567 2725
707 12381 567 2725
669 11906 603 2767
734 12519 568 2696
693 12086 565 2757
765 12535 544 2757
696 12087 574 2734
746 13225 557 2745
696 12022 621 2725
735 12675 560 2749
706 12465 597 2699
706 12465 597 2699
768 12744 542 2777
729 12582 568 2719
742 12727 603 2667
801 13792 539 2765
801 13792 539 2765
787 13831 634 2666
787 13831 634 2666
768 12744 542 2777
765 12535 544 2757
734 12519 568 2696
710 12244 564 2794
696 12022 621 2725
682 11708 671 2771
676 12251 585 2755
669 11906 603 2767
788 13634 571 2699
776 13329 556 2722
774 13902 562 2731
761 13080 602 2668
699 11575 612 2822
690 11911 660 2747
692 12470 646 2750
715 11956 612 2701
741 13150 603 2696
723 12410 564 2766
758 13235 594 2679
707 11868 588 2721
770 12821 582 2680
712 12360 565 2790
712 12360 565 2790
730 12705 565 2758
711 12163 609 2700
716 11954 571 2709
698 12047 592 2716
761 13080 602 2668
744 12406 562 2753
770 12821 582 2680
703 12086 574 2703
700 12634 580 2718
694 12128 595 2763
730 12705 565 2758
744 12406 562 2753
700 12634 580 2718
703 12086 574 2703
694 12128 595 2763
837 14467 570 2748
822 14320 556 2778
767 13424 610 2669
759 12995 562 2814
714 12225 623 2726
698 12165 620 2758
782 13624 574 2731
786 13027 611 2700
836 14197 562 2752
733 12981 606 2714
800 14352 571 2704
742 12533 586 2718
776 13168 583 2708
750 12654 599 2707
747 12392 598 2722
700 12336 603 2754
746 12445 579 2744
736 12590 578 2711
719 12228 571 2755
899 16010 565 2756
785 13272 602 2715
769 13238 580 2775
744 12536 609 2757
814 14072 576 2741
757 13057 590 2746
804 12849 579 2721
754 12879 599 2743
774 13002 578 2717
848 13705 599 2722
813 13892 581 2757
812 14757 585 2762
794 14024 593 2722
788 13590 633 2741
755 12971 623 2746
824 13202 620 2752
796 13719 586 2726
910 16085 630 2749
847 13951 591 2752
821 14336 597 2768
838 14264 523 2713
738 12763 600 2639
710 11343 523 2803
631 10813 571 2732
748 13226 525 2659
751 12535 527 2760
707 11972 529 2675
665 11164 574 2728
661 11358 553 2706
680 11452 539 2742
695 11655 543 2722
631 10813 571 2732
702 12410 527 2782
660 11670 560 2781
673 11085 573 2656
659 11506 571 2707
664 11436 556 2662
697 12394 530 2772
684 11508 532 2741
751 12535 527 2760
668 11390 543 2778
662 11258 529 2779
684 11508 532 2741
697 12394 530 2772
673 11085 573 2656
665 11164 574 2728
660 11670 560 2781
668 11390 543 2778
831 14174 530 2715
809 14189 533 2745
713 12135 529 2784
698 11493 607 2737
682 11752 580 2662
653 11192 590 2768
648 11485 605 2837
648 11485 605 2837
792 14093 532 2758
757 13213 559 2675
718 11995 551 2786
673 11573 591 2713
749 12972 536 2677
711 12196 573 2685
681 11924 553 2716
682 11752 580 2662
653 11192 590 2768
729 12618 578 2681
715 12726 538 2683
761 12754 536 2740
661 11764 559 2735
771 12542 565 2700
718 12121 568 2691
710 12138 550 2704
771 12542 565 2700
679 11712 563 2716
722 12159 529 2759
700 11651 565 2732
741 12669 564 2677
692 11641 575 2707
757 12559 564 2703
694 11961 552 2786
708 12171 538 2704
692 11641 575 2707
700 11651 565 2732
709 12165 568 2694
741 12669 564 2677
665 11681 591 2694
720 11618 566 2698
698 11493 607 2737
720 11618 566 2698
665 11681 591 2694
710 12138 550 2704
718 11995 551 2786
713 12135 529 2784
700 11651 565 2732
653 11192 590 2768
866 14801 560 2685
756 13615 529 2779
743 12356 532 2786
741 12344 594 2667
673 11517 625 2778
660 11272 591 2785
818 14240 556 2694
835 14358 545 2687
673 11517 625 2778
785 13731 589 2674
740 12919 543 2699
786 13336 552 2698
756 13312 536 2711
701 12281 615 2690
769 13430 550 2696
703 11763 576 2764
717 12386 541 2775
660 11272 591 2785
723 11805 565 2761
734 12235 581 2682
776 12524 551 2752
785 13731 589 2674
756 13615 529 2779
775 13526 557 2692
699 12310 580 2732
831 14356 545 2688
682 11620 594 2724
741 12833 546 2703
701 12107 569 2726
761 12718 539 2744
694 11725 583 2756
689 11886 571 2756
749 11964 573 2710
720 12803 562 2705
710 11722 585 2768
715 12124 605 2717
695 12270 599 2701
710 11722 585 2768
719 12407 589 2693
678 12056 610 2697
678 12056 610 2697
715 12124 605 2717
752 12224 552 2735
726 12542 555 2728
682 11620 594 2724
730 12826 538 2709
760 12737 562 2690
708 12516 553 2739
708 12098 559 2746
723 11835 580 2748
737 12617 552 2747
714 12734 539 2743
715 12214 561 2718
729 12654 573 2714
759 12721 538 2761
678 11831 592 2718
726 12542 555 2728
733 12469 556 2709
676 11942 560 2741
710 12455 553 2734
695 12270 599 2701
737 11949 577 2712
747 12221 573 2714
737 12332 571 2702
747 12816 559 2695
831 14356 545 2688
715 12214 561 2718
737 11949 577 2712
741 11896 595 2692
715 12374 597 2711
741 11896 595 2692
693 12118 553 2741
715 12623 581 2711
710 12455 553 2734
715 12374 597 2711
693 12118 553 2741
729 12654 573 2714
689 11886 571 2756
676 11942 560 2741
708 12098 559 2746
723 11835 580 2748
729 12654 573 2714
726 12542 555 2728
708 12098 559 2746
678 12056 610 2697
678 12056 610 2697
676 11942 560 2741
660 11272 591 2785
876 15071 541 2763
835 13715 529 2788
768 13210 623 2670
696 12022 582 2849
682 11792 625 2741
808 14224 537 2844
725 12402 553 2789
852 14232 550 2701
817 14338 547 2704
815 14136 612 2682
700 12157 594 2722
699 11913 606 2757
835 13715 529 2788
819 13605 582 2699
696 12659 559 2777
797 13695 553 2706
790 13912 571 2705
745 12889 575 2712
701 12131 587 2747
707 11963 610 2752
714 12501 557 2753
696 12022 582 2849
751 13366 550 2767
780 13717 622 2686
687 12335 588 2759
688 12024 579 2757
760 12841 563 2740
788 13019 545 2759
702 12279 571 2741
769 12983 566 2731
763 12434 591 2705
745 13295 559 2714
757 13044 560 2735
711 11897 592 2753
788 14040 569 2693
808 14224 537 2844
756 12318 568 2718
723 12833 541 2775
708 12025 562 2757
753 12905 573 2711
751 13002 552 2737
716 12152 615 2702
707 11979 578 2742
777 13782 577 2694
763 13250 544 2749
807 13698 552 2728
780 13717 622 2686
716 12977 587 2715
723 12154 576 2754
817 14338 547 2704
756 13102 582 2703
781 13455 576 2706
771 12822 587 2696
765 13250 555 2716
777 12667 562 2722
763 13038 557 2724
788 14040 569 2693
819 13605 582 2699
716 12152 615 2702
758 12997 548 2772
711 12704 573 2731
811 13778 542 2740
758 12997 548 2772
725 12402 553 2789
771 12822 587 2696
811 13778 542 2740
764 13515 568 2706
757 13356 557 2723
807 13698 552 2728
781 13455 576 2706
765 13250 555 2716
763 12742 582 2709
764 13515 568 2706
763 12742 582 2709
711 12704 573 2731
745 12889 575 2712
751 13003 570 2710
777 13782 577 2694
751 13003 570 2710
788 14040 569 2693
780 13717 622 2686
771 12822 587 2696
696 12022 582 2849
850 14364 566 2709
822 14892 541 2795
808 14150 541 2802
808 14150 541 2802
802 13447 585 2706
728 12634 610 2750
721 12046 562 2767
689 12094 597 2770
748 12770 583 2747
829 14473 553 2706
736 12877 550 2789
711 12877 590 2733
774 12951 573 2725
797 13432 560 2722
800 13563 551 2768
822 14892 541 2795
694 12247 586 2777
696 12785 593 2763
759 13207 553 2753
772 13420 562 2725
708 12502 569 2757
728 12349 567 2757
736 12486 594 2724
754 13051 550 2777
756 13140 560 2750
756 12922 568 2728
725 12527 564 2763
720 12969 564 2755
758 13135 564 2753
754 13051 550 2777
720 12969 564 2755
822 14892 541 2795
832 14941 552 2797
785 13855 576 2729
764 13188 637 2784
759 12827 576 2785
742 13175 555 2811
757 13353 627 2746
748 13593 595 2791
830 14628 561 2754
794 13269 588 2734
776 14334 553 2772
770 13995 592 2774
810 14355 562 2750
800 13941 574 2758
804 13786 568 2747
807 13625 566 2754
877 14395 608 2748
831 14665 582 2809
813 13946 611 2750
778 13360 590 2789
822 13858 599 2762
817 14612 611 2769
781 13980 614 2791
840 14405 523 2732
694 11940 536 2632
680 11233 649 2641
635 10770 524 2735
790 13660 533 2699
700 11601 556 2644
688 12231 609 2635
676 11333 569 2683
664 11553 609 2662
686 11998 551 2704
644 11438 557 2671
660 11422 546 2721
689 12229 562 2667
660 11422 546 2721
842 15132 523 2735
762 12580 559 2636
660 11772 641 2728
641 10799 548 2736
639 11046 597 2805
639 11046 597 2805
730 13295 545 2753
784 12789 555 2696
671 11699 527 2777
729 12366 614 2651
782 13024 554 2694
738 12340 631 2646
660 11772 641 2728
671 11699 527 2777
753 12755 524 2735
685 11436 573 2706
737 12017 612 2648
683 11403 578 2714
697 12032 595 2666
749 12988 588 2668
695 11917 583 2702
712 12344 551 2722
718 11931 557 2684
708 12239 562 2717
670 11605 557 2720
699 11790 575 2701
696 11545 580 2687
688 11755 594 2681
737 12100 548 2710
677 11568 603 2714
707 12538 564 2718
704 11832 634 2679
677 11568 603 2714
704 11832 634 2679
738 12340 631 2646
732 12466 545 2697
717 12579 557 2672
684 11483 581 2709
749 12988 588 2668
717 12501 593 2679
680 12028 590 2716
707 12538 564 2718
680 12028 590 2716
732 12466 545 2697
671 11562 581 2729
717 12501 593 2679
671 11562 581 2729
671 11562 581 2729
660 11772 641 2728
639 11046 597 2805
639 11046 597 2805
927 15785 562 2669
793 14115 527 2736
762 13395 626 2641
738 12420 532 2805
711 12015 642 2689
652 11326 610 2771
840 14092 539 2772
927 15785 562 2669
818 14911 594 2648
678 11637 595 2777
680 11817 636 2747
818 14911 594 2648
678 11576 597 2758
673 12004 587 2739
773 13441 615 2651
735 12286 586 2707
764 13113 545 2720
652 11326 610 2771
807 14017 598 2650
775 13023 610 2647
683 11917 550 2755
779 13346 597 2657
809 13847 550 2699
798 13221 557 2683
693 12207 605 2714
764 13560 555 2697
697 11751 627 2709
712 12415 553 2722
769 12983 601 2663
769 13061 587 2664
761 13335 566 2675
815 13861 571 2668
691 12030 607 2694
699 12494 568 2727
729 13096 561 2681
743 12943 622 2658
753 12719 574 2673
678 11740 571 2753
791 12924 563 2690
692 11703 592 2720
756 13095 559 2700
704 11600 580 2771
690 11806 562 2736
686 11624 610 2747
766 12526 568 2684
759 13382 572 2672
745 12692 599 2689
724 12853 593 2682
754 13272 559 2713
791 12924 563 2690
704 11600 580 2771
710 12510 601 2667
714 12067 558 2731
765 13656 550 2711
753 12601 568 2696
742 12306 572 2716
708 12344 574 2720
703 12033 595 2718
743 12943 622 2658
747 12795 566 2689
711 12248 618 2683
749 12405 570 2728
721 12107 587 2714
714 12067 558 2731
711 12248 618 2683
757 13074 560 2688
749 11938 601 2716
697 11751 627 2709
717 12728 594 2710
749 12405 570 2728
729 12362 595 2711
757 13074 560 2688
747 12795 566 2689
717 12728 594 2710
765 13656 550 2711
729 12362 595 2711
721 12107 587 2714
723 11600 597 2727
692 11703 592 2720
725 12725 574 2696
725 12725 574 2696
766 12526 568 2684
743 12943 622 2658
725 12725 574 2696
725 12725 574 2696
697 11751 627 2709
854 14665 598 2654
799 13290 550 2818
779 13554 545 2757
708 12018 662 2724
677 11583 626 2800
675 11692 626 2790
714 12735 633 2706
821 14214 603 2672
708 12018 662 2724
850 14050 574 2685
797 13657 624 2671
778 13536 566 2725
820 13955 549 2731
681 12278 581 2771
713 11916 590 2797
784 13705 556 2702
801 13568 555 2742
675 11692 626 2790
763 13599 562 2699
717 12575 613 2687
722 12086 622 2697
688 12440 590 2757
747 12987 625 2676
750 12878 560 2781
751 12995 563 2760
782 12897 568 2717
697 12149 619 2710
700 11980 607 2752
739 13038 556 2781
716 12531 591 2722
781 13195 594 2682
748 12487 595 2724
728 12932 607 2693
731 13157 555 2747
797 13667 560 2730
734 13130 618 2685
755 13270 583 2680
779 13554 545 2757
761 12845 575 2716
821 14214 603 2672
760 13073 583 2695
728 12932 607 2693
695 12063 562 2765
742 12561 619 2701
725 12790 573 2741
735 13026 566 2760
717 12754 579 2732
720 12685 602 2695
700 12262 599 2734
688 12440 590 2757
695 12063 562 2765
709 12081 577 2764
717 12661 587 2731
742 13211 586 2703
755 13043 558 2737
820 13955 549 2731
731 12352 585 2732
716 12147 588 2731
750 13254 558 2741
756 13568 578 2725
700 12262 599 2734
735 13031 584 2716
762 12706 599 2695
715 12181 572 2742
741 12056 615 2718
700 11980 607 2752
715 12181 572 2742
713 12283 607 2720
730 12576 603 2694
709 12081 577 2764
761 12793 580 2683
697 12051 588 2748
731 12352 585 2732
755 13043 558 2737
731 13157 555 2747
744 12716 578 2735
735 13031 584 2716
741 12056 615 2718
784 13705 556 2702
744 12716 578 2735
763 13599 562 2699
720 12685 602 2695
725 12790 573 2741
730 12576 603 2694
697 12051 588 2748
734 13130 618 2685
717 12180 599 2718
761 12793 580 2683
742 13211 586 2703
713 12283 607 2720
739 13038 556 2781
762 12706 599 2695
741 12056 615 2718
734 13130 618 2685
731 13157 555 2747
709 12081 577 2764
675 11692 626 2790
830 14435 553 2745
812 14838 562 2732
771 13280 619 2686
761 13072 659 2689
703 12224 564 2794
717 12884 629 2793
729 12357 569 2768
801 14064 588 2698
822 14588 556 2726
743 12597 608 2716
776 13610 600 2710
762 13337 575 2717
770 13677 589 2689
795 13573 585 2705
754 13333 556 2768
749 12765 608 2705
760 13444 569 2737
721 12907 609 2711
762 13193 615 2691
758 13529 602 2721
746 13067 609 2698
756 13567 592 2733
760 13539 585 2716
760 13315 601 2694
754 13333 556 2768
867 15269 571 2740
802 13390 636 2763
799 14185 624 2699
751 12559 592 2788
734 13251 564 2803
827 15011 575 2719
800 13587 605 2708
761 13445 615 2742
795 13429 578 2732
743 13014 613 2781
777 13268 596 2773
779 13562 576 2720
736 13080 623 2797
745 13134 565 2797
779 13400 598 2736
906 15713 645 2708
802 14313 577 2735
755 13502 594 2800
817 14208 600 2787
785 13564 627 2723
779 13615 603 2735
852 14300 580 2735
804 14247 592 2748
839 14894 611 2748
838 13973 640 2734
795 14112 618 2779
900 15287 640 2748
