186536 1740.15
560 9555 536 2613
560 9555 536 2613
604 9805 569 2526
593 9543 524 2578
704 12458 551 2506
593 9543 524 2578
574 9700 523 2551
574 9700 523 2551
593 9543 524 2578
604 9805 569 2526
651 11048 524 2528
683 12038 560 2510
597 9963 545 2533
615 9590 527 2565
671 11556 551 2514
615 9590 527 2565
690 11504 533 2520
626 10258 556 2526
691 10935 524 2530
704 12458 551 2506
701 11867 523 2539
671 11556 551 2514
573 9709 538 2562
577 9632 542 2568
608 10673 523 2546
574 9700 523 2551
598 10357 545 2530
680 11555 551 2512
701 12180 524 2525
573 9709 538 2562
626 10258 556 2526
674 10536 560 2511
673 11717 524 2527
626 10258 556 2526
648 10861 533 2522
683 12038 560 2510
622 10210 533 2535
637 10399 533 2524
560 9555 536 2613
593 9543 524 2578
701 11867 523 2539
648 10861 533 2522
583 9779 542 2534
703 11345 523 2534
593 9543 524 2578
604 10017 542 2530
560 9555 536 2613
569 9779 524 2569
569 9779 524 2569
581 9617 551 2575
608 10673 523 2546
604 10017 542 2530
597 9963 545 2533
636 10501 542 2515
703 11345 523 2534
622 10259 524 2536
701 12180 524 2525
582 9877 524 2541
690 11504 533 2520
648 10218 523 2541
636 10501 542 2515
635 11177 542 2524
674 10536 560 2511
683 12038 560 2510
628 11222 524 2529
635 11177 542 2524
628 11222 524 2529
560 9555 536 2613
690 11504 533 2520
704 12458 551 2506
610 10561 533 2537
573 9709 538 2562
628 11222 524 2529
637 10399 533 2524
674 10536 560 2511
703 11345 523 2534
686 11664 524 2527
683 12038 560 2510
686 11664 524 2527
671 11556 551 2514
581 9617 551 2575
622 10210 533 2535
627 10590 560 2522
598 10357 545 2530
615 9590 527 2565
582 9877 524 2541
570 10006 533 2568
593 9543 524 2578
622 10210 533 2535
581 9617 551 2575
601 10132 542 2533
606 9754 542 2548
686 11664 524 2527
690 11504 533 2520
703 11345 523 2534
570 10006 533 2568
626 10258 556 2526
570 10006 533 2568
577 9632 542 2568
581 9617 551 2575
582 9877 524 2541
593 9543 524 2578
577 9632 542 2568
601 10132 542 2533
683 12038 560 2510
636 10501 542 2515
601 10132 542 2533
628 10229 560 2529
604 10017 542 2530
577 9632 542 2568
635 11177 542 2524
637 10399 533 2524
610 10561 533 2537
622 10210 533 2535
701 11867 523 2539
569 9779 524 2569
690 11504 533 2520
680 11555 551 2512
627 10590 560 2522
628 11222 524 2529
635 11177 542 2524
606 9754 542 2548
683 12038 560 2510
604 10017 542 2530
671 11556 551 2514
606 9754 542 2548
680 11555 551 2512
628 11222 524 2529
628 11222 524 2529
604 10017 542 2530
690 11504 533 2520
680 11555 551 2512
680 11555 551 2512
680 11555 551 2512
637 10399 533 2524
626 10258 556 2526
686 11664 524 2527
651 11048 524 2528
604 10017 542 2530
626 10258 556 2526
628 10229 560 2529
674 10536 560 2511
635 11177 542 2524
626 10258 556 2526
686 11664 524 2527
636 10501 542 2515
690 11504 533 2520
637 10399 533 2524
615 9590 527 2565
673 11717 524 2527
628 10229 560 2529
627 10590 560 2522
683 12038 560 2510
680 11555 551 2512
593 9543 524 2578
701 12180 524 2525
680 11555 551 2512
604 9805 569 2526
701 12180 524 2525
683 12038 560 2510
637 10399 533 2524
628 11222 524 2529
690 11504 533 2520
671 11556 551 2514
593 9543 524 2578
635 11177 542 2524
704 12458 551 2506
704 12458 551 2506
704 12458 551 2506
560 9555 536 2613
686 11664 524 2527
651 11048 524 2528
583 9779 542 2534
671 11556 551 2514
674 10536 560 2511
560 9555 536 2613
626 10258 556 2526
598 10357 545 2530
680 11555 551 2512
573 9709 538 2562
610 10561 533 2537
626 10258 556 2526
690 11504 533 2520
601 10132 542 2533
560 9555 536 2613
581 9617 551 2575
604 9805 569 2526
569 9779 524 2569
604 10017 542 2530
593 9543 524 2578
636 10501 542 2515
593 9543 524 2578
583 9779 542 2534
701 11867 523 2539
628 11222 524 2529
570 10006 533 2568
593 9543 524 2578
574 9700 523 2551
626 10258 556 2526
581 9617 551 2575
604 9805 569 2526
704 12458 551 2506
560 9555 536 2613
622 10210 533 2535
560 9555 536 2613
703 11345 523 2534
582 9877 524 2541
627 10590 560 2522
593 9543 524 2578
626 10258 556 2526
604 10017 542 2530
573 9709 538 2562
680 11555 551 2512
622 10259 524 2536
671 11556 551 2514
626 10258 556 2526
674 10536 560 2511
597 9963 545 2533
606 9754 542 2548
593 9543 524 2578
560 9555 536 2613
651 11048 524 2528
701 12180 524 2525
606 9754 542 2548
704 12458 551 2506
615 9590 527 2565
671 11556 551 2514
701 11867 523 2539
680 11555 551 2512
604 9805 569 2526
691 10935 524 2530
637 10399 533 2524
628 11222 524 2529
690 11504 533 2520
569 9779 524 2569
627 10590 560 2522
635 11177 542 2524
704 12458 551 2506
622 10210 533 2535
610 10561 533 2537
560 9555 536 2613
671 11556 551 2514
637 10399 533 2524
604 10017 542 2530
626 10258 556 2526
628 11222 524 2529
628 11222 524 2529
690 11504 533 2520
606 9754 542 2548
671 11556 551 2514
680 11555 551 2512
604 10017 542 2530
606 9754 542 2548
651 11048 524 2528
598 10357 545 2530
635 11177 542 2524
626 10258 556 2526
635 11177 542 2524
573 9709 538 2562
637 10399 533 2524
615 9590 527 2565
673 11717 524 2527
628 10229 560 2529
651 11048 524 2528
622 10210 533 2535
577 9632 542 2568
570 10006 533 2568
703 11345 523 2534
626 10258 556 2526
686 11664 524 2527
573 9709 538 2562
601 10132 542 2533
574 9700 523 2551
683 12038 560 2510
570 10006 533 2568
606 9754 542 2548
581 9617 551 2575
560 9555 536 2613
671 11556 551 2514
701 12180 524 2525
683 12038 560 2510
604 9805 569 2526
636 10501 542 2515
680 11555 551 2512
601 10132 542 2533
690 11504 533 2520
560 9555 536 2613
581 9617 551 2575
604 9805 569 2526
569 9779 524 2569
604 10017 542 2530
593 9543 524 2578
615 9590 527 2565
593 9543 524 2578
701 11867 523 2539
628 11222 524 2529
593 9543 524 2578
593 9543 524 2578
608 10673 523 2546
581 9617 551 2575
