28783 810.407
589 7525 587 2484
587 7531 587 2484
587 7531 587 2484
557 7395 523 2533
557 7395 523 2533
554 7343 533 2514
553 7372 551 2504
569 7418 569 2494
569 7418 569 2494
560 7389 560 2499
578 7464 578 2489
580 7462 578 2489
560 7389 560 2499
589 7525 587 2484
578 7464 578 2489
554 7367 524 2519
554 7361 542 2509
554 7343 533 2514
557 7408 523 2524
580 7462 578 2489
554 7363 551 2504
554 7361 542 2509
557 7408 523 2524
554 7367 524 2519
553 7372 551 2504
554 7363 551 2504
589 7525 587 2484
589 7525 587 2484
589 7525 587 2484
589 7525 587 2484
589 7525 587 2484
589 7525 587 2484
589 7525 587 2484
589 7525 587 2484
589 7525 587 2484
589 7525 587 2484
589 7525 587 2484
589 7525 587 2484
589 7525 587 2484
589 7525 587 2484
589 7525 587 2484
589 7525 587 2484
589 7525 587 2484
589 7525 587 2484
589 7525 587 2484
589 7525 587 2484
589 7525 587 2484
589 7525 587 2484
589 7525 587 2484
589 7525 587 2484
589 7525 587 2484
589 7525 587 2484
589 7525 587 2484
589 7525 587 2484
589 7525 587 2484
589 7525 587 2484
589 7525 587 2484
589 7525 587 2484
589 7525 587 2484
589 7525 587 2484
589 7525 587 2484
589 7525 587 2484
589 7525 587 2484
589 7525 587 2484
589 7525 587 2484
589 7525 587 2484
589 7525 587 2484
589 7525 587 2484
589 7525 587 2484
589 7525 587 2484
589 7525 587 2484
589 7525 587 2484
589 7525 587 2484
589 7525 587 2484
589 7525 587 2484
589 7525 587 2484
589 7525 587 2484
589 7525 587 2484
589 7525 587 2484
589 7525 587 2484
589 7525 587 2484
589 7525 587 2484
589 7525 587 2484
589 7525 587 2484
589 7525 587 2484
589 7525 587 2484
589 7525 587 2484
589 7525 587 2484
589 7525 587 2484
589 7525 587 2484
589 7525 587 2484
589 7525 587 2484
589 7525 587 2484
589 7525 587 2484
589 7525 587 2484
589 7525 587 2484
589 7525 587 2484
589 7525 587 2484
589 7525 587 2484
589 7525 587 2484
589 7525 587 2484
589 7525 587 2484
589 7525 587 2484
589 7525 587 2484
589 7525 587 2484
589 7525 587 2484
589 7525 587 2484
589 7525 587 2484
589 7525 587 2484
589 7525 587 2484
589 7525 587 2484
589 7525 587 2484
589 7525 587 2484
589 7525 587 2484
589 7525 587 2484
589 7525 587 2484
589 7525 587 2484
589 7525 587 2484
589 7525 587 2484
589 7525 587 2484
589 7525 587 2484
589 7525 587 2484
589 7525 587 2484
589 7525 587 2484
589 7525 587 2484
589 7525 587 2484
589 7525 587 2484
589 7525 587 2484
589 7525 587 2484
589 7525 587 2484
589 7525 587 2484
589 7525 587 2484
589 7525 587 2484
589 7525 587 2484
589 7525 587 2484
589 7525 587 2484
589 7525 587 2484
589 7525 587 2484
589 7525 587 2484
589 7525 587 2484
589 7525 587 2484
589 7525 587 2484
589 7525 587 2484
589 7525 587 2484
589 7525 587 2484
589 7525 587 2484
589 7525 587 2484
589 7525 587 2484
589 7525 587 2484
589 7525 587 2484
589 7525 587 2484
589 7525 587 2484
589 7525 587 2484
589 7525 587 2484
589 7525 587 2484
589 7525 587 2484
589 7525 587 2484
589 7525 587 2484
589 7525 587 2484
589 7525 587 2484
589 7525 587 2484
589 7525 587 2484
589 7525 587 2484
589 7525 587 2484
589 7525 587 2484
589 7525 587 2484
589 7525 587 2484
589 7525 587 2484
589 7525 587 2484
589 7525 587 2484
589 7525 587 2484
589 7525 587 2484
589 7525 587 2484
589 7525 587 2484
589 7525 587 2484
589 7525 587 2484
589 7525 587 2484
589 7525 587 2484
589 7525 587 2484
589 7525 587 2484
589 7525 587 2484
589 7525 587 2484
589 7525 587 2484
589 7525 587 2484
589 7525 587 2484
589 7525 587 2484
589 7525 587 2484
589 7525 587 2484
589 7525 587 2484
589 7525 587 2484
589 7525 587 2484
587 7531 587 2484
580 7462 578 2489
569 7418 569 2494
589 7527 587 2484
588 7575 533 2514
587 7538 587 2484
574 7427 560 2499
577 7456 569 2494
580 7468 578 2489
574 7574 551 2504
578 7493 578 2489
574 7463 542 2509
607 7882 551 2504
589 7529 587 2484
587 7566 587 2484
582 7469 578 2489
574 7517 560 2499
577 7487 569 2494
580 7471 578 2489
582 7470 569 2494
589 7529 587 2484
589 7529 587 2484
589 7529 587 2484
589 7529 587 2484
589 7532 587 2484
589 7529 560 2499
585 7539 569 2494
582 7475 578 2489
580 7489 578 2489
586 7504 569 2494
580 7489 578 2489
596 7601 569 2494
591 7643 560 2499
589 7535 587 2484
586 7489 578 2489
580 7520 578 2489
585 7607 569 2494
583 7505 578 2489
591 7779 560 2499
591 7539 587 2484
589 7541 587 2484
585 7509 578 2489
583 7527 578 2489
598 7911 560 2499
592 7541 587 2484
591 7517 578 2489
589 7547 587 2484
585 7524 578 2489
589 7547 587 2484
589 7544 587 2488
592 7541 587 2484
592 7541 587 2484
592 7541 587 2484
592 7548 587 2484
589 7562 587 2484
589 7525 587 2493
588 7568 578 2489
600 7580 578 2489
599 7801 578 2489
592 7551 587 2484
589 7571 587 2484
589 7571 587 2484
589 7571 587 2484
608 7558 587 2484
600 7634 578 2489
589 7585 587 2484
595 7565 587 2484
592 7571 587 2484
600 7643 578 2489
599 7570 587 2484
590 7606 587 2484
594 7576 587 2484
592 7584 587 2484
590 7606 587 2484
606 7644 578 2489
601 7803 578 2489
600 7577 587 2484
592 7604 587 2484
604 7693 578 2489
596 7579 587 2484
634 8108 578 2489
614 7734 578 2498
599 7579 587 2484
592 7619 587 2484
596 7605 587 2484
594 7617 587 2484
600 7584 587 2484
597 7610 587 2484
596 7612 587 2484
592 7622 587 2484
596 7619 587 2484
592 7627 587 2484
597 7631 587 2484
592 7632 587 2484
600 7650 587 2484
597 7694 587 2484
595 7710 587 2484
605 7696 587 2484
597 7704 587 2484
639 7705 587 2484
611 7724 587 2484
600 7729 587 2484
604 7734 587 2484
605 7872 587 2484
610 7901 587 2484
611 7923 587 2484
620 7980 587 2484
618 8043 587 2484
637 8101 587 2484
