818 30.0418
595 9135 587 2484
587 9180 587 2484
543 8319 533 2514
535 8523 523 2529
531 8569 524 2519
560 8585 560 2499
578 8899 578 2489
569 8928 569 2494
551 8688 551 2504
534 8785 533 2514
552 8595 551 2504
547 8500 524 2519
576 8772 569 2494
543 8537 542 2509
536 8644 523 2524
574 8872 569 2496
542 8589 542 2509
543 8613 523 2524
536 8493 533 2514
542 8502 524 2519
573 8909 569 2494
535 8606 533 2514
596 9178 587 2484
587 9185 587 2484
544 8390 533 2514
541 8809 523 2529
540 8961 523 2529
532 8676 524 2521
542 8600 542 2509
578 8952 578 2489
569 8956 569 2494
582 8914 578 2489
538 8962 524 2519
537 8590 533 2514
566 8645 560 2499
560 8776 560 2499
583 8933 569 2494
551 8776 551 2504
562 8609 551 2504
544 8568 524 2519
539 8515 533 2514
544 8752 523 2526
541 8810 523 2524
552 8631 551 2506
547 8716 523 2524
556 8700 551 2504
548 8655 523 2524
556 8649 523 2524
581 8945 569 2494
553 8765 551 2504
555 8709 551 2504
541 8626 524 2519
561 8703 560 2499
598 8933 569 2494
596 9181 587 2484
587 9269 587 2484
559 8452 533 2514
549 8763 523 2534
545 8835 523 2524
537 8746 533 2514
578 9012 578 2489
570 8718 560 2499
578 8975 578 2491
551 8866 551 2504
565 8625 542 2509
560 8816 560 2499
568 8683 551 2504
561 8658 523 2524
590 9263 587 2484
569 8973 569 2494
546 8606 524 2521
542 8666 542 2509
569 8609 524 2519
542 8535 533 2514
541 8950 524 2519
564 8669 551 2506
558 8763 551 2504
554 8830 551 2504
552 8831 551 2508
547 8794 523 2524
545 8628 524 2519
562 8688 551 2504
547 8654 542 2509
540 8667 533 2514
538 8668 533 2514
552 8705 523 2524
550 8751 523 2524
550 8618 524 2519
560 8715 551 2504
550 8627 542 2509
608 9029 569 2494
600 9232 587 2484
587 9375 587 2484
560 8507 533 2514
556 8738 523 2524
538 8857 533 2516
566 8828 551 2504
553 8866 542 2509
573 9050 524 2519
581 9371 560 2499
579 9121 569 2494
584 9173 560 2499
587 9074 578 2489
584 9100 578 2489
581 8745 542 2509
561 8790 542 2509
650 10270 587 2484
581 9088 523 2524
577 8854 533 2514
572 9023 542 2509
628 9624 587 2486
611 9319 569 2494
627 9134 524 2519
600 9496 578 2491
591 9426 569 2494
595 8926 551 2504
580 9247 551 2504
593 9555 560 2499
598 9503 578 2489
597 9222 560 2499
573 8875 533 2514
574 9354 524 2519
581 9175 524 2519
594 9444 560 2499
593 9189 551 2504
623 9970 523 2524
615 9619 578 2489
602 9873 578 2489
591 9347 523 2529
577 9043 533 2514
572 9204 542 2509
606 9675 569 2494
596 9498 560 2499
589 9319 551 2504
611 9455 569 2496
584 9069 542 2511
603 9393 524 2519
608 9055 551 2504
583 9554 524 2519
606 9245 560 2499
573 9257 533 2514
574 9136 542 2509
600 9398 560 2499
610 9588 569 2494
591 9266 551 2504
605 9213 551 2504
645 9679 578 2489
626 10146 523 2524
617 9811 578 2489
603 9714 523 2529
582 9097 533 2514
581 9115 533 2514
583 9199 542 2509
609 9745 569 2494
593 9397 551 2504
601 9637 524 2519
606 9341 560 2499
599 9384 551 2504
600 9712 560 2499
604 9644 560 2499
673 10372 523 2524
644 10198 578 2489
643 10247 578 2489
585 9117 533 2514
666 9406 560 2499
607 9651 524 2519
616 9892 560 2499
598 9462 551 2504
588 9218 542 2509
589 9214 542 2509
606 9451 551 2504
609 9855 569 2494
622 9804 569 2494
623 9511 560 2499
635 9466 560 2499
614 9847 569 2496
618 9825 560 2499
674 10202 578 2489
662 10726 578 2489
611 9981 524 2519
591 9221 542 2509
586 9392 533 2514
616 9459 551 2504
606 9608 551 2504
598 9247 533 2514
634 9670 560 2499
645 9933 569 2496
663 9919 569 2494
624 9982 569 2494
624 10093 560 2499
633 9748 560 2499
630 10039 560 2499
589 9348 533 2514
626 9972 569 2494
697 10840 578 2489
695 11507 578 2489
651 10028 524 2519
632 10145 524 2519
594 9334 542 2509
590 9609 533 2514
660 10014 569 2494
633 10382 560 2499
635 9783 560 2499
613 9659 551 2504
606 9674 551 2504
591 9439 542 2509
655 10103 569 2494
601 9354 533 2514
597 9387 533 2514
662 10029 569 2494
623 9524 533 2514
604 9360 542 2509
603 9589 533 2514
597 9432 542 2509
641 9828 560 2499
636 9993 560 2499
614 9674 551 2504
613 9773 551 2504
605 9564 533 2514
682 10342 569 2494
674 10452 569 2494
612 9719 533 2514
606 9398 542 2509
598 9671 542 2509
638 10037 560 2499
637 10072 560 2503
623 9674 551 2504
614 9816 551 2504
604 9500 542 2509
601 9586 542 2509
676 10410 569 2494
619 9739 551 2504
690 10911 569 2494
616 9442 542 2509
615 9947 533 2514
605 9562 542 2509
638 10406 560 2503
648 10139 560 2499
645 9767 551 2504
626 9865 551 2504
639 10151 560 2499
628 9785 551 2504
614 9448 542 2509
707 11343 569 2494
701 11517 569 2494
639 9621 542 2509
625 9948 533 2514
605 9686 542 2509
645 10187 560 2499
644 10498 560 2499
633 9904 551 2504
626 10076 551 2504
651 10383 560 2499
646 10431 560 2499
644 9794 542 2511
636 9966 533 2527
614 10118 554 2516
627 9829 542 2509
628 10156 551 2506
637 10162 551 2504
641 9949 551 2504
639 9957 533 2514
636 10021 533 2514
639 10037 551 2504
673 10411 560 2499
648 10570 560 2499
642 10104 551 2504
637 10129 533 2514
631 10116 542 2513
658 10479 560 2499
648 10105 542 2509
640 10116 542 2509
742 11935 533 2514
667 10596 560 2499
662 10702 560 2499
649 10139 551 2517
646 10333 551 2504
654 10254 551 2504
646 10576 542 2509
655 10155 542 2509
647 10545 542 2511
732 12168 560 2499
655 10242 542 2509
647 10486 551 2504
657 10446 551 2504
669 10826 542 2509
660 10518 551 2504
686 10542 551 2504
679 10969 542 2511
660 10704 551 2504
681 10847 542 2509
665 10571 551 2504
719 11014 542 2509
696 10547 551 2504
669 10624 551 2504
677 10818 551 2504
747 10883 551 2504
679 10954 551 2504
726 11177 551 2504
707 11333 551 2504
