365 15.1611
536 8798 524 2519
536 8798 524 2519
536 8798 524 2519
525 8722 523 2524
536 8798 524 2519
542 8459 542 2509
587 9423 587 2484
536 8798 524 2519
536 8798 524 2519
523 8459 523 2557
536 8798 524 2519
536 8798 524 2519
533 8423 533 2514
523 8594 523 2552
536 8798 524 2519
533 8423 533 2514
551 8552 551 2504
523 8658 523 2547
578 9099 578 2489
536 8798 524 2519
569 8852 569 2494
578 9099 578 2489
536 8798 524 2519
524 8452 523 2557
536 8798 524 2519
536 8798 524 2519
587 9423 587 2484
536 8798 524 2519
578 9099 578 2489
536 8798 524 2519
560 8702 560 2499
536 8798 524 2519
526 8542 523 2552
536 8798 524 2519
536 8798 524 2519
536 8798 524 2519
578 9099 578 2489
534 8407 533 2514
587 9423 587 2484
551 8552 551 2504
536 8798 524 2519
524 8452 523 2557
525 8729 523 2524
525 8729 523 2524
542 8468 542 2509
523 8466 523 2557
523 8595 523 2552
523 8595 523 2552
533 8424 533 2514
523 8690 523 2547
569 8863 569 2494
569 8863 569 2494
569 8863 569 2494
569 8863 569 2494
569 8863 569 2494
560 8715 560 2499
560 8715 560 2499
526 8547 523 2552
578 9100 578 2489
578 9100 578 2489
578 9100 578 2489
578 9100 578 2489
578 9100 578 2489
578 9100 578 2489
578 9100 578 2489
578 9100 578 2489
578 9100 578 2489
578 9100 578 2489
578 9100 578 2489
578 9100 578 2489
578 9100 578 2489
578 9100 578 2489
578 9100 578 2489
534 8418 533 2514
534 8418 533 2514
534 8418 533 2514
534 8418 533 2514
534 8418 533 2514
534 8418 533 2514
534 8418 533 2514
534 8418 533 2514
534 8418 533 2514
534 8418 533 2514
534 8418 533 2514
534 8418 533 2514
534 8418 533 2514
534 8418 533 2514
534 8418 533 2514
534 8418 533 2514
534 8418 533 2514
534 8418 533 2514
534 8418 533 2514
587 9427 587 2484
587 9427 587 2484
587 9427 587 2484
551 8558 551 2504
551 8558 551 2504
551 8558 551 2504
551 8558 551 2504
551 8558 551 2504
551 8558 551 2504
551 8558 551 2504
536 8800 524 2519
524 8459 523 2557
525 8729 523 2531
525 8730 523 2524
525 8729 523 2531
525 8730 523 2524
525 8730 523 2524
525 8730 523 2524
525 8730 523 2524
525 8730 523 2524
525 8730 523 2524
525 8730 523 2524
525 8730 523 2524
542 8470 542 2509
523 8471 523 2557
523 8596 523 2552
533 8432 533 2514
533 8432 533 2514
533 8432 533 2514
533 8432 533 2514
533 8432 533 2514
533 8432 533 2514
533 8432 533 2514
533 8432 533 2514
533 8432 533 2514
523 8701 523 2547
523 8701 523 2547
569 8873 569 2494
569 8873 569 2494
569 8873 569 2494
569 8873 569 2494
569 8873 569 2494
569 8873 569 2494
569 8873 569 2494
560 8721 560 2499
526 8548 523 2552
578 9114 578 2489
534 8421 533 2514
534 8421 533 2514
534 8421 533 2514
534 8421 533 2514
587 9428 587 2484
587 9428 587 2484
587 9428 587 2484
587 9428 587 2484
587 9428 587 2484
587 9428 587 2484
587 9428 587 2484
587 9428 587 2484
587 9428 587 2484
587 9428 587 2484
587 9428 587 2484
587 9428 587 2484
587 9428 587 2484
587 9428 587 2484
587 9428 587 2484
587 9428 587 2484
551 8560 551 2504
536 8803 524 2519
536 8803 524 2519
525 8753 523 2524
525 8737 523 2531
542 8481 542 2509
542 8481 542 2509
523 8474 523 2557
523 8604 523 2552
533 8433 533 2514
523 8704 523 2547
523 8704 523 2547
523 8704 523 2547
523 8704 523 2547
523 8704 523 2547
523 8704 523 2547
523 8704 523 2547
523 8704 523 2547
523 8704 523 2547
523 8704 523 2547
523 8704 523 2547
523 8704 523 2547
523 8704 523 2547
523 8704 523 2547
523 8704 523 2547
523 8704 523 2547
523 8704 523 2547
523 8704 523 2547
523 8704 523 2547
523 8704 523 2547
523 8704 523 2547
523 8704 523 2547
523 8704 523 2547
523 8704 523 2547
523 8704 523 2547
523 8704 523 2547
523 8704 523 2547
523 8704 523 2547
523 8704 523 2547
523 8704 523 2547
523 8704 523 2547
523 8704 523 2547
523 8704 523 2547
523 8704 523 2547
523 8704 523 2547
523 8704 523 2547
523 8704 523 2547
523 8704 523 2547
523 8704 523 2547
523 8704 523 2547
523 8704 523 2547
523 8704 523 2547
523 8704 523 2547
523 8704 523 2547
523 8704 523 2547
523 8704 523 2547
523 8704 523 2547
523 8704 523 2547
523 8704 523 2547
523 8704 523 2547
523 8704 523 2547
523 8704 523 2547
523 8704 523 2547
523 8704 523 2547
523 8704 523 2547
523 8704 523 2547
523 8704 523 2547
523 8704 523 2547
523 8704 523 2547
523 8704 523 2547
523 8704 523 2547
523 8704 523 2547
523 8704 523 2547
523 8704 523 2547
523 8704 523 2547
523 8704 523 2547
523 8704 523 2547
523 8704 523 2547
523 8704 523 2547
523 8704 523 2547
523 8704 523 2547
523 8704 523 2547
523 8704 523 2547
523 8704 523 2547
523 8704 523 2547
523 8704 523 2547
523 8704 523 2547
523 8704 523 2547
523 8704 523 2547
569 8874 569 2494
569 8874 569 2494
569 8874 569 2494
569 8874 569 2494
560 8723 560 2499
560 8723 560 2499
526 8556 523 2552
578 9115 578 2489
578 9115 578 2489
534 8422 533 2514
587 9429 587 2484
551 8577 551 2504
536 8805 524 2519
541 8804 524 2519
523 8481 523 2557
531 8850 523 2524
587 9441 587 2484
534 8423 533 2514
578 9127 578 2489
569 8882 569 2494
560 8733 560 2499
551 8626 551 2504
542 8484 542 2509
523 8705 523 2547
534 8423 533 2514
526 8557 523 2552
523 8652 523 2552
526 8557 523 2552
541 8809 524 2519
523 8705 523 2547
536 8814 524 2519
541 8809 524 2519
541 8809 524 2519
541 8809 524 2519
541 8809 524 2519
536 8814 524 2519
541 8809 524 2519
541 8809 524 2519
541 8809 524 2519
541 8809 524 2519
541 8809 524 2519
541 8809 524 2519
541 8809 524 2519
541 8809 524 2519
541 8809 524 2519
541 8809 524 2519
541 8809 524 2519
541 8809 524 2519
541 8809 524 2519
541 8809 524 2519
541 8809 524 2519
541 8809 524 2519
