79378 3541.34
523 6907 523 2526
524 6896 523 2526
523 6917 523 2524
578 7579 578 2489
578 7579 578 2489
569 7428 569 2494
569 7428 569 2494
560 7301 560 2499
560 7301 560 2499
544 7030 542 2509
551 7122 551 2504
551 7122 551 2504
560 7301 560 2499
560 7301 560 2499
542 7033 542 2509
551 7122 551 2504
531 6919 524 2521
544 7030 542 2509
551 7122 551 2504
535 6954 533 2516
533 6968 533 2514
560 7301 560 2499
560 7301 560 2499
535 6954 533 2516
569 7428 569 2494
533 6968 533 2514
569 7428 569 2494
542 7033 542 2509
551 7122 551 2504
551 7122 551 2504
544 7030 542 2509
542 7033 542 2509
551 7122 551 2504
526 6922 524 2521
531 6928 524 2519
544 7030 542 2509
533 6968 533 2514
535 6954 533 2516
526 6922 524 2521
526 6931 524 2519
523 6917 523 2524
524 6941 524 2519
535 6954 533 2516
535 6961 533 2514
524 6896 523 2526
535 6954 533 2516
526 6922 524 2521
526 6931 524 2519
533 6968 533 2514
544 7030 542 2509
524 6941 524 2519
524 6896 523 2526
533 6961 533 2516
523 6917 523 2524
523 6907 523 2526
532 6927 524 2519
532 6927 524 2519
531 6928 524 2519
532 6918 524 2521
523 6907 523 2526
524 6941 524 2519
526 6931 524 2519
533 6968 533 2514
523 6907 523 2526
524 6914 523 2524
535 6961 533 2514
532 6927 524 2519
526 6931 524 2519
544 7030 542 2509
531 6919 524 2521
542 7033 542 2509
531 6928 524 2519
524 6914 523 2524
526 6922 524 2521
532 6918 524 2521
531 6928 524 2519
532 6927 524 2519
531 6919 524 2521
532 6918 524 2521
523 6917 523 2524
523 6907 523 2526
551 7122 551 2504
531 6919 524 2521
532 6927 524 2519
569 7428 569 2494
524 6914 523 2524
533 6968 533 2514
569 7428 569 2494
532 6918 524 2521
532 6927 524 2519
542 7033 542 2509
523 6907 523 2526
526 6931 524 2519
569 7428 569 2494
535 6954 533 2516
523 6907 523 2526
533 6968 533 2514
523 6917 523 2524
532 6918 524 2521
544 7030 542 2509
544 7030 542 2509
569 7428 569 2494
531 6919 524 2521
544 7030 542 2509
569 7428 569 2494
524 6941 524 2519
544 7030 542 2509
523 6917 523 2524
533 6968 533 2514
531 6928 524 2519
531 6928 524 2519
524 6941 524 2519
532 6918 524 2521
535 6954 533 2516
531 6919 524 2521
532 6927 524 2519
526 6922 524 2521
531 6919 524 2521
532 6918 524 2521
535 6954 533 2516
551 7122 551 2504
524 6914 523 2524
551 7122 551 2504
532 6918 524 2521
523 6907 523 2526
535 6961 533 2514
523 6917 523 2524
523 6917 523 2524
531 6928 524 2519
533 6968 533 2514
526 6931 524 2519
533 6968 533 2514
551 7122 551 2504
523 6907 523 2526
523 6907 523 2526
524 6914 523 2524
535 6954 533 2516
523 6907 523 2526
526 6922 524 2521
523 6907 523 2526
532 6918 524 2521
542 7033 542 2509
531 6919 524 2521
532 6918 524 2521
531 6919 524 2521
523 6907 523 2526
544 7030 542 2509
526 6922 524 2521
526 6922 524 2521
535 6961 533 2514
578 7579 578 2489
535 6954 533 2516
544 7030 542 2509
544 7030 542 2509
544 7030 542 2509
531 6919 524 2521
551 7122 551 2504
569 7428 569 2494
578 7579 578 2489
569 7428 569 2494
551 7122 551 2504
544 7030 542 2509
542 7033 542 2509
531 6919 524 2521
532 6918 524 2521
533 6968 533 2514
531 6928 524 2519
523 6917 523 2524
526 6922 524 2521
535 6954 533 2516
533 6968 533 2514
526 6922 524 2521
526 6922 524 2521
526 6922 524 2521
551 7122 551 2504
523 6907 523 2526
523 6907 523 2526
544 7030 542 2509
526 6931 524 2519
531 6928 524 2519
523 6917 523 2524
551 7122 551 2504
526 6922 524 2521
526 6931 524 2519
535 6954 533 2516
532 6918 524 2521
531 6919 524 2521
526 6931 524 2519
524 6914 523 2524
532 6918 524 2521
544 7030 542 2509
526 6922 524 2521
531 6928 524 2519
524 6931 524 2521
524 6914 523 2524
526 6922 524 2521
533 6961 533 2516
532 6918 524 2521
524 6941 524 2519
526 6931 524 2519
524 6896 523 2526
523 6907 523 2526
533 6968 533 2514
532 6918 524 2521
523 6907 523 2526
535 6954 533 2516
526 6922 524 2521
535 6954 533 2516
524 6914 523 2524
524 6914 523 2524
531 6919 524 2521
524 6931 524 2521
523 6907 523 2526
523 6907 523 2526
532 6927 524 2519
532 6927 524 2519
523 6907 523 2526
523 6907 523 2526
560 7301 560 2499
569 7428 569 2494
535 6954 533 2516
544 7030 542 2509
531 6919 524 2521
531 6928 524 2519
560 7301 560 2499
560 7301 560 2499
544 7030 542 2509
544 7030 542 2509
535 6954 533 2516
533 6968 533 2514
551 7122 551 2504
531 6928 524 2519
560 7301 560 2499
560 7301 560 2499
551 7122 551 2504
569 7428 569 2494
569 7428 569 2494
578 7579 578 2489
523 6907 523 2526
578 7579 578 2489
523 6907 523 2526
524 6896 523 2526
526 6922 524 2521
523 6917 523 2524
531 6919 524 2521
524 6896 523 2526
544 7030 542 2509
535 6954 533 2516
524 6896 523 2526
526 6922 524 2521
526 6922 524 2521
523 6907 523 2526
533 6961 533 2516
544 7030 542 2509
569 7428 569 2494
551 7122 551 2504
544 7030 542 2509
560 7301 560 2499
542 7033 542 2509
533 6968 533 2514
544 7030 542 2509
531 6919 524 2521
526 6931 524 2519
542 7033 542 2509
523 6907 523 2526
531 6919 524 2521
569 7428 569 2494
523 6917 523 2524
535 6954 533 2516
544 7030 542 2509
535 6954 533 2516
531 6919 524 2521
531 6928 524 2519
551 7122 551 2504
532 6918 524 2521
531 6928 524 2519
526 6931 524 2519
531 6928 524 2519
526 6922 524 2521
544 7030 542 2509
523 6917 523 2524
531 6919 524 2521
551 7122 551 2504
526 6922 524 2521
532 6918 524 2521
544 7030 542 2509
526 6922 524 2521
535 6961 533 2514
526 6922 524 2521
569 7428 569 2494
531 6919 524 2521
533 6968 533 2514
526 6931 524 2519
523 6917 523 2524
523 6907 523 2526
526 6922 524 2521
532 6918 524 2521
531 6928 524 2519
569 7428 569 2494
532 6927 524 2519
