6025 2248.97
597 8316 587 2484
587 8333 587 2484
587 8333 587 2484
543 8237 523 2524
533 7903 533 2514
548 8055 524 2519
551 7942 551 2504
560 7957 560 2499
533 7903 533 2514
542 7933 542 2509
588 8141 578 2489
579 8013 569 2494
536 8126 524 2519
578 8162 578 2489
569 8030 569 2494
565 7953 560 2499
551 7942 551 2504
549 7931 542 2509
597 8316 587 2484
560 7957 560 2499
578 8162 578 2489
579 8013 569 2494
569 8030 569 2494
548 8055 524 2519
536 8126 524 2519
574 8026 569 2494
565 7953 560 2499
592 8329 587 2484
583 8154 578 2489
592 8329 587 2484
583 8154 578 2489
549 7931 542 2509
574 8026 569 2494
588 8141 578 2489
542 7933 542 2509
597 8316 587 2484
597 8316 587 2484
597 8316 587 2484
597 8316 587 2484
597 8316 587 2484
597 8316 587 2484
597 8316 587 2484
597 8316 587 2484
597 8316 587 2484
597 8316 587 2484
597 8316 587 2484
597 8316 587 2484
597 8316 587 2484
597 8316 587 2484
597 8316 587 2484
597 8316 587 2484
597 8316 587 2484
597 8316 587 2484
597 8316 587 2484
597 8316 587 2484
597 8316 587 2484
597 8316 587 2484
597 8316 587 2484
597 8316 587 2484
597 8316 587 2484
597 8316 587 2484
597 8316 587 2484
597 8316 587 2484
597 8316 587 2484
597 8316 587 2484
597 8316 587 2484
597 8316 587 2484
597 8316 587 2484
597 8316 587 2484
597 8316 587 2484
597 8316 587 2484
597 8316 587 2484
597 8316 587 2484
597 8316 587 2484
597 8316 587 2484
597 8316 587 2484
597 8316 587 2484
597 8316 587 2484
597 8316 587 2484
597 8316 587 2484
597 8316 587 2484
597 8316 587 2484
597 8316 587 2484
597 8316 587 2484
597 8316 587 2484
597 8316 587 2484
597 8316 587 2484
597 8316 587 2484
597 8316 587 2484
597 8316 587 2484
597 8316 587 2484
597 8316 587 2484
597 8316 587 2484
597 8316 587 2484
597 8316 587 2484
597 8316 587 2484
597 8316 587 2484
597 8316 587 2484
597 8316 587 2484
597 8316 587 2484
597 8316 587 2484
597 8316 587 2484
597 8316 587 2484
597 8316 587 2484
597 8316 587 2484
597 8316 587 2484
597 8316 587 2484
597 8316 587 2484
597 8316 587 2484
597 8316 587 2484
597 8316 587 2484
597 8316 587 2484
597 8316 587 2484
597 8316 587 2484
597 8316 587 2484
597 8316 587 2484
597 8316 587 2484
597 8316 587 2484
597 8316 587 2484
597 8316 587 2484
597 8316 587 2484
597 8316 587 2484
597 8316 587 2484
597 8316 587 2484
597 8316 587 2484
597 8316 587 2484
597 8316 587 2484
597 8316 587 2484
597 8316 587 2484
597 8316 587 2484
597 8316 587 2484
597 8316 587 2484
597 8316 587 2484
597 8316 587 2484
597 8316 587 2484
597 8316 587 2484
597 8316 587 2484
597 8316 587 2484
597 8316 587 2484
597 8316 587 2484
597 8316 587 2484
597 8316 587 2484
597 8316 587 2484
597 8316 587 2484
597 8316 587 2484
597 8316 587 2484
597 8316 587 2484
597 8316 587 2484
597 8316 587 2484
597 8316 587 2484
597 8316 587 2484
597 8316 587 2484
597 8316 587 2484
597 8316 587 2484
597 8316 587 2484
597 8316 587 2484
597 8316 587 2484
597 8316 587 2484
597 8316 587 2484
597 8316 587 2484
597 8316 587 2484
597 8316 587 2484
597 8316 587 2484
597 8316 587 2484
597 8316 587 2484
597 8316 587 2484
597 8316 587 2484
597 8316 587 2484
597 8316 587 2484
597 8316 587 2484
597 8316 587 2484
597 8316 587 2484
597 8316 587 2484
597 8316 587 2484
597 8316 587 2484
597 8316 587 2484
597 8316 587 2484
597 8316 587 2484
597 8316 587 2484
597 8316 587 2484
597 8316 587 2484
597 8316 587 2484
597 8316 587 2484
592 8329 587 2484
592 8329 587 2484
592 8329 587 2484
592 8329 587 2484
592 8329 587 2484
592 8329 587 2484
533 7903 533 2514
597 8317 587 2484
592 8332 587 2484
592 8332 587 2484
579 8037 569 2494
560 8046 560 2499
588 8153 578 2489
569 8264 569 2494
583 8248 578 2489
592 8332 587 2484
597 8318 587 2484
592 8334 587 2484
584 8117 560 2499
579 8103 569 2494
571 8181 560 2499
583 8255 578 2489
588 8173 578 2489
597 8318 587 2484
597 8319 587 2484
592 8340 587 2484
588 8183 578 2489
584 8185 569 2494
597 8319 587 2484
597 8319 587 2484
597 8320 587 2484
592 8346 587 2484
591 8197 578 2489
584 8198 569 2494
588 8218 578 2489
597 8319 587 2486
597 8320 587 2484
597 8320 587 2484
597 8320 587 2484
597 8324 587 2484
592 8357 587 2484
591 8213 569 2494
588 8219 578 2489
597 8324 587 2484
593 8349 587 2484
597 8326 587 2484
593 8247 569 2494
592 8367 587 2484
588 8265 578 2489
597 8327 587 2484
595 8379 569 2494
592 8381 587 2484
588 8282 578 2489
594 8373 587 2484
597 8327 587 2484
597 8327 587 2484
597 8328 587 2484
592 8395 587 2484
592 8395 587 2484
588 8303 578 2489
597 8330 587 2484
592 8436 587 2484
588 8305 578 2489
597 8331 587 2484
597 8331 587 2484
592 8441 587 2484
592 8441 587 2484
588 8332 578 2489
597 8331 587 2484
602 8337 578 2489
597 8349 587 2484
592 8496 587 2484
588 8395 578 2489
602 8340 578 2489
597 8354 587 2484
592 8524 587 2484
588 8436 578 2489
597 8355 587 2484
597 8355 587 2484
597 8356 587 2484
597 8357 587 2484
597 8360 587 2484
597 8360 587 2484
598 8364 587 2484
597 8366 587 2484
599 8367 587 2484
597 8373 587 2484
597 8373 587 2484
597 8376 587 2484
597 8377 587 2484
597 8377 587 2484
604 8378 587 2484
597 8384 587 2484
604 8381 587 2484
597 8387 587 2484
597 8387 587 2484
597 8392 587 2484
597 8392 587 2484
597 8400 587 2484
609 8400 599 2491
597 8401 587 2484
597 8402 587 2484
597 8407 587 2484
599 8420 587 2484
597 8423 587 2484
597 8444 587 2484
597 8445 587 2484
597 8447 587 2484
597 8461 587 2484
597 8467 587 2484
600 8483 587 2484
603 8512 587 2484
609 8548 587 2484
623 8742 587 2484
623 8742 587 2484
623 8777 587 2484
623 8909 587 2484
