32854 600.287
588 7514 587 2484
587 7525 587 2484
537 7012 523 2526
537 7006 524 2521
536 7016 523 2526
536 7010 524 2521
580 7407 578 2491
578 7418 578 2489
560 7211 560 2501
551 7113 551 2506
544 7047 542 2509
587 7522 587 2486
553 7109 551 2504
569 7307 569 2496
572 7307 569 2494
563 7203 560 2499
562 7195 560 2501
542 7064 542 2511
560 7221 560 2499
551 7121 551 2504
571 7293 569 2496
540 7023 533 2514
569 7316 569 2494
536 7014 533 2516
537 7019 524 2519
553 7100 551 2506
579 7410 578 2489
544 7039 542 2511
569 7316 569 2494
537 7006 524 2521
587 7522 587 2486
542 7072 542 2509
536 7019 523 2524
537 7011 533 2516
536 7025 533 2514
536 7020 524 2519
542 7072 542 2509
540 7023 533 2514
537 7024 533 2514
552 7119 551 2504
536 7019 523 2524
570 7294 569 2496
544 7039 542 2511
536 7025 533 2514
561 7213 560 2499
543 7056 542 2511
561 7201 560 2501
570 7311 569 2494
571 7310 569 2494
543 7069 542 2509
563 7203 560 2499
553 7109 551 2504
544 7047 542 2509
543 7056 542 2511
543 7069 542 2509
536 7020 524 2519
536 7016 523 2526
536 7014 533 2516
570 7311 569 2494
537 7024 533 2514
537 7012 523 2526
537 7011 533 2516
536 7010 524 2521
570 7311 569 2494
569 7316 569 2494
569 7307 569 2496
569 7307 569 2496
569 7307 569 2496
569 7307 569 2496
569 7307 569 2496
553 7109 551 2504
553 7109 551 2504
553 7109 551 2504
544 7047 542 2509
544 7047 542 2509
544 7047 542 2509
544 7047 542 2509
544 7047 542 2509
544 7047 542 2509
544 7047 542 2509
544 7047 542 2509
544 7047 542 2509
544 7047 542 2509
544 7047 542 2509
544 7047 542 2509
544 7047 542 2509
544 7047 542 2509
544 7047 542 2509
544 7047 542 2509
544 7047 542 2509
544 7047 542 2509
544 7047 542 2509
544 7047 542 2509
544 7047 542 2509
544 7047 542 2509
544 7047 542 2509
544 7047 542 2509
544 7047 542 2509
544 7047 542 2509
544 7047 542 2509
544 7047 542 2509
544 7047 542 2509
544 7047 542 2509
544 7047 542 2509
544 7047 542 2509
544 7047 542 2509
544 7047 542 2509
544 7047 542 2509
544 7047 542 2509
544 7047 542 2509
544 7047 542 2509
544 7047 542 2509
544 7047 542 2509
544 7047 542 2509
544 7047 542 2509
544 7047 542 2509
544 7047 542 2509
544 7047 542 2509
544 7047 542 2509
544 7047 542 2509
544 7047 542 2509
544 7047 542 2509
544 7047 542 2509
544 7047 542 2509
544 7047 542 2509
544 7047 542 2509
544 7047 542 2509
544 7047 542 2509
544 7047 542 2509
544 7047 542 2509
544 7047 542 2509
544 7047 542 2509
544 7047 542 2509
544 7047 542 2509
544 7047 542 2509
544 7047 542 2509
544 7047 542 2509
544 7047 542 2509
544 7047 542 2509
544 7047 542 2509
544 7047 542 2509
544 7047 542 2509
544 7047 542 2509
544 7047 542 2509
544 7047 542 2509
544 7047 542 2509
544 7047 542 2509
544 7047 542 2509
544 7047 542 2509
544 7047 542 2509
544 7047 542 2509
544 7047 542 2509
544 7047 542 2509
544 7047 542 2509
544 7039 542 2511
544 7039 542 2511
544 7039 542 2511
544 7039 542 2511
544 7039 542 2511
614 7800 587 2484
547 7070 523 2524
540 7026 524 2521
585 7487 578 2489
551 7162 551 2504
580 7466 578 2491
540 7027 533 2514
547 7070 524 2519
560 7319 560 2499
544 7055 542 2509
572 7354 569 2494
569 7370 569 2496
543 7069 542 2511
564 7254 560 2499
562 7242 560 2501
569 7372 569 2494
561 7273 560 2499
562 7262 560 2499
596 7573 578 2489
587 7682 578 2491
547 7083 524 2519
544 7047 533 2514
551 7165 551 2504
572 7371 569 2494
544 7057 542 2509
571 7384 569 2494
562 7258 560 2501
564 7267 560 2499
562 7269 560 2499
593 7725 578 2491
561 7210 524 2519
544 7059 542 2509
580 7526 569 2494
568 7288 560 2499
544 7081 533 2514
562 7329 560 2499
562 7202 551 2504
552 7210 551 2504
544 7062 533 2516
544 7059 542 2509
553 7205 551 2504
565 7311 560 2499
544 7059 542 2509
544 7059 542 2509
544 7059 542 2509
544 7059 542 2509
544 7059 542 2509
587 7579 569 2494
547 7071 533 2516
545 7136 533 2514
544 7074 542 2509
566 7389 560 2499
564 7338 560 2501
578 7208 551 2504
573 7322 560 2499
552 7099 533 2514
554 7208 551 2506
553 7072 542 2511
570 7313 560 2501
552 7213 551 2506
553 7234 551 2504
547 7129 533 2514
568 7333 560 2499
575 7366 560 2499
569 7471 560 2499
554 7144 533 2514
545 7079 542 2509
544 7088 542 2509
568 7338 560 2501
553 7234 551 2506
561 7237 551 2504
555 7242 551 2504
559 7214 551 2506
573 7444 560 2499
558 7240 551 2504
555 7215 551 2506
592 7544 560 2499
591 7707 560 2499
555 7150 533 2514
554 7196 533 2514
545 7080 542 2509
544 7090 542 2511
571 7344 560 2501
556 7273 551 2504
563 7260 551 2504
563 7235 551 2506
560 7250 551 2506
562 7271 551 2504
596 7724 560 2499
576 7319 533 2516
548 7081 542 2509
544 7161 542 2511
582 7537 560 2501
560 7284 551 2506
567 7268 551 2504
546 7085 542 2511
546 7168 542 2509
564 7294 551 2504
602 7924 560 2499
549 7099 542 2511
546 7129 542 2511
566 7294 551 2504
583 7581 560 2501
554 7127 542 2509
548 7161 542 2509
550 7155 542 2509
553 7131 542 2509
548 7109 542 2511
596 7755 560 2501
559 7128 542 2509
551 7152 542 2511
550 7183 542 2509
568 7327 551 2504
556 7169 542 2509
570 7377 551 2504
569 7425 551 2504
558 7165 542 2511
550 7222 542 2509
565 7193 542 2509
561 7217 542 2509
581 7206 542 2509
575 7392 551 2504
571 7514 551 2504
553 7236 542 2509
571 7435 551 2506
570 7233 542 2509
576 7427 551 2504
575 7465 551 2504
562 7248 542 2509
560 7312 542 2509
584 7479 551 2506
576 7490 551 2504
566 7284 542 2509
584 7490 551 2506
579 7553 551 2504
577 7309 542 2509
568 7350 542 2509
584 7642 551 2506
582 7379 542 2511
575 7451 542 2509
580 7513 542 2509
