37833 1020.26
538 9137 533 2540
550 9038 524 2539
539 9230 523 2546
546 9130 533 2527
547 9214 524 2530
558 9499 542 2511
544 9011 524 2550
544 9371 533 2527
567 9675 524 2521
559 9284 542 2520
571 9405 533 2516
560 9594 524 2523
552 9733 533 2522
550 9365 533 2525
559 9166 524 2530
547 9006 524 2556
563 9283 524 2528
545 9373 524 2536
565 9547 533 2516
564 9480 542 2511
575 9865 551 2508
562 9229 533 2525
560 9943 533 2516
579 9779 523 2528
555 9443 542 2522
584 10117 551 2506
590 9982 551 2506
563 9409 533 2522
561 9365 523 2537
560 9667 533 2520
574 9565 524 2523
569 9422 524 2525
552 9515 523 2542
559 9214 523 2548
563 9536 523 2535
568 9238 523 2544
590 9706 523 2528
579 9856 551 2508
555 9439 523 2541
557 9663 523 2539
572 9418 524 2525
558 9336 533 2525
595 9824 551 2510
559 9793 523 2537
579 9227 533 2525
579 9207 523 2557
546 9350 524 2537
576 9464 523 2535
535 9377 524 2572
596 9352 523 2537
561 9932 533 2518
568 9494 523 2535
559 9705 533 2524
564 9322 523 2545
605 10076 523 2526
600 10510 560 2501
554 9244 524 2530
557 9198 524 2541
579 9812 523 2535
587 9700 523 2539
569 9611 533 2525
552 9609 533 2540
567 9852 523 2559
688 12015 524 2545
651 10864 524 2544
721 12184 523 2559
644 11147 547 2552
666 11198 533 2545
630 10885 524 2543
634 10854 538 2556
698 12414 524 2554
664 11686 542 2551
765 13365 533 2551
714 11626 524 2565
681 11464 533 2553
627 10895 547 2554
689 11862 533 2556
770 12794 524 2549
713 11860 533 2556
707 12170 547 2562
690 11835 532 2582
697 12012 538 2559
707 12502 533 2560
736 12637 536 2583
699 12229 527 2570
629 10532 523 2551
665 11261 524 2552
596 10114 533 2558
698 11840 524 2565
616 10831 524 2554
656 11317 524 2552
594 10241 547 2578
625 10634 524 2559
692 11652 523 2557
710 11846 524 2552
679 10749 533 2564
695 12280 538 2576
793 12949 527 2568
698 11906 524 2545
747 13125 524 2539
644 11097 533 2536
674 11745 547 2561
684 11669 539 2562
715 12022 529 2553
619 10800 524 2572
663 11410 529 2572
720 12683 529 2575
665 11820 542 2559
633 11175 523 2584
676 11244 547 2560
652 11277 536 2570
673 11640 524 2554
738 12276 533 2544
673 11446 523 2596
733 12164 523 2537
699 11804 524 2565
676 11379 533 2558
679 11722 523 2563
619 10626 533 2560
687 11509 533 2562
674 10986 536 2580
626 10433 538 2543
653 10507 524 2554
656 11175 524 2585
695 11740 545 2580
621 10835 533 2560
646 11079 542 2570
618 10197 524 2550
685 11724 523 2559
617 10314 524 2545
628 10514 524 2539
717 12355 533 2569
708 11991 538 2570
687 11392 547 2555
703 11744 524 2541
716 11797 533 2549
610 10552 538 2578
645 11351 524 2554
659 11198 523 2540
641 10759 524 2563
670 11540 533 2543
703 11473 523 2564
680 11714 529 2566
726 12771 524 2556
705 11920 529 2586
681 11665 523 2550
646 10758 533 2538
624 11015 523 2548
609 10435 536 2548
635 11285 524 2554
712 11639 533 2558
648 10780 524 2565
774 13386 523 2588
743 12084 523 2570
706 12232 533 2579
732 12634 524 2572
731 12389 545 2565
710 12330 524 2549
691 12280 524 2587
631 10940 523 2550
708 11800 545 2556
636 11059 524 2532
651 11290 538 2568
619 10682 524 2563
666 11476 533 2540
668 11276 533 2562
665 11042 545 2551
689 11639 538 2584
661 11054 533 2573
647 11478 524 2574
673 11746 524 2563
784 14128 529 2572
679 11575 524 2560
731 12502 524 2558
626 10885 533 2549
669 11413 524 2558
621 10407 524 2565
675 11011 538 2552
623 10691 524 2558
675 11718 533 2549
663 11339 524 2578
755 13046 524 2560
621 10913 527 2557
741 12803 527 2566
686 11444 547 2556
614 10803 547 2556
646 10560 524 2568
649 11042 524 2552
678 11938 524 2541
707 12076 527 2555
606 10490 533 2551
675 11301 533 2545
607 10569 538 2582
692 11540 541 2549
702 11546 529 2577
671 11597 533 2558
701 12160 538 2579
696 12249 523 2566
627 10718 523 2557
657 11358 533 2547
693 12074 536 2556
653 11285 524 2552
724 12299 524 2556
604 10622 524 2548
668 11334 533 2578
713 12457 538 2543
606 10153 523 2557
610 10584 523 2579
717 12035 524 2554
650 10766 524 2562
671 11151 547 2550
620 10591 542 2548
669 11639 533 2573
624 10942 524 2556
634 11079 542 2548
642 11238 523 2570
671 11074 524 2552
645 10911 554 2567
716 12262 524 2574
667 11303 523 2567
640 11235 536 2555
707 11877 524 2556
740 12693 533 2536
653 11590 523 2559
744 12525 523 2574
698 11564 538 2552
677 11725 538 2574
669 11677 538 2564
653 11249 524 2539
683 11768 523 2565
751 12917 523 2585
629 10721 538 2550
693 12337 524 2576
693 11913 524 2578
700 12216 524 2552
662 11151 524 2570
689 11729 554 2547
699 12031 538 2565
647 10382 547 2563
637 11043 533 2534
664 11650 533 2540
711 12432 524 2558
626 10667 523 2544
662 11940 523 2570
712 12145 547 2547
659 11498 533 2531
718 12362 533 2557
651 11113 548 2568
611 10862 533 2560
627 10844 533 2567
651 11189 533 2540
818 13815 545 2549
621 10627 533 2553
702 12135 536 2555
607 10417 561 2587
784 13493 533 2567
640 11166 523 2559
783 12580 527 2586
691 12037 523 2575
776 13875 533 2556
746 12530 538 2558
630 10482 533 2542
627 10692 533 2565
713 11756 533 2549
664 11061 550 2546
627 10652 551 2531
653 11123 533 2538
617 10865 523 2557
667 11824 547 2551
675 11494 533 2553
652 11359 523 2557
736 12514 524 2539
718 11658 523 2571
632 10964 536 2559
639 10708 529 2562
615 10545 561 2576
586 10353 523 2557
697 12048 524 2567
616 10419 524 2563
627 10987 527 2578
639 11181 524 2552
706 11910 524 2569
619 10623 547 2536
723 11981 533 2556
644 10669 524 2537
723 12607 533 2587
711 11372 524 2547
740 12581 524 2565
596 10332 550 2572
681 11694 542 2544
658 11539 524 2561
692 12406 533 2565
673 11832 524 2558
747 13266 524 2549
632 11014 533 2565
684 11804 538 2554
648 11284 529 2582
701 12326 538 2557
610 10556 533 2554
683 11998 538 2565
