127135 2280.35
596 6975 578 2489
591 7068 587 2484
590 7040 523 2537
589 7114 523 2524
568 7299 560 2501
561 6670 551 2504
555 6689 533 2514
581 6965 560 2499
574 6836 569 2494
564 7167 542 2511
564 6875 524 2519
588 7093 578 2491
572 6826 542 2511
575 6871 542 2509
579 7034 560 2501
576 7101 560 2503
590 7093 578 2489
616 6975 560 2499
610 7384 587 2484
605 7215 523 2524
605 6750 533 2516
603 7689 523 2524
572 6909 524 2521
614 6860 551 2508
597 7118 578 2491
593 7239 578 2489
588 7154 578 2491
593 7079 587 2486
577 6996 533 2514
580 7060 569 2500
590 6912 542 2509
578 6852 551 2511
592 6960 524 2519
579 7133 560 2503
597 6950 569 2494
582 7108 560 2499
575 6920 542 2518
574 6954 551 2504
587 6952 551 2506
582 6997 569 2494
579 7210 560 2501
596 6976 560 2499
597 6920 551 2504
576 7094 524 2519
575 7037 542 2509
587 7036 560 2499
577 6950 542 2509
576 6951 542 2509
649 7446 587 2484
611 7465 587 2484
608 7364 523 2526
606 6958 524 2528
595 7773 578 2491
587 6952 542 2509
576 7011 551 2504
625 7318 523 2524
605 7551 587 2486
603 7571 578 2489
619 7253 578 2489
577 6964 542 2509
580 7241 560 2503
581 6976 551 2504
617 6993 533 2516
580 7275 533 2514
601 7058 569 2494
583 7046 569 2501
603 7065 560 2501
588 7000 569 2496
589 7096 533 2514
585 7140 560 2499
588 7173 524 2519
617 7370 523 2524
600 7030 524 2521
613 7271 578 2489
599 7431 578 2491
595 7146 524 2519
588 7203 533 2514
607 6970 533 2523
588 7132 569 2494
603 7029 533 2514
583 7084 524 2526
605 6984 524 2519
610 7275 578 2489
581 7040 533 2516
605 7425 578 2489
600 7091 560 2499
598 7074 524 2519
607 7355 578 2489
584 7156 560 2503
599 7071 560 2503
599 7117 560 2499
645 7517 587 2484
619 7811 587 2484
617 7947 523 2528
589 6954 542 2509
582 7068 542 2530
576 7344 551 2506
628 7292 578 2491
612 7081 560 2501
606 7502 578 2491
614 7010 551 2506
627 7558 587 2484
584 7123 533 2523
628 7548 587 2484
619 7420 523 2524
586 7148 560 2499
622 7804 587 2484
608 7372 578 2489
608 7104 524 2519
623 7113 533 2514
622 7109 569 2494
577 7203 551 2504
590 7160 569 2496
579 7070 542 2509
598 7028 551 2504
591 7372 524 2528
582 7065 551 2512
603 7141 569 2496
596 7187 569 2494
586 7095 533 2516
587 7064 551 2508
590 7515 524 2519
607 7052 569 2496
585 7068 542 2515
594 7193 524 2519
589 7115 533 2514
579 7082 551 2504
595 7170 524 2519
591 7049 551 2504
590 7064 551 2504
634 7500 523 2524
632 7669 587 2484
627 7698 587 2484
626 7031 551 2506
620 7642 523 2524
584 7325 533 2529
579 7098 551 2506
615 7455 578 2489
616 7418 578 2489
586 7248 569 2501
623 7197 524 2526
597 7196 569 2494
627 7674 587 2486
590 7240 560 2499
630 7238 533 2514
580 7115 542 2511
599 7049 542 2509
606 7395 524 2519
599 7181 560 2499
601 7247 524 2521
588 7377 533 2516
581 7450 551 2504
594 7234 569 2496
592 7162 542 2509
628 7106 533 2516
586 7070 542 2511
600 7656 524 2519
616 7221 524 2519
592 7242 533 2514
605 7654 524 2519
600 7078 551 2504
583 7233 551 2504
594 7062 551 2506
598 7108 551 2504
584 7177 551 2504
589 7139 533 2516
594 7138 551 2504
594 7143 542 2509
659 7700 587 2484
610 7350 524 2534
601 7117 542 2511
599 7733 560 2499
588 7432 551 2504
616 7636 524 2532
640 7243 533 2514
620 7352 524 2519
598 7223 569 2494
588 7534 533 2518
618 7474 578 2489
626 7139 551 2504
592 7377 560 2503
616 7670 578 2491
617 7233 560 2499
633 7130 533 2516
603 7156 542 2509
595 7278 542 2511
602 7160 542 2509
592 7262 533 2514
600 7290 560 2499
623 7227 533 2516
606 7254 533 2514
594 7199 551 2504
596 7257 533 2516
600 7190 542 2516
604 7249 560 2499
601 7272 560 2499
677 8044 587 2486
644 7170 551 2515
634 7444 524 2521
593 7409 533 2514
665 7749 524 2519
659 7926 578 2489
606 7895 560 2499
626 7953 578 2489
600 7361 569 2494
607 7481 560 2499
617 7276 560 2501
609 7374 542 2509
601 7312 569 2503
628 7178 551 2508
604 7417 542 2509
612 7257 533 2514
609 7254 560 2506
600 7303 551 2504
595 7333 533 2514
613 7360 560 2499
609 7406 560 2501
607 7273 551 2504
600 7277 533 2514
610 7355 560 2501
605 7302 551 2504
802 9954 587 2486
687 8359 524 2521
629 7290 551 2504
597 7531 533 2514
698 8380 578 2491
638 7322 560 2501
608 7451 569 2494
602 7450 551 2506
608 7366 578 2495
610 7407 542 2511
616 7333 533 2514
611 7431 533 2518
616 7401 542 2509
610 7414 560 2501
616 7517 560 2499
612 7484 551 2504
637 7494 560 2499
615 7487 542 2509
620 7351 560 2501
612 7353 533 2514
611 7521 533 2514
642 7474 569 2494
634 7368 533 2514
620 7894 551 2504
614 7558 569 2494
612 7449 533 2514
610 7455 542 2511
618 7694 560 2499
628 7623 560 2499
635 7374 551 2504
624 7505 542 2509
615 7674 542 2509
623 7456 560 2501
615 7393 533 2514
659 7975 569 2494
638 7400 551 2504
635 8390 551 2504
628 7401 533 2516
624 7455 533 2514
614 7547 542 2511
638 7604 569 2496
651 7580 542 2509
653 7656 560 2499
637 7604 560 2501
615 7697 542 2509
622 7497 542 2511
637 7583 551 2506
616 7513 542 2511
625 7647 542 2509
706 7931 560 2499
680 8257 569 2494
655 7526 533 2516
633 7842 533 2514
620 7524 551 2511
667 8006 560 2499
644 7917 560 2501
655 7727 551 2504
627 7678 542 2509
642 7656 542 2509
653 8158 551 2504
638 7761 551 2506
650 7567 533 2516
629 7531 542 2516
707 8435 560 2499
651 7666 542 2511
639 7869 533 2514
634 7747 542 2509
667 8373 551 2504
692 7946 560 2501
677 8494 560 2506
675 7917 533 2514
654 7761 542 2511
649 8207 533 2514
640 7911 542 2509
659 7847 542 2509
655 8120 533 2514
721 8808 533 2516
664 7867 542 2511
686 8259 551 2511
