74243 3241.22
587 7707 587 2484
523 7527 523 2524
592 7685 587 2484
592 7685 587 2484
542 7253 524 2519
592 7685 587 2484
523 7527 523 2524
551 7388 551 2504
583 7632 578 2489
560 7490 560 2499
574 7598 569 2494
569 7600 569 2494
560 7490 560 2499
560 7490 560 2499
523 7527 523 2524
574 7598 569 2494
551 7388 551 2504
539 7294 533 2514
587 7696 587 2486
578 7654 578 2489
539 7294 533 2514
542 7327 542 2509
541 7263 524 2519
544 7319 542 2509
574 7598 569 2494
539 7294 533 2514
533 7299 533 2514
560 7490 560 2499
524 7279 524 2519
569 7600 569 2494
542 7327 542 2509
552 7384 551 2504
524 7279 524 2519
542 7327 542 2509
551 7388 551 2504
541 7285 533 2514
544 7319 542 2509
541 7263 524 2519
560 7490 560 2499
583 7632 578 2489
552 7384 551 2504
578 7654 578 2489
551 7388 551 2504
544 7319 542 2509
539 7272 524 2519
533 7299 533 2514
574 7598 569 2494
592 7674 587 2486
583 7632 578 2489
587 7707 587 2484
587 7696 587 2486
592 7674 587 2486
578 7654 578 2489
587 7707 587 2484
587 7696 587 2486
578 7654 578 2489
544 7319 542 2509
592 7674 587 2486
533 7299 533 2514
541 7285 533 2514
542 7327 542 2509
544 7319 542 2509
539 7294 533 2514
592 7685 587 2484
587 7696 587 2486
592 7685 587 2484
587 7696 587 2486
592 7674 587 2486
524 7279 524 2519
542 7253 524 2519
541 7263 524 2519
539 7294 533 2514
541 7285 533 2514
541 7263 524 2519
539 7272 524 2519
544 7319 542 2509
542 7327 542 2509
539 7272 524 2519
523 7527 523 2524
524 7279 524 2519
539 7272 524 2519
552 7384 551 2504
523 7527 523 2524
542 7253 524 2519
541 7263 524 2519
551 7388 551 2504
533 7299 533 2514
552 7384 551 2504
542 7283 533 2514
542 7283 533 2514
569 7600 569 2494
587 7696 587 2486
587 7707 587 2484
592 7685 587 2484
587 7696 587 2486
587 7707 587 2484
592 7685 587 2484
569 7600 569 2494
587 7696 587 2486
523 7527 523 2524
551 7388 551 2504
560 7490 560 2499
541 7263 524 2519
574 7598 569 2494
574 7598 569 2494
578 7654 578 2489
587 7696 587 2486
587 7707 587 2484
587 7707 587 2484
592 7685 587 2484
541 7263 524 2519
544 7319 542 2509
552 7384 551 2504
541 7263 524 2519
544 7319 542 2509
539 7294 533 2514
539 7294 533 2514
541 7263 524 2519
544 7319 542 2509
544 7319 542 2509
551 7388 551 2504
574 7598 569 2494
544 7319 542 2509
587 7696 587 2486
592 7674 587 2486
539 7272 524 2519
592 7685 587 2484
544 7319 542 2509
542 7283 533 2514
587 7696 587 2486
592 7674 587 2486
542 7327 542 2509
539 7294 533 2514
524 7279 524 2519
524 7279 524 2519
574 7598 569 2494
592 7685 587 2484
544 7319 542 2509
592 7685 587 2484
592 7685 587 2484
592 7685 587 2484
587 7696 587 2486
542 7327 542 2509
539 7294 533 2514
542 7327 542 2509
539 7294 533 2514
587 7707 587 2484
592 7685 587 2484
523 7527 523 2524
541 7263 524 2519
592 7674 587 2486
541 7263 524 2519
524 7279 524 2519
551 7388 551 2504
539 7294 533 2514
578 7654 578 2489
592 7685 587 2484
524 7279 524 2519
523 7527 523 2524
544 7319 542 2509
541 7263 524 2519
544 7319 542 2509
541 7263 524 2519
541 7285 533 2514
542 7327 542 2509
578 7654 578 2489
544 7319 542 2509
592 7674 587 2486
574 7598 569 2494
583 7632 578 2489
544 7319 542 2509
578 7654 578 2489
587 7696 587 2486
574 7598 569 2494
574 7598 569 2494
587 7707 587 2484
539 7272 524 2519
587 7696 587 2486
541 7285 533 2514
587 7696 587 2486
539 7294 533 2514
544 7319 542 2509
587 7707 587 2484
539 7294 533 2514
541 7263 524 2519
587 7707 587 2484
542 7327 542 2509
544 7319 542 2509
542 7283 533 2514
539 7272 524 2519
539 7294 533 2514
541 7263 524 2519
542 7253 524 2519
587 7707 587 2484
592 7674 587 2486
587 7696 587 2486
592 7685 587 2484
587 7696 587 2486
541 7263 524 2519
542 7283 533 2514
539 7272 524 2519
544 7319 542 2509
541 7263 524 2519
592 7674 587 2486
578 7654 578 2489
544 7319 542 2509
578 7654 578 2489
592 7685 587 2484
592 7674 587 2486
539 7294 533 2514
544 7319 542 2509
541 7285 533 2514
587 7696 587 2486
560 7490 560 2499
569 7600 569 2494
541 7285 533 2514
542 7283 533 2514
551 7388 551 2504
578 7654 578 2489
533 7299 533 2514
523 7527 523 2524
542 7327 542 2509
551 7388 551 2504
539 7272 524 2519
539 7272 524 2519
539 7294 533 2514
541 7285 533 2514
560 7490 560 2499
544 7319 542 2509
574 7598 569 2494
541 7285 533 2514
541 7263 524 2519
569 7600 569 2494
524 7279 524 2519
574 7598 569 2494
523 7527 523 2524
574 7598 569 2494
552 7384 551 2504
578 7654 578 2489
583 7632 578 2489
551 7388 551 2504
592 7685 587 2484
523 7527 523 2524
542 7253 524 2519
587 7707 587 2484
592 7685 587 2484
539 7294 533 2514
587 7696 587 2486
587 7707 587 2484
587 7696 587 2486
574 7598 569 2494
539 7294 533 2514
544 7319 542 2509
552 7384 551 2504
544 7319 542 2509
551 7388 551 2504
551 7388 551 2504
542 7327 542 2509
541 7263 524 2519
542 7327 542 2509
533 7299 533 2514
569 7600 569 2494
552 7384 551 2504
539 7294 533 2514
587 7707 587 2484
544 7319 542 2509
587 7707 587 2484
541 7263 524 2519
541 7263 524 2519
574 7598 569 2494
574 7598 569 2494
592 7685 587 2484
569 7600 569 2494
544 7319 542 2509
592 7674 587 2486
592 7685 587 2484
574 7598 569 2494
587 7707 587 2484
544 7319 542 2509
587 7707 587 2484
592 7685 587 2484
542 7283 533 2514
542 7283 533 2514
551 7388 551 2504
544 7319 542 2509
544 7319 542 2509
587 7707 587 2484
541 7285 533 2514
539 7272 524 2519
592 7674 587 2486
592 7674 587 2486
544 7319 542 2509
551 7388 551 2504
542 7327 542 2509
587 7707 587 2484
544 7319 542 2509
544 7319 542 2509
539 7294 533 2514
574 7598 569 2494
587 7707 587 2484
