119681 3600
592 7401 587 2484
587 7405 587 2484
584 7508 533 2514
584 7508 533 2514
570 7293 560 2501
587 7405 587 2484
578 7381 578 2491
578 7383 542 2509
578 7383 542 2509
570 7299 551 2504
570 7359 569 2494
570 7299 551 2504
570 7301 560 2499
592 7395 587 2486
573 7327 569 2494
587 7399 587 2486
587 7341 578 2489
584 7315 569 2494
587 7335 578 2491
584 7309 569 2496
584 7309 569 2496
570 7293 560 2501
573 7321 569 2496
592 7395 587 2486
587 7335 578 2491
578 7387 578 2489
582 7345 578 2489
572 7350 569 2494
570 7301 560 2499
581 7368 578 2489
581 7362 578 2491
570 7359 569 2494
579 7319 569 2494
572 7350 569 2494
578 7387 578 2489
582 7339 578 2491
579 7319 569 2494
584 7315 569 2494
581 7368 578 2489
581 7362 578 2491
573 7327 569 2494
573 7321 569 2496
582 7345 578 2489
592 7401 587 2484
587 7399 587 2486
587 7341 578 2489
582 7339 578 2491
578 7381 578 2491
592 7401 587 2484
592 7401 587 2484
592 7401 587 2484
592 7401 587 2484
592 7401 587 2484
592 7401 587 2484
592 7401 587 2484
592 7401 587 2484
592 7401 587 2484
592 7401 587 2484
592 7401 587 2484
592 7401 587 2484
592 7401 587 2484
592 7401 587 2484
592 7401 587 2484
592 7401 587 2484
592 7401 587 2484
592 7401 587 2484
592 7401 587 2484
592 7401 587 2484
592 7401 587 2484
592 7401 587 2484
592 7401 587 2484
592 7401 587 2484
592 7401 587 2484
592 7401 587 2484
592 7401 587 2484
592 7401 587 2484
592 7401 587 2484
592 7401 587 2484
592 7401 587 2484
592 7401 587 2484
592 7401 587 2484
592 7401 587 2484
592 7401 587 2484
592 7401 587 2484
592 7401 587 2484
592 7401 587 2484
592 7401 587 2484
592 7401 587 2484
592 7401 587 2484
592 7401 587 2484
592 7401 587 2484
592 7401 587 2484
592 7401 587 2484
592 7401 587 2484
592 7401 587 2484
592 7401 587 2484
592 7401 587 2484
592 7401 587 2484
592 7401 587 2484
592 7401 587 2484
592 7401 587 2484
592 7401 587 2484
592 7401 587 2484
592 7401 587 2484
592 7401 587 2484
592 7401 587 2484
592 7401 587 2484
592 7401 587 2484
592 7401 587 2484
592 7401 587 2484
592 7401 587 2484
592 7401 587 2484
592 7401 587 2484
592 7401 587 2484
592 7401 587 2484
592 7401 587 2484
592 7401 587 2484
592 7401 587 2484
592 7401 587 2484
592 7401 587 2484
592 7401 587 2484
592 7401 587 2484
592 7401 587 2484
592 7401 587 2484
592 7401 587 2484
592 7401 587 2484
592 7401 587 2484
592 7401 587 2484
592 7401 587 2484
592 7401 587 2484
592 7401 587 2484
592 7401 587 2484
592 7401 587 2484
592 7401 587 2484
592 7401 587 2484
592 7401 587 2484
592 7401 587 2484
592 7401 587 2484
592 7401 587 2484
592 7401 587 2484
592 7401 587 2484
592 7401 587 2484
592 7401 587 2484
592 7401 587 2484
592 7401 587 2484
592 7401 587 2484
592 7401 587 2484
592 7401 587 2484
592 7401 587 2484
592 7401 587 2484
592 7401 587 2484
592 7401 587 2484
592 7401 587 2484
592 7401 587 2484
592 7401 587 2484
592 7401 587 2484
592 7401 587 2484
592 7401 587 2484
592 7401 587 2484
592 7401 587 2484
592 7401 587 2484
592 7401 587 2484
592 7401 587 2484
592 7401 587 2484
592 7401 587 2484
592 7401 587 2484
592 7401 587 2484
592 7401 587 2484
592 7401 587 2484
592 7401 587 2484
592 7401 587 2484
592 7401 587 2484
592 7401 587 2484
592 7401 587 2484
592 7401 587 2484
592 7401 587 2484
592 7401 587 2484
592 7401 587 2484
592 7401 587 2484
592 7401 587 2484
592 7401 587 2484
592 7401 587 2484
592 7401 587 2484
592 7401 587 2484
592 7401 587 2484
592 7401 587 2484
592 7401 587 2484
592 7401 587 2484
592 7401 587 2484
592 7401 587 2484
592 7401 587 2484
592 7401 587 2484
592 7401 587 2484
587 7405 587 2484
587 7405 587 2484
587 7405 587 2484
587 7405 587 2484
587 7405 587 2484
587 7341 578 2489
587 7341 578 2489
587 7341 578 2489
587 7341 578 2489
587 7341 578 2489
587 7341 578 2489
587 7341 578 2489
587 7341 578 2489
587 7341 578 2489
587 7341 578 2489
587 7341 578 2489
584 7315 569 2494
584 7315 569 2494
582 7345 578 2489
581 7368 578 2489
581 7368 578 2489
579 7319 569 2494
578 7387 578 2489
578 7387 578 2489
578 7387 578 2489
578 7387 578 2489
578 7387 578 2489
578 7387 578 2489
578 7383 542 2509
573 7327 569 2494
573 7327 569 2494
572 7350 569 2494
572 7350 569 2494
572 7350 569 2494
570 7359 569 2494
570 7299 551 2504
597 7705 542 2509
592 7403 587 2484
587 7419 587 2484
584 7352 569 2494
570 7355 560 2499
594 7641 551 2504
578 7422 578 2489
582 7357 578 2489
574 7418 569 2494
577 7398 569 2494
578 7387 569 2494
597 7430 569 2494
592 7408 587 2484
589 7645 569 2494
587 7434 587 2484
586 7364 578 2489
580 7416 560 2499
582 7383 578 2489
590 7509 569 2494
594 7452 569 2494
590 7423 587 2484
600 7567 560 2499
592 7415 587 2484
589 7370 578 2489
587 7464 587 2484
582 7447 578 2489
592 7560 569 2494
591 7446 587 2484
603 7569 560 2499
598 7591 569 2494
595 7419 587 2484
592 7401 578 2489
591 7458 587 2484
586 7507 578 2489
590 7423 578 2489
592 7420 587 2484
616 7813 569 2494
608 7625 560 2499
606 7683 560 2499
592 7427 587 2484
595 7472 578 2489
596 7431 578 2489
598 7450 578 2489
595 7477 578 2489
592 7429 587 2484
592 7429 587 2484
605 7441 587 2484
597 7477 578 2489
596 7486 578 2489
596 7449 587 2484
598 7506 578 2489
596 7454 587 2484
596 7454 587 2484
602 7521 578 2489
596 7478 587 2484
604 7542 578 2489
602 7482 587 2484
596 7501 587 2484
606 7671 578 2489
599 7505 587 2484
604 7523 587 2484
601 7539 587 2484
601 7556 587 2484
606 7577 587 2484
605 7573 587 2486
604 7590 587 2484
607 7619 587 2484
609 7651 587 2484
609 7660 587 2484
616 7770 587 2484
629 7776 587 2484
