5656 240.145
439 7810 326 2570
444 7626 336 2553
441 7938 333 2542
479 8449 320 2592
464 8018 323 2578
441 7770 333 2553
458 8318 332 2526
478 7900 325 2554
450 7979 336 2530
464 8302 327 2533
466 8142 336 2522
460 8281 323 2574
495 8751 319 2583
470 7970 327 2540
479 8451 339 2516
494 8929 320 2565
495 8705 327 2529
469 8041 328 2534
452 8011 333 2534
453 8166 325 2567
457 8083 328 2548
450 8039 325 2579
451 8327 326 2555
456 7763 344 2531
462 8144 332 2529
491 8602 325 2544
497 8641 320 2574
482 8195 326 2539
500 8563 336 2517
494 8503 339 2511
470 7785 336 2548
460 8492 339 2522
472 8508 336 2521
469 7828 344 2526
483 8489 323 2571
504 8795 323 2554
442 8215 331 2562
469 7907 336 2540
490 8585 326 2535
466 7931 326 2558
451 8047 331 2552
456 8234 331 2544
491 8546 339 2512
454 7877 336 2547
502 8806 333 2523
447 8066 331 2558
482 7959 336 2530
473 8094 336 2527
472 8412 326 2545
509 8913 319 2573
467 8344 326 2549
511 8907 320 2561
454 8109 326 2558
440 7787 343 2564
470 7910 331 2551
508 8993 323 2550
499 8644 332 2525
451 8114 327 2560
490 8447 339 2515
516 8832 339 2510
515 9477 315 2619
432 7577 346 2582
432 7577 346 2582
524 9330 337 2581
496 9066 352 2594
598 10646 337 2576
507 9044 347 2572
502 8942 337 2573
538 8935 337 2567
532 8868 338 2588
570 10153 353 2569
543 9889 352 2587
563 9505 336 2555
532 9470 337 2563
580 10494 368 2630
574 10430 346 2612
562 9822 351 2577
546 9791 351 2592
497 8910 326 2595
560 10236 323 2594
511 9016 351 2567
545 9916 351 2576
582 10038 365 2603
618 10875 347 2547
623 10965 333 2553
562 9797 337 2577
513 9488 337 2584
508 9218 337 2575
543 9694 323 2584
555 9837 330 2572
531 9165 363 2596
506 9060 352 2582
541 9518 337 2598
491 8879 333 2554
500 8999 353 2582
518 9406 337 2586
521 9205 329 2580
518 9369 350 2580
527 9397 344 2580
564 9911 365 2566
607 10659 350 2578
521 9402 337 2587
456 8056 337 2574
534 9611 326 2606
650 11721 337 2596
533 9307 337 2573
579 10324 336 2556
517 9342 333 2547
588 10252 333 2571
587 10033 337 2569
485 8868 352 2574
517 8996 337 2582
547 10120 337 2598
518 9218 358 2558
511 9065 336 2585
594 10589 337 2591
569 9636 339 2562
500 8995 342 2575
519 9148 336 2578
500 8975 330 2587
482 8462 352 2593
531 9693 336 2565
510 9056 354 2570
523 9386 325 2597
515 9244 338 2578
581 10261 339 2572
533 9493 326 2587
548 9553 325 2579
485 8301 348 2579
528 9477 339 2585
546 9769 352 2579
595 10835 339 2572
554 10065 336 2574
502 8820 333 2559
577 9841 336 2595
536 8993 352 2599
546 9653 337 2560
485 8669 337 2575
592 10819 344 2610
557 10128 337 2577
580 10697 344 2561
525 9201 337 2580
507 8973 352 2569
522 9156 354 2598
539 9478 344 2578
529 9198 344 2572
483 8735 326 2597
502 9066 338 2593
507 9044 337 2584
526 9646 335 2569
520 9050 336 2567
518 9238 348 2575
497 9096 341 2574
528 9431 330 2579
587 10470 347 2571
523 9330 347 2587
519 9303 336 2581
586 10597 337 2560
535 9192 347 2567
539 9868 339 2591
522 9330 337 2558
569 10120 366 2584
512 9047 354 2576
522 9614 344 2582
563 9897 338 2601
545 9795 339 2574
551 9773 344 2567
531 9455 346 2586
551 9585 328 2579
511 8919 345 2566
531 9548 350 2583
521 8929 337 2591
496 8815 344 2558
570 9987 324 2600
532 8771 344 2585
528 8993 333 2545
492 8941 337 2563
538 9313 329 2579
517 9154 350 2561
562 9823 339 2588
533 9516 336 2559
528 9380 330 2594
584 10611 347 2582
517 8852 338 2582
571 9828 326 2595
550 10143 344 2566
549 9883 333 2559
508 8949 337 2582
573 10168 330 2576
501 9104 336 2574
493 8618 333 2577
519 9200 326 2564
520 9485 347 2564
555 9923 337 2575
535 9660 336 2591
524 9201 351 2578
522 9331 338 2592
575 10133 352 2588
506 8892 336 2562
547 9684 336 2570
518 9041 338 2586
511 8962 336 2579
530 9309 352 2597
544 9838 336 2579
536 9754 339 2560
551 9951 326 2591
491 9000 344 2565
550 9957 352 2576
492 9040 336 2588
557 9805 330 2589
539 9497 338 2576
534 9812 352 2573
475 8411 330 2582
621 11533 337 2583
543 9735 336 2548
521 9542 351 2611
509 9360 339 2576
575 10110 354 2598
596 10742 352 2590
506 9181 337 2591
589 10591 352 2567
511 9140 339 2588
583 10551 333 2574
535 9273 337 2573
541 10004 350 2587
552 9881 352 2559
460 8274 350 2577
572 9865 336 2566
543 9525 333 2556
492 8663 337 2577
535 9564 337 2578
513 9009 342 2581
546 9794 337 2578
488 8551 351 2579
508 9353 339 2570
489 8448 352 2574
572 10299 338 2600
499 8893 339 2580
553 9811 348 2569
512 9228 353 2585
539 9615 347 2586
515 9209 325 2574
563 10104 339 2586
540 9458 333 2565
531 9541 337 2585
545 9540 337 2578
497 8740 333 2566
509 8996 333 2552
497 8826 351 2584
524 9522 326 2553
527 9455 337 2613
540 9435 344 2554
501 8590 338 2595
520 9272 337 2565
515 9267 336 2565
515 8736 325 2590
554 9872 326 2600
542 9527 368 2607
531 9327 358 2591
560 10131 336 2569
624 11292 336 2576
516 9216 333 2565
495 8752 323 2582
494 8936 324 2596
554 9727 360 2619
547 9951 353 2574
469 8570 344 2588
634 11381 339 2604
530 9558 337 2598
577 10324 347 2561
530 9401 338 2607
527 9345 337 2588
571 9937 337 2583
582 10681 336 2567
513 9136 329 2571
474 8538 331 2567
520 9313 352 2594
521 9534 333 2555
544 9639 341 2601
552 10047 336 2549
555 10127 344 2570
484 8721 347 2563
534 9456 336 2565
546 9654 347 2566
525 9639 339 2597
517 9351 337 2583
592 10550 339 2597
583 10363 347 2560
539 9590 343 2595
532 9466 352 2572
569 9985 351 2578
552 9807 336 2566
530 9652 336 2576
484 8421 338 2563
541 9537 350 2596
544 9514 330 2569
551 9931 331 2575
543 9780 347 2570
541 9371 346 2603
598 10966 344 2588
