36109 2221.15
317 5480 315 2265
319 5385 299 2276
317 5359 307 2288
423 6544 422 2231
422 6545 422 2231
317 5365 299 2292
412 6376 412 2232
412 6376 412 2232
423 6544 422 2231
392 6253 392 2234
402 6273 402 2233
383 6207 382 2235
402 6273 402 2233
392 6253 392 2234
396 6189 386 2235
402 6273 402 2233
422 6545 422 2231
339 5803 332 2244
398 6188 386 2235
382 6211 382 2235
317 5371 299 2284
341 5829 338 2243
377 6054 376 2237
348 5969 348 2241
319 5370 299 2289
377 6054 376 2237
360 5979 354 2240
322 5527 321 2253
342 5742 320 2253
335 5624 327 2248
362 5893 354 2241
346 5776 332 2244
366 6085 366 2238
332 5593 315 2255
382 6211 382 2235
317 5373 299 2281
317 5365 299 2292
317 5371 299 2284
382 6182 376 2236
317 5480 315 2265
364 5974 358 2240
328 5704 301 2275
328 5704 301 2275
334 5915 313 2258
359 5849 358 2241
319 5398 309 2265
320 5421 312 2259
376 6190 376 2236
364 6012 360 2239
372 5985 364 2239
327 5537 326 2251
353 5981 345 2241
338 5821 331 2245
319 5383 310 2263
317 5373 299 2281
376 6039 370 2238
325 5512 321 2253
317 5388 310 2272
347 5937 342 2242
332 5690 332 2245
364 5931 364 2240
318 5400 309 2274
376 6039 370 2238
320 5416 312 2261
351 5926 342 2242
317 5388 310 2272
337 5760 320 2253
372 6193 372 2236
319 5430 308 2266
318 5427 310 2268
363 6113 360 2238
329 5658 327 2248
322 5510 314 2257
358 5867 358 2241
327 5617 323 2250
330 5552 326 2250
317 5413 307 2273
318 5400 309 2274
365 5911 364 2240
372 5985 364 2239
343 5813 338 2243
357 5896 354 2241
372 6193 372 2236
360 6142 360 2238
319 5379 304 2269
360 6142 360 2238
396 6175 386 2236
326 5414 315 2260
366 6001 360 2239
342 5824 338 2243
371 6041 370 2238
317 5474 315 2267
356 6120 347 2240
326 5414 315 2260
338 5821 331 2245
369 6106 360 2238
361 6097 347 2240
335 5905 313 2258
319 5430 308 2266
322 5510 314 2257
351 5962 348 2241
317 5428 302 2279
347 5952 339 2242
329 5521 326 2251
322 5510 314 2257
335 5635 327 2247
317 5450 309 2270
332 5683 332 2246
320 5399 303 2273
330 5552 326 2250
327 5562 321 2252
359 5849 358 2241
358 5867 358 2241
361 6031 360 2239
320 5416 312 2261
349 5808 342 2243
333 5742 327 2246
338 5734 338 2244
324 5439 315 2256
329 5609 323 2250
332 5726 326 2249
331 5488 321 2255
330 5566 323 2251
332 5593 315 2255
396 6175 386 2236
376 6074 376 2237
367 5987 364 2239
320 5406 312 2262
317 5474 315 2267
332 5683 332 2246
362 6017 360 2239
383 6207 382 2235
335 5635 327 2247
317 5408 310 2271
358 5978 345 2241
317 5377 307 2277
349 5808 342 2243
317 5366 307 2280
327 5562 321 2252
398 6188 386 2235
396 6189 386 2235
366 6085 366 2238
340 5791 332 2244
339 5803 332 2244
346 5776 332 2244
323 5492 314 2257
351 5928 339 2242
377 6185 376 2236
320 5421 312 2259
317 5450 309 2270
333 5718 326 2249
319 5385 299 2276
317 5418 306 2274
336 5765 320 2253
324 5439 315 2256
320 5399 303 2273
317 5408 310 2271
319 5372 307 2268
366 6109 366 2237
329 5595 323 2251
320 5406 312 2262
351 5926 342 2242
317 5377 307 2277
319 5379 304 2269
371 6041 370 2238
370 6051 370 2238
317 5384 303 2278
317 5428 302 2279
317 5384 303 2278
323 5460 315 2256
317 5366 307 2280
319 5383 310 2263
319 5370 299 2289
361 6097 347 2240
325 5512 321 2253
376 6074 376 2237
338 5700 302 2274
361 6097 347 2240
317 5359 307 2288
319 5379 304 2269
377 5903 364 2240
327 5617 323 2250
327 5617 323 2250
357 5896 354 2241
362 6081 354 2239
356 6120 347 2240
330 5640 327 2247
347 5937 342 2242
337 5760 320 2253
367 5906 364 2240
336 5765 320 2253
350 5964 348 2241
317 5359 307 2288
349 5808 342 2243
330 5566 323 2251
334 5915 313 2258
329 5495 321 2253
342 5812 331 2245
329 5661 327 2247
351 5822 348 2242
331 5721 307 2267
349 5948 339 2242
369 6106 360 2238
341 5788 332 2244
370 6051 370 2238
340 5791 332 2244
323 5492 314 2257
343 5813 338 2243
329 5658 327 2248
333 5718 326 2249
326 5608 323 2251
341 5829 338 2243
350 5964 348 2241
352 5989 345 2241
331 5488 321 2255
354 5993 354 2240
363 6113 360 2238
355 5991 354 2240
324 5523 321 2255
352 5989 345 2241
356 6111 354 2239
342 5824 338 2243
364 6003 364 2239
355 5991 354 2240
353 5981 345 2241
319 5461 315 2256
329 5595 323 2251
319 5398 309 2265
335 5905 313 2258
365 5994 364 2239
376 6190 376 2236
354 5993 354 2240
348 5827 348 2242
333 5689 332 2245
341 5788 332 2244
317 5418 306 2274
335 5905 313 2258
329 5661 327 2247
335 5624 327 2248
338 5672 332 2245
338 5672 332 2245
349 5948 339 2242
327 5537 326 2251
346 5776 332 2244
351 5962 348 2241
329 5521 326 2251
356 5953 348 2241
364 6003 364 2239
338 5734 338 2244
317 5453 310 2268
366 6001 360 2239
323 5460 315 2256
377 5903 364 2240
365 5994 364 2239
333 5689 332 2245
364 5931 364 2240
343 5804 331 2245
348 5969 348 2241
330 5640 327 2247
356 5816 348 2242
331 5721 307 2267
332 5726 326 2249
365 5911 364 2240
362 6081 354 2239
364 5974 358 2240
338 5700 302 2274
360 6035 360 2239
348 5951 339 2242
360 6035 360 2239
366 6109 366 2237
317 5453 310 2268
362 5893 354 2241
351 5928 339 2242
329 5495 321 2253
349 5826 348 2242
382 6182 376 2236
372 6193 372 2236
356 5816 348 2242
377 6185 376 2236
363 6015 360 2239
364 6012 360 2239
320 5416 312 2261
337 5490 321 2253
322 5525 321 2255
377 5903 364 2240
337 5490 321 2253
322 5527 321 2253
356 6111 354 2239
363 6015 360 2239
348 5827 348 2242
362 6017 360 2239
322 5525 321 2255
324 5523 321 2255
367 5906 364 2240
319 5461 315 2256
317 5413 307 2273
356 5953 348 2241
392 6253 392 2234
383 6207 382 2235
377 6185 376 2236
