71324 2340.68
510 8544 314 2460
498 8772 347 2409
543 9754 400 2443
657 11553 466 2452
524 9525 356 2348
603 10626 467 2666
606 10681 381 2442
472 8672 329 2527
575 10545 378 2370
487 8506 370 2398
781 13143 446 2530
600 10987 371 2530
572 10258 438 2455
589 10958 355 2449
531 9361 410 2393
574 9976 398 2544
570 9965 478 2543
607 10417 407 2590
585 10606 365 2424
551 9514 360 2494
582 10399 443 2491
508 8988 441 2415
611 11142 412 2455
530 9477 419 2456
558 10163 387 2460
587 10168 363 2511
622 11691 394 2397
566 10232 423 2387
618 11199 462 2506
483 8768 362 2381
671 12123 473 2513
520 9496 389 2390
616 11415 388 2441
687 12156 440 2548
630 11138 431 2464
600 10652 414 2491
761 13999 416 2444
599 10898 415 2409
534 9803 366 2378
559 9539 339 2361
578 10430 434 2537
551 9677 358 2629
532 9128 370 2330
519 9410 408 2503
520 9434 424 2377
484 9095 401 2372
601 10686 417 2511
566 10364 428 2490
536 9749 351 2422
570 10540 429 2394
557 9909 401 2466
547 9470 375 2452
515 9055 363 2325
559 9964 361 2631
587 10542 398 2480
665 12265 455 2469
535 10201 437 2397
679 12504 486 2472
593 10627 390 2381
678 12608 488 2608
580 10465 387 2361
557 10044 356 2496
647 11703 458 2561
625 11139 426 2395
602 10611 500 2554
579 10848 489 2549
580 10791 388 2462
451 8127 343 2403
594 10145 412 2468
571 10098 400 2412
670 11609 492 2543
617 10978 378 2495
526 9235 355 2386
614 11146 436 2440
612 11442 362 2419
577 10593 366 2576
587 9731 417 2446
606 10969 457 2502
521 9561 384 2384
555 10022 334 2411
589 10797 357 2360
579 10290 454 2385
538 9916 417 2414
553 10249 422 2540
619 11053 462 2555
542 9924 378 2481
491 8840 366 2475
569 10290 431 2471
505 9282 307 2379
662 11441 516 2584
596 10601 385 2345
611 10762 450 2462
630 11007 464 2520
634 11305 492 2467
733 13164 507 2607
627 11210 373 2464
590 9782 386 2530
649 11291 460 2533
548 9941 384 2447
572 10152 406 2535
503 8813 366 2353
565 10208 368 2424
514 9454 377 2333
555 10090 363 2416
544 9838 353 2489
592 10476 417 2452
637 11577 477 2376
588 10522 358 2504
448 8158 354 2343
556 9810 359 2401
647 11021 522 2538
503 8692 333 2394
610 11044 347 2483
549 9795 369 2352
519 9191 343 2430
523 9250 342 2429
543 9967 469 2450
569 10488 383 2317
575 10640 350 2423
588 10780 447 2426
561 10386 468 2458
519 9661 366 2376
556 9789 347 2382
630 11721 433 2550
630 11517 493 2588
583 10779 369 2446
538 9065 409 2514
553 9503 398 2435
521 9058 333 2391
631 11457 476 2565
687 12163 557 2538
549 10105 525 2450
660 11343 472 2554
593 10673 394 2407
619 11722 372 2344
609 10559 428 2469
557 10082 417 2440
661 11427 457 2547
689 11672 522 2492
515 9013 378 2461
542 9663 353 2470
589 10260 401 2526
571 10338 460 2430
702 12587 563 2519
542 9822 363 2371
635 11500 447 2408
522 9433 378 2354
625 11615 410 2473
537 9299 329 2458
506 9298 375 2414
550 9765 379 2468
567 10024 395 2400
564 10144 410 2390
600 11016 450 2575
595 10695 343 2498
575 10046 364 2469
579 10287 420 2425
500 9060 365 2447
589 10230 434 2537
492 8973 365 2376
537 9917 336 2399
547 10045 364 2330
569 10699 387 2485
468 8594 356 2510
650 11709 494 2538
553 10120 352 2332
581 10646 441 2411
601 10623 468 2462
577 10228 450 2504
655 10804 373 2635
642 10838 478 2512
583 10795 435 2403
501 8822 318 2465
674 12204 534 2528
553 9949 376 2483
565 9791 381 2412
537 9734 339 2518
544 9630 396 2391
533 9646 346 2421
682 11825 567 2517
707 12955 413 2517
526 9282 341 2512
547 9618 337 2439
566 10124 440 2353
541 9962 352 2348
533 9409 347 2347
565 10422 349 2330
591 10804 457 2546
548 9954 392 2439
564 9922 425 2468
463 8534 364 2434
564 10044 352 2387
692 12415 485 2445
533 9699 386 2366
531 9504 352 2417
534 9145 356 2500
591 10955 477 2528
483 8478 385 2411
663 12132 497 2501
498 8652 371 2471
603 10777 405 2352
592 10525 398 2656
589 10976 523 2434
543 9864 399 2544
629 11295 385 2610
586 10951 423 2409
581 10177 449 2397
605 11282 433 2437
593 10791 506 2530
623 11262 472 2429
543 10030 395 2384
590 10429 372 2535
553 10411 393 2426
635 11926 418 2442
550 10180 354 2405
512 8753 349 2475
523 9210 367 2507
548 9469 402 2562
522 9300 356 2385
637 11809 437 2488
636 11703 498 2540
564 10008 433 2505
474 8784 372 2383
611 11281 346 2348
634 10901 369 2505
678 12195 561 2544
597 10138 418 2522
559 10439 393 2346
546 9562 364 2371
601 10233 415 2378
523 9179 430 2454
559 10368 396 2373
547 9922 380 2388
649 11466 512 2549
638 11615 466 2536
570 10330 461 2495
629 11414 440 2396
724 12880 488 2485
675 11542 519 2605
570 10243 400 2413
572 10679 369 2459
549 10208 429 2434
537 9439 395 2411
563 9994 372 2493
593 10485 406 2345
628 11314 360 2547
619 11473 421 2442
591 10425 398 2449
571 9825 381 2417
580 10230 379 2390
577 10112 387 2376
554 10021 394 2445
593 10757 364 2400
632 11191 472 2555
653 11820 427 2545
527 9272 360 2427
542 9537 387 2417
494 8926 327 2476
612 11013 432 2415
470 8385 338 2376
591 10197 416 2535
546 10027 360 2441
552 10103 376 2476
676 12144 403 2471
588 10742 456 2471
508 9226 356 2374
518 9364 334 2364
526 9465 359 2359
607 10854 464 2584
671 12038 572 2571
541 9788 373 2486
486 8700 381 2453
529 9309 346 2390
606 10811 439 2555
498 8805 398 2401
476 8498 384 2416
640 11370 473 2509
609 11217 445 2457
599 10678 456 2497
474 8252 314 2378
638 11308 384 2508
655 12049 453 2463
537 9605 341 2491
504 9133 386 2449
539 9550 391 2439
617 11276 393 2376
604 10942 344 2492
574 10385 421 2431
693 12426 465 2520
617 11674 470 2428
565 9912 405 2412
675 11340 480 2503
556 10021 382 2570
538 9835 361 2395
558 10296 406 2441
608 11138 416 2426
592 10766 424 2583
555 9476 414 2461
531 9532 426 2436
546 9233 361 2388
