52115 450.084
553 9934 299 2523
496 9001 355 2401
503 9190 336 2383
511 9158 303 2535
511 9158 303 2535
434 8002 346 2482
540 9536 303 2429
540 9536 303 2429
540 9536 303 2429
536 9748 308 2462
503 9190 336 2383
525 9803 329 2406
475 8074 334 2459
536 9672 331 2390
513 8883 330 2394
514 8730 349 2437
502 9086 316 2421
537 9433 320 2420
456 8233 339 2480
461 8168 332 2468
513 8883 330 2394
506 8804 339 2428
447 8102 327 2485
536 9748 308 2462
496 9060 343 2406
529 9721 304 2465
496 9060 343 2406
489 8598 307 2471
451 8033 342 2447
492 8736 346 2435
525 9803 329 2406
463 8303 351 2417
506 8804 339 2428
483 8855 348 2410
525 9803 329 2406
529 9721 304 2465
457 8118 350 2425
511 9158 303 2535
434 8002 346 2482
451 8033 342 2447
506 8804 339 2428
447 8102 327 2485
492 8736 346 2435
489 8983 344 2427
483 8855 348 2410
447 8102 327 2485
483 8855 348 2410
512 9113 306 2482
525 9803 329 2406
451 8033 342 2447
503 9190 336 2383
452 8286 315 2496
515 8983 324 2431
537 9433 320 2420
513 8883 330 2394
467 8459 307 2524
461 8168 332 2468
529 9721 304 2465
511 9158 303 2535
439 7935 353 2427
534 9486 314 2418
496 9001 355 2401
534 9486 314 2418
506 8965 345 2416
515 8983 324 2431
495 9030 338 2436
496 9001 355 2401
525 9803 329 2406
512 9113 306 2482
489 8598 307 2471
434 8002 346 2482
529 9721 304 2465
499 9094 335 2433
529 9721 304 2465
457 8118 350 2425
452 8286 315 2496
447 8102 327 2485
536 9672 331 2390
467 8459 307 2524
452 8286 315 2496
456 8233 339 2480
483 8855 348 2410
475 8200 323 2438
483 8855 348 2410
511 9158 303 2535
503 9074 345 2390
475 8200 323 2438
503 9074 345 2390
496 9060 343 2406
489 8983 344 2427
463 8303 351 2417
496 9001 355 2401
452 8286 315 2496
495 9030 338 2436
475 8200 323 2438
503 9190 336 2383
513 8883 330 2394
489 8598 307 2471
475 8200 323 2438
495 9030 338 2436
447 8102 327 2485
534 9486 314 2418
506 8965 345 2416
511 9158 303 2535
511 9158 303 2535
489 8598 307 2471
463 8303 351 2417
513 8883 330 2394
529 9721 304 2465
534 9486 314 2418
489 8598 307 2471
506 8804 339 2428
525 9803 329 2406
511 9158 303 2535
434 8002 346 2482
495 9030 338 2436
503 9190 336 2383
503 9190 336 2383
525 9803 329 2406
489 8598 307 2471
502 9086 316 2421
456 8233 339 2480
536 9672 331 2390
503 9190 336 2383
457 8118 350 2425
515 8983 324 2431
494 8028 355 2413
467 8459 307 2524
514 8730 349 2437
489 8983 344 2427
461 8168 332 2468
475 8200 323 2438
511 9158 303 2535
503 9190 336 2383
463 8303 351 2417
461 8168 332 2468
496 9001 355 2401
525 9803 329 2406
483 8855 348 2410
534 9486 314 2418
452 8286 315 2496
483 8855 348 2410
537 9433 320 2420
452 8286 315 2496
534 9486 314 2418
511 9158 303 2535
447 8102 327 2485
536 9672 331 2390
503 9190 336 2383
439 7935 353 2427
506 8804 339 2428
496 9001 355 2401
525 9803 329 2406
495 9030 338 2436
461 8168 332 2468
515 8983 324 2431
447 8102 327 2485
506 8965 345 2416
536 9672 331 2390
511 9158 303 2535
475 8200 323 2438
467 8459 307 2524
452 8286 315 2496
483 8855 348 2410
529 9721 304 2465
475 8074 334 2459
439 7935 353 2427
494 8028 355 2413
495 9030 338 2436
536 9672 331 2390
447 8102 327 2485
483 8855 348 2410
534 9486 314 2418
506 8804 339 2428
492 8736 346 2435
506 8804 339 2428
525 9803 329 2406
506 8804 339 2428
496 9001 355 2401
461 8168 332 2468
457 8118 350 2425
451 8033 342 2447
511 9158 303 2535
475 8200 323 2438
525 9803 329 2406
489 8983 344 2427
489 8598 307 2471
494 8028 355 2413
515 8983 324 2431
456 8233 339 2480
536 9672 331 2390
536 9672 331 2390
494 8028 355 2413
536 9748 308 2462
475 8074 334 2459
451 8033 342 2447
489 8598 307 2471
475 8200 323 2438
496 9060 343 2406
511 9158 303 2535
506 8965 345 2416
512 9113 306 2482
483 8855 348 2410
515 8983 324 2431
495 9030 338 2436
511 9158 303 2535
496 9001 355 2401
506 8804 339 2428
463 8303 351 2417
462 8156 311 2439
525 9803 329 2406
513 8883 330 2394
540 9536 303 2429
483 8855 348 2410
506 8804 339 2428
534 9486 314 2418
515 8983 324 2431
529 9721 304 2465
529 9721 304 2465
494 8028 355 2413
483 8855 348 2410
529 9721 304 2465
461 8168 332 2468
451 8033 342 2447
511 9158 303 2535
483 8855 348 2410
506 8804 339 2428
457 8118 350 2425
434 8002 346 2482
456 8233 339 2480
492 8736 346 2435
511 9158 303 2535
496 9001 355 2401
456 8233 339 2480
511 9158 303 2535
514 8730 349 2437
529 9721 304 2465
506 8804 339 2428
511 9158 303 2535
511 9158 303 2535
506 8965 345 2416
515 8983 324 2431
447 8102 327 2485
506 8804 339 2428
463 8303 351 2417
506 8804 339 2428
513 8883 330 2394
457 8118 350 2425
515 8983 324 2431
463 8303 351 2417
529 9721 304 2465
511 9158 303 2535
489 8983 344 2427
536 9748 308 2462
463 8303 351 2417
483 8855 348 2410
467 8459 307 2524
511 9158 303 2535
439 7935 353 2427
495 9030 338 2436
475 8200 323 2438
503 9074 345 2390
495 9030 338 2436
489 8598 307 2471
525 9803 329 2406
503 9190 336 2383
467 8459 307 2524
462 8156 311 2439
475 8200 323 2438
503 9190 336 2383
461 8168 332 2468
496 9001 355 2401
525 9803 329 2406
452 8286 315 2496
447 8102 327 2485
536 9672 331 2390
496 9001 355 2401
495 9030 338 2436
447 8102 327 2485
475 8200 323 2438
467 8459 307 2524
483 8855 348 2410
529 9721 304 2465
529 9721 304 2465
483 8855 348 2410
514 8730 349 2437
529 9721 304 2465
506 8804 339 2428
511 9158 303 2535
511 9158 303 2535
463 8303 351 2417
463 8303 351 2417
511 9158 303 2535
495 9030 338 2436
503 9074 345 2390
495 9030 338 2436
489 8598 307 2471
503 9190 336 2383
462 8156 311 2439
461 8168 332 2468
