1784 13.5357
473 8720 390 2594
510 9007 343 2537
473 8720 390 2594
502 9008 405 2567
631 11018 357 2513
473 8720 390 2594
487 8486 350 2589
553 9919 396 2494
556 9472 372 2531
533 9133 386 2518
604 10808 381 2493
604 10808 381 2493
615 11156 402 2463
604 10808 381 2493
505 8934 364 2579
631 11018 357 2513
510 8963 385 2550
524 8655 373 2551
610 11028 360 2501
473 8720 390 2594
520 9570 362 2511
615 11156 402 2463
615 11156 402 2463
556 9472 372 2531
604 10808 381 2493
510 9007 343 2537
556 9472 372 2531
510 9007 343 2537
502 9008 405 2567
487 8486 350 2589
487 8486 350 2589
524 8655 373 2551
556 9472 372 2531
505 8934 364 2579
473 8720 390 2594
531 8969 401 2534
502 9008 405 2567
631 11018 357 2513
502 9008 405 2567
631 11018 357 2513
604 10808 381 2493
487 8486 350 2589
505 8934 364 2579
487 8486 350 2589
556 9472 372 2531
604 10808 381 2493
473 8720 390 2594
631 11018 357 2513
520 9570 362 2511
505 8934 364 2579
510 9007 343 2537
533 9133 386 2518
531 8969 401 2534
502 9008 405 2567
610 11028 360 2501
502 9008 405 2567
531 8969 401 2534
531 8969 401 2534
487 8486 350 2589
473 8720 390 2594
520 9570 362 2511
520 9570 362 2511
631 11018 357 2513
520 9570 362 2511
505 8934 364 2579
473 8720 390 2594
520 9570 362 2511
487 8486 350 2589
556 9472 372 2531
631 11018 357 2513
520 9570 362 2511
505 8934 364 2579
510 8963 385 2550
524 8655 373 2551
604 10808 381 2493
531 8969 401 2534
473 8720 390 2594
473 8720 390 2594
631 11018 357 2513
487 8486 350 2589
502 9008 405 2567
487 8486 350 2589
524 8655 373 2551
502 9008 405 2567
556 9472 372 2531
556 9472 372 2531
531 8969 401 2534
487 8486 350 2589
556 9472 372 2531
502 9008 405 2567
604 10808 381 2493
487 8486 350 2589
531 8969 401 2534
502 9008 405 2567
487 8486 350 2589
524 8655 373 2551
487 8486 350 2589
556 9472 372 2531
505 8934 364 2579
505 8934 364 2579
502 9008 405 2567
473 8720 390 2594
604 10808 381 2493
556 9472 372 2531
604 10808 381 2493
531 8969 401 2534
604 10808 381 2493
631 11018 357 2513
502 9008 405 2567
604 10808 381 2493
604 10808 381 2493
604 10808 381 2493
520 9570 362 2511
473 8720 390 2594
487 8486 350 2589
604 10808 381 2493
556 9472 372 2531
610 11028 360 2501
502 9008 405 2567
556 9472 372 2531
604 10808 381 2493
473 8720 390 2594
487 8486 350 2589
524 8655 373 2551
473 8720 390 2594
473 8720 390 2594
531 8969 401 2534
505 8934 364 2579
531 8969 401 2534
520 9570 362 2511
604 10808 381 2493
473 8720 390 2594
487 8486 350 2589
520 9570 362 2511
556 9472 372 2531
502 9008 405 2567
520 9570 362 2511
502 9008 405 2567
604 10808 381 2493
631 11018 357 2513
604 10808 381 2493
531 8969 401 2534
556 9472 372 2531
487 8486 350 2589
510 9007 343 2537
604 10808 381 2493
520 9570 362 2511
631 11018 357 2513
473 8720 390 2594
604 10808 381 2493
505 8934 364 2579
473 8720 390 2594
502 9008 405 2567
520 9570 362 2511
502 9008 405 2567
502 9008 405 2567
473 8720 390 2594
604 10808 381 2493
505 8934 364 2579
604 10808 381 2493
473 8720 390 2594
604 10808 381 2493
520 9570 362 2511
505 8934 364 2579
487 8486 350 2589
473 8720 390 2594
473 8720 390 2594
631 11018 357 2513
531 8969 401 2534
524 8655 373 2551
531 8969 401 2534
502 9008 405 2567
473 8720 390 2594
520 9570 362 2511
505 8934 364 2579
510 8963 385 2550
510 9007 343 2537
531 8969 401 2534
502 9008 405 2567
610 11028 360 2501
502 9008 405 2567
531 8969 401 2534
473 8720 390 2594
520 9570 362 2511
520 9570 362 2511
473 8720 390 2594
520 9570 362 2511
487 8486 350 2589
556 9472 372 2531
520 9570 362 2511
505 8934 364 2579
604 10808 381 2493
524 8655 373 2551
604 10808 381 2493
473 8720 390 2594
631 11018 357 2513
487 8486 350 2589
502 9008 405 2567
556 9472 372 2531
556 9472 372 2531
531 8969 401 2534
487 8486 350 2589
556 9472 372 2531
502 9008 405 2567
604 10808 381 2493
487 8486 350 2589
524 8655 373 2551
510 9007 343 2537
510 9007 343 2537
473 8720 390 2594
502 9008 405 2567
631 11018 357 2513
473 8720 390 2594
553 9919 396 2494
533 9133 386 2518
604 10808 381 2493
604 10808 381 2493
524 8655 373 2551
610 11028 360 2501
473 8720 390 2594
520 9570 362 2511
556 9472 372 2531
604 10808 381 2493
487 8486 350 2589
502 9008 405 2567
487 8486 350 2589
556 9472 372 2531
505 8934 364 2579
473 8720 390 2594
502 9008 405 2567
631 11018 357 2513
502 9008 405 2567
631 11018 357 2513
604 10808 381 2493
487 8486 350 2589
505 8934 364 2579
487 8486 350 2589
556 9472 372 2531
502 9008 405 2567
520 9570 362 2511
502 9008 405 2567
604 10808 381 2493
631 11018 357 2513
604 10808 381 2493
556 9472 372 2531
487 8486 350 2589
510 9007 343 2537
604 10808 381 2493
520 9570 362 2511
631 11018 357 2513
473 8720 390 2594
473 8720 390 2594
502 9008 405 2567
520 9570 362 2511
502 9008 405 2567
473 8720 390 2594
604 10808 381 2493
505 8934 364 2579
604 10808 381 2493
473 8720 390 2594
520 9570 362 2511
487 8486 350 2589
473 8720 390 2594
473 8720 390 2594
631 11018 357 2513
524 8655 373 2551
531 8969 401 2534
502 9008 405 2567
473 8720 390 2594
520 9570 362 2511
556 9472 372 2531
556 9472 372 2531
505 8934 364 2579
505 8934 364 2579
502 9008 405 2567
473 8720 390 2594
604 10808 381 2493
604 10808 381 2493
531 8969 401 2534
604 10808 381 2493
502 9008 405 2567
604 10808 381 2493
604 10808 381 2493
520 9570 362 2511
487 8486 350 2589
604 10808 381 2493
510 8963 385 2550
610 11028 360 2501
502 9008 405 2567
604 10808 381 2493
487 8486 350 2589
524 8655 373 2551
473 8720 390 2594
531 8969 401 2534
505 8934 364 2579
531 8969 401 2534
520 9570 362 2511
604 10808 381 2493
473 8720 390 2594
487 8486 350 2589
