78389 3121.1
386 6934 327 2413
402 7173 337 2395
391 7004 323 2416
420 7534 346 2386
422 7421 336 2390
411 7398 336 2393
394 7005 330 2408
399 7174 320 2416
399 7083 327 2403
433 7641 332 2395
402 7263 332 2399
396 7151 336 2400
397 7069 337 2401
401 7288 320 2412
412 7415 319 2421
420 7539 315 2435
405 7071 323 2411
418 7219 332 2398
396 6953 320 2438
393 7076 323 2413
422 7546 327 2401
428 7475 319 2407
425 7757 315 2430
435 7586 338 2387
401 7219 327 2402
426 7793 338 2387
400 6952 327 2412
392 7100 337 2406
424 7568 319 2407
388 7054 336 2411
393 7077 330 2406
433 7604 323 2406
405 7367 325 2409
437 7779 318 2414
394 7136 327 2407
387 7132 330 2412
406 7127 337 2399
452 8032 331 2393
422 7385 338 2391
395 7197 337 2403
406 7387 319 2433
407 7186 320 2413
419 7561 323 2407
413 7495 316 2438
434 7824 315 2428
445 7793 315 2425
400 7143 330 2402
450 7932 325 2403
394 7039 336 2407
433 7787 330 2400
397 7138 327 2405
393 6930 337 2428
448 7702 316 2424
405 7172 336 2397
446 7668 318 2414
444 8035 316 2417
448 7944 316 2417
407 7507 336 2396
432 7717 338 2389
457 8375 352 2385
463 8219 312 2440
388 6903 337 2435
386 6934 327 2413
488 8436 393 2451
513 9340 341 2446
503 8861 338 2458
531 8962 341 2436
467 8455 365 2448
505 8784 395 2436
577 10267 378 2469
509 8735 337 2438
432 7778 338 2421
521 8871 343 2450
568 10473 339 2442
461 7824 346 2416
497 8744 352 2437
515 9323 352 2442
504 8989 368 2434
493 8671 367 2492
461 8263 362 2452
499 8688 344 2446
473 8418 336 2421
466 8399 331 2424
442 7983 362 2444
575 10122 353 2437
498 8903 379 2449
532 9582 338 2435
507 8698 352 2442
568 9856 388 2452
493 8499 348 2428
542 9914 352 2458
478 8708 346 2428
484 8768 362 2442
486 8628 353 2451
550 9698 346 2427
523 9417 365 2449
478 8571 323 2455
507 8820 370 2425
502 8830 337 2436
549 9737 353 2450
555 9320 330 2448
508 9273 342 2443
485 8515 339 2410
506 8791 359 2447
453 8183 352 2440
493 8709 354 2445
516 8979 360 2453
505 8831 359 2438
500 8920 338 2438
539 10060 353 2445
507 9080 368 2454
516 9458 338 2474
516 9292 353 2467
524 9288 366 2456
503 8927 378 2453
486 8823 338 2434
534 9545 387 2447
592 9889 342 2449
542 9782 398 2463
471 8406 350 2446
488 8758 352 2430
514 9459 383 2464
541 9772 353 2458
492 8953 342 2431
478 8732 352 2410
488 8712 354 2422
560 10320 379 2446
525 9368 384 2463
536 9622 365 2434
478 8605 350 2448
462 8205 339 2427
503 8972 351 2425
531 9220 352 2426
487 8639 344 2441
543 9981 325 2422
542 9563 346 2432
517 8835 352 2451
460 8280 365 2476
476 8481 353 2451
454 8085 353 2446
536 9944 380 2458
516 9254 395 2483
464 8423 353 2436
482 8683 338 2434
521 9039 353 2451
488 8627 338 2410
585 10570 354 2439
452 8282 326 2411
502 9080 361 2457
499 8651 362 2419
510 9091 357 2456
522 9471 351 2462
458 8230 359 2461
490 8370 336 2418
475 8480 348 2426
530 9425 344 2467
492 8742 338 2447
520 9166 338 2444
499 9133 338 2435
517 9162 338 2475
509 8915 336 2460
474 8571 331 2421
511 9168 332 2428
506 8839 354 2419
530 9240 352 2457
559 9721 368 2459
520 9551 351 2435
513 9282 352 2450
513 9192 354 2476
600 10520 350 2438
472 8071 338 2437
498 8944 356 2440
515 9044 350 2435
546 9729 358 2460
499 8981 352 2435
520 9325 367 2442
554 9802 374 2491
474 8439 367 2438
510 9079 346 2434
522 9611 351 2439
598 10481 352 2469
533 9705 354 2451
492 8940 352 2420
599 10515 381 2468
503 9092 374 2435
556 10026 395 2489
502 8755 338 2426
476 8541 342 2415
491 8881 331 2462
460 8128 352 2437
508 8834 338 2451
499 8621 362 2434
480 8472 382 2450
540 9519 361 2460
475 8505 338 2425
472 8651 352 2425
496 8683 337 2476
485 8738 338 2432
584 10192 360 2443
514 8977 360 2453
565 9863 357 2464
548 9320 337 2425
498 9080 354 2445
521 9243 352 2438
515 9177 362 2437
588 10299 426 2453
491 8780 368 2458
525 9339 333 2435
474 8527 352 2425
535 9895 366 2464
491 8696 336 2421
511 9107 352 2447
517 9221 367 2450
568 10194 357 2467
486 8844 351 2453
484 8812 351 2428
462 8419 378 2424
475 8486 352 2426
519 9244 323 2443
556 9716 353 2445
471 8430 352 2422
475 8699 351 2434
488 8633 366 2455
510 8722 353 2454
596 10468 381 2453
444 8010 338 2439
542 10123 352 2418
534 9738 355 2437
535 9567 337 2441
477 8787 367 2432
506 9315 353 2457
573 10209 396 2453
482 8616 352 2444
543 9753 338 2440
546 9558 349 2478
541 9351 365 2448
500 9085 337 2429
554 10199 386 2432
523 9277 336 2441
499 8760 373 2455
511 9315 381 2461
551 9631 347 2461
503 9135 353 2446
493 8691 346 2442
526 9441 353 2467
566 10272 357 2440
494 8974 352 2420
454 8198 338 2461
504 9051 336 2412
489 8715 351 2432
589 10748 348 2448
497 8684 362 2425
507 9280 345 2424
530 9339 396 2470
499 9228 373 2436
501 9018 365 2429
595 10954 365 2458
430 7719 352 2435
451 7969 350 2426
488 8880 374 2453
549 9578 353 2455
469 8608 365 2466
506 9245 329 2449
494 8812 355 2455
542 9619 381 2438
462 8098 359 2471
535 9437 342 2462
554 9930 367 2430
560 9835 370 2430
448 8211 353 2421
513 9105 368 2431
487 8979 381 2448
549 9305 367 2445
487 8712 352 2435
541 9475 368 2435
518 9279 368 2442
544 9884 379 2446
539 9719 381 2434
532 9414 352 2449
494 8894 353 2466
508 9153 365 2456
500 8934 352 2439
488 8751 352 2445
541 9633 337 2444
491 8730 397 2450
513 9255 325 2427
485 8673 381 2452
486 8748 362 2441
504 9300 358 2432
502 8978 336 2425
537 9218 362 2434
466 8467 347 2454
482 8485 338 2440
498 8762 353 2430
489 8425 360 2464
558 10047 338 2455
497 8753 359 2484
594 10660 343 2419
495 9030 337 2403
501 8947 360 2448
