62621 1980.57
334 5881 314 2470
340 5796 321 2449
343 5827 307 2468
392 6645 367 2396
343 5808 322 2433
343 5808 328 2430
355 5983 340 2404
343 5830 322 2433
343 5803 321 2440
343 5808 328 2430
349 5847 340 2415
343 5808 328 2430
355 5975 328 2410
348 5838 340 2424
343 5808 328 2430
343 5803 309 2455
348 5834 340 2424
340 5941 315 2440
343 5808 328 2430
340 5804 328 2439
370 6260 318 2421
349 5847 334 2418
349 5858 340 2415
340 5824 328 2442
343 5803 309 2455
343 5808 328 2430
343 5803 309 2455
343 5808 316 2436
349 5861 334 2418
340 5870 334 2418
348 5905 328 2412
340 5799 309 2455
343 5808 328 2430
348 5834 340 2424
343 5808 322 2433
340 5801 328 2439
348 5881 340 2406
349 5858 340 2415
344 5824 334 2427
340 5801 328 2439
354 5884 328 2412
343 5808 328 2430
348 5899 334 2409
343 5838 334 2427
340 5799 321 2449
349 5873 322 2421
348 5899 340 2406
340 5810 308 2465
349 5849 320 2427
337 5899 308 2467
343 5811 316 2436
349 5849 320 2427
348 5834 340 2424
340 5816 315 2455
343 5808 322 2433
343 5803 314 2446
349 5852 322 2424
345 5822 334 2427
349 5854 340 2415
340 5884 322 2430
348 5881 340 2406
345 5822 334 2427
341 5857 316 2433
340 5796 309 2455
343 5808 316 2436
345 5819 334 2427
348 5881 340 2406
343 5938 326 2415
340 5804 328 2439
343 5803 315 2443
349 5847 334 2418
340 5801 328 2439
354 5884 326 2415
348 5838 340 2424
340 5799 309 2455
343 5833 316 2436
361 5987 328 2410
343 5808 328 2430
349 5847 340 2415
340 5819 315 2464
343 5827 307 2468
348 5841 340 2424
352 5906 346 2403
340 5915 328 2418
348 5915 315 2439
343 5820 334 2427
349 5849 322 2424
343 5808 316 2436
343 5808 328 2430
340 5804 328 2439
348 5881 340 2406
349 5873 318 2424
345 5822 334 2427
343 5808 328 2430
340 5929 312 2443
340 5796 315 2452
349 5847 340 2415
343 5917 328 2412
340 5801 328 2439
340 5796 309 2455
348 5881 334 2409
343 5808 328 2430
349 5847 340 2415
342 5831 322 2442
340 5804 328 2439
348 5834 340 2424
354 5884 328 2412
340 5796 315 2452
349 5847 328 2421
343 5808 328 2430
343 5820 334 2427
343 5803 309 2455
345 5828 334 2427
343 5821 334 2427
341 5860 312 2443
343 5808 328 2430
343 5810 315 2443
343 5808 328 2430
349 5922 322 2420
340 5816 334 2436
352 5914 346 2403
349 5854 340 2415
343 5808 328 2430
340 5801 328 2439
340 5799 309 2455
340 5799 321 2449
348 5881 334 2409
335 5881 308 2470
343 5808 328 2430
343 5808 328 2430
349 5847 340 2415
340 5801 328 2439
349 5847 340 2415
343 5935 334 2409
340 5799 315 2452
346 5887 312 2443
349 5847 340 2415
343 5854 334 2418
343 5847 328 2421
343 5808 328 2430
349 5873 318 2424
354 5894 326 2415
348 5881 334 2409
340 5804 328 2439
349 5915 311 2446
349 5847 334 2418
347 5869 322 2421
343 5808 328 2430
345 5819 334 2427
340 5804 328 2439
349 5847 334 2418
343 5803 321 2440
343 5803 309 2455
343 5820 334 2427
349 5858 322 2424
340 5804 328 2439
356 5978 346 2402
343 5854 334 2418
343 5808 322 2433
340 5799 309 2455
343 5883 322 2421
340 5799 309 2455
349 5847 334 2418
343 5808 328 2430
340 5804 328 2439
369 6169 322 2418
348 5881 340 2406
340 5813 334 2436
343 5847 322 2424
340 5929 312 2443
345 5820 315 2443
343 5811 316 2436
349 5847 340 2415
340 5915 328 2418
340 5799 309 2455
340 5799 309 2455
343 5833 316 2436
349 5847 340 2415
348 5834 340 2424
337 5911 314 2449
361 5979 346 2402
349 5847 334 2418
343 5938 326 2415
343 5803 315 2443
343 5808 322 2433
340 5804 328 2439
352 5924 346 2403
343 5808 328 2430
340 5799 309 2455
340 5801 328 2439
349 5847 340 2415
340 5799 309 2455
346 5878 328 2418
343 5917 328 2412
340 5801 322 2442
349 5891 318 2424
348 5834 340 2424
340 5858 320 2427
345 5818 328 2430
340 5796 321 2449
351 5933 318 2423
354 5887 328 2412
348 5881 334 2409
343 5821 328 2430
349 5873 318 2424
343 5808 328 2430
343 5803 309 2455
343 5803 309 2455
345 5822 334 2427
343 5808 328 2430
348 5881 340 2406
343 5820 334 2427
343 5811 316 2436
343 5820 334 2427
343 5808 316 2436
340 5796 321 2449
348 5881 340 2406
349 5847 340 2415
345 5819 334 2427
340 5799 321 2449
355 5904 334 2409
343 5808 328 2430
349 5847 334 2418
340 5799 315 2452
340 5796 315 2452
357 6032 326 2413
352 5908 346 2403
345 5819 334 2427
364 6052 322 2418
344 5824 334 2427
343 5808 316 2436
347 5889 312 2443
343 5820 334 2427
340 5819 315 2464
343 5811 316 2436
343 5808 322 2433
349 5860 322 2424
343 5820 334 2427
343 5854 334 2418
336 5874 314 2455
348 5881 340 2406
348 5834 340 2424
340 5803 308 2465
340 5804 328 2439
343 5803 309 2455
343 5808 328 2430
349 5847 334 2418
340 5804 316 2445
343 5808 328 2430
340 5799 309 2455
345 5828 334 2427
340 5801 328 2439
349 5847 340 2415
344 5824 334 2427
344 5824 334 2427
340 5803 307 2474
349 5847 334 2418
343 5876 322 2421
355 5927 326 2415
343 5808 328 2430
341 5873 312 2446
349 5847 334 2418
348 5937 340 2406
340 5858 322 2424
349 5841 315 2443
345 5828 334 2427
348 5947 316 2432
343 5811 328 2430
343 5808 328 2430
340 5804 328 2439
349 5860 340 2415
340 5901 312 2443
343 5808 328 2430
343 5808 328 2430
340 5808 309 2455
340 5804 328 2439
352 5906 346 2403
349 5847 334 2418
343 5811 316 2436
340 5801 328 2439
355 5968 334 2407
343 5820 334 2427
349 5847 340 2415
343 5808 328 2430
340 5804 328 2439
343 5847 322 2424
349 5847 340 2415
340 5796 321 2449
350 5902 318 2424
343 5833 316 2436
349 5849 322 2424
343 5847 322 2424
345 5822 334 2427
341 5850 322 2430
343 5825 313 2449
343 5803 321 2440
340 5799 309 2455
345 5819 334 2427
349 5903 322 2421
340 5819 321 2461
