114703 3600.02
337 5758 315 2440
344 5683 314 2409
346 5717 307 2408
385 6329 344 2355
344 5704 325 2383
344 5694 319 2389
352 5865 326 2361
346 5706 319 2389
344 5689 314 2399
344 5693 319 2389
348 5726 325 2374
344 5694 319 2389
349 5790 326 2364
348 5718 325 2374
344 5693 319 2389
348 5706 311 2406
348 5718 325 2374
342 5741 314 2392
348 5707 319 2380
344 5692 314 2399
365 6105 315 2373
348 5718 325 2374
350 5747 325 2371
342 5730 314 2402
344 5689 307 2415
344 5704 325 2383
344 5689 307 2415
344 5694 319 2389
355 5739 325 2374
343 5748 325 2383
351 5780 326 2370
344 5689 307 2415
344 5694 319 2389
348 5707 319 2380
344 5694 319 2389
344 5689 314 2399
349 5790 326 2364
350 5747 325 2371
348 5707 319 2380
344 5689 314 2399
349 5790 325 2367
344 5705 325 2383
349 5790 326 2364
344 5711 325 2383
344 5683 314 2409
349 5772 314 2376
349 5790 326 2364
344 5694 314 2399
349 5723 314 2383
342 5725 313 2433
344 5694 314 2392
357 5706 314 2383
348 5718 325 2374
342 5730 314 2402
344 5697 319 2389
344 5694 312 2405
364 5727 319 2380
348 5707 319 2380
355 5740 325 2374
342 5737 319 2389
349 5767 326 2370
357 5706 319 2380
342 5737 314 2392
344 5683 307 2415
344 5694 314 2392
344 5704 325 2383
349 5790 326 2364
348 5838 325 2372
344 5693 319 2389
344 5689 314 2399
348 5718 325 2374
344 5688 314 2399
353 5894 320 2370
348 5718 325 2374
344 5683 307 2415
357 5706 314 2383
349 5795 325 2367
344 5694 319 2389
357 5738 325 2374
344 5706 325 2386
344 5709 307 2408
348 5718 325 2374
349 5790 326 2364
345 5814 325 2381
349 5769 313 2388
348 5707 319 2380
349 5723 319 2380
344 5694 314 2392
344 5704 325 2383
344 5694 319 2389
349 5767 326 2370
348 5812 314 2381
357 5706 319 2380
344 5694 319 2389
342 5748 313 2398
344 5683 314 2409
357 5724 325 2374
349 5767 326 2370
344 5689 314 2399
344 5683 307 2415
350 5754 325 2371
344 5694 319 2389
348 5726 325 2374
344 5714 319 2389
344 5689 314 2399
348 5718 325 2374
349 5767 326 2370
344 5689 314 2409
357 5706 319 2380
344 5694 319 2389
357 5706 319 2380
344 5689 307 2415
348 5707 319 2380
344 5711 325 2383
349 5726 312 2396
344 5697 319 2389
344 5694 314 2392
344 5704 325 2383
349 5783 320 2373
344 5706 325 2386
349 5828 326 2362
350 5747 325 2371
344 5705 325 2383
344 5693 319 2389
344 5683 307 2415
344 5683 314 2409
350 5754 325 2371
338 5746 307 2452
344 5694 319 2389
344 5704 325 2383
357 5724 325 2374
344 5693 319 2389
357 5724 325 2374
348 5798 325 2374
344 5683 307 2415
348 5733 313 2389
348 5733 325 2374
348 5749 325 2371
348 5718 325 2374
344 5694 319 2389
351 5733 314 2383
349 5767 320 2373
350 5747 325 2371
344 5706 325 2386
348 5787 311 2398
348 5718 325 2374
349 5767 320 2373
344 5694 319 2389
344 5704 325 2383
344 5706 325 2386
348 5718 325 2374
344 5689 314 2399
344 5689 307 2415
344 5705 325 2383
348 5719 319 2380
344 5689 314 2399
355 5947 332 2359
348 5725 325 2374
344 5694 319 2389
344 5683 314 2409
349 5779 314 2376
344 5689 307 2415
348 5718 325 2374
344 5705 325 2383
344 5689 314 2399
374 6126 315 2373
349 5790 326 2364
344 5694 319 2389
357 5706 319 2380
342 5737 314 2392
348 5707 314 2393
344 5694 319 2389
357 5724 325 2374
345 5814 325 2381
344 5689 307 2415
344 5686 307 2415
357 5706 314 2383
357 5738 325 2374
348 5707 319 2380
342 5807 324 2407
355 5874 332 2360
348 5718 325 2374
349 5790 324 2374
344 5689 314 2399
344 5694 319 2389
344 5693 319 2389
349 5890 326 2361
344 5711 325 2383
344 5683 307 2415
344 5689 314 2399
348 5725 325 2374
344 5689 314 2409
357 5745 325 2371
348 5785 325 2374
344 5688 314 2399
349 5772 314 2376
348 5718 325 2374
342 5737 319 2389
344 5704 325 2383
344 5683 314 2409
373 5800 314 2376
349 5790 325 2367
350 5747 325 2371
344 5705 325 2383
351 5733 314 2383
344 5694 319 2389
344 5694 312 2405
344 5689 312 2405
357 5706 319 2380
344 5694 319 2389
349 5774 326 2370
348 5707 319 2380
344 5694 319 2389
357 5706 319 2380
344 5694 319 2389
344 5683 307 2415
349 5790 326 2364
357 5724 325 2374
344 5705 325 2383
344 5683 314 2409
349 5790 326 2364
344 5694 319 2389
348 5718 325 2374
344 5694 314 2399
344 5683 314 2409
349 5875 320 2370
349 5790 326 2364
344 5705 325 2383
349 5882 320 2370
344 5711 325 2383
344 5694 319 2389
348 5860 311 2389
348 5707 319 2380
342 5723 316 2428
344 5694 314 2392
344 5697 319 2389
357 5706 319 2380
348 5707 319 2380
348 5725 325 2374
339 5758 326 2435
349 5774 326 2370
348 5718 325 2374
344 5689 307 2415
344 5693 319 2389
344 5689 307 2415
344 5704 325 2383
348 5718 325 2374
344 5694 314 2399
344 5693 319 2389
344 5683 307 2415
348 5707 319 2380
344 5689 314 2399
348 5733 325 2374
348 5707 319 2380
348 5707 319 2380
344 5683 307 2415
348 5718 325 2374
348 5707 319 2380
354 5974 320 2369
344 5706 325 2383
348 5723 311 2399
348 5718 325 2374
349 5828 326 2362
343 5748 325 2383
348 5716 313 2389
348 5707 319 2380
348 5855 314 2380
344 5706 325 2383
344 5704 325 2383
344 5694 314 2399
357 5745 325 2371
345 5754 312 2405
344 5694 319 2389
344 5694 319 2389
344 5689 307 2415
344 5693 319 2389
349 5790 326 2364
348 5718 325 2374
344 5694 319 2389
344 5688 314 2399
349 5790 326 2364
344 5705 325 2383
357 5738 325 2374
344 5706 325 2383
344 5693 319 2389
349 5718 319 2380
357 5724 325 2374
344 5689 314 2409
349 5772 314 2376
344 5717 314 2392
355 5721 319 2380
349 5718 319 2380
348 5707 319 2380
344 5712 325 2386
344 5706 313 2398
344 5693 319 2389
344 5686 307 2415
344 5704 325 2383
349 5821 314 2374
344 5697 319 2389
