45 1.94449
489 8800 452 2716
493 8636 452 2716
638 11400 367 2727
674 12298 481 2562
472 8448 452 2716
476 8534 452 2736
588 10242 448 2614
489 8431 439 2716
473 8512 452 2722
475 8501 452 2726
498 8559 452 2711
502 8443 439 2715
543 9546 391 2650
493 8552 439 2715
469 8324 439 2712
523 8693 452 2719
486 8532 439 2722
512 9173 414 2669
476 8533 452 2716
471 8396 439 2722
570 10060 397 2651
490 8564 452 2711
518 8848 439 2703
499 8577 452 2737
485 8644 439 2726
499 8634 452 2721
497 8687 439 2721
484 8519 452 2725
480 8642 437 2688
505 8897 439 2703
510 9084 397 2642
472 8524 452 2708
472 8448 452 2716
482 8507 452 2711
479 8469 452 2716
475 8466 439 2731
519 9219 391 2659
491 8682 439 2704
496 8577 452 2716
490 8593 452 2716
528 9105 397 2647
500 8575 452 2712
533 9364 391 2664
501 8698 452 2716
486 8530 452 2716
494 8774 439 2706
538 9472 391 2664
500 8629 439 2722
491 8637 452 2716
517 9155 396 2692
489 8552 452 2715
493 8680 439 2721
476 8539 452 2716
492 8783 439 2717
475 8501 452 2726
490 8632 452 2721
490 8651 439 2703
487 8405 439 2703
502 8753 465 2706
485 8560 452 2717
513 8995 391 2664
501 8514 439 2711
523 9487 414 2669
501 8644 452 2716
491 8646 439 2721
479 8523 452 2721
519 9159 391 2659
515 9338 414 2665
494 8639 452 2721
472 8524 452 2708
489 8622 452 2730
477 8462 439 2718
510 9084 397 2642
489 8431 439 2716
500 8438 452 2720
482 8626 452 2720
510 9084 397 2642
502 8591 452 2730
502 8753 465 2706
521 8616 452 2711
536 9368 396 2714
487 8405 439 2703
542 9541 391 2664
497 9220 414 2663
519 9104 396 2697
481 8546 452 2716
535 8640 439 2708
471 8491 452 2713
484 8530 452 2725
496 8678 439 2712
519 9159 391 2659
558 9284 396 2707
471 8396 439 2722
484 8530 452 2725
513 9239 414 2668
490 8499 452 2726
497 8709 465 2702
522 9085 439 2700
489 8553 452 2716
491 8625 452 2721
503 8927 452 2704
478 8503 452 2725
524 8786 439 2721
489 8431 439 2716
497 8569 452 2725
490 8614 452 2721
519 9009 465 2701
500 8629 439 2722
476 8508 452 2727
480 8380 439 2722
484 8470 452 2716
481 8549 452 2725
498 8559 452 2711
489 8622 452 2730
499 8788 438 2708
479 8469 452 2716
498 8564 452 2707
485 8560 452 2717
522 9085 439 2700
491 8670 439 2723
545 9511 449 2639
512 8806 439 2706
483 8369 439 2721
490 8499 452 2726
494 8600 466 2709
488 8601 452 2716
509 8937 465 2702
533 9364 391 2664
478 8561 437 2706
476 8533 452 2716
495 8667 452 2711
482 8447 452 2717
494 8779 465 2701
497 9220 414 2663
489 8629 452 2721
519 9104 396 2697
506 8710 439 2712
505 8763 439 2701
494 8583 452 2729
477 8462 439 2718
494 8797 439 2706
509 8922 465 2702
514 8898 452 2701
493 8636 452 2716
515 9155 396 2714
482 8427 439 2707
498 8829 465 2706
502 8443 439 2715
478 8372 439 2706
485 8628 439 2717
493 8636 452 2716
500 8438 452 2720
498 8564 452 2707
483 8551 452 2721
535 8640 439 2708
490 8514 439 2709
597 11144 429 2589
491 8682 439 2704
502 8591 452 2730
485 8601 452 2718
510 8854 452 2701
471 8491 452 2713
494 8709 465 2720
478 8372 439 2706
483 8478 452 2736
599 10350 408 2603
523 9180 450 2687
488 8452 439 2723
491 8637 452 2716
511 9009 439 2716
482 8626 452 2720
492 8569 452 2736
498 8698 465 2706
491 8706 452 2702
484 8582 452 2716
486 8603 452 2730
484 8662 439 2706
502 8753 465 2706
510 8560 439 2712
484 8670 439 2713
610 10508 422 2600
507 8577 452 2720
515 9338 414 2665
492 8551 466 2714
483 8478 452 2736
475 8466 439 2731
564 10680 429 2595
489 8431 439 2716
482 8447 452 2717
478 8561 437 2706
502 8697 450 2697
488 8452 439 2723
510 8854 452 2701
501 9086 465 2701
485 8601 452 2718
495 8808 439 2716
479 8530 452 2711
484 8670 439 2713
472 8461 452 2716
487 8556 452 2721
517 9155 396 2692
511 9099 397 2645
505 8880 450 2701
499 8577 452 2737
499 8788 438 2708
483 8591 452 2716
496 8651 452 2726
503 8584 439 2721
484 8519 452 2725
484 8552 452 2730
519 9159 391 2659
489 8570 452 2721
492 8551 466 2714
469 8324 439 2712
480 8380 439 2722
500 8612 452 2716
519 9219 391 2659
496 8577 452 2716
478 8372 439 2706
499 8634 452 2721
543 9437 391 2659
480 8484 439 2713
489 8552 452 2715
485 8556 439 2719
500 8612 452 2716
510 9084 397 2642
543 9482 391 2659
521 8616 452 2711
528 9105 397 2647
493 8552 439 2715
472 8461 452 2716
536 9227 396 2714
484 8515 452 2725
483 8682 452 2711
486 8532 452 2720
484 8470 452 2716
482 8427 439 2707
479 8530 452 2711
512 8806 439 2706
485 8556 439 2719
519 9159 391 2659
492 8599 439 2706
490 8514 439 2709
500 8608 452 2706
485 8543 439 2719
483 8551 452 2721
500 8584 452 2696
484 8572 452 2711
490 8593 452 2716
486 8603 452 2730
476 8539 452 2716
487 8566 452 2711
487 8704 465 2701
501 8514 439 2711
502 8635 439 2715
504 8764 437 2706
480 8642 437 2688
506 8710 439 2712
584 10576 420 2609
488 8679 439 2723
524 9007 396 2714
495 8597 452 2726
540 9664 391 2660
485 8628 439 2717
497 8687 439 2721
484 8515 452 2725
535 9341 396 2704
491 8556 452 2717
484 8530 452 2725
481 8633 452 2721
487 8704 465 2701
535 9341 396 2704
484 8540 452 2716
478 8503 452 2725
485 8543 439 2719
487 8566 452 2711
545 9511 449 2639
507 8697 452 2711
500 8575 452 2712
493 8583 452 2730
543 9546 391 2650
478 8372 439 2706
502 8696 450 2702
483 8369 439 2721
487 8556 452 2721
491 8569 452 2716
498 8698 465 2706
470 8397 439 2713
498 8854 439 2716
507 8577 452 2720
494 8671 452 2709
494 8583 452 2729
533 8673 439 2717
488 8679 439 2723
492 8790 439 2718
476 8534 452 2736
486 8654 452 2716
495 8597 452 2726
513 9383 411 2667
498 8669 439 2712
