1382 60.0645
653 11831 453 2581
574 10557 429 2526
643 11984 392 2486
596 10741 368 2553
568 9937 383 2495
645 12042 419 2521
578 10226 387 2433
697 11862 396 2433
624 11276 413 2472
655 12052 439 2593
695 12516 478 2578
823 13685 497 2707
566 10172 378 2481
544 9812 366 2438
613 11311 490 2584
630 11327 402 2468
582 10607 420 2577
633 11207 411 2502
606 11435 350 2415
653 11840 354 2430
513 9064 371 2464
579 10105 333 2478
631 11721 448 2607
564 10044 362 2440
646 11669 444 2493
602 10566 377 2524
727 12679 421 2592
555 9946 393 2495
573 10174 377 2553
539 9735 409 2518
594 10916 402 2462
613 11288 538 2596
610 11220 442 2480
550 9946 361 2395
538 9917 381 2446
668 12669 500 2556
653 11071 419 2577
588 10790 410 2520
653 11631 415 2475
615 11395 404 2459
587 10756 383 2450
699 12637 468 2645
697 12427 409 2567
606 10873 410 2463
664 11805 497 2614
612 10917 486 2548
582 9951 370 2460
573 10680 425 2583
572 10291 399 2517
502 9226 357 2478
630 10873 465 2485
585 10510 420 2517
710 12689 458 2701
662 11466 400 2609
535 9954 401 2503
615 11055 498 2548
639 11179 416 2547
597 10603 358 2553
621 11241 474 2613
602 11188 415 2595
704 12202 381 2527
567 10605 373 2470
626 11079 365 2523
698 12703 417 2612
605 11026 492 2583
547 9691 418 2492
607 10334 387 2522
541 10173 468 2565
596 10664 396 2596
611 10972 391 2501
552 9814 365 2479
582 10076 394 2447
687 11575 475 2527
515 9153 426 2524
602 11063 379 2677
656 11093 481 2638
595 10750 423 2563
580 10614 377 2499
637 11605 367 2528
714 12800 405 2590
648 11374 407 2517
574 10188 427 2563
608 10907 396 2450
551 10394 407 2472
544 10020 409 2472
606 11110 381 2568
605 11059 433 2506
667 10890 428 2521
624 11088 404 2655
625 10915 494 2572
780 13369 468 2589
632 11329 448 2546
621 11746 403 2538
614 11054 457 2551
653 11750 503 2606
739 13214 554 2582
607 10414 397 2494
581 10085 438 2455
635 11556 399 2454
558 9902 402 2385
610 11284 385 2433
600 10817 379 2467
655 11721 432 2586
632 11666 457 2542
541 9957 361 2431
671 11669 477 2578
731 12525 389 2549
583 10314 432 2522
537 9515 361 2433
548 9797 382 2479
563 10305 416 2505
565 10365 360 2444
608 10634 361 2489
635 11193 419 2597
628 11014 440 2616
643 11623 428 2641
623 11452 385 2467
550 9794 417 2474
511 9220 358 2485
571 10399 415 2490
563 10339 353 2400
604 10893 417 2545
656 11459 390 2559
551 9912 391 2468
584 10530 389 2447
630 11851 420 2518
585 10435 456 2566
611 10535 412 2580
661 12038 372 2472
631 11482 409 2521
538 9596 408 2468
671 11563 445 2461
564 10356 375 2516
558 9480 403 2485
596 11049 422 2592
593 10917 486 2583
639 11644 469 2520
595 10914 364 2546
567 10205 425 2546
627 11300 421 2491
710 12519 408 2577
605 10268 493 2603
613 10680 393 2572
589 10455 429 2614
605 11124 446 2485
591 10837 344 2492
628 11025 487 2657
630 11668 445 2522
541 9846 358 2426
697 12282 413 2497
635 11286 408 2492
654 11442 415 2498
583 10615 440 2458
699 12267 400 2483
647 11419 523 2674
625 11390 444 2568
595 11099 386 2467
615 10793 428 2473
553 10398 386 2524
619 10772 412 2543
556 10512 340 2531
600 11060 407 2534
690 12354 441 2537
648 11495 354 2520
638 11329 412 2457
536 9868 374 2492
683 12311 462 2494
641 11349 446 2544
629 11210 410 2639
626 11069 471 2586
597 10365 426 2547
628 11215 445 2617
615 10284 408 2429
683 11880 501 2683
591 10353 381 2465
541 9713 381 2472
617 10787 346 2462
607 10567 397 2465
602 10430 379 2566
607 11412 350 2606
621 11012 458 2535
605 11154 394 2439
721 13383 522 2675
618 11691 380 2644
637 11593 434 2662
574 10301 406 2496
593 10961 374 2480
684 12652 398 2495
549 10036 370 2512
613 10935 391 2474
642 11363 405 2637
606 10958 409 2496
634 11466 514 2567
603 10825 453 2565
553 9853 363 2479
582 10750 349 2484
700 11801 499 2569
650 11725 447 2548
682 11884 374 2476
596 10768 386 2553
636 11626 418 2488
591 10801 447 2509
625 11557 489 2561
667 12054 461 2583
552 9550 382 2536
574 9730 422 2474
551 10151 377 2517
620 11004 398 2551
636 10704 372 2437
622 11336 390 2512
629 10959 438 2517
699 12759 403 2513
676 11426 401 2523
619 11721 457 2571
571 10155 375 2510
598 10540 419 2467
632 10615 404 2501
682 12083 414 2431
757 12339 469 2603
533 9380 409 2568
619 10969 446 2611
649 11660 424 2556
624 11655 409 2486
607 11032 366 2451
526 9228 358 2432
659 11223 430 2486
637 11482 467 2598
656 11594 391 2573
647 11476 416 2601
616 11184 367 2516
676 12075 441 2622
585 10226 363 2510
636 11214 377 2579
557 10346 407 2573
551 9570 393 2585
582 10859 389 2432
622 11089 429 2582
618 10457 415 2513
590 10570 369 2512
707 12847 543 2615
600 10621 383 2461
557 10014 338 2543
690 12359 506 2553
559 9682 422 2479
562 10436 397 2526
590 11015 366 2521
675 11976 455 2554
638 11559 443 2553
532 10016 410 2563
548 9666 416 2480
601 11007 395 2456
604 11097 422 2527
718 13406 442 2625
604 10843 386 2406
573 9835 366 2454
638 11826 371 2505
552 9996 386 2458
633 11532 390 2424
555 10178 389 2516
535 9575 350 2437
628 11436 443 2591
596 10895 371 2556
633 10976 378 2464
647 11047 449 2529
610 10753 364 2465
621 10919 441 2569
666 11726 477 2491
630 11529 358 2549
659 11890 460 2469
719 13420 470 2657
579 10521 356 2432
575 10281 381 2527
704 12529 471 2605
644 11751 493 2587
581 10845 371 2460
650 11616 426 2511
575 10223 377 2492
679 11967 440 2619
639 11755 402 2560
585 10755 439 2528
667 11727 414 2535
681 11570 428 2523
614 11550 359 2572
583 10635 404 2482
633 11230 428 2558
508 9294 348 2439
610 10254 390 2491
497 9023 381 2470
591 10364 382 2493
578 10086 382 2410
593 10655 465 2567
629 11297 387 2429
608 11045 458 2504
562 9757 424 2476
613 10907 368 2533
735 12677 428 2574
575 10036 402 2460
543 10007 372 2445
678 12080 406 2606
599 10589 433 2533
