8614 360.128
373 5959 323 2555
380 5923 323 2554
385 5952 323 2547
490 8661 435 2512
381 5939 327 2537
380 5930 327 2543
392 6080 324 2521
381 5949 324 2534
380 5927 327 2545
380 5930 327 2543
386 5974 324 2527
380 5934 327 2543
392 6070 324 2522
381 5949 324 2534
380 5930 327 2543
381 5938 324 2544
381 5949 324 2534
376 6027 324 2533
381 5949 324 2534
380 5930 327 2543
388 6174 324 2522
381 5963 324 2533
386 5974 324 2526
373 5959 323 2555
380 5923 323 2554
381 5939 327 2537
380 5932 323 2552
380 5930 327 2543
386 5974 324 2527
379 6019 324 2533
386 5984 324 2525
380 5923 323 2554
381 5938 324 2541
381 5949 324 2534
381 5938 324 2541
380 5927 327 2545
386 5990 324 2525
386 5974 324 2526
381 5945 327 2537
380 5927 327 2545
386 5984 324 2525
381 5939 327 2537
386 5984 324 2525
381 5952 324 2534
380 5923 323 2554
386 5974 324 2526
392 6060 324 2524
380 5932 327 2549
381 5949 324 2534
375 5987 324 2549
380 5934 327 2543
382 5963 324 2533
381 5949 324 2534
373 5959 323 2555
380 5934 327 2543
380 5930 327 2543
381 5959 324 2533
381 5949 324 2534
386 5974 324 2526
378 6003 324 2540
386 5990 324 2525
381 5945 327 2537
376 6068 324 2533
380 5923 323 2554
380 5930 327 2543
381 5941 327 2537
386 5990 324 2525
382 6000 332 2529
380 5930 327 2543
380 5927 327 2545
381 5959 324 2533
380 5927 327 2545
392 6070 324 2522
381 5949 324 2534
380 5923 327 2561
381 5945 327 2537
392 6080 324 2521
380 5934 327 2543
386 5974 324 2527
380 5936 327 2549
380 5932 323 2552
381 5959 324 2533
392 6060 324 2524
379 6041 324 2532
386 5974 324 2526
381 5945 327 2537
381 5959 324 2533
380 5930 327 2543
381 5939 327 2537
380 5930 327 2543
386 5984 324 2525
379 6018 324 2532
381 5945 327 2537
380 5930 327 2543
374 6062 324 2533
380 5923 323 2554
386 5974 324 2526
386 5998 324 2525
380 5927 327 2545
380 5923 323 2554
386 5984 324 2525
381 5939 327 2538
386 5974 324 2526
380 5944 327 2543
380 5927 327 2545
381 5959 324 2533
386 5996 324 2525
380 5923 327 2561
381 5959 324 2533
380 5930 327 2543
381 5945 327 2537
380 5923 323 2554
381 5949 324 2534
381 5949 324 2534
381 5949 324 2534
380 5934 327 2543
381 5938 324 2540
381 5939 327 2537
383 6018 332 2529
380 5936 327 2549
392 6080 324 2521
386 5974 324 2526
381 5941 327 2537
380 5930 327 2543
380 5923 323 2558
380 5923 323 2554
386 5984 324 2525
373 5959 323 2555
380 5930 327 2543
381 5939 327 2537
381 5959 324 2533
380 5930 327 2543
386 5974 324 2526
382 6000 332 2529
380 5923 327 2561
381 5959 324 2533
386 5974 324 2526
385 5978 327 2531
381 5959 324 2533
380 5930 327 2543
386 5974 324 2526
386 5984 324 2525
386 5984 324 2525
380 5936 327 2549
386 5974 324 2526
381 5963 324 2533
386 5974 324 2526
381 5938 324 2540
381 5939 327 2537
380 5936 327 2549
381 5959 324 2533
380 5930 327 2543
380 5923 323 2554
381 5941 327 2537
381 5963 324 2533
380 5927 327 2545
402 6410 336 2520
385 5978 327 2531
380 5934 327 2543
380 5923 327 2561
386 5984 324 2525
380 5923 323 2558
381 5959 324 2533
381 5939 327 2537
380 5927 327 2545
392 6090 324 2521
386 5990 324 2525
380 5934 327 2543
381 5959 324 2533
376 6013 324 2533
381 5939 327 2537
381 5938 324 2540
386 5974 324 2527
379 6041 324 2532
380 5923 323 2554
380 5923 323 2554
381 5949 324 2534
386 5974 324 2526
381 5949 324 2534
375 6000 324 2543
396 6165 324 2521
381 5959 324 2533
383 6038 324 2526
380 5927 327 2545
380 5930 327 2543
380 5930 327 2543
392 6080 324 2521
381 5945 327 2537
380 5923 323 2554
380 5927 327 2545
381 5959 324 2533
380 5923 323 2558
386 5974 324 2526
382 5994 332 2529
380 5927 327 2545
386 5974 324 2526
381 5959 324 2533
376 5974 327 2546
381 5939 327 2537
380 5923 327 2561
386 5984 324 2525
386 5984 324 2525
386 5984 324 2525
381 5945 327 2537
381 5963 324 2533
381 5938 324 2540
380 5932 327 2545
380 5927 327 2545
381 5941 327 2537
380 5930 327 2543
386 5984 324 2525
381 5945 327 2537
380 5930 327 2543
381 5941 327 2537
380 5934 327 2543
380 5923 323 2554
386 5990 324 2525
381 5959 324 2533
381 5941 327 2537
380 5923 323 2554
392 6060 324 2524
381 5938 324 2540
381 5959 324 2533
380 5932 327 2549
380 5923 323 2554
392 6061 324 2522
392 6070 324 2522
381 5941 327 2537
392 6070 324 2522
381 5949 324 2534
380 5934 327 2543
379 6029 324 2532
381 5945 327 2537
373 5959 323 2555
381 5938 324 2540
381 5938 324 2541
381 5963 324 2533
381 5945 327 2537
385 5978 327 2531
373 5959 323 2555
386 5984 324 2525
381 5959 324 2533
380 5923 323 2558
380 5930 327 2543
380 5932 323 2552
381 5939 327 2537
381 5959 324 2533
380 5931 327 2545
380 5930 327 2543
380 5923 323 2558
381 5949 324 2534
380 5927 327 2545
386 5974 324 2526
381 5949 324 2534
381 5945 327 2537
380 5923 323 2558
381 5959 324 2533
381 5963 324 2533
385 6221 324 2522
381 5945 327 2538
381 5959 324 2533
381 5959 324 2533
387 6091 324 2523
379 5978 327 2537
381 5945 327 2537
381 5949 324 2534
380 6041 324 2531
381 5941 327 2537
381 5939 327 2537
380 5932 327 2549
386 5974 324 2526
376 6013 324 2533
381 5939 327 2538
381 5939 327 2539
380 5923 323 2554
380 5930 327 2543
392 6061 324 2522
381 5959 324 2533
380 5934 327 2543
380 5927 327 2545
392 6070 324 2522
381 5941 327 2537
386 5974 324 2526
381 5945 327 2537
380 5930 327 2543
381 5949 324 2534
381 5959 324 2533
380 5923 327 2561
386 5984 324 2525
381 5949 324 2534
381 5959 324 2533
381 5959 324 2533
381 5949 324 2534
380 5934 327 2543
380 5934 327 2543
380 5930 327 2543
380 5923 323 2554
381 5941 327 2537
383 6037 324 2526
380 5939 323 2562
