44054 1920.68
391 6965 327 2451
391 7145 327 2440
400 7204 319 2452
390 7304 320 2461
410 7486 320 2432
403 7396 316 2445
404 7281 333 2425
391 7254 323 2446
415 7539 331 2409
413 7485 331 2410
422 7719 328 2410
398 7406 324 2435
436 8043 334 2407
405 7281 323 2437
413 7643 323 2420
424 7825 324 2415
413 7353 326 2424
411 7446 326 2421
403 7355 317 2457
391 7190 324 2457
439 7907 320 2421
406 7349 337 2422
412 7433 335 2417
409 7404 316 2444
440 8136 316 2432
423 7415 320 2435
425 7825 316 2435
420 7625 319 2437
403 7421 323 2434
408 7537 323 2428
407 7413 323 2431
436 8072 320 2421
438 8081 323 2415
445 8115 326 2412
418 7512 323 2426
402 7301 330 2435
406 7252 327 2439
403 7393 331 2432
434 7875 326 2414
411 7585 323 2424
404 7470 331 2428
417 7605 330 2418
407 7365 326 2430
399 7402 340 2434
421 7795 316 2442
452 8171 323 2414
425 7779 316 2438
408 7393 316 2450
406 7487 335 2424
436 7796 316 2435
405 7332 332 2429
415 7586 323 2423
440 8025 319 2433
397 7289 326 2444
400 7387 331 2438
426 7856 315 2498
468 8414 315 2481
456 8521 315 2464
465 8353 344 2402
465 8353 344 2402
426 7856 315 2498
391 6965 327 2451
387 7154 330 2466
525 9716 397 2480
608 11096 343 2504
552 10265 343 2472
545 9791 357 2503
474 8580 350 2502
511 9119 358 2538
548 10017 339 2473
511 9258 363 2511
541 10005 365 2481
577 10490 351 2520
539 9251 364 2513
498 9199 346 2504
540 9825 372 2528
492 9157 370 2522
532 9809 367 2472
494 8856 367 2513
516 9317 359 2521
478 8819 351 2539
548 10061 362 2472
547 9777 343 2494
508 9242 335 2515
567 10391 329 2489
612 10760 374 2529
489 8709 359 2519
473 8643 346 2493
513 9298 351 2449
558 10424 352 2491
529 9337 360 2510
576 10384 372 2455
530 9613 328 2510
557 10086 358 2503
551 9984 361 2491
554 10088 370 2514
478 8493 360 2480
483 8891 344 2477
519 9544 365 2495
577 10607 365 2477
516 9523 344 2528
523 9517 378 2505
544 9693 344 2494
517 9467 359 2521
601 11272 359 2489
550 9516 362 2488
469 8546 348 2490
522 9693 339 2478
512 9451 352 2478
522 9719 339 2494
540 9599 363 2560
503 9194 344 2489
573 10306 378 2489
511 9251 342 2504
539 9879 359 2527
480 8676 359 2478
529 9365 366 2506
543 9951 381 2502
536 9597 361 2522
505 9080 375 2523
597 10961 365 2518
564 10227 336 2487
466 8667 337 2475
552 10188 327 2519
579 10564 364 2501
501 9179 361 2532
509 9329 387 2535
551 10034 380 2536
474 8687 343 2505
491 8923 328 2502
530 9512 346 2519
513 9032 337 2486
494 9066 360 2501
511 9162 332 2514
458 8444 349 2503
546 10272 387 2549
599 11110 372 2508
511 9443 353 2505
496 9075 383 2495
516 9282 373 2514
534 9350 337 2471
519 9492 365 2516
501 8786 338 2520
517 9421 331 2468
494 8774 336 2513
516 9515 387 2523
569 10305 345 2497
497 8879 360 2493
513 9295 360 2507
479 8761 334 2453
499 9306 358 2493
504 8875 360 2513
551 9964 358 2511
517 9427 344 2497
508 9303 329 2509
509 9373 342 2478
546 9830 340 2491
525 9610 346 2484
468 8337 362 2483
509 9072 377 2521
526 9719 371 2528
609 11384 362 2518
560 10100 370 2489
506 9293 338 2490
518 9384 345 2502
495 9009 357 2481
495 8692 351 2515
593 10509 352 2493
519 9522 346 2497
527 9384 359 2508
546 10000 344 2489
527 9503 356 2523
574 10257 352 2492
538 9778 330 2469
484 8398 351 2506
557 10062 361 2525
588 10444 355 2502
528 9510 360 2542
562 10257 404 2517
524 9464 355 2501
498 9161 343 2565
531 9307 335 2530
555 10098 340 2501
588 10742 343 2514
486 8807 347 2499
534 9621 361 2534
558 9866 372 2526
507 9224 373 2480
544 9736 360 2497
455 8145 330 2500
538 9774 360 2499
545 9900 344 2507
570 10651 359 2494
497 9075 335 2475
494 8931 362 2475
502 8966 367 2475
484 8941 353 2525
564 10390 359 2498
567 9987 370 2528
611 10459 346 2487
523 9585 353 2522
513 9440 343 2479
559 10215 363 2482
512 9470 352 2477
508 9319 344 2503
628 11359 347 2493
504 8952 352 2506
511 9258 353 2502
592 11039 365 2507
548 10057 345 2478
559 9647 371 2523
528 9761 356 2496
537 9873 340 2500
520 9226 337 2501
515 9351 331 2474
547 9981 355 2495
525 9530 345 2496
494 9041 339 2513
546 9578 365 2495
510 9119 359 2534
486 8872 336 2508
558 10073 352 2495
509 9623 345 2508
525 9447 346 2485
534 9649 366 2529
544 10194 346 2507
603 10908 338 2499
505 9307 356 2478
507 9037 354 2530
534 9615 348 2506
529 9829 382 2536
562 9858 344 2475
541 10108 351 2475
496 8829 331 2518
571 10253 346 2496
548 10090 360 2483
508 9207 327 2472
486 8845 350 2534
508 9055 343 2494
518 9506 382 2506
535 9818 348 2467
589 10501 365 2525
547 9695 353 2526
538 9549 343 2496
543 9969 358 2527
593 10578 373 2492
513 9336 418 2512
486 8952 399 2492
556 10068 351 2487
573 10702 360 2516
509 9386 370 2525
513 9203 332 2485
536 9784 353 2463
523 9626 339 2485
494 8826 381 2511
462 8494 331 2517
560 10128 360 2521
533 9267 361 2515
500 8910 337 2533
537 9956 346 2492
615 11362 362 2492
571 10456 380 2511
494 8549 339 2479
507 9186 352 2474
536 9757 370 2486
465 8424 362 2535
481 8608 360 2492
566 10193 356 2493
487 9118 363 2476
526 9621 360 2485
465 8526 360 2499
533 9832 368 2508
559 10254 351 2521
551 9941 352 2478
527 9545 364 2530
518 9593 355 2487
522 9692 362 2490
491 8965 344 2505
496 9072 361 2470
481 8885 347 2486
530 9542 346 2521
490 8977 370 2528
540 9943 351 2500
517 9367 341 2487
563 10002 337 2473
595 10721 327 2474
523 9448 354 2512
538 9667 335 2525
549 10068 328 2502
509 9091 367 2523
529 9540 380 2530
531 9797 346 2485
451 8329 359 2484
581 10635 356 2497
501 9304 376 2565
542 9888 356 2504
546 9618 344 2506
482 8817 348 2509
533 9809 357 2503
550 10163 358 2518
