10295 396.758
409 6979 310 2447
429 7412 303 2462
406 7087 307 2463
413 7115 323 2420
478 8353 303 2436
428 6895 320 2475
465 7915 334 2395
414 6956 323 2437
424 7397 323 2415
415 7175 310 2442
409 7303 317 2434
487 8405 314 2412
451 7150 317 2423
425 7258 303 2485
405 7117 316 2442
422 7288 307 2451
443 7716 329 2404
440 7532 314 2423
401 7062 320 2461
419 7224 322 2419
415 7051 307 2459
457 8054 303 2453
431 7503 310 2436
443 7729 323 2408
500 8737 301 2490
477 8381 325 2401
465 7606 317 2417
462 8011 329 2401
459 7807 314 2420
425 7432 331 2412
423 7449 314 2432
443 7441 329 2410
480 8180 304 2439
424 7074 323 2427
487 8414 323 2403
459 8051 320 2413
403 7070 328 2448
452 7800 323 2407
462 8060 310 2428
442 7685 310 2434
427 7373 316 2427
430 7684 316 2423
457 7691 307 2444
480 8191 316 2414
433 6959 315 2468
425 7241 309 2448
466 8147 309 2435
430 7026 322 2435
462 7921 310 2429
451 7982 317 2418
440 7643 317 2421
441 7843 303 2459
448 7674 307 2446
452 7697 303 2459
419 7319 316 2433
406 7026 316 2446
411 7075 316 2442
444 7152 316 2436
534 9134 310 2424
518 9103 337 2393
555 9517 300 2501
428 6895 320 2475
398 6943 319 2471
480 8405 310 2446
515 8726 331 2445
477 7910 333 2479
462 7884 328 2470
574 10396 322 2468
512 8363 328 2452
584 9798 320 2464
520 8709 328 2441
488 8365 336 2449
490 8473 321 2461
509 8637 338 2447
508 8617 343 2468
464 7849 323 2432
472 8060 356 2464
487 7751 328 2450
448 7337 336 2437
474 8067 333 2449
484 8612 327 2461
488 8110 343 2460
531 9253 315 2445
532 9123 356 2467
473 8027 323 2454
465 7895 335 2481
492 8341 338 2466
459 8165 351 2481
477 8263 328 2468
486 8543 310 2456
460 7810 314 2488
540 9156 328 2474
538 8923 321 2455
495 8166 320 2470
488 8483 328 2453
468 8001 320 2448
527 8696 334 2447
506 8416 323 2430
523 9195 341 2466
476 7692 328 2453
490 8392 336 2459
508 8336 327 2461
514 8514 320 2450
469 8388 336 2444
585 9542 328 2444
492 8336 328 2438
477 8061 321 2454
511 8542 320 2475
500 8934 332 2473
470 8099 328 2472
485 8118 334 2441
485 8578 320 2456
469 8127 327 2497
537 8753 322 2466
493 8269 328 2460
469 8052 321 2467
453 7562 315 2452
492 8512 314 2477
483 8416 328 2455
428 7550 321 2461
510 8700 334 2442
529 9420 358 2478
536 8804 344 2468
513 9010 347 2464
582 10014 333 2448
478 8461 335 2461
534 9295 321 2475
492 8189 341 2480
462 7821 319 2461
552 9240 336 2475
528 8639 321 2472
424 7439 323 2453
505 8644 331 2447
514 8807 327 2455
538 9363 344 2470
492 8372 328 2439
515 8907 320 2471
484 8291 321 2470
492 8786 328 2455
470 8395 323 2483
473 8112 359 2470
466 8280 323 2447
506 8367 336 2465
501 8539 332 2473
474 8197 359 2486
522 8815 327 2489
505 8710 320 2458
512 8871 358 2478
525 9116 320 2490
529 9283 329 2467
489 8534 317 2455
465 8119 344 2452
472 7631 357 2461
435 7712 321 2454
443 7340 315 2446
505 8642 343 2447
469 8244 358 2478
494 8712 336 2478
479 8445 331 2459
517 8814 317 2448
543 9328 310 2469
559 9425 349 2457
525 8835 320 2468
482 7962 320 2463
561 9276 321 2466
507 8405 328 2451
513 9137 372 2479
492 8552 314 2470
472 8165 315 2459
461 7762 357 2465
499 8562 336 2457
479 8451 316 2446
488 8790 328 2473
482 8372 315 2467
466 7850 315 2447
462 7922 330 2477
542 9536 321 2456
524 8578 320 2461
492 8499 314 2481
466 7746 327 2444
545 8874 321 2481
520 8849 322 2474
556 8979 328 2440
480 8176 325 2486
491 8317 323 2433
479 8110 323 2449
527 8983 329 2474
480 8252 327 2453
549 9540 323 2452
486 8535 328 2460
472 8094 334 2448
490 8746 323 2480
513 8939 328 2488
531 8639 327 2457
490 8428 315 2444
503 8655 339 2482
511 8255 323 2449
515 8901 321 2477
508 8415 333 2473
582 9482 336 2468
450 7797 328 2439
475 8372 320 2475
519 9003 320 2466
490 8645 354 2462
509 8904 359 2466
486 8599 336 2479
435 7544 315 2452
520 8587 328 2483
516 8925 320 2449
457 7773 334 2467
516 9047 323 2448
554 8923 321 2467
525 8378 334 2445
522 8450 316 2476
488 8297 323 2439
419 7294 333 2482
493 8691 370 2513
538 9122 341 2467
501 8737 320 2450
490 8416 325 2476
535 8887 323 2471
470 8353 327 2489
508 8798 338 2454
509 8656 341 2486
493 8640 340 2491
518 8789 327 2458
463 8208 333 2486
493 8151 341 2447
474 8244 364 2483
470 8326 343 2460
498 8567 323 2444
515 8806 341 2473
496 8783 323 2446
465 7860 341 2472
519 8794 327 2443
532 8656 320 2481
505 9039 316 2438
475 8255 328 2440
527 8987 320 2466
524 8566 315 2479
532 8895 341 2488
518 8924 334 2461
455 7813 328 2458
466 8020 330 2469
495 8282 328 2452
499 8157 323 2455
531 8925 334 2447
459 7900 341 2488
501 8661 329 2463
575 9514 320 2476
485 8428 328 2462
504 8558 317 2444
484 8492 314 2460
468 8081 328 2440
525 8633 330 2470
502 8565 328 2457
525 9274 320 2476
496 8604 328 2445
518 8575 358 2435
528 8805 333 2467
557 9220 316 2454
517 9026 322 2462
504 8385 341 2454
602 9692 338 2479
525 8904 317 2443
525 9137 315 2452
512 8697 346 2470
480 8188 321 2501
502 8204 320 2445
542 9211 346 2481
532 8942 320 2462
476 7903 323 2452
510 8298 315 2458
512 8810 340 2490
495 8603 320 2460
480 8232 320 2453
526 9207 328 2437
459 7888 333 2464
488 8501 328 2465
511 8528 343 2469
503 8616 354 2489
495 8559 343 2455
509 8552 328 2442
487 8466 321 2449
562 9650 350 2449
508 8744 336 2453
461 8218 315 2454
507 8893 358 2459
494 7929 315 2464
504 8460 330 2479
534 8734 316 2455
555 8992 307 2469
491 8446 327 2453
520 9301 333 2496
434 7177 321 2446
464 8064 323 2438
472 7703 315 2473
501 8518 336 2460
479 8157 317 2442
487 8420 320 2458
