45289 1560.55
542 9377 370 2441
508 9355 391 2436
609 10655 383 2514
626 10983 393 2494
557 10005 371 2472
506 8805 322 2394
606 10942 447 2500
597 10070 367 2604
499 8935 338 2425
620 10978 389 2384
524 9346 349 2391
543 9574 412 2385
592 10838 393 2469
651 11593 414 2467
692 12450 444 2439
620 11034 440 2442
601 10698 460 2501
540 9804 379 2411
535 9506 338 2414
505 8978 391 2436
588 10492 384 2482
591 10058 396 2564
674 12137 464 2488
529 9476 355 2436
480 8509 330 2426
530 9306 358 2446
659 12098 511 2599
565 10150 341 2485
610 11123 432 2494
594 10655 370 2426
633 11603 451 2633
558 9997 405 2420
534 10061 370 2365
466 8300 341 2383
549 9506 363 2530
579 10089 369 2456
516 9410 370 2374
737 11929 457 2571
579 10577 336 2363
564 10103 392 2422
515 9045 330 2440
658 11626 437 2714
529 9482 397 2368
581 10576 351 2398
597 10128 388 2545
499 8922 383 2412
560 10096 408 2454
577 10160 350 2375
705 12351 516 2571
464 8268 349 2451
589 10242 432 2460
518 9213 340 2596
649 11708 428 2466
492 8881 330 2440
532 9314 350 2464
473 8622 312 2456
598 10723 408 2532
612 10513 363 2504
656 11929 402 2438
546 9577 381 2432
606 10638 372 2546
642 10963 436 2586
592 10795 353 2318
537 9873 372 2391
540 9725 323 2463
459 8440 322 2348
493 9218 342 2402
591 10478 356 2434
641 11153 369 2499
605 10740 415 2374
560 10197 342 2494
556 9621 343 2482
503 8879 353 2397
592 10728 445 2414
535 9387 369 2447
534 9591 356 2447
530 9293 345 2455
647 11816 551 2694
529 9720 359 2352
598 11026 360 2492
586 10199 369 2501
503 8720 325 2480
558 10101 354 2374
671 11968 381 2564
629 10627 446 2517
625 10898 396 2379
604 11142 403 2441
566 9726 368 2540
631 11608 421 2429
528 9686 351 2428
667 12412 466 2556
679 12420 374 2514
504 8914 359 2346
530 9493 407 2441
566 10584 354 2365
616 10985 376 2595
514 9070 361 2398
579 10593 368 2403
494 8926 341 2409
648 10750 400 2566
557 9869 401 2382
544 10069 396 2471
549 9850 348 2447
545 9762 371 2423
514 9117 385 2497
550 9819 374 2379
531 9403 342 2388
549 9297 352 2407
542 9613 327 2450
667 11858 505 2481
660 12128 459 2537
597 10108 400 2455
494 8337 320 2391
511 9229 332 2366
529 9692 363 2400
493 8743 399 2486
567 10411 383 2446
511 8995 330 2361
562 10437 483 2420
554 10142 415 2387
528 9478 348 2509
552 9840 383 2393
500 8953 326 2455
570 9855 419 2488
563 10200 422 2419
598 11043 444 2484
582 10350 342 2444
580 9978 441 2474
517 9673 408 2440
697 12526 487 2559
538 9494 358 2473
558 9803 407 2453
488 8439 342 2380
641 11309 398 2451
514 9148 354 2349
504 9217 357 2504
643 11022 426 2475
566 10844 423 2395
630 11467 434 2477
532 9653 377 2396
616 10893 401 2387
593 10614 452 2502
558 9903 352 2423
566 10152 366 2555
515 8952 376 2446
527 9230 399 2370
588 10008 442 2542
570 9870 371 2409
548 9782 384 2473
670 12142 400 2427
521 9446 453 2468
547 9751 351 2537
677 11867 387 2542
587 10150 377 2456
462 8422 349 2417
631 11349 473 2536
525 9417 379 2482
732 12433 431 2539
530 9521 354 2410
526 9409 367 2348
588 10440 443 2420
562 9800 442 2449
549 9947 348 2411
523 9442 332 2427
519 9217 378 2511
709 11950 485 2486
629 10819 440 2473
547 9318 399 2459
681 12559 364 2543
653 11469 392 2598
610 9905 381 2468
596 10443 417 2443
532 9273 329 2394
517 9107 371 2577
549 9555 321 2396
496 8697 322 2376
450 7997 330 2389
610 10556 421 2469
631 10691 406 2404
558 10129 378 2445
549 9493 360 2393
512 9114 378 2357
588 10442 380 2349
627 11730 437 2592
523 9286 320 2391
503 9201 361 2417
592 10726 414 2402
690 12018 422 2542
627 11467 383 2568
625 11033 349 2450
555 10142 386 2371
670 12351 382 2457
631 10867 465 2536
557 9971 418 2429
536 9335 386 2488
513 8928 377 2415
573 10182 417 2396
454 8284 349 2330
520 9379 340 2419
540 9454 427 2481
573 10412 428 2418
489 8841 314 2471
533 9602 377 2425
531 9670 385 2433
455 8143 336 2397
640 11134 393 2463
545 9820 426 2607
671 11896 444 2449
545 9385 379 2423
545 9616 433 2470
580 10109 348 2529
653 11396 432 2451
602 10594 412 2454
515 8983 341 2459
542 9716 375 2430
560 10217 392 2394
548 9749 352 2409
518 9181 372 2378
615 10470 442 2472
512 9228 391 2384
449 8154 354 2403
556 9783 333 2407
610 10742 422 2528
562 10206 379 2454
530 9036 356 2426
527 9281 369 2427
622 11442 452 2479
552 9704 391 2425
693 12384 575 2559
614 11265 538 2590
483 8308 338 2455
595 10990 477 2539
519 9383 382 2434
572 9912 327 2508
668 12176 506 2632
585 10148 406 2558
492 8830 350 2344
637 11147 391 2498
566 10075 380 2462
594 10694 419 2406
587 9976 452 2499
616 10681 351 2477
555 10035 444 2475
533 9857 356 2352
530 9203 358 2382
517 9190 359 2374
603 10823 430 2561
616 10809 409 2432
583 10777 434 2397
549 9642 383 2452
506 9506 351 2372
579 10674 414 2530
545 10123 354 2322
560 9634 364 2450
490 8698 342 2381
546 9173 359 2404
560 9709 351 2383
605 10450 413 2490
526 9563 327 2502
524 9299 383 2440
484 8809 343 2373
529 9424 380 2501
717 12009 432 2560
594 10847 358 2376
590 10775 426 2433
556 10143 325 2473
565 10333 410 2435
678 12336 431 2493
552 10078 353 2316
522 9389 340 2467
634 11195 402 2570
622 10402 421 2431
593 10586 425 2620
638 11291 475 2604
546 9478 373 2469
498 8951 348 2389
585 10059 355 2488
517 9013 353 2401
543 9636 362 2384
562 10089 355 2497
579 10280 371 2449
527 9643 378 2358
520 9625 371 2366
630 11092 381 2513
528 9481 395 2496
547 9677 362 2432
624 10761 371 2450
532 9653 368 2407
557 9438 356 2472
492 9026 366 2510
528 9342 354 2444
533 9511 358 2425
561 10031 398 2553
629 11483 442 2473
671 11397 397 2435
585 9988 402 2529
618 10578 340 2482
488 8611 334 2437
513 9337 325 2382
517 8595 356 2451
