13013 3432.58
432 7741 310 2264
391 6769 390 2224
390 6782 390 2224
373 6645 307 2269
364 6620 308 2294
346 5999 323 2250
342 6082 323 2256
432 7741 310 2264
406 7211 310 2265
373 6645 307 2269
406 7211 310 2265
364 6620 308 2294
391 6812 370 2226
390 6908 312 2260
382 6817 319 2253
382 6613 380 2225
376 6525 354 2228
367 6515 313 2257
374 6489 374 2226
380 6622 380 2225
374 6489 374 2226
366 6367 358 2228
364 6277 364 2228
376 6525 354 2228
362 6327 348 2229
362 6254 342 2230
390 6908 312 2260
391 6812 370 2226
350 6192 348 2232
364 6365 364 2227
391 6769 390 2224
356 6166 321 2247
360 6240 315 2255
354 6195 334 2235
358 6304 358 2229
382 6613 380 2225
380 6825 319 2253
362 6409 358 2228
362 6294 339 2234
378 6615 312 2261
352 6220 312 2266
346 6100 331 2243
380 6825 319 2253
362 6261 340 2231
351 6151 323 2246
349 6057 328 2240
345 6067 326 2246
360 6240 315 2255
352 6220 312 2266
349 6149 342 2235
343 6058 320 2253
367 6515 313 2257
350 6091 320 2248
354 6197 348 2230
344 6115 315 2262
359 6085 315 2261
344 6115 315 2262
362 6409 358 2228
353 6303 314 2256
349 6232 326 2244
343 6113 323 2250
364 6365 364 2227
367 6211 332 2238
362 6294 339 2234
346 5999 323 2250
357 6169 331 2239
350 6096 326 2242
343 6143 327 2246
356 6335 332 2238
353 6303 314 2256
350 6091 320 2248
349 6092 327 2241
345 6082 334 2243
342 6095 321 2251
354 6027 334 2238
354 6192 333 2236
346 6145 327 2245
348 6116 333 2240
342 6095 321 2251
358 6304 358 2229
366 6367 358 2228
347 6175 327 2242
349 6052 327 2244
349 6175 334 2236
349 6105 326 2245
346 6064 320 2252
345 6133 320 2252
349 6040 334 2238
350 6126 340 2235
354 6174 340 2232
361 6288 358 2229
390 6782 390 2224
346 6075 334 2242
348 6139 333 2237
356 6335 332 2238
354 6145 340 2233
346 6129 334 2237
350 6210 342 2232
350 6131 340 2234
351 6203 342 2232
354 6057 334 2237
350 6157 340 2233
349 6092 327 2241
346 6086 334 2238
361 6288 358 2229
354 6129 342 2231
350 6116 333 2239
352 6151 342 2232
349 6057 328 2240
380 6622 380 2225
362 6327 348 2229
362 6254 342 2230
357 6251 332 2238
357 6169 331 2239
345 6193 333 2243
351 6113 333 2239
345 6193 333 2243
343 6143 327 2246
367 6211 332 2238
354 6188 331 2239
354 6027 334 2238
349 6040 334 2238
364 6277 364 2228
357 6251 332 2238
354 6116 340 2234
350 6157 340 2233
346 6075 334 2242
351 6203 342 2232
351 6156 334 2236
354 6054 333 2239
349 6070 334 2237
346 6086 334 2238
354 6188 331 2239
350 6126 340 2235
349 6070 334 2237
345 6067 326 2246
354 6129 342 2231
350 6131 340 2234
380 6622 380 2225
380 6622 380 2225
380 6622 380 2225
380 6622 380 2225
380 6622 380 2225
380 6622 380 2225
380 6622 380 2225
380 6622 380 2225
380 6622 380 2225
380 6622 380 2225
374 6489 374 2226
374 6489 374 2226
385 6677 374 2226
381 6717 328 2244
365 6345 326 2248
355 6219 334 2245
362 6276 334 2235
380 6629 358 2228
369 6509 348 2230
366 6457 342 2234
369 6430 342 2233
372 6604 358 2229
378 6350 331 2240
356 6254 333 2239
375 6547 342 2230
385 6605 327 2241
376 6506 333 2237
376 6546 332 2239
373 6579 333 2237
373 6579 342 2230
401 6975 331 2240
388 6828 326 2252
386 6709 374 2226
372 6406 334 2236
363 6513 358 2236
392 6856 348 2232
371 6459 339 2243
395 6827 332 2247
371 6555 364 2232
375 6477 334 2235
382 6815 358 2228
384 6705 374 2231
391 6740 358 2229
374 6628 333 2237
395 6741 342 2231
370 6507 358 2237
383 6672 358 2234
373 6633 333 2240
385 6749 358 2230
388 6726 358 2231
386 6548 358 2232
430 7519 334 2235
427 7087 374 2226
397 6857 326 2252
383 6433 342 2239
372 6620 358 2236
404 6908 342 2234
381 6704 374 2232
395 6936 348 2233
402 6869 358 2229
377 6558 342 2235
392 6929 358 2228
387 6855 333 2237
401 6704 333 2237
374 6581 340 2237
384 6760 358 2234
398 6857 339 2235
399 6811 358 2232
388 6780 374 2229
376 6580 358 2236
388 6599 358 2233
431 7341 339 2236
431 7248 374 2227
421 7382 334 2240
402 7027 326 2253
379 6563 342 2239
374 6602 358 2240
418 7185 334 2241
429 7185 364 2231
375 6673 342 2246
399 6598 342 2235
376 6626 374 2238
388 6843 374 2230
397 6932 358 2232
421 7292 339 2238
390 6750 358 2233
391 6907 340 2238
399 6919 358 2232
384 6679 342 2235
381 6651 340 2239
379 6770 342 2235
390 6787 374 2230
382 6583 358 2235
378 6628 342 2238
421 7262 339 2243
409 7204 374 2230
388 6687 348 2246
386 6670 374 2235
381 6796 374 2237
406 7030 366 2232
416 7093 340 2244
391 6694 350 2241
401 7014 358 2234
381 6811 358 2242
399 6907 342 2235
385 6671 358 2237
399 6839 374 2231
398 6916 342 2235
395 7020 358 2233
385 6744 342 2236
395 6707 348 2244
394 6693 358 2236
385 6712 358 2236
428 7424 374 2230
386 6752 342 2240
385 6750 358 2236
397 7028 374 2233
407 7082 342 2235
412 6860 342 2237
400 7060 358 2234
399 6965 348 2236
389 6784 342 2239
386 6891 342 2237
390 6871 342 2237
400 6982 374 2233
424 7236 342 2235
413 6752 374 2238
412 7271 364 2234
398 7035 374 2233
394 6775 350 2249
391 6962 342 2248
385 6812 374 2238
413 7148 342 2238
389 6957 348 2245
392 6837 342 2240
387 6906 356 2238
391 6799 358 2236
390 6889 348 2237
389 6921 358 2237
424 7392 342 2235
408 7085 374 2235
403 7116 374 2233
403 6829 358 2244
400 6881 342 2241
392 6890 358 2236
415 7151 342 2238
400 6958 350 2237
405 6833 358 2236
418 7177 342 2239
417 7119 380 2233
401 6934 374 2237
392 6985 390 2239
405 7116 374 2234
395 6961 358 2236
425 7066 358 2236
418 7314 342 2248
414 7376 358 2236
400 7026 380 2238
412 7304 358 2240
415 7172 358 2236
429 7187 374 2243
428 7292 374 2238
