153212 960.07
474 8650 382 2355
596 10247 320 2380
567 10352 299 2490
593 10532 318 2394
437 7770 357 2485
444 7610 337 2525
444 7610 337 2525
437 7770 357 2485
441 8020 357 2436
474 8650 382 2355
567 10352 299 2490
538 9335 338 2371
567 10352 299 2490
538 9335 338 2371
444 7610 337 2525
491 8408 306 2418
500 8906 337 2391
468 8151 322 2453
550 10131 353 2360
487 8812 336 2392
500 8906 337 2391
527 9626 347 2377
565 9937 303 2490
441 8020 357 2436
527 9626 347 2377
439 7790 338 2462
440 8149 331 2426
524 9256 319 2404
554 10183 323 2376
538 9335 338 2371
457 8302 314 2502
442 7749 323 2399
489 8728 310 2412
544 9728 307 2410
514 8759 327 2391
441 8020 357 2436
468 8151 322 2453
544 9728 307 2410
514 8759 327 2391
440 8149 331 2426
524 9117 355 2374
567 10352 299 2490
491 8408 306 2418
524 9528 313 2411
565 9937 303 2490
507 9549 335 2382
474 8650 382 2355
489 8728 310 2412
464 8494 307 2416
437 7770 357 2485
538 9335 338 2371
596 10247 320 2380
447 8044 320 2464
440 8149 331 2426
447 8044 320 2464
468 8204 313 2474
457 8302 314 2502
532 9686 354 2362
442 7749 323 2399
505 8823 322 2387
437 7770 357 2485
545 9481 336 2374
532 9686 354 2362
532 9686 354 2362
444 7610 337 2525
527 9626 347 2377
538 9367 330 2378
514 8759 327 2391
565 9937 303 2490
491 8408 306 2418
461 8272 320 2396
505 8823 322 2387
459 8373 322 2459
461 8272 320 2396
524 9528 313 2411
507 9549 335 2382
507 8695 334 2388
554 10183 323 2376
524 9528 313 2411
540 9894 316 2402
549 9827 329 2382
545 9481 336 2374
545 9481 336 2374
527 9626 347 2377
464 8494 307 2416
567 10352 299 2490
540 9894 316 2402
500 8906 337 2391
507 8695 334 2388
507 9549 335 2382
505 8823 322 2387
500 8906 337 2391
553 10213 328 2375
545 9481 336 2374
567 10352 299 2490
505 8823 322 2387
524 9256 319 2404
462 8457 319 2459
472 8658 338 2378
540 9894 316 2402
459 8373 322 2459
437 7770 357 2485
540 9894 316 2402
464 8494 307 2416
545 9481 336 2374
487 8812 336 2392
532 9686 354 2362
527 9626 347 2377
447 8044 320 2464
545 9481 336 2374
447 8044 320 2464
596 10247 320 2380
567 10352 299 2490
567 10352 299 2490
538 9367 330 2378
524 9117 355 2374
459 8373 322 2459
442 7749 323 2399
462 8457 319 2459
505 8823 322 2387
565 9937 303 2490
505 8823 322 2387
472 8658 338 2378
507 9549 335 2382
459 8373 322 2459
505 8823 322 2387
538 9367 330 2378
472 8658 338 2378
545 9481 336 2374
474 8650 382 2355
491 8408 306 2418
565 9937 303 2490
507 9549 335 2382
500 8906 337 2391
441 8020 357 2436
544 9728 307 2410
553 10213 328 2375
538 9367 330 2378
447 8044 320 2464
437 7770 357 2485
540 9894 316 2402
444 7610 337 2525
489 8728 310 2412
540 9894 316 2402
500 8906 337 2391
444 7610 337 2525
440 8149 331 2426
441 8020 357 2436
440 8149 331 2426
505 8823 322 2387
468 8151 322 2453
545 9481 336 2374
441 8020 357 2436
553 10213 328 2375
457 8302 314 2502
527 9626 347 2377
540 9894 316 2402
472 8658 338 2378
447 8044 320 2464
441 8020 357 2436
567 10352 299 2490
457 8302 314 2502
442 7749 323 2399
514 8759 327 2391
507 9549 335 2382
565 9937 303 2490
567 10352 299 2490
514 8759 327 2391
544 9728 307 2410
447 8044 320 2464
487 8812 336 2392
441 8020 357 2436
565 9937 303 2490
459 8373 322 2459
593 10532 318 2394
527 9626 347 2377
527 9626 347 2377
593 10532 318 2394
524 9256 319 2404
553 10213 328 2375
441 8020 357 2436
553 10213 328 2375
567 10352 299 2490
459 8373 322 2459
442 7749 323 2399
567 10352 299 2490
459 8373 322 2459
439 7790 338 2462
507 9549 335 2382
524 9256 319 2404
489 8728 310 2412
474 8650 382 2355
538 9367 330 2378
593 10532 318 2394
447 8044 320 2464
462 8457 319 2459
507 9549 335 2382
593 10532 318 2394
468 8151 322 2453
487 8812 336 2392
444 7610 337 2525
442 7749 323 2399
544 9728 307 2410
540 9894 316 2402
567 10352 299 2490
489 8728 310 2412
507 9549 335 2382
565 9937 303 2490
565 9937 303 2490
565 9937 303 2490
505 8823 322 2387
532 9686 354 2362
447 8044 320 2464
447 8044 320 2464
596 10247 320 2380
567 10352 299 2490
524 9117 355 2374
462 8457 319 2459
505 8823 322 2387
565 9937 303 2490
505 8823 322 2387
565 9937 303 2490
545 9481 336 2374
491 8408 306 2418
474 8650 382 2355
565 9937 303 2490
567 10352 299 2490
500 8906 337 2391
524 9117 355 2374
514 8759 327 2391
489 8728 310 2412
440 8149 331 2426
441 8020 357 2436
524 9528 313 2411
442 7749 323 2399
538 9335 338 2371
532 9686 354 2362
532 9686 354 2362
538 9367 330 2378
514 8759 327 2391
491 8408 306 2418
461 8272 320 2396
459 8373 322 2459
507 9549 335 2382
554 10183 323 2376
440 8149 331 2426
540 9894 316 2402
549 9827 329 2382
489 8728 310 2412
464 8494 307 2416
540 9894 316 2402
553 10213 328 2375
545 9481 336 2374
524 9256 319 2404
472 8658 338 2378
464 8494 307 2416
447 8044 320 2464
553 10213 328 2375
441 8020 357 2436
553 10213 328 2375
514 8759 327 2391
442 7749 323 2399
544 9728 307 2410
442 7749 323 2399
507 9549 335 2382
524 9256 319 2404
474 8650 382 2355
538 9367 330 2378
593 10532 318 2394
507 9549 335 2382
593 10532 318 2394
468 8151 322 2453
444 7610 337 2525
544 9728 307 2410
540 9894 316 2402
567 10352 299 2490
489 8728 310 2412
565 9937 303 2490
565 9937 303 2490
514 8759 327 2391
505 8823 322 2387
468 8151 322 2453
468 8151 322 2453
441 8020 357 2436
553 10213 328 2375
527 9626 347 2377
540 9894 316 2402
441 8020 357 2436
567 10352 299 2490
442 7749 323 2399
565 9937 303 2490
507 9549 335 2382
565 9937 303 2490
567 10352 299 2490
514 8759 327 2391
447 8044 320 2464
487 8812 336 2392
441 8020 357 2436
565 9937 303 2490
459 8373 322 2459
