6325 180.127
382 6406 374 2222
380 6413 374 2222
327 5645 299 2283
327 5525 315 2262
322 5651 299 2274
322 5574 307 2270
370 6207 364 2223
364 6241 354 2224
366 6121 358 2224
360 5982 348 2226
364 6169 358 2224
356 5967 340 2230
353 6072 340 2230
355 6026 346 2226
349 5944 342 2230
348 5874 334 2234
354 6009 348 2225
322 5649 303 2279
344 5781 339 2235
351 5859 346 2230
335 5603 303 2279
338 5673 299 2273
332 5652 314 2255
328 5609 299 2274
339 5710 323 2244
332 5556 310 2260
355 6005 342 2229
341 5736 328 2239
329 5802 302 2272
323 5539 307 2269
332 5621 316 2252
352 5911 342 2230
333 5695 326 2244
326 5595 308 2264
324 5582 312 2258
323 5597 304 2266
351 5934 346 2227
331 5599 320 2251
345 5844 331 2238
340 5712 326 2241
345 5756 340 2234
338 5771 332 2239
331 5638 320 2250
326 5533 309 2263
355 5997 339 2231
336 5813 328 2240
327 5706 322 2253
346 5815 339 2233
351 5899 346 2228
324 5624 303 2271
335 5699 320 2247
348 5816 331 2238
328 5590 307 2265
332 5590 312 2256
334 5624 322 2245
330 5721 316 2252
348 5855 333 2235
340 5846 334 2235
335 5704 327 2241
327 5614 310 2261
325 5581 310 2262
344 5818 339 2233
332 5593 320 2248
347 5885 340 2231
339 5753 334 2237
335 5624 321 2246
323 5570 316 2259
337 5789 327 2240
338 5689 333 2238
333 5574 320 2251
333 5679 328 2242
324 5588 310 2262
326 5675 316 2255
323 5563 304 2267
343 5775 332 2238
333 5684 302 2272
328 5621 321 2252
355 5976 340 2230
334 5676 327 2243
322 5602 304 2267
347 5893 334 2234
340 5730 334 2236
345 5764 327 2240
335 5616 315 2253
322 5615 309 2263
342 5799 332 2238
348 5845 332 2236
351 5935 342 2230
331 5545 316 2255
337 5722 326 2242
351 5865 346 2229
345 5806 340 2232
331 5550 312 2259
327 5561 310 2262
347 5821 331 2238
342 5776 333 2236
327 5636 316 2254
327 5534 307 2266
334 5687 326 2243
347 5867 339 2232
345 5809 332 2237
332 5632 322 2245
348 5834 334 2235
337 5648 328 2242
333 5710 321 2246
331 5811 315 2254
332 5604 315 2254
329 5565 316 2255
337 5673 327 2243
331 5678 322 2246
323 5577 307 2266
328 5689 312 2256
331 5564 315 2258
341 5845 334 2235
339 5816 333 2237
332 5582 312 2257
331 5602 322 2248
329 5675 322 2251
327 5596 315 2257
326 5596 307 2265
334 5666 328 2244
328 5590 322 2256
341 5824 332 2238
341 5749 333 2237
345 5843 334 2235
339 5742 328 2239
340 5763 333 2237
333 5631 322 2245
347 5870 333 2235
340 5765 327 2240
340 5739 328 2239
335 5670 328 2242
334 5643 321 2246
332 5583 320 2252
338 5700 327 2241
337 5683 328 2240
332 5617 315 2253
331 5607 312 2256
331 5567 315 2255
323 5549 309 2263
339 5775 327 2240
337 5667 327 2244
329 5577 312 2258
331 5588 316 2253
328 5644 316 2253
326 5563 312 2259
395 6595 374 2222
393 6685 374 2222
335 5696 299 2275
331 5530 315 2272
328 5718 304 2267
378 6420 346 2227
362 6006 334 2234
358 6148 342 2230
333 5620 307 2270
355 6041 310 2260
341 5802 326 2242
345 5882 340 2233
337 5643 320 2250
329 5574 312 2262
359 6116 334 2236
332 5634 316 2253
361 6127 342 2230
339 5741 323 2244
348 5739 315 2254
351 5982 339 2234
348 5898 331 2238
337 5672 322 2248
351 5977 346 2228
349 5981 340 2231
342 5681 321 2246
351 5946 322 2245
340 5589 315 2258
331 5705 315 2256
352 5953 312 2259
345 5675 310 2265
343 5891 309 2264
350 5965 333 2237
352 6003 309 2263
354 5964 328 2239
342 5795 327 2240
342 5745 327 2243
345 5786 320 2249
343 5789 332 2239
354 5897 334 2238
340 5798 315 2253
387 6547 339 2234
365 6105 348 2229
335 5710 299 2278
332 5738 315 2256
380 6458 340 2232
362 6148 342 2230
346 5719 315 2257
368 6147 334 2235
356 5978 333 2237
337 5737 320 2251
353 6013 322 2245
352 5929 328 2242
336 5770 316 2254
347 5895 331 2240
339 5797 326 2248
350 5843 315 2255
344 5842 333 2240
345 5830 323 2244
340 5760 320 2250
361 6005 340 2234
341 5809 326 2244
368 6126 340 2233
352 5961 331 2238
348 5953 340 2238
347 5775 322 2249
339 5753 328 2245
345 5877 315 2254
345 5831 327 2243
354 5951 342 2234
354 5775 326 2248
354 5990 342 2233
352 5993 340 2235
376 6237 346 2231
371 6321 342 2230
365 6241 348 2232
350 5965 315 2262
350 5736 320 2265
342 5813 328 2245
368 5888 320 2252
345 5927 323 2258
367 6229 339 2237
357 6097 332 2239
347 5846 334 2243
366 6268 342 2233
359 6016 332 2238
376 6164 342 2234
343 5850 320 2263
363 6198 331 2240
355 5973 322 2249
349 5984 331 2244
352 6037 331 2241
373 5958 328 2242
356 6022 346 2241
345 5859 326 2250
373 6233 323 2247
367 6163 326 2244
375 6203 331 2238
343 5813 327 2246
350 5973 321 2250
346 5833 326 2247
351 5970 328 2244
391 6485 342 2232
383 6433 348 2231
375 6508 333 2238
373 6343 364 2232
348 5840 326 2257
345 5967 320 2273
378 6421 358 2233
355 6068 340 2243
372 6027 326 2247
365 6263 334 2238
375 6355 322 2250
364 6188 331 2241
353 6004 322 2252
363 6257 328 2245
358 6084 321 2254
366 6110 334 2239
350 5932 326 2249
350 5878 326 2256
361 6147 331 2243
367 6112 332 2242
360 6093 333 2240
348 5943 326 2251
348 5867 331 2245
348 5866 327 2246
362 6115 331 2242
354 6080 332 2243
400 6897 342 2236
383 6558 374 2231
367 6175 321 2258
366 5966 326 2258
350 6003 326 2258
386 6572 323 2251
384 6505 358 2234
355 6008 323 2252
378 6473 358 2237
380 6438 374 2235
355 6118 339 2245
372 6356 342 2239
375 6431 334 2238
357 6151 332 2245
370 6286 331 2241
367 6286 326 2249
374 6243 327 2251
377 6225 342 2243
382 6233 331 2245
366 6277 331 2245
380 6333 334 2241
374 6398 333 2241
364 6013 326 2252
370 6311 326 2250
388 6644 342 2241
368 6204 328 2252
375 6541 334 2243
