15064 631.996
363 6751 315 2401
380 6660 310 2405
369 6737 307 2411
406 7406 310 2389
371 6907 315 2398
388 6998 315 2393
390 7213 310 2392
370 6692 307 2415
378 6918 315 2396
384 6919 310 2396
418 7306 310 2389
395 7221 307 2398
407 7325 307 2395
376 6901 310 2403
385 7127 307 2401
390 7078 307 2400
367 6724 315 2406
380 7040 310 2400
374 6959 310 2405
402 7157 310 2392
373 6824 309 2409
396 7009 310 2394
420 7431 307 2392
377 6844 307 2410
398 7360 309 2394
386 6857 310 2403
384 6995 307 2406
383 6991 310 2397
368 6696 315 2415
381 6944 309 2406
395 6898 315 2399
388 7016 309 2403
388 7033 307 2404
404 6963 307 2409
370 6536 329 2412
395 7024 307 2404
395 7114 310 2394
405 7301 309 2397
391 7187 310 2395
387 6903 325 2400
396 6943 309 2406
367 6689 325 2431
429 7876 315 2388
387 7168 307 2403
387 6946 310 2400
376 6864 307 2411
386 6845 310 2405
376 7023 310 2405
381 6924 310 2403
400 7096 310 2397
376 6794 310 2411
374 6851 310 2410
384 7008 309 2406
371 6813 313 2412
398 7237 310 2397
377 6887 309 2410
395 7215 310 2399
390 6970 309 2407
382 7000 309 2408
406 7193 315 2393
387 6738 309 2414
380 7044 315 2401
429 7660 309 2400
471 8414 334 2438
412 7486 321 2436
499 9214 315 2408
518 8903 344 2458
445 8129 325 2417
443 7709 352 2418
494 8980 321 2442
412 7513 325 2414
426 7452 321 2429
460 8360 325 2419
490 8848 315 2400
518 9200 353 2420
527 8662 373 2468
456 8274 334 2442
453 8424 338 2422
532 9349 325 2428
477 8397 318 2433
513 9337 341 2423
489 8985 329 2442
524 9277 344 2433
482 8980 352 2430
466 8348 315 2424
487 8970 336 2433
527 9266 336 2451
465 8154 368 2448
495 8759 318 2422
433 7993 329 2416
487 8797 352 2467
453 8066 352 2447
590 10207 325 2432
471 8707 330 2423
460 8111 329 2439
481 8767 315 2419
489 8839 352 2462
442 7981 320 2415
447 8030 331 2418
516 9222 330 2449
432 7709 341 2425
466 8457 334 2443
464 8414 315 2414
472 8612 320 2443
520 9489 341 2432
520 8885 330 2441
458 8094 337 2430
452 8291 329 2443
483 8880 315 2423
445 7956 334 2474
481 8488 357 2433
470 8397 328 2440
479 8810 338 2431
441 7833 352 2435
489 8983 320 2427
423 7781 330 2422
496 8856 346 2435
511 9076 315 2413
427 7229 325 2410
480 8734 334 2430
461 8373 325 2417
505 9008 315 2405
420 7672 325 2416
446 7936 325 2422
473 8728 359 2450
469 8428 353 2449
416 7517 328 2417
487 8511 334 2432
457 8287 330 2413
455 8405 334 2445
442 7949 325 2445
454 8333 341 2424
467 8121 323 2429
481 8906 329 2429
504 9186 329 2430
408 7473 307 2414
471 8455 338 2433
613 10240 329 2440
528 9526 325 2414
506 8899 330 2428
430 7734 330 2437
477 8665 341 2431
450 8307 334 2449
474 8844 325 2424
521 9375 315 2401
506 8584 346 2448
478 8816 330 2446
450 7982 325 2417
475 8720 341 2449
426 7688 323 2418
498 9152 336 2407
520 9097 316 2421
448 8108 318 2428
435 7725 321 2421
497 9000 369 2457
435 7880 335 2455
503 9083 328 2434
478 8739 339 2466
465 8277 322 2446
504 8940 330 2477
476 8594 321 2428
443 7934 333 2433
467 8637 315 2446
448 8283 357 2431
587 10605 325 2413
482 8858 367 2456
474 8320 310 2420
443 7823 330 2436
495 9252 329 2460
501 8744 336 2431
477 8622 329 2430
483 8673 328 2433
459 8301 330 2428
481 8828 321 2433
442 7873 325 2408
532 9586 352 2432
523 9311 344 2472
515 8903 362 2431
483 8694 329 2431
571 10328 350 2458
505 9246 310 2412
430 7723 323 2417
491 9090 324 2450
442 8064 341 2442
473 8675 309 2416
443 8015 329 2417
456 8297 329 2434
454 8354 352 2433
459 8421 325 2431
467 8434 336 2419
475 8449 324 2443
485 8635 355 2439
477 8387 341 2421
447 7477 325 2427
480 8790 323 2407
447 7619 318 2428
483 8061 322 2432
465 8451 336 2429
470 8539 345 2450
447 8136 320 2429
487 8503 351 2428
461 8090 325 2439
438 7695 321 2424
485 8815 321 2420
528 9101 309 2432
467 8455 325 2437
515 9480 357 2454
466 8646 325 2418
521 9458 336 2441
467 8473 318 2435
430 7917 330 2425
525 9439 322 2452
463 8000 323 2432
456 8413 315 2429
448 8322 343 2436
510 9202 329 2416
480 8886 344 2439
522 8795 321 2434
453 8375 323 2448
444 7927 330 2435
475 8754 335 2448
444 8185 330 2426
520 9434 325 2419
467 8233 341 2420
517 8914 341 2428
440 7796 325 2415
482 8503 315 2444
521 9239 329 2437
498 9304 330 2437
486 8794 325 2415
455 8254 358 2458
478 8770 323 2406
475 8632 329 2444
460 8354 341 2419
499 9173 325 2413
444 7783 322 2439
451 7915 315 2417
482 8497 344 2449
463 8205 325 2419
504 8901 351 2436
517 9036 329 2413
477 8535 315 2440
433 7956 317 2431
445 7976 325 2423
488 8912 360 2450
493 8838 345 2451
488 8800 341 2443
464 8390 344 2460
502 9218 325 2427
457 8097 325 2415
445 7744 336 2427
509 9077 328 2409
426 7509 315 2422
486 8808 330 2424
502 9020 310 2442
451 7715 330 2435
471 7911 330 2427
455 7857 315 2415
582 9936 341 2432
513 8941 365 2436
440 7721 331 2426
492 8806 315 2411
498 9105 346 2431
491 8365 353 2456
479 8687 315 2424
512 9132 346 2447
473 8211 315 2435
435 7901 325 2436
468 8331 315 2454
485 8641 325 2416
595 10872 315 2443
448 8098 329 2437
420 7669 321 2425
458 8143 329 2416
513 9204 325 2421
446 8223 320 2424
463 8452 339 2422
531 9497 325 2412
489 8824 325 2430
477 8706 352 2434
506 9093 336 2430
484 8547 321 2415
477 8633 336 2439
528 9212 323 2420
469 8600 341 2443
513 8958 352 2431
436 7885 334 2430
467 8465 330 2443
470 8394 317 2446
495 9077 318 2429
516 9210 336 2436
509 8869 330 2436
446 8001 334 2445
473 8643 352 2452
412 7616 321 2416
522 9133 341 2436
416 7609 337 2428
452 8346 315 2424
453 8140 328 2419
492 8888 310 2429
