61501 2761.08
345 5659 326 2498
346 5624 321 2511
346 5694 315 2529
396 6145 365 2451
350 5652 327 2495
350 5632 327 2502
372 5962 353 2461
353 5661 328 2480
350 5632 327 2502
350 5636 327 2502
359 5685 340 2474
363 5645 328 2501
362 5841 340 2467
355 5664 334 2477
350 5638 327 2502
345 5645 321 2510
355 5663 334 2477
348 5714 321 2491
353 5661 328 2480
350 5632 327 2502
381 6073 326 2476
355 5674 334 2477
361 5709 340 2473
350 5660 327 2487
345 5643 321 2514
350 5652 327 2495
345 5645 321 2514
350 5643 327 2502
360 5689 340 2474
350 5726 340 2474
363 5764 340 2471
345 5636 321 2511
363 5645 328 2501
353 5661 328 2480
345 5649 326 2498
346 5630 327 2503
365 5762 346 2469
360 5699 340 2474
350 5660 327 2487
346 5630 327 2503
361 5824 340 2469
350 5654 327 2495
365 5765 346 2468
353 5661 328 2480
346 5628 327 2505
360 5699 328 2479
366 5786 346 2468
346 5630 327 2503
353 5661 328 2480
348 5708 320 2512
350 5643 327 2502
353 5690 328 2480
355 5663 334 2477
346 5639 321 2510
363 5645 328 2501
345 5636 321 2507
355 5674 334 2477
353 5661 328 2480
360 5689 340 2474
350 5687 328 2480
366 5730 346 2471
350 5660 327 2487
350 5708 323 2486
346 5626 321 2511
353 5635 325 2505
350 5654 327 2495
365 5762 346 2469
355 5802 334 2474
350 5632 327 2502
346 5633 325 2506
355 5664 334 2477
346 5628 327 2505
362 5855 328 2472
355 5664 334 2477
346 5627 321 2508
353 5661 321 2490
367 5888 335 2468
350 5643 327 2502
360 5689 340 2474
346 5638 327 2502
346 5688 315 2533
355 5664 334 2477
366 5785 346 2468
350 5904 341 2469
353 5693 321 2490
350 5660 327 2487
358 5677 328 2480
353 5635 325 2505
350 5652 327 2495
350 5638 327 2502
367 5746 346 2470
352 5765 323 2483
350 5660 327 2487
363 5645 328 2501
350 5705 321 2500
346 5624 321 2511
359 5683 340 2474
355 5742 346 2471
346 5630 327 2503
346 5624 321 2511
365 5723 346 2471
350 5652 327 2495
359 5685 340 2474
350 5660 327 2487
350 5632 327 2502
355 5664 334 2477
360 5719 340 2472
346 5628 327 2505
355 5664 334 2477
350 5632 327 2502
350 5660 327 2487
345 5645 321 2510
353 5661 328 2480
353 5661 328 2480
353 5661 321 2490
363 5645 328 2501
346 5654 321 2504
350 5652 327 2495
360 5700 334 2476
346 5630 327 2503
365 5862 346 2465
360 5699 340 2474
350 5654 327 2495
350 5632 327 2502
353 5630 321 2510
346 5628 327 2505
361 5722 340 2472
346 5685 315 2533
350 5643 327 2502
350 5652 327 2495
355 5674 334 2477
350 5632 327 2502
360 5689 340 2474
355 5907 347 2466
346 5626 321 2511
353 5699 321 2490
360 5689 340 2474
359 5690 340 2474
355 5664 334 2477
350 5638 327 2502
358 5710 323 2483
360 5707 335 2475
354 5727 346 2471
346 5638 327 2502
352 5755 320 2507
355 5674 334 2477
360 5708 334 2476
345 5649 326 2498
350 5652 327 2495
346 5630 327 2503
355 5674 334 2477
350 5632 327 2502
353 5630 321 2510
350 5654 327 2495
358 5677 328 2480
350 5632 327 2502
366 6085 359 2457
359 5683 340 2474
350 5652 327 2495
346 5625 327 2508
360 5699 328 2479
346 5626 321 2511
355 5674 334 2477
350 5652 327 2495
350 5632 327 2502
378 5969 328 2472
365 5765 346 2468
350 5643 327 2502
353 5675 328 2480
349 5723 323 2486
346 5655 321 2504
345 5649 326 2498
359 5683 340 2474
350 5904 341 2469
353 5630 321 2510
346 5629 321 2508
353 5661 321 2490
360 5689 340 2474
353 5661 328 2480
348 5736 334 2487
375 5922 352 2460
355 5674 334 2477
355 5801 334 2474
350 5632 327 2502
350 5636 327 2502
350 5632 327 2502
363 6062 353 2460
350 5660 327 2487
346 5627 321 2508
346 5630 327 2503
359 5683 340 2474
346 5626 321 2511
361 5709 340 2473
350 5722 340 2474
346 5630 327 2503
360 5704 328 2479
355 5664 334 2477
350 5667 327 2487
350 5652 327 2495
346 5625 327 2508
360 5789 328 2479
363 5768 340 2471
365 5721 346 2471
350 5659 327 2493
358 5690 323 2483
345 5649 326 2498
353 5633 321 2507
346 5629 321 2508
350 5660 327 2487
350 5652 327 2495
365 5751 346 2470
350 5660 327 2487
350 5632 327 2502
350 5659 327 2493
350 5643 327 2502
346 5625 327 2508
365 5765 346 2468
355 5674 334 2477
350 5654 327 2495
346 5628 327 2505
365 5813 346 2468
345 5649 326 2498
355 5664 334 2477
346 5629 321 2508
346 5624 321 2511
362 5854 334 2469
366 5842 347 2467
350 5652 327 2495
365 5887 328 2472
353 5661 328 2480
363 5645 328 2501
358 5759 321 2490
350 5660 327 2487
345 5648 321 2507
345 5649 326 2498
363 5645 328 2501
353 5690 328 2480
350 5660 327 2487
359 5683 340 2474
346 5669 327 2493
366 5758 346 2470
355 5664 334 2477
346 5629 321 2508
350 5636 327 2502
345 5645 321 2510
350 5652 327 2495
355 5674 334 2477
353 5635 325 2505
350 5632 327 2502
346 5626 321 2511
353 5661 328 2480
350 5632 327 2502
360 5689 340 2474
353 5661 328 2480
350 5660 327 2487
345 5667 321 2507
355 5674 334 2477
353 5707 328 2480
365 5912 334 2469
350 5660 327 2487
350 5713 320 2507
355 5664 334 2477
365 5855 346 2465
348 5671 328 2480
353 5661 321 2490
353 5661 328 2480
352 5765 323 2483
350 5659 327 2493
350 5652 327 2495
346 5630 327 2503
361 5709 340 2473
352 5755 320 2507
350 5652 327 2495
345 5649 326 2498
353 5630 321 2510
350 5632 327 2502
362 5846 340 2466
355 5674 334 2477
350 5643 327 2502
346 5630 327 2503
367 5845 347 2467
350 5659 327 2493
360 5689 340 2474
350 5660 327 2487
350 5632 327 2502
353 5661 328 2480
355 5674 334 2477
346 5627 327 2506
360 5704 328 2479
353 5661 321 2490
353 5675 328 2480
353 5661 328 2480
353 5661 328 2480
350 5662 328 2480
353 5661 321 2490
350 5632 327 2502
353 5630 321 2510
350 5654 327 2495
352 5814 328 2474
346 5635 325 2506
