68286 3001.03
399 7501 301 2455
383 6981 315 2440
457 8511 299 2455
414 7039 304 2437
457 7733 316 2411
379 6980 315 2456
382 6949 315 2446
458 8035 320 2410
456 7980 312 2414
397 6932 309 2455
403 7330 310 2427
392 7285 315 2430
389 7116 304 2453
386 7127 307 2451
416 7255 316 2422
429 7877 310 2419
497 8721 325 2408
436 7686 320 2413
396 7237 309 2432
447 7888 302 2429
430 7453 325 2415
411 7080 316 2431
428 7932 305 2423
388 7038 315 2437
414 7428 302 2447
436 7619 305 2424
377 6972 325 2465
419 7376 310 2422
443 7585 316 2416
428 7518 321 2416
414 7354 305 2429
429 7648 302 2432
391 7116 315 2433
403 7364 304 2441
406 7300 302 2459
406 7326 321 2426
431 7798 333 2412
412 7137 316 2429
432 7885 304 2427
391 7117 307 2444
430 7292 304 2431
413 7617 304 2430
399 7292 307 2437
419 7570 312 2421
423 7615 302 2437
474 8357 305 2422
424 7751 316 2419
408 6970 307 2456
431 7197 313 2428
440 7262 312 2422
400 7050 304 2449
430 7609 325 2414
422 7372 321 2421
471 8094 309 2420
392 7176 309 2441
419 7622 327 2420
488 8578 313 2413
389 7193 309 2446
534 9657 338 2404
534 9657 338 2404
457 8511 299 2455
385 6919 341 2466
377 6972 325 2465
484 8856 333 2459
498 8556 325 2487
506 9196 327 2476
575 10298 357 2491
541 9898 365 2524
524 9204 341 2475
551 9351 314 2484
476 8715 327 2439
511 9344 336 2478
511 9397 357 2499
497 8722 355 2493
519 9514 341 2473
490 8976 329 2474
476 8389 332 2477
526 9412 386 2509
497 8715 349 2451
497 8961 340 2489
519 9171 327 2488
530 9588 325 2474
485 8690 358 2510
507 9110 330 2487
527 9099 345 2478
503 8930 357 2497
485 8521 318 2475
513 9331 329 2472
526 9685 340 2498
517 9511 343 2492
558 9420 337 2479
459 7976 350 2498
478 8799 323 2470
507 8824 373 2505
488 8606 327 2458
518 9490 366 2485
502 9114 342 2505
458 8407 338 2510
480 8551 327 2491
517 9519 335 2480
531 9824 332 2473
470 8103 327 2477
450 7627 373 2509
506 8896 337 2480
480 8179 344 2492
549 9460 351 2493
493 8729 359 2503
494 8618 335 2473
556 9908 333 2477
521 9266 318 2481
538 9676 342 2473
516 9470 369 2516
478 8425 336 2468
537 9570 355 2486
506 9348 329 2486
469 8671 340 2500
506 9296 314 2477
530 9747 339 2484
570 10252 366 2490
554 9474 358 2512
488 8848 331 2462
530 9333 327 2472
537 9608 336 2486
492 8557 333 2464
498 9068 348 2480
481 8214 325 2456
478 8918 342 2486
494 8927 398 2497
511 9045 396 2495
506 9037 330 2489
523 9701 358 2510
474 8762 323 2489
509 8911 344 2512
537 9389 353 2472
570 9378 343 2505
479 8782 323 2494
509 9008 343 2482
558 10173 386 2507
505 9079 343 2463
543 9544 331 2475
470 8789 347 2461
477 8497 334 2458
507 8663 353 2470
532 9078 329 2489
467 8674 340 2471
500 9128 337 2490
498 9035 339 2484
471 8562 342 2506
564 10348 329 2493
472 8569 361 2482
474 8501 326 2482
495 8897 336 2477
525 9524 370 2497
462 8710 379 2522
498 8330 325 2479
480 8868 334 2461
467 8519 351 2494
563 10417 355 2471
524 9604 345 2478
466 8433 381 2480
517 9241 330 2486
472 8551 312 2457
555 10009 339 2495
501 8668 313 2439
550 10072 355 2497
594 10904 348 2458
487 8482 323 2475
573 10364 349 2446
514 9246 329 2484
484 8904 327 2456
463 8391 327 2510
556 9583 355 2483
516 9156 357 2513
515 9251 356 2479
545 9781 352 2529
472 8331 342 2480
531 9202 353 2497
506 8903 331 2481
499 9104 331 2445
501 8622 377 2500
479 8540 350 2501
463 8602 351 2458
496 8418 341 2459
460 8493 358 2507
515 9430 325 2462
441 8055 329 2504
504 9082 328 2460
485 8665 343 2465
535 9413 328 2465
455 8161 327 2476
507 9198 358 2487
519 9228 320 2457
527 9241 353 2468
490 9038 343 2461
483 8599 333 2486
472 8528 328 2486
491 9053 342 2510
503 8449 329 2494
513 8723 331 2446
522 9338 325 2458
453 8181 342 2476
465 8455 351 2475
513 8910 341 2495
519 9481 335 2492
545 9526 327 2483
530 9473 323 2489
443 8002 342 2476
489 9061 344 2476
528 8941 334 2471
452 7791 322 2475
489 8950 332 2501
507 9005 358 2483
521 9590 349 2485
498 8887 307 2475
549 10151 373 2511
506 9181 323 2461
412 7283 327 2464
515 9414 331 2473
516 9449 369 2494
535 9490 342 2500
487 8368 351 2487
481 8839 344 2486
455 8176 327 2472
466 8271 340 2478
472 8751 321 2480
505 9189 351 2498
519 9159 332 2469
551 10100 337 2480
584 10919 348 2511
503 9281 320 2470
539 9278 327 2465
548 9805 350 2495
521 9258 331 2463
557 9597 339 2496
502 8794 320 2475
551 9933 342 2460
446 8001 330 2450
484 9012 348 2488
479 8761 342 2492
506 8948 332 2468
522 9045 369 2500
522 9739 341 2499
540 9450 350 2499
531 9771 323 2473
466 8332 348 2471
520 9317 337 2472
449 8001 343 2523
556 10216 333 2488
532 9624 325 2497
470 8566 365 2481
416 7696 312 2459
508 9150 356 2500
512 9323 371 2500
510 8957 333 2468
499 8962 338 2470
531 9852 340 2497
539 9700 368 2493
505 8877 318 2479
518 9308 342 2504
504 9129 350 2507
468 8365 327 2492
469 8289 315 2465
459 8337 321 2467
530 9515 329 2496
458 8295 350 2498
546 9888 371 2488
527 9401 355 2492
506 9146 342 2494
524 9397 356 2457
498 8929 331 2455
477 8539 343 2465
448 7933 339 2451
527 9192 371 2482
545 9841 313 2479
526 9191 334 2486
524 9355 350 2477
536 9188 341 2481
575 10129 371 2479
469 8372 361 2522
487 8835 338 2467
533 9565 337 2502
493 9084 313 2467
560 9558 355 2502
571 9871 335 2468
503 8941 350 2493
462 8452 328 2476
524 9122 326 2471
490 8857 322 2493
482 8407 329 2465
521 8897 341 2480
516 9393 343 2488
597 10223 316 2441
485 8769 353 2477
569 9884 364 2506
496 9151 348 2464
567 9949 350 2497
507 8973 386 2513
498 8796 350 2493
479 8719 320 2472
472 8825 320 2463
