574 3.27015
553 10069 352 2698
576 10648 379 2587
635 11431 371 2594
635 11431 371 2594
604 10820 339 2638
635 11431 371 2594
576 10648 379 2587
614 11083 365 2603
547 10070 374 2624
614 11083 365 2603
554 9975 351 2616
614 11083 365 2603
576 10648 379 2587
554 9764 357 2667
553 10353 346 2680
553 10353 346 2680
554 9764 357 2667
576 10648 379 2587
533 9422 406 2618
635 11431 371 2594
604 10820 339 2638
547 10070 374 2624
554 9764 357 2667
552 9804 357 2696
553 10353 346 2680
604 10820 339 2638
552 9804 357 2696
552 9804 357 2696
604 10820 339 2638
532 9645 360 2676
635 11431 371 2594
533 9422 406 2618
635 11431 371 2594
532 9645 360 2676
532 9645 360 2676
532 9645 360 2676
533 9422 406 2618
537 9393 359 2638
554 9975 351 2616
547 10070 374 2624
552 9804 357 2696
635 11431 371 2594
533 9422 406 2618
554 9764 357 2667
554 9975 351 2616
604 10820 339 2638
532 9645 360 2676
537 9393 359 2638
552 9804 357 2696
553 10353 346 2680
552 9804 357 2696
533 9422 406 2618
533 9422 406 2618
532 9645 360 2676
553 10353 346 2680
635 11431 371 2594
554 9975 351 2616
533 9422 406 2618
554 9975 351 2616
554 9764 357 2667
553 10353 346 2680
533 9422 406 2618
552 9804 357 2696
576 10648 379 2587
552 9804 357 2696
554 9764 357 2667
552 9804 357 2696
533 9422 406 2618
532 9645 360 2676
532 9645 360 2676
576 10648 379 2587
532 9645 360 2676
552 9804 357 2696
547 10070 374 2624
533 9422 406 2618
614 11083 365 2603
552 9804 357 2696
547 10070 374 2624
537 9393 359 2638
552 9804 357 2696
576 10648 379 2587
533 9422 406 2618
576 10648 379 2587
552 9804 357 2696
552 9804 357 2696
533 9422 406 2618
533 9422 406 2618
533 9422 406 2618
554 9764 357 2667
533 9422 406 2618
635 11431 371 2594
553 10353 346 2680
533 9422 406 2618
576 10648 379 2587
554 9764 357 2667
552 9804 357 2696
552 9804 357 2696
614 11083 365 2603
576 10648 379 2587
553 10353 346 2680
635 11431 371 2594
532 9645 360 2676
604 10820 339 2638
554 9764 357 2667
614 11083 365 2603
576 10648 379 2587
532 9645 360 2676
532 9645 360 2676
576 10648 379 2587
552 9804 357 2696
614 11083 365 2603
537 9393 359 2638
635 11431 371 2594
576 10648 379 2587
552 9804 357 2696
552 9804 357 2696
533 9422 406 2618
635 11431 371 2594
552 9804 357 2696
552 9804 357 2696
554 9764 357 2667
532 9645 360 2676
576 10648 379 2587
552 9804 357 2696
635 11431 371 2594
635 11431 371 2594
554 9764 357 2667
533 9422 406 2618
552 9804 357 2696
552 9804 357 2696
635 11431 371 2594
554 9764 357 2667
532 9645 360 2676
533 9422 406 2618
553 10353 346 2680
635 11431 371 2594
576 10648 379 2587
552 9804 357 2696
552 9804 357 2696
635 11431 371 2594
554 9764 357 2667
552 9804 357 2696
533 9422 406 2618
552 9804 357 2696
554 9764 357 2667
553 10353 346 2680
552 9804 357 2696
533 9422 406 2618
553 10353 346 2680
576 10648 379 2587
554 9764 357 2667
533 9422 406 2618
552 9804 357 2696
635 11431 371 2594
552 9804 357 2696
533 9422 406 2618
533 9422 406 2618
604 10820 339 2638
532 9645 360 2676
537 9393 359 2638
553 10353 346 2680
552 9804 357 2696
533 9422 406 2618
532 9645 360 2676
553 10353 346 2680
635 11431 371 2594
554 9975 351 2616
533 9422 406 2618
554 9975 351 2616
554 9764 357 2667
554 9764 357 2667
552 9804 357 2696
576 10648 379 2587
552 9804 357 2696
554 9764 357 2667
552 9804 357 2696
533 9422 406 2618
532 9645 360 2676
532 9645 360 2676
532 9645 360 2676
552 9804 357 2696
547 10070 374 2624
533 9422 406 2618
552 9804 357 2696
552 9804 357 2696
576 10648 379 2587
614 11083 365 2603
614 11083 365 2603
604 10820 339 2638
614 11083 365 2603
576 10648 379 2587
553 10353 346 2680
553 10353 346 2680
554 9764 357 2667
635 11431 371 2594
604 10820 339 2638
547 10070 374 2624
604 10820 339 2638
552 9804 357 2696
547 10070 374 2624
604 10820 339 2638
532 9645 360 2676
635 11431 371 2594
533 9422 406 2618
635 11431 371 2594
532 9645 360 2676
532 9645 360 2676
533 9422 406 2618
537 9393 359 2638
547 10070 374 2624
552 9804 357 2696
635 11431 371 2594
533 9422 406 2618
554 9764 357 2667
532 9645 360 2676
576 10648 379 2587
552 9804 357 2696
635 11431 371 2594
554 9764 357 2667
552 9804 357 2696
552 9804 357 2696
635 11431 371 2594
554 9764 357 2667
533 9422 406 2618
553 10353 346 2680
635 11431 371 2594
552 9804 357 2696
552 9804 357 2696
554 9764 357 2667
552 9804 357 2696
533 9422 406 2618
552 9804 357 2696
554 9764 357 2667
553 10353 346 2680
552 9804 357 2696
533 9422 406 2618
576 10648 379 2587
554 9764 357 2667
533 9422 406 2618
552 9804 357 2696
635 11431 371 2594
532 9645 360 2676
537 9393 359 2638
552 9804 357 2696
533 9422 406 2618
576 10648 379 2587
533 9422 406 2618
533 9422 406 2618
554 9764 357 2667
533 9422 406 2618
553 10353 346 2680
533 9422 406 2618
554 9764 357 2667
552 9804 357 2696
576 10648 379 2587
553 10353 346 2680
635 11431 371 2594
552 9804 357 2696
604 10820 339 2638
554 9764 357 2667
614 11083 365 2603
576 10648 379 2587
532 9645 360 2676
614 11083 365 2603
537 9393 359 2638
635 11431 371 2594
576 10648 379 2587
552 9804 357 2696
552 9804 357 2696
533 9422 406 2618
635 11431 371 2594
552 9804 357 2696
516 9323 368 2636
576 10648 379 2587
553 10353 346 2680
533 9422 406 2618
635 11431 371 2594
553 10069 352 2698
554 9764 357 2667
552 9804 357 2696
532 9645 360 2676
553 10353 346 2680
554 9764 357 2667
533 9422 406 2618
552 9804 357 2696
533 9422 406 2618
552 9804 357 2696
576 10648 379 2587
532 9645 360 2676
554 9764 357 2667
554 9975 351 2616
553 10353 346 2680
533 9422 406 2618
532 9645 360 2676
533 9422 406 2618
552 9804 357 2696
537 9393 359 2638
576 10648 379 2587
553 10353 346 2680
552 9804 357 2696
