13607 600.254
653 12138 462 2541
549 9913 394 2418
551 9899 464 2549
548 9317 351 2430
514 8920 325 2410
524 9528 404 2376
614 11282 381 2504
517 9412 383 2421
498 9135 371 2434
593 10415 398 2414
492 8809 325 2415
588 10418 399 2508
531 9403 357 2466
589 10446 331 2449
654 11774 413 2499
585 10767 350 2485
537 9535 307 2439
537 9506 324 2441
551 10060 394 2564
509 9351 378 2481
455 8280 340 2460
501 9195 385 2445
493 8890 338 2447
542 9603 344 2434
486 8706 351 2480
530 9048 304 2407
614 10234 379 2477
577 10717 352 2416
471 8518 322 2424
537 9805 375 2469
652 12209 435 2530
570 10247 359 2459
507 9219 369 2454
496 8903 369 2384
545 9988 410 2437
608 10714 409 2466
514 9440 430 2504
623 11748 374 2469
614 10798 341 2462
661 11162 436 2480
544 9803 426 2398
532 9308 347 2438
545 10308 427 2465
549 10081 366 2463
575 10478 406 2451
584 10169 434 2523
580 10175 314 2425
438 7721 341 2365
592 10625 435 2504
556 9957 327 2404
617 10676 426 2523
505 8976 372 2375
632 11457 460 2502
583 9972 329 2467
604 10983 414 2484
690 11725 354 2481
552 9564 361 2435
553 9706 381 2503
556 10470 382 2536
595 10460 430 2616
535 9516 327 2390
529 9307 355 2457
539 9738 359 2433
470 8603 335 2389
561 9410 379 2493
600 10908 409 2444
540 9861 359 2354
652 11738 409 2514
593 10474 333 2453
579 10247 361 2456
443 8299 299 2408
558 10111 435 2553
531 9252 352 2537
571 9939 373 2395
617 10612 339 2473
603 10807 384 2492
538 9747 377 2384
558 10203 401 2490
571 10083 358 2536
652 11313 362 2538
690 12904 415 2612
643 11422 454 2534
612 10492 463 2469
526 9020 352 2390
554 9912 400 2502
599 10453 430 2423
554 10126 377 2453
632 11329 485 2543
544 9834 377 2391
597 10808 419 2501
633 11316 485 2510
547 9552 397 2489
635 10676 404 2457
618 11119 450 2488
593 10594 341 2390
568 10082 428 2512
542 10018 399 2438
563 9883 376 2485
562 10501 431 2487
648 11011 396 2431
585 10134 351 2404
517 9422 330 2489
527 9638 403 2386
562 10099 429 2480
527 9789 417 2453
678 11421 427 2474
550 9537 347 2436
545 9973 394 2481
594 10413 341 2473
567 10623 443 2535
539 10088 355 2455
621 11426 428 2461
549 9559 401 2500
559 10047 416 2383
559 10119 387 2398
662 11995 452 2564
550 9694 342 2482
602 10913 429 2464
514 9399 327 2426
496 8596 407 2428
639 11615 428 2397
596 10226 397 2382
639 11432 390 2428
628 11333 429 2517
547 10182 314 2432
569 10271 436 2473
619 10440 373 2370
509 9570 320 2504
516 9113 365 2430
467 8785 336 2453
625 11014 409 2463
560 9998 395 2564
578 10245 354 2456
604 10375 378 2480
511 8806 374 2345
599 10570 415 2444
721 12764 525 2514
607 10787 387 2622
589 10466 382 2404
649 11304 397 2481
697 12994 412 2509
572 10352 433 2520
589 10527 464 2488
539 9853 299 2414
473 8287 344 2474
705 11528 445 2573
527 9092 329 2438
503 8716 325 2430
751 14156 471 2656
511 9271 331 2398
503 9398 362 2424
583 9927 432 2521
537 9837 338 2448
612 10963 431 2443
566 10083 360 2563
699 12158 424 2468
513 9129 406 2601
513 9412 356 2415
569 10716 405 2519
599 10457 435 2483
572 9917 343 2446
510 8762 353 2357
668 12383 470 2542
716 13274 397 2552
572 10569 363 2502
615 10938 371 2480
565 10109 395 2510
550 10004 395 2443
542 9754 346 2348
526 9574 387 2416
525 9478 420 2455
563 10401 344 2502
612 11389 441 2480
665 11715 419 2501
617 11379 374 2406
532 9662 384 2439
526 9198 357 2427
621 11057 402 2535
573 10190 392 2469
558 9771 352 2445
646 11703 387 2446
533 9244 352 2399
609 11307 367 2464
526 8943 334 2370
565 9956 381 2472
551 9999 407 2481
509 9200 419 2440
598 10405 375 2509
552 9574 387 2482
573 9632 322 2432
499 9130 369 2449
558 10179 377 2514
659 10879 379 2434
587 10176 335 2476
633 11360 340 2444
565 10407 370 2431
580 10200 385 2460
568 10259 350 2496
571 10081 328 2432
547 10145 371 2467
514 9345 352 2537
696 12147 364 2469
552 9543 355 2412
605 10591 381 2460
596 10386 410 2476
478 8402 371 2440
571 10147 371 2551
634 11063 447 2459
588 9896 436 2442
603 10722 426 2517
570 10481 408 2429
538 9763 423 2499
666 12062 413 2575
568 10367 384 2547
608 11129 451 2562
498 8800 335 2435
593 10098 367 2402
492 8824 374 2396
605 10622 430 2608
620 10708 386 2544
494 9053 371 2514
552 9870 343 2383
555 10018 404 2468
484 8920 353 2445
607 10942 414 2452
532 9781 321 2452
585 10369 396 2494
570 9938 374 2450
550 9935 372 2437
639 11853 381 2568
557 10130 419 2523
565 9910 423 2467
544 9695 380 2374
580 10663 385 2479
547 9667 348 2562
676 12382 399 2582
535 9579 400 2537
589 11046 422 2506
534 9828 376 2454
631 11692 536 2572
628 10953 389 2482
541 9703 394 2487
594 10643 336 2494
490 9055 380 2415
593 10069 392 2439
478 8556 337 2383
618 11547 400 2468
677 12267 367 2416
472 8609 338 2390
517 9195 336 2402
555 10154 392 2442
546 9841 384 2453
525 9539 354 2387
567 10019 430 2485
594 10517 406 2419
601 10630 421 2475
491 9191 346 2494
617 10236 337 2552
663 11530 415 2522
546 10128 384 2500
555 9501 327 2420
506 8961 375 2464
533 9957 329 2433
492 8647 381 2386
609 11274 384 2561
542 8873 345 2460
586 10638 363 2527
614 11100 419 2586
518 9524 387 2478
557 9907 373 2414
530 9507 392 2404
536 9586 346 2452
583 10284 414 2481
645 11213 424 2473
471 8960 401 2449
629 10873 375 2494
603 10675 329 2431
593 10858 467 2466
590 10886 409 2495
485 8686 383 2477
632 10908 385 2574
558 9947 357 2510
519 9670 461 2459
583 10167 342 2469
550 9771 402 2492
695 12530 465 2517
611 10794 321 2432
506 8740 371 2386
596 10614 455 2541
551 9798 368 2412
546 9887 405 2454
500 8719 348 2457
526 9431 384 2560
635 10753 406 2413
486 8972 377 2448
565 9626 413 2456
622 10880 478 2597
594 10330 371 2495
556 10347 353 2411
564 9969 395 2488
