6890 60.0333
506 8883 337 2593
473 8669 368 2511
592 10309 375 2447
603 10816 334 2533
522 8546 379 2539
509 9439 386 2490
603 10816 334 2533
582 9725 328 2550
549 9038 355 2526
583 10320 365 2491
526 9122 347 2501
552 10117 379 2464
474 8773 367 2578
473 8669 368 2511
551 9816 349 2493
603 10816 334 2533
486 8590 349 2585
539 8903 345 2551
552 10117 379 2464
592 10309 375 2447
555 9107 356 2508
571 9990 339 2509
497 8856 340 2570
571 9990 339 2509
582 9725 328 2550
552 10117 379 2464
511 8837 357 2560
514 9050 367 2520
566 10290 335 2515
486 8590 349 2585
493 9108 359 2522
549 9038 355 2526
486 8590 349 2585
549 9038 355 2526
566 10290 335 2515
603 10816 334 2533
582 9725 328 2550
507 8663 365 2584
486 8590 349 2585
592 10309 375 2447
497 8856 340 2570
583 10320 365 2491
522 8546 379 2539
486 8590 349 2585
493 9108 359 2522
566 10290 335 2515
592 10309 375 2447
522 8546 379 2539
501 8924 345 2552
501 8924 345 2552
523 9653 357 2500
486 8590 349 2585
523 9653 357 2500
532 9734 334 2551
507 8663 365 2584
506 8883 337 2593
511 9017 362 2522
506 8883 337 2593
526 9122 347 2501
548 8722 348 2588
509 9439 386 2490
493 9108 359 2522
511 8837 357 2560
500 8722 362 2553
522 8546 379 2539
549 9038 355 2526
549 9038 355 2526
500 8722 362 2553
504 9056 363 2499
486 8590 349 2585
506 8965 343 2536
552 10117 379 2464
504 9056 363 2499
546 10038 356 2492
543 9553 342 2532
504 9056 363 2499
500 8722 362 2553
511 9017 362 2522
571 9990 339 2509
505 8988 336 2551
511 9017 362 2522
552 10117 379 2464
571 9990 339 2509
552 10117 379 2464
543 9553 342 2532
571 9990 339 2509
514 9050 367 2520
486 8590 349 2585
582 9725 328 2550
548 8722 348 2588
571 9990 339 2509
543 9553 342 2532
495 8930 357 2582
508 8889 364 2536
495 8930 357 2582
473 8669 368 2511
505 8988 336 2551
511 9017 362 2522
555 9107 356 2508
509 9439 386 2490
555 9107 356 2508
493 9108 359 2522
496 9090 347 2511
473 8669 368 2511
522 8546 379 2539
543 9553 342 2532
493 9108 359 2522
526 9122 347 2501
473 8669 368 2511
508 8889 364 2536
548 8722 348 2588
495 8930 357 2582
552 10117 379 2464
507 8663 365 2584
548 8722 348 2588
514 9050 367 2520
546 10038 356 2492
582 9725 328 2550
571 9990 339 2509
496 9090 347 2511
511 9017 362 2522
495 8930 357 2582
592 10309 375 2447
583 10320 365 2491
497 8856 340 2570
566 10290 335 2515
551 9816 349 2493
583 10320 365 2491
473 8669 368 2511
506 8883 337 2593
508 8889 364 2536
566 10290 335 2515
546 10038 356 2492
473 8669 368 2511
486 8590 349 2585
543 9553 342 2532
505 8988 336 2551
546 10038 356 2492
603 10816 334 2533
507 8663 365 2584
507 8663 365 2584
522 8546 379 2539
497 8856 340 2570
543 9553 342 2532
496 9090 347 2511
583 10320 365 2491
473 8669 368 2511
552 10117 379 2464
592 10309 375 2447
552 10117 379 2464
583 10320 365 2491
509 9439 386 2490
548 8722 348 2588
566 10290 335 2515
582 9725 328 2550
514 9050 367 2520
603 10816 334 2533
603 10816 334 2533
571 9990 339 2509
486 8590 349 2585
511 9017 362 2522
582 9725 328 2550
571 9990 339 2509
571 9990 339 2509
551 9816 349 2493
548 8722 348 2588
504 9056 363 2499
507 8663 365 2584
473 8669 368 2511
508 8889 364 2536
583 10320 365 2491
548 8722 348 2588
582 9725 328 2550
505 8988 336 2551
546 10038 356 2492
526 9122 347 2501
511 9017 362 2522
532 9734 334 2551
509 9439 386 2490
522 8546 379 2539
548 8722 348 2588
603 10816 334 2533
495 8930 357 2582
473 8669 368 2511
592 10309 375 2447
511 9017 362 2522
473 8669 368 2511
583 10320 365 2491
543 9553 342 2532
497 8856 340 2570
571 9990 339 2509
522 8963 381 2507
582 9725 328 2550
555 9107 356 2508
592 10309 375 2447
552 10117 379 2464
532 9734 334 2551
511 9017 362 2522
514 9050 367 2520
552 10117 379 2464
522 8546 379 2539
583 10320 365 2491
583 10320 365 2491
507 8663 365 2584
603 10816 334 2533
473 8669 368 2511
473 8669 368 2511
603 10816 334 2533
495 8930 357 2582
495 8930 357 2582
495 8930 357 2582
505 8988 336 2551
603 10816 334 2533
509 9439 386 2490
555 9107 356 2508
473 8669 368 2511
493 9108 359 2522
526 9122 347 2501
508 8889 364 2536
548 8722 348 2588
571 9990 339 2509
552 10117 379 2464
548 8722 348 2588
514 9050 367 2520
582 9725 328 2550
511 9017 362 2522
566 10290 335 2515
551 9816 349 2493
473 8669 368 2511
506 8883 337 2593
508 8889 364 2536
566 10290 335 2515
592 10309 375 2447
566 10290 335 2515
522 8546 379 2539
523 9653 357 2500
532 9734 334 2551
583 10320 365 2491
511 9017 362 2522
506 8883 337 2593
548 8722 348 2588
493 9108 359 2522
549 9038 355 2526
500 8722 362 2553
473 8669 368 2511
506 8965 343 2536
504 9056 363 2499
546 10038 356 2492
500 8722 362 2553
505 8988 336 2551
511 9017 362 2522
571 9990 339 2509
552 10117 379 2464
486 8590 349 2585
582 9725 328 2550
473 8669 368 2511
583 10320 365 2491
582 9725 328 2550
566 10290 335 2515
546 10038 356 2492
532 9734 334 2551
514 9050 367 2520
548 8722 348 2588
603 10816 334 2533
495 8930 357 2582
473 8669 368 2511
511 9017 362 2522
508 8889 364 2536
583 10320 365 2491
497 8856 340 2570
571 9990 339 2509
582 9725 328 2550
555 9107 356 2508
592 10309 375 2447
507 8663 365 2584
603 10816 334 2533
473 8669 368 2511
473 8669 368 2511
548 8722 348 2588
603 10816 334 2533
507 8663 365 2584
522 8546 379 2539
497 8856 340 2570
543 9553 342 2532
583 10320 365 2491
473 8669 368 2511
592 10309 375 2447
552 10117 379 2464
506 8883 337 2593
509 9439 386 2490
495 8930 357 2582
514 9050 367 2520
603 10816 334 2533
603 10816 334 2533
571 9990 339 2509
571 9990 339 2509
571 9990 339 2509
551 9816 349 2493
548 8722 348 2588
504 9056 363 2499
