4278 180.122
403 6997 334 2427
414 7407 328 2427
418 7476 314 2459
395 6948 318 2456
397 6816 327 2449
409 7124 318 2450
386 6956 336 2439
388 6914 326 2450
388 7021 334 2436
433 7715 334 2421
397 7053 325 2445
392 6830 325 2453
409 7324 334 2425
420 7165 328 2431
414 7513 322 2439
399 7189 327 2438
453 7935 315 2443
391 6976 328 2447
447 7903 322 2433
415 7228 325 2438
437 7400 321 2440
430 7766 322 2436
415 7221 320 2447
408 7346 326 2436
402 7235 317 2462
393 7009 320 2459
402 7075 340 2426
466 7709 315 2444
399 7282 319 2454
466 7898 328 2423
425 7615 334 2424
403 7267 327 2436
400 6954 333 2443
409 7384 328 2432
390 6933 324 2464
401 7269 334 2432
426 7195 315 2469
431 7319 327 2434
442 7505 340 2423
440 7793 333 2424
410 7301 323 2445
442 7825 320 2442
408 7363 314 2470
408 7246 328 2434
412 7226 322 2446
420 7599 320 2446
405 7290 321 2452
437 7980 317 2451
402 7028 333 2440
443 7726 315 2457
436 7693 321 2439
452 7810 315 2453
411 7306 317 2461
401 6943 318 2465
402 7254 336 2429
392 7116 320 2469
441 7724 327 2433
451 7961 315 2452
452 7643 313 2469
476 8305 344 2416
440 7717 307 2467
397 6816 327 2449
384 6959 325 2471
558 10189 388 2564
522 9326 338 2512
543 9014 338 2493
489 8818 332 2473
578 10061 337 2517
541 9262 341 2547
549 9309 367 2486
570 9726 365 2500
506 9047 392 2549
568 10205 382 2491
534 9664 363 2487
597 10840 366 2510
630 10979 375 2486
503 8934 353 2507
539 9049 379 2501
535 9307 354 2483
523 8970 348 2502
520 9186 353 2491
494 9027 345 2506
569 10226 335 2485
543 9276 352 2543
483 8768 345 2507
518 9215 368 2564
593 10200 354 2495
555 9888 344 2529
525 8747 329 2506
496 8298 349 2491
556 9388 369 2550
503 9179 388 2520
525 9460 337 2485
528 9049 350 2555
585 10402 386 2536
517 9170 378 2506
514 9008 335 2512
629 10721 337 2491
568 10211 371 2515
533 9981 359 2506
501 8855 361 2487
541 9382 347 2515
532 9987 359 2553
492 8866 350 2543
577 10268 328 2553
481 8442 357 2525
544 9773 356 2544
478 8297 353 2521
533 9456 363 2518
639 11294 349 2496
537 9647 344 2524
500 8916 352 2530
544 9559 358 2524
507 8761 352 2512
530 9124 358 2464
586 9874 376 2531
464 7956 352 2511
545 9184 364 2525
585 9890 371 2489
540 9557 349 2496
583 9956 356 2511
571 10149 365 2545
519 9065 359 2493
492 8446 381 2505
460 8427 353 2491
532 9572 358 2497
515 9456 357 2547
512 9077 376 2519
521 9119 357 2491
472 8125 374 2546
494 8900 336 2482
526 9684 352 2493
601 11101 336 2495
516 8970 316 2549
488 8640 346 2517
534 9503 364 2494
598 10697 353 2526
532 9364 351 2492
565 9931 365 2528
515 8867 344 2507
529 9340 383 2503
551 9579 352 2507
613 10590 350 2494
513 9088 358 2516
502 9080 350 2499
517 8956 351 2521
566 9838 369 2543
483 8323 334 2538
514 9304 364 2529
601 10127 348 2474
500 8700 365 2485
547 9252 393 2496
510 8681 338 2528
507 8614 339 2503
528 8982 350 2505
426 7425 333 2491
521 9234 344 2490
540 9707 346 2518
544 9709 360 2498
607 10453 339 2542
503 8956 399 2508
583 10246 382 2532
496 8656 344 2476
515 8811 353 2526
495 8425 373 2517
535 9120 339 2494
485 8675 382 2545
532 9256 372 2548
518 9069 336 2517
545 9173 423 2544
540 9833 373 2533
540 9414 346 2505
570 9975 374 2496
467 8158 339 2502
528 8894 365 2483
525 9651 331 2494
548 9825 352 2540
550 9268 370 2527
596 10411 350 2500
563 9504 363 2524
528 8954 365 2508
521 8791 338 2516
541 9688 335 2536
481 8763 340 2491
522 9190 352 2533
527 9166 373 2530
573 10058 351 2487
541 9192 377 2501
587 10736 346 2520
467 8079 350 2543
533 9033 367 2538
527 9033 330 2525
500 8826 330 2533
564 9999 365 2500
537 9707 379 2509
512 9135 348 2503
488 8360 344 2467
500 8812 358 2524
523 9131 352 2512
536 9443 380 2542
529 9392 384 2496
498 8760 367 2526
518 8838 369 2500
510 8925 365 2487
552 9536 368 2508
538 9100 359 2500
475 8653 369 2523
495 9102 361 2501
492 8630 369 2468
525 8941 344 2507
471 8234 346 2497
585 10782 383 2538
517 9186 334 2454
551 9826 374 2557
557 10125 383 2501
506 8679 360 2492
569 10176 361 2513
524 9227 361 2508
544 9711 393 2571
507 8825 333 2503
489 8321 346 2505
590 10320 331 2495
491 9136 352 2539
530 9022 349 2495
478 8633 365 2485
557 9530 346 2512
531 8930 343 2525
471 8591 356 2503
522 9245 380 2518
488 8742 330 2534
606 10086 345 2496
528 9543 356 2492
463 7974 339 2506
548 9491 350 2491
477 8426 353 2551
528 9238 365 2531
476 8293 382 2506
544 9133 353 2508
462 8316 344 2517
565 10040 406 2543
464 8041 362 2497
487 8687 337 2520
552 10042 406 2526
490 8845 366 2529
534 9326 361 2541
485 8327 345 2494
553 10195 352 2532
560 9613 388 2552
556 9587 359 2512
491 8358 348 2484
509 8775 366 2512
587 10867 342 2534
619 10415 344 2470
507 9289 364 2544
593 10157 346 2487
540 9196 372 2504
530 9106 340 2536
495 8702 376 2531
467 8228 358 2489
621 10390 375 2496
514 9027 360 2482
506 8743 351 2508
505 8729 371 2506
545 9633 371 2553
553 9944 399 2498
504 9008 358 2529
541 9682 344 2494
514 9273 352 2495
563 9621 377 2509
494 8553 339 2452
509 9224 344 2491
503 8818 368 2539
594 10246 336 2476
549 9319 387 2505
497 8653 382 2522
520 9161 361 2506
508 8706 371 2516
611 10508 361 2491
474 8674 374 2530
459 8418 335 2515
501 9067 377 2546
515 8966 359 2511
557 9512 333 2485
612 10720 344 2544
525 9088 367 2517
530 9285 355 2524
562 9479 358 2493
545 9147 371 2521
511 8689 343 2491
542 9373 374 2528
595 10201 355 2508
531 9347 337 2506
505 8492 360 2518
506 8681 365 2499
497 8886 349 2510
489 8667 359 2472
461 8115 332 2527
507 9176 379 2517
530 9025 324 2518
455 7937 375 2542
