17708 780.382
504 9179 341 2343
461 8284 346 2335
553 9876 398 2408
528 9248 410 2372
544 9704 340 2401
687 12604 513 2637
566 9560 311 2382
546 9899 337 2394
620 10867 341 2337
644 10556 345 2496
548 9807 337 2401
546 9686 357 2483
526 9420 401 2372
514 8927 349 2373
630 11382 497 2453
581 9942 394 2455
622 11352 448 2513
528 9161 326 2348
494 8784 325 2435
557 10056 462 2430
579 10605 406 2379
563 10013 389 2386
526 9474 361 2340
507 9368 379 2346
677 12449 415 2436
549 9806 361 2386
545 9110 358 2427
552 10046 373 2430
544 9755 391 2422
539 9461 349 2329
567 10100 365 2402
690 11733 485 2415
507 9084 350 2524
583 10893 409 2504
660 11894 351 2363
537 9513 341 2385
506 8999 344 2443
563 10034 424 2497
484 8327 371 2390
541 9842 331 2441
636 10987 390 2436
575 10210 386 2413
503 9235 429 2366
591 10585 409 2482
542 9918 408 2354
567 10314 467 2616
612 11392 496 2477
598 10151 403 2354
543 9552 327 2378
564 10319 445 2418
537 9263 336 2321
496 9097 372 2331
598 10978 442 2381
564 10204 373 2362
651 11790 506 2590
531 9548 403 2398
462 8320 337 2350
524 9417 316 2405
494 8840 367 2322
644 11119 383 2487
597 10424 496 2455
605 10310 387 2349
562 10405 358 2374
596 10472 354 2431
482 8662 333 2361
541 9738 346 2420
479 8627 334 2358
597 9741 337 2414
518 9249 369 2387
510 9426 368 2403
538 10064 374 2351
525 9459 317 2396
554 9832 313 2402
518 9153 357 2459
584 10758 394 2410
657 11015 344 2488
473 8226 337 2332
549 9194 340 2430
563 10086 445 2497
557 10061 376 2332
543 9949 486 2552
568 10415 431 2507
532 9600 355 2398
504 8977 338 2392
498 8848 361 2304
507 8979 364 2319
535 9918 321 2336
571 10566 386 2478
632 11469 405 2513
524 9636 399 2375
529 9247 388 2467
563 10062 363 2404
570 10093 386 2457
528 9158 357 2434
654 11615 462 2541
539 9726 392 2417
476 8550 303 2331
646 11432 349 2408
475 8573 320 2381
446 8051 351 2389
449 8098 327 2359
629 11396 414 2576
533 8891 343 2410
595 10743 511 2448
532 9395 318 2395
566 9986 391 2393
599 11124 371 2409
513 9221 397 2355
541 9902 358 2459
581 10012 458 2450
539 9799 322 2389
505 9249 350 2372
588 9968 396 2490
505 8758 353 2444
457 8136 332 2323
617 10978 391 2467
583 10194 411 2415
573 9988 372 2432
601 10610 355 2344
598 11093 437 2352
527 9136 344 2461
602 11017 502 2439
498 9076 399 2435
553 10362 360 2322
537 9039 402 2437
518 9045 337 2405
497 8735 335 2332
643 11714 435 2385
547 9905 404 2381
496 8896 329 2381
612 10426 376 2413
465 8477 336 2340
507 9328 354 2360
599 10237 369 2406
524 9116 365 2341
531 9589 350 2433
596 11073 420 2571
567 10317 395 2393
496 9031 343 2359
534 9274 379 2403
590 10653 351 2366
547 9844 434 2386
653 11978 454 2492
579 10279 356 2539
584 10007 465 2426
606 11077 444 2389
500 8846 352 2431
562 10424 346 2359
610 10209 402 2522
491 9070 345 2369
509 9351 352 2317
501 9231 357 2429
578 10186 412 2481
559 10025 364 2362
498 9044 340 2390
479 8481 312 2360
670 11900 365 2457
495 8544 327 2400
476 8653 334 2343
478 8703 327 2432
617 10964 382 2398
486 8898 339 2312
495 9135 388 2422
695 12209 342 2444
597 11001 365 2340
592 10007 401 2445
599 10997 476 2401
485 8493 365 2407
514 9203 323 2392
520 9263 319 2391
558 10146 346 2458
541 9736 354 2366
586 10419 480 2420
664 11754 368 2520
581 10124 418 2360
626 11096 388 2441
614 10821 397 2439
596 10685 348 2407
534 9513 318 2441
524 9455 365 2388
574 9970 405 2507
437 7906 315 2340
635 11428 374 2436
649 12036 440 2444
583 10611 363 2381
476 8950 372 2326
583 10379 441 2387
549 10186 359 2379
489 8623 330 2392
526 9593 328 2357
549 10001 372 2366
578 9939 351 2420
577 10052 359 2395
568 10094 352 2381
560 9858 421 2446
515 9581 402 2440
558 9772 410 2427
494 9162 367 2410
572 10347 442 2423
564 10025 425 2489
626 10930 369 2505
525 9535 322 2407
598 10597 406 2431
505 8620 344 2433
577 10277 396 2512
562 9801 388 2448
532 9149 328 2391
538 9939 390 2375
507 9053 357 2391
593 10603 328 2374
574 10656 450 2384
650 10884 384 2404
588 10637 400 2409
534 9421 338 2375
547 10155 424 2544
542 9853 365 2398
486 8507 368 2370
513 9198 360 2312
642 11819 448 2459
600 10869 473 2445
574 10301 512 2507
555 9976 387 2340
592 9838 392 2451
478 8460 366 2381
543 9790 344 2346
526 9351 349 2318
601 10855 357 2461
691 11919 432 2516
514 9551 428 2376
661 12029 483 2467
620 11245 508 2435
595 11016 446 2582
536 9713 383 2393
510 9240 344 2473
538 9522 364 2423
579 10237 410 2367
563 10450 347 2390
507 8777 335 2339
635 11693 386 2499
576 10199 444 2431
595 10932 454 2438
604 10952 428 2557
549 10319 436 2488
587 10300 335 2427
589 10954 438 2511
725 13132 433 2519
563 10053 374 2399
513 8656 352 2404
581 10749 431 2508
528 9123 325 2441
570 10205 408 2527
582 10738 367 2450
632 11422 463 2386
538 9885 365 2371
558 10259 429 2390
573 10335 340 2425
539 9586 383 2431
572 10236 453 2464
551 10295 405 2376
537 9624 342 2350
598 10994 488 2497
555 10088 348 2423
544 9822 411 2520
544 9943 374 2333
574 10476 353 2388
604 10692 338 2452
551 9584 423 2475
473 8233 328 2296
525 9699 361 2433
642 11622 363 2414
661 11812 454 2492
715 12652 408 2514
672 12298 489 2465
621 10856 357 2450
454 8210 354 2451
624 11645 467 2424
632 11640 331 2410
606 10744 359 2366
620 11388 410 2460
560 10378 373 2416
552 9628 384 2379
595 10466 475 2427
557 9839 395 2485
539 9633 420 2412
548 9830 434 2418
577 10275 357 2512
567 10034 344 2415
522 9392 374 2370
528 9062 350 2447
613 11350 432 2502
540 9359 370 2400
583 10611 378 2490
614 10684 446 2421
558 9633 379 2508
609 10700 466 2408
627 11446 371 2485
574 10182 397 2389
603 11250 478 2574
625 11078 431 2462
543 9837 380 2441
