18268 780.266
398 7236 328 2450
398 7336 338 2427
427 7821 315 2457
405 7416 316 2472
424 7825 324 2415
404 7411 337 2420
401 7368 324 2444
410 7592 316 2454
425 7832 334 2412
411 7452 318 2450
400 7387 331 2438
396 7415 324 2474
401 7352 323 2452
404 7275 322 2475
420 7470 324 2431
393 7439 335 2458
429 7777 316 2442
424 7682 326 2420
407 7580 318 2452
415 7591 324 2428
396 7414 331 2448
406 7487 335 2424
442 8163 316 2432
410 7178 336 2473
394 7282 334 2459
434 7875 326 2414
412 7644 328 2426
417 7583 336 2419
439 8075 323 2418
416 7580 328 2425
415 7583 319 2447
446 8054 320 2429
399 7209 334 2466
432 7620 319 2442
425 7700 336 2417
411 7428 332 2433
418 7805 323 2433
411 7480 317 2463
433 7967 319 2436
403 7315 324 2470
426 7921 323 2429
399 7204 336 2465
437 7951 318 2437
398 7434 330 2446
421 7321 335 2446
426 7986 316 2445
425 7554 327 2427
456 8283 334 2410
412 7670 323 2439
424 7711 321 2442
411 7639 323 2441
410 7480 323 2447
396 7323 331 2458
435 7903 321 2436
413 7509 324 2440
411 7638 331 2429
415 7636 318 2449
426 7444 328 2439
399 7330 325 2482
465 8492 336 2405
427 7821 315 2457
394 7072 328 2492
390 7135 344 2484
508 8978 339 2478
546 9660 363 2472
507 9492 330 2493
508 9319 331 2488
545 9770 351 2490
554 9944 351 2496
452 8230 331 2462
461 8456 344 2455
486 8710 315 2494
487 8872 358 2498
512 9510 349 2460
477 8679 350 2515
510 9443 326 2476
482 8971 351 2470
444 8109 353 2484
519 9508 323 2472
487 8900 343 2476
532 9588 343 2471
464 8628 352 2489
435 7869 351 2482
485 8935 358 2469
499 9213 336 2466
470 8767 334 2454
479 8456 345 2494
548 10011 324 2474
456 8351 330 2488
504 9211 339 2473
474 8732 351 2483
478 8866 355 2510
502 8995 346 2452
502 9081 355 2452
471 8677 364 2475
501 9244 341 2464
477 8840 351 2485
504 8915 351 2492
499 8987 351 2464
485 8929 342 2464
454 8146 328 2468
493 9030 336 2481
575 10360 339 2476
476 8862 328 2464
535 9560 335 2455
472 8794 364 2465
544 9657 353 2472
520 9735 356 2462
586 10462 329 2465
438 7955 340 2461
522 9819 328 2468
555 10291 341 2478
502 9086 343 2505
471 8740 346 2490
527 9667 380 2508
443 8188 343 2488
497 9304 347 2481
468 8661 347 2467
470 8592 339 2465
515 9462 339 2505
511 9539 335 2472
483 9057 365 2510
432 7957 336 2462
481 8938 329 2468
473 8736 328 2500
475 8557 335 2471
545 10242 355 2482
510 9211 352 2479
524 9720 355 2477
533 9246 353 2501
516 9490 339 2517
473 8589 352 2446
480 8674 348 2478
469 8876 359 2451
462 8319 328 2489
462 8635 345 2469
517 9310 379 2492
469 8423 328 2454
557 10310 364 2468
479 8796 335 2445
460 8584 343 2483
492 8672 358 2509
455 8210 328 2459
441 8036 335 2486
554 10084 336 2483
494 9040 328 2446
551 10219 335 2466
565 10597 368 2481
503 9124 338 2484
505 9163 341 2441
562 10039 351 2494
488 9023 339 2460
485 8789 338 2504
520 9105 356 2482
470 8620 346 2479
527 9736 339 2458
551 10012 328 2459
509 9017 339 2446
461 8242 372 2489
519 9422 356 2474
472 8819 339 2485
487 8727 339 2496
448 8377 359 2498
463 8324 338 2462
458 8103 331 2477
458 8331 355 2492
501 9077 328 2453
486 9136 351 2508
507 9095 341 2476
474 8736 343 2454
467 8614 343 2488
503 9191 364 2488
462 8206 359 2473
517 9436 335 2472
560 10271 348 2470
508 9131 347 2440
490 9018 338 2470
491 9059 351 2482
474 8629 339 2486
470 8748 352 2494
489 9225 366 2489
459 8290 339 2489
527 9403 366 2494
512 9281 355 2473
476 8556 335 2437
517 9500 315 2519
461 8477 350 2496
488 8731 357 2445
501 9136 358 2509
484 8683 349 2490
477 8510 345 2506
530 9850 335 2453
516 9235 340 2501
449 8432 366 2498
484 8823 339 2480
482 8593 351 2481
533 9859 341 2473
490 8803 338 2486
511 9512 336 2471
518 9268 344 2468
499 8741 358 2464
425 7716 347 2460
462 8010 354 2471
506 9462 350 2490
476 8853 356 2493
501 9198 351 2466
446 8045 336 2488
525 9460 359 2497
486 8815 354 2467
522 9687 343 2472
508 9471 349 2473
514 9389 356 2496
475 8729 325 2471
467 8568 331 2494
481 8638 328 2480
506 9210 340 2455
522 9618 381 2509
534 9530 341 2478
490 8710 371 2503
499 9229 345 2462
519 9515 346 2482
472 8672 347 2483
469 8416 336 2455
515 8891 328 2470
466 8312 325 2487
490 8708 346 2492
480 8852 328 2473
459 8400 351 2509
491 8880 347 2472
518 9387 324 2467
480 8623 347 2507
522 9658 380 2503
446 8313 336 2487
433 7763 331 2487
493 9242 395 2446
480 8786 336 2468
538 9724 351 2457
516 9115 342 2475
513 9387 343 2480
495 8975 349 2463
466 8554 335 2489
567 9870 343 2503
569 10379 383 2513
506 9039 378 2480
521 9524 356 2474
454 8095 328 2504
426 7875 351 2490
488 9021 329 2461
498 8875 367 2509
464 8586 333 2478
456 8498 366 2502
479 8770 339 2498
479 8650 353 2524
446 7754 351 2476
467 8578 348 2465
485 8846 343 2483
510 9374 357 2466
472 8809 338 2462
466 8574 342 2477
462 8457 330 2503
488 8836 338 2472
532 9623 328 2464
484 8975 338 2509
460 8481 338 2473
467 8617 366 2484
536 9666 350 2475
437 8033 338 2478
564 10404 335 2455
497 8990 366 2476
469 8568 336 2494
539 10046 356 2491
473 8665 343 2471
431 7647 315 2483
452 8065 347 2467
450 8350 328 2488
439 8146 333 2488
565 10354 343 2473
492 8866 347 2478
499 9037 331 2494
427 7880 324 2476
510 9465 344 2501
426 7849 315 2474
484 8887 347 2489
512 9404 323 2504
457 8427 328 2509
454 7986 341 2469
465 8355 353 2482
490 9127 350 2481
494 8921 353 2474
420 7430 339 2464
540 9811 328 2490
487 8958 343 2498
463 8464 356 2459
506 8939 366 2482
498 8726 347 2454
484 8952 331 2484
509 9105 335 2482
464 8299 333 2492
494 9270 332 2504
490 8983 353 2500
