43817 1920.75
403 7290 334 2523
416 7296 334 2499
398 7219 341 2526
458 8276 332 2481
440 7907 323 2512
420 7661 324 2514
491 8365 322 2509
461 8042 329 2495
422 7406 334 2493
465 8068 326 2502
441 7721 336 2480
428 7523 339 2483
415 7286 329 2538
467 8542 334 2476
497 8954 319 2532
425 7616 324 2514
420 7202 334 2524
409 7317 331 2535
408 7327 333 2518
445 7857 334 2481
425 7211 337 2515
462 8030 345 2467
463 8120 339 2474
423 7570 331 2505
423 7381 333 2501
421 7584 339 2486
440 7788 330 2500
472 8169 341 2470
457 8208 321 2557
426 7738 334 2487
436 7728 323 2528
415 7399 345 2483
418 7379 330 2516
406 7453 341 2512
416 7434 327 2541
452 8188 341 2474
429 7417 327 2535
442 7566 323 2545
433 7596 334 2488
422 7329 345 2481
437 7731 333 2494
423 7477 345 2478
448 7823 327 2509
491 8666 341 2467
419 7193 335 2535
424 7614 323 2550
413 7367 335 2508
476 8537 339 2471
410 7335 337 2511
412 7388 343 2501
416 7580 330 2517
424 7648 330 2509
436 7771 345 2476
419 7338 331 2516
408 7148 344 2518
442 7723 331 2499
462 8295 325 2508
450 8214 326 2507
435 7487 329 2526
494 8738 347 2461
526 9242 316 2561
423 7084 344 2501
398 7219 341 2526
561 10224 336 2531
506 8882 348 2549
514 9064 334 2531
599 10603 352 2539
538 9278 352 2528
510 9125 355 2560
482 8548 345 2551
492 8708 334 2523
545 9685 348 2545
506 9238 382 2555
467 8525 357 2567
456 7999 343 2509
507 9201 376 2521
572 10233 337 2541
535 9510 370 2547
547 9605 344 2531
501 8973 342 2539
464 8392 339 2527
523 9236 341 2545
515 9226 334 2550
511 9083 344 2532
535 9558 347 2536
532 9176 373 2540
586 10533 341 2551
505 9225 345 2517
442 7946 348 2525
487 8628 334 2540
470 8159 353 2519
561 10289 344 2527
532 9468 345 2532
458 8204 341 2535
496 8700 353 2549
507 9193 344 2556
511 9047 350 2544
503 8806 356 2519
509 9223 360 2540
505 9152 352 2515
495 8857 371 2542
499 8863 341 2514
551 9982 351 2540
531 8899 393 2563
507 8776 349 2525
561 9757 355 2544
467 8687 338 2554
497 9042 382 2536
512 8957 333 2565
589 10822 352 2522
536 9444 351 2531
525 9074 353 2533
545 9941 354 2558
583 10698 350 2519
478 8762 354 2543
595 10713 354 2533
504 8880 352 2547
498 9152 356 2552
559 9807 364 2560
555 9889 344 2531
490 8650 352 2524
516 9004 352 2552
526 9386 337 2536
512 8992 354 2504
491 8600 355 2549
538 9382 347 2509
498 8972 355 2549
537 9702 348 2550
521 9127 341 2536
529 8900 345 2556
506 8955 339 2539
570 10349 390 2552
555 9492 345 2530
535 9578 360 2533
508 8909 352 2555
552 9697 352 2521
526 9443 375 2521
515 9217 350 2531
484 8729 379 2578
445 7855 356 2541
543 9669 379 2544
477 8530 359 2535
561 10002 346 2580
547 9690 360 2522
540 9288 368 2513
517 9098 381 2554
541 9768 354 2524
515 9155 341 2536
598 10623 353 2533
454 8076 339 2540
547 9256 349 2522
527 9615 347 2528
566 10317 351 2553
537 9824 352 2572
517 8960 352 2548
569 10345 360 2549
483 8381 345 2534
544 9460 348 2524
554 9514 368 2555
541 9231 360 2552
526 9446 354 2551
602 10669 354 2546
532 9596 354 2533
535 9920 344 2535
524 9379 345 2530
479 8850 340 2546
517 9338 343 2500
494 8850 363 2528
577 10189 344 2515
543 9954 381 2540
551 9844 337 2533
481 8522 365 2542
549 9523 359 2541
481 8613 362 2551
559 10115 368 2556
527 9653 367 2535
542 9610 337 2510
546 9638 379 2544
567 10335 352 2532
522 9067 345 2500
559 9901 396 2563
521 9326 353 2531
543 9477 355 2542
499 8929 355 2522
532 9603 339 2571
481 8812 347 2540
564 9938 359 2550
503 8440 363 2547
560 9631 361 2535
504 8859 349 2513
513 9108 381 2572
536 9773 331 2538
521 9428 344 2534
530 9299 360 2535
491 8905 341 2533
495 8887 373 2551
543 9699 366 2510
453 8071 359 2506
563 9762 344 2556
577 10374 363 2526
549 9922 337 2508
516 9212 335 2531
483 8519 360 2540
530 9546 365 2520
506 9083 373 2532
548 9312 345 2540
518 8761 361 2505
466 8466 359 2504
514 9234 358 2569
564 10051 359 2536
520 8970 370 2558
509 8993 334 2525
514 8802 341 2538
506 8775 337 2533
487 8868 339 2510
524 9124 343 2529
540 9361 337 2522
490 9051 363 2524
512 9068 348 2530
504 8822 349 2500
509 9129 348 2512
535 9767 368 2544
522 9457 363 2536
501 9216 349 2546
515 9278 339 2516
507 9131 345 2569
544 9685 345 2526
470 8218 341 2537
515 9290 352 2530
521 8912 337 2521
479 8676 341 2545
504 9171 342 2527
490 8632 363 2532
532 9157 359 2522
490 8943 338 2559
546 9611 354 2528
482 8464 341 2527
513 8823 334 2559
504 8963 352 2522
538 9650 344 2549
489 8930 347 2543
490 8706 334 2534
459 8330 352 2540
503 8707 345 2540
557 9842 359 2528
521 9035 353 2525
542 9666 345 2542
529 9291 352 2537
492 8843 376 2532
515 9455 359 2536
477 8363 337 2545
510 8877 356 2496
555 9978 357 2532
504 8445 352 2526
485 8923 345 2523
568 10358 341 2511
475 8580 361 2502
518 8914 345 2527
516 8748 348 2525
574 10149 355 2513
589 9992 376 2531
521 9148 360 2518
492 8939 334 2528
560 9834 331 2537
565 10008 352 2534
543 9833 353 2559
538 9729 352 2525
486 8485 356 2528
504 8736 348 2535
549 9802 361 2530
508 9173 340 2568
498 9255 359 2521
490 8934 343 2504
525 9102 362 2488
563 9839 341 2541
497 8733 367 2541
494 8798 347 2504
525 9113 334 2531
475 8602 337 2580
473 8566 334 2536
515 9071 337 2576
571 9928 359 2509
531 9609 352 2571
482 8356 341 2524
528 9192 344 2549
563 10082 345 2544
515 9222 360 2528
547 9827 348 2521
511 9060 355 2530
528 9256 387 2543
558 9792 365 2532
532 9644 352 2522
502 9027 345 2538
573 10393 357 2519
477 8185 352 2509
466 8518 334 2535
521 9104 365 2536
536 9552 334 2517
501 8846 348 2536
502 8724 368 2554
