919 30.0406
432 7287 301 2294
431 7471 362 2254
422 7759 352 2255
415 7492 362 2254
404 7289 299 2306
397 7320 299 2298
389 6538 330 2264
367 6667 326 2275
425 7725 352 2255
383 6990 346 2261
403 7384 362 2255
403 7377 336 2257
408 7233 299 2298
431 7471 362 2254
404 7289 299 2306
420 7203 346 2256
412 7575 307 2283
376 6639 321 2273
406 7648 300 2292
378 6694 314 2286
384 6887 307 2289
373 6818 323 2276
411 7329 352 2256
396 7352 302 2290
425 7725 352 2255
394 7095 309 2281
412 7575 307 2283
392 6846 315 2271
410 7391 301 2291
389 6538 330 2264
387 6848 327 2263
399 7088 307 2287
376 6810 320 2273
420 7203 346 2256
402 7022 333 2259
368 6728 315 2277
374 6912 330 2274
375 6893 336 2270
396 7179 331 2261
408 7109 333 2258
421 7142 299 2297
416 7484 299 2294
382 6773 323 2267
393 6880 346 2257
382 6705 330 2265
394 7164 307 2285
406 7648 300 2292
396 7179 331 2261
387 7108 333 2259
394 6962 330 2262
403 7291 301 2296
410 7391 301 2291
393 7293 300 2294
391 6799 320 2269
368 6728 315 2277
405 7335 301 2293
408 7296 362 2255
380 7024 320 2270
390 6682 321 2268
374 6684 322 2281
405 7269 300 2296
380 6723 327 2264
402 7240 307 2284
384 7083 302 2292
397 7100 308 2282
383 6673 330 2265
379 6884 314 2279
422 7759 352 2255
393 7269 309 2282
387 6790 314 2279
397 7026 308 2286
377 6795 330 2271
404 7132 326 2264
378 7006 321 2270
373 6818 323 2276
399 7067 333 2259
397 7034 333 2260
378 6757 314 2280
383 7025 314 2277
393 7094 308 2285
385 7089 301 2297
388 6934 309 2284
392 6731 346 2260
388 6786 315 2272
383 7052 326 2266
396 7352 302 2290
403 7364 346 2256
377 6826 330 2268
408 7109 333 2258
432 7287 301 2294
380 6711 321 2268
375 6776 323 2274
379 6696 315 2273
383 7052 326 2266
380 6806 326 2267
398 6898 336 2259
385 7125 307 2287
379 6943 326 2269
416 7484 299 2294
392 7140 336 2258
377 6826 330 2268
379 6943 326 2269
397 7113 307 2285
391 6763 326 2267
408 7233 299 2298
406 7361 362 2255
384 6887 307 2289
378 6757 314 2280
374 6684 322 2281
379 6639 326 2270
397 7320 299 2298
390 6682 321 2268
388 6934 309 2284
387 7116 330 2262
387 6785 326 2266
388 6786 315 2272
402 7353 300 2293
376 6810 320 2273
387 7116 330 2262
375 6770 315 2275
392 6731 346 2260
403 7384 362 2255
386 6962 320 2269
385 6800 346 2263
375 6770 315 2275
384 6916 330 2263
411 7329 352 2256
391 6763 326 2267
385 7125 307 2287
384 6669 330 2264
402 7353 300 2293
387 6785 326 2266
398 6898 336 2259
384 7083 302 2292
375 6893 336 2270
386 6914 315 2271
421 7142 299 2297
392 7140 336 2258
374 6912 330 2274
367 6667 326 2275
392 6846 315 2271
404 7132 326 2264
387 6955 336 2261
394 6962 330 2262
379 6639 326 2270
385 6930 346 2261
384 6916 330 2263
403 7377 336 2257
394 7131 308 2282
399 7088 307 2287
457 8381 314 2277
419 7684 362 2254
419 7684 362 2254
399 6918 336 2268
395 6995 321 2274
442 8036 346 2256
453 8114 331 2261
430 7570 333 2259
405 6990 315 2272
423 7466 333 2260
417 7272 327 2264
401 7308 336 2264
409 7310 330 2262
400 6928 327 2269
402 7150 346 2261
403 7167 346 2259
418 7352 323 2267
408 7356 327 2266
397 7130 336 2268
406 7124 346 2262
418 7280 321 2268
470 8497 333 2260
453 8155 346 2258
429 7747 315 2275
410 7038 326 2274
399 7150 325 2284
407 7370 346 2264
455 8050 321 2268
460 8212 331 2261
431 7577 315 2272
426 7365 325 2273
400 7117 327 2269
411 7460 327 2266
420 7504 322 2271
449 7802 323 2267
421 7503 327 2264
443 7674 346 2259
430 7505 330 2263
438 7860 333 2261
448 7708 330 2262
436 7758 333 2262
421 7458 326 2268
424 7645 346 2262
437 7771 323 2270
440 7722 323 2270
430 7642 346 2261
442 7775 331 2262
439 7524 333 2261
505 8652 321 2268
459 8335 346 2259
456 7950 315 2277
410 7064 346 2274
406 7386 331 2279
462 8222 323 2270
461 8126 336 2261
407 7432 346 2267
416 7397 338 2272
452 8044 320 2274
421 7184 330 2278
434 7738 326 2273
455 8214 327 2264
419 7540 330 2273
427 7513 327 2266
438 7797 323 2278
415 7611 346 2264
456 8057 330 2262
445 8000 323 2271
412 7556 327 2268
447 8010 346 2260
440 7894 323 2273
453 8252 326 2268
459 7901 330 2265
412 7480 346 2266
454 7821 346 2260
434 7951 327 2265
439 7932 326 2272
454 7979 330 2263
456 7948 330 2263
443 7908 330 2265
477 8491 330 2262
471 8489 325 2274
458 7976 346 2264
455 8352 346 2260
427 7555 338 2269
417 7616 336 2277
414 7710 346 2271
433 7721 346 2265
449 8133 346 2263
472 8220 326 2273
430 7583 327 2266
461 8050 330 2263
454 7932 330 2265
418 7665 330 2270
424 7654 336 2276
457 8265 326 2269
428 7559 327 2268
424 7602 346 2270
424 7712 327 2269
454 7986 346 2263
471 8168 346 2263
460 8486 346 2260
460 8310 326 2272
441 7580 338 2273
438 7952 362 2265
430 7689 330 2276
422 7821 336 2276
444 7896 330 2266
453 8229 346 2264
467 8403 346 2262
435 7603 354 2267
435 7596 346 2272
430 7696 362 2270
424 7796 330 2270
432 7827 327 2268
436 7701 327 2269
431 7668 330 2269
431 7737 330 2267
435 7780 327 2267
476 8368 330 2266
474 8472 330 2266
451 8225 336 2266
451 7675 346 2270
438 7818 327 2271
426 7811 338 2279
431 7807 346 2272
445 7993 336 2267
440 7849 327 2269
434 8141 330 2270
440 7776 327 2271
488 8689 336 2269
460 7858 330 2270
457 8228 346 2267
442 8001 327 2276
438 7979 330 2275
455 8061 346 2269
450 8082 336 2270
454 8039 336 2273
456 7970 331 2270
488 8909 346 2267
464 8261 352 2267
450 8216 328 2276
444 8011 346 2282
467 8413 330 2270
460 8175 346 2277
468 8308 346 2268
450 8363 346 2274
476 8464 330 2270
470 8506 333 2270
466 8515 332 2280
493 8712 346 2273
