9475 330.222
399 7264 344 2476
422 7710 344 2469
448 8005 325 2484
419 7568 329 2485
454 8203 339 2467
415 7566 336 2478
415 7538 341 2473
417 7536 335 2480
413 7490 336 2484
415 7401 341 2479
412 7606 344 2473
459 8234 331 2478
434 7778 328 2491
420 7490 352 2473
442 7899 336 2475
425 7661 331 2484
450 8098 344 2468
459 8239 336 2473
419 7717 344 2472
483 8758 331 2475
416 7632 331 2493
433 7594 341 2472
465 8240 329 2480
439 7985 335 2478
443 7840 331 2483
457 8135 347 2467
417 7400 340 2490
444 8060 329 2483
439 8024 341 2471
423 7492 335 2486
425 7653 341 2472
435 7957 336 2476
436 7789 339 2476
461 7995 341 2470
453 8203 331 2482
444 7968 325 2495
435 7635 344 2471
424 7647 344 2471
411 7497 339 2496
443 7917 325 2496
414 7502 341 2482
458 8088 339 2474
477 8534 335 2477
460 8435 329 2481
458 8215 331 2481
426 7565 331 2490
460 8189 336 2474
449 7864 336 2477
446 8183 328 2488
492 8847 336 2472
492 8874 329 2479
461 8231 329 2482
439 7908 336 2476
453 7994 341 2471
498 8805 337 2472
488 8624 365 2466
503 9054 331 2473
486 8787 341 2462
496 9017 323 2485
486 8787 341 2462
496 9017 323 2485
389 7163 325 2497
389 7163 325 2497
625 11120 404 2573
571 10471 414 2542
617 10720 434 2605
571 10203 412 2606
585 10409 447 2612
680 12334 476 2681
649 11443 429 2621
676 12431 427 2628
699 12801 403 2611
626 11082 372 2586
560 10144 422 2592
566 10585 461 2619
607 11159 447 2625
556 10110 422 2620
619 11473 432 2589
681 12413 447 2627
604 10404 461 2632
694 12401 388 2625
643 11632 470 2697
662 11350 411 2655
556 10274 396 2578
597 10978 441 2595
607 11218 447 2675
584 10645 421 2656
611 10444 390 2632
615 11277 439 2643
655 11614 458 2643
631 11136 418 2625
558 10114 444 2601
572 10002 396 2583
716 13010 427 2648
495 9101 401 2605
646 11632 429 2669
630 11463 409 2626
590 10824 442 2602
689 12801 422 2611
628 11330 433 2628
587 10606 395 2651
693 12642 440 2628
634 11074 459 2708
583 10670 445 2581
677 12400 442 2613
616 10935 460 2663
697 12384 403 2641
596 10923 421 2615
698 13015 504 2654
666 12251 418 2642
569 10316 427 2617
563 9990 482 2668
637 10763 397 2628
649 12118 413 2635
595 10546 427 2645
565 10225 439 2630
554 10101 405 2627
649 11724 395 2633
584 11092 478 2647
616 11088 411 2629
679 11933 410 2633
609 10896 412 2594
602 10837 395 2587
667 12285 446 2646
554 9727 400 2589
578 10278 446 2587
585 10511 416 2612
564 9661 399 2631
647 11103 450 2604
587 9944 434 2619
639 11412 473 2653
611 10810 453 2590
527 9623 412 2618
592 10353 438 2659
594 10713 398 2567
648 11763 422 2610
601 10922 449 2623
639 11511 431 2609
631 11042 422 2568
551 10386 440 2595
742 13037 494 2693
647 12084 442 2579
587 10844 442 2591
646 11325 441 2635
575 9779 442 2674
534 9484 431 2623
594 10411 404 2623
602 10931 394 2638
641 11704 411 2563
555 9900 434 2621
634 11677 426 2672
571 10317 466 2641
535 9792 453 2599
599 10966 439 2570
595 10723 449 2649
676 12229 441 2669
590 10929 443 2596
562 9848 427 2622
560 10379 410 2650
703 12716 501 2612
536 9463 373 2584
607 11106 444 2643
612 10946 400 2602
581 10343 437 2638
661 11505 535 2677
629 11401 453 2643
536 9643 395 2621
566 10646 432 2650
648 11564 360 2593
586 10437 438 2594
673 11390 404 2596
637 11604 393 2597
551 10191 414 2589
592 10637 417 2630
557 10055 433 2592
577 10439 552 2632
619 11584 443 2600
641 11136 505 2692
574 10347 451 2604
615 10962 456 2646
626 11466 392 2575
716 12901 463 2641
595 10507 406 2587
605 10726 417 2562
607 10746 425 2602
595 10701 448 2678
581 10565 498 2645
646 11651 445 2669
612 11257 429 2609
594 10953 444 2602
617 10939 419 2604
634 11486 405 2642
629 11260 431 2634
554 9703 386 2554
543 9717 415 2601
563 9962 404 2562
559 9846 405 2639
543 9748 403 2662
565 10401 440 2657
622 11170 377 2599
590 10331 417 2573
560 9810 425 2620
654 11865 446 2634
607 10949 385 2575
637 11722 427 2622
668 11817 446 2633
563 10366 395 2632
595 10789 403 2633
662 12121 430 2661
664 11295 432 2614
599 10986 420 2616
581 10574 449 2623
616 11395 474 2637
669 12426 454 2615
653 11857 475 2642
593 10811 461 2643
570 10069 432 2612
691 11978 434 2661
725 12885 373 2575
634 11060 445 2590
741 13344 438 2615
605 10694 428 2613
643 11655 450 2640
562 10299 443 2608
678 11266 516 2692
676 12412 442 2678
731 13114 416 2639
660 11719 503 2673
606 11221 391 2634
677 12142 401 2585
693 12572 438 2599
633 11342 463 2613
585 10569 443 2624
593 10814 451 2637
583 10019 400 2637
599 11054 420 2619
714 13568 415 2595
632 11463 503 2651
586 10844 425 2564
644 11690 415 2572
589 10387 434 2684
561 9695 412 2598
602 10933 396 2596
602 10442 394 2619
588 10968 481 2594
617 11108 352 2597
720 13124 437 2642
665 11146 414 2646
567 10592 432 2595
623 11108 441 2633
576 10328 434 2603
609 11138 449 2635
632 11447 399 2579
660 11799 497 2612
629 11264 441 2609
685 12475 446 2661
574 10637 440 2629
700 11324 430 2606
660 11875 401 2596
559 10048 470 2656
611 10620 419 2571
566 10360 447 2565
605 11368 527 2675
589 10650 411 2598
619 11126 445 2694
639 11106 385 2652
543 9923 441 2693
581 10267 393 2588
599 10507 433 2622
529 9779 483 2612
632 11743 479 2649
550 9936 372 2552
634 11419 443 2640
622 11046 447 2625
602 11106 413 2610
562 10413 397 2648
577 10574 437 2632
664 11446 455 2628
655 12054 467 2567
653 11981 417 2652
693 12516 433 2600
631 11452 433 2632
596 10419 409 2622
572 10263 400 2557
716 12439 470 2652
593 10560 450 2635
658 11778 511 2642
584 10734 415 2635
613 11048 414 2574
655 11916 477 2627
579 10587 403 2621
689 12173 420 2637
633 11113 403 2586
601 11119 460 2619
607 10798 410 2674
555 9466 420 2622
557 10008 368 2615
621 11530 432 2685
575 10021 401 2615
703 12806 409 2603
