31220 1140.42
557 10146 382 2506
647 11356 518 2474
491 8994 329 2341
485 8828 363 2333
535 9962 361 2380
526 9413 356 2423
585 10449 451 2443
574 10199 440 2519
589 10796 403 2412
492 9024 333 2372
500 8950 354 2406
578 10613 376 2391
594 10341 365 2364
574 10135 385 2341
557 9742 377 2467
487 8659 322 2464
513 9113 354 2370
584 10644 353 2387
604 10757 399 2392
589 10465 397 2492
568 9813 378 2547
459 8072 338 2338
541 9482 349 2351
499 8807 350 2384
636 11498 511 2524
699 12184 467 2458
714 13161 407 2514
556 10327 445 2414
602 11123 368 2395
587 10479 401 2616
635 11478 416 2500
558 9671 388 2387
532 9791 385 2411
478 8407 349 2387
631 11453 435 2437
610 10425 431 2489
485 8730 397 2463
642 11290 544 2524
506 9170 386 2397
458 8381 364 2361
623 10990 378 2403
592 10818 384 2393
569 9997 430 2411
627 11194 420 2485
586 9996 378 2375
548 9531 401 2546
484 8763 341 2391
523 9476 362 2417
660 11598 503 2544
597 10430 415 2579
517 9372 338 2385
675 12176 533 2541
655 11583 495 2475
540 9438 386 2316
594 10376 378 2450
530 9623 408 2485
591 10404 406 2414
573 10358 416 2461
574 10307 395 2464
517 9305 330 2433
479 8536 341 2369
576 10293 377 2435
556 9827 350 2396
488 8936 380 2388
500 9116 344 2337
633 11366 391 2510
541 9722 430 2492
620 10850 414 2424
552 9927 422 2471
482 8658 322 2344
631 11713 508 2439
595 10179 438 2575
581 10304 432 2412
503 8988 372 2371
525 9501 363 2503
552 9778 349 2352
486 8986 335 2412
570 10286 364 2397
575 10358 417 2483
494 8873 384 2338
542 9802 383 2348
573 10118 359 2422
536 9337 448 2423
587 10921 405 2355
660 11855 382 2421
687 12170 538 2549
629 11678 417 2478
483 8757 341 2366
606 11249 397 2426
477 8628 341 2421
586 10505 412 2490
490 9123 371 2342
477 8779 345 2405
545 9184 341 2389
567 10079 420 2363
570 10383 428 2441
750 12709 507 2454
635 11286 401 2401
594 10729 424 2381
586 11038 427 2545
683 11069 403 2541
561 9926 338 2414
668 11881 463 2560
555 9699 400 2409
523 9615 392 2482
615 11246 404 2523
601 10942 367 2394
624 11186 457 2502
553 9911 356 2474
625 10376 412 2506
601 10392 457 2480
585 10663 389 2386
594 10590 386 2451
670 12047 431 2512
536 9928 432 2440
628 11236 442 2447
666 11869 493 2509
647 11722 507 2568
519 9171 374 2397
625 11103 428 2560
644 11697 495 2560
592 9868 398 2480
542 9486 402 2389
512 9127 361 2396
547 9851 394 2370
537 9431 397 2462
527 9630 336 2385
666 11733 442 2427
564 10127 402 2396
574 10180 347 2538
661 11699 429 2496
565 10296 388 2388
502 8937 355 2392
579 10599 378 2367
651 11471 510 2617
498 8740 340 2363
717 12563 510 2502
684 12730 526 2509
488 8963 350 2348
618 11135 379 2437
570 10004 373 2355
608 11129 419 2392
530 10056 469 2404
562 9821 401 2540
625 11655 470 2433
594 10398 383 2526
551 10085 368 2400
661 11629 545 2512
553 9865 408 2540
511 9362 435 2498
561 9924 408 2405
530 9668 350 2446
540 9903 408 2508
571 10605 402 2676
484 8767 378 2495
529 9400 335 2397
562 10092 419 2409
581 10852 467 2456
572 10563 425 2471
605 10986 458 2454
578 10380 384 2376
542 9499 367 2481
578 10472 426 2386
566 10251 382 2398
513 8924 380 2432
640 11589 389 2373
527 9293 440 2415
534 9615 365 2495
512 9277 356 2405
482 8480 363 2455
552 10124 371 2492
621 11135 422 2448
551 9870 448 2422
505 9259 386 2439
472 8580 341 2435
599 11228 502 2516
576 10079 439 2397
700 12771 467 2527
578 10547 424 2448
532 9608 405 2400
616 10905 484 2505
607 11219 473 2389
605 9952 348 2450
640 11692 422 2519
580 10404 419 2460
706 12169 462 2501
595 10690 426 2381
726 12781 489 2533
572 9950 419 2457
496 8664 345 2457
589 10816 406 2396
449 7875 322 2336
534 9753 391 2499
523 8961 340 2389
572 10323 378 2344
555 10065 421 2480
537 9657 330 2522
514 9480 388 2411
610 11262 374 2381
538 9638 393 2437
621 10780 375 2511
635 11477 419 2515
524 9412 407 2441
598 10980 415 2401
565 10113 408 2388
502 9234 337 2412
586 10735 404 2442
541 9676 432 2451
595 10779 378 2504
576 10200 367 2450
623 11322 473 2515
602 11211 389 2436
551 10276 415 2473
548 9925 369 2399
512 9197 341 2423
598 10376 380 2362
642 11783 437 2486
569 9833 420 2428
495 8683 377 2327
646 10737 426 2407
524 9665 337 2439
501 9316 385 2381
556 9684 389 2513
617 11609 449 2624
554 9878 407 2413
604 10920 357 2430
510 8637 347 2458
593 10197 396 2413
508 9124 376 2459
673 12004 486 2462
692 12095 468 2513
549 9673 354 2387
496 8935 328 2348
630 11232 390 2532
613 11333 481 2481
468 8626 339 2374
606 10176 428 2423
603 11079 411 2476
541 9661 342 2447
476 8769 359 2406
543 9893 384 2420
483 8369 366 2387
515 9176 352 2395
526 9625 395 2364
509 9169 340 2369
594 11064 320 2408
589 10688 409 2396
547 9946 450 2428
611 11318 401 2540
529 9829 384 2409
516 9266 381 2449
594 10399 480 2509
626 10903 420 2501
609 11089 465 2534
551 9165 385 2359
584 10640 473 2455
626 10863 435 2488
640 10817 428 2432
660 11825 449 2464
733 12753 509 2525
508 9229 373 2418
608 10523 469 2476
661 12213 392 2411
601 10676 489 2550
522 9105 361 2463
633 10650 388 2562
559 9646 341 2572
572 10233 442 2504
553 9839 398 2399
555 9870 386 2449
559 9893 352 2465
579 10497 434 2477
600 10586 451 2433
483 9077 362 2383
712 12560 500 2538
671 12245 485 2428
540 9660 352 2350
627 11555 376 2503
520 9399 372 2338
525 9494 403 2499
509 8713 369 2435
557 10138 412 2476
710 12829 470 2502
599 10629 449 2439
587 10376 370 2343
509 9332 341 2393
628 11092 415 2452
708 12682 420 2419
602 10484 394 2464
529 9540 346 2326
545 9751 436 2398
516 9254 387 2507
578 10610 375 2444
590 10741 405 2419
555 9922 380 2520
550 9689 371 2410
515 8921 373 2505
559 9830 381 2389
540 9809 453 2488
627 11008 412 2470
