64179 2760.89
405 6967 308 2362
383 6684 325 2367
446 7679 308 2354
386 6977 308 2384
406 7226 314 2356
387 6812 323 2361
396 7164 315 2358
443 7792 314 2350
392 6963 319 2359
391 6706 320 2372
401 7135 308 2362
429 7585 319 2352
390 6856 313 2370
463 8039 320 2346
413 7402 308 2359
420 7373 322 2353
426 7345 315 2354
395 6788 320 2366
386 6888 320 2370
426 7264 308 2359
452 7879 320 2348
390 6919 313 2369
451 7992 315 2349
422 6915 308 2377
393 6983 308 2381
396 6782 323 2362
449 7885 307 2391
442 7919 320 2349
397 7168 308 2372
429 7603 312 2357
408 6840 314 2373
408 6891 308 2386
395 6717 319 2380
394 7218 315 2365
398 6949 308 2378
413 7120 325 2357
405 7047 325 2358
389 6962 315 2374
439 8007 308 2357
398 7133 308 2371
408 6953 320 2359
420 7519 315 2355
405 7221 323 2356
436 7813 315 2353
423 7560 315 2354
405 7113 315 2359
412 7108 314 2360
398 6944 319 2364
402 6884 308 2391
397 6900 308 2390
401 7203 314 2361
392 6922 319 2367
437 7140 314 2359
405 7217 314 2359
489 8227 307 2377
402 6989 307 2394
488 8586 330 2345
375 6756 315 2378
386 6683 324 2391
488 8586 330 2345
402 6989 307 2394
386 6683 324 2391
375 6756 315 2378
569 9963 426 2507
583 10472 463 2521
572 10378 429 2564
567 10334 445 2503
514 9046 385 2486
569 10376 400 2488
703 12087 390 2509
605 10661 433 2524
581 10508 420 2462
592 10476 419 2518
544 9830 472 2501
567 10005 467 2536
592 10640 358 2560
662 11636 465 2558
662 10513 430 2535
604 10455 377 2578
545 9683 435 2536
577 10199 469 2540
568 9943 403 2442
553 9842 407 2542
608 11141 381 2545
574 10273 475 2506
551 9649 430 2537
622 10593 401 2487
526 9600 443 2504
530 9414 428 2529
509 9091 403 2476
694 12072 383 2515
559 10250 398 2505
603 10388 434 2485
551 9986 410 2511
547 9095 364 2509
603 10680 387 2497
591 10343 391 2511
626 11014 432 2567
618 10789 438 2515
528 9584 452 2554
596 10393 413 2480
549 9912 396 2469
577 10008 453 2552
570 10142 503 2535
579 10462 385 2520
604 10440 405 2478
565 9651 451 2516
595 10626 490 2501
588 10100 399 2501
572 10166 377 2499
548 9679 404 2520
583 10457 475 2520
621 10971 377 2535
562 10046 398 2525
555 10168 454 2519
585 9875 356 2507
614 11105 421 2537
577 10135 486 2510
593 10066 385 2488
588 10428 437 2493
603 10742 388 2517
532 9772 414 2518
613 10526 413 2507
553 9812 478 2501
587 10351 422 2525
619 10043 399 2502
581 10521 436 2509
497 8899 386 2527
561 9846 456 2536
566 10065 465 2539
616 10919 400 2533
558 10172 438 2485
620 10989 450 2555
557 10010 408 2501
585 10375 392 2511
593 10657 406 2525
650 11831 450 2516
552 9174 422 2513
578 9965 472 2570
580 9865 387 2525
580 10276 430 2519
571 10149 461 2523
601 10638 420 2477
651 11674 453 2517
597 10776 388 2538
533 9642 434 2489
597 10852 418 2537
548 9664 408 2509
542 9316 377 2457
631 11543 445 2547
600 10654 475 2526
600 10722 456 2532
597 10786 372 2495
623 11425 420 2504
600 10447 453 2516
557 10138 389 2556
607 10713 351 2491
537 9567 429 2554
658 11735 457 2494
622 10844 449 2520
617 11065 436 2539
607 10638 478 2588
605 11004 432 2535
611 10540 411 2487
570 10221 427 2507
601 10768 425 2521
570 9590 409 2521
561 10021 434 2556
578 10198 410 2530
611 10997 419 2501
632 11341 374 2479
584 10165 400 2465
627 10872 469 2527
591 10370 412 2474
611 10233 433 2574
661 11525 394 2484
609 10282 428 2544
574 9985 394 2507
618 10844 421 2556
634 11237 484 2562
513 9243 395 2503
600 10403 371 2464
533 9608 401 2484
542 9683 400 2472
578 10299 462 2601
572 9693 401 2526
601 10309 436 2508
642 11493 418 2510
626 11047 409 2463
593 10515 454 2548
558 10027 378 2502
571 10176 463 2518
661 11553 468 2576
565 10599 474 2554
544 9701 414 2506
582 10019 436 2508
631 11090 414 2499
610 10387 482 2547
642 11450 401 2512
542 9610 421 2500
619 10566 419 2551
640 11425 443 2507
627 11261 455 2518
568 9924 416 2465
683 12314 401 2569
557 10143 370 2506
545 9671 444 2545
589 10437 407 2559
563 9896 425 2492
519 9176 421 2530
586 10535 424 2535
610 11087 442 2510
553 9337 372 2527
493 9063 417 2493
568 9905 386 2446
528 9006 386 2504
508 9279 387 2517
551 9854 393 2521
661 11830 449 2599
585 10220 375 2508
586 10323 357 2494
560 9385 383 2528
652 11138 414 2480
600 10880 422 2488
542 10156 408 2483
596 10262 453 2492
554 9751 385 2489
604 10760 349 2461
528 9175 389 2515
567 10120 412 2496
530 9323 377 2474
687 12508 366 2482
588 10664 445 2562
564 10323 455 2489
501 8887 405 2528
685 11759 417 2549
638 10977 478 2536
627 10923 418 2497
592 10577 402 2530
573 10154 399 2536
655 11416 462 2533
522 9481 374 2529
473 8637 443 2490
622 10618 440 2514
528 9637 425 2552
569 9898 402 2560
587 10683 362 2513
510 8779 414 2461
577 10323 405 2510
591 10161 378 2537
646 11583 440 2528
633 11745 447 2548
592 9822 442 2500
530 9483 442 2515
562 9905 388 2452
672 12020 456 2552
544 9330 407 2467
568 9911 381 2506
650 11544 376 2455
573 10069 444 2543
617 11279 391 2531
516 9312 419 2516
580 10509 462 2513
560 9800 403 2503
582 10324 374 2501
652 11416 394 2539
559 9669 420 2474
650 11243 473 2472
549 9710 498 2508
536 9437 381 2491
567 10300 408 2538
586 10266 445 2563
592 9669 396 2521
590 10105 450 2537
579 10004 368 2526
580 10393 407 2502
532 9240 363 2507
565 10058 422 2468
600 10542 459 2551
600 10522 378 2527
589 10204 436 2544
536 9593 417 2534
616 10463 428 2482
565 9920 445 2468
551 9684 407 2538
600 11067 453 2511
565 9840 430 2520
564 9953 399 2481
575 10673 476 2551
588 10122 436 2541
574 9992 345 2488
580 10711 400 2508
674 11785 420 2510
641 11225 420 2525
588 10386 373 2434
647 11335 464 2546
631 11354 417 2523
649 11431 462 2527
510 8648 398 2475
526 9223 359 2476
