7258 300.099
394 7282 334 2459
403 7315 324 2470
437 7825 317 2471
407 7383 323 2469
396 7310 335 2454
415 7740 324 2452
393 7439 335 2458
411 7618 335 2436
405 7577 332 2442
412 7578 318 2487
409 7397 334 2446
415 7666 335 2435
411 7469 324 2458
396 7415 324 2474
404 7471 331 2448
420 7703 317 2480
399 7461 340 2446
423 7928 330 2441
435 7943 324 2447
414 7516 340 2440
408 7557 324 2459
428 7904 323 2457
431 8067 335 2434
405 7271 334 2476
397 7376 345 2449
428 7639 317 2480
397 7205 345 2469
410 7527 332 2443
399 7374 331 2468
419 7612 323 2466
415 7593 324 2457
403 7455 332 2449
451 8172 317 2467
406 7406 329 2466
397 7342 327 2474
427 7944 332 2439
429 7937 324 2450
402 7467 335 2448
429 7881 333 2438
401 7253 345 2467
397 7371 334 2456
447 8302 346 2429
400 7537 348 2445
431 7903 334 2437
403 7447 331 2460
443 8271 324 2446
415 7427 331 2462
439 7852 331 2442
451 8062 317 2470
462 8284 331 2433
455 8271 344 2431
396 7385 326 2480
445 8258 344 2433
404 7432 328 2469
464 8091 318 2466
449 8305 322 2468
465 8221 316 2488
459 8363 332 2430
464 8343 315 2496
447 8343 352 2428
464 8343 315 2496
391 7174 345 2473
391 7174 345 2473
515 9205 381 2540
516 9352 383 2540
547 9981 394 2519
514 9277 387 2537
610 10733 398 2544
499 9293 367 2542
516 9528 424 2539
662 11989 417 2568
522 9564 403 2567
523 9679 375 2513
465 8458 381 2544
510 9355 405 2548
548 10161 373 2528
525 9321 382 2530
525 9621 412 2529
599 10741 353 2554
537 9598 390 2548
493 9043 388 2527
530 9561 376 2542
539 9962 351 2580
543 9996 350 2498
572 10209 416 2553
533 9320 351 2504
616 11054 388 2564
527 9818 389 2536
634 11837 399 2530
533 10091 383 2499
556 9909 412 2539
521 9488 360 2510
612 11400 383 2527
585 10559 355 2559
538 9695 401 2546
525 9601 387 2538
597 10390 374 2556
521 9792 399 2551
579 10568 367 2511
523 9340 388 2496
541 9688 360 2491
586 10307 365 2561
577 10490 362 2561
540 9812 351 2534
603 10976 401 2513
554 10102 376 2533
522 9485 371 2525
516 9495 421 2547
532 9870 376 2515
625 11012 412 2529
501 9120 344 2495
492 9167 393 2528
532 9667 359 2527
627 11308 388 2530
582 10887 407 2569
549 10037 367 2547
510 9061 368 2541
554 10251 394 2577
548 9862 371 2566
520 9482 365 2551
552 9832 376 2549
538 9792 382 2570
543 9900 366 2554
555 10171 389 2509
519 9325 398 2571
512 9209 364 2497
634 12032 399 2525
551 10251 398 2560
557 10217 391 2532
598 10953 380 2516
582 10557 416 2549
517 9511 390 2521
516 9638 368 2554
529 9582 374 2499
559 10473 381 2542
565 10159 374 2558
486 8819 380 2496
504 9335 367 2547
550 9999 387 2522
506 9188 384 2539
550 10231 391 2544
559 10111 373 2520
599 10819 385 2526
533 9905 417 2532
445 8408 366 2507
556 10055 382 2541
530 9211 352 2538
564 10233 338 2538
498 9192 390 2567
547 9863 348 2524
554 10286 358 2554
552 10005 373 2549
517 9421 375 2537
539 9757 395 2521
527 9821 371 2564
508 9471 409 2556
557 9665 393 2592
535 9660 362 2535
567 10545 388 2483
518 9381 379 2545
578 10890 382 2549
540 10061 433 2599
532 9558 406 2532
586 10506 416 2586
567 10576 368 2503
563 10364 413 2532
592 11114 396 2522
525 9821 362 2499
546 10002 353 2526
552 10230 374 2509
564 10072 395 2475
607 10976 387 2573
527 10017 388 2532
552 10177 351 2512
501 8901 366 2543
519 9617 360 2561
550 10164 410 2568
497 9273 367 2568
517 9484 389 2559
575 10819 382 2522
552 10083 395 2531
584 10524 379 2534
539 9977 372 2518
551 10248 385 2551
553 10470 374 2494
534 9886 439 2580
548 10218 391 2561
509 9380 350 2515
492 8946 376 2511
543 10010 401 2523
589 10603 389 2540
539 9889 405 2556
539 9714 392 2533
631 11312 425 2532
575 10340 385 2539
475 8556 346 2503
556 10227 357 2509
532 9796 352 2500
521 9552 369 2535
542 9902 417 2530
506 9297 390 2532
549 10072 404 2562
560 10594 373 2486
588 10698 360 2546
552 10213 358 2544
533 9500 396 2534
567 10450 389 2562
631 10919 404 2553
559 10066 389 2512
509 9408 375 2551
542 10031 382 2513
528 9694 390 2563
532 9794 406 2582
582 10889 359 2548
526 9505 366 2559
515 9565 425 2568
580 10763 399 2520
532 9453 377 2531
499 9210 404 2562
536 9963 362 2514
587 10899 359 2539
593 11028 386 2532
514 9437 384 2544
545 10066 352 2547
525 9772 375 2517
546 10060 376 2530
570 10338 388 2507
494 9101 404 2522
572 10344 356 2514
618 10961 427 2525
607 11246 375 2548
510 9299 361 2500
550 9997 391 2558
565 10520 405 2549
507 9389 366 2511
532 9942 375 2528
557 9796 358 2493
512 9386 375 2469
473 8378 364 2528
575 10594 365 2519
533 10058 362 2525
554 10152 354 2502
603 11289 394 2509
574 10224 402 2564
487 8884 356 2518
491 8886 365 2531
562 10090 373 2503
522 9524 432 2535
571 10617 382 2518
603 10709 405 2525
573 10033 371 2537
530 9745 378 2565
533 9767 383 2536
585 10721 400 2508
495 8903 388 2554
525 9710 375 2543
564 10100 375 2553
605 11253 431 2500
550 10177 387 2531
567 10557 389 2566
526 9817 367 2521
507 9312 402 2548
534 9705 395 2548
486 8820 345 2534
471 8480 374 2550
548 10199 392 2507
517 9425 368 2521
544 9492 394 2503
525 9684 383 2506
518 9571 367 2556
541 10140 381 2570
589 10349 401 2542
581 10360 352 2505
532 9680 401 2516
587 10586 346 2502
566 10638 432 2526
573 10676 428 2539
523 9673 382 2511
527 9742 350 2539
562 10595 407 2524
552 9916 374 2538
562 10437 345 2514
526 9836 393 2536
582 10682 368 2520
546 10225 353 2527
564 10154 412 2589
570 10470 401 2529
507 9436 361 2541
567 10247 361 2504
593 10429 418 2541
501 9006 362 2544
576 9741 383 2553
603 11080 429 2565
556 10206 401 2545
530 9610 351 2531
505 9336 344 2536
551 10251 359 2497
592 11050 361 2563
570 10384 372 2559
546 9654 383 2587
