55153 2461.12
584 10765 383 2379
521 9150 396 2362
634 11603 504 2554
503 9140 347 2409
633 11706 525 2491
666 11774 421 2496
649 11660 411 2439
693 12555 449 2474
523 8862 338 2323
559 9881 405 2389
637 11572 430 2491
556 9977 361 2337
507 9252 377 2431
585 11086 379 2484
550 9405 342 2522
591 10038 374 2422
686 12490 563 2567
525 9265 349 2320
562 9698 361 2361
582 10207 436 2470
570 9164 403 2442
604 10828 391 2494
585 10348 479 2468
625 11116 523 2465
501 8777 331 2377
571 10185 426 2391
587 10144 386 2431
643 10644 385 2494
641 10894 484 2439
666 11652 460 2432
612 11088 371 2496
696 12258 468 2498
568 9832 352 2401
478 8736 351 2334
504 8957 334 2372
653 10973 451 2479
616 11076 389 2496
602 10261 413 2417
565 9623 351 2378
527 9371 394 2490
636 11632 368 2477
568 9672 358 2398
555 10094 462 2424
606 10463 387 2494
586 10251 399 2318
614 11268 427 2441
587 10099 361 2362
484 8335 340 2401
582 10432 426 2391
533 9752 380 2396
570 10147 348 2411
650 11694 375 2428
600 10537 424 2373
588 10615 403 2376
528 9446 340 2356
611 11108 394 2421
529 9628 425 2380
529 9512 343 2381
732 11517 422 2484
554 9511 359 2355
539 9720 378 2397
556 10140 394 2393
506 9015 367 2383
530 9454 343 2354
564 9954 367 2358
510 9121 393 2322
580 10104 367 2416
764 13406 480 2596
573 9829 346 2363
627 11181 389 2525
562 10110 476 2538
563 10295 329 2381
551 9296 414 2392
575 9921 383 2495
606 10626 395 2430
536 9465 352 2401
540 9532 419 2397
688 11358 429 2462
523 8933 355 2304
490 8927 330 2350
678 12034 437 2481
521 8949 374 2399
445 7920 342 2334
695 12600 459 2492
550 9713 349 2373
800 14046 406 2466
678 11354 388 2445
521 8848 363 2392
555 10105 445 2448
547 9565 354 2337
575 9964 442 2467
600 10826 415 2416
673 11602 406 2419
543 9269 376 2356
642 11566 450 2546
625 11089 452 2450
540 9810 383 2426
528 9495 339 2415
601 10922 421 2449
534 9508 353 2298
504 8954 362 2398
621 10638 459 2429
542 9275 353 2425
588 10376 382 2397
603 11174 383 2360
548 9828 410 2424
661 10970 418 2503
519 9158 366 2377
635 10825 395 2557
614 10707 443 2447
565 9863 449 2419
571 10054 356 2411
529 9538 367 2320
516 8837 351 2394
561 10143 382 2436
492 8953 375 2427
667 12062 410 2451
590 10523 376 2459
619 10880 393 2474
628 10899 389 2363
566 10572 418 2599
609 10715 352 2416
705 11851 519 2483
619 10864 363 2414
605 10630 361 2348
548 9123 387 2367
515 9012 343 2367
662 11833 527 2553
598 10528 338 2406
590 9859 402 2398
596 10612 453 2468
541 9561 367 2429
616 10972 408 2485
616 10800 423 2381
572 10314 465 2437
685 12411 490 2560
583 10277 361 2455
509 9151 380 2397
700 12423 429 2514
536 9356 335 2440
530 9538 363 2414
533 9565 368 2384
567 9919 403 2426
658 11361 407 2508
656 11395 404 2455
568 10088 368 2482
542 9675 376 2431
569 9972 388 2366
517 8924 381 2381
595 10609 445 2492
611 10635 388 2496
579 9915 380 2404
507 8575 353 2325
582 10435 387 2473
545 9430 335 2421
549 9771 383 2383
535 8940 399 2406
610 10928 355 2515
714 12908 479 2534
571 9935 351 2378
582 9985 382 2519
669 10746 314 2450
573 9555 410 2442
577 10424 385 2494
603 10429 387 2387
620 10761 387 2436
645 11215 395 2433
636 10875 399 2415
562 9583 343 2441
505 8922 405 2326
669 10753 444 2466
609 11015 465 2446
518 8870 343 2358
620 10584 403 2463
592 10562 418 2507
596 10170 432 2387
527 9234 336 2394
599 10746 370 2376
538 9012 353 2373
553 9799 367 2361
575 9685 402 2566
527 9151 342 2399
706 12169 414 2508
655 11332 418 2430
524 9545 365 2358
604 10332 365 2454
525 9451 408 2532
493 8561 357 2314
574 10232 376 2538
591 10076 425 2425
659 11716 389 2393
663 11566 405 2435
487 8639 375 2382
590 9991 363 2450
616 11389 449 2470
604 10563 367 2354
557 9431 348 2407
577 10095 375 2374
655 12084 440 2582
628 11463 402 2394
561 9920 374 2361
639 10814 432 2420
635 11796 432 2454
584 10309 474 2407
505 8888 340 2368
637 11145 394 2566
611 10583 385 2483
586 10949 397 2361
633 11549 461 2385
557 9133 365 2456
672 12044 459 2509
615 10887 435 2494
584 10402 357 2458
547 9138 350 2493
605 10442 433 2435
554 9267 377 2398
592 10119 422 2398
618 11043 393 2433
614 10888 391 2426
559 10283 378 2496
497 8785 350 2440
595 10410 359 2423
549 9241 400 2475
751 13183 424 2516
663 11930 511 2484
614 10732 363 2417
635 11040 411 2440
609 10817 432 2490
636 11358 483 2487
654 11651 451 2525
562 9787 428 2433
546 9547 335 2439
572 10244 379 2414
577 10109 343 2362
646 11408 422 2386
624 10567 376 2490
590 10242 363 2440
521 9179 371 2386
598 10541 404 2472
562 10276 407 2497
581 10123 370 2401
491 8523 349 2340
591 10016 410 2429
581 10607 393 2442
583 10308 379 2416
545 9504 387 2432
661 11238 454 2497
520 9290 351 2339
625 10930 418 2415
558 9820 410 2381
604 10709 363 2329
667 12086 550 2612
592 10121 353 2348
526 9521 341 2338
649 11581 383 2399
568 9911 379 2483
562 9806 382 2357
508 8821 342 2341
497 8872 345 2384
519 9182 360 2367
556 9603 374 2390
505 8846 361 2313
507 9104 391 2406
628 11414 362 2504
569 10356 376 2373
593 10466 341 2413
586 10200 418 2483
509 8634 365 2327
591 10250 424 2404
703 12018 467 2518
492 8282 368 2387
552 9825 366 2427
593 10222 438 2426
575 10111 441 2491
551 9507 401 2461
567 10332 343 2484
544 9501 375 2384
600 10635 448 2421
746 12769 546 2479
515 9483 394 2532
722 13113 546 2646
627 10876 397 2387
623 11311 383 2541
692 12715 421 2388
636 11043 429 2501
609 10301 410 2363
504 8825 379 2368
545 9800 353 2415
533 9252 377 2395
561 10144 371 2380
617 11247 478 2453
539 9813 383 2365
653 11814 416 2388
539 9121 400 2511
534 9696 383 2414
558 9924 377 2325
541 9195 368 2322
566 9860 409 2386
621 10578 417 2540
608 11277 462 2456
