9201 2495.98
385 6574 385 2238
385 6574 385 2238
338 5990 315 2269
338 5990 315 2269
338 5951 328 2253
375 6405 375 2239
375 6405 375 2239
366 6484 348 2242
339 6033 315 2262
338 6017 315 2268
366 6484 348 2242
366 6341 365 2240
365 6297 365 2241
354 6323 353 2242
359 6317 355 2241
359 6205 359 2242
339 6033 315 2262
366 6304 359 2241
354 6221 334 2247
365 6348 365 2240
338 5985 321 2259
346 6079 323 2256
338 5962 327 2256
338 5985 321 2259
338 5971 326 2257
344 6065 343 2248
358 6275 340 2243
339 6067 337 2252
354 6249 343 2243
358 6274 349 2242
349 6109 328 2252
362 6310 359 2241
341 6035 333 2252
354 6329 339 2246
344 5981 334 2250
348 6175 333 2249
345 6030 327 2254
362 6310 359 2241
354 6221 334 2247
338 6010 322 2258
358 6284 339 2246
338 6017 315 2268
351 6062 321 2258
354 6253 331 2251
358 6274 349 2242
346 6141 343 2247
339 6067 337 2252
344 6093 327 2254
352 6277 334 2247
338 5966 322 2259
346 6120 337 2248
351 6062 321 2258
338 6011 322 2257
355 6253 355 2242
354 6247 333 2248
354 6253 331 2251
348 6101 327 2253
342 6036 334 2251
358 6338 355 2241
356 6327 339 2246
348 6101 327 2253
349 6109 333 2249
365 6348 365 2240
350 6157 343 2244
350 6162 339 2247
350 6099 340 2247
354 6247 333 2248
344 6036 334 2249
350 6106 340 2245
346 6076 333 2250
346 6076 333 2250
350 6162 339 2247
350 6102 343 2245
346 6141 343 2247
355 6253 355 2242
366 6304 359 2241
356 6284 349 2242
345 6150 321 2258
345 6030 327 2254
343 6023 334 2251
350 6158 349 2243
350 6158 340 2244
344 6036 334 2249
343 6023 334 2251
338 5971 326 2257
351 6095 349 2247
358 6338 355 2241
349 6109 328 2252
342 6014 333 2252
359 6205 359 2242
352 6277 334 2247
344 6093 327 2254
348 6135 334 2248
355 6296 340 2243
349 6119 349 2247
341 6035 333 2252
342 6036 334 2251
348 6175 333 2249
346 6079 323 2256
356 6295 340 2243
338 5951 328 2253
349 6119 349 2247
345 6150 321 2258
346 6117 328 2252
365 6297 365 2241
359 6317 355 2241
338 5966 322 2259
356 6327 339 2246
350 6158 349 2243
350 6106 340 2245
350 6102 343 2245
344 5981 334 2250
338 5962 327 2256
366 6341 365 2240
354 6307 340 2243
354 6307 340 2243
346 6140 327 2253
346 6137 334 2248
342 6014 333 2252
354 6249 343 2243
351 6095 349 2247
350 6099 340 2247
348 6135 334 2248
346 6137 334 2248
346 6117 328 2252
344 6065 343 2248
358 6275 340 2243
356 6295 340 2243
355 6296 340 2243
350 6158 340 2244
350 6157 343 2244
346 6140 327 2253
346 6120 337 2248
338 6011 322 2257
338 6010 322 2258
385 6574 385 2238
385 6574 385 2238
385 6574 385 2238
385 6574 385 2238
385 6574 385 2238
385 6574 385 2238
385 6574 385 2238
385 6574 385 2238
385 6574 385 2238
385 6574 385 2238
385 6574 385 2238
355 6296 340 2243
355 6296 340 2243
355 6296 340 2243
355 6296 340 2243
393 6708 385 2238
377 6805 334 2247
356 6301 333 2248
354 6243 337 2249
352 6218 343 2244
375 6494 375 2239
365 6418 365 2240
369 6467 355 2241
358 6319 349 2242
359 6264 359 2243
374 6443 359 2241
377 6718 339 2246
358 6345 340 2243
357 6331 340 2245
366 6450 359 2241
357 6308 340 2246
358 6305 340 2244
393 6915 385 2238
367 6454 333 2249
366 6322 349 2242
358 6327 343 2256
357 6349 343 2244
386 6712 340 2243
360 6409 340 2245
372 6588 355 2241
375 6522 375 2239
377 6484 365 2240
362 6324 340 2251
362 6377 343 2243
374 6533 359 2241
370 6560 365 2240
376 6557 369 2240
358 6360 349 2242
373 6472 340 2244
359 6345 343 2244
403 7186 355 2241
400 6957 385 2238
377 6388 340 2262
368 6547 337 2250
362 6357 343 2245
359 6432 353 2243
380 6542 365 2240
366 6467 341 2251
376 6677 369 2240
371 6491 340 2246
380 6528 375 2239
377 6569 375 2239
371 6602 343 2243
374 6570 359 2241
369 6390 349 2242
361 6410 349 2243
360 6385 359 2242
373 6621 340 2244
372 6659 359 2241
361 6377 343 2244
364 6424 349 2242
366 6371 349 2243
386 6567 365 2240
380 6563 375 2239
379 6786 369 2240
379 6755 340 2245
377 6695 375 2239
362 6387 343 2244
369 6456 349 2243
365 6491 349 2242
375 6643 359 2241
366 6462 359 2242
381 6603 359 2241
377 6602 369 2241
393 7030 369 2240
382 6650 375 2239
364 6491 345 2257
363 6534 343 2244
363 6404 363 2244
365 6426 343 2247
374 6495 359 2242
385 6782 359 2241
377 6436 343 2244
366 6503 349 2242
383 6804 359 2241
367 6518 343 2244
382 6786 369 2241
407 7299 369 2240
386 6791 375 2239
385 6728 385 2240
378 6453 349 2245
368 6513 343 2248
365 6481 350 2261
389 6676 375 2240
377 6511 353 2254
385 6786 359 2241
370 6502 346 2258
373 6565 343 2244
379 6519 349 2243
370 6529 349 2242
366 6526 353 2243
368 6551 353 2242
372 6525 353 2245
413 7439 369 2240
391 6828 375 2239
388 6980 385 2240
385 6782 343 2247
373 6526 349 2250
371 6566 345 2259
370 6557 353 2242
384 6538 365 2244
387 6918 359 2241
371 6566 349 2242
372 6547 369 2242
401 6939 385 2239
379 6556 375 2242
377 6557 365 2248
371 6652 349 2242
370 6633 359 2247
388 6926 359 2241
373 6645 353 2244
380 6583 349 2242
376 6589 365 2243
374 6603 349 2242
381 6670 349 2242
380 6581 375 2246
378 6728 349 2243
375 6680 353 2242
380 6654 359 2244
379 6672 365 2244
380 6725 349 2242
389 6672 349 2242
387 6682 349 2244
383 6805 359 2242
381 6663 359 2244
378 6752 353 2244
404 7242 351 2249
399 7089 359 2242
386 6919 355 2250
385 6797 385 2246
385 6760 357 2248
388 6834 355 2244
401 6828 369 2243
404 6988 365 2243
386 6761 359 2244
411 7309 359 2243
400 7092 373 2243
398 6798 357 2260
391 6802 383 2246
387 6938 377 2249
389 6926 365 2245
390 6880 359 2244
412 7266 359 2244
408 6991 359 2245
402 6981 359 2251
