40078 1800.75
347 5860 314 2470
366 5815 324 2475
364 5853 307 2491
405 6828 367 2424
360 5834 324 2464
366 5827 324 2466
366 6049 336 2430
351 5859 320 2458
360 5823 324 2468
366 5827 324 2466
360 5863 330 2442
360 5831 324 2464
361 5973 330 2437
360 5851 325 2446
360 5827 324 2468
371 5842 311 2489
367 5849 325 2448
351 5865 314 2460
360 5851 324 2451
360 5826 324 2473
382 6053 318 2450
360 5858 324 2445
360 5883 325 2440
351 5856 324 2457
364 5821 311 2489
367 5840 333 2463
362 5834 311 2492
360 5833 324 2468
367 5869 333 2441
352 5886 329 2443
360 5908 330 2437
362 5834 313 2488
360 5831 324 2464
367 5849 325 2448
360 5831 324 2464
360 5822 324 2471
360 5900 336 2435
360 5866 330 2442
360 5846 324 2452
360 5822 324 2471
361 5973 325 2440
367 5840 333 2463
367 5914 333 2436
351 5858 324 2454
360 5819 324 2473
360 5882 320 2449
360 5907 336 2432
354 5843 324 2482
360 5853 320 2455
347 5884 308 2476
364 5821 318 2473
360 5853 320 2455
367 5850 325 2448
350 5858 308 2485
360 5831 324 2464
371 5829 313 2483
360 5864 324 2445
367 5849 325 2448
360 5866 330 2442
348 5869 325 2446
360 5886 330 2437
360 5845 324 2457
351 5865 314 2460
366 5816 311 2491
364 5821 318 2473
367 5840 333 2463
360 5900 336 2435
352 5886 329 2443
360 5823 324 2468
360 5823 320 2479
360 5853 325 2446
360 5824 320 2479
370 6014 325 2444
360 5853 325 2446
360 5824 320 2479
369 5849 317 2457
368 6038 328 2439
360 5831 324 2464
367 5869 333 2441
354 5843 324 2482
364 5838 307 2494
360 5853 325 2446
360 5907 336 2432
352 5932 336 2438
361 5867 314 2460
360 5846 324 2452
360 5853 323 2452
364 5821 318 2475
367 5840 333 2463
357 5838 324 2479
367 5895 333 2436
348 5895 317 2457
360 5845 324 2457
360 5831 324 2464
348 5890 311 2466
360 5819 320 2485
360 5860 330 2442
352 5913 336 2438
360 5820 324 2473
366 5816 313 2485
360 5886 330 2437
360 5831 324 2464
360 5863 330 2442
353 5852 324 2468
360 5823 324 2468
360 5853 325 2446
360 5905 325 2440
360 5831 328 2479
360 5853 325 2446
360 5827 324 2468
360 5844 324 2457
364 5821 311 2489
360 5847 324 2452
351 5858 324 2454
351 5865 311 2466
360 5831 324 2464
369 5845 314 2469
367 5840 333 2463
360 5903 324 2445
354 5843 324 2474
367 5924 336 2431
360 5873 330 2442
360 5844 324 2458
360 5823 324 2468
364 5821 311 2491
360 5819 320 2479
360 5886 330 2437
347 5867 308 2476
360 5831 324 2464
367 5840 333 2463
360 5860 330 2442
360 5823 324 2468
367 5869 333 2441
352 5932 336 2438
360 5824 320 2485
351 5873 311 2466
360 5866 330 2442
352 5880 329 2443
360 5853 325 2446
360 5831 324 2466
369 5884 317 2457
360 5886 324 2445
360 5886 330 2437
354 5843 324 2474
369 5849 311 2466
360 5858 324 2445
360 5886 324 2445
360 5831 324 2464
367 5840 333 2463
354 5843 324 2482
360 5858 324 2445
364 5822 318 2473
364 5821 311 2489
360 5844 324 2458
360 5876 320 2449
360 5823 324 2468
366 6088 336 2430
360 5870 329 2443
357 5841 324 2468
360 5823 324 2473
362 5932 320 2449
362 5834 313 2494
360 5853 325 2446
367 5840 333 2463
360 5823 324 2468
386 6447 323 2448
360 5907 336 2432
357 5838 324 2479
360 5853 323 2452
351 5865 314 2460
369 5845 314 2469
360 5831 324 2464
360 5860 330 2442
352 5932 336 2438
364 5821 311 2491
366 5816 313 2485
369 5849 317 2457
360 5866 330 2442
367 5849 325 2448
348 5910 324 2451
375 5977 341 2430
360 5858 324 2445
348 5946 325 2446
364 5822 318 2473
366 5827 324 2466
360 5823 324 2468
361 5985 336 2431
357 5849 324 2464
360 5819 320 2485
360 5820 324 2473
360 5860 330 2442
360 5826 320 2479
360 5883 325 2440
353 5898 329 2443
360 5820 324 2473
369 5907 318 2450
360 5853 325 2446
351 5865 317 2457
360 5834 324 2464
360 5824 320 2479
378 5954 318 2450
360 5924 325 2440
360 5886 330 2437
357 5849 324 2464
369 5877 317 2457
360 5831 324 2464
362 5834 313 2488
368 5823 313 2483
360 5844 324 2457
357 5841 324 2468
367 5895 333 2436
360 5845 324 2457
368 5830 320 2472
360 5844 324 2458
357 5838 324 2479
366 5815 320 2487
367 5910 336 2433
360 5860 330 2442
367 5840 333 2463
366 5816 324 2475
367 5956 333 2436
360 5831 324 2464
360 5853 325 2446
354 5843 324 2474
366 5815 320 2481
361 5973 325 2440
367 5913 336 2431
367 5840 333 2463
360 5903 324 2445
351 5856 324 2457
368 5830 320 2472
355 5926 311 2466
360 5846 324 2452
350 5858 314 2479
364 5821 318 2473
360 5831 324 2464
360 5876 320 2449
360 5846 324 2452
352 5880 329 2443
348 5861 324 2454
367 5895 333 2436
360 5851 325 2446
362 5834 313 2494
360 5823 324 2468
364 5831 311 2489
367 5840 333 2463
360 5858 324 2445
356 5843 320 2490
366 5827 324 2466
364 5821 311 2491
360 5847 324 2452
360 5822 324 2471
360 5866 330 2442
360 5846 324 2452
360 5846 324 2452
364 5821 307 2494
360 5860 330 2442
351 5868 323 2452
369 5987 325 2443
357 5849 324 2464
369 5849 311 2466
360 5853 325 2446
360 5940 336 2432
351 5862 325 2446
369 5849 314 2460
360 5846 324 2452
355 5905 314 2460
360 5844 324 2458
367 5840 333 2463
354 5843 324 2474
367 5872 333 2441
351 5921 311 2466
360 5831 324 2464
360 5831 324 2464
362 5834 313 2488
360 5823 324 2468
367 5913 336 2431
360 5860 330 2442
357 5840 324 2471
360 5820 324 2473
367 5956 333 2436
360 5844 324 2458
360 5866 330 2442
357 5849 324 2464
360 5823 324 2468
360 5852 324 2451
360 5860 330 2442
360 5829 328 2478
360 5882 320 2449
351 5862 314 2460
360 5853 320 2455
360 5853 323 2452
360 5847 324 2452
351 5858 324 2454
347 5860 314 2470
360 5823 324 2468
364 5821 307 2494
360 5844 324 2458
362 5942 320 2449
353 5849 324 2479
