33462 1680.67
311 5505 299 2296
314 5499 299 2296
422 6584 422 2228
319 5336 299 2294
319 5364 299 2278
412 6379 412 2229
422 6584 422 2228
402 6195 402 2230
400 6470 372 2233
382 6223 382 2232
412 6379 412 2229
345 5856 338 2242
400 6470 372 2233
402 6195 402 2230
386 6113 386 2232
392 6164 392 2231
386 6113 386 2232
392 6164 392 2231
376 6086 376 2233
412 6379 412 2229
380 6021 380 2233
354 6047 354 2236
376 6086 376 2233
342 5850 325 2247
334 5562 326 2245
366 6154 366 2234
382 6223 382 2232
392 6164 392 2231
360 5944 354 2236
380 6021 380 2233
360 5944 354 2236
352 5725 332 2243
361 5985 360 2235
317 5667 300 2280
318 5370 310 2262
342 5850 325 2247
329 5406 315 2254
367 5820 348 2237
370 5967 370 2234
346 5712 331 2244
327 5402 320 2252
357 5763 348 2238
364 5838 364 2235
323 5466 319 2252
319 5395 304 2268
319 5379 312 2259
319 5339 299 2291
370 5967 370 2234
319 5336 299 2294
358 5768 358 2237
331 5477 323 2250
333 5614 323 2249
328 5459 326 2250
319 5339 301 2288
342 5715 331 2244
328 5488 323 2250
320 5387 313 2256
319 5395 304 2268
319 5374 307 2265
354 6047 354 2236
317 5357 308 2270
358 5813 358 2236
313 5573 299 2283
351 5972 345 2237
316 5531 301 2278
311 5514 300 2281
331 5587 326 2245
333 5614 323 2249
317 5667 300 2280
329 5406 315 2254
370 5967 370 2234
351 5972 345 2237
320 5387 313 2256
346 5809 332 2240
364 5838 364 2235
318 5369 310 2263
334 5562 326 2245
362 5799 358 2236
370 5967 370 2234
319 5336 299 2294
318 5494 299 2296
319 5380 312 2258
319 5341 299 2290
319 5374 302 2274
319 5375 308 2264
318 5366 312 2267
357 5763 348 2238
348 5754 342 2239
352 5784 342 2238
348 5736 342 2242
320 5414 315 2255
330 5482 326 2248
357 5800 339 2239
311 5507 300 2284
358 5768 358 2237
348 5987 339 2238
332 5547 326 2246
361 5985 360 2235
362 5799 358 2236
352 5747 342 2239
315 5497 299 2286
322 5393 299 2275
357 5800 339 2239
325 5460 320 2251
319 5348 307 2282
319 5354 299 2285
328 5500 326 2248
319 5389 301 2273
317 5356 307 2271
331 5551 326 2246
319 5390 302 2272
319 5359 301 2279
352 5725 332 2243
316 5531 301 2278
332 5547 326 2246
326 5416 319 2252
352 5743 332 2241
321 5390 314 2255
315 5513 299 2283
311 5506 300 2294
360 5802 358 2236
327 5421 320 2251
333 5448 326 2249
364 5838 364 2235
366 6154 366 2234
351 5851 339 2238
319 5374 302 2274
319 5348 307 2282
319 5344 299 2287
333 5573 326 2245
321 5390 314 2255
349 5841 338 2239
318 5383 312 2259
333 5491 326 2247
319 5344 299 2287
324 5428 320 2253
358 5813 358 2236
342 5715 331 2244
346 5712 331 2244
366 6154 366 2234
319 5375 308 2264
318 5367 312 2266
319 5354 299 2285
324 5450 319 2253
352 5743 332 2241
319 5364 299 2278
317 5356 307 2271
319 5341 299 2290
319 5389 301 2273
322 5377 299 2277
349 5734 342 2242
322 5377 299 2277
347 5745 332 2240
366 6154 366 2234
311 5514 300 2281
317 5353 307 2280
318 5369 310 2263
317 5357 308 2270
315 5497 300 2284
318 5366 312 2267
319 5380 312 2258
311 5507 299 2286
315 5513 299 2283
318 5367 312 2266
352 5730 342 2242
319 5390 302 2272
318 5370 310 2262
319 5389 299 2276
357 5763 348 2238
319 5389 299 2276
320 5414 315 2255
319 5374 307 2265
319 5339 299 2291
319 5359 301 2279
319 5364 301 2275
319 5339 301 2288
324 5428 320 2253
324 5454 320 2252
360 5802 358 2236
323 5466 319 2252
349 5807 339 2239
330 5482 326 2248
345 5856 338 2242
350 5789 342 2238
327 5402 320 2252
325 5443 320 2252
333 5491 326 2247
349 5751 342 2239
322 5393 299 2275
328 5488 323 2250
331 5502 326 2247
331 5587 326 2245
347 5745 332 2240
331 5502 326 2247
314 5499 299 2296
348 5736 342 2242
323 5452 319 2253
354 5821 348 2237
351 5834 338 2239
350 5986 339 2238
318 5494 299 2296
317 5352 307 2283
326 5396 319 2253
325 5443 320 2252
362 5799 358 2236
352 5801 339 2239
315 5496 300 2294
367 5820 348 2237
347 5729 332 2243
318 5494 299 2296
319 5379 312 2259
333 5431 326 2250
330 5442 326 2250
345 5856 338 2242
342 5715 331 2244
350 5789 342 2238
349 5841 338 2239
327 5421 320 2251
331 5477 323 2250
326 5396 319 2253
333 5471 326 2248
328 5488 323 2250
321 5408 315 2254
319 5364 301 2275
325 5460 320 2251
333 5471 326 2248
319 5359 301 2279
328 5459 326 2250
351 5851 339 2238
352 5784 342 2238
324 5465 319 2252
349 5734 342 2242
349 5751 342 2239
317 5352 307 2283
347 5729 332 2243
319 5348 307 2282
351 5834 338 2239
352 5747 342 2239
364 5838 364 2235
352 5730 342 2242
331 5551 326 2246
348 5754 342 2239
348 5810 339 2239
311 5505 299 2296
333 5431 326 2250
321 5408 315 2254
319 5395 304 2268
328 5500 326 2248
318 5366 312 2267
318 5383 312 2259
323 5452 319 2253
333 5448 326 2249
326 5416 319 2252
318 5385 312 2258
349 5807 339 2239
324 5450 319 2253
318 5385 312 2258
320 5414 315 2255
324 5454 320 2252
324 5465 319 2252
315 5496 300 2294
346 5809 332 2240
348 5987 339 2238
319 5358 302 2283
319 5358 302 2283
330 5442 326 2250
352 5801 339 2239
319 5359 299 2281
348 5810 339 2239
317 5353 307 2280
311 5506 300 2294
315 5495 299 2296
315 5495 299 2296
350 5986 339 2238
354 5821 348 2237
352 5725 332 2243
319 5341 299 2290
346 5712 331 2244
317 5352 307 2283
352 5743 332 2241
322 5377 299 2277
317 5357 308 2270
318 5494 299 2296
319 5341 299 2290
412 6379 412 2229
319 5339 299 2291
352 5730 342 2242
352 5747 342 2239
392 6164 392 2231
319 5341 299 2290
330 5482 326 2248
311 5505 299 2296
348 5754 342 2239
318 5369 310 2263
326 5416 319 2252
328 5459 326 2250
319 5359 301 2279
321 5390 314 2255
319 5364 299 2278
354 5821 348 2237
