42509 2581.28
316 5184 299 2277
422 6521 422 2223
316 5184 299 2277
412 6338 412 2224
422 6521 422 2223
413 6331 412 2224
392 6066 392 2226
402 6179 402 2225
403 6172 402 2225
402 6179 402 2225
382 6058 382 2227
392 6066 392 2226
385 5987 376 2228
392 6066 392 2226
376 6012 376 2228
403 6172 402 2225
383 6051 382 2227
364 5767 364 2232
364 5907 360 2231
349 5516 348 2239
371 5887 370 2230
385 5987 376 2228
373 5967 366 2230
371 5887 370 2230
326 5261 315 2262
359 5843 354 2232
349 5614 339 2236
356 5715 345 2234
370 6002 360 2230
328 5315 312 2260
338 5475 323 2251
362 5831 347 2233
340 5502 323 2250
319 5255 309 2271
328 5347 307 2267
335 5432 321 2252
376 6012 376 2228
330 5321 314 2257
332 5349 308 2265
348 5539 339 2237
327 5306 314 2261
345 5553 323 2249
344 5520 327 2246
316 5184 299 2277
370 5883 355 2231
368 5983 366 2230
382 6058 382 2227
334 5356 321 2253
383 6051 382 2227
364 5870 364 2231
342 5566 334 2243
336 5409 314 2256
327 5340 312 2259
335 5416 314 2256
335 5432 321 2252
343 5498 338 2240
321 5234 310 2269
374 5981 366 2229
324 5232 299 2275
378 5980 376 2229
324 5192 304 2271
349 5607 338 2239
335 5532 319 2254
321 5234 310 2269
327 5337 301 2274
347 5550 326 2247
348 5482 338 2240
370 5900 370 2230
358 5860 347 2233
356 5625 331 2244
323 5274 310 2263
357 5723 354 2233
331 5366 321 2253
356 5788 327 2245
332 5349 315 2255
323 5246 310 2266
344 5454 338 2243
352 5557 348 2236
322 5253 309 2270
367 5890 360 2231
327 5340 312 2259
339 5486 325 2248
322 5253 309 2270
352 5615 326 2246
359 5661 332 2242
325 5250 303 2272
357 5632 354 2234
345 5553 323 2249
351 5521 333 2241
378 5980 376 2229
323 5244 304 2268
356 5625 331 2244
347 5554 334 2243
335 5532 319 2254
335 5491 313 2257
354 5668 345 2235
370 6000 366 2229
339 5486 325 2248
327 5306 314 2261
332 5396 309 2264
332 5374 307 2266
357 5757 327 2245
356 5715 345 2234
350 5587 338 2239
366 5754 364 2232
349 5607 338 2239
352 5557 348 2236
316 5225 307 2273
354 5668 345 2235
359 5661 332 2242
348 5539 339 2237
343 5498 338 2240
324 5238 310 2263
324 5198 304 2268
340 5438 315 2254
326 5261 315 2262
362 5831 347 2233
316 5203 310 2275
368 5983 366 2230
316 5207 303 2274
340 5502 323 2250
340 5438 315 2254
356 5625 331 2244
360 5852 347 2233
356 5699 339 2235
341 5528 327 2246
341 5578 326 2247
332 5334 312 2258
357 5849 354 2232
330 5321 314 2257
319 5255 309 2271
323 5246 310 2266
332 5349 315 2255
327 5319 312 2260
340 5456 321 2251
316 5209 310 2272
328 5347 307 2267
325 5213 309 2265
353 5696 345 2235
354 5647 348 2235
347 5531 333 2244
332 5396 309 2264
341 5552 332 2245
335 5403 327 2248
364 5870 364 2231
373 5967 366 2230
326 5269 302 2273
332 5396 309 2264
378 5980 376 2229
402 6179 402 2225
332 5334 312 2258
316 5225 307 2273
319 5255 309 2271
359 5691 332 2241
346 5631 333 2240
370 5883 355 2231
316 5257 310 2269
355 5658 345 2235
359 5691 332 2241
324 5283 315 2262
367 5890 360 2231
331 5366 321 2253
356 5734 354 2233
362 5831 347 2233
356 5788 327 2245
365 5765 364 2232
356 5734 354 2233
359 5843 354 2232
336 5409 314 2256
341 5509 319 2253
360 5836 354 2232
413 6331 412 2224
343 5564 334 2243
338 5475 323 2251
340 5456 321 2251
319 5192 303 2274
341 5569 334 2243
350 5587 338 2239
335 5416 314 2256
351 5521 333 2241
348 5630 333 2240
335 5403 327 2248
334 5397 326 2251
341 5492 320 2252
325 5250 303 2272
325 5213 309 2265
328 5315 312 2260
353 5704 332 2241
356 5699 339 2235
365 5857 364 2231
342 5566 334 2243
358 5860 347 2233
339 5486 325 2248
355 5658 345 2235
366 5754 364 2232
348 5622 326 2246
357 5632 354 2234
324 5236 309 2265
353 5617 333 2240
347 5550 326 2247
327 5337 301 2274
374 5981 366 2229
354 5608 339 2236
346 5631 333 2240
332 5334 312 2258
348 5526 333 2244
335 5491 313 2257
324 5236 309 2265
325 5272 302 2273
332 5396 309 2264
334 5356 321 2253
344 5454 338 2243
412 6338 412 2224
353 5704 332 2241
341 5492 320 2252
348 5622 326 2246
353 5704 332 2241
354 5647 348 2235
357 5723 354 2233
358 5860 347 2233
332 5349 308 2265
324 5215 310 2266
316 5225 307 2273
370 6002 360 2230
334 5356 321 2253
324 5283 315 2262
316 5184 299 2277
332 5374 307 2266
370 5900 370 2230
341 5509 319 2253
364 5907 360 2231
324 5232 299 2275
348 5482 338 2240
412 6338 412 2224
341 5575 333 2244
354 5608 339 2236
342 5581 333 2243
357 5849 354 2232
323 5244 304 2268
349 5614 339 2236
325 5267 315 2262
365 5857 364 2231
324 5198 304 2268
332 5404 310 2262
359 5691 332 2241
348 5526 333 2244
360 5852 347 2233
360 5836 354 2232
316 5257 310 2269
353 5617 333 2240
327 5319 312 2260
349 5516 348 2239
316 5203 310 2275
316 5209 310 2272
348 5621 332 2243
347 5554 334 2243
353 5696 345 2235
342 5581 333 2243
341 5575 333 2244
347 5531 333 2244
341 5569 334 2243
341 5578 326 2247
357 5757 327 2245
338 5489 325 2248
316 5270 309 2270
324 5238 310 2263
316 5207 303 2274
365 5765 364 2232
343 5564 334 2243
338 5489 325 2248
370 6000 366 2229
323 5274 310 2263
341 5552 332 2245
325 5272 302 2273
364 5767 364 2232
324 5215 310 2266
344 5454 338 2243
342 5566 334 2243
325 5267 315 2262
341 5528 327 2246
344 5520 327 2246
332 5404 310 2262
348 5630 333 2240
348 5621 332 2243
334 5397 326 2251
349 5614 339 2236
316 5270 309 2270
326 5269 302 2273
352 5615 326 2246
325 5213 309 2265
350 5587 338 2239
355 5658 345 2235
422 6521 422 2223
422 6521 422 2223
332 5334 312 2258
413 6331 412 2224
316 5184 299 2277
342 5566 334 2243
402 6179 402 2225
385 5987 376 2228
