61294 2040.63
575 10025 320 2415
554 10388 474 2402
533 9855 397 2388
554 9827 357 2516
643 11465 453 2534
607 10970 413 2455
567 10010 390 2431
604 10742 403 2599
513 9261 376 2382
620 10331 447 2491
556 9887 411 2391
536 9571 341 2393
592 10267 420 2466
542 9500 372 2399
543 9418 349 2435
573 10219 433 2447
594 10822 341 2453
635 11344 508 2580
561 9841 357 2392
668 11623 412 2413
615 10311 414 2625
709 13238 482 2533
524 9348 399 2411
589 10481 393 2385
636 11799 378 2473
568 10043 410 2423
523 9288 336 2386
634 11488 427 2392
542 9677 345 2389
600 10652 386 2393
557 10269 373 2324
525 9357 374 2439
581 10691 363 2512
644 11647 512 2483
644 11304 461 2421
612 10752 482 2541
574 9970 373 2500
497 8863 354 2306
525 9308 364 2364
530 9389 408 2405
513 9278 336 2334
540 9452 356 2404
739 13020 418 2626
609 11008 410 2553
587 10106 402 2489
587 9975 380 2442
597 10613 343 2472
716 12605 370 2505
617 10967 378 2359
563 10600 458 2456
568 10265 406 2382
571 10386 399 2473
621 10630 401 2384
461 7915 354 2388
597 10316 387 2457
681 12352 471 2496
585 10656 414 2479
581 10782 376 2447
628 11515 477 2464
625 10874 428 2496
521 9135 348 2453
536 9877 439 2427
612 11035 428 2409
531 9609 390 2598
502 9301 353 2379
550 10070 377 2476
527 9335 393 2464
570 9847 369 2436
619 11227 459 2509
528 9400 371 2396
510 9082 335 2450
564 9916 431 2379
643 11331 389 2612
659 12029 424 2382
586 10307 364 2507
573 10014 395 2523
541 9747 366 2441
615 11484 426 2518
502 9130 314 2425
591 10929 452 2464
524 9626 456 2397
599 11194 365 2508
614 10743 485 2606
655 11469 343 2557
583 10704 406 2381
589 10589 412 2469
549 10144 430 2438
675 11959 417 2550
595 10246 364 2430
560 10418 383 2494
680 12414 533 2541
612 10922 419 2474
586 10256 366 2554
536 9572 409 2433
527 9381 330 2388
598 10916 456 2489
535 9107 380 2423
496 8936 341 2385
592 10805 481 2420
683 12202 449 2428
600 10577 388 2572
567 10334 429 2446
519 9354 337 2383
578 10127 339 2502
543 9548 464 2478
541 9681 403 2372
628 11560 543 2636
581 10446 416 2499
528 9502 319 2411
554 10137 377 2498
505 8888 383 2419
551 9681 373 2377
578 10458 361 2460
679 11780 435 2455
611 10862 406 2588
629 11148 358 2532
604 10877 386 2534
494 9123 339 2346
584 10200 407 2476
476 8646 352 2368
558 9828 383 2531
591 10582 435 2518
577 10552 434 2381
677 12606 511 2527
584 10449 426 2460
491 9043 356 2345
564 10399 454 2511
552 9730 388 2492
524 9058 357 2402
589 10686 450 2431
538 9811 391 2566
534 9331 352 2525
544 9781 386 2486
567 10114 358 2370
552 10007 421 2340
597 10501 375 2465
586 10480 416 2405
609 11167 446 2416
508 9004 365 2545
552 9823 396 2451
671 12063 388 2598
566 10212 476 2475
528 9381 368 2463
615 10876 423 2468
551 10218 359 2379
646 11005 392 2472
599 10858 395 2542
642 11585 532 2450
654 11985 418 2494
599 11142 444 2492
609 10789 428 2378
533 9668 387 2508
527 9574 351 2428
694 12582 414 2494
573 10204 385 2354
542 10029 345 2329
679 12269 454 2472
503 8708 315 2397
567 10293 456 2346
541 9745 387 2348
624 11525 390 2430
576 9943 398 2470
565 9710 382 2437
609 10415 427 2369
580 10220 392 2518
627 10923 368 2483
547 9605 367 2352
575 10615 384 2429
564 9867 326 2533
550 9563 368 2576
565 10284 367 2487
616 10949 356 2525
583 10638 394 2464
530 9703 361 2362
602 10318 393 2390
570 9755 375 2470
679 11727 474 2508
529 9351 387 2396
573 10492 471 2407
570 10664 338 2344
576 10195 371 2498
450 8022 336 2384
579 10755 484 2451
493 8503 384 2494
521 9454 360 2393
595 10311 372 2478
584 10439 394 2441
572 10475 354 2351
630 11648 500 2485
610 10836 441 2436
613 11043 492 2562
519 9513 389 2392
593 10644 400 2524
556 9853 406 2403
572 10412 353 2450
562 10206 371 2456
511 9374 341 2480
502 9084 357 2513
573 10544 409 2437
518 8956 348 2489
449 8278 321 2357
555 10005 389 2537
564 10427 373 2460
607 10856 460 2565
506 9233 374 2367
630 11361 399 2558
577 10405 387 2433
677 12352 582 2547
493 8749 372 2327
554 10000 389 2459
733 13433 535 2561
555 10170 369 2401
548 9423 335 2453
659 11715 386 2339
629 11525 430 2460
532 8999 394 2542
547 9990 407 2389
567 10563 409 2422
482 8646 348 2377
531 9705 416 2550
633 10582 400 2432
600 10442 375 2513
551 10207 475 2450
553 9736 353 2507
548 9749 370 2352
576 10214 348 2445
579 10412 478 2420
627 11097 400 2384
583 10260 437 2489
531 9802 373 2368
650 11841 437 2509
560 9845 421 2424
672 12214 510 2687
507 8902 356 2440
543 9802 410 2523
502 8797 312 2370
598 10840 347 2369
590 10327 371 2378
511 9238 357 2494
512 9318 380 2456
496 8587 342 2450
491 8824 345 2369
624 10697 382 2392
569 10042 352 2407
467 7982 322 2448
561 9947 396 2464
486 8857 378 2362
595 10872 362 2348
532 9464 377 2475
597 10695 368 2486
497 8968 362 2341
525 9323 335 2321
484 8421 340 2472
543 9530 366 2397
702 12260 496 2561
505 8603 329 2341
688 12574 456 2513
624 11208 429 2520
560 9686 366 2373
555 10358 419 2480
578 10762 482 2493
616 10847 427 2470
679 12192 369 2506
615 10823 381 2373
539 9414 337 2448
485 8862 330 2361
620 11082 436 2621
551 9640 382 2337
496 8808 364 2390
685 11943 478 2563
581 10921 402 2385
642 11376 477 2449
548 9573 393 2465
720 13249 421 2580
592 10519 455 2468
511 9018 377 2363
506 9186 372 2400
580 10534 392 2494
631 11756 402 2575
686 11987 487 2656
673 12155 496 2550
599 10268 361 2484
459 8326 330 2358
579 10592 384 2394
525 9437 450 2455
536 9825 431 2451
601 10512 425 2450
561 9909 396 2500
609 10769 434 2565
515 9346 343 2377
609 11026 391 2447
586 10455 349 2377
626 11883 433 2423
526 9443 386 2404
570 9747 355 2516
730 13446 482 2497
562 9881 374 2556
524 9172 337 2492
495 8898 379 2450
595 11092 363 2506
