1 0.0741185
587 10525 405 2744
617 11129 422 2690
576 10813 465 2712
661 12124 408 2674
606 10806 486 2681
595 10214 470 2771
604 10749 476 2738
623 11120 436 2731
590 10504 451 2794
587 10460 505 2792
742 12717 466 2671
594 11026 446 2746
618 11178 420 2772
613 10551 457 2791
619 11434 434 2735
633 11698 418 2751
621 10739 454 2768
642 11206 453 2729
667 11688 473 2706
606 10890 489 2749
643 11661 473 2723
676 11545 417 2803
673 12255 480 2700
649 11774 446 2731
631 11377 492 2730
696 12435 437 2686
638 11334 473 2733
590 11017 508 2785
637 11383 462 2736
619 10981 477 2773
698 11824 454 2719
605 10714 462 2861
620 10910 476 2786
676 12584 436 2699
598 11086 457 2774
701 11886 480 2706
609 11364 451 2765
634 11575 439 2748
676 11265 495 2733
649 11848 455 2730
631 11326 438 2772
616 10678 461 2846
647 11536 435 2764
680 12622 459 2713
635 11350 465 2749
646 12014 478 2727
629 11009 481 2795
617 10977 493 2810
625 11157 453 2770
644 11498 497 2737
713 12926 418 2770
718 12391 431 2769
661 11930 437 2761
625 11100 455 2830
648 11844 458 2742
693 12305 508 2726
702 12041 476 2728
649 11878 585 2727
736 12649 425 2852
748 12983 430 2763
715 13096 458 2721
656 11905 461 2734
643 11118 474 2777
703 12615 510 2729
718 12485 466 2786
806 14297 538 2860
659 11675 496 2784
756 13770 615 2822
636 11437 492 2734
695 12540 495 2806
678 12551 488 2775
720 13141 484 2716
789 13986 527 2811
718 13065 454 2743
676 12489 589 2856
762 13251 487 2775
737 13577 532 2851
704 13280 480 2707
729 13467 454 2751
711 12088 474 2753
782 13525 509 2793
636 10941 452 2741
678 12617 445 2791
708 12563 501 2783
655 11815 492 2790
725 13236 528 2834
624 10907 456 2794
690 11577 558 2847
669 11949 504 2792
626 11181 501 2763
666 12069 522 2820
587 10532 427 2805
684 12241 528 2765
629 10794 433 2785
618 11260 490 2737
744 13089 550 2846
657 11755 476 2776
699 12132 531 2756
663 11933 438 2724
684 12099 472 2768
689 12640 477 2814
668 11616 451 2755
669 11834 401 2740
717 12532 495 2797
679 12251 488 2862
631 11229 467 2762
654 11793 504 2812
710 12166 474 2790
698 12622 465 2767
564 10342 459 2778
654 11926 458 2832
785 14023 504 2794
660 11838 431 2714
664 11592 503 2776
680 12087 465 2749
763 13271 548 2787
734 13798 471 2830
757 13874 529 2781
614 11287 470 2721
721 13035 506 2804
645 11618 494 2799
736 13268 558 2752
632 11639 523 2786
696 12729 532 2781
706 12558 497 2773
675 11608 543 2799
858 15651 626 2903
676 11695 489 2680
688 12342 473 2740
787 14387 571 2828
706 12793 493 2730
708 12350 467 2768
719 13069 462 2648
665 12245 492 2787
703 12349 567 2826
634 11194 443 2775
738 13181 519 2756
741 13646 449 2807
770 13961 565 2818
635 11515 420 2693
731 13297 499 2761
652 12025 500 2829
630 11406 453 2784
751 13582 526 2795
674 11907 553 2779
712 12004 489 2783
685 12566 569 2793
658 12112 471 2735
620 11442 454 2736
632 11509 527 2859
566 10453 405 2717
741 13801 538 2812
679 11803 574 2803
755 13197 508 2781
739 13170 488 2775
667 11826 506 2746
733 13402 536 2771
711 12580 504 2852
633 11323 468 2769
656 11576 506 2739
652 12010 434 2724
629 11470 466 2758
725 12379 500 2741
632 11449 498 2766
662 11962 457 2745
681 11733 479 2772
721 13316 513 2772
750 13931 511 2784
691 12558 479 2864
743 13717 549 2826
743 13439 504 2766
703 12428 498 2816
653 11859 482 2721
649 11466 472 2796
705 12751 503 2793
693 12438 565 2811
774 14076 601 2874
727 13111 532 2736
689 12770 524 2749
690 12541 545 2736
653 11412 467 2783
761 13364 504 2799
816 14176 446 2827
647 11389 429 2719
766 13448 522 2869
703 13012 598 2885
617 10951 447 2702
697 13052 562 2809
647 11694 511 2723
653 11578 532 2837
657 11903 481 2752
674 11932 469 2773
769 14196 595 2808
620 10859 473 2857
726 13137 500 2802
713 12528 515 2851
694 12587 541 2754
690 12483 516 2750
677 11976 508 2781
668 12290 505 2752
670 12010 522 2866
690 12833 459 2793
667 12368 449 2723
644 11442 495 2761
679 12451 491 2752
714 12905 581 2783
729 12563 519 2758
677 11961 485 2750
745 12891 482 2844
693 12933 506 2704
703 12862 537 2816
687 12490 484 2799
605 11257 494 2770
772 14098 648 2837
710 12339 487 2759
651 11343 517 2772
642 11003 469 2769
779 14089 509 2767
627 10895 478 2753
684 11686 548 2807
720 12738 511 2782
677 12260 550 2760
710 12551 534 2808
706 12346 450 2790
776 13342 475 2749
680 12430 492 2750
715 12926 478 2763
627 11405 512 2733
627 11312 457 2776
663 11722 509 2834
685 12185 451 2760
670 11621 490 2813
709 13058 455 2757
673 12288 486 2782
696 12310 480 2817
674 12659 474 2733
640 11972 506 2854
736 13089 522 2776
686 12896 487 2761
694 12996 578 2813
700 12466 545 2765
672 12669 435 2728
719 12881 447 2771
672 12008 556 2818
636 11853 537 2787
700 12492 453 2779
754 13207 502 2803
690 12306 494 2841
815 15430 638 2817
709 12294 465 2770
706 13004 476 2829
637 11350 462 2812
764 13562 518 2768
621 11004 520 2767
769 13747 584 2884
659 11697 510 2779
715 12731 538 2801
686 12360 503 2846
711 12743 442 2743
672 12225 446 2768
743 13185 559 2753
725 13198 570 2751
659 12075 494 2810
784 13289 574 2839
651 12213 589 2795
712 12847 523 2789
703 12954 417 2767
707 13004 640 2810
745 13378 581 2884
735 13219 499 2885
637 11442 544 2820
673 12124 526 2722
786 13692 492 2740
791 14333 506 2795
614 11165 498 2809
625 11491 429 2749
665 11940 513 2720
749 13330 474 2731
683 12232 550 2765
669 11780 518 2796
727 13245 512 2773
668 11781 413 2660
736 13556 539 2841
673 12363 535 2741
630 11469 493 2820
678 12272 474 2799
712 12927 559 2802
766 13779 494 2823
632 11043 453 2791
631 11733 459 2827
583 10615 466 2801
675 12238 496 2811
692 12010 433 2725
696 12065 462 2704
668 11783 478 2732
746 13836 566 2823
621 11056 446 2789
653 11204 467 2764
663 11956 489 2792
673 12057 456 2807
