60933 2700.99
495 8729 350 2389
593 10137 405 2405
566 10248 406 2341
530 9616 372 2453
650 10543 386 2474
644 11403 485 2495
630 11150 407 2421
590 10564 387 2360
567 10016 473 2480
579 10063 479 2463
613 11052 424 2476
615 10938 473 2548
582 10250 422 2433
596 10446 430 2441
594 10656 386 2521
551 9555 350 2361
514 8968 358 2368
668 11690 478 2542
617 11227 454 2469
655 11401 462 2593
662 11866 406 2482
596 10413 435 2538
582 10057 395 2393
514 9282 344 2352
557 10118 369 2436
634 11488 514 2545
575 10082 391 2425
505 8186 321 2368
537 9463 385 2412
613 11201 472 2467
579 10044 433 2510
698 11974 512 2474
581 10117 370 2485
542 9578 339 2370
569 10117 400 2479
645 11223 465 2441
489 8578 321 2396
681 12285 511 2502
577 10382 394 2447
565 9916 394 2504
514 8541 364 2417
610 10649 415 2461
455 7902 350 2358
533 9381 416 2435
510 8936 357 2454
527 9447 380 2346
546 9802 405 2432
601 10143 474 2444
668 12207 448 2449
721 13430 461 2598
570 10097 465 2527
554 9726 444 2383
607 10866 368 2402
581 10628 372 2438
512 8940 375 2433
533 9490 414 2420
456 8144 334 2332
613 10934 370 2475
577 10521 455 2442
597 10209 363 2438
663 11795 454 2608
563 9635 385 2435
714 12842 519 2565
535 9626 366 2330
479 8450 365 2331
495 8799 350 2368
572 10296 379 2458
561 10249 425 2409
603 10358 359 2397
573 10386 505 2456
531 9414 360 2359
520 9067 366 2443
582 9631 422 2423
497 8944 394 2333
599 10858 383 2327
656 11972 407 2414
492 8446 328 2363
507 9005 339 2381
531 9335 353 2394
446 8082 327 2331
624 11120 398 2404
538 9452 461 2529
576 10618 455 2552
470 8253 344 2341
575 10333 392 2379
628 11341 444 2428
594 10450 436 2394
532 9128 372 2403
507 8955 334 2317
598 10464 482 2506
616 11022 494 2518
532 9544 399 2430
521 9545 357 2304
602 10629 417 2403
567 9966 368 2352
518 9455 317 2366
581 10564 427 2446
663 11982 531 2568
710 12497 508 2481
527 9423 328 2324
625 10621 415 2374
524 9009 381 2447
573 10344 407 2405
511 9412 411 2495
490 8403 405 2427
568 10475 410 2431
474 8425 345 2325
521 9303 378 2458
503 8802 388 2392
575 10249 475 2467
610 11052 387 2441
587 10585 509 2447
534 9383 349 2346
519 9099 393 2400
598 10905 407 2344
449 8286 322 2391
529 9591 334 2394
495 8835 361 2372
559 9706 407 2327
634 11643 469 2425
567 10302 390 2572
611 11102 433 2400
566 9749 358 2358
531 9606 401 2410
605 11053 456 2442
595 9551 500 2509
562 9750 366 2341
528 8956 394 2333
583 10046 405 2363
585 10355 394 2374
569 9837 372 2395
583 9752 417 2484
546 9410 407 2371
524 9665 408 2384
654 11919 412 2460
510 9264 362 2368
521 9045 330 2376
559 10072 357 2371
527 9668 359 2432
483 8661 375 2383
536 9615 373 2382
456 7896 320 2379
511 9170 401 2401
652 11363 462 2537
495 8204 362 2379
543 9708 402 2424
693 12171 539 2530
547 9721 388 2465
600 10236 508 2527
535 9186 366 2422
608 10854 363 2341
552 9717 344 2353
587 10398 373 2383
688 12022 482 2519
559 10198 402 2450
671 11677 439 2561
559 9828 436 2500
620 10421 442 2472
511 8962 420 2450
495 9206 442 2391
590 10794 444 2564
533 9581 372 2381
558 9838 348 2384
546 9965 385 2337
505 8610 428 2416
564 9911 371 2427
628 11562 415 2371
626 10860 410 2459
458 8083 343 2421
530 9225 337 2420
564 9839 392 2386
569 10015 428 2409
475 8049 333 2378
487 8770 380 2375
590 10580 466 2569
586 9831 408 2467
548 9268 353 2368
708 12661 434 2434
574 10260 453 2435
489 8813 340 2353
657 11275 414 2506
500 8822 378 2408
452 7785 334 2388
517 9013 393 2452
552 9635 378 2369
535 9540 341 2324
499 8693 334 2367
482 8603 327 2397
530 9264 343 2374
605 10317 462 2479
579 10406 351 2321
485 8627 337 2387
612 10953 440 2481
496 8699 351 2309
503 8809 349 2431
566 9854 392 2392
486 8772 330 2348
488 8596 322 2357
569 10057 375 2402
499 8413 358 2338
558 9926 366 2413
512 8950 324 2331
756 12811 474 2590
528 9188 340 2492
644 10980 513 2592
595 10690 374 2366
618 10513 369 2455
474 8835 374 2355
474 8631 400 2367
595 10497 440 2399
645 10467 479 2465
628 11062 478 2572
500 8334 350 2361
527 9259 345 2456
565 10093 480 2480
575 9786 423 2463
618 11264 531 2540
607 10426 375 2424
579 10409 428 2380
577 10066 353 2382
513 9139 399 2380
607 10714 452 2540
571 9889 422 2508
453 7998 331 2344
523 9221 377 2407
563 9983 426 2407
506 8605 333 2430
474 8302 311 2324
568 9719 458 2463
502 9146 344 2449
571 9370 340 2359
452 8148 317 2332
480 8694 307 2347
570 9665 359 2471
596 10659 470 2461
584 10209 383 2341
542 9694 385 2346
623 11074 390 2428
615 11053 423 2455
592 10595 398 2386
517 8681 437 2418
571 10220 400 2365
529 9339 400 2391
556 9849 423 2417
555 9961 482 2463
533 9623 401 2397
652 11469 513 2561
555 9867 336 2350
439 8033 338 2336
597 10569 386 2478
616 10271 473 2496
554 10179 377 2428
673 11493 482 2596
494 8618 328 2315
548 9657 357 2316
611 10920 459 2405
649 11086 449 2527
578 10351 399 2369
530 9355 368 2456
601 10756 456 2453
531 8840 363 2421
507 8962 335 2443
483 8533 339 2370
551 10113 355 2379
545 9634 401 2515
544 9656 336 2380
694 12045 445 2454
528 9527 421 2435
514 9272 358 2386
524 9393 323 2432
530 9462 346 2329
456 7772 331 2368
554 9634 371 2464
553 9558 365 2390
555 9997 367 2396
523 9644 345 2431
644 11413 480 2515
467 8145 346 2320
615 10656 453 2468
562 10240 445 2518
588 10503 399 2461
572 10380 492 2465
528 9502 390 2407
520 9358 433 2391
651 11573 461 2572
524 9020 360 2364
539 9463 378 2481
587 10578 463 2452
485 8406 325 2366
445 8004 346 2343
614 10779 434 2511
509 8665 339 2413
688 11553 368 2527
582 10699 413 2413
649 10693 380 2458
603 10373 388 2394
533 9004 370 2391
561 9945 400 2405
632 10772 422 2475
556 10331 363 2434
