18934 1051.08
438 6695 438 2224
324 5662 299 2304
324 5662 299 2304
330 5617 301 2303
321 5628 315 2268
438 6695 438 2224
428 6495 428 2225
428 6495 428 2225
418 6381 418 2226
418 6307 418 2227
408 6312 408 2227
408 6312 408 2227
398 6231 398 2228
336 5650 303 2300
324 5662 300 2292
398 6231 398 2228
383 6040 382 2230
388 6352 378 2230
418 6307 418 2227
388 6192 388 2229
388 6192 388 2229
402 6178 402 2228
370 6217 359 2233
368 5975 366 2232
392 6154 392 2229
393 6071 392 2229
402 6178 402 2228
393 6071 392 2229
321 5622 311 2283
330 5693 302 2287
388 6352 378 2230
377 6008 376 2231
333 5780 320 2257
384 6029 382 2230
365 5818 364 2235
355 5809 354 2236
370 5884 370 2234
326 5632 305 2272
376 6092 376 2231
328 5727 314 2262
402 6178 402 2228
362 5956 360 2234
330 5617 301 2303
337 5757 334 2246
325 5644 316 2259
321 5622 316 2275
334 5651 303 2300
354 5952 344 2239
332 5709 299 2284
382 6161 382 2230
418 6381 418 2226
330 5624 304 2280
343 5831 338 2244
332 5669 299 2288
351 5832 344 2240
362 5934 354 2235
340 5731 328 2250
356 5912 344 2239
348 5720 331 2249
382 6161 382 2230
378 6139 359 2233
333 5879 326 2253
325 5682 300 2290
343 5723 340 2243
372 5999 360 2233
360 5895 348 2236
334 5707 304 2276
376 6151 372 2231
384 6029 382 2230
372 6159 359 2233
348 5741 348 2241
330 5658 307 2271
323 5639 310 2269
370 6217 359 2233
327 5664 322 2256
368 5975 366 2232
330 5658 307 2271
325 5645 315 2265
375 6147 359 2233
329 5708 315 2261
402 6178 402 2228
361 5987 350 2235
393 6071 392 2229
325 5682 300 2290
360 5983 360 2234
352 6110 302 2278
339 5766 333 2247
331 5691 300 2279
372 6164 372 2231
324 5662 300 2292
368 6002 360 2233
357 5902 348 2236
327 5664 310 2263
349 5785 346 2239
361 5987 350 2235
321 5627 321 2267
321 5627 321 2267
342 5750 326 2252
325 5672 308 2270
329 5714 314 2262
325 5655 310 2264
325 5676 309 2269
349 5774 348 2237
347 5954 332 2247
344 5766 339 2244
340 5843 323 2254
354 5825 339 2242
332 5669 299 2288
338 5771 327 2251
336 5760 328 2251
329 5738 322 2255
325 5672 308 2270
325 5643 304 2280
356 5905 339 2241
324 5640 305 2272
339 5778 328 2250
328 5753 315 2261
331 5733 322 2255
334 5707 304 2276
332 5734 326 2254
325 5645 315 2265
337 5730 332 2249
321 5622 311 2283
329 5722 316 2258
367 6133 360 2233
336 5849 326 2253
346 5746 332 2248
366 5954 360 2234
352 6110 302 2278
340 5819 333 2246
332 5737 315 2260
333 5780 320 2257
356 5939 354 2235
362 6119 347 2235
356 5921 340 2240
349 5861 346 2237
370 5884 370 2234
342 5750 326 2252
361 5889 348 2236
351 5842 339 2242
383 6040 382 2230
364 6098 347 2235
326 5632 305 2272
342 5830 339 2243
352 5742 338 2244
337 5776 303 2277
325 5626 310 2277
335 5875 328 2250
355 5759 348 2237
364 6160 364 2233
336 5849 326 2253
321 5628 315 2268
333 5703 328 2252
348 5795 338 2244
350 5853 339 2242
350 5853 339 2242
332 5737 315 2260
325 5655 310 2264
343 5712 338 2245
324 5636 310 2277
332 5734 326 2254
331 5691 300 2279
332 5729 321 2256
330 5693 302 2287
378 6144 372 2231
340 5700 334 2246
356 5905 339 2241
356 5903 348 2236
377 6008 376 2231
355 5809 354 2236
364 6098 347 2235
348 5759 334 2245
346 5746 332 2248
325 5644 316 2259
329 5722 316 2258
355 5773 346 2238
364 5876 360 2235
350 5745 348 2238
321 5627 321 2267
332 5709 299 2284
343 5723 340 2243
337 5776 303 2277
349 5774 348 2237
345 5698 334 2246
392 6154 392 2229
354 5866 354 2236
340 5843 323 2254
327 5664 310 2263
321 5622 316 2275
363 5762 333 2246
344 5766 339 2244
376 6140 359 2233
378 6144 372 2231
361 5987 350 2235
336 5650 303 2300
345 5822 340 2241
350 5745 348 2238
326 5661 307 2271
367 5967 366 2233
323 5639 310 2269
363 5972 350 2234
333 5879 326 2253
357 5924 346 2236
372 5999 360 2233
352 6110 302 2278
338 5718 332 2249
337 5757 334 2246
331 5733 322 2255
355 5968 346 2236
340 5779 334 2245
362 5956 360 2234
347 5954 332 2247
348 5752 340 2241
375 6147 359 2233
338 5728 326 2253
351 5817 332 2247
329 5708 315 2261
335 5875 328 2250
326 5661 307 2271
365 5818 364 2235
376 6140 359 2233
343 5831 338 2244
338 5728 326 2253
346 5746 332 2248
352 5799 332 2247
342 5790 333 2246
325 5676 309 2269
363 5762 333 2246
348 5720 331 2249
366 5954 360 2234
364 5876 360 2235
362 6119 347 2235
354 5866 354 2236
351 5933 340 2240
356 5925 346 2236
355 5965 354 2235
334 5741 332 2250
367 6133 360 2233
338 5771 327 2251
350 5747 340 2241
360 5913 360 2235
349 5861 346 2237
321 5627 321 2267
343 5831 338 2244
349 5861 346 2237
357 5902 348 2236
343 5815 340 2242
376 6092 376 2231
360 5895 348 2236
330 5617 301 2303
356 5939 354 2235
378 6139 359 2233
348 5795 338 2244
340 5768 331 2249
362 5934 354 2235
354 5825 339 2242
362 6134 354 2234
351 5785 346 2238
333 5879 326 2253
324 5636 310 2277
376 6151 372 2231
328 5753 315 2261
360 5983 360 2234
352 5799 332 2247
340 5678 332 2249
372 6164 372 2231
350 5747 340 2241
333 5703 328 2252
377 6146 372 2231
368 6002 360 2233
340 5700 334 2246
352 5742 338 2244
324 5640 305 2272
345 5822 340 2241
364 5876 360 2235
363 5972 350 2234
356 5921 340 2240
354 5969 346 2236
348 5777 333 2246
351 5817 332 2247
330 5624 304 2280
340 5678 332 2249
348 5772 348 2240
343 5712 338 2245
345 5698 334 2246
355 5965 354 2235
354 5952 344 2239
343 5815 340 2242
329 5714 314 2262
338 5718 332 2249
362 6134 354 2234
325 5643 304 2280
354 5969 346 2236
348 5752 340 2241
339 5778 328 2250
360 5913 360 2235
357 5924 346 2236
325 5626 310 2277
329 5738 322 2255
355 5773 346 2238
