13943 420.153
392 6591 391 2237
391 6596 391 2237
390 6620 311 2282
355 6195 311 2291
355 6195 311 2291
340 5976 315 2268
340 5976 315 2268
385 6540 381 2238
375 6468 375 2239
341 6074 323 2261
390 6620 311 2282
375 6363 375 2240
381 6599 381 2238
349 6132 314 2276
350 6202 342 2248
359 6189 359 2243
341 6074 323 2261
344 6118 327 2258
369 6485 349 2242
364 6402 332 2245
375 6404 365 2241
368 6384 311 2285
371 6407 325 2257
351 6120 313 2277
381 6599 381 2238
362 6392 343 2243
366 6424 315 2266
392 6591 391 2237
358 6308 327 2253
365 6405 365 2241
346 6183 331 2251
361 6334 349 2243
369 6419 359 2241
385 6540 381 2238
348 6162 313 2284
346 6123 326 2257
370 6430 325 2256
368 6384 311 2285
352 6145 319 2266
361 6269 359 2242
361 6398 331 2248
353 6302 320 2263
364 6538 325 2256
349 6132 314 2276
369 6514 365 2240
346 6183 331 2251
365 6496 315 2266
362 6433 332 2245
356 6331 319 2265
348 6145 332 2249
353 6375 323 2260
347 6128 327 2255
352 6229 342 2246
354 6249 343 2244
369 6514 365 2240
358 6308 327 2253
353 6302 320 2263
366 6491 349 2242
347 6166 326 2256
359 6344 323 2258
359 6349 359 2242
354 6206 323 2259
348 6162 313 2284
363 6320 315 2267
348 6153 343 2245
344 6118 327 2258
351 6120 313 2277
352 6229 342 2246
353 6314 325 2258
363 6481 359 2241
369 6419 359 2241
359 6345 326 2255
375 6363 375 2240
353 6375 323 2260
366 6456 359 2241
366 6464 342 2244
363 6320 315 2267
356 6353 332 2246
357 6212 319 2264
362 6392 343 2243
354 6249 343 2244
351 6183 320 2264
358 6288 331 2249
357 6212 319 2264
351 6183 320 2264
354 6206 323 2259
352 6137 332 2247
351 6144 331 2254
364 6402 332 2245
363 6481 359 2241
355 6193 331 2250
359 6349 359 2242
353 6140 327 2254
347 6166 326 2256
391 6596 391 2237
358 6288 331 2249
357 6317 331 2249
353 6140 327 2254
357 6285 332 2246
354 6215 325 2258
353 6270 331 2250
357 6285 332 2246
352 6137 332 2247
371 6407 325 2257
356 6331 319 2265
355 6193 331 2250
350 6214 332 2247
354 6333 342 2245
350 6214 332 2247
375 6468 375 2239
353 6270 331 2250
359 6344 323 2258
348 6153 343 2245
366 6464 342 2244
366 6456 359 2241
358 6296 342 2245
352 6146 343 2245
366 6491 349 2242
358 6296 342 2245
364 6423 325 2257
346 6123 326 2257
369 6485 349 2242
369 6467 325 2256
359 6189 359 2243
356 6353 332 2246
350 6202 342 2248
362 6433 332 2245
357 6317 331 2249
375 6404 365 2241
365 6405 365 2241
354 6333 342 2245
361 6269 359 2242
359 6345 326 2255
352 6146 343 2245
392 6591 391 2237
392 6591 391 2237
392 6591 391 2237
392 6591 391 2237
392 6591 391 2237
392 6591 391 2237
392 6591 391 2237
392 6591 391 2237
392 6591 391 2237
392 6591 391 2237
392 6591 391 2237
392 6591 391 2237
392 6591 391 2237
392 6591 391 2237
414 7204 381 2238
402 6962 331 2251
393 6619 391 2237
391 6688 391 2237
368 6323 343 2246
359 6328 332 2246
411 7099 331 2248
384 6818 342 2245
396 6903 342 2244
368 6527 349 2242
379 6625 365 2240
380 6557 375 2239
375 6580 375 2240
367 6466 365 2241
367 6441 359 2242
375 6558 359 2241
361 6413 349 2243
363 6432 343 2243
366 6350 343 2245
371 6406 359 2242
376 6604 375 2239
366 6405 343 2244
377 6646 365 2240
372 6584 359 2241
378 6446 375 2240
361 6413 349 2243
363 6365 349 2243
363 6365 349 2243
431 7461 342 2244
405 6692 391 2237
396 6762 391 2237
367 6350 359 2246
363 6383 332 2246
384 6765 375 2239
368 6561 349 2242
393 6724 391 2238
400 6665 375 2239
387 6716 381 2239
382 6642 365 2240
376 6512 343 2243
383 6633 359 2241
370 6471 365 2241
365 6468 343 2245
372 6445 359 2243
380 6651 375 2240
377 6421 359 2242
379 6708 365 2240
366 6412 343 2244
394 6654 391 2238
388 6743 375 2239
375 6678 359 2241
381 6459 375 2240
395 6686 375 2239
369 6453 359 2242
403 6812 349 2242
401 6832 391 2237
395 6910 391 2238
380 6735 332 2246
374 6418 343 2247
363 6453 342 2252
395 6729 375 2239
389 6667 359 2241
370 6502 343 2244
372 6550 359 2242
387 6443 343 2244
396 6790 391 2238
377 6462 343 2246
383 6808 365 2240
382 6681 375 2240
379 6612 343 2243
380 6599 365 2241
381 6425 359 2243
383 6566 375 2240
380 6693 359 2241
383 6593 365 2241
383 6808 365 2240
415 7211 342 2246
406 6897 391 2237
373 6527 343 2244
370 6574 359 2244
407 7160 349 2242
399 6818 391 2238
398 6796 375 2239
385 6669 375 2240
393 6652 365 2241
395 6703 359 2241
379 6615 359 2243
384 6662 343 2243
374 6702 359 2242
389 6591 375 2240
387 6585 365 2242
387 6672 365 2241
381 6667 349 2243
381 6721 343 2243
388 6782 359 2241
390 6712 359 2241
423 7180 391 2237
383 6535 383 2244
381 6555 358 2248
378 6582 343 2244
376 6680 349 2246
413 7028 375 2239
396 6947 343 2243
401 6848 391 2239
387 6772 365 2241
408 6633 383 2242
386 6720 375 2240
389 6811 359 2242
383 6719 349 2243
412 7132 375 2239
392 6653 375 2240
391 6648 391 2243
391 6684 391 2241
421 7226 375 2239
389 6673 343 2244
380 6628 359 2245
403 6911 359 2242
386 6786 375 2240
401 6824 365 2241
397 6847 359 2243
388 6728 375 2241
430 7373 375 2239
400 6792 391 2240
398 6885 343 2248
392 6671 365 2245
390 6800 359 2251
385 6713 381 2248
412 7069 359 2242
406 6909 343 2244
390 6772 375 2241
387 6725 381 2245
402 7044 359 2243
405 7054 343 2246
401 6838 375 2240
396 6901 375 2240
399 6887 375 2240
424 7077 343 2253
414 7296 359 2243
404 6854 381 2240
399 6965 375 2240
395 6674 375 2255
390 6848 375 2242
404 6916 375 2240
401 7003 375 2240
397 6941 381 2248
395 7056 383 2243
405 7132 375 2240
405 7054 391 2242
422 7153 375 2241
415 7227 375 2240
426 7657 375 2241
415 7303 375 2245
