75861 2400.66
377 6839 310 2467
390 7024 317 2443
374 6894 315 2463
376 6827 321 2459
391 7059 307 2463
397 7338 323 2440
399 7230 311 2454
459 8040 328 2436
379 6916 323 2455
437 8024 323 2437
421 7649 307 2456
385 7097 320 2450
463 8358 312 2447
440 7908 311 2449
435 7711 323 2438
408 7477 305 2468
417 7527 328 2439
392 7336 304 2483
395 7181 305 2473
415 7616 317 2440
439 7941 305 2460
445 8180 304 2468
473 8699 317 2439
397 7303 316 2447
393 6955 311 2462
461 8569 307 2455
416 7329 307 2459
388 7306 328 2445
393 7244 310 2460
410 7408 304 2477
391 7012 328 2444
413 7478 315 2450
412 7548 307 2458
412 7427 317 2441
455 7744 305 2461
389 7007 317 2454
424 7739 311 2451
388 6975 307 2490
389 7107 306 2486
408 7021 307 2478
423 7444 316 2445
380 6928 315 2462
419 7679 311 2452
390 7140 316 2457
425 7656 304 2475
464 8263 306 2459
451 7882 304 2471
435 7999 316 2444
387 7076 310 2465
388 7116 307 2473
474 8516 316 2443
406 7156 305 2475
386 7189 307 2486
378 6950 334 2455
417 7422 320 2440
387 7129 307 2477
440 7485 306 2466
415 7171 299 2481
551 9764 342 2435
551 9764 342 2435
415 7171 299 2481
370 6774 309 2498
370 6774 309 2498
555 10361 361 2562
520 9295 341 2517
551 9571 360 2492
505 9152 343 2524
526 9521 373 2545
544 9332 356 2528
504 8856 351 2530
592 10445 355 2529
581 9694 333 2534
529 9758 355 2531
536 9923 375 2523
534 9647 399 2513
558 10051 388 2522
503 9163 371 2530
547 9768 376 2560
583 10748 375 2526
550 9418 399 2574
523 9424 374 2540
526 9636 387 2541
503 9136 376 2497
531 9691 376 2521
587 10634 390 2539
546 9513 356 2566
527 9796 395 2532
569 10526 378 2497
543 10081 361 2553
509 9307 389 2572
664 11553 383 2572
617 11396 393 2514
515 9489 348 2540
525 9621 382 2562
459 8567 396 2546
575 10380 353 2538
583 10509 341 2506
579 10464 387 2555
542 9969 362 2541
598 10931 373 2544
538 9979 381 2506
500 9323 376 2524
564 10648 395 2511
551 9881 343 2553
539 9346 376 2543
547 9856 355 2557
511 9189 348 2547
589 10314 423 2568
579 10734 367 2576
574 10580 413 2517
527 9070 336 2527
564 10209 399 2570
524 9475 377 2515
624 11524 378 2589
560 10229 396 2525
523 9246 341 2514
566 10286 394 2541
632 11607 353 2526
559 9481 371 2539
535 9835 416 2566
596 10376 356 2532
577 10669 368 2540
552 10122 343 2525
645 11428 401 2527
569 10041 375 2577
605 10133 348 2526
508 9149 337 2524
571 10138 357 2548
585 10670 427 2553
562 10346 398 2540
469 8386 352 2571
565 10183 357 2529
532 9700 381 2542
493 8782 364 2524
536 9740 389 2520
566 10032 371 2533
556 9930 383 2505
529 9272 372 2538
554 10263 384 2546
551 10027 392 2552
568 10309 361 2527
568 10268 370 2520
575 10044 361 2503
549 9706 395 2534
545 9904 344 2581
556 9835 369 2549
517 9402 439 2543
527 9891 355 2515
540 9681 335 2546
599 11179 432 2580
540 9567 362 2545
523 9215 371 2512
560 9969 375 2529
567 10061 440 2581
534 9478 379 2553
572 10275 356 2543
535 9374 375 2547
536 9611 342 2559
523 9540 362 2521
538 9860 352 2550
536 9780 369 2587
510 9361 383 2488
563 10088 347 2507
599 10355 368 2539
538 9807 385 2547
464 8539 356 2491
489 8833 390 2536
470 8626 379 2559
561 10345 415 2536
516 9512 405 2545
522 9266 367 2557
516 9610 364 2536
513 9382 363 2506
478 8598 354 2554
577 10663 361 2539
621 11140 363 2536
518 9514 369 2533
580 10360 392 2539
560 10156 363 2518
518 9589 392 2567
493 9251 362 2525
590 10461 378 2538
596 10985 403 2538
634 10972 370 2594
577 10756 377 2516
582 10495 340 2540
469 8828 357 2531
609 11324 355 2560
546 9994 377 2538
586 10368 402 2556
539 9682 356 2497
540 9841 389 2565
525 9788 407 2567
582 9963 359 2516
525 9648 393 2577
543 9558 337 2576
533 9910 384 2529
495 8825 398 2531
561 10160 363 2547
551 9946 347 2529
578 10291 423 2535
593 10941 361 2523
502 9303 368 2554
569 10022 351 2562
572 10351 327 2523
523 9591 383 2503
532 9730 349 2523
543 9715 357 2501
549 9395 359 2517
558 10129 361 2557
510 9433 350 2547
540 10029 384 2531
579 10467 405 2598
552 9592 391 2582
598 10550 355 2522
464 8481 333 2519
534 10006 363 2520
536 9755 367 2535
576 10390 356 2518
570 10606 388 2556
519 9491 383 2529
527 9486 376 2561
621 11434 363 2547
534 9445 367 2560
531 9604 377 2532
514 8799 354 2556
608 11577 383 2547
571 10119 380 2520
578 10667 370 2548
532 9882 374 2532
526 9452 346 2539
604 10673 390 2576
638 11545 350 2569
553 10187 360 2574
467 8441 340 2509
601 11105 356 2563
583 10616 376 2557
493 8668 376 2563
528 9610 339 2526
564 10125 395 2526
579 10271 364 2569
555 9962 392 2556
585 10589 415 2548
550 9774 369 2516
528 9798 382 2530
573 10254 391 2520
525 9545 391 2585
615 10942 361 2518
490 8906 349 2523
480 8750 391 2524
582 10542 356 2551
483 8832 386 2544
557 9827 374 2525
472 8896 354 2509
609 11308 400 2553
542 9528 351 2494
529 9835 333 2547
507 9297 343 2518
549 9874 406 2518
534 9530 399 2553
650 11379 402 2542
543 9876 408 2587
513 9241 389 2526
546 9529 386 2548
574 10319 356 2536
560 10268 369 2540
579 10030 362 2551
601 10827 425 2547
545 9550 368 2534
504 9095 378 2533
507 9401 358 2555
600 10840 368 2546
554 9465 368 2527
559 10201 351 2547
554 10170 355 2533
504 9154 416 2572
566 10474 376 2523
583 10775 404 2517
504 9144 346 2513
539 9529 362 2523
608 10989 385 2565
543 9861 347 2560
518 9208 388 2556
544 9763 357 2517
563 9989 368 2523
542 9461 355 2575
641 11474 359 2571
512 9195 339 2529
513 9097 347 2537
525 9575 372 2548
501 9380 391 2534
607 11013 346 2518
563 10144 354 2519
554 10118 382 2578
527 9458 362 2515
489 9054 340 2512
575 10047 366 2557
485 8675 334 2552
527 9333 353 2561
557 10092 376 2545
