135559 1260.22
424 7865 351 2452
523 8699 385 2381
501 9023 299 2470
448 7747 332 2529
465 7605 340 2427
473 8700 323 2367
529 9721 304 2465
540 9536 303 2429
523 8699 385 2381
448 7747 332 2529
460 7903 308 2487
465 8473 367 2401
494 8028 355 2413
529 9721 304 2465
465 8473 367 2401
465 8473 367 2401
501 9023 299 2470
505 9256 315 2393
536 9396 307 2429
540 9536 303 2429
505 9256 315 2393
536 9396 307 2429
511 8835 311 2422
473 8700 323 2367
424 7865 351 2452
460 7903 308 2487
448 8121 344 2438
427 7606 335 2469
502 8672 321 2424
518 9474 310 2432
477 8667 329 2417
484 8757 305 2437
477 8667 329 2417
433 7806 326 2452
505 9256 315 2393
460 7903 308 2487
452 7732 324 2465
427 7606 335 2469
483 7912 312 2460
458 7986 348 2441
516 8492 317 2429
448 8121 344 2438
492 8641 330 2415
524 8670 324 2403
436 7943 325 2475
489 8469 328 2424
443 7779 331 2471
443 7779 331 2471
453 7892 322 2478
424 7865 351 2452
518 9474 310 2432
457 8392 313 2441
471 8031 314 2455
444 8049 307 2445
518 9474 310 2432
498 8569 323 2417
436 7943 325 2475
487 8693 325 2415
492 8641 330 2415
483 7912 312 2460
458 7986 348 2441
467 8104 338 2396
465 8473 367 2401
496 8486 309 2443
465 7605 340 2427
475 8200 323 2438
536 9396 307 2429
439 8082 331 2441
496 8486 309 2443
436 7943 325 2475
462 8156 311 2439
484 8757 305 2437
470 8491 318 2428
427 7606 335 2469
489 8469 328 2424
455 8062 331 2405
498 8569 323 2417
518 9474 310 2432
505 9256 315 2393
458 7918 321 2473
458 7986 348 2441
467 8104 338 2396
427 7606 335 2469
492 8641 330 2415
483 7912 312 2460
467 8104 338 2396
529 9721 304 2465
467 8104 338 2396
467 8104 338 2396
484 8757 305 2437
516 8492 317 2429
443 7779 331 2471
516 8492 317 2429
498 8569 323 2417
465 7605 340 2427
467 8104 338 2396
487 8693 325 2415
433 7806 326 2452
518 9474 310 2432
439 8082 331 2441
465 8473 367 2401
470 8491 318 2428
471 8031 314 2455
427 7606 335 2469
502 8672 321 2424
448 7747 332 2529
498 8569 323 2417
455 8062 331 2405
475 8200 323 2438
505 9256 315 2393
524 8670 324 2403
453 7892 322 2478
465 8473 367 2401
460 7903 308 2487
462 8156 311 2439
470 8491 318 2428
453 7892 322 2478
494 8028 355 2413
489 8469 328 2424
453 7892 322 2478
465 8330 323 2434
462 8156 311 2439
473 8700 323 2367
518 9474 310 2432
468 8105 324 2427
457 8392 313 2441
462 8156 311 2439
518 9474 310 2432
457 8392 313 2441
467 8425 315 2430
457 8392 313 2441
458 8454 315 2437
467 8425 315 2430
453 7892 322 2478
518 9474 310 2432
453 7892 322 2478
462 8156 311 2439
518 9474 310 2432
458 7986 348 2441
444 8049 307 2445
487 8693 325 2415
458 7918 321 2473
524 8670 324 2403
505 9256 315 2393
505 9256 315 2393
518 9474 310 2432
453 7892 322 2478
465 8473 367 2401
518 9474 310 2432
427 7606 335 2469
468 8105 324 2427
465 8473 367 2401
471 8031 314 2455
518 9474 310 2432
498 8569 323 2417
465 8473 367 2401
468 8105 324 2427
458 8454 315 2437
436 7943 325 2475
455 8062 331 2405
540 9536 303 2429
484 8757 305 2437
448 8121 344 2438
473 8700 323 2367
498 8569 323 2417
487 8693 325 2415
483 7912 312 2460
465 8473 367 2401
458 7918 321 2473
457 8392 313 2441
467 8104 338 2396
505 9256 315 2393
458 7986 348 2441
475 8200 323 2438
523 8699 385 2381
453 7892 322 2478
505 9256 315 2393
501 9023 299 2470
529 9721 304 2465
475 8200 323 2438
494 8028 355 2413
427 7606 335 2469
468 8105 324 2427
492 8641 330 2415
433 7806 326 2452
471 8031 314 2455
458 7986 348 2441
458 7986 348 2441
523 8699 385 2381
524 8670 324 2403
465 7605 340 2427
460 7903 308 2487
473 8700 323 2367
473 8700 323 2367
460 7903 308 2487
424 7865 351 2452
468 8105 324 2427
489 8469 328 2424
458 7986 348 2441
465 7605 340 2427
505 9256 315 2393
523 8699 385 2381
467 8104 338 2396
523 8699 385 2381
467 8425 315 2430
492 8641 330 2415
505 9256 315 2393
540 9536 303 2429
505 9256 315 2393
457 8392 313 2441
536 9396 307 2429
492 8641 330 2415
516 8492 317 2429
427 7606 335 2469
489 8469 328 2424
455 8062 331 2405
498 8569 323 2417
505 9256 315 2393
492 8641 330 2415
483 7912 312 2460
467 8104 338 2396
529 9721 304 2465
443 7779 331 2471
470 8491 318 2428
424 7865 351 2452
487 8693 325 2415
470 8491 318 2428
471 8031 314 2455
498 8569 323 2417
455 8062 331 2405
505 9256 315 2393
453 7892 322 2478
460 7903 308 2487
540 9536 303 2429
483 7912 312 2460
433 7806 326 2452
460 7903 308 2487
452 7732 324 2465
427 7606 335 2469
448 8121 344 2438
492 8641 330 2415
489 8469 328 2424
443 7779 331 2471
424 7865 351 2452
487 8693 325 2415
470 8491 318 2428
458 7986 348 2441
496 8486 309 2443
475 8200 323 2438
439 8082 331 2441
496 8486 309 2443
448 8121 344 2438
462 8156 311 2439
484 8757 305 2437
473 8700 323 2367
467 8104 338 2396
505 9256 315 2393
523 8699 385 2381
505 9256 315 2393
501 9023 299 2470
529 9721 304 2465
475 8200 323 2438
458 7986 348 2441
523 8699 385 2381
524 8670 324 2403
458 7918 321 2473
473 8700 323 2367
468 8105 324 2427
505 9256 315 2393
523 8699 385 2381
467 8104 338 2396
523 8699 385 2381
467 8425 315 2430
492 8641 330 2415
505 9256 315 2393
505 9256 315 2393
536 9396 307 2429
468 8105 324 2427
462 8156 311 2439
457 8392 313 2441
467 8425 315 2430
453 7892 322 2478
518 9474 310 2432
453 7892 322 2478
462 8156 311 2439
505 9256 315 2393
536 9396 307 2429
427 7606 335 2469
468 8105 324 2427
518 9474 310 2432
540 9536 303 2429
484 8757 305 2437
473 8700 323 2367
438 7866 331 2451
518 9474 310 2432
540 9536 303 2429
498 8569 323 2417
448 8121 344 2438
540 9536 303 2429
467 8104 338 2396
