7229 371.59
508 9290 332 2236
471 7922 390 2219
457 8144 390 2219
392 6619 331 2247
382 6802 299 2294
382 6802 299 2294
373 6800 321 2268
508 9290 332 2236
470 8568 307 2265
416 7312 390 2224
431 7739 380 2220
388 6983 299 2286
466 8118 370 2221
448 8324 307 2266
456 7689 354 2223
421 7657 364 2222
378 6865 307 2279
379 6756 315 2270
427 7577 380 2221
470 8568 307 2265
409 7029 364 2227
459 7437 339 2233
388 6973 339 2239
452 7582 374 2221
452 7977 299 2276
422 7189 358 2223
437 7424 348 2225
456 7689 354 2223
386 7020 331 2261
381 7147 320 2251
429 7777 303 2271
466 8118 370 2221
401 7286 358 2230
438 7936 310 2260
418 7520 304 2267
409 7293 342 2229
405 7464 346 2231
450 8010 299 2279
441 7623 308 2266
421 7564 374 2222
419 7329 316 2253
426 7430 323 2244
402 7013 334 2237
433 7465 322 2245
421 7539 321 2246
435 7737 348 2224
407 7124 304 2282
458 8000 312 2256
383 7068 326 2253
404 7338 316 2252
385 6997 311 2271
392 6619 331 2247
427 7390 309 2263
393 7006 314 2268
423 7301 340 2230
401 7032 307 2277
396 7065 320 2254
470 7593 314 2255
403 6928 328 2239
432 7639 308 2264
389 6868 331 2248
412 7234 302 2283
445 7515 315 2253
400 7107 299 2285
388 7171 323 2249
469 8205 307 2266
402 7422 301 2278
395 6988 302 2284
382 6929 315 2269
399 7226 322 2250
380 6977 308 2273
458 8253 307 2266
428 7413 320 2247
388 7094 342 2233
417 7362 346 2228
448 8324 307 2266
408 7426 340 2232
398 7260 310 2270
396 6829 342 2235
451 7915 326 2241
440 7274 331 2238
387 7096 327 2243
436 7856 312 2258
466 8231 307 2266
409 7569 299 2280
411 7713 307 2267
397 7098 334 2234
443 7881 302 2272
415 7318 327 2240
415 7078 321 2249
411 7357 307 2274
458 8089 390 2219
373 6800 321 2268
443 7881 302 2272
403 7394 301 2278
393 7288 307 2275
419 7550 310 2262
446 7671 339 2231
439 7453 346 2226
379 6964 309 2276
424 7352 326 2242
439 7411 347 2225
397 6782 312 2279
409 7378 347 2226
425 7404 346 2227
398 6856 307 2284
394 6954 327 2242
413 7564 321 2250
391 7193 327 2241
420 7678 308 2265
446 7492 312 2257
401 7277 299 2281
423 7805 339 2233
469 8205 307 2266
457 8144 390 2219
397 6913 311 2273
410 7308 332 2237
381 7147 320 2251
426 7502 339 2232
394 7134 326 2248
390 6965 315 2259
452 7683 333 2235
430 7645 347 2225
413 7183 346 2229
396 6966 334 2240
386 7109 315 2258
419 7632 323 2244
407 7443 312 2259
399 7124 323 2245
403 7203 326 2243
444 8111 339 2231
422 7263 332 2238
418 7456 364 2223
431 7842 314 2256
417 7419 333 2236
405 7285 358 2231
403 6928 328 2239
402 7013 334 2237
415 7238 333 2237
392 7273 333 2239
404 7454 315 2255
431 7739 380 2220
451 7839 333 2235
437 7898 333 2235
449 7848 333 2235
429 7950 333 2235
383 7068 326 2253
430 7966 331 2238
446 7492 312 2257
397 6913 311 2273
572 10006 340 2231
535 9243 358 2223
481 8520 323 2248
477 8388 331 2267
463 8486 374 2226
438 7628 352 2243
425 7766 347 2258
515 9261 334 2235
520 8739 364 2225
487 8827 333 2237
529 9099 331 2240
430 7879 339 2244
475 8742 326 2243
449 8157 342 2229
462 8011 346 2228
482 8680 346 2227
458 8005 332 2238
433 7910 348 2228
455 7885 342 2230
439 7888 358 2233
441 7922 334 2236
477 8304 339 2234
517 9143 339 2233
439 7922 347 2240
550 9770 374 2224
499 8850 331 2247
462 7931 358 2237
444 8134 366 2238
541 9634 334 2235
509 9209 356 2227
530 9010 346 2227
499 8856 358 2227
458 7986 353 2246
466 8502 351 2231
488 8414 339 2234
454 8032 347 2242
467 8559 342 2229
469 8201 374 2228
446 8194 352 2242
488 8973 332 2246
450 8057 334 2238
479 8248 342 2236
508 8228 348 2234
449 8103 358 2233
476 8323 346 2229
464 8399 333 2247
471 8277 342 2236
448 8221 346 2242
477 8091 334 2237
595 10578 334 2236
499 8985 358 2227
480 8424 364 2232
472 8609 334 2249
469 7968 360 2249
464 8162 348 2250
454 8115 360 2242
537 9598 334 2237
492 9048 340 2234
490 8482 348 2232
474 8174 358 2236
478 8169 345 2242
460 8328 339 2238
492 8605 342 2229
457 8414 345 2240
491 8903 339 2235
484 8625 346 2230
482 8761 347 2237
466 8323 339 2240
473 8720 334 2239
483 8516 358 2229
487 8507 346 2232
486 8656 348 2229
549 9751 342 2229
534 9384 364 2227
495 8862 334 2243
474 8359 344 2246
467 8523 340 2244
511 8619 354 2242
530 9662 346 2229
498 8964 339 2236
490 8695 350 2238
483 8902 358 2231
517 9184 340 2234
487 8417 358 2241
501 8777 358 2230
515 9175 347 2229
499 9037 358 2228
507 8690 346 2239
502 9203 348 2230
506 8711 348 2235
490 8538 358 2233
497 8854 342 2231
498 8716 348 2232
505 8800 340 2239
492 8900 358 2231
563 9938 340 2234
531 9691 337 2243
514 9279 374 2229
484 8575 340 2245
471 8581 354 2244
533 9741 340 2237
522 9639 339 2241
516 9366 348 2230
498 8813 352 2238
510 8828 364 2234
511 9154 342 2232
493 8964 358 2240
520 8883 347 2233
515 8627 358 2233
504 9183 342 2235
502 8984 348 2231
501 9249 340 2240
496 8627 358 2235
509 8858 342 2241
506 8838 358 2231
510 8945 342 2233
560 10578 374 2229
534 9257 340 2260
507 8848 354 2243
505 9459 340 2248
502 9020 352 2244
523 9635 344 2246
519 8941 352 2251
527 8879 374 2232
534 9450 342 2232
520 9298 345 2236
506 9074 348 2231
527 9523 342 2232
521 9038 346 2244
607 10556 348 2231
545 9249 356 2231
533 9567 342 2243
511 9114 358 2234
504 9279 366 2249
549 9880 342 2234
520 9184 354 2242
532 9757 346 2239
539 9514 346 2244
530 9133 346 2248
527 9479 348 2232
519 9168 356 2235
556 9692 358 2232
553 9808 366 2232
531 9507 353 2240
515 9313 374 2248
514 9361 374 2243
597 10198 374 2235
542 9524 353 2241
532 9836 373 2245
577 10414 382 2241
508 9290 332 2236
471 7922 390 2219
457 8144 390 2219
392 6619 331 2247
382 6802 299 2294
382 6802 299 2294
373 6800 321 2268
508 9290 332 2236
470 8568 307 2265
466 8118 370 2221
416 7312 390 2224
431 7739 380 2220
388 6983 299 2286
448 8324 307 2266
379 6756 315 2270
409 7029 364 2227
427 7577 380 2221
418 7520 304 2267
458 8253 307 2266
470 8568 307 2265
421 7657 364 2222
456 7689 354 2223
378 6865 307 2279
421 7564 374 2222
381 7147 320 2251
454 8069 309 2263
452 7582 374 2221
430 7323 342 2229
388 6973 339 2239
422 7189 358 2223
383 7068 326 2253
402 7040 346 2228
437 7424 348 2225
456 7689 354 2223
446 7492 312 2257
432 7639 308 2264
419 7550 310 2262
408 7009 328 2239
466 8118 370 2221
405 7361 358 2226
452 7977 299 2276
379 6964 309 2276
386 7031 331 2245
417 7177 323 2244
419 7329 316 2253
402 7013 334 2237
397 6913 311 2273
384 6926 327 2246
417 7042 340 2230
424 7455 315 2253
385 6810 316 2255
395 7078 304 2283
392 6619 331 2247
390 6970 315 2268
434 7708 333 2235
451 7494 347 2225
440 7816 312 2256
429 7876 299 2280
439 7899 310 2261
469 8205 307 2266
394 7294 340 2235
393 7257 315 2254
450 8010 299 2279
396 7235 314 2256
406 7245 346 2226
389 7142 333 2242
396 7032 342 2230
388 7171 323 2249
382 6953 332 2244
380 6977 308 2273
415 7461 312 2259
401 7403 348 2229
448 7809 326 2241
398 6856 307 2284
442 7659 390 2220
412 7600 312 2259
466 8231 307 2266
385 6997 311 2271
401 7277 299 2281
446 7950 320 2248
400 7107 299 2285
373 6800 321 2268
416 7196 321 2246
401 7032 307 2277
395 6988 302 2284
411 7086 323 2249
450 7606 339 2232
429 7777 303 2271
398 7089 322 2245
425 7263 308 2270
404 7338 316 2252
399 7312 309 2265
397 6782 312 2279
470 7593 314 2255
428 7391 326 2243
448 7963 320 2247
421 7652 312 2258
435 7976 339 2231
429 7395 327 2240
400 7108 320 2250
439 7747 347 2225
435 7737 348 2224
405 7207 312 2266
403 7394 301 2278
433 7846 348 2225
426 7426 339 2233
409 7086 327 2241
443 7881 302 2272
469 8205 307 2266
398 7017 322 2252
457 8144 390 2219
443 8075 374 2221
402 7349 312 2261
400 7378 332 2238
414 7368 342 2229
387 7108 307 2278
400 7255 328 2240
416 7246 331 2238
397 7098 334 2234
423 7809 333 2235
407 7124 304 2282
448 8324 307 2266
438 7936 310 2260
438 7936 310 2260
378 6865 307 2279
431 7592 312 2257
446 7672 339 2231
422 7125 333 2236
405 7397 326 2242
394 6957 315 2256
458 8089 390 2219
403 7394 301 2278
403 6968 332 2237
437 7424 348 2225
443 7881 302 2272
397 7145 321 2251
402 7013 334 2237
392 6956 333 2243
429 7777 303 2271
426 7426 339 2233
407 7124 304 2282
394 7134 326 2248
434 8039 339 2232
433 7846 348 2225
397 6913 311 2273
422 7189 358 2223
400 7204 340 2232
450 7606 339 2232
397 7098 334 2234
434 8039 339 2232
559 9668 331 2238
543 9493 374 2224
497 8397 326 2260
449 7783 328 2244
440 7789 333 2235
448 7989 358 2232
516 9246 326 2243
471 7927 346 2233
445 8070 374 2228
495 9062 340 2230
480 8370 339 2234
476 8530 342 2229
504 8766 331 2239
486 8083 339 2234
508 8665 340 2232
456 8043 374 2225
474 8388 331 2240
447 8042 346 2226
545 9438 333 2239
544 9534 331 2250
531 9507 346 2226
477 8184 374 2230
440 7849 342 2244
470 8132 366 2231
490 8574 348 2227
506 9146 334 2237
540 9360 340 2232
484 8453 332 2248
503 9028 342 2230
491 8238 339 2241
448 7975 334 2243
493 8375 334 2242
442 8013 340 2236
453 8083 348 2234
461 8174 346 2233
495 8845 334 2238
477 8199 348 2229
500 8723 339 2234
487 8650 348 2227
459 8111 347 2233
496 8788 334 2240
471 8468 333 2243
496 9085 340 2235
481 7981 340 2237
460 8475 347 2231
492 8831 342 2233
498 8614 342 2234
495 8581 347 2230
441 7979 342 2235
548 9860 348 2226
510 8836 333 2245
480 8210 382 2229
457 8018 358 2250
441 8043 347 2236
528 9231 334 2237
467 8303 374 2234
496 8740 358 2227
519 9058 342 2232
463 8367 338 2248
505 8598 339 2241
471 8401 357 2234
509 9178 347 2232
493 8858 358 2227
445 8039 342 2239
486 8285 340 2240
455 8250 342 2238
506 8691 346 2233
466 8526 342 2235
470 8690 348 2233
477 8245 339 2249
455 8444 340 2239
478 8268 348 2229
487 8259 342 2236
499 8730 347 2234
475 8513 348 2233
507 8733 342 2234
477 8295 340 2236
606 10639 342 2233
520 9339 334 2248
503 9010 390 2228
467 8226 347 2242
448 8241 342 2244
480 8430 374 2233
481 8645 340 2236
489 8610 350 2240
493 8615 358 2229
513 8941 342 2234
478 8613 348 2237
481 8597 358 2230
513 9150 348 2229
482 8421 342 2241
508 9048 347 2233
470 8468 342 2241
493 8508 358 2231
492 8529 348 2232
485 8483 358 2232
481 8442 342 2241
540 9765 364 2229
514 9088 382 2230
484 8901 340 2240
475 8813 342 2248
472 8442 358 2248
513 9358 358 2231
482 8593 342 2242
485 8542 374 2232
497 8753 340 2246
499 8888 340 2236
495 8965 348 2235
493 9001 348 2235
485 8511 364 2237
489 8771 346 2238
490 8526 358 2232
484 8796 347 2241
496 8780 340 2238
525 8635 374 2233
523 9289 350 2235
509 8996 342 2246
506 9029 340 2237
500 8770 390 2232
489 8599 348 2243
483 8623 348 2242
521 8827 374 2232
503 8859 358 2233
494 8898 345 2245
492 8745 358 2236
512 8907 348 2236
531 9291 340 2237
525 9335 358 2236
516 9296 340 2238
508 8863 364 2234
498 8628 364 2242
497 9034 347 2246
506 8874 350 2243
512 9160 358 2238
528 9203 342 2239
531 9188 342 2242
560 10101 370 2234
542 9633 340 2246
519 8952 374 2235
508 8879 374 2239
555 9808 359 2237
557 9349 351 2241
532 9830 345 2243
516 9275 372 2244
531 9471 342 2246
532 9418 342 2244
606 10667 366 2239
557 9539 351 2241
538 9534 385 2238
564 10153 358 2241
508 9290 332 2236
471 7922 390 2219
457 8144 390 2219
392 6619 331 2247
382 6802 299 2294
382 6802 299 2294
373 6800 321 2268
508 9290 332 2236
470 8568 307 2265
472 7737 347 2225
431 7739 380 2220
416 7312 390 2224
466 8118 370 2221
388 6983 299 2286
379 6756 315 2270
426 7592 354 2226
421 7657 364 2222
427 7577 380 2221
429 7658 316 2252
437 7424 348 2225
409 7029 364 2227
397 6913 311 2273
388 6973 339 2239
397 7098 334 2234
378 6865 307 2279
469 8205 307 2266
456 7689 354 2223
379 6964 309 2276
422 7189 358 2223
443 7881 302 2272
458 8253 307 2266
430 7323 342 2229
450 8418 347 2225
421 7564 374 2222
452 7582 374 2221
381 7147 320 2251
439 7263 340 2233
401 7076 346 2231
466 8118 370 2221
452 7977 299 2276
401 7286 358 2230
470 8568 307 2265
386 7031 331 2245
408 7009 328 2239
412 7349 305 2280
415 7419 323 2244
417 7259 309 2263
458 8000 312 2256
454 7799 339 2231
432 7639 308 2264
400 7196 314 2255
438 7936 310 2260
390 6925 334 2241
392 6619 331 2247
373 6800 321 2268
385 6997 311 2271
448 8324 307 2266
396 7384 312 2259
382 6929 315 2269
441 7623 308 2266
383 7068 326 2253
401 7032 307 2277
394 7189 342 2234
388 7171 323 2249
434 7740 346 2226
424 7213 327 2240
419 7550 310 2262
392 7295 310 2265
395 6988 302 2284
398 6856 307 2284
426 7301 326 2243
429 7777 303 2271
392 7160 331 2238
442 7554 326 2242
413 7544 348 2228
450 8010 299 2279
394 7024 328 2246
380 6977 308 2273
418 7520 304 2267
458 8089 390 2219
466 8231 307 2266
409 7019 315 2261
398 7216 304 2282
427 7730 315 2253
400 7107 299 2285
403 7394 301 2278
424 7410 346 2228
420 7251 312 2258
391 7274 316 2256
448 8324 307 2266
414 7792 333 2236
399 7435 316 2255
438 7481 321 2247
413 7561 322 2245
410 7308 332 2237
450 8418 347 2225
402 7179 315 2258
397 7302 303 2283
400 7333 340 2232
441 8265 339 2231
412 7234 302 2283
428 7503 321 2246
403 7394 301 2278
406 7156 328 2241
400 7119 320 2250
387 7108 307 2278
431 7596 333 2235
446 7492 312 2257
422 7430 320 2248
421 7675 333 2235
433 7718 347 2226
401 7277 299 2281
435 7737 348 2224
457 8144 390 2219
405 7423 358 2225
418 7456 364 2223
407 7459 315 2254
409 7480 346 2229
404 7192 322 2249
434 7945 320 2247
455 7434 333 2236
396 7065 320 2254
400 7371 307 2270
407 7124 304 2282
446 7492 312 2257
415 7687 327 2240
401 7508 327 2242
436 7695 348 2225
401 7214 327 2244
378 6865 307 2279
408 7350 320 2249
383 7000 321 2257
430 7855 348 2224
410 7316 339 2232
381 7147 320 2251
429 7876 299 2280
396 6980 334 2237
440 7829 354 2223
433 7890 346 2226
427 7506 346 2227
391 7365 333 2239
394 7134 326 2248
411 7361 342 2229
429 7962 346 2226
440 7814 374 2221
450 8010 299 2279
426 7381 340 2230
418 7520 304 2267
383 7068 326 2253
452 7582 374 2221
640 11145 374 2223
506 9241 323 2257
458 8064 390 2228
454 7665 342 2234
435 7828 358 2231
526 9429 333 2239
465 8327 326 2246
509 8572 358 2224
479 8559 374 2225
492 8490 332 2243
504 9023 354 2226
480 8496 331 2242
522 9141 334 2235
451 8017 348 2230
453 7975 339 2236
512 9272 334 2241
494 8823 346 2229
438 7810 346 2240
499 9022 358 2227
497 9046 342 2229
440 7961 358 2229
469 8161 339 2233
455 8172 342 2233
462 8080 340 2233
458 7788 357 2233
453 7787 358 2235
451 8243 340 2230
458 8161 340 2235
458 8003 346 2230
466 8002 339 2235
562 9561 334 2240
549 9669 334 2238
520 8772 358 2224
512 8979 390 2225
509 9303 334 2251
471 8330 338 2259
463 7976 380 2238
453 8033 364 2236
520 9138 346 2229
490 8718 374 2228
456 8197 340 2243
501 9265 348 2229
504 9378 342 2229
457 8076 366 2229
453 8093 358 2237
500 8878 374 2226
459 8316 342 2235
517 8957 364 2227
477 8367 358 2230
466 8376 340 2233
494 8818 340 2231
454 8173 348 2231
475 8516 342 2231
511 8469 339 2237
472 8384 358 2230
475 8335 340 2232
473 8090 340 2240
494 8501 339 2240
500 8781 339 2237
507 8806 358 2229
568 9661 348 2229
560 9825 342 2229
510 9424 339 2237
500 9142 374 2228
464 8037 374 2236
462 8456 342 2253
461 8338 374 2230
514 9236 358 2229
481 8349 345 2242
482 8258 358 2238
536 9498 342 2230
493 8789 348 2231
522 9376 348 2230
469 8381 342 2242
494 9065 358 2230
477 8619 340 2233
486 8434 347 2232
482 8516 340 2233
483 8513 342 2235
466 8299 348 2232
474 8409 340 2242
465 8439 348 2237
500 8406 342 2237
575 9768 339 2249
552 9893 340 2233
521 9247 374 2228
491 8686 390 2231
487 8512 342 2243
477 8796 346 2242
542 9625 364 2229
543 9620 364 2230
501 9087 342 2233
493 8792 348 2231
480 8779 347 2238
482 8611 340 2235
484 8902 347 2234
507 8847 347 2233
480 8565 348 2232
588 10249 374 2230
494 8768 382 2236
490 8521 342 2243
489 8806 345 2253
487 8928 340 2241
486 8608 361 2241
550 9545 348 2231
526 9317 340 2239
486 8985 354 2239
499 9185 358 2232
497 8729 361 2239
509 8903 347 2234
504 8688 348 2237
509 9199 342 2233
516 8922 342 2236
516 8700 342 2242
498 8720 348 2238
496 8914 348 2234
568 9548 342 2237
562 10243 342 2233
556 9899 348 2231
512 9219 374 2232
502 9128 340 2241
500 9038 346 2250
498 8738 362 2244
495 8793 348 2243
505 9050 356 2238
533 9562 342 2236
514 9217 348 2235
544 9950 342 2234
545 9594 348 2234
499 9072 351 2236
544 9251 374 2232
535 9039 353 2245
528 9571 358 2238
508 9168 340 2244
507 9196 346 2251
499 9095 358 2245
518 9281 374 2238
531 9387 358 2237
534 9425 354 2242
528 9357 374 2233
521 9240 374 2234
519 9225 358 2239
563 10198 374 2232
524 9201 344 2250
517 9530 362 2251
541 9383 374 2235
531 9396 354 2246
521 9301 358 2240
572 10384 346 2250
558 9771 374 2235
