88161 3361.09
378 6690 322 2453
369 6921 311 2454
389 7084 307 2455
373 6743 315 2455
380 7007 313 2445
379 6922 311 2448
389 7042 305 2459
417 7428 319 2440
373 7000 307 2465
386 7017 311 2446
419 7523 325 2438
405 7109 319 2441
387 6903 307 2460
383 6722 315 2464
391 7188 301 2473
407 7143 313 2443
386 6963 313 2445
381 7058 305 2464
391 6855 311 2451
398 6836 307 2471
376 6785 311 2466
410 7473 311 2445
398 7325 319 2442
381 7018 307 2460
372 6899 307 2471
397 7228 301 2470
397 7151 301 2473
372 6650 322 2477
381 6816 311 2453
369 6766 315 2461
373 6846 322 2452
405 6951 305 2467
377 6970 305 2475
418 7718 305 2458
373 6810 311 2455
435 7957 315 2442
378 6977 315 2449
403 7191 301 2470
377 7022 313 2451
403 7245 319 2441
376 6995 319 2451
403 7464 313 2443
402 6774 307 2479
370 6828 315 2455
372 6844 311 2454
397 7202 320 2444
383 6961 305 2472
385 7221 307 2457
413 7521 307 2454
382 6907 307 2465
417 7469 307 2454
387 7045 307 2457
400 7030 305 2461
435 8164 300 2477
378 6956 311 2451
388 7125 305 2462
405 7367 313 2443
386 7061 307 2457
467 8264 328 2436
467 8264 328 2436
441 7597 299 2480
372 6650 322 2477
366 6717 321 2474
611 10932 354 2504
486 8573 329 2466
507 9076 360 2527
467 7972 372 2566
485 8492 344 2469
468 8467 338 2482
449 8186 369 2510
555 9845 336 2516
492 8663 351 2511
530 9651 364 2527
519 9322 328 2500
452 7976 355 2513
512 9273 346 2492
513 9214 327 2493
493 8470 354 2483
483 8837 338 2492
513 8751 321 2500
449 8045 333 2467
546 9822 356 2514
431 7823 343 2483
464 8477 328 2514
486 8691 328 2501
468 8588 312 2488
497 8957 354 2493
490 8904 356 2519
487 8594 345 2499
452 7905 343 2539
514 9143 370 2499
536 9874 348 2499
477 8679 385 2537
506 8953 347 2504
466 8278 341 2537
551 9745 332 2520
487 8474 325 2489
533 9590 356 2540
489 8700 335 2508
499 9003 367 2532
474 8735 364 2497
597 10602 350 2538
499 8956 347 2498
497 8775 357 2521
485 8911 352 2493
484 8730 333 2491
474 8570 357 2537
481 8509 341 2494
516 9333 328 2504
466 8399 369 2519
500 9151 385 2520
504 9108 358 2510
495 9006 348 2493
465 8160 342 2506
495 9175 341 2505
462 8085 349 2541
469 8582 376 2508
500 9219 338 2493
538 9772 356 2496
510 9159 368 2556
495 9006 383 2533
557 9830 361 2542
480 8521 394 2497
488 8838 383 2512
515 9288 341 2496
479 8920 348 2502
521 9354 351 2516
515 9308 351 2507
491 8882 321 2477
495 8985 356 2506
454 8169 312 2488
492 8531 343 2512
517 8957 347 2487
446 7937 331 2475
527 9671 357 2510
507 9002 349 2496
506 9415 341 2560
450 8166 357 2506
518 9178 363 2518
487 8824 333 2505
482 8269 332 2517
483 8842 341 2509
477 8640 356 2491
509 8963 359 2490
530 9516 338 2485
487 8342 354 2544
505 9178 323 2502
507 9126 367 2499
514 8962 346 2547
452 8239 345 2487
546 9736 344 2519
491 8444 358 2538
554 9986 354 2475
501 8937 322 2473
565 9753 348 2511
476 8490 333 2481
503 9253 369 2534
423 7640 356 2508
524 9393 357 2505
503 9131 373 2497
492 8979 356 2498
473 8832 363 2507
531 9479 327 2473
472 8367 337 2517
515 9301 340 2505
530 9798 369 2531
499 8656 328 2496
515 9468 377 2510
483 8696 320 2502
546 9702 334 2502
469 8491 333 2460
513 9274 340 2505
471 8595 335 2511
457 7800 348 2543
496 9164 362 2524
461 7936 349 2488
463 8188 353 2501
466 8534 343 2504
516 9253 412 2524
456 8197 328 2509
492 8597 361 2501
477 8527 328 2496
534 9690 339 2513
499 8811 328 2492
503 8969 321 2467
459 8325 343 2513
549 10070 346 2485
452 8127 362 2505
535 9845 358 2528
451 8275 336 2510
447 7960 360 2498
514 8967 363 2512
503 8966 324 2496
459 8714 354 2502
522 9387 361 2523
589 10858 351 2515
547 9847 371 2521
507 9080 343 2471
560 9689 345 2518
475 8652 355 2520
553 9882 332 2497
462 8222 335 2507
462 8321 345 2524
477 8638 325 2486
514 8964 355 2506
530 9454 351 2516
514 9223 349 2480
493 8875 341 2494
485 8835 338 2475
488 8601 333 2475
496 9150 322 2500
492 8620 330 2498
486 8789 356 2525
473 8403 352 2503
514 9084 345 2514
461 8426 397 2545
431 7880 349 2484
487 8853 371 2508
491 8658 349 2522
471 8679 356 2514
492 8769 376 2528
513 9488 335 2468
460 8187 334 2491
482 8430 343 2503
447 8033 369 2506
489 8885 350 2511
451 8124 371 2525
536 9757 329 2474
490 9016 370 2504
503 9312 370 2524
490 9000 362 2506
473 8252 338 2489
562 10188 361 2529
436 7694 343 2499
515 9383 368 2496
556 9706 330 2501
556 10259 344 2536
453 8068 370 2480
486 8692 369 2538
478 8280 333 2477
492 9002 307 2499
480 9035 343 2493
454 8103 345 2525
470 8484 354 2516
499 8948 357 2536
431 7793 369 2514
506 9020 362 2544
508 9214 350 2533
515 9336 354 2488
477 8877 346 2501
477 8426 364 2495
483 8700 328 2508
602 10976 361 2509
519 9506 352 2489
475 8630 351 2504
464 8623 333 2483
499 8507 364 2519
560 9744 370 2531
489 8841 355 2506
565 10000 326 2510
507 9463 360 2502
537 9729 327 2488
505 9409 373 2507
526 9314 330 2486
465 8244 369 2507
520 9289 334 2521
505 9597 348 2518
492 8693 358 2511
536 9697 397 2534
471 8628 349 2541
515 9416 345 2505
487 8807 357 2521
499 9234 356 2505
502 8714 341 2473
484 8636 328 2506
476 8192 342 2518
519 9619 368 2540
481 8781 355 2499
543 9593 333 2489
458 8470 334 2489
450 7924 343 2485
451 7980 351 2502
511 9275 377 2533
532 9169 357 2513
476 8837 368 2503
515 9046 344 2520
482 8245 349 2480
534 9519 335 2482
494 8998 330 2500
456 8112 346 2513
511 9376 367 2469
475 8442 356 2479
511 9241 357 2531
484 8381 362 2506
489 8789 362 2510
478 8442 328 2484
466 8347 372 2530
533 9402 342 2507
456 8152 333 2475
524 9097 357 2524
