1426 60.0628
425 7690 340 2554
433 7759 334 2556
450 7929 346 2525
454 8062 328 2559
478 8445 347 2512
449 7887 340 2534
507 8769 335 2514
473 8335 328 2546
485 8704 363 2501
433 7842 350 2546
455 8138 357 2521
424 7568 344 2575
441 7720 350 2548
439 8031 351 2535
469 8397 367 2511
512 9043 329 2527
444 8056 336 2544
517 9095 349 2502
486 8284 340 2524
496 8821 333 2523
464 8311 334 2538
454 7660 350 2561
524 9472 371 2482
474 8492 355 2513
499 8903 331 2528
463 8362 347 2523
502 9152 363 2494
441 8026 343 2543
450 8198 336 2540
534 9452 346 2499
507 8873 357 2503
469 8167 340 2531
483 8547 332 2540
489 8770 339 2521
483 8736 357 2510
510 9205 355 2500
444 7992 347 2531
516 9027 327 2566
443 7954 350 2531
478 8490 336 2535
464 8218 333 2546
501 9056 363 2496
466 8407 329 2552
516 9555 360 2493
458 8012 334 2552
460 8293 338 2536
448 8047 360 2528
460 8464 345 2527
493 9147 372 2495
505 9338 360 2497
497 9157 360 2503
488 8700 345 2519
478 8596 340 2529
482 8309 329 2552
457 8039 374 2523
547 10026 376 2479
527 9641 322 2571
418 7564 360 2580
418 7564 360 2580
527 9641 322 2571
465 8270 340 2538
461 8139 339 2549
446 8050 345 2556
533 9529 361 2584
562 10190 384 2553
515 9274 350 2563
518 9426 371 2594
587 10548 349 2618
575 10266 379 2586
617 11181 363 2577
547 10047 396 2591
545 9693 342 2568
580 10478 403 2629
575 10640 378 2576
525 9261 360 2594
526 9417 373 2605
508 9250 362 2568
528 9695 369 2578
581 9660 360 2592
491 8685 371 2583
565 10168 372 2601
560 10087 373 2618
582 9863 425 2624
602 10603 410 2606
547 9598 391 2563
561 10063 358 2577
514 9162 351 2579
514 9266 362 2578
592 10259 375 2572
563 9860 374 2575
547 9324 373 2592
522 9659 374 2580
564 9974 348 2539
568 10343 359 2549
513 9232 356 2598
525 9264 384 2573
526 9075 357 2607
583 10341 362 2585
589 10124 408 2608
519 9452 413 2576
486 8540 355 2560
517 9406 359 2566
566 10094 359 2542
544 9620 370 2555
537 9687 360 2569
535 9848 359 2537
646 11545 362 2554
509 9042 361 2574
543 9475 355 2568
561 9944 350 2566
498 8998 357 2596
553 10054 356 2574
513 9300 345 2566
532 9364 367 2560
524 9486 338 2557
494 8859 367 2562
535 9632 361 2577
578 10290 371 2576
671 11420 374 2601
550 10145 372 2585
579 10560 346 2539
527 9104 350 2585
545 9488 373 2577
576 10288 350 2575
549 10026 383 2582
599 10678 366 2594
583 10434 361 2584
559 9826 374 2609
568 10189 388 2595
539 9091 361 2587
627 10648 447 2615
515 9440 361 2570
520 9257 347 2548
515 9440 380 2596
620 11017 374 2603
557 9594 363 2558
568 10362 362 2550
520 9131 369 2557
514 9004 361 2581
564 10124 350 2554
531 9512 368 2560
479 8650 356 2556
550 9679 358 2600
561 9712 371 2607
565 10138 387 2598
631 11048 359 2550
523 9154 365 2529
502 8909 369 2596
562 10341 399 2620
499 9044 351 2580
492 8806 362 2559
524 9317 387 2593
506 9057 357 2577
523 9220 358 2568
522 9136 373 2580
632 11344 386 2569
609 11127 357 2590
616 11117 364 2564
590 10615 358 2582
556 9976 401 2588
515 9552 367 2586
495 9015 361 2571
521 9193 415 2633
494 9048 374 2598
520 9424 372 2607
510 9400 372 2587
581 10508 373 2571
529 9358 339 2561
544 9597 352 2585
557 9795 367 2560
538 9702 359 2553
544 9900 372 2578
577 10505 413 2618
584 10553 367 2581
534 9466 359 2560
535 9452 346 2528
544 9375 374 2566
607 11030 387 2589
505 9298 378 2574
529 9177 345 2568
567 9780 388 2608
567 9712 351 2560
518 9514 388 2580
522 9122 373 2591
519 9322 357 2585
551 10103 357 2587
591 10369 388 2574
639 11212 382 2606
557 10096 365 2586
568 9962 402 2608
545 9595 358 2579
522 9580 359 2562
558 10090 370 2570
564 10215 365 2575
510 9067 400 2606
573 10137 352 2544
563 9935 358 2565
544 9311 359 2573
493 8730 361 2581
579 10173 373 2575
566 10499 367 2594
486 8928 389 2557
522 8949 345 2581
614 10922 361 2575
526 9178 351 2559
614 11428 389 2573
568 9519 416 2595
491 8515 357 2576
545 9950 394 2580
545 9875 364 2589
491 8886 403 2599
574 10466 359 2598
550 9520 357 2564
531 9352 364 2557
508 8942 345 2595
510 9033 355 2579
534 9691 367 2568
543 10166 379 2613
556 9699 373 2604
547 9766 371 2587
513 9168 362 2597
531 9600 357 2574
578 10232 383 2602
574 10161 355 2569
575 10294 373 2606
559 10011 372 2585
566 10316 345 2543
599 10753 399 2592
547 9971 374 2612
546 9614 370 2593
540 9662 359 2559
536 9369 375 2591
476 8691 351 2555
531 9483 345 2559
556 9594 342 2556
569 10061 385 2616
528 9349 359 2552
524 9634 362 2575
557 9982 355 2588
613 10845 372 2580
573 10460 363 2584
515 9237 346 2557
533 9262 353 2559
574 10071 373 2600
580 10217 357 2589
561 10047 373 2583
491 9075 359 2597
591 10514 369 2602
505 9271 373 2547
515 9238 348 2582
584 10723 390 2584
485 8946 356 2569
551 9895 357 2579
543 9857 372 2582
604 10415 373 2593
502 9047 390 2583
552 9697 378 2584
579 10387 369 2601
532 9788 353 2588
529 9421 361 2576
517 9038 345 2572
539 9451 350 2583
489 8966 351 2566
506 9282 355 2583
607 10603 372 2599
537 9448 361 2580
539 9731 387 2631
590 10862 354 2600
600 10442 360 2555
509 8964 367 2586
523 9361 372 2583
562 9692 367 2567
560 9961 380 2577
543 9556 366 2587
524 9037 372 2589
574 10697 366 2573
542 9451 381 2584
503 9033 355 2562
507 9052 357 2607
550 9696 369 2585
640 11473 372 2580
557 9536 367 2597
542 9728 366 2572
542 9803 418 2617
540 9694 385 2575
562 10009 372 2587
547 9564 360 2590
526 8920 365 2585
602 10983 351 2575
488 9035 356 2549
537 9666 380 2578
584 10562 356 2587
546 9839 370 2541
509 9274 360 2580
528 9820 358 2555
523 9633 388 2585
543 9105 349 2585
595 10518 396 2606
549 9543 346 2541
500 8645 338 2572
