51726 2280.78
412 6932 312 2419
401 6771 303 2443
416 7213 322 2403
434 7391 309 2415
412 7068 322 2407
401 6913 316 2430
405 6833 309 2435
452 7593 299 2454
421 7018 303 2431
407 6910 303 2438
455 7953 304 2423
409 7079 309 2427
458 7711 322 2399
394 6678 315 2446
439 7441 316 2405
410 7154 316 2418
455 8085 310 2411
435 7409 314 2410
449 7793 328 2398
396 6889 314 2438
465 7915 334 2395
397 6821 310 2445
400 6957 312 2435
398 6723 332 2438
450 7468 304 2427
423 7411 316 2408
416 7016 320 2412
407 6986 322 2426
395 6942 314 2441
446 7419 322 2401
462 7969 316 2402
435 7398 303 2430
420 7325 310 2422
436 7640 322 2401
491 8427 322 2397
416 7251 314 2417
424 7134 307 2429
432 7021 316 2414
421 6931 310 2427
422 6773 316 2441
425 7153 322 2405
419 7195 316 2412
426 7389 320 2405
392 6733 320 2455
418 7105 303 2434
474 7875 307 2422
432 7438 322 2402
429 7420 309 2419
476 8228 328 2397
430 7198 316 2410
500 8289 314 2406
479 8054 312 2410
426 7136 316 2411
429 6898 325 2430
453 7758 315 2409
440 7466 307 2427
424 7046 322 2410
457 7959 316 2403
456 7895 320 2402
518 9103 337 2393
452 7593 299 2454
408 6656 315 2446
388 6692 307 2457
515 8936 371 2436
482 8017 355 2434
492 8554 343 2504
533 9200 350 2499
544 9209 337 2462
476 8169 336 2442
525 8386 330 2446
567 9351 365 2480
590 10075 350 2457
503 8567 345 2468
509 8333 314 2471
494 8437 343 2482
496 8485 347 2499
525 8481 331 2456
562 9425 358 2458
505 8736 360 2483
521 9076 333 2454
497 8402 330 2501
520 8609 358 2479
516 8840 351 2449
502 8775 340 2474
519 9036 328 2445
508 8378 344 2446
550 9321 333 2462
504 8733 330 2437
451 7427 347 2453
492 8403 387 2446
527 9174 349 2482
508 8896 331 2477
540 9178 319 2485
524 8752 325 2470
494 8214 366 2483
514 8946 349 2504
509 8736 340 2436
562 9523 340 2485
517 8562 336 2488
547 9348 380 2463
512 9083 360 2458
559 9506 343 2484
504 8504 371 2474
476 8029 334 2480
552 9544 374 2471
496 8113 334 2446
526 8723 337 2463
536 9086 331 2480
481 8225 336 2458
504 8401 322 2457
585 9946 342 2483
570 9639 337 2517
540 9123 333 2418
549 9637 327 2470
470 7860 315 2452
503 8538 337 2485
513 8636 340 2472
574 9381 322 2474
500 8061 334 2460
584 9607 341 2482
472 7818 357 2455
627 10368 350 2444
476 8279 320 2468
543 8641 363 2449
515 8425 343 2470
557 9596 349 2454
555 9213 344 2447
578 9637 344 2458
579 9558 346 2467
544 9404 338 2456
471 8068 328 2479
517 8682 335 2458
551 8937 339 2487
535 8899 349 2486
501 8759 330 2482
499 8588 355 2449
552 8919 346 2462
498 8383 349 2473
617 10677 349 2456
615 10783 316 2448
524 8917 322 2450
532 9001 336 2474
541 9267 327 2468
532 9110 335 2502
557 9702 347 2450
544 9217 338 2456
591 9341 357 2468
486 8484 327 2474
517 9226 363 2458
536 9148 320 2457
514 8646 357 2457
535 9505 345 2469
556 9505 344 2448
534 9070 342 2421
539 9005 325 2465
532 8985 320 2463
496 8337 367 2482
475 8343 359 2474
520 8797 335 2436
517 8543 349 2472
497 8192 339 2455
492 8187 327 2474
481 8014 337 2458
485 8413 326 2444
506 8341 320 2459
492 8817 331 2453
499 8692 339 2475
533 9317 330 2483
508 8401 329 2453
516 8984 342 2470
507 8824 328 2469
482 8245 333 2480
545 9229 335 2457
532 9329 362 2491
493 8425 367 2447
517 8907 336 2477
518 8472 338 2462
504 8022 327 2449
523 8905 335 2460
539 9496 338 2478
506 8641 330 2480
496 8710 344 2452
514 8070 355 2474
549 9214 345 2480
589 9990 330 2476
465 8099 337 2471
550 9581 319 2461
497 8674 351 2467
476 8091 338 2468
499 8721 338 2461
565 9413 357 2444
515 8941 344 2437
465 8423 315 2464
564 9305 348 2459
531 9096 356 2479
484 8503 363 2478
589 10128 345 2484
533 8737 364 2482
500 8403 351 2477
526 8559 322 2489
475 8174 325 2473
512 8763 350 2462
509 8401 337 2449
529 8939 351 2469
535 8935 343 2456
575 9646 362 2466
522 8729 371 2510
506 8531 328 2469
502 8567 348 2462
527 9210 320 2470
525 9141 351 2482
501 8410 325 2453
470 8171 338 2453
538 9280 341 2464
514 8789 335 2436
479 8023 327 2460
470 7890 335 2474
562 9858 322 2468
520 8797 315 2429
482 7814 323 2447
560 9380 335 2485
500 8437 328 2492
538 9068 342 2489
562 9641 315 2464
552 9440 319 2464
573 9707 331 2469
521 8436 321 2475
600 9939 364 2490
480 8004 314 2493
496 8517 325 2492
487 8354 323 2462
509 8487 335 2465
504 9095 366 2488
514 8777 343 2454
563 9410 350 2457
500 8734 321 2446
542 9379 355 2476
533 8776 370 2459
484 8457 344 2466
563 9237 325 2487
577 9763 330 2458
472 7925 332 2471
466 7690 350 2470
586 9989 328 2451
496 8522 328 2474
454 7911 351 2447
499 8449 360 2456
552 9476 343 2456
506 8755 336 2433
568 9453 329 2460
577 10000 343 2453
477 8265 323 2466
547 9464 325 2477
500 8564 330 2462
594 9723 356 2465
553 9412 371 2462
575 9430 351 2472
645 11067 343 2465
536 9030 328 2434
540 9519 354 2469
597 10261 372 2484
481 8334 341 2470
562 9479 331 2495
529 8473 338 2488
560 9314 345 2432
492 8546 350 2457
559 9649 343 2450
504 8679 330 2464
546 9353 342 2494
538 9170 337 2462
525 9005 335 2454
537 9055 349 2472
645 11398 351 2452
583 10310 328 2478
517 9083 335 2490
532 8902 351 2469
538 9290 335 2491
519 8731 333 2486
509 8620 319 2439
460 7853 335 2482
602 10418 359 2458
520 8494 357 2482
510 8701 359 2474
547 9684 363 2490
500 8481 330 2450
586 9646 332 2460
525 8232 327 2501
492 8567 338 2466
497 8438 315 2480
587 10251 321 2459
519 8882 315 2497
486 8149 319 2464
526 8660 342 2482
516 8853 345 2446
475 7917 323 2475
616 10264 349 2480
527 9094 333 2472
496 8155 323 2430
457 8059 338 2456
514 8663 351 2489
