75186 2400.71
454 6680 454 2210
454 6680 454 2210
362 5853 347 2225
362 5827 358 2223
360 5859 347 2225
360 5847 348 2224
444 6500 444 2211
434 6375 434 2212
444 6500 444 2211
430 6563 394 2216
434 6375 434 2212
419 6429 404 2215
424 6322 424 2213
418 6192 418 2214
408 6181 408 2215
428 6272 428 2213
424 6322 424 2213
390 6112 382 2218
392 6068 392 2217
361 5835 348 2224
360 5876 354 2223
376 6026 376 2219
414 6293 414 2214
386 5973 386 2218
365 5880 364 2222
430 6563 394 2216
370 5938 370 2220
402 6056 402 2216
398 6160 398 2216
394 6244 375 2219
428 6272 428 2213
370 5836 364 2222
416 6486 404 2215
368 5895 364 2221
402 6056 402 2216
412 6126 412 2215
408 6181 408 2215
376 6075 366 2220
378 5861 374 2221
364 5860 354 2223
382 6114 382 2218
399 6145 398 2216
398 6067 392 2217
372 5976 360 2221
388 6013 376 2219
394 6244 375 2219
419 6429 404 2215
418 6192 418 2214
380 5870 380 2220
392 6248 388 2217
390 6112 382 2218
396 6002 396 2217
415 6280 414 2214
412 6126 412 2215
380 5870 380 2220
382 6114 382 2218
370 5938 370 2220
377 5875 374 2221
371 5931 370 2220
396 6002 396 2217
414 6293 414 2214
379 5912 374 2220
416 6486 404 2215
368 5880 358 2222
368 5905 355 2222
398 6160 398 2216
366 5981 360 2222
366 5981 360 2222
376 6026 376 2219
398 6067 392 2217
399 6145 398 2216
386 5973 386 2218
381 5928 380 2219
387 6255 375 2219
368 6006 360 2221
381 5928 380 2219
387 6255 375 2219
376 6075 366 2220
362 5873 354 2223
392 6248 388 2217
370 5836 364 2222
364 5860 354 2223
368 5905 355 2222
415 6280 414 2214
361 5835 348 2224
380 5931 380 2219
379 5912 374 2220
382 6019 376 2219
377 6022 376 2219
367 5855 364 2222
360 5876 354 2223
372 5976 360 2221
371 5931 370 2220
367 5855 364 2222
378 5861 374 2221
368 5880 358 2222
365 5880 364 2222
361 5875 354 2223
362 5827 358 2223
392 6068 392 2217
362 5853 347 2225
360 5847 348 2224
368 6006 360 2221
382 6019 376 2219
377 6022 376 2219
362 5873 354 2223
361 5875 354 2223
377 5875 374 2221
360 5859 347 2225
454 6680 454 2210
454 6680 454 2210
454 6680 454 2210
454 6680 454 2210
454 6680 454 2210
454 6680 454 2210
454 6680 454 2210
454 6680 454 2210
454 6680 454 2210
454 6680 454 2210
454 6680 454 2210
454 6680 454 2210
454 6680 454 2210
454 6680 454 2210
454 6680 454 2210
454 6680 454 2210
454 6680 454 2210
454 6680 454 2210
454 6680 454 2210
454 6680 454 2210
454 6680 454 2210
454 6680 454 2210
454 6680 454 2210
454 6680 454 2210
454 6680 454 2210
454 6680 454 2210
454 6680 454 2210
454 6680 454 2210
454 6680 454 2210
454 6680 454 2210
454 6680 454 2210
454 6680 454 2210
454 6680 454 2210
454 6680 454 2210
454 6680 454 2210
454 6680 454 2210
454 6680 454 2210
454 6680 454 2210
454 6680 454 2210
454 6680 454 2210
454 6680 454 2210
454 6680 454 2210
454 6680 454 2210
454 6680 454 2210
454 6680 454 2210
361 5835 348 2224
454 6685 454 2210
377 6062 348 2224
369 5895 358 2222
444 6607 444 2211
434 6503 434 2212
421 6309 418 2214
428 6401 428 2213
412 6210 412 2215
376 5965 370 2220
387 6067 364 2221
383 6052 380 2219
402 6421 402 2216
393 5996 386 2219
405 6154 402 2216
396 6186 396 2217
386 6149 386 2218
398 6053 396 2217
404 6251 402 2216
392 6052 386 2218
454 6712 454 2210
382 5978 364 2222
378 6108 374 2221
444 6634 444 2211
438 6542 438 2212
428 6470 428 2213
424 6407 418 2214
381 5993 370 2220
422 6349 422 2214
396 6026 390 2219
422 6255 412 2215
388 6313 364 2221
412 6513 412 2215
404 6077 396 2217
414 6156 406 2216
405 6201 402 2216
398 6221 396 2217
386 6229 380 2219
387 6156 386 2218
395 6173 380 2219
408 6169 406 2216
387 6152 386 2219
402 6194 396 2217
413 6292 412 2215
438 6553 438 2212
384 5997 374 2220
382 6003 370 2221
418 6342 412 2215
404 6153 396 2217
428 6493 428 2213
399 6087 390 2219
427 6422 422 2214
394 6273 386 2218
414 6184 406 2216
422 6320 422 2215
407 6314 402 2216
397 6180 380 2219
400 6226 370 2220
422 6443 422 2214
428 6493 428 2213
406 6164 386 2218
410 6293 406 2216
412 6260 406 2216
395 6173 390 2218
398 6221 386 2218
438 6564 438 2212
428 6594 428 2213
392 5997 380 2220
384 6225 370 2231
409 6332 406 2216
385 6213 380 2228
400 6169 370 2221
422 6370 422 2215
434 6540 428 2213
430 6353 412 2215
388 6141 380 2220
398 6338 380 2219
406 6154 396 2217
425 6401 412 2215
409 6274 386 2219
404 6203 396 2218
428 6461 422 2214
409 6269 390 2218
386 6150 374 2221
426 6465 422 2214
404 6262 396 2217
422 6590 422 2214
387 6217 380 2220
444 6640 428 2213
443 6573 438 2212
438 6599 438 2212
427 6784 412 2215
403 6172 370 2221
396 6101 390 2221
388 6280 380 2221
394 6120 380 2220
412 6263 402 2217
428 6602 428 2214
440 6707 412 2215
405 6310 396 2217
422 6582 422 2215
412 6443 406 2216
402 6401 374 2221
422 6357 406 2216
409 6210 406 2217
436 6739 412 2215
412 6343 412 2216
418 6391 406 2216
452 6831 428 2213
444 6603 438 2212
438 6629 438 2212
412 6262 412 2224
411 6320 396 2218
422 6607 422 2215
425 6296 406 2217
423 6464 406 2216
418 6347 412 2216
417 6534 412 2216
447 6603 438 2212
438 6637 438 2212
423 6799 406 2216
423 6507 404 2221
415 6333 412 2218
414 6652 404 2221
435 6460 430 2217
434 6651 406 2216
442 6648 438 2222
438 6719 438 2212
433 6817 428 2216
432 6533 422 2224
431 6661 414 2219
430 6654 420 2218
441 6760 436 2216
440 6647 422 2223
438 6664 438 2213
444 6781 438 2212
440 6724 438 2222
450 6785 438 2212
444 6799 438 2212
449 6992 438 2213
445 6819 438 2222
444 6822 444 2212
444 6799 444 2222
462 6835 454 2220
456 6862 444 2219
450 7158 438 2220
