7801 2918.34
435 7444 346 2245
420 7136 356 2244
420 7136 356 2244
364 6246 302 2298
362 6355 299 2291
359 6084 309 2276
354 6245 328 2256
435 7444 346 2245
412 6998 326 2256
402 6813 340 2246
391 6718 334 2250
409 6788 333 2253
390 6984 333 2252
418 6907 326 2256
384 6615 340 2250
362 6355 299 2291
396 6785 340 2249
402 6848 333 2252
360 6176 307 2278
364 6246 302 2298
387 6560 301 2288
381 6747 301 2288
401 6857 299 2289
399 6915 340 2248
380 6481 328 2255
359 6301 302 2285
385 6524 324 2257
357 6224 315 2266
378 6295 304 2276
385 6524 324 2257
377 6639 302 2282
398 6676 327 2255
374 6454 323 2258
382 6666 320 2261
369 6310 310 2272
390 6765 327 2255
369 6248 318 2262
369 6200 303 2286
364 6098 307 2279
366 6288 303 2281
364 6094 315 2271
367 6231 316 2264
362 6304 314 2267
399 6915 340 2248
377 6426 334 2253
369 6533 302 2283
362 6209 312 2269
363 6340 318 2263
365 6190 315 2268
368 6338 310 2272
373 6180 315 2265
359 6268 321 2263
370 6321 321 2260
370 6237 308 2274
362 6304 314 2267
384 6482 320 2261
361 6205 316 2269
368 6221 309 2273
366 6257 322 2259
360 6415 322 2261
369 6200 303 2286
375 6571 328 2255
362 6209 312 2269
354 6245 328 2256
372 6430 334 2255
364 6125 308 2277
367 6177 312 2275
361 6135 304 2277
377 6596 334 2251
374 6454 323 2258
380 6535 334 2251
366 6288 312 2268
358 6346 315 2265
374 6260 302 2289
380 6412 302 2282
367 6384 318 2262
398 6676 327 2255
382 6666 320 2261
379 6589 328 2254
401 6857 299 2289
377 6487 328 2255
357 6224 315 2266
378 6541 302 2282
361 6135 304 2277
380 6442 299 2290
364 6453 322 2260
373 6210 307 2276
372 6084 304 2277
381 6747 301 2288
379 6589 328 2254
384 6482 320 2261
369 6533 302 2283
363 6364 316 2264
366 6243 309 2274
360 6329 307 2277
377 6590 328 2254
391 6718 334 2250
386 6703 301 2288
359 6299 309 2273
365 6277 316 2264
368 6235 302 2290
366 6257 322 2259
364 6098 307 2279
364 6094 315 2271
380 6412 302 2282
372 6269 307 2275
359 6372 321 2262
386 6253 302 2289
375 6571 328 2255
368 6221 309 2273
360 6415 322 2261
366 6236 308 2275
363 6340 318 2263
386 6703 301 2288
380 6481 328 2255
370 6374 327 2256
370 6374 327 2256
366 6288 303 2281
368 6369 321 2260
361 6271 322 2261
378 6295 304 2276
358 6346 315 2265
386 6253 302 2289
372 6430 334 2255
363 6364 316 2264
373 6342 304 2276
373 6180 315 2265
371 6428 307 2275
371 6428 307 2275
359 6372 321 2262
370 6237 308 2274
367 6177 312 2275
366 6231 307 2276
364 6453 322 2260
372 6084 304 2277
369 6435 307 2275
370 6321 321 2260
364 6285 315 2265
367 6384 318 2262
364 6125 308 2277
360 6329 307 2277
374 6260 302 2289
380 6442 299 2290
368 6353 318 2262
367 6230 307 2276
372 6224 307 2276
361 6205 316 2269
373 6342 304 2276
368 6353 318 2262
448 7407 310 2272
443 7686 312 2269
428 6992 334 2253
419 7214 304 2277
406 7150 308 2282
389 6725 328 2264
389 6734 322 2259
400 6786 315 2267
393 6845 318 2266
429 7410 310 2272
433 7151 304 2276
408 6974 307 2281
408 7223 321 2262
421 7089 309 2273
415 7109 320 2261
414 7196 318 2263
418 6928 310 2277
402 6725 312 2276
424 7060 312 2270
417 7034 318 2264
415 7006 316 2265
403 7100 315 2265
424 7090 321 2262
479 8129 315 2265
434 7333 322 2259
431 7076 328 2261
423 7344 304 2280
403 6764 315 2279
399 6914 324 2289
457 7849 308 2279
431 7326 307 2282
448 7689 321 2263
454 7806 320 2263
444 7573 315 2266
425 7133 312 2280
424 7350 309 2273
407 7103 314 2277
416 7010 318 2276
426 7408 315 2268
408 6931 323 2274
420 7101 316 2269
419 7067 315 2271
413 7191 321 2275
419 7503 315 2268
412 7214 316 2265
411 6997 323 2265
424 6971 318 2268
414 7098 322 2264
420 7122 318 2267
418 7130 318 2264
470 8056 304 2282
452 7914 334 2259
431 7316 314 2310
413 6803 316 2279
403 7100 318 2285
411 6959 328 2274
429 7475 307 2293
460 7500 309 2273
448 7696 315 2267
435 7114 334 2262
425 7544 307 2281
404 7001 315 2287
423 7232 321 2266
424 7000 323 2271
441 7280 316 2269
404 7071 318 2281
443 7140 318 2264
427 7417 315 2274
452 7422 315 2270
420 7257 322 2264
443 7464 315 2272
413 7278 323 2276
418 6980 315 2280
430 7327 315 2273
415 7167 315 2278
416 7137 323 2264
432 7243 318 2267
423 7104 318 2269
413 7176 315 2279
424 7327 315 2277
423 7297 318 2264
480 8086 309 2273
473 8311 308 2285
455 8048 334 2260
448 7726 307 2286
430 6986 315 2286
417 7234 323 2268
429 7188 334 2274
420 7179 318 2280
458 7669 315 2271
440 7310 318 2277
435 7416 315 2284
432 7313 321 2265
422 7243 315 2285
446 7668 315 2277
426 7315 318 2264
451 7481 315 2272
488 8508 315 2271
442 7642 323 2264
437 7583 327 2265
436 7274 315 2288
425 7279 323 2277
459 8004 315 2278
462 7854 315 2277
454 7762 315 2281
443 7348 320 2284
429 7443 318 2271
449 7478 318 2270
446 7429 321 2266
434 7412 321 2269
450 7410 322 2265
430 7481 320 2266
446 7688 318 2264
426 7485 322 2266
442 7551 318 2270
429 7488 321 2270
428 7342 323 2270
529 9023 318 2266
442 7718 320 2266
437 7585 315 2293
435 7344 323 2280
425 7321 323 2284
490 7865 315 2285
462 7870 315 2278
439 7608 318 2271
433 7488 322 2267
462 7436 322 2280
440 7540 318 2275
478 7599 318 2276
461 8144 321 2267
448 7874 318 2281
444 7504 324 2268
444 7381 324 2289
436 7556 323 2267
462 7873 320 2270
454 7621 318 2276
437 7528 323 2267
462 8181 320 2276
457 8013 318 2278
447 7819 328 2269
440 7534 323 2270
439 7543 323 2271
495 8416 320 2279
452 7874 324 2271
445 7556 324 2273
457 7962 323 2272
462 7882 323 2272
483 7923 324 2280
459 7604 334 2287
458 7963 323 2281
456 7849 326 2280
