8500 180.066
387 6567 312 2263
382 6410 382 2237
382 6410 382 2237
377 6440 309 2274
375 6670 309 2269
367 6510 304 2273
348 5971 340 2244
345 6018 327 2249
387 6567 312 2263
372 6267 372 2238
367 6510 304 2273
382 6666 308 2270
363 6319 315 2260
373 6404 318 2257
372 6267 372 2238
361 6211 346 2241
380 6601 308 2271
370 6481 315 2259
353 6079 334 2244
364 6161 362 2240
356 6091 356 2241
366 6270 321 2254
364 6256 326 2250
371 6427 312 2267
375 6490 320 2255
350 6037 350 2243
361 6168 340 2242
378 6420 312 2267
361 6187 356 2240
366 6233 362 2239
354 5998 333 2248
382 6626 307 2272
363 6337 326 2251
367 6258 352 2240
367 6446 312 2264
380 6601 308 2271
366 6230 366 2239
370 6349 314 2261
346 5988 340 2247
374 6435 320 2256
370 6349 314 2261
347 5990 327 2249
382 6626 307 2272
353 6069 331 2248
382 6666 308 2270
366 6458 318 2258
369 6363 318 2259
377 6440 309 2274
366 6230 366 2239
352 6093 346 2243
349 6090 334 2245
360 6374 321 2254
361 6182 339 2243
367 6446 312 2264
366 6458 318 2258
375 6670 309 2269
377 6612 312 2263
357 6142 346 2242
371 6453 318 2257
360 6374 321 2254
351 6010 324 2252
368 6412 318 2259
352 6049 323 2253
358 6329 315 2260
351 6022 323 2254
351 6010 324 2252
347 6014 333 2246
374 6435 320 2256
351 6075 323 2253
365 6340 362 2239
364 6220 326 2251
358 6329 315 2260
367 6258 352 2240
357 6142 346 2242
358 6110 346 2242
352 6093 346 2243
348 5971 340 2244
361 6182 339 2243
358 6110 346 2242
377 6612 312 2263
352 6008 333 2246
368 6487 315 2259
365 6340 362 2239
361 6175 350 2241
347 6047 340 2244
378 6420 312 2267
361 6211 346 2241
361 6187 356 2240
353 6074 350 2242
353 6064 333 2245
361 6168 340 2242
353 6069 331 2248
350 6041 334 2245
352 6008 333 2246
346 5988 340 2247
345 6018 327 2249
356 6091 356 2241
354 5998 333 2248
347 6047 340 2244
347 5990 327 2249
346 5996 327 2249
349 6090 334 2245
353 6037 340 2243
353 6064 333 2245
352 6026 334 2245
364 6161 362 2240
361 6175 350 2241
346 5996 327 2249
353 6079 334 2244
353 6037 340 2243
352 6026 334 2245
351 6022 323 2254
350 6041 334 2245
347 6014 333 2246
366 6233 362 2239
352 6049 323 2253
353 6074 350 2242
382 6410 382 2237
382 6410 382 2237
382 6410 382 2237
382 6410 382 2237
382 6410 382 2237
382 6410 382 2237
382 6410 382 2237
382 6410 382 2237
382 6410 382 2237
382 6410 382 2237
382 6410 382 2237
382 6410 382 2237
382 6410 382 2237
382 6410 382 2237
382 6410 382 2237
382 6410 382 2237
382 6410 382 2237
382 6410 382 2237
382 6410 382 2237
382 6410 382 2237
382 6410 382 2237
382 6410 382 2237
382 6410 382 2237
382 6410 382 2237
382 6410 382 2237
382 6410 382 2237
382 6410 382 2237
382 6410 382 2237
382 6410 382 2237
382 6410 382 2237
382 6410 382 2237
382 6410 382 2237
382 6410 382 2237
387 6728 362 2239
386 6735 333 2246
384 6467 382 2237
382 6475 382 2237
360 6146 356 2242
359 6305 350 2242
376 6464 372 2238
368 6340 340 2242
372 6430 372 2239
362 6307 340 2243
381 6426 366 2239
376 6379 334 2244
367 6278 356 2241
367 6411 350 2241
361 6158 350 2242
366 6381 334 2245
364 6329 356 2240
373 6278 366 2240
376 6373 372 2239
368 6281 356 2240
373 6444 366 2239
368 6279 340 2243
368 6328 334 2245
388 6771 362 2239
382 6493 382 2237
373 6326 340 2243
371 6452 340 2242
362 6302 350 2242
368 6364 346 2243
383 6614 372 2238
385 6535 372 2238
372 6432 356 2240
365 6331 356 2241
376 6466 372 2239
375 6519 350 2241
369 6335 366 2240
380 6509 366 2239
378 6564 366 2239
405 7116 362 2239
384 6609 382 2237
374 6397 340 2244
369 6351 356 2241
367 6409 350 2247
367 6384 366 2242
388 6668 350 2241
398 6500 372 2239
375 6362 340 2245
379 6454 356 2240
376 6542 372 2239
385 6550 340 2242
382 6476 382 2239
380 6427 340 2243
386 6567 372 2238
381 6650 346 2242
378 6479 362 2240
382 6523 366 2239
370 6488 350 2244
384 6646 346 2242
376 6465 366 2240
384 6555 382 2238
371 6386 350 2242
377 6443 372 2240
385 6601 372 2238
383 6510 372 2239
380 6535 366 2239
376 6503 356 2240
409 6642 372 2238
397 6839 340 2242
393 6583 382 2238
384 6634 382 2237
383 6356 356 2241
380 6455 346 2243
370 6403 356 2242
401 6669 366 2239
381 6466 366 2240
372 6428 356 2241
377 6581 372 2239
387 6619 382 2237
392 6707 372 2238
376 6380 356 2243
386 6775 372 2238
377 6445 350 2242
384 6538 382 2239
376 6534 356 2240
384 6601 382 2238
378 6506 356 2240
379 6554 372 2239
385 6539 372 2239
393 6715 372 2238
388 6727 346 2247
386 6658 382 2237
382 6405 356 2242
370 6458 356 2242
373 6433 362 2245
391 6600 350 2243
382 6572 382 2239
378 6663 366 2240
379 6506 366 2240
378 6448 372 2242
383 6624 356 2240
374 6525 356 2241
375 6449 356 2241
384 6547 382 2239
384 6603 382 2238
383 6505 372 2240
383 6624 372 2239
417 6765 382 2237
397 6787 382 2237
376 6526 356 2241
376 6452 366 2243
384 6653 372 2239
382 6504 382 2241
384 6677 356 2240
382 6585 366 2240
390 6694 382 2238
391 6646 382 2238
413 6700 382 2238
403 6928 382 2237
380 6474 368 2247
376 6589 356 2241
390 6762 372 2239
379 6568 356 2241
387 6704 382 2239
409 6883 382 2237
384 6703 366 2240
390 6618 366 2240
418 7237 372 2239
416 6821 382 2238
405 6957 382 2238
395 6577 356 2254
383 6628 356 2241
383 6578 361 2247
390 6743 372 2240
389 6704 382 2239
393 6622 382 2246
411 7163 382 2238
393 6622 374 2247
385 6662 356 2241
399 6819 372 2240
394 6862 382 2239
404 7048 372 2240
390 6711 356 2245
385 6676 382 2243
394 6833 372 2243
395 6741 356 2241
423 7238 356 2241
404 6942 382 2241
399 6792 356 2242
388 6722 382 2249
405 6848 382 2243
