2985 20.7923
484 8975 398 2629
630 11470 369 2527
485 8612 390 2624
590 10325 408 2511
630 11470 369 2527
502 8826 413 2592
511 9388 327 2618
590 10325 408 2511
622 11209 403 2528
535 9766 395 2533
520 8921 334 2548
622 11209 403 2528
496 9048 369 2584
590 10325 408 2511
565 10127 356 2531
522 8628 361 2644
567 10074 364 2532
584 10245 360 2530
622 11209 403 2528
501 8869 375 2606
496 9048 369 2584
567 10074 364 2532
506 8630 386 2600
511 9388 327 2618
535 9766 395 2533
511 9388 327 2618
535 9766 395 2533
523 8689 385 2639
513 9192 336 2617
502 8826 413 2592
502 8826 413 2592
630 11470 369 2527
501 8910 344 2605
484 8975 398 2629
506 9163 349 2534
520 8921 334 2548
496 9048 369 2584
523 8689 385 2639
506 9163 349 2534
511 9388 327 2618
502 8826 413 2592
501 9093 357 2604
496 9048 369 2584
501 8869 375 2606
511 9388 327 2618
496 8856 393 2613
523 8689 385 2639
496 8856 393 2613
506 8630 386 2600
590 10325 408 2511
506 9163 349 2534
492 9095 361 2611
622 11209 403 2528
520 8921 334 2548
567 10074 364 2532
492 9095 361 2611
513 9192 336 2617
523 8689 385 2639
506 9163 349 2534
584 10245 360 2530
584 10245 360 2530
523 8689 385 2639
590 10325 408 2511
496 8856 393 2613
511 9388 327 2618
485 8612 390 2624
506 8630 386 2600
590 10325 408 2511
511 9388 327 2618
567 10074 364 2532
522 8628 361 2644
511 9388 327 2618
501 8869 375 2606
485 8612 390 2624
523 8689 385 2639
502 8826 413 2592
496 9048 369 2584
506 9163 349 2534
520 8921 334 2548
523 8689 385 2639
520 8921 334 2548
501 8869 375 2606
511 9388 327 2618
584 10245 360 2530
567 10074 364 2532
522 8628 361 2644
492 9095 361 2611
501 9093 357 2604
523 8689 385 2639
522 8628 361 2644
502 8826 413 2592
492 9095 361 2611
523 8689 385 2639
501 8869 375 2606
523 8689 385 2639
511 9388 327 2618
567 10074 364 2532
501 8910 344 2605
501 8869 375 2606
567 10074 364 2532
496 9048 369 2584
501 8910 344 2605
492 9095 361 2611
484 8975 398 2629
523 8689 385 2639
501 8910 344 2605
506 9163 349 2534
584 10245 360 2530
496 8856 393 2613
520 8921 334 2548
501 8910 344 2605
523 8689 385 2639
506 9163 349 2534
590 10325 408 2511
511 9388 327 2618
501 8869 375 2606
502 8826 413 2592
590 10325 408 2511
523 8689 385 2639
501 8869 375 2606
496 9048 369 2584
567 10074 364 2532
520 8921 334 2548
630 11470 369 2527
630 11470 369 2527
501 9093 357 2604
513 9192 336 2617
501 8869 375 2606
567 10074 364 2532
513 9192 336 2617
522 8628 361 2644
584 10245 360 2530
501 8869 375 2606
522 8628 361 2644
506 9163 349 2534
522 8628 361 2644
523 8689 385 2639
567 10074 364 2532
565 10127 356 2531
502 8826 413 2592
496 8856 393 2613
584 10245 360 2530
492 9095 361 2611
501 8910 344 2605
523 8689 385 2639
523 8689 385 2639
506 9163 349 2534
523 8689 385 2639
501 8910 344 2605
520 8921 334 2548
492 9095 361 2611
522 8628 361 2644
501 8869 375 2606
523 8689 385 2639
567 10074 364 2532
511 9388 327 2618
506 9163 349 2534
506 9163 349 2534
590 10325 408 2511
522 8628 361 2644
565 10127 356 2531
622 11209 403 2528
522 8628 361 2644
501 8869 375 2606
622 11209 403 2528
506 9163 349 2534
520 8921 334 2548
622 11209 403 2528
630 11470 369 2527
567 10074 364 2532
590 10325 408 2511
523 8689 385 2639
506 8630 386 2600
513 9192 336 2617
485 8612 390 2624
523 8689 385 2639
523 8689 385 2639
584 10245 360 2530
506 9163 349 2534
511 9388 327 2618
535 9766 395 2533
630 11470 369 2527
567 10074 364 2532
584 10245 360 2530
590 10325 408 2511
511 9388 327 2618
496 8856 393 2613
501 8869 375 2606
513 9192 336 2617
523 8689 385 2639
523 8689 385 2639
622 11209 403 2528
567 10074 364 2532
630 11470 369 2527
502 8826 413 2592
501 8910 344 2605
523 8689 385 2639
501 8910 344 2605
506 9163 349 2534
511 9388 327 2618
496 8856 393 2613
502 8826 413 2592
501 8910 344 2605
523 8689 385 2639
590 10325 408 2511
590 10325 408 2511
511 9388 327 2618
501 8869 375 2606
496 9048 369 2584
590 10325 408 2511
523 8689 385 2639
501 8869 375 2606
485 8612 390 2624
567 10074 364 2532
520 8921 334 2548
630 11470 369 2527
630 11470 369 2527
501 9093 357 2604
630 11470 369 2527
567 10074 364 2532
513 9192 336 2617
492 9095 361 2611
523 8689 385 2639
502 8826 413 2592
496 9048 369 2584
506 9163 349 2534
520 8921 334 2548
523 8689 385 2639
520 8921 334 2548
501 8869 375 2606
511 9388 327 2618
584 10245 360 2530
567 10074 364 2532
501 8869 375 2606
522 8628 361 2644
501 9093 357 2604
523 8689 385 2639
522 8628 361 2644
502 8826 413 2592
567 10074 364 2532
523 8689 385 2639
501 8869 375 2606
523 8689 385 2639
567 10074 364 2532
501 8910 344 2605
501 8869 375 2606
567 10074 364 2532
492 9095 361 2611
622 11209 403 2528
506 9163 349 2534
567 10074 364 2532
511 9388 327 2618
567 10074 364 2532
590 10325 408 2511
523 8689 385 2639
506 8630 386 2600
513 9192 336 2617
485 8612 390 2624
622 11209 403 2528
584 10245 360 2530
506 9163 349 2534
501 8869 375 2606
535 9766 395 2533
590 10325 408 2511
567 10074 364 2532
584 10245 360 2530
590 10325 408 2511
511 9388 327 2618
485 8612 390 2624
513 9192 336 2617
496 8856 393 2613
523 8689 385 2639
622 11209 403 2528
567 10074 364 2532
506 9163 349 2534
496 8856 393 2613
501 8869 375 2606
590 10325 408 2511
506 9163 349 2534
523 8689 385 2639
565 10127 356 2531
496 8856 393 2613
584 10245 360 2530
492 9095 361 2611
584 10245 360 2530
523 8689 385 2639
501 8910 344 2605
630 11470 369 2527
492 9095 361 2611
492 9095 361 2611
590 10325 408 2511
567 10074 364 2532
511 9388 327 2618
506 9163 349 2534
506 9163 349 2534
590 10325 408 2511
522 8628 361 2644
565 10127 356 2531
622 11209 403 2528
489 8946 344 2653
