28707 1291.01
399 7070 325 2443
445 8089 315 2446
427 7507 326 2426
496 8585 320 2431
420 7561 325 2430
441 7832 336 2422
442 7759 322 2435
424 7372 326 2428
409 7205 319 2446
422 7424 323 2437
414 7351 326 2433
407 7243 325 2436
431 7644 320 2437
483 8502 332 2423
407 7224 319 2449
444 7702 326 2425
421 7275 326 2433
430 7540 320 2438
431 7175 319 2452
474 8364 320 2435
450 7897 326 2424
411 7153 331 2440
456 8107 325 2429
405 7132 325 2442
409 7229 325 2436
414 7254 322 2444
407 7336 323 2444
475 8561 319 2442
421 7256 317 2462
454 7843 319 2443
435 7349 330 2429
533 9173 326 2423
493 8917 337 2421
496 8855 325 2428
406 7389 325 2441
423 7492 332 2428
425 7263 319 2445
415 7198 325 2441
449 8077 326 2424
430 7535 319 2444
421 7413 319 2445
424 7700 319 2444
436 7506 325 2434
418 7468 325 2435
430 7430 325 2435
408 7118 336 2442
413 7192 323 2453
425 7595 319 2444
413 7200 323 2451
415 7333 326 2435
422 7340 319 2445
418 7337 338 2428
418 7303 337 2435
420 7258 317 2464
547 10039 319 2439
400 6997 325 2450
394 7071 323 2463
415 7461 315 2449
511 8615 338 2419
511 8615 338 2419
445 8089 315 2446
400 6997 325 2450
394 7071 323 2463
493 8845 342 2459
498 8642 335 2475
508 9189 341 2462
502 8618 341 2500
499 8998 346 2484
510 9134 346 2499
527 9148 336 2486
552 10065 331 2473
572 10108 367 2508
541 9031 333 2482
542 9639 359 2500
458 7981 336 2463
555 9696 339 2480
522 9316 333 2458
558 10242 365 2486
482 8727 337 2481
506 8862 334 2500
493 8815 325 2497
560 9887 336 2472
454 8059 354 2464
516 9006 343 2471
478 8504 334 2493
483 8618 338 2454
546 9380 352 2490
543 9460 338 2498
485 8797 334 2483
490 8354 330 2522
555 9731 361 2504
542 9425 331 2474
521 9156 341 2480
506 8652 357 2483
525 9594 343 2468
507 8583 354 2475
546 10011 342 2443
459 8330 325 2491
523 8774 353 2481
461 8349 352 2488
486 8579 336 2439
565 10250 338 2493
512 8780 345 2489
459 8184 330 2477
526 9278 351 2481
531 9747 323 2467
471 8207 353 2492
571 10281 341 2468
592 10561 354 2505
508 8982 361 2486
527 9389 359 2507
520 9327 352 2488
494 8729 338 2483
497 8997 339 2493
505 8805 337 2443
476 8527 330 2463
534 9254 349 2488
483 8816 333 2467
588 10457 351 2464
496 8529 343 2450
505 9276 326 2461
449 7830 337 2469
543 9407 365 2497
482 8367 347 2488
504 9088 337 2464
564 10094 341 2483
568 9788 357 2482
539 9561 341 2471
579 10217 343 2489
505 8473 367 2491
564 10146 319 2486
588 10339 353 2451
599 10876 353 2461
500 8809 339 2492
525 9427 339 2492
457 8361 323 2496
451 8096 341 2475
542 9312 330 2500
508 8888 349 2477
507 9072 349 2475
486 8715 329 2450
507 8763 323 2486
524 9318 345 2481
514 8885 353 2493
524 9480 330 2459
519 9372 359 2479
524 9321 326 2460
546 9865 341 2485
502 9058 337 2495
554 9919 336 2494
523 9227 329 2479
504 8717 329 2455
570 10197 324 2458
488 8677 346 2428
486 8420 361 2478
537 9611 342 2495
521 9071 368 2544
520 9123 352 2484
493 8702 352 2497
519 9322 345 2508
574 10226 352 2468
560 10062 352 2454
558 10045 341 2473
525 9369 342 2471
562 9768 344 2474
543 9791 339 2472
510 8620 374 2474
521 9248 346 2511
532 9404 330 2455
507 8975 360 2490
500 9170 325 2456
516 9257 353 2490
472 8154 350 2443
482 8597 341 2480
501 8514 341 2467
537 9373 357 2446
477 8316 341 2475
482 8336 352 2489
525 9069 341 2487
468 8391 341 2485
502 8581 344 2495
500 8712 340 2473
513 9136 338 2453
447 8293 339 2501
522 8912 330 2468
496 8822 330 2464
543 9572 331 2467
532 9590 343 2491
543 9677 329 2478
587 10569 339 2481
526 9462 348 2493
484 8681 339 2496
489 8587 351 2475
482 8454 341 2496
513 9049 358 2481
516 9522 336 2479
477 8349 333 2474
557 10160 347 2474
523 9241 329 2483
501 9208 350 2482
575 10488 339 2452
488 8731 341 2496
586 10585 367 2499
512 8635 341 2471
562 10189 350 2497
492 8838 345 2474
502 8545 351 2464
592 10595 346 2493
513 8995 337 2496
478 8478 381 2509
507 8766 341 2513
492 8707 343 2462
584 10645 325 2506
481 8552 341 2501
559 10146 344 2499
525 9231 336 2474
475 8520 354 2485
536 9635 337 2475
529 9464 360 2494
509 9381 352 2501
477 8561 333 2471
517 8566 330 2478
515 9064 340 2492
511 8986 339 2469
533 9513 344 2470
549 9779 345 2475
473 8602 354 2463
516 9446 329 2478
566 10104 346 2496
485 8531 362 2469
577 9998 352 2484
507 9169 339 2471
488 8819 330 2472
494 8747 352 2487
529 9212 367 2469
517 9308 359 2467
447 8075 330 2469
510 9176 353 2482
509 9227 341 2476
648 12193 339 2468
527 9335 330 2459
518 9357 338 2462
524 8968 345 2503
522 9187 346 2486
486 8715 349 2459
574 10068 333 2444
540 9757 340 2489
546 9308 330 2475
508 8854 354 2482
493 8451 330 2492
557 9928 353 2474
481 8704 325 2502
534 9552 359 2471
547 10045 337 2506
575 10259 353 2479
547 9813 357 2497
509 8945 341 2482
506 8576 373 2485
549 9773 361 2493
487 8874 335 2484
511 9378 365 2482
503 8861 345 2467
526 9445 345 2456
532 9453 329 2458
539 9209 338 2475
557 9814 349 2467
500 9010 369 2518
547 10150 336 2457
484 8487 330 2481
552 9540 341 2463
592 10300 353 2499
483 8637 336 2463
504 8875 345 2494
552 9612 331 2469
505 9207 341 2455
549 9319 337 2451
510 9338 380 2467
551 9773 349 2458
512 8921 397 2527
491 8610 359 2488
463 8402 339 2461
483 8447 341 2489
499 8769 346 2489
581 10220 365 2477
515 8792 348 2455
552 9876 354 2490
508 9061 327 2504
549 9951 365 2496
474 8318 346 2483
528 9169 337 2477
529 9286 338 2477
531 9479 341 2472
441 7843 346 2482
523 9245 331 2474
530 9551 349 2484
545 9672 330 2479
519 9388 354 2469
484 8578 359 2494
554 9883 373 2479
536 9611 334 2489
