1335 60.0439
406 6796 406 2230
330 5668 307 2294
334 5833 299 2277
330 5668 307 2294
330 5719 299 2284
412 6776 406 2230
412 6776 406 2230
387 6615 386 2232
380 6405 380 2233
359 6200 358 2236
375 6317 374 2234
330 5683 299 2287
349 6054 342 2239
380 6523 376 2233
391 6497 390 2232
349 6004 333 2241
330 5668 307 2294
390 6528 390 2232
360 6201 319 2255
402 6576 396 2231
364 6280 364 2235
349 6147 348 2237
376 6405 370 2234
337 5873 315 2256
372 6417 370 2234
407 6787 406 2230
371 6426 370 2234
349 6094 333 2239
365 6246 364 2235
330 5731 299 2279
397 6590 396 2231
330 5719 299 2284
387 6615 386 2232
402 6576 396 2231
343 5942 327 2244
349 6147 348 2237
369 6333 354 2236
360 6222 313 2259
396 6611 396 2231
332 5846 299 2277
402 6576 396 2231
365 6364 354 2236
340 5751 310 2269
335 5814 310 2264
346 6049 332 2242
380 6523 376 2233
346 6093 342 2241
391 6497 390 2232
330 5737 301 2276
341 5841 315 2261
343 6024 342 2242
346 6015 323 2248
346 6049 332 2242
391 6497 390 2232
330 5689 307 2285
367 6287 312 2260
338 5896 326 2247
402 6576 396 2231
333 5795 307 2268
349 6115 342 2238
337 5910 326 2251
338 5886 321 2249
334 5828 303 2274
331 5702 304 2286
341 5814 315 2263
391 6556 366 2234
397 6590 396 2231
369 6333 354 2236
359 6200 358 2236
369 6333 354 2236
369 6410 360 2235
391 6556 366 2234
337 5910 320 2252
360 6222 313 2259
349 6115 342 2238
330 5774 304 2271
337 5882 321 2253
335 5802 309 2266
342 6002 326 2245
346 6015 323 2248
346 6093 342 2241
338 5886 321 2249
337 5925 314 2258
349 6006 333 2240
346 6043 327 2243
341 5841 315 2261
337 5882 321 2253
330 5734 304 2272
335 5802 309 2266
396 6611 396 2231
367 6287 312 2260
364 6280 364 2235
343 5942 327 2244
334 5767 310 2265
349 6147 348 2237
330 5774 304 2271
330 5814 304 2270
334 5828 303 2274
337 5910 320 2252
365 6364 354 2236
334 5767 308 2267
365 6364 354 2236
369 6333 354 2236
333 5787 307 2269
340 5835 314 2262
367 6287 312 2260
330 5691 307 2277
337 5954 326 2247
330 5771 302 2275
337 5976 312 2261
337 5921 332 2250
334 5767 308 2267
369 6410 360 2235
338 5937 332 2246
369 6333 354 2236
345 6093 327 2243
331 5760 299 2278
337 5976 312 2261
342 6016 332 2244
340 5835 314 2262
330 5734 301 2278
332 5701 307 2274
330 5763 307 2270
371 6426 370 2234
338 5937 332 2246
333 5787 307 2269
337 5925 314 2258
367 6287 312 2260
391 6556 366 2234
331 5760 299 2278
330 5731 299 2279
391 6556 366 2234
338 5927 320 2250
340 5835 314 2262
332 5736 307 2271
349 6004 333 2241
330 5734 304 2272
342 6002 326 2245
338 5880 320 2252
330 5770 310 2268
330 5770 310 2268
349 6094 333 2239
349 6115 342 2238
345 6097 326 2244
332 5837 303 2274
337 5910 326 2251
349 6006 333 2240
349 6115 342 2238
367 6287 312 2260
360 6222 313 2259
343 5965 332 2243
346 6093 342 2241
334 5767 310 2265
371 6426 370 2234
335 5814 310 2264
349 6147 348 2237
330 5771 302 2275
330 5719 299 2284
342 6002 326 2245
330 5668 307 2294
331 5769 304 2271
402 6576 396 2231
342 6002 326 2245
364 6280 364 2235
345 6097 326 2244
335 5814 310 2264
331 5760 299 2278
359 6200 358 2236
346 6049 332 2242
360 6222 313 2259
332 5837 303 2274
334 5767 308 2267
330 5814 304 2270
343 5965 332 2243
337 5954 326 2247
343 5965 332 2243
337 5910 326 2251
345 6093 327 2243
335 5814 310 2264
337 5910 326 2251
360 6222 313 2259
360 6222 313 2259
330 5771 302 2275
346 6049 332 2242
330 5712 304 2278
338 5927 320 2250
334 5728 307 2271
330 5719 307 2274
333 5795 307 2268
346 6043 327 2243
330 5715 304 2275
369 6410 360 2235
337 5882 321 2253
337 5921 332 2250
330 5766 299 2278
332 5714 304 2275
342 5831 314 2262
330 5774 304 2271
345 6097 326 2244
330 5771 302 2275
334 5728 307 2271
334 5833 299 2277
349 6004 333 2241
349 6006 333 2240
342 5831 314 2262
331 5769 304 2271
330 5712 304 2278
332 5701 307 2274
332 5736 307 2271
342 6016 332 2244
346 6093 342 2241
330 5668 307 2294
412 6776 406 2230
330 5668 307 2294
391 6497 390 2232
387 6615 386 2232
330 5719 299 2284
330 5668 307 2294
343 5942 327 2244
367 6287 312 2260
331 5760 299 2278
402 6576 396 2231
369 6333 354 2236
331 5769 304 2271
335 5802 309 2266
349 6147 348 2237
345 6093 327 2243
346 6093 342 2241
349 6115 342 2238
360 6222 313 2259
371 6426 370 2234
412 6776 406 2230
402 6576 396 2231
330 5712 304 2278
397 6590 396 2231
387 6615 386 2232
391 6497 390 2232
349 6115 342 2238
397 6590 396 2231
331 5769 304 2271
360 6222 313 2259
369 6333 354 2236
330 5719 299 2284
346 6049 332 2242
341 5841 315 2261
337 5921 332 2250
331 5769 304 2271
333 5795 307 2268
345 6097 326 2244
334 5767 310 2265
360 6222 313 2259
397 6590 396 2231
330 5814 304 2270
349 6006 333 2240
337 5910 320 2252
330 5668 307 2294
337 5976 312 2261
349 6115 342 2238
330 5770 310 2268
338 5927 320 2250
346 6049 332 2242
342 5831 314 2262
365 6364 354 2236
330 5668 307 2294
346 6049 332 2242
337 5882 321 2253
367 6287 312 2260
334 5767 308 2267
343 5965 332 2243
334 5767 308 2267
371 6426 370 2234
349 6115 342 2238
397 6590 396 2231
359 6200 358 2236
335 5814 310 2264
337 5925 314 2258
369 6333 354 2236
337 5921 332 2250
334 5767 308 2267
364 6280 364 2235
360 6222 313 2259
330 5731 299 2279
330 5731 299 2279
346 6043 327 2243
341 5841 315 2261
343 5965 332 2243
367 6287 312 2260
343 5942 327 2244
346 6049 332 2242
369 6333 354 2236
342 5831 314 2262
334 5767 310 2265
334 5767 308 2267
360 6222 313 2259
343 5965 332 2243
331 5760 299 2278
345 6093 327 2243
330 5712 304 2278
349 6004 333 2241
330 5774 304 2271
