1772 101.683
496 8668 315 2254
486 8777 299 2277
457 7780 422 2218
440 7848 422 2216
400 7144 299 2343
400 7144 299 2343
380 6430 320 2299
376 6565 349 2289
399 6634 307 2320
462 7966 412 2217
475 8619 322 2246
376 6565 349 2289
478 8268 308 2265
384 6649 315 2295
392 6837 301 2309
419 7358 369 2233
407 7453 366 2236
459 8091 412 2217
474 7738 380 2222
479 8510 312 2257
480 8646 314 2256
451 8074 386 2220
399 6634 307 2320
403 6915 330 2282
434 7603 396 2220
435 8048 353 2225
424 7606 396 2219
413 7422 364 2226
472 8367 321 2247
486 8777 299 2277
469 8052 323 2245
382 6507 333 2291
426 7713 386 2221
457 7980 406 2218
418 7635 305 2278
406 6912 306 2303
457 8110 354 2224
450 8013 406 2218
483 8345 320 2248
411 7548 346 2235
386 6622 313 2291
464 7843 342 2230
421 7324 309 2276
476 8331 392 2219
390 6455 318 2297
381 6595 333 2287
401 7369 312 2272
466 7884 360 2223
396 6678 300 2310
392 6991 320 2280
405 7078 303 2301
380 6790 307 2285
410 6919 299 2313
429 7916 327 2243
471 8416 301 2284
396 7060 321 2270
384 6715 331 2288
387 6562 312 2312
471 8447 313 2257
459 8403 302 2273
395 7089 358 2242
418 7567 390 2225
451 7749 370 2222
426 7497 358 2227
450 8061 402 2218
437 7914 316 2253
385 6617 315 2307
390 6455 318 2297
444 7283 346 2228
394 7029 322 2257
387 7152 323 2283
483 7857 376 2221
478 7761 340 2231
427 7530 380 2224
455 8050 310 2261
417 7408 316 2255
432 7682 370 2223
454 7538 374 2223
412 7554 342 2237
461 8396 360 2223
382 6680 312 2303
389 6642 309 2298
436 7649 327 2241
454 7889 312 2259
467 8101 333 2236
449 8180 323 2245
448 7970 328 2240
450 8061 402 2218
446 7675 374 2224
483 8149 347 2226
474 8689 376 2221
422 7389 320 2250
414 7217 315 2256
404 6954 306 2302
404 7186 299 2298
422 7759 339 2238
410 7137 320 2252
415 7464 346 2228
476 8331 392 2219
446 7943 331 2239
416 7259 377 2240
393 7033 337 2266
460 7996 339 2232
397 7117 326 2249
427 7303 348 2230
430 7707 334 2237
444 7813 312 2263
427 7727 332 2237
420 7833 312 2264
451 7901 334 2235
396 6959 303 2305
397 6930 303 2304
438 7878 346 2227
421 7582 342 2234
446 7786 304 2268
448 7721 390 2220
407 7440 334 2241
463 8096 326 2242
393 7033 337 2266
392 7095 315 2269
442 7716 309 2267
465 7694 364 2223
443 7906 307 2266
479 8510 312 2257
416 7259 377 2240
427 7669 302 2285
410 6919 299 2313
399 7234 348 2242
445 8207 386 2220
455 8050 310 2261
433 7826 390 2220
397 7117 326 2249
441 7401 348 2225
381 6752 303 2308
381 6752 303 2308
395 6694 301 2309
424 7570 304 2283
423 7743 354 2225
441 8011 358 2224
444 8129 342 2231
465 7921 340 2232
474 8689 376 2221
445 8002 340 2231
446 8121 354 2224
462 8183 364 2223
476 7870 340 2231
442 7753 380 2221
440 7907 339 2235
445 8207 386 2220
446 8121 354 2224
446 8121 354 2224
625 10843 360 2223
532 9089 422 2216
513 8817 339 2235
454 8005 366 2236
452 8037 390 2225
554 10121 364 2223
516 9336 412 2217
492 8489 340 2233
466 8205 346 2228
514 9076 396 2219
500 8962 412 2220
543 9237 374 2222
506 9198 370 2224
457 8306 380 2225
472 8554 390 2221
493 8645 353 2225
466 8028 348 2226
477 8572 386 2223
515 9243 380 2221
482 8601 370 2225
503 8731 386 2220
502 9220 348 2225
465 8224 390 2222
494 8577 374 2225
499 8723 380 2222
565 9543 370 2224
545 9970 354 2225
544 9570 422 2216
494 8158 364 2237
470 8254 346 2228
502 8218 376 2228
538 9303 406 2219
473 8364 406 2227
492 8470 396 2223
485 8618 406 2221
553 9684 374 2224
508 8866 390 2226
527 9198 358 2226
556 9503 374 2225
539 9592 370 2225
511 8997 348 2227
544 9005 386 2222
509 9120 390 2220
519 9424 380 2221
500 8634 374 2227
544 9358 396 2219
530 8726 396 2222
532 9350 380 2222
514 9362 380 2226
510 9118 386 2226
527 8947 380 2226
523 9357 386 2222
522 9168 374 2226
508 9326 390 2224
509 9005 390 2224
580 10067 406 2219
578 10432 396 2219
553 9882 422 2219
478 8418 346 2229
474 8485 364 2228
490 8654 360 2228
502 9105 396 2223
562 9814 370 2226
508 8747 380 2227
541 9746 390 2220
537 9169 354 2227
544 9274 380 2226
520 9413 422 2221
516 9458 390 2222
526 9569 406 2221
532 9454 380 2225
521 9346 390 2224
516 9379 374 2227
523 9462 380 2223
534 9882 380 2221
576 10322 380 2222
566 10320 406 2220
480 8494 347 2233
552 10188 358 2228
494 8816 380 2230
538 9360 406 2223
530 9637 390 2222
568 9059 354 2232
514 9638 347 2229
499 8837 374 2229
564 9550 380 2225
531 9120 396 2224
528 9187 396 2227
503 9139 347 2231
515 9431 364 2228
518 9023 358 2229
527 8954 364 2228
526 9302 374 2228
543 9566 380 2224
558 9214 380 2227
501 9107 348 2229
599 10789 406 2221
547 9403 422 2224
523 9164 347 2238
480 8508 382 2233
487 8700 374 2235
587 10251 358 2229
569 10447 390 2225
557 9475 402 2226
514 9183 353 2230
533 9071 374 2228
532 9761 396 2222
574 9837 347 2233
527 9074 396 2230
481 8781 348 2233
574 9811 380 2224
658 11952 374 2228
604 10572 396 2224
532 9389 348 2233
515 8824 364 2238
497 8670 396 2235
492 8887 382 2237
567 9731 386 2228
554 10163 390 2229
562 9852 396 2225
550 9659 354 2232
493 8799 380 2234
517 9277 353 2237
541 9397 374 2232
555 9190 364 2233
540 9084 354 2235
539 9481 396 2230
532 9199 370 2235
545 9387 370 2233
536 9766 364 2230
612 10652 396 2227
592 10199 412 2226
566 10310 357 2237
534 9645 364 2246
534 9120 370 2240
514 9184 380 2236
545 9886 370 2232
539 9506 380 2233
555 10001 358 2233
558 10202 364 2232
544 9569 362 2233
569 10350 362 2243
556 9574 375 2233
520 9218 390 2237
563 10270 368 2241
558 10059 374 2233
591 10542 378 2235
588 10650 372 2241
585 10290 396 2238
500 8521 392 2219
486 8777 299 2277
457 7780 422 2218
440 7848 422 2216
400 7144 299 2343
400 7144 299 2343
380 6430 320 2299
376 6565 349 2289
399 6634 307 2320
478 8268 308 2265
462 7966 412 2217
376 6565 349 2289
495 7599 358 2225
491 8595 354 2224
411 6925 315 2258
471 8447 313 2257
466 7884 360 2223
448 7928 370 2222
426 7713 386 2221
438 7962 370 2223
394 7029 322 2257
442 8016 308 2266
490 8667 392 2219
464 7991 376 2221
395 7089 358 2242
422 7797 323 2245
397 7117 326 2249
382 6507 333 2291
396 7060 321 2270
417 7455 354 2229
385 6617 315 2307
432 7724 305 2277
453 7984 304 2273
387 6562 312 2312
392 6837 301 2309
439 7650 364 2223
386 6622 313 2291
390 6455 318 2297
457 8112 386 2220
381 6595 333 2287
460 8086 402 2218
382 6680 312 2303
451 7704 380 2221
482 8693 354 2224
392 6837 301 2309
380 6790 307 2285
416 7655 307 2269
410 6919 299 2313
384 6649 315 2295
460 8086 402 2218
470 8123 339 2232
458 7965 412 2218
405 7240 322 2246
409 7464 364 2229
429 7736 376 2223
428 7356 380 2226
389 6642 309 2298
425 7593 390 2225
435 7660 374 2224
415 7617 346 2230
401 6712 307 2317
447 8165 326 2242
424 7606 396 2219
434 7603 396 2220
387 7152 323 2283
403 6915 330 2282
467 8497 358 2224
446 7684 342 2230
390 6455 318 2297
420 7501 310 2264
434 7550 328 2240
450 8013 406 2218
404 7221 304 2281
450 8013 406 2218
485 8733 332 2237
384 6715 331 2288
427 7669 302 2285
406 6912 306 2303
431 7776 364 2224
444 8043 347 2226
451 7439 340 2234
480 8646 314 2256
422 7323 331 2240
409 7412 348 2231
448 7613 327 2241
407 7391 331 2239
398 7081 326 2255
413 7422 364 2226
467 8217 339 2232
446 7359 347 2227
419 7146 323 2250
471 8447 313 2257
471 8346 358 2224
485 8733 332 2237
411 7487 340 2232
479 8510 312 2257
436 7566 340 2231
380 6430 320 2299
393 7033 337 2266
455 8050 310 2261
471 8346 358 2224
401 6712 307 2317
406 6912 306 2303
400 7130 322 2252
427 7519 303 2284
424 7532 315 2254
407 7305 334 2235
457 7625 346 2227
437 7914 316 2253
428 7859 342 2230
425 7513 321 2247
491 8595 354 2224
418 7635 305 2278
440 8185 348 2226
415 7679 310 2272
458 7920 320 2248
423 7542 339 2234
421 7239 304 2279
450 7902 316 2253
399 6634 307 2320
454 7538 374 2223
404 7186 299 2298
455 7817 390 2220
393 7033 337 2266
406 7280 307 2273
418 7383 326 2243
459 8091 412 2217
407 7305 334 2235
433 7826 390 2220
420 7382 348 2228
455 8136 346 2227
451 8055 301 2282
420 7476 332 2238
480 8646 314 2256
423 7743 354 2225
450 8073 360 2223
381 6752 303 2308
381 6752 303 2308
403 7228 307 2280
414 7173 364 2229
450 7640 354 2226
382 6680 312 2303
434 8075 347 2229
399 7123 310 2273
384 6649 315 2295
439 7824 339 2233
481 7988 348 2225
486 8777 299 2277
455 8050 310 2261
452 7992 348 2225
457 7964 333 2236
440 7685 354 2225
541 9416 364 2223
533 9784 360 2223
526 8804 422 2216
514 8779 334 2236
450 7850 374 2226
449 7951 342 2234
460 8483 402 2222
500 9211 380 2221
450 8349 342 2232
496 8772 406 2221
491 8683 374 2223
473 8147 374 2224
459 8173 340 2231
459 8043 370 2226
519 9106 370 2222
522 8844 390 2220
487 8732 348 2227
502 9011 347 2226
495 8800 346 2229
460 8189 354 2229
509 9052 390 2220
500 8436 390 2223
502 8796 396 2219
489 8896 396 2222
512 9090 358 2225
480 8727 364 2224
512 8730 396 2219
477 8805 364 2225
479 8398 353 2229
496 8891 347 2227
477 8420 348 2228
477 8415 348 2229
557 9959 340 2231
551 9604 396 2219
484 8333 340 2233
464 8356 354 2250
453 8150 390 2227
461 8488 347 2244
456 8371 369 2235
512 9356 348 2226
532 9042 357 2227
538 9578 380 2222
542 9282 342 2231
551 9737 358 2225
471 8375 364 2229
495 8766 364 2227
508 8931 396 2221
534 8979 390 2220
480 8254 374 2226
489 8870 364 2224
463 8224 374 2228
462 8478 380 2232
505 8965 380 2223
488 8513 354 2232
498 8504 348 2230
482 8432 358 2231
486 8650 348 2228
486 8630 390 2225
464 8327 390 2226
570 10070 380 2222
561 10178 348 2226
534 9469 396 2220
530 9378 340 2233
513 9178 412 2223
496 8795 348 2243
482 8391 390 2233
527 9695 344 2242
509 8540 351 2235
538 9286 364 2227
515 9295 406 2222
488 8671 354 2229
516 8431 364 2231
525 9067 374 2226
485 8671 358 2231
497 9075 374 2227
496 9251 396 2225
503 8953 358 2228
498 9145 364 2228
501 9050 380 2227
504 8888 390 2224
504 8910 354 2228
506 9125 380 2225
509 8874 348 2231
514 9423 364 2224
486 8903 354 2233
498 8517 374 2233
501 9305 364 2227
529 9415 396 2222
568 9613 358 2228
563 10272 342 2236
542 9650 396 2220
498 8746 358 2236
489 8962 358 2236
554 9944 380 2224
517 8882 348 2233
546 9717 354 2230
542 9482 370 2225
507 9140 374 2227
532 9015 364 2228
511 9302 390 2225
523 9128 380 2228
492 8797 358 2230
512 9299 390 2225
530 9075 396 2228
528 9158 380 2225
580 9892 422 2220
570 10210 396 2222
519 9228 350 2235
509 8923 380 2237
501 8802 390 2234
498 9079 364 2237
551 10062 364 2229
533 9185 380 2225
558 9787 406 2222
520 9707 358 2231
516 9301 396 2227
498 9161 374 2231
502 9155 358 2237
519 9159 374 2227
566 10312 386 2226
554 9427 356 2237
548 10193 358 2240
538 9450 390 2225
523 9131 364 2238
517 9413 396 2227
510 9173 380 2233
520 9255 374 2231
561 9481 361 2235
564 9685 374 2229
545 9957 374 2227
562 9760 380 2228
547 9797 374 2228
621 10186 390 2227
589 10628 374 2227
555 10125 358 2247
545 10078 406 2228
519 9217 380 2238
562 9810 364 2239
603 10480 390 2229
536 9581 380 2233
559 10036 396 2230
547 9482 374 2231
545 9688 406 2232
564 10075 422 2230
549 9490 406 2232
538 9609 406 2235
583 10368 406 2232
571 9806 414 2235
500 8521 392 2219
493 8896 321 2247
457 7780 422 2218
440 7848 422 2216
400 7144 299 2343
400 7144 299 2343
380 6430 320 2299
376 6565 349 2289
399 6634 307 2320
462 7966 412 2217
390 6455 318 2297
490 8220 327 2241
478 7761 340 2231
376 6565 349 2289
471 8447 313 2257
459 8091 412 2217
486 8777 299 2277
426 7713 386 2221
433 7826 390 2220
399 7123 310 2273
483 8345 320 2248
382 6680 312 2303
394 7029 322 2257
434 7603 396 2220
421 7324 309 2276
423 7743 354 2225
436 7531 370 2222
454 7984 380 2221
466 7884 360 2223
410 6919 299 2313
480 8646 314 2256
380 6790 307 2285
437 7914 316 2253
416 6935 320 2255
413 7422 364 2226
403 6915 330 2282
457 8112 386 2220
443 7749 322 2246
404 7186 299 2298
395 7089 358 2242
392 6837 301 2309
479 8510 312 2257
427 7521 342 2231
462 8300 320 2250
470 8682 347 2226
407 7228 322 2252
419 7358 369 2233
410 7380 380 2225
392 6837 301 2309
427 7529 374 2224
385 6617 315 2307
464 7991 376 2221
430 7802 312 2263
447 7784 334 2235
387 7152 323 2283
488 7811 347 2226
407 7453 366 2236
418 7635 305 2278
406 6912 306 2303
486 8777 299 2277
453 7614 346 2227
411 6925 315 2258
460 8086 402 2218
496 8668 315 2254
381 6595 333 2287
478 8268 308 2265
424 7606 396 2219
401 6712 307 2317
449 7908 348 2225
434 7550 354 2224
442 8016 308 2266
455 8050 310 2261
450 8013 406 2218
471 8447 313 2257
469 8052 323 2245
450 8013 406 2218
410 7362 346 2230
480 8646 314 2256
406 6912 306 2303
415 7491 339 2239
460 8106 328 2240
463 7709 334 2236
382 6507 333 2291
428 7621 358 2226
382 6721 325 2292
417 7256 334 2244
431 7859 331 2243
420 7668 304 2269
485 8023 331 2239
427 7669 302 2285
441 7976 314 2261
456 8176 328 2240
451 8272 339 2233
396 7060 321 2270
465 7694 364 2223
397 7117 326 2249
392 7095 315 2269
398 6639 307 2320
483 8345 320 2248
460 8086 402 2218
432 7682 370 2223
387 6562 312 2312
393 7033 337 2266
387 6524 318 2307
380 6430 320 2299
412 7389 340 2244
496 8668 315 2254
401 6712 307 2317
439 8047 332 2237
414 7480 342 2238
396 6539 324 2294
426 7553 347 2229
415 7544 314 2264
381 6752 303 2308
388 6573 325 2294
386 6622 313 2291
450 8073 360 2223
468 7963 340 2231
466 8168 333 2236
389 6642 309 2298
435 7932 331 2240
384 6715 331 2288
393 7033 337 2266
433 7471 332 2240
384 6649 315 2295
413 7525 342 2241
438 8030 340 2234
447 8165 326 2242
407 7453 366 2236
395 6583 325 2292
416 7315 327 2248
412 7284 320 2257
397 6515 325 2294
424 7354 326 2246
416 7655 307 2269
449 8125 340 2231
417 7631 346 2228
422 7431 322 2248
381 6752 303 2308
450 7569 340 2233
384 6649 315 2295
460 7980 339 2232
464 7991 376 2221
396 7060 321 2270
418 7635 305 2278
403 6915 330 2282
425 7524 342 2230
450 7837 326 2242
439 7807 340 2234
439 7838 340 2232
592 10533 333 2236
547 9587 396 2220
518 8919 422 2221
467 8204 346 2241
437 7782 364 2227
546 9476 380 2221
466 8389 406 2222
510 9036 364 2223
564 10268 347 2226
483 8177 342 2237
584 9728 342 2230
571 9969 342 2230
531 8934 348 2225
510 8859 358 2226
468 8318 342 2235
456 8372 348 2227
480 8466 340 2233
505 9186 346 2229
538 9709 346 2228
485 8960 339 2234
501 8663 346 2230
566 9637 358 2224
493 7992 364 2224
496 8965 340 2232
484 8580 342 2231
463 8519 364 2225
490 8507 364 2224
506 8972 347 2229
576 10024 346 2228
557 9064 406 2222
485 8638 340 2251
474 7982 390 2236
469 8533 364 2230
480 8715 348 2238
543 9877 364 2226
496 8238 402 2228
547 9596 370 2223
520 9413 380 2223
518 8567 354 2229
486 8323 342 2235
509 8751 390 2224
491 8235 374 2230
552 8851 374 2227
517 8906 370 2225
525 8966 340 2232
478 8609 380 2226
510 9306 347 2229
536 8928 364 2227
517 9023 348 2227
521 8791 347 2231
507 8954 374 2226
519 8991 347 2233
488 8294 364 2228
514 8827 348 2232
487 8804 364 2229
512 8844 348 2229
520 8993 364 2227
595 10091 390 2223
572 10301 396 2223
568 9602 406 2223
502 8836 340 2251
470 8553 370 2238
544 9733 340 2233
570 9688 344 2250
579 10208 374 2224
503 8991 348 2243
480 8667 364 2233
498 8912 358 2242
490 8978 356 2235
533 9337 390 2224
509 9147 390 2225
499 8849 364 2231
505 9062 350 2242
511 8692 356 2236
515 9177 348 2229
530 9499 374 2225
517 9148 380 2225
497 8635 380 2226
511 9044 374 2227
495 8593 364 2234
513 9050 396 2224
526 8937 374 2230
523 8929 348 2233
622 10448 406 2223
610 10982 374 2226
570 9881 340 2234
524 9202 350 2250
496 8849 386 2246
494 9059 372 2237
590 10098 348 2231
530 9475 406 2224
573 10036 380 2225
560 9740 374 2227
512 9190 390 2225
520 9162 356 2238
512 9207 350 2242
523 9320 348 2232
508 9305 364 2231
515 9094 358 2241
501 9190 380 2226
536 9071 358 2233
528 9555 358 2229
541 9059 374 2230
514 9151 366 2237
540 9784 374 2228
528 9408 374 2230
514 8943 380 2233
511 9050 380 2227
518 8862 364 2238
527 8878 380 2227
593 10339 342 2234
556 9225 354 2250
539 9254 406 2225
532 8919 380 2227
520 9006 366 2241
571 9975 350 2243
563 10024 374 2227
527 9300 390 2226
583 9571 358 2230
548 9813 358 2229
568 9597 364 2229
540 9471 380 2226
541 9847 354 2233
534 9367 358 2232
521 9397 374 2234
526 9318 380 2233
525 9403 374 2231
551 9827 364 2229
550 9351 390 2227
548 9368 390 2227
540 9513 366 2237
540 9034 382 2229
534 10017 388 2231
551 9699 372 2233
539 9803 380 2229
547 9207 380 2228
544 9253 380 2229
593 10341 406 2227
571 10004 364 2230
541 9413 406 2237
540 9526 366 2248
540 9448 386 2236
567 9957 374 2239
545 9681 386 2233
548 9433 380 2228
586 10497 380 2229
570 10122 374 2240
553 9572 393 2234
596 10448 414 2243
573 10669 374 2240
