18 1.346
624 10896 371 2502
623 11085 365 2519
588 10548 324 2630
534 8628 343 2548
517 8729 385 2652
516 9806 432 2507
499 8757 372 2642
534 9566 340 2603
511 9379 361 2591
567 9625 419 2538
612 10676 384 2522
591 10173 406 2540
507 9101 426 2516
505 8911 353 2608
620 10544 337 2559
499 8757 372 2642
523 9047 336 2624
571 10767 330 2595
589 10443 390 2528
584 10324 406 2534
599 10502 413 2525
567 9625 419 2538
596 10842 356 2535
505 9133 405 2597
576 10301 332 2635
513 9513 343 2557
607 10494 366 2525
588 10548 324 2630
575 10286 353 2541
623 11085 365 2519
499 8935 369 2622
517 8729 385 2652
512 9320 358 2543
589 10443 390 2528
505 9133 405 2597
504 9274 358 2596
499 8935 369 2622
587 10451 415 2519
592 10718 366 2525
620 10544 337 2559
522 9423 336 2607
576 10301 332 2635
586 10493 360 2540
513 8740 343 2606
522 9423 336 2607
504 9274 358 2596
586 10493 360 2540
513 8740 343 2606
589 10443 390 2528
588 10548 324 2630
576 10301 332 2635
576 10301 332 2635
567 9625 419 2538
517 8729 385 2652
517 8729 385 2652
513 8740 343 2606
513 8740 343 2606
505 9133 405 2597
499 8935 369 2622
499 8935 369 2622
499 8757 372 2642
499 8757 372 2642
708 13453 373 2546
637 11148 392 2515
599 10512 465 2518
570 10471 339 2640
513 9010 351 2670
508 9116 387 2692
504 9207 370 2669
590 10276 340 2638
603 10941 408 2539
506 9181 423 2615
511 9217 405 2660
535 9427 343 2578
621 11047 436 2534
621 11047 436 2534
520 9167 445 2548
548 9620 349 2552
568 10352 436 2542
603 10941 408 2539
575 10294 339 2677
565 10422 381 2543
526 9911 359 2590
538 9724 361 2556
598 10296 369 2551
506 9181 423 2615
529 9531 360 2568
533 9716 347 2592
518 9382 385 2599
533 9497 391 2562
527 9282 349 2643
513 9010 351 2670
520 9167 445 2548
526 9911 359 2590
511 9217 405 2660
530 9105 382 2610
542 9852 391 2546
515 9525 371 2604
590 10276 340 2638
523 9447 376 2592
567 9771 379 2549
544 9294 387 2599
575 10294 339 2677
505 9528 382 2607
527 9282 349 2643
532 9570 378 2557
570 10471 339 2640
513 9034 377 2614
518 9192 350 2614
532 9570 378 2557
514 9478 379 2601
534 9332 350 2591
513 9034 377 2614
514 9478 379 2601
504 9207 370 2669
534 9332 350 2591
544 9294 387 2599
575 10294 339 2677
544 9294 387 2599
534 9332 350 2591
534 9332 350 2591
527 9282 349 2643
526 9911 359 2590
511 9217 405 2660
511 9217 405 2660
511 9217 405 2660
506 9181 423 2615
504 9207 370 2669
699 12138 405 2542
671 12193 417 2523
671 12193 417 2523
640 11121 339 2698
640 11121 339 2698
538 9502 426 2590
531 9070 415 2623
509 9311 387 2676
699 12138 405 2542
615 11172 401 2553
619 10983 413 2542
643 11023 381 2550
581 10232 355 2556
579 10528 344 2579
532 9599 360 2652
542 9239 393 2642
521 9302 369 2618
518 9457 384 2629
594 10421 350 2555
509 9311 387 2676
534 9668 358 2693
552 9981 350 2599
568 10066 343 2584
557 10427 371 2560
615 11172 401 2553
540 9547 377 2578
567 9991 357 2561
619 10983 413 2542
542 9611 363 2568
599 10515 410 2550
519 9334 398 2625
568 9915 353 2575
536 9366 364 2605
599 10515 410 2550
568 9803 366 2560
559 9558 364 2589
542 9891 358 2588
535 9355 407 2593
531 9070 415 2623
539 9467 351 2634
535 9743 351 2627
534 9332 390 2605
556 10047 346 2595
547 9892 351 2619
572 10501 395 2556
572 10501 395 2556
531 9617 368 2641
556 10047 346 2595
546 9479 360 2595
531 9617 368 2641
534 9332 390 2605
533 9596 364 2579
536 9528 352 2595
538 9506 406 2577
546 9479 360 2595
538 9506 406 2577
536 9615 360 2582
536 9615 360 2582
536 9528 352 2595
533 9596 364 2579
671 12193 417 2523
572 10501 395 2556
538 9506 406 2577
536 9528 352 2595
531 9617 368 2641
702 12571 388 2551
702 12571 388 2551
619 11443 343 2668
563 9920 492 2584
541 9444 386 2718
541 9444 386 2718
528 9549 379 2681
635 11128 417 2552
630 11540 352 2571
549 9793 438 2596
555 9715 354 2687
532 9535 387 2635
532 9578 434 2618
582 10539 344 2649
575 10392 353 2610
625 10846 357 2583
558 10033 406 2578
547 9806 377 2593
612 11087 357 2562
563 10071 353 2657
550 9956 412 2575
533 9687 368 2601
556 10118 347 2620
534 9603 365 2598
576 10057 398 2575
600 10491 358 2581
581 10717 372 2559
572 10172 355 2590
607 10269 394 2565
605 10974 380 2556
565 9728 390 2586
587 10321 373 2561
590 10269 396 2564
568 10490 385 2569
605 10974 380 2556
550 10162 364 2591
565 10120 382 2579
583 10549 358 2585
559 10294 389 2577
570 10129 360 2567
594 10542 370 2560
569 10415 361 2583
556 10118 347 2620
585 9584 372 2595
581 10717 372 2559
589 10427 372 2559
594 10542 370 2560
570 10063 366 2570
570 9711 363 2576
583 10437 369 2564
583 10437 369 2564
583 10549 358 2585
570 9711 363 2576
541 9444 386 2718
657 11643 378 2562
625 11433 410 2556
611 10519 347 2640
580 9904 421 2585
573 9869 365 2646
564 9607 393 2624
547 9810 371 2635
655 11514 384 2558
606 10658 355 2607
614 11298 368 2572
576 10775 368 2576
550 9798 372 2626
616 10522 401 2560
596 10163 370 2596
564 10323 348 2631
622 11339 355 2590
564 10010 392 2594
572 10244 378 2591
558 9987 367 2601
593 9978 364 2602
578 10378 362 2591
617 10744 360 2579
589 10450 366 2577
617 10744 360 2579
589 10450 366 2577
635 11515 359 2625
621 11309 408 2582
583 10380 409 2595
576 10359 355 2664
560 9896 375 2634
551 10148 389 2647
592 10915 380 2611
597 10729 398 2588
622 10799 360 2583
608 10348 375 2605
597 10562 370 2608
582 9970 401 2629
579 10423 376 2623
594 9939 373 2645
597 10446 400 2603
661 11837 362 2583
633 11748 371 2583
617 11095 400 2595
597 10130 394 2657
551 10223 396 2688
635 11014 392 2600
579 10597 373 2667
559 10273 396 2648
624 11073 375 2584
670 11805 419 2583
635 11076 396 2585
624 11115 381 2584
698 12613 403 2606
635 10887 378 2485
624 10975 405 2485
571 10458 320 2579
507 9167 350 2622
506 8593 359 2597
498 9200 354 2502
548 9831 328 2598
577 10169 341 2555
509 8728 389 2559
578 10410 354 2489
522 8933 363 2577
534 9436 344 2520
519 8854 376 2557
539 9518 334 2584
534 9436 344 2520
575 10464 331 2556
507 9167 350 2622
504 9144 354 2574
571 10458 320 2579
539 9518 334 2584
578 10410 354 2489
506 8593 359 2597
504 9144 354 2574
637 11338 376 2505
576 10519 341 2609
559 9827 427 2513
545 9886 388 2504
519 9075 418 2678
519 9075 418 2678
506 9341 360 2539
628 10714 375 2507
594 10441 343 2579
547 9233 399 2552
524 9201 363 2655
522 9272 382 2642
577 10249 348 2545
523 9139 395 2589
517 9286 421 2570
539 9841 391 2510
553 9603 394 2516
546 10338 345 2639
576 10513 342 2583
561 9715 355 2513
577 9729 350 2617
540 9799 359 2522
581 10032 349 2569
581 10032 349 2569
524 9253 354 2529
524 9201 363 2655
517 9547 355 2576
589 10381 345 2584
526 9250 359 2616
526 9250 359 2616
547 9846 350 2548
547 9233 399 2552
551 9960 342 2586
589 10381 345 2584
545 9886 388 2504
556 9689 351 2617
556 9689 351 2617
551 9960 342 2586
517 9547 355 2576
546 10338 345 2639
561 9715 355 2513
589 10381 345 2584
546 10338 345 2639
546 10338 345 2639
524 9201 363 2655
524 9201 363 2655
519 9075 418 2678
519 9075 418 2678
658 11434 442 2511
658 11434 442 2511
590 10871 345 2639
527 9308 367 2632
524 9502 396 2676
520 9344 471 2635
513 9479 417 2640
523 9486 410 2660
629 11270 359 2536
636 11398 367 2514
520 9344 471 2635
606 11141 393 2514
612 11084 363 2522
520 9636 369 2552
589 10142 366 2516
573 10327 365 2531
546 9789 386 2529
534 9486 425 2593
540 9617 354 2643
616 10657 365 2526
590 10871 345 2639
513 9656 360 2567
549 9562 357 2608
585 10782 353 2568
606 10547 345 2634
534 9486 425 2593
542 9404 372 2616
538 9515 372 2601
524 9502 396 2676
537 9558 380 2563
568 10083 352 2580
564 9960 376 2532
544 9894 386 2532
598 10849 349 2571
561 9860 354 2538
573 10327 365 2531
573 9949 377 2527
559 9448 410 2596
569 10048 346 2587
616 10657 365 2526
537 9605 360 2541
528 9806 357 2574
569 10048 346 2587
612 11084 363 2522
542 9404 372 2616
513 9479 417 2640
559 9448 410 2596
602 10796 352 2576
537 9558 380 2563
606 10547 345 2634
549 9562 357 2608
564 9959 353 2579
599 10854 351 2568
560 10127 356 2597
560 10127 356 2597
598 10849 349 2571
521 9505 373 2574
585 10782 353 2568
602 10796 352 2576
537 9605 360 2541
521 9505 373 2574
599 10854 351 2568
658 11434 442 2511
599 10854 351 2568
598 10849 349 2571
590 10871 345 2639
585 10782 353 2568
569 10048 346 2587
628 11530 364 2533
586 10324 348 2680
555 10494 392 2529
538 9533 412 2591
538 9533 412 2591
520 9674 381 2554
614 11051 388 2538
582 10205 401 2530
536 9729 375 2632
586 10694 357 2558
530 9786 375 2618
600 10921 365 2551
570 10536 357 2586
608 10867 369 2541
550 9625 375 2584
555 10494 392 2529
574 10346 362 2557
589 10047 385 2540
567 10005 354 2591
541 9655 373 2602
590 10882 366 2543
531 9733 363 2575
578 10175 389 2541
541 9655 373 2602
573 10487 363 2553
544 9628 363 2619
559 9645 371 2566
603 10885 365 2545
567 10005 354 2591
548 9723 366 2547
543 9944 359 2579
577 9745 391 2543
542 9876 378 2569
543 9832 369 2556
542 9876 378 2569
558 10069 371 2542
543 9944 359 2579
542 10045 388 2548
559 9645 371 2566
558 10069 371 2542
579 10045 379 2544
590 9989 354 2552
577 10487 358 2585
530 9786 375 2618
590 9989 354 2552
579 10045 379 2544
542 10045 388 2548
543 9832 369 2556
544 9628 363 2619
558 10069 371 2542
555 10494 392 2529
544 9628 363 2619
543 9944 359 2579
542 10045 388 2548
530 9786 375 2618
655 11542 378 2545
616 11202 394 2534
607 10681 354 2583
552 9633 383 2638
537 9815 422 2556
525 9789 389 2620
640 11096 368 2556
619 10742 401 2534
601 11318 370 2554
589 10751 358 2593
548 9843 365 2595
536 10010 396 2580
544 9676 409 2569
635 10494 358 2573
535 9822 363 2602
580 10486 357 2633
565 10375 386 2571
572 10203 403 2549
579 10096 360 2624
577 10150 390 2548
581 10562 363 2572
573 10524 358 2610
611 10485 379 2553
551 10068 374 2585
559 9655 386 2579
538 9727 383 2578
544 9676 409 2569
525 9789 389 2620
564 10064 390 2552
586 10231 370 2591
604 10311 368 2565
599 10515 355 2566
588 10465 362 2561
549 9734 375 2594
572 10107 378 2559
556 9779 374 2590
540 9752 377 2613
540 9752 377 2613
570 10516 378 2556
588 10465 362 2561
573 10234 367 2578
599 10515 355 2566
540 9755 363 2623
556 9779 374 2590
572 10313 367 2568
572 10313 367 2568
604 10311 368 2565
540 9755 363 2623
538 9727 383 2578
573 10234 367 2578
540 9755 363 2623
525 9789 389 2620
667 11919 385 2547
626 10752 355 2690
573 10308 419 2557
565 9837 371 2613
538 9941 418 2600
614 11369 395 2549
594 10855 415 2555
622 11152 363 2617
554 9915 374 2650
563 10300 407 2611
538 9977 393 2664
556 10079 365 2690
578 10560 391 2562
569 9921 398 2608
574 10397 363 2668
617 10677 356 2632
603 10201 396 2550
589 10242 385 2600
555 10145 379 2624
575 10441 383 2584
571 10732 383 2594
577 10713 360 2625
575 10208 367 2637
561 10528 374 2610
599 10226 380 2578
592 10495 369 2564
577 10665 370 2576
599 10404 368 2570
572 10307 393 2571
666 11890 370 2630
633 11753 377 2564
600 10785 405 2575
565 10448 377 2632
603 10675 384 2591
599 10628 383 2596
589 10559 395 2595
628 10772 372 2618
628 11422 378 2583
618 10629 394 2578
624 11399 372 2623
626 11163 398 2569
613 10712 401 2566
615 11072 383 2572
615 10795 397 2582
646 11912 394 2570
609 10842 378 2646
590 10516 413 2649
628 11065 402 2614
618 10869 406 2586
590 10701 379 2636
634 11406 405 2582
631 11608 388 2634
631 10932 401 2631
631 11300 404 2645
625 11126 383 2510
624 11167 364 2466
618 11225 364 2509
558 9838 397 2517
537 9734 342 2526
507 8989 345 2603
484 8763 372 2597
599 10650 379 2516
540 9453 376 2550
519 9159 352 2569
585 10415 384 2512
508 9059 377 2560
559 9009 387 2576
625 11126 383 2510
521 9049 359 2578
571 10456 391 2522
516 9373 366 2580
531 9537 363 2538
570 10468 384 2525
503 9184 379 2541
585 10415 384 2512
516 9373 366 2580
523 9523 371 2546
538 9414 347 2593
503 9184 379 2541
536 9694 348 2572
531 9537 363 2538
571 10456 391 2522
536 9694 348 2572
523 9523 371 2546
538 9414 347 2593
585 10415 384 2512
536 9694 348 2572
523 9523 371 2546
677 12254 349 2587
626 11390 386 2499
557 10068 342 2632
545 9194 423 2675
511 8892 375 2688
508 9271 364 2649
646 11294 372 2529
617 10770 379 2525
545 9194 423 2675
535 9668 414 2550
516 9423 400 2638
548 9309 414 2599
593 10492 393 2531
584 10449 343 2604
598 10768 388 2528
576 10303 368 2535
586 10747 390 2523
556 9741 349 2657
547 9603 373 2572
626 10667 359 2552
553 9353 352 2591
546 9876 364 2577
516 9423 400 2638
558 9842 349 2610
533 9641 370 2561
556 9741 349 2657
528 9211 391 2618
626 10466 350 2558
582 10481 356 2562
523 9248 378 2685
525 9498 360 2646
574 10180 365 2562
574 10075 380 2546
524 9495 394 2561
551 9711 396 2550
569 10064 382 2534
528 9211 391 2618
574 10075 380 2546
569 10064 382 2534
586 10747 390 2523
581 10695 362 2581
553 9353 352 2591
546 9603 377 2633
519 9321 368 2640
528 9287 378 2607
547 9676 363 2585
565 9837 363 2580
568 10313 382 2555
540 9819 389 2559
572 9774 367 2558
545 9770 356 2649
540 9819 389 2559
565 10188 388 2554
581 10695 362 2581
551 9711 396 2550
525 9498 360 2646
568 10313 382 2555
545 9770 356 2649
546 9603 377 2633
565 10188 388 2554
572 9774 367 2558
518 9274 379 2601
519 9321 368 2640
523 9248 378 2685
518 9274 379 2601
528 9287 378 2607
565 9837 363 2580
508 9271 364 2649
582 10481 356 2562
586 10747 390 2523
586 10747 390 2523
586 10747 390 2523
586 10747 390 2523
574 10075 380 2546
572 9774 367 2558
572 9774 367 2558
565 10188 388 2554
565 10188 388 2554
565 9837 363 2580
565 9837 363 2580
556 9741 349 2657
556 9741 349 2657
553 9353 352 2591
545 9194 423 2675
545 9194 423 2675
545 9194 423 2675
540 9819 389 2559
540 9819 389 2559
528 9211 391 2618
525 9498 360 2646
516 9423 400 2638
664 11543 351 2601
649 11556 365 2558
623 10899 380 2530
613 10973 345 2619
588 10177 433 2560
579 10221 350 2697
523 9339 371 2648
541 9880 419 2594
607 11211 352 2593
536 9484 398 2601
534 9391 384 2621
530 9911 394 2596
583 10309 357 2679
600 10373 406 2537
543 9557 406 2581
547 9403 364 2697
563 10504 356 2668
622 10836 349 2606
569 10541 391 2541
566 9802 431 2564
629 11037 367 2573
596 10644 351 2666
605 11051 350 2640
599 11054 375 2560
593 10699 380 2550
609 10881 359 2588
590 10369 386 2538
624 10664 369 2566
590 10858 361 2577
568 10043 375 2575
551 9680 385 2574
573 10512 368 2571
593 10583 352 2611
575 10312 406 2557
582 10713 365 2581
556 9646 358 2598
607 10742 371 2536
613 10565 378 2544
550 9769 368 2656
568 10043 375 2575
555 9768 358 2606
550 9750 369 2615
629 11037 367 2573
605 11051 350 2640
578 10868 352 2615
547 9810 369 2589
613 10565 378 2544
584 10505 354 2591
607 10435 367 2589
550 9769 368 2656
556 9646 358 2598
566 9802 431 2564
607 10742 371 2536
583 9884 371 2563
607 10435 367 2589
584 10505 354 2591
579 10221 350 2697
550 9750 369 2615
555 9768 358 2606
550 9750 369 2615
671 12002 375 2559
663 12010 366 2563
652 10963 391 2532
636 11375 352 2636
577 9564 418 2592
533 9634 377 2732
530 9352 407 2649
526 9591 382 2669
560 9828 358 2699
544 9653 412 2615
623 11516 388 2537
648 11118 369 2570
605 10704 355 2655
533 9634 377 2732
594 10808 367 2603
661 11725 384 2550
558 9820 402 2579
635 11055 376 2555
611 10233 394 2580
552 10036 388 2624
621 10963 387 2553
615 11202 388 2566
545 9783 371 2666
595 9976 363 2657
538 9678 403 2649
581 10596 393 2551
530 9352 407 2649
661 11725 384 2550
605 11004 358 2609
600 10327 384 2574
536 9470 382 2668
596 10403 391 2555
652 10963 391 2532
555 10145 379 2594
566 9691 392 2596
568 10117 362 2650
561 9839 375 2618
558 9947 374 2643
559 9749 378 2637
589 10227 374 2586
623 11516 388 2537
616 10495 382 2577
598 10584 385 2571
562 10280 373 2631
573 10220 374 2629
576 9728 372 2632
571 10266 360 2604
579 10521 372 2573
610 10279 394 2571
565 10235 371 2644
617 10462 371 2564
595 10070 379 2583
587 10108 360 2607
574 9832 374 2590
603 10049 371 2608
587 10108 360 2607
570 9775 380 2606
579 10231 385 2585
570 9775 380 2606
561 10063 367 2650
617 10462 371 2564
530 9352 407 2649
663 11912 387 2555
616 11147 358 2623
606 10704 405 2553
582 10519 430 2599
555 10177 402 2691
549 9783 418 2631
562 9970 404 2613
576 10321 360 2665
591 10570 395 2589
638 11510 385 2577
621 10966 393 2565
640 11638 378 2577
577 10306 368 2650
613 10475 409 2563
600 10922 392 2570
573 10145 386 2607
632 11588 380 2580
587 10448 413 2594
651 11554 370 2578
594 10791 376 2581
573 10238 365 2654
575 10381 371 2619
593 10691 384 2595
583 10507 377 2602
598 10928 367 2624
599 10754 365 2612
576 10386 370 2627
700 12600 433 2577
629 10705 441 2561
599 10244 406 2635
575 10711 368 2681
575 10406 395 2625
678 11852 379 2614
658 11236 379 2630
605 11020 425 2600
692 12586 375 2632
587 10346 404 2659
591 11049 401 2590
621 10992 384 2617
607 10747 395 2593
592 10458 380 2648
576 10594 391 2643
625 10945 388 2596
624 10955 374 2643
578 10416 388 2631
713 12190 379 2614
649 11225 374 2646
603 10450 440 2640
594 10772 399 2675
607 10925 402 2632
621 11236 384 2646
646 11092 388 2624
637 11766 418 2701
