43490 1530.88
338 6078 240 2108
362 6446 237 2097
334 5793 245 2114
402 6886 233 2122
375 6752 245 2086
383 6832 234 2109
354 6184 239 2098
386 6751 251 2083
360 6460 241 2093
341 6041 248 2099
392 7087 238 2092
327 5922 248 2121
370 6606 251 2084
330 5989 247 2113
344 6373 238 2120
337 5965 251 2102
347 6386 239 2100
375 6438 245 2088
364 6385 251 2086
330 5907 255 2105
392 6853 243 2090
355 6155 238 2119
355 6147 247 2095
326 5867 252 2125
351 6197 252 2093
362 6358 237 2107
342 6080 243 2102
374 6755 236 2113
398 7200 234 2107
378 6941 234 2119
352 6239 256 2090
358 6443 237 2107
359 6280 238 2102
392 6766 234 2122
335 5989 244 2109
362 6328 248 2090
348 6225 247 2096
351 6220 245 2096
347 6017 243 2106
334 5983 243 2126
345 6045 241 2125
342 5945 243 2121
386 6818 238 2095
339 5935 244 2113
335 5920 251 2106
337 6041 246 2106
376 6742 240 2094
366 6315 251 2089
346 6251 243 2099
362 6470 253 2087
365 6410 247 2090
335 5969 247 2108
348 6039 245 2102
406 7217 236 2106
360 6348 251 2090
345 6180 256 2097
337 6091 241 2132
381 6435 243 2093
325 5851 259 2135
409 7160 260 2081
472 8186 232 2143
333 5746 249 2109
325 5851 259 2135
387 6855 244 2129
438 7643 262 2152
409 7372 273 2134
471 8381 251 2114
394 6908 251 2123
434 7619 277 2139
413 7097 256 2111
411 7422 240 2123
400 7010 248 2150
450 8269 253 2111
454 7978 261 2131
363 6531 245 2118
435 7630 244 2113
455 7839 244 2129
393 6860 244 2125
376 6691 240 2117
413 7452 253 2114
408 7371 253 2146
439 7776 261 2137
470 8272 251 2130
419 7552 256 2108
407 7323 250 2114
442 7700 251 2116
423 7276 250 2130
486 8489 254 2139
414 7353 264 2154
454 8340 256 2125
410 7219 240 2127
467 8184 244 2120
443 7840 250 2138
404 7257 256 2127
424 7637 249 2116
410 7106 256 2121
434 7762 251 2135
468 8328 251 2132
445 7927 269 2148
418 7435 252 2125
435 7739 251 2118
462 7982 251 2151
436 7546 264 2139
405 7238 248 2130
422 7482 263 2131
444 7732 258 2142
478 8301 263 2138
483 8444 250 2134
437 7814 269 2133
424 7658 247 2135
441 7571 251 2126
396 7099 251 2151
434 7799 253 2121
476 7993 242 2108
442 7865 264 2146
419 6979 272 2132
408 7139 261 2121
471 8164 253 2142
486 7977 253 2133
491 8631 248 2121
439 7696 246 2109
423 7420 253 2114
414 7071 250 2148
400 7172 246 2126
437 7606 247 2122
419 7547 260 2107
465 8169 261 2108
440 7587 256 2112
461 8373 271 2161
477 8628 262 2137
365 6465 251 2119
432 7690 247 2125
399 7115 251 2121
432 7599 260 2122
454 7721 240 2121
399 7091 256 2128
447 8108 262 2161
429 7743 270 2125
400 6963 251 2120
428 7379 256 2106
439 7422 262 2135
417 7439 264 2130
461 8149 254 2152
507 9031 261 2128
503 9166 248 2132
404 7308 240 2120
449 7994 270 2147
397 7007 249 2114
430 7903 248 2138
416 7504 256 2112
453 7717 263 2130
463 8295 258 2133
384 6778 255 2140
458 8022 262 2120
408 7133 242 2121
420 7167 251 2129
421 7412 264 2139
488 8694 260 2142
419 7147 259 2129
398 7000 246 2118
450 7899 248 2109
398 7245 269 2125
465 7918 281 2139
442 7936 251 2125
447 7825 244 2108
469 8169 255 2122
426 7511 273 2145
404 7298 244 2117
430 7660 243 2128
468 8107 256 2133
403 6906 256 2127
417 7386 249 2138
449 7655 270 2126
406 7400 251 2126
423 7315 243 2115
441 7899 244 2107
425 7464 246 2141
396 6879 249 2111
454 8074 254 2136
378 6681 257 2128
471 8315 248 2117
455 7795 264 2141
432 7456 243 2122
407 7014 251 2125
384 6669 269 2128
385 6796 264 2144
488 8651 254 2152
446 7982 244 2112
469 8513 251 2117
414 7488 258 2127
411 7055 249 2126
431 7787 249 2124
402 7229 264 2113
399 7316 251 2134
431 7857 260 2135
417 7401 251 2136
428 7509 244 2147
431 7626 261 2115
477 7827 251 2120
448 7958 256 2128
459 8140 260 2116
439 7630 265 2127
400 7159 260 2138
466 8073 256 2127
420 7354 264 2127
467 8532 266 2145
407 7075 257 2148
409 7131 255 2148
350 6387 248 2143
391 7061 253 2130
405 7199 247 2130
394 6946 277 2128
385 6956 253 2125
443 7686 296 2137
412 7373 253 2144
389 6878 253 2119
440 7918 261 2128
441 7797 256 2138
482 8670 251 2131
416 7312 247 2101
418 7298 243 2123
403 7140 259 2123
425 7559 260 2133
424 7495 256 2145
371 6651 248 2116
416 7106 259 2122
415 7362 249 2103
390 6975 262 2112
418 7304 253 2116
427 7700 251 2137
447 7972 250 2124
447 8011 245 2132
438 7679 251 2147
416 7112 258 2132
422 7369 244 2121
412 7301 251 2130
432 7413 288 2129
399 7209 261 2134
425 7564 260 2141
407 7277 256 2132
434 7286 247 2115
398 6903 259 2140
408 7445 260 2126
418 7464 262 2135
428 7738 258 2129
417 7186 247 2131
430 7489 248 2137
402 7239 251 2120
441 7829 256 2119
449 7767 247 2122
437 8021 240 2098
354 6337 250 2148
393 6987 252 2132
414 7013 251 2129
467 8221 244 2130
480 8610 250 2105
384 6398 284 2130
476 8434 272 2128
447 7838 251 2127
427 7478 249 2117
469 8190 259 2123
438 7930 256 2131
459 8198 267 2133
505 9109 272 2120
419 7420 257 2110
390 6986 259 2137
437 7723 251 2116
427 7760 251 2135
515 9129 275 2114
429 7449 240 2108
454 7991 253 2116
465 8105 253 2133
421 7644 246 2128
469 8012 273 2123
413 7324 288 2144
435 7674 283 2156
429 7765 262 2142
482 8503 260 2128
414 7543 265 2122
377 6829 249 2126
389 6983 256 2116
450 7922 264 2119
481 8490 249 2113
456 7861 243 2125
451 8063 260 2130
411 7293 257 2143
436 7661 255 2132
467 8350 251 2143
473 8211 240 2125
433 7495 253 2110
434 7523 256 2120
429 7411 254 2141
400 7254 257 2129
451 7981 244 2133
397 7132 267 2130
379 6537 239 2105
420 7620 256 2124
490 8873 254 2124
386 6984 248 2127
409 7215 253 2126
