220521 1740.14
510 8807 224 2146
476 9104 230 2085
345 6271 258 2126
348 6084 255 2133
493 9080 222 2137
374 6735 232 2201
437 7665 283 2035
371 6571 286 2106
394 6675 280 2079
362 6467 266 2110
500 8584 228 2137
435 7934 263 2037
462 8405 239 2088
469 8370 241 2080
462 8405 239 2088
465 8024 227 2145
415 7350 234 2094
374 6735 232 2201
435 7934 263 2037
493 9080 222 2137
425 7416 245 2066
389 6747 258 2090
371 6571 286 2106
435 7934 263 2037
356 6325 248 2159
437 7665 283 2035
362 6467 266 2110
374 6735 232 2201
347 6232 284 2163
510 8807 224 2146
456 7629 243 2075
500 8584 228 2137
362 6467 266 2110
360 6422 250 2140
391 7067 249 2069
374 6834 241 2171
434 7325 234 2091
476 9104 230 2085
374 6735 232 2201
368 6651 264 2096
406 7156 246 2061
431 7397 227 2169
378 6576 237 2153
430 7553 252 2047
348 6497 265 2125
484 8554 239 2052
432 7695 226 2148
391 7067 249 2069
383 6746 234 2182
406 7156 246 2061
434 7325 234 2091
484 8554 239 2052
465 8024 227 2145
392 6500 256 2125
394 6930 237 2118
400 7260 233 2174
484 8554 239 2052
356 6325 248 2159
347 6232 284 2163
423 7230 250 2057
383 6746 234 2182
400 7260 233 2174
437 7665 283 2035
484 8554 239 2052
430 7553 252 2047
356 6325 248 2159
412 7476 230 2115
441 7407 231 2159
441 7407 231 2159
423 7230 250 2057
465 8024 227 2145
493 9080 222 2137
493 9080 222 2137
451 7750 239 2089
445 7859 242 2086
430 7553 252 2047
412 7476 230 2115
432 7695 226 2148
405 6799 242 2102
403 6971 251 2082
362 6467 266 2110
432 7695 226 2148
425 7416 245 2066
378 6576 237 2153
504 8845 232 2096
389 6747 258 2090
397 7192 234 2141
368 6651 264 2096
445 7859 242 2086
451 7750 239 2089
493 9080 222 2137
430 7553 252 2047
347 6232 284 2163
415 7350 234 2094
469 8370 241 2080
374 6735 232 2201
403 6971 251 2082
451 7750 239 2089
400 7260 233 2174
456 7629 243 2075
467 7894 230 2109
451 7750 239 2089
430 7553 252 2047
380 6780 238 2136
456 7629 243 2075
371 6571 286 2106
378 6576 237 2153
430 7553 252 2047
484 8554 239 2052
430 7313 245 2070
397 7192 234 2141
347 6232 284 2163
345 6271 258 2126
467 7894 230 2109
430 7553 252 2047
392 7141 242 2100
435 7934 263 2037
456 7629 243 2075
465 8024 227 2145
396 7095 242 2110
368 6651 264 2096
378 6576 237 2153
374 6735 232 2201
362 6467 266 2110
441 7407 231 2159
397 7192 234 2141
345 6271 258 2126
356 6325 248 2159
383 6746 234 2182
360 6422 250 2140
405 6799 242 2102
423 7230 250 2057
441 7407 231 2159
383 6746 234 2182
347 6232 284 2163
397 7192 234 2141
394 6675 280 2079
368 6651 264 2096
431 7397 227 2169
360 6422 250 2140
434 7325 234 2091
467 7894 230 2109
467 7894 230 2109
360 6422 250 2140
399 6972 237 2108
435 7934 263 2037
400 7260 233 2174
510 8807 224 2146
374 6735 232 2201
432 7695 226 2148
493 9080 222 2137
348 6084 255 2133
430 7313 245 2070
368 6651 264 2096
400 7260 233 2174
451 7750 239 2089
347 6232 284 2163
378 6576 237 2153
348 6497 265 2125
394 7074 243 2079
403 6971 251 2082
403 6971 251 2082
437 7665 283 2035
435 7934 263 2037
397 7192 234 2141
423 7230 250 2057
504 8845 232 2096
451 7750 239 2089
348 6497 265 2125
348 6497 265 2125
383 6746 234 2182
484 8554 239 2052
347 6232 284 2163
360 6422 250 2140
389 6747 258 2090
434 7744 230 2114
451 7750 239 2089
400 7260 233 2174
389 6747 258 2090
378 6576 237 2153
348 6084 255 2133
484 8554 239 2052
347 6232 284 2163
389 6747 258 2090
493 9080 222 2137
467 7894 230 2109
347 6232 284 2163
368 6651 264 2096
348 6084 255 2133
451 7750 239 2089
476 9104 230 2085
423 7230 250 2057
383 6746 234 2182
500 8584 228 2137
467 7894 230 2109
510 8807 224 2146
356 6325 248 2159
437 7665 283 2035
356 6325 248 2159
347 6232 284 2163
445 7859 242 2086
374 6735 232 2201
348 6497 265 2125
406 7156 246 2061
400 7260 233 2174
451 7750 239 2089
412 7476 230 2115
406 7156 246 2061
360 6422 250 2140
476 9104 230 2085
391 7067 249 2069
374 6735 232 2201
412 7476 230 2115
405 6799 242 2102
403 6971 251 2082
432 7695 226 2148
504 8845 232 2096
389 6747 258 2090
368 6651 264 2096
451 7750 239 2089
493 9080 222 2137
347 6232 284 2163
469 8370 241 2080
445 7859 242 2086
451 7750 239 2089
400 7260 233 2174
467 7894 230 2109
451 7750 239 2089
456 7629 243 2075
430 7553 252 2047
484 8554 239 2052
430 7313 245 2070
430 7553 252 2047
392 7141 242 2100
431 7397 227 2169
476 9104 230 2085
345 6271 258 2126
493 9080 222 2137
437 7665 283 2035
371 6571 286 2106
469 8370 241 2080
462 8405 239 2088
500 8584 228 2137
374 6735 232 2201
406 7156 246 2061
435 7934 263 2037
378 6576 237 2153
432 7695 226 2148
434 7325 234 2091
465 8024 227 2145
392 6500 256 2125
423 7230 250 2057
383 6746 234 2182
437 7665 283 2035
430 7553 252 2047
356 6325 248 2159
389 6747 258 2090
347 6232 284 2163
435 7934 263 2037
397 7192 234 2141
423 7230 250 2057
451 7750 239 2089
383 6746 234 2182
434 7744 230 2114
400 7260 233 2174
348 6084 255 2133
484 8554 239 2052
347 6232 284 2163
451 7750 239 2089
493 9080 222 2137
467 7894 230 2109
348 6084 255 2133
451 7750 239 2089
476 9104 230 2085
423 7230 250 2057
383 6746 234 2182
467 7894 230 2109
356 6325 248 2159
445 7859 242 2086
397 7192 234 2141
456 7629 243 2075
465 8024 227 2145
396 7095 242 2110
378 6576 237 2153
374 6735 232 2201
441 7407 231 2159
360 6422 250 2140
405 6799 242 2102
423 7230 250 2057
347 6232 284 2163
412 7476 230 2115
394 6675 280 2079
431 7397 227 2169
467 7894 230 2109
467 7894 230 2109
399 6972 237 2108
374 6735 232 2201
432 7695 226 2148
510 8807 224 2146
430 7313 245 2070
