21844 1320.7
259 4457 196 1968
259 4457 196 1968
264 4397 236 1876
243 4102 213 1920
290 4834 204 1931
279 4568 236 1867
240 4113 217 1927
290 4834 204 1931
277 4648 209 1912
263 4549 199 1965
247 4133 204 1950
250 4300 231 1887
286 4578 230 1869
264 4397 236 1876
247 4167 203 1944
255 4395 224 1884
263 4549 199 1965
265 4645 209 1914
286 4578 230 1869
272 4499 208 1918
268 4464 236 1870
256 4163 201 1939
279 4582 230 1869
247 4133 204 1950
274 4477 228 1872
274 4477 228 1872
261 4342 221 1883
259 4457 196 1968
279 4568 236 1867
272 4499 208 1918
267 4492 230 1872
250 4106 205 1933
243 4147 207 1924
251 4312 224 1886
253 4243 204 1937
240 4113 217 1927
290 4834 204 1931
267 4492 230 1872
277 4648 209 1912
268 4544 204 1932
266 4423 216 1894
265 4410 227 1875
256 4124 208 1928
263 4411 227 1875
243 4139 210 1913
256 4163 201 1939
253 4343 215 1896
262 4413 226 1877
244 4175 225 1898
255 4366 220 1885
266 4513 209 1913
252 4263 212 1906
250 4234 225 1892
250 4207 219 1898
250 4213 218 1898
252 4285 203 1935
268 4464 236 1870
246 4172 212 1908
250 4240 210 1909
243 4136 209 1919
243 4136 209 1919
245 4178 214 1906
263 4400 228 1876
247 4167 203 1944
243 4144 205 1926
260 4418 213 1904
266 4423 216 1894
261 4338 226 1883
252 4285 203 1935
266 4408 218 1889
241 4115 217 1925
266 4464 211 1905
266 4464 211 1905
253 4243 204 1937
243 4107 214 1914
262 4413 225 1879
266 4466 210 1907
246 4229 220 1895
248 4247 214 1905
261 4344 220 1885
264 4406 226 1877
242 4145 219 1921
242 4145 219 1921
243 4151 215 1902
257 4120 208 1928
255 4165 200 1941
253 4358 229 1881
266 4513 209 1913
263 4381 227 1878
255 4165 200 1941
255 4165 200 1941
250 4300 231 1887
248 4251 220 1893
244 4150 215 1902
241 4115 217 1925
257 4120 208 1928
245 4195 215 1900
255 4345 229 1881
255 4405 221 1883
244 4146 207 1924
244 4152 219 1900
263 4400 228 1876
257 4120 208 1928
256 4124 208 1928
251 4209 218 1898
246 4229 220 1895
245 4190 208 1922
243 4102 213 1920
264 4406 226 1877
264 4439 225 1877
246 4180 205 1924
265 4547 214 1902
258 4424 227 1881
249 4276 212 1906
245 4178 214 1906
252 4369 229 1881
250 4279 215 1898
260 4361 227 1881
248 4253 220 1888
251 4340 226 1884
249 4248 220 1893
250 4207 219 1898
250 4312 218 1891
272 4577 213 1903
263 4381 227 1878
264 4372 224 1880
245 4190 208 1922
244 4146 207 1924
241 4148 219 1919
244 4142 213 1908
258 4424 227 1881
260 4365 236 1879
261 4342 221 1883
264 4407 236 1873
243 4151 215 1902
266 4408 218 1889
248 4251 220 1893
261 4357 227 1881
267 4492 230 1872
260 4365 236 1879
255 4165 200 1941
245 4195 215 1900
250 4293 214 1904
255 4395 224 1884
240 4113 217 1927
245 4190 208 1922
260 4268 204 1934
260 4268 204 1934
255 4345 229 1881
264 4439 225 1877
261 4357 227 1881
247 4225 220 1895
245 4195 215 1900
266 4427 225 1877
250 4106 205 1933
251 4281 218 1893
247 4225 220 1895
266 4466 210 1907
265 4645 209 1914
246 4189 208 1922
250 4234 225 1892
250 4237 209 1915
255 4186 204 1936
268 4544 204 1932
245 4183 210 1911
262 4413 225 1879
244 4152 219 1900
252 4263 212 1906
243 4162 213 1908
252 4304 229 1885
248 4239 225 1894
243 4140 212 1910
246 4180 205 1924
250 4237 209 1915
250 4302 226 1887
245 4163 209 1917
243 4138 212 1916
262 4416 227 1875
243 4162 213 1908
243 4107 214 1914
241 4115 217 1925
249 4250 220 1888
250 4240 210 1909
243 4139 210 1913
248 4251 220 1893
266 4417 220 1883
264 4406 226 1877
243 4140 212 1910
243 4138 212 1916
255 4186 204 1936
264 4407 236 1873
245 4183 210 1911
251 4280 218 1895
244 4143 205 1926
245 4185 208 1923
272 4577 213 1903
245 4185 208 1923
264 4372 224 1880
245 4163 209 1917
250 4312 218 1891
251 4312 224 1886
274 4477 228 1872
243 4102 213 1920
251 4340 226 1884
260 4361 227 1881
251 4312 224 1886
253 4343 215 1896
266 4466 210 1907
252 4304 229 1885
252 4310 229 1883
250 4273 212 1906
255 4405 221 1883
246 4172 212 1908
260 4418 213 1904
260 4361 227 1881
250 4213 218 1898
250 4293 214 1904
248 4247 214 1905
279 4582 230 1869
251 4289 214 1904
260 4365 236 1879
251 4289 214 1904
243 4102 213 1920
253 4243 204 1937
249 4276 212 1906
244 4175 225 1898
266 4427 225 1877
262 4416 227 1875
264 4372 224 1880
250 4273 212 1906
252 4369 229 1881
244 4175 225 1898
255 4399 226 1883
265 4547 214 1902
249 4250 220 1888
263 4411 227 1875
244 4142 213 1908
252 4310 229 1883
266 4408 218 1889
261 4338 226 1883
251 4209 218 1898
241 4148 219 1919
251 4340 226 1884
250 4302 226 1887
248 4253 220 1888
243 4151 215 1902
253 4343 215 1896
250 4279 215 1898
243 4144 205 1926
255 4366 220 1885
251 4281 218 1893
248 4239 225 1894
261 4357 227 1881
253 4358 229 1881
255 4399 226 1883
243 4147 207 1924
261 4344 220 1885
245 4184 205 1924
244 4143 205 1926
245 4184 205 1924
246 4189 208 1922
265 4410 227 1875
248 4114 205 1933
249 4248 220 1893
251 4280 218 1895
266 4417 220 1883
248 4114 205 1933
244 4150 215 1902
243 4102 213 1920
243 4147 207 1924
256 4163 201 1939
272 4499 208 1918
262 4413 226 1877
262 4413 225 1879
264 4407 236 1873
272 4499 208 1918
257 4120 208 1928
260 4365 236 1879
286 4578 230 1869
266 4408 218 1889
250 4300 231 1887
243 4102 213 1920
259 4457 196 1968
277 4648 209 1912
263 4549 199 1965
256 4124 208 1928
255 4186 204 1936
244 4143 205 1926
244 4152 219 1900
248 4247 214 1905
277 4648 209 1912
251 4312 224 1886
279 4582 230 1869
243 4102 213 1920
246 4172 212 1908
274 4477 228 1872
250 4273 212 1906
260 4418 213 1904
260 4365 236 1879
251 4289 214 1904
