238547 2340.19
484 8910 239 2047
346 6245 262 2177
484 8910 239 2047
355 6196 282 2199
388 6921 293 2063
447 7450 254 2030
483 8034 224 2179
451 8185 225 2088
355 6196 282 2199
388 6921 293 2063
446 7791 233 2088
423 7452 272 2043
349 6270 253 2155
465 8107 232 2093
483 8034 224 2179
483 8034 224 2179
346 6245 262 2177
410 7291 280 2036
384 6295 286 2153
483 8034 224 2179
439 7718 240 2058
349 6270 253 2155
362 6825 248 2121
371 6327 281 2137
426 7404 227 2132
353 6409 251 2078
447 7450 254 2030
426 7404 227 2132
406 7234 239 2085
435 7574 237 2089
367 6563 258 2070
379 6576 264 2065
377 6880 235 2127
411 7528 243 2072
386 7066 244 2083
362 6349 268 2117
446 7791 233 2088
399 7102 249 2063
423 7452 272 2043
420 6876 241 2094
365 6685 247 2145
446 7791 233 2088
435 7574 237 2089
349 6475 251 2115
423 7452 272 2043
402 7322 238 2090
411 7255 260 2055
371 6327 281 2137
465 8107 232 2093
384 6295 286 2153
382 6787 228 2095
451 8185 225 2088
362 6825 248 2121
349 6270 253 2155
382 6787 228 2095
439 7718 240 2058
392 7086 272 2049
370 6501 240 2112
414 7492 245 2075
417 7496 263 2054
367 6563 258 2070
362 6349 268 2117
396 7330 249 2066
382 6787 228 2095
402 7476 241 2076
375 6518 250 2091
417 7496 263 2054
405 6993 240 2078
367 6563 258 2070
465 8107 232 2093
367 6563 258 2070
365 6685 247 2145
400 7385 247 2073
447 7450 254 2030
377 6880 235 2127
435 7574 237 2089
365 6685 247 2145
411 7255 260 2055
346 6245 262 2177
401 7351 244 2077
365 6685 247 2145
446 7791 233 2088
368 6535 246 2095
363 6418 248 2108
435 7574 237 2089
389 6391 265 2102
362 6349 268 2117
363 6418 248 2108
379 6576 264 2065
388 7073 270 2052
451 8185 225 2088
386 7066 244 2083
426 7404 227 2132
483 8034 224 2179
402 7322 238 2090
423 7452 272 2043
451 8185 225 2088
442 8075 265 2047
410 7291 280 2036
451 8185 225 2088
423 7452 272 2043
382 6787 228 2095
399 7102 249 2063
442 8075 265 2047
375 6518 250 2091
465 8107 232 2093
349 6270 253 2155
346 6245 262 2177
442 8075 265 2047
362 6349 268 2117
355 6196 282 2199
390 6307 271 2132
346 6245 262 2177
420 6876 241 2094
386 7066 244 2083
371 6327 281 2137
390 6307 271 2132
375 6518 250 2091
439 7718 240 2058
400 7385 247 2073
410 7291 280 2036
405 6993 240 2078
392 7086 272 2049
406 7234 239 2085
388 7073 270 2052
439 7718 240 2058
442 8075 265 2047
365 6685 247 2145
367 6563 258 2070
447 7450 254 2030
389 6391 265 2102
382 6787 228 2095
365 6685 247 2145
377 6880 235 2127
392 7086 272 2049
362 6825 248 2121
483 8034 224 2179
390 6307 271 2132
399 7102 249 2063
382 6787 228 2095
401 7351 244 2077
465 8107 232 2093
384 6295 286 2153
382 6787 228 2095
399 7102 249 2063
368 6535 246 2095
379 6576 264 2065
388 7073 270 2052
402 7476 241 2076
442 8075 265 2047
410 7291 280 2036
384 6295 286 2153
362 6349 268 2117
390 6307 271 2132
439 7718 240 2058
447 7450 254 2030
401 7351 244 2077
367 6563 258 2070
410 7291 280 2036
465 8107 232 2093
411 7255 260 2055
402 7322 238 2090
420 6876 241 2094
465 8107 232 2093
465 8107 232 2093
349 6270 253 2155
392 7086 272 2049
362 6349 268 2117
426 7404 227 2132
420 6876 241 2094
483 8034 224 2179
401 7351 244 2077
402 7476 241 2076
365 6685 247 2145
411 7255 260 2055
365 6685 247 2145
410 7291 280 2036
367 6563 258 2070
389 6391 265 2102
388 6921 293 2063
435 7574 237 2089
465 8107 232 2093
411 7255 260 2055
392 7086 272 2049
382 6787 228 2095
355 6196 282 2199
406 7234 239 2085
465 8107 232 2093
410 7291 280 2036
346 6245 262 2177
388 6921 293 2063
355 6196 282 2199
420 6876 241 2094
355 6196 282 2199
375 6518 250 2091
483 8034 224 2179
382 6787 228 2095
439 7718 240 2058
426 7404 227 2132
362 6349 268 2117
426 7404 227 2132
362 6825 248 2121
423 7452 272 2043
388 6921 293 2063
384 6295 286 2153
435 7574 237 2089
382 6787 228 2095
465 8107 232 2093
399 7102 249 2063
401 7351 244 2077
365 6685 247 2145
451 8185 225 2088
420 6876 241 2094
483 8034 224 2179
423 7452 272 2043
420 6876 241 2094
442 8075 265 2047
451 8185 225 2088
423 7452 272 2043
382 6787 228 2095
375 6518 250 2091
465 8107 232 2093
442 8075 265 2047
355 6196 282 2199
388 7073 270 2052
386 7066 244 2083
390 6307 271 2132
400 7385 247 2073
405 6993 240 2078
392 7086 272 2049
406 7234 239 2085
388 7073 270 2052
365 6685 247 2145
447 7450 254 2030
389 6391 265 2102
375 6518 250 2091
371 6327 281 2137
384 6295 286 2153
362 6825 248 2121
382 6787 228 2095
392 7086 272 2049
370 6501 240 2112
414 7492 245 2075
349 6475 251 2115
396 7330 249 2066
402 7476 241 2076
365 6685 247 2145
367 6563 258 2070
377 6880 235 2127
435 7574 237 2089
365 6685 247 2145
346 6245 262 2177
363 6418 248 2108
435 7574 237 2089
362 6349 268 2117
363 6418 248 2108
379 6576 264 2065
355 6196 282 2199
367 6563 258 2070
411 7255 260 2055
355 6196 282 2199
406 7234 239 2085
465 8107 232 2093
410 7291 280 2036
426 7404 227 2132
388 6921 293 2063
355 6196 282 2199
420 6876 241 2094
410 7291 280 2036
483 8034 224 2179
426 7404 227 2132
362 6349 268 2117
426 7404 227 2132
362 6825 248 2121
388 6921 293 2063
384 6295 286 2153
435 7574 237 2089
382 6787 228 2095
365 6685 247 2145
367 6563 258 2070
377 6880 235 2127
392 7086 272 2049
465 8107 232 2093
384 6295 286 2153
399 7102 249 2063
384 6295 286 2153
362 6349 268 2117
390 6307 271 2132
439 7718 240 2058
447 7450 254 2030
451 8185 225 2088
377 6880 235 2127
379 6576 264 2065
420 6876 241 2094
465 8107 232 2093
465 8107 232 2093
392 7086 272 2049
362 6349 268 2117
411 7255 260 2055
411 7255 260 2055
