25175 1110.87
233 4200 229 1939
258 4424 239 1865
264 4440 200 1936
244 4094 207 1920
269 4488 230 1860
235 4197 225 1946
269 4437 228 1865
259 4381 234 1866
258 4450 239 1863
269 4488 230 1860
264 4440 201 1934
242 4173 224 1894
242 4171 235 1897
256 4273 205 1911
247 4254 220 1886
255 4385 227 1869
234 4227 225 1940
235 4254 234 1924
254 4353 203 1930
237 4151 217 1912
248 4267 220 1881
257 4482 239 1863
258 4452 230 1863
240 4163 219 1906
242 4171 235 1897
264 4440 201 1934
236 4123 217 1917
247 4246 220 1888
258 4424 239 1865
242 4107 204 1922
238 4140 214 1919
257 4401 224 1873
244 4094 207 1920
237 4169 219 1906
241 4128 217 1914
234 4236 234 1926
250 4142 209 1906
257 4315 209 1903
242 4133 210 1902
269 4451 228 1863
235 4242 229 1929
243 4127 214 1903
249 4177 214 1895
248 4289 218 1882
249 4156 214 1898
242 4114 213 1914
234 4206 225 1941
248 4305 218 1880
242 4159 208 1918
235 4186 229 1939
249 4319 212 1893
257 4350 214 1891
244 4166 212 1899
257 4416 225 1868
235 4254 234 1924
252 4335 229 1875
254 4235 216 1889
253 4357 234 1871
254 4315 227 1872
246 4239 204 1916
252 4285 220 1878
251 4258 220 1883
235 4213 224 1944
254 4235 216 1889
252 4335 229 1875
249 4314 211 1899
249 4170 215 1892
257 4351 203 1930
257 4350 214 1891
248 4305 218 1880
256 4273 205 1911
242 4152 219 1900
245 4181 215 1892
249 4314 212 1896
249 4319 210 1896
257 4385 227 1868
242 4114 213 1914
249 4156 214 1898
242 4192 214 1895
255 4283 220 1874
269 4488 230 1860
249 4292 215 1885
249 4153 209 1906
253 4332 234 1873
243 4143 219 1900
259 4379 225 1868
236 4139 219 1909
241 4137 214 1919
235 4221 234 1928
242 4107 204 1922
249 4168 212 1897
253 4279 229 1876
246 4237 204 1918
250 4238 214 1893
240 4163 219 1906
238 4132 219 1909
236 4139 219 1909
257 4394 234 1866
249 4292 215 1885
253 4230 204 1916
238 4132 219 1909
243 4211 209 1904
249 4314 211 1899
253 4359 225 1871
246 4237 204 1918
258 4452 230 1863
258 4426 230 1865
233 4200 229 1939
244 4094 207 1920
247 4254 220 1886
256 4273 205 1911
245 4181 215 1892
251 4263 218 1884
257 4365 225 1870
259 4379 225 1868
249 4141 210 1900
234 4221 224 1944
234 4201 225 1946
235 4222 234 1926
264 4440 200 1936
242 4114 213 1914
244 4094 207 1920
264 4440 201 1934
242 4159 208 1918
269 4451 228 1863
257 4406 224 1871
257 4416 225 1868
251 4263 218 1884
234 4206 225 1941
243 4211 209 1904
235 4221 234 1928
244 4094 204 1922
235 4254 234 1924
257 4394 234 1866
258 4441 227 1866
249 4177 214 1895
247 4254 220 1886
235 4202 229 1937
248 4278 220 1879
251 4258 220 1883
254 4274 215 1887
247 4246 220 1888
236 4123 217 1917
235 4213 224 1944
253 4302 229 1874
242 4134 209 1908
257 4365 225 1870
243 4183 220 1890
248 4289 218 1882
233 4200 229 1939
254 4341 234 1871
253 4313 220 1874
252 4306 220 1876
254 4299 220 1874
254 4348 227 1871
242 4161 209 1907
235 4232 225 1933
243 4183 220 1890
242 4161 209 1907
235 4240 224 1938
245 4164 214 1898
235 4242 229 1929
248 4267 220 1881
235 4195 234 1934
235 4228 229 1931
253 4332 234 1873
252 4355 227 1875
255 4371 234 1869
242 4173 224 1894
247 4265 220 1884
257 4482 239 1863
255 4371 234 1869
254 4341 234 1871
257 4373 234 1868
243 4145 224 1894
242 4133 210 1902
253 4359 225 1871
235 4200 234 1932
252 4285 220 1878
264 4440 200 1936
248 4300 220 1877
243 4127 214 1903
253 4284 220 1876
242 4134 209 1908
234 4232 225 1935
250 4238 214 1893
254 4301 229 1872
235 4240 224 1938
248 4278 220 1879
254 4274 215 1887
234 4227 225 1940
248 4300 220 1877
235 4202 229 1937
235 4228 229 1931
253 4284 220 1876
238 4140 214 1919
237 4151 217 1912
234 4191 229 1939
235 4186 229 1939
235 4222 234 1926
235 4200 234 1932
246 4237 204 1918
238 4132 219 1909
249 4292 215 1885
254 4299 220 1874
245 4181 215 1892
238 4140 214 1919
235 4232 225 1933
251 4258 220 1883
234 4232 225 1935
257 4406 224 1871
254 4315 227 1872
242 4110 207 1920
259 4402 227 1866
249 4319 210 1896
235 4197 225 1946
235 4195 234 1934
259 4362 227 1869
241 4137 214 1919
254 4280 220 1877
242 4110 207 1920
254 4286 229 1874
247 4265 220 1884
247 4233 204 1916
253 4357 234 1871
253 4334 225 1873
243 4145 224 1894
259 4360 234 1869
245 4181 215 1892
254 4348 227 1871
259 4381 234 1866
253 4230 204 1916
244 4166 212 1899
242 4130 214 1903
254 4353 203 1930
259 4351 225 1871
242 4159 208 1918
258 4426 230 1865
251 4263 218 1884
257 4373 234 1868
252 4355 227 1875
259 4362 227 1869
264 4439 239 1863
249 4170 215 1892
258 4450 239 1863
264 4439 239 1863
242 4130 214 1903
253 4302 229 1874
252 4306 220 1876
254 4286 229 1874
246 4239 204 1916
242 4152 219 1900
249 4153 209 1906
237 4129 217 1914
237 4169 219 1906
253 4279 229 1876
255 4283 220 1874
258 4441 227 1866
250 4142 209 1906
252 4358 225 1875
254 4299 220 1874
234 4236 234 1926
259 4402 227 1866
237 4129 217 1914
245 4164 214 1898
252 4358 225 1875
241 4128 217 1914
247 4233 204 1916
242 4192 214 1895
234 4191 229 1939
234 4201 225 1946
253 4334 225 1873
269 4451 228 1863
254 4301 229 1872
254 4280 220 1877
259 4360 234 1869
249 4168 212 1897
253 4313 220 1874
249 4141 210 1900
243 4143 219 1900
253 4332 234 1873
257 4406 224 1871
253 4313 220 1874
246 4237 204 1918
234 4221 224 1944
242 4110 207 1920
259 4362 227 1869
257 4373 234 1868
258 4452 230 1863
235 4254 234 1924
264 4440 201 1934
254 4348 227 1871
245 4181 215 1892
235 4228 229 1931
258 4424 239 1865
257 4416 225 1868
259 4351 225 1871
253 4359 225 1871
257 4394 234 1866
242 4192 214 1895
