20035 870.714
242 4102 207 1922
234 4201 225 1946
233 4208 229 1939
264 4527 225 1868
266 4473 200 1936
269 4488 230 1860
264 4445 239 1863
272 4471 201 1934
269 4488 230 1860
251 4258 220 1883
258 4456 230 1863
234 4230 224 1944
269 4443 234 1863
257 4482 239 1863
243 4154 235 1897
272 4471 201 1934
254 4356 203 1930
256 4286 205 1911
262 4511 224 1871
242 4102 207 1922
266 4473 201 1934
262 4511 224 1871
249 4141 210 1900
267 4432 225 1868
244 4108 207 1920
237 4151 217 1912
236 4123 217 1917
257 4388 234 1868
263 4477 224 1871
260 4341 220 1876
249 4321 210 1896
265 4479 200 1936
239 4144 219 1909
237 4129 217 1914
242 4120 213 1920
252 4365 225 1873
253 4342 225 1875
260 4341 220 1876
255 4404 227 1871
240 4163 219 1906
234 4248 234 1926
253 4421 227 1869
248 4299 212 1895
242 4102 207 1922
242 4122 204 1922
254 4280 220 1877
253 4231 204 1916
248 4278 220 1879
253 4421 227 1869
251 4263 218 1884
264 4470 224 1871
251 4258 220 1883
235 4242 229 1929
254 4294 215 1885
254 4235 216 1889
267 4432 225 1868
257 4351 214 1891
249 4177 214 1895
265 4479 200 1936
254 4363 214 1891
257 4394 234 1866
255 4406 225 1871
239 4144 219 1909
244 4176 215 1894
257 4354 203 1930
242 4120 213 1920
241 4137 214 1919
248 4146 208 1918
238 4139 214 1919
243 4186 214 1895
253 4342 225 1875
254 4279 215 1887
242 4134 209 1908
240 4169 224 1903
252 4403 220 1874
245 4164 214 1898
254 4235 216 1889
242 4167 209 1907
248 4267 220 1881
256 4310 210 1896
259 4381 234 1866
254 4391 229 1872
250 4354 234 1876
249 4141 210 1900
254 4289 218 1880
233 4208 229 1939
234 4226 234 1928
248 4290 218 1882
243 4212 209 1904
235 4221 234 1928
246 4239 204 1916
269 4451 228 1863
258 4454 239 1863
249 4141 210 1900
250 4354 234 1876
264 4440 230 1865
241 4137 214 1919
247 4251 210 1898
248 4146 208 1918
235 4202 229 1937
256 4286 205 1911
235 4246 234 1924
264 4440 230 1865
269 4451 228 1863
252 4403 220 1874
243 4157 224 1894
243 4154 235 1897
258 4456 230 1863
255 4406 225 1871
238 4139 214 1919
245 4156 224 1894
237 4149 219 1908
234 4248 234 1926
254 4401 234 1869
243 4127 214 1905
249 4160 219 1895
249 4177 214 1895
248 4299 212 1895
236 4123 217 1917
246 4252 210 1898
260 4343 220 1874
249 4281 209 1903
248 4298 215 1885
259 4372 220 1874
248 4290 218 1882
242 4133 210 1902
264 4445 239 1863
258 4449 230 1865
247 4254 220 1886
264 4447 230 1863
257 4360 229 1874
234 4226 234 1928
234 4201 225 1946
234 4230 224 1944
257 4394 234 1866
256 4310 210 1896
249 4320 210 1897
259 4376 234 1868
248 4305 218 1880
240 4169 224 1903
256 4286 205 1911
235 4242 224 1942
235 4246 234 1924
247 4254 220 1886
243 4212 209 1904
242 4134 209 1908
243 4205 212 1897
235 4195 234 1934
247 4304 215 1885
235 4242 224 1942
249 4180 220 1890
249 4152 209 1906
254 4344 212 1893
257 4351 214 1891
252 4413 225 1871
259 4372 220 1874
259 4381 234 1866
235 4228 229 1931
244 4166 212 1899
242 4131 214 1905
254 4284 218 1882
252 4365 225 1873
246 4252 210 1898
247 4254 220 1886
234 4206 225 1941
242 4131 214 1905
247 4265 220 1884
257 4416 227 1866
260 4389 225 1870
249 4162 224 1892
247 4234 204 1916
245 4181 215 1892
249 4160 219 1895
237 4151 217 1912
254 4391 229 1872
234 4232 225 1935
244 4108 207 1920
257 4482 239 1863
242 4192 214 1895
248 4278 220 1879
254 4279 215 1887
242 4133 210 1902
243 4157 224 1894
257 4414 225 1870
254 4344 212 1893
242 4159 208 1918
240 4163 219 1906
249 4180 220 1890
249 4320 210 1897
248 4300 220 1877
260 4343 220 1874
234 4227 225 1940
249 4321 210 1896
244 4166 212 1899
242 4167 209 1907
234 4232 225 1935
252 4413 225 1871
235 4202 229 1937
254 4284 218 1882
234 4206 225 1941
234 4228 229 1933
249 4174 215 1892
255 4416 227 1869
234 4248 224 1938
234 4227 225 1940
235 4242 229 1929
247 4246 220 1888
235 4202 229 1937
235 4228 229 1931
254 4344 212 1893
235 4200 234 1932
234 4248 224 1938
272 4471 201 1934
247 4246 220 1888
234 4228 229 1933
235 4200 234 1932
253 4342 225 1875
233 4208 229 1939
248 4267 220 1881
236 4123 217 1917
235 4195 234 1934
246 4239 204 1916
254 4294 215 1885
234 4199 229 1939
248 4298 215 1885
235 4222 224 1944
257 4360 229 1874
257 4360 229 1874
242 4126 207 1920
257 4373 227 1872
243 4183 220 1890
254 4289 218 1880
251 4301 218 1880
259 4376 234 1868
242 4192 214 1895
243 4186 214 1895
237 4149 219 1908
254 4363 214 1891
247 4265 220 1884
242 4159 208 1918
264 4447 230 1863
255 4404 227 1871
254 4356 203 1930
254 4401 234 1869
248 4282 215 1887
247 4246 220 1888
245 4164 214 1898
249 4174 215 1892
248 4267 220 1881
251 4263 218 1884
256 4391 220 1874
234 4230 224 1944
243 4127 214 1905
259 4393 227 1866
258 4454 239 1863
257 4414 225 1870
258 4449 230 1865
264 4447 230 1863
242 4122 204 1922
243 4183 220 1890
257 4373 227 1872
247 4285 214 1893
251 4301 218 1880
249 4168 212 1897
242 4126 207 1920
248 4305 218 1880
254 4289 218 1880
244 4176 215 1894
248 4299 212 1895
235 4221 234 1928
249 4168 212 1897
247 4304 215 1885
248 4300 220 1877
234 4227 225 1940
235 4200 234 1932
247 4251 210 1898
260 4389 225 1870
247 4285 214 1893
253 4231 204 1916
247 4234 204 1916
234 4199 229 1939
259 4393 227 1866
235 4222 224 1944
234 4200 234 1934
243 4205 212 1897
249 4162 224 1892
245 4181 215 1892
254 4280 220 1877
245 4156 224 1894
249 4281 209 1903
248 4282 215 1887
265 4479 200 1936
255 4406 225 1871
240 4163 219 1906
235 4246 234 1924
253 4421 227 1869
260 4389 225 1870
242 4120 213 1920
254 4289 218 1880
254 4280 220 1877
