10379 488.848
241 4165 210 1945
253 4462 236 1881
243 4083 207 1953
265 4461 199 1990
276 4632 200 1984
265 4487 236 1878
265 4461 199 1990
276 4632 200 1984
269 4619 209 1924
275 4561 208 1927
253 4408 201 1963
264 4454 231 1881
273 4449 203 1959
265 4475 236 1880
275 4561 208 1927
265 4448 220 1888
264 4454 231 1881
269 4619 209 1924
247 4370 226 1886
262 4277 222 1910
264 4488 236 1880
258 4335 217 1898
273 4447 202 1962
257 4444 217 1894
243 4144 209 1931
246 4314 220 1895
249 4399 225 1886
253 4408 201 1963
245 4258 204 1956
265 4461 199 1990
245 4103 210 1941
241 4177 207 1943
243 4102 206 1942
243 4217 210 1925
273 4449 203 1959
260 4282 213 1914
246 4223 212 1921
243 4083 207 1953
258 4354 225 1887
253 4375 213 1912
251 4340 215 1905
255 4292 216 1907
252 4424 231 1884
248 4230 210 1922
256 4285 216 1909
245 4107 210 1939
262 4415 221 1888
246 4236 216 1916
265 4487 236 1878
251 4340 215 1905
249 4234 214 1917
252 4353 212 1913
251 4397 213 1911
257 4447 216 1897
247 4297 216 1914
248 4279 214 1914
249 4193 210 1921
252 4176 210 1923
251 4374 221 1891
261 4418 225 1883
246 4213 205 1936
249 4383 221 1891
250 4215 213 1919
261 4252 222 1912
259 4388 226 1883
263 4404 221 1888
273 4447 202 1962
259 4388 226 1883
258 4393 226 1883
241 4198 221 1941
252 4466 236 1883
246 4326 225 1892
249 4189 210 1923
255 4251 216 1913
250 4215 213 1919
261 4294 213 1913
256 4290 216 1907
250 4296 214 1911
241 4169 206 1949
249 4202 207 1928
250 4226 204 1956
249 4211 205 1936
246 4221 214 1918
243 4085 207 1950
256 4285 216 1909
246 4306 213 1917
252 4422 220 1891
254 4332 210 1914
254 4332 210 1914
247 4214 216 1918
255 4224 216 1915
260 4316 213 1912
241 4165 210 1945
241 4177 207 1943
245 4154 210 1926
243 4102 206 1942
251 4342 210 1914
246 4308 216 1904
245 4258 204 1956
263 4404 221 1888
264 4488 236 1880
261 4252 222 1912
243 4083 207 1953
243 4089 207 1947
253 4462 236 1881
246 4298 217 1901
246 4350 225 1888
265 4475 236 1880
241 4169 206 1949
243 4114 207 1937
243 4121 207 1935
258 4382 225 1885
249 4333 216 1902
258 4348 220 1890
262 4287 216 1907
246 4188 207 1930
251 4320 212 1915
246 4314 220 1895
243 4089 207 1947
255 4286 216 1909
255 4267 210 1916
243 4132 207 1933
243 4097 207 1942
250 4092 210 1939
243 4137 206 1940
245 4129 210 1932
258 4348 220 1890
241 4169 206 1949
249 4329 217 1899
255 4267 210 1916
243 4144 209 1931
245 4107 210 1939
243 4148 205 1941
245 4244 210 1922
246 4206 205 1938
243 4152 209 1929
252 4362 217 1896
246 4194 206 1937
250 4367 226 1886
243 4132 207 1933
245 4124 210 1934
243 4137 206 1940
250 4367 226 1886
257 4444 217 1894
245 4129 210 1932
246 4221 214 1918
257 4447 216 1897
251 4301 212 1918
245 4140 210 1930
253 4218 216 1917
243 4114 207 1937
252 4176 210 1923
252 4364 216 1899
258 4335 217 1898
245 4167 210 1924
243 4217 210 1925
246 4308 216 1904
246 4204 207 1928
246 4281 212 1919
253 4237 214 1915
248 4242 213 1920
252 4424 231 1884
245 4154 210 1926
243 4152 209 1929
252 4362 217 1896
249 4189 210 1923
243 4090 206 1950
243 4096 206 1944
246 4298 217 1901
248 4242 213 1920
243 4166 209 1927
249 4278 216 1913
258 4354 225 1887
264 4488 236 1880
246 4315 220 1893
246 4223 212 1921
258 4382 225 1885
261 4338 213 1911
247 4255 214 1916
246 4188 207 1930
246 4206 205 1938
258 4393 226 1883
243 4091 207 1944
262 4277 222 1910
246 4315 220 1893
246 4204 207 1928
249 4211 205 1936
246 4205 206 1935
246 4302 220 1896
249 4333 216 1902
258 4343 216 1901
249 4399 225 1886
249 4383 221 1891
245 4124 210 1934
243 4102 206 1942
245 4124 210 1934
255 4351 213 1911
252 4466 236 1883
253 4408 201 1963
253 4421 220 1891
241 4210 212 1939
246 4248 213 1919
243 4144 209 1931
247 4370 226 1886
245 4140 210 1930
245 4103 210 1941
243 4148 205 1941
263 4404 221 1888
250 4226 204 1956
251 4374 221 1891
243 4085 207 1950
249 4202 207 1928
251 4392 212 1913
243 4096 206 1944
260 4317 210 1914
248 4192 213 1922
251 4305 210 1916
243 4121 207 1935
249 4329 217 1899
252 4364 216 1899
253 4331 213 1914
250 4197 205 1936
251 4320 212 1915
246 4248 213 1919
262 4415 221 1888
246 4302 220 1896
249 4239 210 1919
251 4337 213 1913
246 4257 214 1916
247 4255 214 1916
246 4213 205 1936
252 4422 220 1891
251 4342 210 1914
249 4241 214 1915
252 4232 214 1917
245 4244 210 1922
255 4224 216 1915
261 4289 216 1907
249 4234 214 1917
248 4279 214 1914
255 4351 213 1911
261 4338 213 1911
246 4306 213 1917
255 4292 216 1907
252 4232 214 1917
249 4239 210 1919
248 4230 210 1922
249 4329 217 1899
250 4197 205 1936
246 4257 214 1916
246 4194 206 1937
243 4097 207 1942
243 4090 206 1950
261 4294 213 1913
250 4254 214 1913
249 4193 210 1921
251 4305 210 1916
255 4293 213 1914
243 4091 207 1944
250 4296 214 1911
251 4301 212 1918
248 4192 213 1922
246 4281 212 1919
255 4253 214 1913
255 4293 213 1914
245 4198 213 1922
243 4166 209 1927
249 4278 216 1913
250 4252 216 1913
261 4289 216 1907
260 4317 210 1914
253 4218 216 1917
255 4251 216 1913
251 4392 212 1913
262 4287 216 1907
246 4236 216 1916
256 4290 216 1907
249 4241 214 1915
247 4297 216 1914
245 4167 210 1924
260 4282 213 1914
246 4205 206 1935
255 4286 216 1909
253 4237 214 1915
260 4316 213 1912
247 4214 216 1918
265 4448 220 1888
252 4353 212 1913
255 4351 213 1911
241 4210 212 1939
258 4343 216 1901
251 4337 213 1913
250 4254 214 1913
255 4253 214 1913
243 4114 207 1937
246 4298 217 1901
261 4252 222 1912
246 4221 214 1918
248 4242 213 1920
243 4152 209 1929
