9584 2656.54
278 4569 228 1865
273 4502 230 1864
270 4531 230 1862
260 4428 215 1892
255 4471 215 1892
254 4317 220 1886
249 4357 225 1880
278 4560 228 1867
250 4318 220 1886
264 4469 216 1882
270 4531 230 1862
270 4491 225 1868
266 4468 221 1876
254 4402 230 1874
252 4362 216 1887
273 4502 230 1864
260 4384 225 1877
252 4329 225 1880
252 4362 216 1887
255 4431 225 1877
252 4376 220 1881
269 4446 220 1876
256 4410 221 1879
266 4561 225 1868
264 4377 216 1884
260 4517 230 1868
269 4463 225 1870
260 4517 230 1868
252 4376 220 1881
263 4359 220 1883
250 4334 225 1880
268 4411 225 1874
258 4428 230 1871
257 4429 225 1873
256 4423 220 1879
252 4339 220 1884
261 4420 230 1871
268 4411 225 1874
263 4359 220 1883
261 4505 230 1865
270 4505 230 1864
265 4409 220 1878
256 4391 225 1875
268 4496 225 1868
264 4396 220 1880
256 4391 225 1875
269 4446 220 1876
254 4442 230 1872
261 4495 221 1876
270 4505 230 1864
252 4364 220 1883
259 4474 225 1871
261 4477 230 1867
261 4439 230 1869
260 4424 225 1873
254 4442 230 1872
252 4339 220 1884
250 4318 220 1886
257 4429 225 1873
255 4471 215 1892
249 4357 225 1880
270 4473 230 1866
252 4359 225 1878
261 4462 220 1878
266 4468 221 1876
265 4504 230 1865
264 4485 220 1876
264 4377 216 1884
259 4474 225 1871
258 4484 225 1871
256 4363 220 1883
278 4560 228 1867
270 4473 230 1866
268 4427 225 1872
265 4409 220 1878
264 4469 216 1882
261 4505 230 1865
261 4467 225 1871
258 4447 230 1869
254 4317 220 1886
252 4364 220 1883
270 4453 230 1868
270 4453 230 1868
266 4485 225 1870
278 4569 228 1865
261 4439 230 1869
268 4482 225 1870
254 4402 230 1874
266 4485 225 1870
261 4453 216 1884
258 4447 230 1869
264 4396 220 1880
261 4477 230 1867
252 4329 225 1880
250 4334 225 1880
261 4467 225 1871
268 4427 225 1872
261 4420 230 1871
256 4423 220 1879
254 4336 220 1884
265 4504 230 1865
258 4484 225 1871
254 4336 220 1884
269 4463 225 1870
268 4496 225 1868
266 4561 225 1868
264 4470 221 1876
264 4470 221 1876
264 4410 220 1878
261 4495 221 1876
260 4424 225 1873
256 4363 220 1883
278 4569 228 1865
278 4569 228 1865
278 4569 228 1865
278 4569 228 1865
278 4560 228 1867
278 4560 228 1867
278 4560 228 1867
278 4560 228 1867
278 4560 228 1867
278 4560 228 1867
273 4502 230 1864
270 4531 230 1862
270 4531 230 1862
270 4531 230 1862
270 4531 230 1862
270 4531 230 1862
270 4531 230 1862
270 4531 230 1862
270 4531 230 1862
270 4531 230 1862
270 4531 230 1862
270 4531 230 1862
270 4531 230 1862
270 4531 230 1862
270 4531 230 1862
270 4531 230 1862
270 4531 230 1862
270 4531 230 1862
270 4531 230 1862
270 4531 230 1862
270 4531 230 1862
270 4531 230 1862
270 4531 230 1862
270 4531 230 1862
270 4531 230 1862
270 4531 230 1862
270 4531 230 1862
270 4531 230 1862
270 4531 230 1862
270 4531 230 1862
270 4531 230 1862
270 4531 230 1862
270 4531 230 1862
270 4531 230 1862
270 4531 230 1862
270 4473 230 1866
278 4592 228 1865
270 4537 230 1862
269 4572 216 1882
265 4583 239 1867
257 4400 225 1880
263 4468 225 1875
271 4504 230 1866
272 4472 225 1870
269 4486 225 1872
278 4573 228 1867
270 4525 230 1864
263 4509 225 1871
271 4532 225 1868
270 4569 225 1870
269 4578 225 1870
283 4615 228 1865
274 4555 230 1862
271 4516 225 1874
270 4646 230 1869
263 4526 225 1871
278 4582 228 1867
273 4532 225 1868
280 4634 228 1865
271 4534 230 1864
273 4523 225 1870
281 4668 228 1865
280 4707 228 1865
274 4569 230 1862
273 4530 225 1870
265 4570 225 1873
278 4590 228 1867
280 4662 225 1868
272 4546 230 1864
268 4554 225 1871
277 4701 225 1868
274 4544 230 1864
282 4702 228 1865
277 4796 225 1868
275 4581 230 1862
273 4539 225 1871
269 4565 225 1872
281 4717 225 1868
272 4575 230 1864
278 4614 228 1867
278 4614 228 1867
273 4588 225 1870
275 4584 225 1870
292 4818 225 1868
285 4887 225 1868
276 4614 230 1862
273 4564 225 1881
269 4573 225 1874
283 4707 228 1865
277 4577 228 1871
274 4585 230 1865
276 4737 225 1870
278 4632 228 1867
280 4665 225 1870
270 4590 225 1872
279 4682 225 1870
273 4586 225 1873
287 4752 228 1865
285 4763 228 1865
279 4614 230 1862
278 4578 228 1875
277 4636 230 1862
271 4600 225 1873
274 4704 230 1867
283 4676 225 1871
277 4589 228 1871
282 4743 225 1870
280 4654 228 1867
278 4611 230 1869
275 4646 230 1865
275 4590 225 1874
281 4600 225 1872
275 4668 225 1872
276 4617 230 1865
306 5085 225 1872
281 4690 230 1862
280 4709 230 1862
278 4594 228 1873
273 4659 225 1888
291 4851 228 1865
277 4633 230 1872
290 4856 228 1865
274 4603 225 1881
278 4744 225 1873
282 4693 225 1877
284 4690 228 1868
273 4700 225 1875
286 4685 228 1867
279 4632 230 1864
285 4714 228 1867
278 4682 230 1867
279 4630 230 1868
293 4884 228 1865
285 4697 230 1862
284 4597 228 1873
281 4717 230 1862
275 4671 225 1881
286 4752 225 1876
281 4618 228 1873
278 4798 225 1874
279 4639 230 1864
286 4744 228 1869
285 4755 228 1867
281 4637 230 1864
294 4905 228 1865
286 4674 230 1864
285 4702 230 1862
280 4643 230 1865
278 4700 225 1882
289 4755 228 1871
291 4763 225 1876
284 4846 225 1876
280 4799 225 1881
289 4798 228 1867
303 5044 228 1865
291 4731 230 1862
288 4718 225 1884
285 4761 230 1862
282 4687 230 1866
280 4761 230 1869
289 4813 228 1867
287 4735 230 1862
281 4732 230 1866
291 4851 230 1862
289 4883 230 1862
288 4961 225 1888
286 4687 239 1870
284 4726 230 1869
291 4848 228 1867
286 4790 230 1864
306 4954 228 1871
296 4956 228 1867
292 4939 230 1862
291 4852 234 1871
288 4989 230 1869
295 4855 230 1865
309 5132 228 1869
299 5012 230 1870
