24623 780.177
260 4335 224 1870
260 4301 216 1886
257 4286 244 1866
256 4230 224 1881
255 4337 224 1870
255 4322 240 1863
255 4303 216 1886
251 4237 224 1884
254 4301 218 1883
251 4251 239 1874
257 4275 234 1867
251 4280 244 1868
260 4318 240 1863
260 4317 230 1864
251 4240 229 1875
260 4335 220 1873
258 4297 225 1867
251 4239 234 1877
258 4297 230 1866
253 4291 219 1881
251 4294 229 1870
253 4326 230 1864
257 4256 239 1872
256 4237 224 1878
251 4238 224 1881
258 4289 224 1872
252 4278 234 1867
260 4317 230 1864
255 4303 216 1886
254 4320 230 1864
259 4318 230 1864
256 4280 229 1870
258 4293 225 1871
260 4301 216 1886
259 4294 230 1868
252 4299 244 1866
256 4230 224 1881
257 4275 229 1870
251 4264 234 1869
256 4257 234 1869
254 4302 240 1865
251 4237 224 1884
256 4244 224 1876
253 4326 230 1864
253 4291 220 1877
255 4331 218 1881
251 4247 224 1876
259 4300 240 1865
258 4291 220 1875
258 4289 224 1872
252 4299 244 1866
251 4264 229 1872
259 4294 230 1868
256 4238 239 1874
251 4282 234 1867
251 4252 229 1873
251 4239 224 1878
256 4262 229 1872
256 4232 229 1875
255 4331 218 1881
257 4256 239 1872
253 4299 230 1866
253 4295 225 1869
254 4301 218 1883
251 4264 234 1869
260 4335 220 1873
255 4322 240 1863
251 4282 234 1867
251 4252 229 1873
251 4247 224 1876
251 4240 229 1875
257 4275 229 1870
253 4291 219 1881
256 4244 229 1873
256 4262 244 1868
256 4232 229 1875
255 4337 220 1873
252 4278 234 1867
258 4297 225 1867
256 4257 234 1869
255 4319 230 1864
255 4319 230 1864
254 4320 230 1864
253 4302 225 1867
253 4296 220 1875
253 4296 220 1875
253 4295 224 1872
252 4281 229 1870
252 4281 229 1870
251 4251 239 1874
251 4239 234 1877
260 4335 224 1870
260 4335 224 1870
260 4335 224 1870
260 4335 224 1870
260 4335 224 1870
260 4335 224 1870
260 4335 224 1870
260 4335 224 1870
260 4335 224 1870
260 4335 224 1870
260 4335 224 1870
260 4335 224 1870
260 4335 224 1870
260 4335 224 1870
260 4335 224 1870
260 4335 224 1870
260 4335 224 1870
260 4335 224 1870
260 4335 224 1870
260 4335 224 1870
260 4335 224 1870
260 4335 224 1870
260 4335 224 1870
260 4335 224 1870
260 4335 224 1870
260 4335 224 1870
260 4335 224 1870
260 4335 224 1870
260 4335 224 1870
260 4335 224 1870
260 4335 224 1870
260 4335 224 1870
260 4335 224 1870
260 4335 224 1870
260 4335 224 1870
260 4335 224 1870
260 4335 224 1870
260 4335 224 1870
260 4335 224 1870
260 4335 224 1870
260 4335 224 1870
260 4335 224 1870
260 4335 224 1870
260 4335 224 1870
260 4335 224 1870
260 4335 224 1870
260 4335 224 1870
260 4335 224 1870
260 4335 224 1870
260 4335 224 1870
260 4335 224 1870
260 4335 224 1870
260 4335 224 1870
260 4335 224 1870
260 4335 224 1870
260 4335 224 1870
260 4335 224 1870
260 4335 224 1870
260 4335 224 1870
260 4335 224 1870
260 4335 224 1870
260 4335 224 1870
260 4335 224 1870
260 4335 224 1870
260 4335 224 1870
260 4335 224 1870
260 4335 224 1870
260 4335 224 1870
260 4335 224 1870
260 4335 224 1870
260 4335 224 1870
260 4335 224 1870
260 4335 224 1870
260 4335 224 1870
257 4275 229 1870
256 4257 234 1869
255 4337 224 1870
255 4337 224 1870
264 4415 230 1864
262 4382 216 1886
258 4296 244 1866
256 4253 224 1876
251 4302 239 1871
260 4308 220 1880
255 4337 224 1873
256 4278 229 1872
260 4342 220 1873
256 4313 234 1869
257 4354 224 1870
262 4319 224 1875
257 4304 234 1867
260 4335 225 1867
258 4297 229 1870
260 4324 224 1875
260 4331 225 1869
257 4352 225 1867
257 4299 234 1869
260 4337 224 1870
260 4335 225 1867
258 4297 229 1870
281 4708 230 1864
264 4394 220 1875
258 4285 224 1876
257 4394 234 1867
256 4362 224 1873
270 4562 220 1873
257 4345 229 1875
263 4357 225 1867
261 4333 225 1869
262 4351 224 1870
259 4333 229 1872
263 4308 229 1873
258 4387 224 1870
260 4331 229 1870
260 4356 224 1870
257 4354 224 1873
283 4730 230 1864
268 4509 220 1875
267 4308 224 1876
263 4401 244 1868
260 4331 224 1878
257 4356 229 1875
264 4422 225 1867
260 4358 224 1870
259 4417 224 1870
261 4338 225 1869
260 4331 224 1878
260 4353 224 1876
262 4343 224 1876
262 4356 224 1875
268 4365 231 1869
266 4468 225 1867
262 4350 224 1877
260 4396 224 1876
267 4437 225 1867
265 4422 225 1869
260 4397 225 1872
262 4362 224 1870
260 4468 224 1870
282 4667 225 1867
270 4513 234 1867
269 4522 239 1869
265 4357 224 1881
260 4409 224 1878
262 4366 224 1870
271 4545 234 1867
267 4366 224 1876
262 4369 224 1870
263 4367 229 1870
265 4367 224 1870
266 4376 229 1873
262 4385 224 1870
263 4382 224 1870
268 4384 224 1872
263 4387 224 1870
262 4388 224 1870
264 4390 224 1870
263 4405 224 1870
263 4401 224 1877
263 4396 229 1870
270 4397 224 1870
266 4404 224 1870
265 4394 224 1876
264 4410 224 1870
264 4420 224 1870
264 4411 230 1871
264 4422 224 1870
265 4439 224 1870
264 4431 229 1870
267 4460 224 1870
266 4569 224 1876
265 4434 229 1877
273 4480 224 1870
271 4479 224 1873
269 4501 224 1872
268 4592 225 1870
267 4513 230 1871
269 4515 229 1870
271 4539 224 1870
276 4492 224 1870
273 4601 224 1870
270 4535 229 1870
269 4515 224 1873
269 4542 224 1872
279 4530 224 1883
271 4570 229 1870
269 4627 224 1886
269 4522 229 1873
275 4621 224 1870
270 4588 224 1878
269 4595 229 1872
277 4661 224 1870
276 4671 224 1870
274 4608 224 1890
274 4598 225 1891
274 4586 229 1870
274 4646 225 1883
288 4671 229 1870
282 4775 224 1870
279 4664 224 1883
276 4645 234 1877
282 4680 224 1880
277 4650 230 1878
301 5059 225 1872
281 4696 224 1886
279 4676 239 1877
282 4744 229 1883
299 4896 239 1885
291 4712 242 1906
