6488 360.359
261 4387 201 1966
241 4006 206 1947
289 5011 212 1902
271 4541 225 1878
241 4016 211 1938
261 4387 201 1966
294 4984 215 1893
270 4480 226 1882
290 4909 209 1912
271 4752 214 1902
248 4165 224 1905
258 4291 220 1887
271 4784 215 1894
278 4517 225 1878
286 4982 210 1906
282 4938 209 1912
244 4121 218 1907
247 4105 203 1950
250 4327 202 1962
241 4016 204 1957
270 4491 224 1880
261 4263 216 1895
271 4541 225 1878
282 4938 209 1912
246 4117 213 1913
277 4467 224 1880
258 4355 214 1911
267 4477 209 1916
274 4526 215 1895
255 4363 216 1889
241 4020 206 1936
241 4021 212 1933
241 4027 205 1932
248 4166 219 1905
253 4246 210 1912
245 4127 218 1906
286 4982 210 1906
246 4179 220 1902
271 4766 214 1900
277 4456 224 1882
243 4084 210 1917
241 4016 204 1957
250 4327 202 1962
241 4026 208 1929
255 4321 202 1962
262 4407 213 1904
274 4526 215 1895
252 4229 207 1921
241 4012 206 1945
270 4480 226 1882
252 4229 208 1920
249 4168 219 1904
244 4074 207 1927
243 4079 207 1923
255 4370 220 1883
263 4455 210 1908
257 4332 215 1897
253 4246 208 1918
241 4006 205 1953
261 4387 201 1966
244 4074 207 1927
282 4938 209 1912
263 4481 212 1904
246 4118 213 1912
241 4016 211 1938
247 4105 203 1950
242 4069 208 1922
245 4070 215 1915
241 4016 211 1938
241 4018 205 1940
265 4480 209 1914
282 4938 209 1912
246 4137 215 1906
241 4016 204 1957
265 4302 215 1903
255 4349 220 1885
246 4137 215 1906
241 4006 205 1953
265 4480 209 1914
255 4370 220 1883
272 4765 215 1896
267 4477 209 1916
243 4079 207 1923
262 4378 210 1910
247 4105 203 1950
257 4277 216 1895
272 4765 215 1896
252 4240 205 1928
263 4455 210 1908
246 4186 220 1900
251 4217 215 1905
251 4228 215 1904
244 4121 218 1907
249 4168 219 1904
246 4186 220 1900
246 4179 220 1902
251 4217 215 1905
277 4456 224 1882
271 4784 215 1894
255 4349 216 1891
241 4011 211 1939
262 4378 210 1910
241 4012 206 1945
258 4272 220 1893
257 4308 215 1903
272 4765 215 1896
258 4241 216 1901
241 4011 208 1944
258 4286 220 1889
241 4019 208 1935
256 4304 220 1887
241 4027 206 1930
255 4349 216 1891
241 4016 211 1938
241 4023 204 1942
252 4229 208 1920
277 4456 224 1882
255 4349 220 1885
277 4467 224 1880
265 4302 215 1903
259 4264 216 1895
261 4305 215 1903
260 4269 220 1893
256 4280 216 1895
241 4037 210 1923
241 4028 212 1927
245 4106 215 1908
247 4105 203 1950
242 4069 208 1922
254 4269 220 1898
259 4264 216 1895
249 4168 219 1904
261 4402 213 1908
258 4255 220 1899
261 4263 216 1895
253 4246 208 1918
241 4058 215 1916
241 4039 212 1921
243 4079 207 1923
248 4166 219 1905
244 4092 210 1916
256 4304 220 1887
271 4766 214 1900
270 4491 224 1880
250 4327 202 1962
252 4229 208 1920
254 4269 220 1898
250 4327 202 1962
260 4269 220 1893
271 4541 225 1878
252 4240 205 1928
261 4392 210 1910
246 4125 212 1914
258 4272 220 1893
243 4084 210 1917
257 4332 215 1897
243 4100 215 1911
246 4096 204 1941
245 4070 215 1915
246 4096 204 1941
244 4092 210 1916
252 4233 205 1930
243 4103 215 1909
241 4023 204 1942
243 4100 215 1911
251 4267 224 1898
243 4090 212 1915
243 4103 215 1909
241 4021 212 1933
271 4752 214 1902
241 4020 206 1936
241 4026 208 1929
248 4166 219 1905
258 4241 216 1901
241 4018 205 1940
246 4118 213 1912
256 4268 220 1899
241 4018 205 1940
251 4217 215 1905
244 4092 210 1916
241 4011 208 1944
258 4241 216 1901
241 4027 205 1932
241 4020 205 1938
286 4982 210 1906
241 4039 212 1921
249 4167 224 1904
254 4269 220 1898
271 4766 214 1900
241 4019 208 1935
265 4480 209 1914
242 4069 208 1922
241 4058 215 1916
258 4291 220 1887
245 4106 215 1908
270 4486 224 1882
277 4467 224 1880
246 4132 215 1907
241 4037 210 1923
256 4254 216 1901
255 4363 216 1889
262 4399 212 1906
252 4233 205 1930
246 4186 220 1900
255 4363 216 1889
243 4090 212 1915
255 4321 202 1962
250 4327 202 1962
261 4392 210 1910
257 4277 216 1895
246 4137 215 1906
246 4127 210 1914
258 4286 220 1889
257 4282 220 1893
262 4382 212 1908
270 4491 224 1880
262 4382 212 1908
241 4016 211 1938
244 4121 218 1907
252 4229 207 1921
267 4477 209 1916
256 4285 220 1893
257 4308 215 1903
262 4399 212 1906
256 4280 216 1895
245 4127 218 1906
256 4304 220 1887
241 4023 204 1942
241 4039 212 1921
244 4092 210 1916
241 4018 205 1940
241 4019 208 1935
241 4021 212 1933
248 4165 224 1905
241 4027 205 1932
261 4305 215 1903
249 4167 224 1904
256 4254 216 1901
258 4255 220 1899
241 4020 206 1936
256 4285 220 1893
258 4267 216 1895
249 4167 224 1904
271 4766 214 1900
256 4268 220 1899
241 4028 212 1927
241 4006 205 1953
271 4541 225 1878
241 4020 206 1936
270 4491 224 1880
259 4264 216 1895
261 4387 201 1966
252 4229 208 1920
261 4392 210 1910
282 4938 209 1912
259 4264 216 1895
251 4217 215 1905
263 4455 210 1908
257 4332 215 1897
241 4016 204 1957
247 4105 203 1950
252 4229 208 1920
247 4105 203 1950
250 4327 202 1962
247 4105 203 1950
249 4168 219 1904
271 4541 225 1878
282 4938 209 1912
252 4229 208 1920
241 4016 204 1957
271 4541 225 1878
261 4263 216 1895
246 4186 220 1900
286 4982 210 1906
270 4491 224 1880
241 4011 208 1944
241 4019 208 1935
262 4378 210 1910
260 4269 220 1893
260 4269 220 1893
249 4168 219 1904
253 4246 210 1912
250 4327 202 1962
246 4179 220 1902
271 4766 214 1900
246 4186 220 1900
243 4079 207 1923
263 4455 210 1908
241 4021 212 1933
271 4541 225 1878
261 4392 210 1910
246 4137 215 1906
244 4074 207 1927
246 4137 215 1906
244 4092 210 1916
252 4229 208 1920
267 4477 209 1916
248 4166 219 1905
271 4541 225 1878
250 4327 202 1962
