2 0.127463
618 11113 472 2563
578 10800 453 2543
727 12448 427 2560
712 13096 459 2561
698 12351 336 2525
583 10460 426 2570
693 12419 373 2545
701 12637 452 2569
634 11724 426 2548
692 12563 437 2562
723 13268 378 2517
520 9658 394 2567
573 9822 416 2469
658 12111 390 2526
582 10331 389 2429
650 11737 424 2532
824 15101 441 2593
692 12674 427 2628
697 12780 460 2439
672 11919 366 2581
674 12329 482 2653
634 11924 553 2559
556 9736 381 2549
637 11765 420 2627
727 13483 423 2582
565 10195 410 2640
723 13287 414 2494
730 13129 396 2576
602 11022 392 2583
575 10405 396 2497
646 12104 446 2532
540 9865 395 2565
653 11990 389 2557
551 10167 410 2493
652 11955 449 2605
797 14606 440 2574
737 12777 418 2623
675 12174 400 2548
641 11773 414 2558
620 11345 436 2529
591 10302 351 2579
706 12186 409 2566
783 13959 446 2591
614 10957 378 2540
646 11403 376 2613
640 10963 450 2494
587 10553 356 2484
737 13504 466 2548
596 10816 436 2483
710 12523 470 2646
643 11414 413 2549
659 12169 363 2577
559 10179 398 2562
638 10706 443 2507
627 11359 429 2471
594 10859 375 2542
615 11244 442 2509
628 11059 449 2520
617 11232 370 2551
637 11779 404 2653
600 10773 372 2550
675 11536 515 2544
669 11305 414 2548
854 15819 459 2561
601 10667 381 2592
663 11430 521 2517
619 11326 388 2610
643 11206 422 2553
640 11745 448 2497
792 14747 383 2573
654 12090 409 2524
668 12491 408 2636
618 11434 408 2511
688 12960 376 2639
615 10912 407 2499
611 10952 435 2533
691 12248 398 2589
660 11310 455 2577
604 10777 423 2560
658 11840 325 2542
653 12328 438 2542
577 10646 393 2502
713 12939 364 2594
776 13420 408 2485
641 11183 515 2585
664 11456 425 2603
591 10706 394 2578
566 10135 360 2503
577 10339 369 2483
672 12024 411 2538
662 11180 357 2542
693 12033 409 2582
543 9633 447 2592
581 10389 414 2565
697 12598 412 2584
613 10456 409 2449
701 13176 395 2652
633 11836 378 2490
701 12400 364 2587
566 10154 344 2615
566 10339 351 2566
636 10839 370 2535
550 9908 376 2503
687 12277 496 2611
683 11742 420 2476
686 11920 367 2571
564 9981 394 2612
681 12119 456 2548
591 10001 379 2471
778 13975 428 2568
687 12503 410 2603
636 10630 427 2600
616 11426 396 2524
687 12476 438 2587
582 9812 465 2495
651 11161 408 2562
667 11725 370 2512
742 13675 430 2541
641 11348 463 2589
770 14180 424 2602
628 11309 449 2587
582 10545 404 2584
530 9459 397 2550
571 10354 365 2505
631 11132 465 2564
620 11201 458 2501
688 12529 387 2570
511 9223 400 2491
626 11006 402 2567
617 11776 396 2554
656 11697 438 2623
596 10564 450 2479
645 11541 350 2596
715 12657 451 2627
624 11588 443 2589
636 11578 438 2521
572 10299 376 2560
687 12422 369 2524
575 9915 391 2530
760 12862 387 2601
526 9726 358 2541
630 11433 498 2579
616 10622 448 2556
614 11181 398 2532
553 9789 410 2586
629 11547 402 2576
690 12608 359 2576
692 11987 481 2579
563 10170 399 2576
648 11484 413 2594
720 12741 428 2511
579 10271 430 2510
584 10461 418 2552
634 11527 368 2548
794 15051 461 2582
670 12209 400 2593
659 11988 404 2505
652 11997 496 2565
709 12434 430 2612
735 13832 418 2576
595 10714 369 2561
681 12700 462 2604
631 11195 427 2467
539 9244 429 2495
732 13492 419 2602
722 12739 461 2593
622 11117 422 2489
641 11247 439 2648
530 9447 436 2561
706 12545 403 2542
617 11129 466 2545
657 11790 426 2545
746 12990 410 2543
603 10367 381 2608
733 12742 402 2636
620 10862 431 2428
705 12791 432 2518
632 11212 387 2516
593 10876 356 2540
658 11979 432 2571
575 10125 380 2569
690 12534 477 2542
677 11842 506 2566
694 11840 438 2544
592 9964 380 2488
644 11403 408 2521
766 13513 401 2530
540 9487 330 2547
723 12949 400 2568
589 10644 404 2552
657 11462 438 2543
632 11245 374 2586
569 10177 380 2597
708 12598 368 2576
669 11598 581 2623
567 10352 374 2486
645 11416 450 2613
825 15360 581 2576
622 11158 447 2646
626 11098 406 2532
708 13330 472 2501
625 10762 333 2511
735 13522 507 2582
597 10478 341 2434
598 10285 392 2580
632 10906 376 2491
798 13685 385 2570
574 9995 412 2576
641 11252 357 2561
697 11915 479 2598
654 11743 409 2482
645 11872 384 2631
816 15390 401 2632
686 12281 476 2553
598 10424 434 2529
821 14909 441 2610
697 12815 394 2551
607 11008 428 2536
581 10488 407 2597
606 11142 446 2594
581 10285 435 2512
767 13969 406 2617
526 9254 428 2624
779 14067 515 2694
599 10203 443 2520
653 11128 379 2530
641 11552 480 2543
715 12818 468 2676
572 9863 395 2546
586 10329 389 2620
760 13276 437 2586
665 11964 406 2540
737 13350 440 2637
776 14149 535 2513
782 14415 449 2686
662 11306 394 2568
651 11716 371 2511
630 10835 446 2509
659 11570 393 2496
684 12599 448 2640
627 11539 383 2555
628 11509 451 2569
591 10433 390 2477
704 12864 379 2547
627 11016 423 2486
773 14397 460 2559
636 11524 382 2542
766 14288 357 2583
943 17238 445 2588
617 11560 369 2590
596 10730 404 2622
571 10323 424 2647
713 13086 374 2567
676 12156 426 2541
653 11203 439 2599
579 10579 378 2604
605 10786 436 2529
585 10237 414 2563
618 11148 387 2619
724 12553 470 2634
597 10401 424 2621
593 10676 448 2488
685 12160 368 2601
685 11609 371 2572
674 11333 495 2566
612 10858 371 2610
598 10928 363 2496
591 10918 473 2619
689 12543 431 2545
882 15002 446 2564
561 9835 381 2571
585 10529 412 2489
733 13257 440 2658
586 10041 372 2514
663 12082 408 2628
708 12301 471 2573
602 10486 372 2546
623 11099 400 2624
608 10666 346 2603
649 11726 522 2555
684 11720 401 2612
648 11505 475 2542
650 11439 345 2552
613 10754 442 2579
678 12419 415 2633
628 11540 453 2562
693 12130 423 2631
804 14390 423 2627
719 13271 400 2542
615 11175 407 2527
782 14505 531 2580
694 12941 541 2510
692 13022 400 2566
627 10976 388 2625
670 12115 371 2579
604 10760 398 2550
723 13167 530 2530
587 9874 431 2488
539 9794 410 2573
551 9569 382 2453
