1357 60.0419
479 8320 292 2257
546 9741 314 2228
437 7713 279 2239
622 10374 362 2172
493 8744 295 2153
492 8904 324 2234
518 9227 364 2200
454 8300 286 2219
523 8914 296 2215
619 11011 505 2535
462 7935 261 2210
449 7949 293 2225
490 8277 295 2162
478 8587 302 2233
522 9199 331 2269
478 8465 289 2187
512 8469 290 2233
481 8728 325 2250
535 9300 350 2220
474 8466 327 2197
514 9208 257 2252
572 9792 348 2205
600 10155 393 2295
470 8331 290 2214
438 7827 309 2217
608 10265 356 2307
534 8983 332 2308
529 9512 325 2215
500 8593 309 2188
522 9240 366 2301
502 9231 320 2210
538 9457 332 2278
501 8336 309 2232
505 9037 290 2203
536 9485 331 2260
427 7497 290 2166
531 9248 382 2302
400 7323 290 2224
557 9320 340 2298
477 8615 325 2268
511 9159 329 2236
571 9001 302 2341
568 10126 390 2314
524 9452 284 2190
493 8532 311 2288
557 9920 303 2171
492 8926 281 2140
494 9162 334 2236
530 9163 358 2313
505 8762 304 2177
476 8803 291 2194
570 9651 297 2246
491 8579 328 2200
546 9345 294 2269
597 10405 366 2365
480 8665 327 2205
570 9830 298 2208
593 9282 306 2173
485 8830 275 2155
518 8976 326 2283
514 8652 312 2208
636 11554 337 2288
469 8437 319 2236
547 9413 320 2180
440 7388 297 2209
497 8946 294 2156
442 8231 289 2245
578 9641 375 2301
419 7403 293 2155
580 10632 422 2498
433 7794 298 2108
496 8737 298 2259
471 8259 289 2174
529 9426 343 2243
545 9189 302 2266
534 9404 317 2168
460 8009 278 2133
442 7961 314 2165
577 9714 289 2256
487 8569 296 2262
513 9089 333 2247
529 9014 310 2194
480 8690 334 2242
450 8051 297 2231
459 8199 282 2154
498 8764 260 2201
425 7510 290 2128
519 9153 316 2185
441 7629 307 2292
517 8979 368 2278
506 8985 321 2234
508 9219 290 2214
429 7192 329 2240
505 8906 319 2256
486 8284 313 2159
536 9296 323 2308
512 9043 302 2190
496 8805 273 2171
567 9949 330 2236
525 9183 371 2170
482 8707 285 2254
528 9003 320 2224
512 8792 296 2202
504 9479 322 2185
517 9405 353 2278
550 9179 326 2192
571 10225 352 2337
509 8507 329 2227
441 7724 301 2194
579 10466 339 2333
483 8972 340 2247
453 8233 304 2200
485 8268 347 2192
598 10880 302 2373
503 9209 333 2182
487 8818 278 2216
531 9315 270 2220
468 8482 325 2248
532 9486 336 2268
519 8984 317 2198
608 10621 311 2379
499 8682 353 2257
550 9023 377 2303
501 8802 293 2200
480 8790 381 2320
494 8337 330 2271
481 8573 326 2307
528 9258 311 2336
455 8078 286 2236
560 9600 281 2165
560 9177 313 2232
448 8245 294 2237
616 10582 359 2269
564 9161 309 2256
479 8513 319 2233
584 10147 319 2181
474 8266 312 2198
474 8495 287 2171
442 8074 275 2206
613 10402 380 2291
458 8062 309 2158
472 8677 285 2186
500 8702 284 2180
585 9629 328 2399
512 8702 401 2394
668 10902 325 2334
441 7922 272 2260
554 9982 280 2169
574 10071 381 2391
492 8357 311 2239
499 8615 281 2173
529 8964 325 2149
536 9662 342 2272
528 9255 315 2163
503 8400 292 2254
449 7916 272 2199
486 8690 332 2307
587 10317 327 2294
504 7972 309 2232
449 8024 294 2210
633 11096 332 2419
501 8654 271 2143
503 8377 301 2249
605 10797 411 2291
527 9070 286 2253
591 9298 280 2169
528 9193 317 2248
686 11620 392 2239
556 9966 297 2240
510 8942 302 2237
620 10557 410 2334
452 8073 270 2169
486 8494 309 2231
536 9384 329 2292
542 8901 295 2338
563 9013 315 2207
480 8241 312 2253
573 9881 301 2258
534 9559 316 2195
472 8486 307 2275
495 8678 278 2263
529 9135 312 2241
528 9478 319 2266
496 8807 304 2159
475 8336 294 2261
503 9019 331 2267
462 8119 293 2197
614 10281 346 2271
535 9479 339 2215
523 8464 300 2262
471 8289 289 2371
594 9620 336 2174
522 9062 305 2181
386 7100 297 2193
559 9387 307 2206
532 9454 311 2283
557 10088 319 2298
607 10333 295 2307
498 9321 279 2186
627 10983 311 2237
523 9732 294 2257
572 9153 306 2246
586 10131 305 2269
617 10788 397 2347
488 8875 315 2258
443 8250 308 2181
482 8668 301 2242
523 9550 301 2213
530 8830 306 2195
538 9460 354 2371
557 9700 335 2286
442 7845 321 2200
621 11016 355 2326
434 7615 293 2124
460 8452 296 2158
449 7836 274 2229
687 12035 416 2248
531 8875 379 2232
528 9384 333 2312
481 8558 280 2190
452 7852 336 2224
477 8473 288 2180
588 9953 324 2172
550 9551 357 2239
454 8132 288 2269
555 9160 319 2238
482 8725 320 2193
571 9999 306 2232
466 7904 276 2198
475 8703 325 2224
496 9289 312 2154
561 9597 342 2363
425 7468 267 2174
514 8963 337 2234
560 9418 305 2210
518 9082 314 2178
523 9394 292 2264
507 9027 294 2210
515 9461 295 2206
551 10148 327 2315
550 9538 362 2271
593 10289 327 2288
481 8734 310 2347
474 8047 277 2193
580 10323 321 2296
533 9415 323 2275
634 9967 383 2285
568 9372 295 2177
593 10208 289 2303
527 9636 307 2190
509 8347 273 2154
496 8539 303 2218
502 9042 319 2241
528 9448 325 2179
605 10488 401 2418
537 8517 384 2264
575 10194 338 2262
559 10149 367 2424
653 10099 295 2222
556 9298 382 2296
493 8937 290 2185
598 10598 366 2410
483 8667 285 2213
509 9286 316 2255
455 8627 279 2254
527 8896 348 2182
521 9152 341 2257
473 8281 344 2260
435 7648 315 2253
473 8420 289 2239
550 9584 298 2234
459 8546 285 2188
537 9666 352 2288
577 10498 297 2251
552 9864 350 2229
454 8114 325 2148
545 9450 329 2322
490 8856 326 2345
467 7973 263 2249
522 8904 346 2252
516 8834 300 2276
490 8734 294 2244
524 9696 321 2377
471 8353 359 2211
504 8781 311 2308
497 8074 323 2204
502 8640 335 2195
600 10205 397 2407
598 10744 286 2223
497 8563 324 2188
567 9886 295 2244
533 9499 307 2329
483 8916 352 2248
510 8801 343 2213
686 10727 321 2262
507 9010 335 2285
447 7908 280 2123
509 8698 321 2172
511 8775 256 2206
546 9254 347 2244
