54586 1710.91
310 5439 236 2124
308 5523 240 2119
319 5597 232 2115
311 5422 240 2124
318 5691 236 2104
323 5760 232 2113
322 5574 236 2111
318 5536 232 2125
321 5811 245 2102
316 5648 236 2109
356 6214 229 2138
306 5409 236 2146
359 6219 232 2110
314 5558 236 2118
364 6264 228 2138
308 5524 238 2130
337 5855 245 2101
322 5866 236 2103
317 5716 236 2106
317 5509 240 2119
312 5569 234 2139
330 5878 236 2102
314 5718 240 2113
315 5623 233 2131
313 5739 240 2117
315 5548 232 2136
324 5625 231 2126
334 6014 236 2100
314 5522 240 2118
342 5840 236 2102
315 5665 242 2110
317 5653 231 2129
322 5534 248 2117
323 5657 245 2108
356 6108 232 2112
321 5684 247 2104
317 5582 236 2114
313 5575 232 2146
338 5983 231 2125
317 5632 232 2127
318 5654 231 2128
335 6010 236 2100
325 5601 231 2145
318 5504 240 2123
351 6038 231 2124
314 5529 235 2143
314 5607 240 2117
318 5637 236 2111
309 5514 240 2128
323 5732 231 2126
348 6169 231 2124
314 5682 240 2115
314 5646 235 2138
358 6563 228 2148
315 5655 245 2111
324 5624 231 2139
316 5557 256 2115
319 5524 233 2149
380 6723 248 2097
380 6723 248 2097
296 5285 236 2147
296 5285 236 2147
323 5685 236 2120
471 8144 283 2212
385 6822 257 2182
434 7593 262 2178
429 7291 274 2141
470 8448 260 2163
421 7312 266 2199
463 8258 285 2179
420 7429 257 2200
409 6941 287 2207
398 6748 253 2156
410 7399 278 2184
435 7785 280 2175
384 6964 271 2188
445 8241 273 2201
469 8181 272 2227
398 6965 266 2172
437 7905 280 2151
410 7342 277 2201
390 6994 277 2179
460 8258 272 2179
431 7593 252 2180
444 7563 304 2176
417 7479 246 2189
421 7443 279 2180
464 7998 305 2193
398 6759 257 2158
449 8010 248 2178
397 7017 293 2167
367 6623 244 2138
440 7942 322 2263
375 6672 260 2174
406 6893 257 2175
408 7135 277 2185
437 8016 259 2159
417 7806 288 2187
406 7405 261 2193
421 7468 270 2184
397 6877 244 2159
414 7550 302 2204
455 8187 269 2197
399 7325 264 2163
428 7199 266 2151
436 7803 253 2174
455 8276 269 2193
440 8200 287 2223
463 8051 318 2176
434 7715 282 2223
419 7578 306 2183
413 7117 259 2159
368 6424 244 2151
418 7297 281 2214
393 7017 277 2173
408 7137 270 2206
423 7596 283 2192
391 7074 269 2178
443 7622 268 2164
459 8184 252 2193
412 7414 282 2136
479 8192 279 2170
406 7226 274 2164
437 7688 274 2182
500 8884 260 2158
475 8227 262 2190
425 7582 268 2202
419 7536 300 2193
419 7400 272 2168
393 6729 256 2188
483 8598 273 2222
452 8072 271 2171
417 7394 265 2170
368 6487 251 2192
463 8170 286 2205
410 7522 277 2205
431 7868 286 2198
415 7203 269 2176
389 6858 252 2173
396 7157 269 2161
459 8053 252 2149
440 7259 263 2214
397 6982 282 2199
438 8013 266 2184
425 7658 299 2196
397 6956 300 2176
423 7237 267 2177
420 7532 284 2182
411 7450 286 2184
401 6979 304 2195
436 7663 260 2199
379 6544 263 2186
388 6764 257 2171
391 6954 255 2198
448 7915 261 2188
412 7137 254 2174
393 7139 253 2187
443 7992 255 2184
458 8111 261 2178
432 7901 262 2190
450 8023 248 2169
423 7621 278 2185
422 7671 286 2192
413 7417 254 2166
392 6996 261 2181
422 7425 267 2167
416 7242 281 2217
381 6797 266 2181
413 7480 264 2156
408 7708 254 2181
402 7030 274 2237
403 7071 252 2185
443 7755 246 2152
437 7585 266 2181
399 7026 284 2169
449 7752 255 2152
389 7084 266 2158
381 6916 314 2198
433 7572 289 2179
473 8614 266 2148
457 7681 252 2198
431 7947 273 2164
466 8363 266 2198
362 6731 264 2171
425 7330 261 2159
467 8342 275 2177
438 7479 278 2164
443 7770 271 2210
449 8206 283 2179
429 7594 253 2201
400 7310 305 2225
419 7441 251 2164
472 7832 294 2200
429 7640 267 2169
434 7320 262 2170
391 6766 306 2191
420 7423 272 2157
400 7186 255 2173
412 7482 261 2151
395 6922 260 2162
403 7231 258 2219
429 7581 291 2173
448 8031 277 2196
440 7819 269 2205
526 9181 267 2199
425 7297 289 2222
405 7178 258 2163
399 6817 257 2176
432 7595 271 2168
419 7195 273 2195
452 8174 267 2181
421 7316 284 2157
401 7183 250 2152
421 7402 299 2225
396 7016 279 2180
409 7188 298 2198
409 7212 249 2181
519 9354 267 2202
420 7472 260 2195
412 7281 249 2145
395 7084 256 2171
475 8647 255 2187
387 6934 278 2174
437 7912 296 2160
415 7239 289 2196
423 7319 288 2180
400 7224 286 2196
388 6713 241 2188
412 7341 265 2185
495 9317 276 2199
430 7813 260 2167
460 8303 255 2170
436 7893 290 2241
418 7372 273 2202
439 7892 250 2169
427 7654 260 2169
437 7543 249 2182
416 7242 253 2163
408 7237 285 2225
406 7053 254 2176
428 7568 277 2202
439 7657 263 2176
466 8079 268 2194
430 7666 260 2208
413 7324 320 2209
404 7171 257 2183
408 7383 262 2162
396 6925 276 2182
397 6800 270 2193
378 6697 248 2156
401 7303 263 2193
371 6465 254 2161
460 8251 304 2197
447 7829 283 2191
393 6864 276 2157
436 7858 293 2189
429 7631 277 2194
406 6876 266 2146
403 7357 260 2157
395 7150 292 2195
424 7632 287 2222
428 7755 267 2176
442 7818 311 2208
429 7568 245 2164
410 7189 261 2175
387 7026 265 2169
443 7987 282 2219
387 6790 271 2195
444 7572 259 2197
398 7154 276 2191
452 8031 292 2196
410 7251 266 2174
430 7572 263 2198
433 7818 270 2164
442 7808 261 2182
424 7306 302 2179
397 6881 306 2197
446 7944 277 2195
434 7879 277 2189
406 6935 256 2168
364 6680 282 2211
446 7614 295 2218
410 7432 258 2175
432 7764 282 2162
431 7821 274 2185
396 6882 273 2187
419 7252 259 2203
405 7465 240 2164
411 7371 271 2156
407 7012 254 2144
392 6796 257 2169
406 7260 298 2196
415 7304 281 2170
408 7222 255 2206
409 7246 288 2173
346 6345 263 2172
424 7299 256 2177
389 6829 323 2209
361 6426 274 2180
438 7760 243 2150
