42082 2761.51
237 4141 210 1938
253 4031 210 1913
279 4452 235 1860
259 4388 196 1963
258 4383 244 1863
264 4579 200 1937
274 4453 235 1860
255 4142 235 1869
272 4320 244 1860
262 4507 210 1892
264 4579 200 1937
274 4276 235 1862
258 4409 196 1957
246 4097 201 1927
279 4452 235 1860
255 4352 197 1952
259 4407 196 1957
266 4314 234 1861
239 4206 210 1923
274 4443 228 1861
262 4452 199 1949
248 4103 230 1880
264 4324 224 1869
261 4345 207 1909
246 4097 201 1927
256 4109 212 1895
267 4438 227 1864
250 4178 220 1874
260 4316 205 1911
262 4249 218 1878
255 4352 197 1952
262 4452 199 1949
262 4507 210 1892
263 4468 208 1905
249 4094 204 1923
269 4282 235 1862
242 4137 219 1926
248 4078 210 1908
239 4119 214 1934
238 4221 217 1912
265 4372 212 1888
255 4351 200 1944
259 4388 196 1963
266 4314 234 1861
250 4160 205 1915
241 4211 217 1920
244 4128 226 1890
263 4487 200 1942
272 4320 244 1860
249 4113 223 1877
244 4209 210 1909
260 4381 209 1902
270 4297 224 1869
272 4320 244 1860
267 4153 228 1869
248 4103 230 1880
237 4141 210 1938
240 4118 214 1936
248 4106 221 1878
240 4251 215 1917
266 4370 212 1888
270 4297 224 1869
261 4345 207 1909
250 4132 215 1891
268 4300 215 1882
262 4442 227 1864
248 4099 221 1883
255 4151 235 1867
251 4165 225 1873
249 4035 210 1913
251 4138 220 1878
263 4487 200 1942
253 4171 225 1868
243 4145 208 1922
238 4154 209 1929
242 4137 219 1926
252 4150 215 1887
254 4114 221 1874
238 4140 208 1933
239 4119 214 1934
240 4118 214 1936
249 4105 230 1875
254 4107 220 1876
259 4269 225 1866
256 4215 224 1871
238 4217 217 1918
253 4088 216 1886
269 4287 228 1863
250 4144 204 1921
256 4176 220 1874
244 4139 211 1919
252 4058 220 1901
238 4140 208 1933
248 4068 209 1914
239 4119 219 1928
260 4396 210 1894
267 4321 244 1860
253 4055 220 1899
253 4039 210 1911
258 4383 244 1863
252 4058 220 1901
265 4372 212 1888
268 4300 215 1882
266 4370 212 1888
259 4388 196 1963
261 4312 205 1911
241 4213 215 1917
243 4169 210 1914
258 4273 225 1866
263 4157 228 1869
263 4157 228 1869
261 4125 228 1871
257 4120 212 1893
256 4163 225 1868
257 4250 218 1878
257 4255 220 1872
240 4131 210 1942
238 4147 210 1925
249 4101 221 1878
238 4154 209 1929
249 4101 221 1878
248 4037 210 1913
257 4120 212 1893
248 4089 226 1893
244 4139 211 1919
248 4068 209 1914
250 4132 215 1891
253 4110 223 1877
248 4095 216 1886
262 4442 227 1864
257 4250 218 1878
253 4091 220 1880
238 4146 209 1931
253 4108 216 1882
255 4351 200 1944
241 4127 210 1940
241 4127 210 1940
253 4091 220 1880
240 4131 210 1942
269 4282 235 1862
263 4468 208 1905
262 4457 235 1863
244 4128 226 1890
269 4287 228 1863
248 4072 220 1897
257 4255 220 1872
266 4308 215 1882
262 4457 235 1863
261 4312 205 1911
264 4324 224 1869
251 4051 215 1905
256 4085 209 1911
253 4081 216 1891
248 4075 212 1900
265 4298 224 1869
260 4386 210 1896
253 4162 225 1870
251 4046 215 1907
252 4150 215 1887
248 4047 215 1907
239 4206 210 1923
266 4308 215 1882
248 4075 212 1900
243 4169 210 1914
250 4144 204 1921
248 4092 220 1885
244 4219 215 1901
256 4163 225 1868
253 4061 215 1903
241 4211 217 1920
253 4071 220 1897
260 4386 210 1896
250 4124 212 1893
262 4167 228 1865
257 4038 209 1917
248 4063 209 1916
248 4070 212 1902
255 4096 210 1906
267 4158 235 1866
262 4165 235 1864
253 4082 215 1898
238 4221 217 1912
251 4115 216 1884
248 4069 212 1906
253 4031 210 1913
262 4167 228 1865
259 4392 204 1918
244 4209 210 1909
250 4124 212 1893
256 4084 210 1904
256 4109 212 1895
237 4141 210 1938
248 4063 209 1916
243 4145 208 1922
248 4083 215 1898
253 4055 220 1899
238 4146 209 1931
252 4090 209 1910
253 4152 225 1872
253 4036 209 1919
248 4099 221 1883
260 4396 210 1894
252 4090 209 1910
256 4084 210 1904
248 4092 220 1885
238 4147 210 1925
253 4097 230 1875
253 4156 235 1867
253 4077 210 1908
248 4064 220 1899
239 4119 219 1928
253 4111 220 1876
260 4121 228 1873
253 4107 216 1884
260 4122 230 1870
248 4066 215 1903
248 4095 216 1886
261 4125 228 1871
274 4276 235 1862
237 4141 214 1932
249 4113 223 1877
250 4160 205 1915
237 4141 214 1932
250 4174 216 1880
248 4054 215 1905
259 4269 225 1866
258 4273 225 1866
267 4438 227 1864
248 4059 220 1901
259 4392 204 1918
260 4395 209 1900
260 4128 228 1871
248 4116 216 1882
248 4043 210 1911
256 4176 220 1874
259 4407 196 1957
258 4390 196 1963
257 4033 210 1911
253 4156 235 1867
260 4381 209 1902
253 4104 230 1873
260 4316 205 1911
258 4409 196 1957
248 4041 209 1919
254 4087 220 1880
254 4094 221 1878
253 4049 220 1901
241 4213 215 1917
248 4041 209 1919
253 4061 215 1903
253 4177 220 1874
255 4159 225 1870
253 4098 221 1878
244 4219 215 1901
257 4033 210 1911
251 4051 215 1905
253 4044 215 1905
256 4142 225 1872
238 4217 217 1918
260 4122 230 1870
253 4049 220 1901
253 4067 209 1914
258 4390 196 1963
256 4215 224 1871
249 4171 205 1915
253 4077 210 1908
249 4105 230 1875
249 4112 230 1873
248 4065 212 1908
253 4152 225 1872
265 4114 230 1872
248 4064 220 1899
250 4178 220 1874
249 4113 223 1877
254 4087 220 1880
248 4089 226 1893
248 4126 221 1874
249 4035 210 1913
267 4321 244 1860
248 4066 215 1903
274 4453 235 1860
248 4126 221 1874
250 4160 205 1915
248 4078 210 1908
253 4036 209 1919
248 4065 212 1908
253 4108 216 1882
248 4110 230 1875
260 4121 228 1873
253 4111 220 1876
249 4112 230 1873
254 4083 216 1886
248 4106 221 1878
253 4081 216 1891
262 4249 218 1878
260 4395 209 1900
248 4037 210 1913
253 4044 215 1905
267 4438 227 1864
248 4078 210 1908
