26353 1680.97
271 4372 236 1876
268 4265 236 1878
228 3987 212 1938
249 4376 226 1882
241 4083 200 1947
271 4372 236 1876
226 3992 215 1950
225 4043 213 1939
268 4265 236 1878
260 4230 226 1879
238 4130 230 1895
268 4265 236 1878
259 4213 229 1879
255 4133 224 1885
244 4235 221 1884
240 4119 216 1894
234 4107 219 1911
244 4187 226 1887
227 4033 214 1932
268 4265 236 1878
240 4009 207 1927
247 4199 204 1935
236 4062 214 1905
240 3994 205 1934
250 4090 202 1943
225 4043 213 1939
256 4247 224 1881
226 3992 215 1950
253 4122 202 1940
259 4213 229 1879
236 4104 215 1897
228 3996 214 1919
230 4025 219 1915
239 4133 216 1892
253 4122 202 1940
259 4215 225 1881
247 4199 204 1935
250 4090 202 1943
236 4110 211 1906
236 4057 213 1907
236 4104 215 1897
243 4203 220 1889
259 4255 225 1879
244 4191 220 1888
256 4247 224 1881
232 4049 219 1913
230 4025 219 1915
240 4092 210 1912
241 4083 200 1947
245 4206 220 1886
247 4199 209 1913
240 4013 205 1928
238 4130 230 1895
251 4061 210 1914
253 4122 202 1940
236 4073 215 1899
244 4210 220 1886
247 4030 208 1916
242 4075 201 1944
259 4255 225 1879
243 4114 210 1908
239 4120 216 1894
244 4235 221 1884
235 4072 215 1902
241 4102 210 1910
237 4157 220 1892
238 4150 216 1892
240 3991 208 1937
246 4108 220 1891
243 4114 210 1908
241 4181 226 1890
232 4058 212 1917
242 4224 226 1887
255 4142 224 1883
242 4014 207 1921
242 4075 201 1944
240 3999 207 1929
260 4230 226 1879
244 4172 224 1889
241 4106 209 1914
240 3999 207 1929
240 4023 205 1926
248 4126 220 1888
232 4049 219 1913
249 4376 226 1882
244 4187 226 1887
236 4110 211 1906
243 4103 209 1914
240 3994 205 1934
240 3994 208 1931
233 4132 219 1903
241 4079 201 1946
240 3991 208 1937
225 4024 212 1941
241 4181 226 1890
243 4072 201 1950
232 4049 219 1913
240 3994 208 1931
271 4372 236 1876
238 4130 230 1895
236 4073 215 1899
242 4075 201 1944
242 4019 208 1920
259 4255 225 1879
246 4002 208 1920
241 4102 210 1910
231 3995 214 1919
240 4032 208 1918
256 4247 224 1881
233 4109 219 1905
251 4061 210 1914
231 3995 214 1919
236 4062 214 1905
245 4143 202 1938
243 4072 201 1950
253 4122 202 1940
244 4191 220 1888
232 4053 212 1922
235 4072 215 1902
232 4053 212 1922
255 4142 224 1883
244 4172 224 1889
237 4157 220 1892
235 4072 215 1902
239 4120 216 1894
227 3996 214 1935
238 4130 230 1895
234 4107 219 1911
248 4126 220 1888
226 3993 213 1941
233 4109 219 1905
234 4107 219 1911
235 4072 215 1902
243 4114 210 1908
246 4001 207 1923
246 4007 207 1921
243 4218 226 1887
248 4126 220 1888
246 4014 208 1918
255 4164 226 1881
247 4199 204 1935
240 4005 208 1924
246 4002 208 1920
259 4215 225 1881
241 4079 201 1946
243 4081 210 1910
233 4132 219 1903
238 4150 216 1892
260 4242 225 1879
245 4143 202 1938
232 4058 212 1917
226 3993 213 1941
236 4057 213 1907
246 4108 220 1891
234 4107 219 1911
242 4022 208 1918
233 4109 219 1905
242 4008 207 1923
228 3988 212 1927
244 4120 220 1893
227 4033 214 1932
228 3990 213 1925
228 3987 212 1938
242 4078 210 1912
236 4068 212 1905
240 4039 208 1916
227 3996 214 1935
228 3996 214 1919
240 3999 207 1929
255 4133 224 1885
243 4103 209 1914
240 4013 205 1928
228 3990 213 1925
244 4187 226 1887
240 3994 208 1931
245 4143 202 1938
255 4142 224 1883
243 4103 209 1914
226 3993 212 1943
237 4157 220 1892
249 4376 226 1882
236 4110 211 1906
244 4120 220 1893
240 4005 208 1924
248 4161 226 1884
232 4058 212 1917
244 4219 226 1884
246 4097 202 1943
240 4044 224 1912
246 4097 202 1943
240 4092 210 1912
247 4030 208 1916
242 4224 226 1887
236 4068 212 1905
248 4161 226 1884
243 4203 220 1889
260 4242 225 1879
259 4246 226 1879
240 4039 208 1916
237 4157 220 1892
244 4210 220 1886
255 4164 226 1881
227 3996 214 1935
240 4017 207 1921
241 4227 226 1887
242 4036 208 1916
242 4036 208 1916
240 4039 208 1916
248 4161 226 1884
251 4061 210 1914
241 4227 226 1887
242 4004 205 1928
245 4206 220 1886
242 4078 210 1912
243 4114 210 1908
241 4117 210 1908
242 4022 208 1918
246 4129 220 1886
239 4120 216 1894
243 4081 210 1910
240 4032 208 1918
240 4011 207 1923
247 4030 208 1916
236 4073 215 1899
241 4117 210 1908
240 4013 205 1928
228 3988 212 1927
228 3990 213 1925
240 4011 207 1923
240 4017 207 1921
239 4133 216 1892
243 4218 226 1887
240 4119 216 1894
226 3993 213 1941
255 4142 224 1883
225 4024 212 1941
259 4246 226 1879
246 4014 208 1918
243 4103 209 1914
241 4106 209 1914
242 4008 207 1923
246 4129 220 1886
244 4219 226 1884
240 4044 224 1912
240 4005 208 1924
244 4172 224 1889
260 4230 226 1879
233 4109 219 1905
228 3996 214 1919
240 4013 205 1928
243 4103 209 1914
227 4033 214 1932
234 4107 219 1911
260 4230 226 1879
236 4068 212 1905
236 4110 211 1906
260 4230 226 1879
227 3996 214 1935
227 3996 214 1935
240 4039 208 1916
253 4122 202 1940
239 4133 216 1892
240 3994 208 1931
271 4372 236 1876
240 4044 224 1912
228 3996 214 1919
249 4376 226 1882
259 4213 229 1879
244 4172 224 1889
247 4199 209 1913
230 4025 219 1915
246 4108 220 1891
241 4181 226 1890
244 4120 220 1893
236 4110 211 1906
236 4110 211 1906
236 4068 212 1905
253 4122 202 1940
255 4133 224 1885
240 3994 205 1934
227 4033 214 1932
241 4083 200 1947
232 4058 212 1917
243 4072 201 1950
238 4150 216 1892
238 4130 230 1895
268 4265 236 1878
271 4372 236 1876
240 4044 224 1912
247 4199 209 1913
271 4372 236 1876
225 4024 212 1941
228 3987 212 1938
232 4058 212 1917
244 4120 220 1893
240 4011 207 1923
236 4073 215 1899
259 4215 225 1881
240 3999 207 1929
244 4210 220 1886
