187448 1440.23
351 6297 266 2166
354 6109 273 2161
442 7805 270 2046
438 8103 251 2055
364 6470 293 2110
359 6351 253 2251
442 7805 270 2046
412 7618 228 2106
359 6351 253 2251
412 7618 228 2106
371 6196 284 2154
371 6196 284 2154
442 7805 270 2046
399 7071 237 2089
387 6825 256 2074
371 6196 284 2154
410 7502 244 2073
384 6960 267 2055
442 7805 270 2046
441 8015 232 2085
439 7858 248 2070
431 7612 233 2073
354 6109 273 2161
442 7805 270 2046
431 7430 254 2076
368 6612 270 2082
362 6516 239 2115
430 7200 231 2138
368 6412 261 2130
392 6728 236 2177
438 8103 251 2055
431 7430 254 2076
442 7805 270 2046
423 7329 228 2131
382 7084 256 2096
406 7373 230 2125
376 6666 264 2105
389 6802 255 2062
361 6271 264 2138
382 7084 256 2096
442 7805 270 2046
382 6760 245 2113
384 6960 267 2055
406 7373 230 2125
423 7329 228 2131
396 7120 249 2081
422 7678 241 2088
442 7805 270 2046
413 7252 254 2077
352 6404 263 2122
383 6504 243 2126
431 7430 254 2076
416 7155 246 2086
371 6703 238 2146
351 6297 266 2166
368 6412 261 2130
370 6432 242 2180
354 6109 273 2161
361 6271 264 2138
420 7172 232 2140
374 6476 267 2097
370 6432 242 2180
439 7858 248 2070
380 6692 270 2080
399 7205 233 2111
430 7200 231 2138
361 6295 263 2169
368 6412 261 2130
384 6960 267 2055
352 6404 263 2122
406 7373 230 2125
392 6728 236 2177
399 7071 237 2089
418 7496 253 2071
370 6432 242 2180
423 7329 228 2131
392 6728 236 2177
406 7373 230 2125
371 6196 284 2154
396 7120 249 2081
389 6802 255 2062
438 8103 251 2055
352 6404 263 2122
367 6399 273 2084
418 7496 253 2071
364 6470 293 2110
416 7155 246 2086
422 7678 241 2088
438 8103 251 2055
416 7155 246 2086
418 7496 253 2071
362 6516 239 2115
406 7373 230 2125
422 7678 241 2088
412 7618 228 2106
416 7155 246 2086
422 7678 241 2088
384 6960 267 2055
438 8103 251 2055
374 6476 267 2097
359 6351 253 2251
371 6669 246 2102
380 6692 270 2080
364 6470 293 2110
422 7678 241 2088
352 6404 263 2122
389 7264 249 2093
354 6109 273 2161
371 6669 246 2102
351 6297 266 2166
412 7618 228 2106
418 7496 253 2071
362 6516 239 2115
380 6692 270 2080
416 7155 246 2086
362 6516 239 2115
396 7120 249 2081
382 7084 256 2096
374 6476 267 2097
383 6504 243 2126
412 7618 228 2106
387 6825 256 2074
431 7430 254 2076
362 6516 239 2115
367 6399 273 2084
371 6703 238 2146
371 6669 246 2102
392 6728 236 2177
441 8015 232 2085
392 6728 236 2177
418 7496 253 2071
399 7071 237 2089
384 6960 267 2055
441 8015 232 2085
380 6692 270 2080
380 6692 270 2080
387 6825 256 2074
438 8103 251 2055
406 7373 230 2125
406 7175 264 2059
361 6271 264 2138
380 6692 270 2080
389 6802 255 2062
383 6504 243 2126
383 6504 243 2126
412 7618 228 2106
351 6297 266 2166
418 7496 253 2071
418 7496 253 2071
383 6504 243 2126
383 6504 243 2126
416 7155 246 2086
399 7071 237 2089
382 6760 245 2113
383 6504 243 2126
406 7175 264 2059
396 7120 249 2081
441 8015 232 2085
416 7155 246 2086
412 7618 228 2106
406 7175 264 2059
382 7084 256 2096
382 7084 256 2096
352 6404 263 2122
359 6351 253 2251
362 6516 239 2115
389 6802 255 2062
352 6404 263 2122
442 7805 270 2046
352 6404 263 2122
374 6476 267 2097
382 7084 256 2096
396 7120 249 2081
384 6960 267 2055
412 7618 228 2106
374 6476 267 2097
418 7496 253 2071
364 6470 293 2110
389 6802 255 2062
406 7373 230 2125
438 8103 251 2055
389 7264 249 2093
374 6476 267 2097
422 7678 241 2088
351 6297 266 2166
371 6196 284 2154
361 6271 264 2138
416 7155 246 2086
361 6295 263 2169
371 6196 284 2154
354 6109 273 2161
406 7373 230 2125
422 7678 241 2088
367 6399 273 2084
364 6470 293 2110
418 7496 253 2071
368 6612 270 2082
380 6692 270 2080
422 7678 241 2088
371 6703 238 2146
352 6404 263 2122
420 7172 232 2140
439 7858 248 2070
399 7205 233 2111
361 6295 263 2169
352 6404 263 2122
370 6432 242 2180
392 6728 236 2177
406 7373 230 2125
371 6196 284 2154
396 7120 249 2081
389 6802 255 2062
438 8103 251 2055
361 6271 264 2138
367 6399 273 2084
418 7496 253 2071
364 6470 293 2110
416 7155 246 2086
362 6516 239 2115
406 7373 230 2125
422 7678 241 2088
412 7618 228 2106
416 7155 246 2086
422 7678 241 2088
384 6960 267 2055
430 7200 231 2138
354 6109 273 2161
364 6470 293 2110
359 6351 253 2251
371 6196 284 2154
371 6196 284 2154
410 7502 244 2073
384 6960 267 2055
441 8015 232 2085
431 7612 233 2073
368 6612 270 2082
362 6516 239 2115
374 6476 267 2097
368 6412 261 2130
392 6728 236 2177
442 7805 270 2046
406 7373 230 2125
389 6802 255 2062
382 7084 256 2096
442 7805 270 2046
413 7252 254 2077
431 7430 254 2076
354 6109 273 2161
442 7805 270 2046
416 7155 246 2086
382 6760 245 2113
383 6504 243 2126
441 8015 232 2085
416 7155 246 2086
412 7618 228 2106
406 7175 264 2059
382 7084 256 2096
352 6404 263 2122
359 6351 253 2251
362 6516 239 2115
389 6802 255 2062
383 6504 243 2126
374 6476 267 2097
396 7120 249 2081
364 6470 293 2110
389 6802 255 2062
406 7373 230 2125
389 7264 249 2093
422 7678 241 2088
361 6295 263 2169
367 6399 273 2084
380 6692 270 2080
422 7678 241 2088
412 7618 228 2106
359 6351 253 2251
371 6669 246 2102
422 7678 241 2088
352 6404 263 2122
389 7264 249 2093
354 6109 273 2161
371 6669 246 2102
351 6297 266 2166
362 6516 239 2115
382 7084 256 2096
374 6476 267 2097
371 6703 238 2146
367 6399 273 2084
371 6703 238 2146
441 8015 232 2085
418 7496 253 2071
384 6960 267 2055
387 6825 256 2074
438 8103 251 2055
406 7373 230 2125
380 6692 270 2080
389 6802 255 2062
418 7261 242 2087
423 7329 228 2131
431 7430 254 2076
361 6271 264 2138
