10200 360.138
349 6119 232 2141
325 5815 248 2146
339 5985 237 2141
364 6338 248 2112
328 5867 243 2143
380 6720 229 2145
355 6107 248 2115
347 6263 243 2117
331 5925 239 2157
331 6023 258 2123
360 6515 231 2147
329 5833 246 2139
343 6126 249 2118
322 5869 252 2155
348 5834 248 2132
356 6367 236 2128
347 6160 240 2132
331 5950 259 2126
375 6776 247 2110
388 6588 238 2119
338 6121 243 2132
334 5771 253 2162
340 5688 259 2170
321 5743 257 2171
362 6123 243 2125
340 5962 244 2135
400 7071 234 2118
396 7143 243 2109
337 6117 238 2145
366 6487 235 2128
346 6042 248 2128
354 6476 239 2125
379 6642 254 2110
335 5781 257 2158
353 6325 242 2122
336 5854 253 2133
330 5908 252 2137
374 6747 233 2133
371 6533 232 2138
345 6282 243 2122
376 6478 234 2131
335 6034 248 2134
380 6903 243 2113
356 5940 237 2166
348 6366 234 2161
371 6728 238 2124
365 6346 238 2127
374 6792 243 2115
342 6190 258 2120
401 7058 228 2174
344 5917 266 2129
348 6035 263 2122
328 6090 264 2139
351 6364 239 2131
396 7116 231 2138
334 5741 253 2180
369 6512 237 2127
401 7027 273 2108
415 7429 226 2184
401 7027 273 2108
415 7429 226 2184
329 5636 264 2171
317 5962 250 2162
458 7954 294 2211
418 7351 291 2210
469 8396 282 2192
444 7988 333 2219
450 8191 259 2189
485 8622 360 2259
517 9168 292 2207
403 7201 289 2212
434 7845 310 2254
478 8110 285 2246
465 8297 268 2171
501 9019 282 2218
493 8994 278 2180
451 8028 262 2216
453 7983 261 2232
457 8230 272 2182
485 8568 305 2196
433 7798 296 2209
414 7556 278 2196
469 8388 256 2176
529 9241 317 2267
454 7848 258 2163
434 7889 251 2208
445 7946 267 2217
485 8443 288 2186
406 7558 259 2159
424 7856 272 2218
489 8804 318 2226
430 7697 274 2209
439 7682 259 2223
472 8330 272 2191
445 8023 272 2221
466 8645 254 2168
436 7716 276 2194
455 8038 282 2216
466 7895 309 2215
480 8606 299 2212
419 7356 272 2210
505 9137 308 2206
450 8091 288 2236
443 7849 263 2201
486 8848 286 2218
435 7756 264 2202
419 7410 262 2186
469 8433 273 2205
462 8159 299 2222
458 8330 255 2193
433 7835 277 2228
412 7425 243 2216
446 7880 278 2205
456 8158 265 2202
431 7617 278 2195
458 8170 263 2252
451 7763 286 2243
476 8150 300 2216
432 7595 267 2198
456 8013 262 2191
468 8140 269 2192
518 9220 347 2290
452 7915 310 2170
446 7901 277 2196
487 8264 283 2212
460 8427 257 2203
393 7153 268 2198
433 7710 283 2189
416 7164 254 2226
501 8632 312 2254
528 9293 308 2203
440 8037 296 2194
454 8246 274 2209
483 8752 284 2186
456 8201 284 2200
496 8430 308 2204
429 7729 262 2223
425 7401 291 2209
425 7620 303 2208
468 7815 287 2214
450 8157 314 2222
457 8089 274 2182
430 7747 273 2185
473 7903 282 2249
454 7851 261 2194
466 8507 283 2215
471 8480 299 2187
428 7671 271 2228
486 9087 323 2237
453 8362 287 2225
501 8688 259 2208
462 8413 303 2209
433 7832 262 2198
425 7512 277 2197
428 7985 277 2195
412 7336 269 2194
446 7884 273 2183
526 8728 263 2202
451 8288 263 2198
525 9525 307 2209
461 8476 269 2193
454 8087 282 2220
502 9055 278 2184
559 9986 280 2231
420 7164 260 2195
458 8271 286 2226
457 8133 259 2189
473 7927 286 2226
567 10462 276 2170
480 8222 306 2235
457 8057 259 2236
505 8568 288 2252
501 8674 282 2202
483 8689 275 2223
453 7829 260 2237
434 7949 253 2202
476 8035 262 2216
446 7602 291 2196
476 8167 318 2247
479 8687 289 2232
450 7924 265 2225
495 8808 296 2222
476 8627 312 2212
428 7480 283 2191
430 7811 278 2196
412 7431 307 2226
456 8079 307 2190
470 7937 275 2222
445 7860 303 2213
486 8726 313 2222
460 8189 266 2213
460 8290 352 2203
408 6979 261 2198
446 7697 267 2205
442 7385 274 2210
439 7446 286 2150
454 7843 245 2185
474 8502 296 2221
472 8619 268 2187
508 8769 287 2218
455 8023 302 2213
472 8383 289 2177
428 7606 294 2189
505 8868 329 2222
423 7815 268 2181
473 8263 276 2190
473 8372 327 2234
426 7858 259 2191
412 7446 248 2195
417 7765 284 2215
461 8180 272 2193
444 8097 287 2244
420 7249 277 2174
482 8337 292 2226
482 8615 287 2232
391 7078 261 2196
404 7259 273 2214
417 7240 293 2217
400 7028 262 2183
475 8449 286 2207
433 7629 295 2243
421 7696 272 2226
405 7375 279 2185
420 7286 264 2206
389 6972 269 2238
430 7385 263 2178
445 7645 286 2173
463 8216 275 2215
419 7611 263 2203
469 8066 273 2180
463 8204 278 2199
414 7570 267 2212
458 8059 276 2194
492 8837 299 2207
514 8885 272 2189
455 8237 321 2230
418 7456 282 2228
424 7323 262 2181
460 8194 268 2208
483 8259 285 2243
430 7909 279 2224
493 8773 303 2212
497 9104 286 2216
481 8296 296 2190
442 7995 277 2221
431 7842 279 2252
470 8721 261 2204
464 7942 359 2219
459 8060 265 2198
456 8256 304 2222
486 8770 283 2233
439 7960 275 2225
421 7433 281 2217
476 8495 309 2208
491 8688 274 2251
491 8559 278 2192
447 8185 270 2206
499 8642 292 2222
441 7705 262 2205
464 8526 292 2250
506 8819 304 2209
422 7727 268 2187
454 8322 295 2209
438 7827 292 2210
487 8814 252 2184
451 8292 315 2235
453 8163 313 2194
402 7014 259 2193
396 7280 280 2243
465 8396 288 2212
446 7913 265 2220
497 8832 288 2233
432 7866 284 2212
455 8050 265 2239
530 9377 290 2203
443 7639 305 2210
434 7928 288 2219
467 8368 295 2201
435 7840 279 2223
451 8030 277 2217
458 7836 291 2220
456 8035 280 2240
460 8102 264 2206
468 8189 273 2206
521 8873 288 2220
453 8031 336 2238
467 8164 312 2232
416 7227 258 2212
458 7847 278 2217
424 7824 254 2148
464 8162 252 2205
433 7916 276 2185
465 8251 278 2200
430 7860 265 2211
496 9034 280 2221
396 7071 258 2225
409 7342 267 2209
484 8908 311 2267
450 8321 270 2206
477 8726 253 2191
