8401 2894.93
269 4596 209 1917
264 4598 209 1917
259 4244 225 1882
250 4300 205 1924
250 4174 226 1906
250 4174 226 1906
249 4305 205 1924
244 4180 216 1907
269 4596 209 1917
253 4311 210 1911
247 4224 225 1889
262 4205 220 1890
263 4244 216 1894
245 4212 220 1895
264 4598 209 1917
249 4299 207 1919
259 4244 225 1882
251 4232 214 1908
255 4225 216 1898
262 4189 216 1898
253 4236 212 1908
262 4222 225 1884
249 4299 207 1919
249 4293 208 1919
251 4200 211 1913
245 4189 216 1901
253 4236 212 1908
251 4242 215 1902
249 4287 210 1913
245 4206 211 1913
245 4195 212 1912
253 4236 215 1902
257 4211 220 1890
256 4205 220 1892
251 4198 220 1896
246 4238 211 1911
244 4194 215 1907
258 4271 220 1888
249 4293 208 1919
247 4188 216 1901
251 4217 211 1911
247 4190 216 1899
247 4281 212 1908
251 4199 215 1904
245 4212 215 1906
244 4194 215 1907
249 4178 215 1906
257 4236 225 1884
247 4281 212 1908
248 4302 211 1909
246 4238 211 1911
259 4216 225 1886
258 4196 216 1898
257 4236 225 1884
248 4181 216 1901
248 4181 216 1901
263 4244 216 1894
256 4201 216 1898
245 4222 220 1893
247 4268 215 1902
247 4258 225 1888
247 4250 215 1903
245 4193 216 1899
257 4219 225 1886
250 4207 225 1887
248 4231 225 1887
247 4228 220 1891
245 4222 220 1893
259 4244 220 1888
258 4246 216 1894
258 4197 220 1892
250 4254 225 1885
249 4260 211 1909
249 4226 216 1897
249 4203 225 1889
248 4302 211 1909
247 4250 215 1903
247 4228 220 1891
245 4219 212 1910
262 4189 216 1898
259 4216 225 1886
257 4213 216 1896
253 4237 225 1885
250 4206 220 1893
250 4202 220 1895
247 4232 216 1897
245 4215 215 1904
245 4195 212 1912
245 4219 212 1910
253 4311 210 1911
248 4262 212 1908
258 4246 216 1894
250 4254 225 1885
258 4271 220 1888
247 4268 215 1902
251 4242 215 1902
249 4260 211 1909
249 4240 212 1908
249 4240 212 1908
249 4178 215 1906
248 4262 212 1908
248 4252 215 1902
248 4252 215 1902
247 4209 220 1895
247 4209 220 1895
259 4231 225 1884
258 4196 216 1898
257 4213 216 1896
257 4211 220 1890
256 4201 216 1898
253 4237 225 1885
251 4200 211 1913
251 4199 215 1904
251 4198 220 1896
250 4300 205 1924
250 4202 220 1895
249 4226 216 1897
249 4203 225 1889
247 4224 225 1889
247 4214 220 1893
247 4214 220 1893
247 4201 215 1904
247 4190 216 1899
247 4188 216 1901
245 4215 215 1904
245 4212 220 1895
244 4180 216 1907
263 4244 216 1894
263 4244 216 1894
263 4244 216 1894
263 4244 216 1894
263 4244 216 1894
263 4244 216 1894
263 4244 216 1894
263 4244 216 1894
263 4244 216 1894
263 4244 216 1894
263 4244 216 1894
253 4236 215 1902
253 4236 215 1902
253 4236 215 1902
253 4236 215 1902
253 4236 215 1902
253 4236 215 1902
253 4236 215 1902
253 4236 215 1902
253 4236 215 1902
253 4236 215 1902
253 4236 215 1902
253 4236 215 1902
250 4202 220 1895
297 4636 220 1890
294 4767 220 1888
276 4426 225 1882
271 4427 225 1882
269 4386 212 1910
263 4561 212 1910
260 4243 216 1896
249 4264 220 1900
260 4346 225 1885
254 4302 214 1908
263 4481 215 1902
272 4382 216 1894
255 4289 215 1904
264 4365 220 1892
273 4531 220 1891
254 4317 216 1897
258 4301 220 1898
274 4323 225 1894
255 4260 216 1899
304 4655 220 1891
301 4787 220 1888
293 4574 225 1884
270 4398 212 1910
255 4283 216 1901
273 4428 216 1894
268 4376 225 1886
284 4492 220 1893
261 4421 220 1896
274 4533 220 1893
258 4378 215 1904
290 4594 225 1885
293 4562 215 1902
262 4348 215 1904
265 4310 216 1899
265 4395 220 1897
269 4321 220 1898
259 4350 216 1898
263 4340 216 1899
260 4370 215 1904
262 4340 220 1898
300 4512 220 1895
296 4743 212 1926
284 4799 212 1922
283 4722 225 1887
270 4358 216 1900
269 4409 235 1897
257 4363 216 1901
282 4588 224 1894
274 4476 225 1889
293 4621 215 1902
267 4518 215 1913
286 4536 220 1893
283 4706 216 1894
268 4378 215 1906
262 4440 216 1899
266 4520 215 1904
292 4422 220 1898
266 4521 220 1896
277 4711 220 1894
264 4371 216 1900
277 4523 216 1896
296 4659 220 1893
287 4778 225 1887
281 4363 231 1900
269 4566 215 1916
261 4453 216 1904
289 4672 216 1896
271 4698 225 1898
271 4423 216 1907
282 4772 215 1913
271 4644 220 1900
276 4654 229 1893
280 4481 225 1892
265 4443 216 1902
281 4425 226 1904
283 4538 215 1904
279 4527 216 1898
274 4546 225 1899
288 4721 216 1896
286 4673 220 1895
284 4772 216 1894
277 4645 216 1899
287 4719 220 1893
294 4861 216 1896
293 4895 216 1896
291 4707 215 1916
286 4717 215 1904
284 4791 230 1894
269 4444 216 1904
286 4717 220 1895
277 4614 230 1901
292 4630 225 1894
279 4534 216 1899
293 4534 226 1896
271 4472 216 1902
287 4868 216 1897
276 4454 216 1903
314 4919 225 1895
300 4776 230 1898
297 4921 220 1895
291 4987 216 1903
269 4539 216 1905
281 4647 230 1902
314 4833 216 1899
284 4624 226 1899
294 4675 216 1901
286 4796 225 1898
298 4882 216 1897
283 4803 219 1903
313 4912 230 1898
297 4999 225 1899
283 4564 224 1905
277 4676 216 1923
271 4597 226 1911
302 4874 230 1901
277 4630 219 1911
275 4731 225 1909
301 4889 220 1904
275 4608 230 1906
298 4907 216 1900
289 4702 216 1905
274 4671 219 1911
279 4632 216 1908
277 4702 220 1905
324 5071 230 1898
316 4772 216 1911
311 4855 240 1905
279 4635 221 1924
279 4766 235 1918
305 4936 220 1907
295 4920 222 1910
286 4660 225 1909
285 4722 229 1909
282 4900 224 1906
321 4756 224 1905
284 4780 224 1909
306 4865 224 1906
327 4965 225 1906
322 4969 224 1905
300 4792 236 1915
287 4732 225 1917
285 4857 224 1912
300 4911 235 1906
303 4836 224 1911
287 4815 225 1912
313 4915 224 1911
309 4979 241 1908
309 4924 231 1932
298 5053 225 1917
