44285 1980.68
308 5172 225 2071
301 5261 229 2063
300 5281 227 2069
324 5495 229 2054
306 5267 227 2061
321 5479 226 2056
339 6076 214 2076
340 5886 226 2053
321 5394 217 2082
304 5236 227 2067
312 5367 229 2057
323 5549 224 2062
312 5359 237 2056
325 5611 218 2075
339 5813 237 2051
323 5615 222 2069
308 5358 237 2058
320 5616 237 2052
331 5830 219 2068
325 5545 237 2052
335 5814 218 2070
310 5317 229 2060
312 5435 224 2065
349 6019 236 2050
312 5400 227 2058
313 5426 223 2077
354 6199 236 2049
310 5264 224 2067
309 5167 224 2081
355 6025 217 2070
324 5448 237 2054
305 5267 226 2065
319 5645 219 2079
325 5693 216 2083
333 5916 224 2061
307 5267 224 2069
313 5422 226 2060
349 5984 219 2065
347 6057 218 2067
356 6164 234 2050
326 5727 221 2070
342 5772 219 2068
330 5904 217 2077
341 5920 216 2078
320 5514 235 2054
304 5282 225 2078
309 5294 226 2063
344 5763 217 2077
325 5570 218 2078
345 6081 219 2065
359 6164 224 2059
317 5560 223 2075
323 5543 218 2080
322 5639 218 2078
306 5324 224 2075
313 5533 222 2082
309 5401 222 2084
317 5608 218 2084
342 5795 234 2053
366 6286 247 2044
374 6459 212 2085
309 5167 224 2081
300 5281 227 2069
436 7674 264 2144
447 7397 246 2103
421 7479 251 2119
453 8147 299 2139
380 6797 246 2111
384 6826 255 2137
429 7541 245 2089
482 8373 267 2120
440 7770 286 2161
393 6989 268 2128
453 7960 265 2141
430 7512 238 2150
409 7353 265 2145
433 7478 239 2136
421 7254 251 2151
451 7858 248 2121
418 7544 248 2105
448 8051 282 2141
442 8031 264 2158
511 8869 257 2168
377 6753 262 2147
406 7164 251 2170
467 8299 263 2145
413 7382 256 2163
447 7665 262 2141
403 7062 262 2185
460 8269 251 2140
466 7990 265 2136
434 7776 265 2158
400 7121 255 2177
417 7414 238 2111
424 7674 252 2127
430 7726 262 2137
492 8633 246 2135
387 6842 253 2182
413 7391 291 2182
416 7045 262 2131
408 7468 261 2159
463 7862 309 2183
461 8223 263 2126
420 7305 242 2109
466 8070 296 2186
404 7219 261 2106
461 8032 248 2141
390 6601 254 2148
423 7708 266 2174
456 8162 288 2158
434 7738 246 2152
423 7640 274 2168
420 7087 232 2116
463 8285 258 2142
420 7303 245 2097
440 7590 284 2129
435 7535 254 2109
386 6934 244 2138
411 7021 250 2123
374 6681 257 2097
403 7161 280 2168
445 7831 284 2173
443 7645 262 2140
425 7339 251 2211
384 6836 254 2145
388 6569 261 2153
398 7138 263 2150
466 8145 260 2129
426 7502 258 2132
427 7389 244 2120
417 7147 246 2154
367 6423 260 2150
448 8089 279 2183
421 7185 282 2135
425 7448 259 2117
430 7591 246 2125
441 7550 256 2131
432 7844 238 2159
485 8449 249 2119
478 8501 240 2185
419 7368 236 2125
405 7334 235 2131
389 6775 255 2137
487 8784 246 2119
425 7570 256 2147
428 7795 272 2171
414 7151 249 2133
441 7688 242 2131
427 7243 247 2122
371 6535 255 2141
407 7156 286 2155
414 7340 257 2149
416 7418 272 2180
390 6836 259 2124
408 7044 234 2099
447 7988 252 2171
382 6610 259 2126
420 7100 226 2103
478 8058 249 2152
432 7876 256 2120
409 7302 245 2140
454 7873 278 2113
476 8423 274 2136
441 7680 251 2155
398 7080 245 2143
446 7912 251 2131
397 6935 299 2138
417 6933 256 2136
418 7459 235 2128
392 6628 265 2174
377 6618 237 2138
450 7682 253 2133
400 6944 270 2148
425 7611 249 2158
430 7947 267 2166
450 7785 288 2145
428 7514 266 2155
452 7799 259 2158
449 7984 252 2169
400 7007 269 2102
430 7144 262 2130
444 7855 260 2149
453 8113 250 2152
433 7596 288 2156
482 8651 257 2140
442 7825 280 2140
485 8608 260 2130
436 7687 247 2153
369 6745 250 2126
433 7458 260 2159
400 7170 247 2140
500 9037 271 2127
406 7478 240 2137
441 7922 240 2169
431 7564 248 2154
474 8410 275 2118
401 7000 234 2152
471 8065 264 2172
425 7119 266 2153
469 8470 239 2136
397 6939 266 2139
428 7596 277 2132
433 7733 273 2146
416 7551 254 2124
429 7843 275 2179
450 7884 242 2170
476 8570 277 2132
435 7799 238 2127
435 7597 268 2126
368 6522 235 2106
444 7521 253 2134
411 7133 254 2184
386 6874 246 2143
435 7789 232 2125
475 8332 256 2142
438 7929 248 2114
451 8265 290 2181
409 7313 250 2131
405 7131 248 2154
428 7673 280 2140
474 8445 261 2131
413 7654 264 2153
455 8093 280 2167
431 7887 255 2130
462 8246 273 2140
452 7837 264 2161
407 7150 237 2105
415 6936 234 2143
385 6691 271 2136
386 6891 240 2125
424 7511 278 2172
419 7465 254 2167
415 7202 252 2128
485 8736 254 2179
402 7077 248 2143
429 7386 248 2123
439 8043 262 2176
423 7414 253 2129
359 6475 264 2142
365 6466 259 2133
426 7612 229 2121
479 8731 250 2120
372 6586 259 2136
434 8013 259 2156
454 7931 286 2128
398 7094 268 2150
413 7478 277 2186
416 7149 246 2156
388 6809 280 2170
404 6843 270 2147
439 7794 251 2131
489 8721 241 2132
441 7517 253 2148
404 7214 264 2146
462 7929 240 2116
468 7807 272 2160
470 8006 237 2151
457 7690 270 2140
372 6668 271 2129
407 6753 281 2126
429 7293 254 2147
469 8307 245 2150
486 8493 259 2104
352 6216 247 2126
466 8106 259 2186
387 6736 261 2143
406 7211 258 2125
452 8007 251 2144
379 6837 257 2155
448 8067 270 2134
470 8120 249 2151
379 6790 248 2115
433 7563 272 2106
417 7183 278 2130
479 7893 252 2134
436 7480 274 2164
465 8334 265 2153
452 7871 240 2132
432 7883 295 2134
482 8393 306 2146
424 7311 249 2127
432 7786 278 2142
373 6691 246 2118
391 6767 239 2121
474 7898 267 2188
440 8056 286 2180
424 7683 253 2144
440 7430 251 2149
474 8475 259 2133
424 7267 257 2126
463 8087 268 2144
488 8577 265 2155
375 6635 266 2133
411 6963 247 2152
450 7899 262 2147
413 7362 256 2129
417 7201 236 2138
361 6380 262 2109
389 6963 248 2141
479 7981 268 2203
