65847 3061.3
309 5760 247 2128
314 5868 244 2100
312 5638 238 2137
346 5951 233 2133
327 5631 238 2126
318 5748 247 2089
322 5687 247 2095
333 6131 238 2100
317 5776 235 2153
333 5772 243 2092
350 6206 231 2146
322 5849 238 2119
321 5676 242 2109
330 5910 235 2134
312 5642 246 2121
353 6517 244 2085
315 5576 240 2147
349 6093 235 2118
331 5983 244 2086
331 5832 238 2114
315 5653 242 2123
368 6524 232 2124
321 5778 244 2095
313 5743 251 2112
327 5866 236 2138
358 6268 235 2113
327 5642 254 2104
320 5653 247 2108
319 5826 238 2129
345 6472 237 2109
312 5593 244 2132
329 6148 238 2109
340 6168 232 2150
335 5977 238 2110
328 5879 242 2102
362 6517 231 2139
338 6041 233 2142
353 6055 238 2102
318 5716 244 2105
335 5908 247 2086
362 6632 238 2095
343 6144 243 2090
347 6252 235 2116
342 6351 238 2099
369 6458 234 2117
321 5738 247 2089
352 6467 234 2125
345 6129 242 2097
321 5648 242 2117
329 5841 244 2091
333 6056 236 2130
357 6481 240 2096
341 6219 236 2125
324 5978 236 2147
337 6136 235 2130
335 5944 244 2086
336 6069 234 2142
327 5795 242 2106
374 6827 230 2156
387 6900 261 2080
374 6827 230 2156
315 5494 244 2120
302 5548 255 2160
438 7794 304 2240
436 7953 308 2185
451 7860 288 2194
435 8036 353 2220
502 9182 302 2231
469 8246 278 2177
464 8307 325 2208
473 8343 301 2199
419 7852 288 2149
467 8218 289 2213
419 7541 291 2211
413 7434 257 2182
428 7892 280 2231
475 8497 284 2262
486 8903 292 2206
434 7936 327 2178
456 8326 320 2179
479 8550 352 2254
479 8426 348 2226
481 8465 291 2199
430 7559 335 2231
472 8603 279 2231
404 7168 274 2191
413 7468 318 2226
456 8262 242 2213
443 7743 284 2164
456 7963 292 2198
490 8199 274 2206
459 7837 371 2211
438 7723 306 2205
471 8499 284 2175
440 8027 276 2134
460 8250 293 2211
499 8944 337 2262
419 7222 277 2176
465 8395 334 2185
423 7672 284 2190
487 8476 333 2236
420 7671 339 2233
495 8806 280 2236
497 8783 303 2232
465 8392 288 2203
452 8436 298 2262
476 8722 326 2202
469 8528 295 2216
529 9662 280 2180
455 8059 266 2239
492 8574 336 2198
426 7165 316 2217
495 8542 316 2197
477 8472 306 2225
527 9295 308 2207
506 9163 302 2237
445 8182 310 2221
450 7992 283 2233
534 9801 380 2237
433 7783 315 2238
501 8707 320 2249
404 7260 272 2203
509 9304 345 2211
528 9732 319 2243
406 7215 253 2219
446 7971 278 2176
437 7924 312 2167
457 7859 311 2232
459 8123 304 2204
435 7773 336 2216
491 8637 301 2199
533 9530 301 2228
412 7578 298 2208
447 8156 302 2236
434 7761 321 2236
458 8168 316 2200
416 7591 325 2256
410 7296 255 2204
595 10462 317 2218
471 8577 370 2211
445 7698 260 2181
480 8387 273 2220
418 7641 306 2206
417 7480 296 2208
475 8543 267 2201
413 7309 313 2200
425 7748 291 2172
484 8500 274 2213
432 7726 275 2231
481 8606 370 2206
456 8064 274 2234
474 8452 290 2214
466 8206 290 2190
505 9217 291 2212
446 8176 267 2202
473 8552 286 2201
422 7488 286 2191
439 7742 304 2215
430 7887 305 2230
437 8041 291 2209
422 7724 283 2234
516 9573 344 2228
495 9029 320 2210
452 8166 305 2253
438 7997 337 2185
398 7311 312 2154
482 8832 280 2195
448 8147 349 2233
479 8633 330 2188
492 8663 339 2254
469 8388 353 2203
415 7452 309 2190
500 8914 277 2240
417 7576 269 2202
472 8684 263 2232
453 8002 268 2215
500 8748 313 2254
486 8744 284 2191
475 8584 316 2230
488 9187 313 2176
446 8316 267 2198
471 8499 323 2242
420 7688 286 2194
456 8367 272 2166
428 7689 349 2245
467 8600 306 2273
476 8880 340 2229
485 8926 308 2199
506 9067 283 2209
478 8513 299 2219
462 8549 287 2197
452 8316 351 2187
476 8345 309 2253
441 7904 270 2242
445 7832 291 2229
485 8513 279 2225
447 7888 282 2176
432 7930 281 2224
501 8868 331 2239
431 8060 291 2242
460 8222 274 2180
472 8398 312 2239
405 7281 289 2173
488 8538 320 2197
433 8034 297 2192
473 8277 267 2246
484 8794 303 2233
462 8413 293 2195
513 9270 301 2257
461 8042 270 2182
430 7634 267 2227
438 7878 266 2218
447 8088 296 2199
480 8347 312 2236
441 8120 294 2218
457 8061 272 2208
385 6981 262 2174
462 8399 285 2173
461 8408 321 2200
481 8612 306 2237
500 9063 314 2256
489 8862 287 2194
486 8647 274 2245
478 8393 283 2159
520 9092 356 2226
439 8129 263 2177
499 8916 328 2182
437 7878 290 2222
430 8088 288 2221
491 8702 326 2274
398 7023 304 2219
452 7877 308 2208
449 7929 288 2270
406 7548 276 2258
459 8490 279 2205
544 9785 282 2265
451 8481 345 2197
477 8814 287 2218
416 7825 261 2143
435 8183 283 2191
472 8749 297 2221
496 8955 296 2154
474 8652 310 2219
528 9815 302 2223
515 8907 303 2287
438 7596 291 2284
456 8104 288 2199
482 8942 331 2218
439 7865 356 2200
500 9176 363 2238
492 8953 317 2225
426 7447 264 2163
493 8805 352 2235
522 9301 297 2235
458 8514 321 2214
452 8310 330 2220
461 8160 328 2241
458 8142 297 2265
443 8188 286 2193
430 7525 274 2206
482 8598 256 2212
431 7705 288 2189
441 7509 337 2208
460 8339 318 2201
438 7643 293 2221
465 8525 305 2208
525 9629 313 2219
414 7654 291 2187
452 7975 304 2210
436 7889 302 2227
470 8655 263 2228
539 9618 348 2255
522 9420 314 2202
452 8039 310 2221
506 9281 302 2230
446 7675 307 2225
458 8337 278 2224
453 8208 300 2171
463 8131 313 2177
449 8306 272 2201
481 8200 303 2178
513 8853 314 2169
470 8152 290 2212
444 7954 298 2246
404 7377 284 2197
481 8322 287 2185
434 8152 272 2192
448 8257 301 2229
484 8880 308 2199
388 6920 267 2266
436 7873 352 2227
483 8522 315 2219
447 8145 308 2193
487 8165 314 2220
472 8526 289 2199
416 7818 272 2171
418 7450 275 2174
445 8198 309 2261
406 7346 318 2265
429 7791 272 2213
