78958 3541.17
301 5261 229 2063
299 5214 229 2071
308 5172 225 2071
324 5495 229 2054
340 5886 226 2053
321 5479 226 2056
339 6076 214 2076
310 5269 224 2065
306 5267 227 2061
321 5394 217 2082
309 5353 222 2078
314 5452 237 2054
302 5226 225 2073
312 5367 229 2057
323 5549 224 2062
305 5316 229 2060
325 5611 218 2075
339 5813 237 2051
308 5355 237 2056
305 5226 229 2065
320 5616 237 2052
311 5323 237 2056
331 5830 219 2068
323 5615 222 2069
325 5545 237 2052
335 5814 218 2070
349 6019 236 2050
320 5533 222 2073
354 6199 236 2049
355 6025 217 2070
309 5216 229 2067
309 5377 227 2059
325 5693 216 2083
319 5645 219 2079
307 5267 224 2069
333 5916 224 2061
305 5267 226 2065
304 5236 227 2067
313 5422 226 2060
349 5984 219 2065
347 6057 218 2067
325 5570 218 2078
356 6164 234 2050
326 5727 221 2070
342 5772 219 2068
312 5400 227 2058
330 5904 217 2077
341 5920 216 2078
309 5294 226 2063
309 5167 224 2081
344 5763 217 2077
306 5239 224 2076
345 6081 219 2065
359 6164 224 2059
322 5639 218 2078
320 5514 235 2054
313 5426 223 2077
366 6286 247 2044
374 6459 212 2085
366 6286 247 2044
374 6459 212 2085
302 5157 229 2075
298 5238 229 2082
402 7204 278 2216
467 8188 275 2224
412 7419 332 2193
479 8519 263 2218
519 9164 290 2282
455 7959 274 2181
454 7896 294 2168
448 7639 285 2234
473 8284 312 2226
519 8985 287 2240
478 8170 282 2202
484 8150 291 2226
428 7511 284 2247
545 9718 275 2209
468 7782 273 2200
476 8141 304 2182
420 7278 265 2200
402 7095 296 2187
470 8660 272 2243
441 7690 306 2218
436 7444 281 2177
485 8454 275 2164
434 7874 288 2163
448 7826 321 2198
423 7779 264 2206
476 8456 279 2210
454 8161 290 2237
381 6702 252 2187
501 8530 292 2211
459 8165 294 2194
453 7851 290 2242
454 7970 256 2191
509 8691 279 2217
453 7800 280 2255
498 8687 297 2251
428 7728 288 2163
484 8567 304 2217
487 8640 303 2242
440 7865 278 2221
422 7433 317 2233
472 8230 261 2154
458 7732 287 2241
510 8478 303 2224
467 8006 275 2200
443 7845 275 2198
468 8283 272 2220
445 7557 250 2218
500 8770 305 2257
462 8145 284 2253
443 7647 264 2206
455 8458 317 2218
458 8031 273 2172
477 8356 288 2248
497 8428 279 2200
455 8035 257 2209
454 8169 276 2220
539 8836 301 2200
443 7671 289 2211
454 8168 258 2199
465 7763 307 2175
441 7832 262 2179
496 8746 332 2263
396 7149 281 2220
507 8812 294 2253
511 9336 316 2201
409 7437 257 2207
507 9278 318 2269
442 7781 275 2204
409 7111 258 2223
512 8824 307 2252
524 9268 270 2224
491 8735 303 2226
504 8724 275 2203
444 7716 262 2215
471 8351 300 2181
455 7958 289 2176
511 9187 332 2187
483 8660 280 2233
453 7615 268 2141
476 8226 258 2185
497 8422 299 2214
410 7144 291 2185
455 7736 263 2214
485 8258 289 2230
469 8345 343 2210
481 8569 266 2197
462 7810 289 2199
426 7564 283 2169
450 7968 265 2158
470 8158 274 2196
495 8750 349 2261
483 7903 266 2223
470 8048 267 2211
517 8883 293 2234
447 7899 293 2248
525 8830 260 2235
433 7830 318 2190
504 8953 258 2273
443 7615 289 2210
524 9335 277 2191
554 9252 289 2188
473 8643 343 2229
438 7873 287 2183
451 8128 275 2223
418 7322 276 2184
479 8555 288 2237
538 9598 275 2135
458 8068 301 2248
405 6932 288 2202
496 8863 302 2203
457 8014 270 2257
459 8174 307 2173
429 7648 264 2200
524 9289 309 2215
461 8012 275 2228
479 7777 280 2240
426 7694 305 2235
494 8657 256 2219
462 7925 280 2183
482 8226 277 2212
417 7523 254 2226
462 8041 310 2223
417 7427 315 2213
422 7473 300 2182
440 7861 284 2186
453 8312 276 2185
485 8425 273 2191
524 9624 293 2217
489 8550 280 2190
473 7979 271 2200
514 8882 310 2216
436 7948 317 2196
492 8505 274 2189
430 7530 284 2167
523 9040 272 2250
516 9463 284 2158
411 7306 250 2247
465 8418 279 2248
477 8210 291 2224
518 9148 272 2255
533 8887 299 2201
549 9616 256 2206
454 8058 312 2235
452 8142 263 2154
418 7394 274 2179
451 7730 330 2217
442 7941 280 2218
414 7510 268 2223
543 9531 300 2240
466 8472 305 2166
407 7101 300 2230
487 8581 275 2204
504 8884 311 2217
482 8141 276 2202
387 6593 271 2215
469 8138 287 2205
510 8649 294 2236
463 7753 271 2201
472 8174 270 2190
450 7481 278 2183
409 7382 267 2198
438 7243 295 2244
503 8695 288 2245
468 8331 254 2202
455 8038 294 2159
495 8548 254 2183
480 7975 260 2261
497 8910 283 2182
443 7917 288 2194
438 7805 268 2267
470 8262 300 2187
473 8460 303 2208
509 9063 279 2206
454 8237 291 2185
520 9129 272 2209
429 7723 288 2220
434 7623 303 2228
487 8500 302 2281
418 7660 267 2205
477 8046 299 2247
503 8605 272 2262
492 8615 287 2237
499 8577 270 2180
508 9232 304 2214
419 7577 297 2148
484 8811 247 2200
417 7498 250 2178
461 8002 307 2236
441 7725 266 2188
452 7540 270 2193
488 8583 290 2202
474 7830 280 2208
444 8087 279 2169
455 8296 275 2226
461 7817 288 2221
535 9277 298 2239
496 8868 280 2242
452 7994 329 2223
411 7347 276 2157
430 7684 286 2197
434 7869 268 2204
453 7837 294 2174
458 7948 246 2230
424 7514 283 2188
433 7629 275 2194
531 9411 277 2194
452 7904 277 2199
485 8377 283 2208
508 8574 288 2202
435 8008 271 2203
453 7532 281 2209
429 7562 314 2166
440 7845 293 2152
487 8864 323 2226
491 8711 307 2243
448 8348 274 2201
435 7752 255 2156
463 8276 276 2225
493 8890 289 2206
501 8954 276 2192
467 8213 311 2201
481 8878 279 2220
475 8216 291 2247
484 8528 258 2191
514 8720 335 2224
438 7522 316 2234
442 7864 344 2204
456 7977 260 2189
493 8486 267 2157
484 8520 296 2216
497 8542 291 2240
469 8484 274 2188
409 7067 261 2176
456 7911 263 2207
485 8752 281 2213
390 6901 263 2162
483 8517 252 2196
