196538 1590.26
343 6160 274 2125
443 8172 225 2151
387 7099 277 2058
481 8313 238 2063
360 6061 264 2076
345 6456 273 2215
415 7238 270 2030
343 6160 274 2125
450 7590 240 2042
357 6358 258 2191
433 7899 226 2151
345 6456 273 2215
417 7575 244 2054
405 7498 237 2107
373 6725 241 2116
432 7730 269 2049
373 6618 231 2159
443 8172 225 2151
373 6725 241 2116
373 6618 231 2159
447 7892 261 2051
369 6602 231 2169
396 7060 234 2130
414 7307 253 2065
382 6496 245 2145
415 7476 234 2065
368 6996 261 2089
365 6474 266 2070
411 7155 265 2075
343 6160 274 2125
401 6946 240 2103
384 6814 245 2098
375 6498 255 2082
360 6061 264 2076
362 6255 249 2102
411 7264 247 2078
425 7172 240 2067
382 6496 245 2145
450 7590 240 2042
353 6432 251 2123
433 7899 226 2151
448 7727 228 2101
396 7066 268 2058
417 7575 244 2054
345 6456 273 2215
415 7238 270 2030
409 7257 228 2179
415 7238 270 2030
345 6456 273 2215
365 6474 266 2070
354 6192 260 2137
417 7575 244 2054
481 8313 238 2063
384 6814 245 2098
432 7730 269 2049
414 7307 253 2065
360 6061 264 2076
408 7546 254 2059
430 7295 227 2106
384 6814 245 2098
392 7132 230 2127
375 6498 255 2082
369 6602 231 2169
354 6192 260 2137
387 7214 235 2149
425 7172 240 2067
358 6543 251 2111
358 6543 251 2111
353 6432 251 2123
343 6160 274 2125
393 6793 235 2110
447 7892 261 2051
396 7066 268 2058
425 7172 240 2067
409 7257 228 2179
357 6358 258 2191
343 6160 274 2125
408 7546 254 2059
354 6192 260 2137
414 7307 253 2065
357 6358 258 2191
345 6456 273 2215
354 6192 260 2137
450 7590 240 2042
367 6434 250 2091
417 7575 244 2054
343 6160 274 2125
345 6456 273 2215
368 6996 261 2089
392 7132 230 2127
411 7155 265 2075
393 6793 235 2110
448 7727 228 2101
414 7307 253 2065
354 6192 260 2137
392 7132 230 2127
447 7892 261 2051
367 6434 250 2091
401 6946 240 2103
396 7060 234 2130
387 7214 235 2149
411 7264 247 2078
373 6725 241 2116
395 7229 240 2087
375 6498 255 2082
387 7138 246 2091
359 6560 266 2110
448 7727 228 2101
395 7229 240 2087
409 7257 228 2179
433 7899 226 2151
401 6946 240 2103
395 7229 240 2087
375 6498 255 2082
387 7099 277 2058
345 6456 273 2215
405 7498 237 2107
367 6434 250 2091
375 6498 255 2082
382 6496 245 2145
343 6160 274 2125
430 7295 227 2106
414 7307 253 2065
395 7229 240 2087
392 7132 230 2127
433 7899 226 2151
430 7295 227 2106
375 6498 255 2082
367 6434 250 2091
447 7892 261 2051
443 8172 225 2151
353 6432 251 2123
345 6456 273 2215
345 6456 273 2215
393 6793 235 2110
450 7590 240 2042
395 7229 240 2087
362 6255 249 2102
354 6192 260 2137
358 6543 251 2111
367 6434 250 2091
367 6434 250 2091
387 7214 235 2149
343 6160 274 2125
396 7060 234 2130
368 6996 261 2089
368 6996 261 2089
357 6358 258 2191
409 7257 228 2179
367 6434 250 2091
345 6456 273 2215
415 7238 270 2030
368 6996 261 2089
425 7172 240 2067
359 6560 266 2110
447 7892 261 2051
392 7132 230 2127
362 6255 249 2102
447 7892 261 2051
433 7899 226 2151
369 6602 231 2169
358 6543 251 2111
432 7730 269 2049
395 7229 240 2087
401 6946 240 2103
409 7257 228 2179
430 7295 227 2106
345 6456 273 2215
447 7892 261 2051
357 6358 258 2191
375 6498 255 2082
392 7132 230 2127
382 6496 245 2145
354 6192 260 2137
359 6560 266 2110
481 8313 238 2063
395 7229 240 2087
343 6160 274 2125
448 7727 228 2101
358 6543 251 2111
345 6456 273 2215
425 7172 240 2067
359 6560 266 2110
481 8313 238 2063
360 6061 264 2076
396 7066 268 2058
395 7229 240 2087
411 7264 247 2078
354 6192 260 2137
448 7727 228 2101
432 7730 269 2049
368 6996 261 2089
425 7172 240 2067
415 7476 234 2065
357 6358 258 2191
392 7132 230 2127
393 6793 235 2110
360 6061 264 2076
375 6498 255 2082
354 6192 260 2137
368 6996 261 2089
373 6618 231 2159
373 6725 241 2116
343 6160 274 2125
357 6358 258 2191
343 6160 274 2125
447 7892 261 2051
343 6160 274 2125
375 6498 255 2082
345 6456 273 2215
367 6434 250 2091
357 6358 258 2191
343 6160 274 2125
384 6814 245 2098
443 8172 225 2151
358 6543 251 2111
358 6543 251 2111
415 7238 270 2030
415 7549 227 2175
425 7172 240 2067
359 6560 266 2110
387 7099 277 2058
343 6160 274 2125
357 6358 258 2191
343 6160 274 2125
354 6192 260 2137
358 6543 251 2111
343 6160 274 2125
367 6434 250 2091
417 7575 244 2054
396 7060 234 2130
450 7590 240 2042
415 7238 270 2030
414 7307 253 2065
362 6255 249 2102
359 6560 266 2110
362 6255 249 2102
433 7899 226 2151
409 7257 228 2179
358 6543 251 2111
425 7172 240 2067
395 7229 240 2087
409 7257 228 2179
353 6432 251 2123
396 7060 234 2130
359 6560 266 2110
448 7727 228 2101
433 7899 226 2151
401 6946 240 2103
405 7498 237 2107
373 6725 241 2116
411 7264 247 2078
387 7214 235 2149
430 7295 227 2106
392 7132 230 2127
447 7892 261 2051
430 7295 227 2106
375 6498 255 2082
443 8172 225 2151
353 6432 251 2123
393 6793 235 2110
450 7590 240 2042
395 7229 240 2087
409 7257 228 2179
481 8313 238 2063
373 6725 241 2116
387 7138 246 2091
357 6358 258 2191
343 6160 274 2125
447 7892 261 2051
365 6474 266 2070
375 6498 255 2082
415 7238 270 2030
368 6996 261 2089
343 6160 274 2125
384 6814 245 2098
415 7238 270 2030
358 6543 251 2111
417 7575 244 2054
396 7066 268 2058
425 7172 240 2067
448 7727 228 2101
375 6498 255 2082
382 6496 245 2145
354 6192 260 2137
481 8313 238 2063
343 6160 274 2125
448 7727 228 2101
358 6543 251 2111
345 6456 273 2215
359 6560 266 2110
481 8313 238 2063
450 7590 240 2042
384 6814 245 2098
408 7546 254 2059
448 7727 228 2101
360 6061 264 2076
415 7476 234 2065
392 7132 230 2127
393 6793 235 2110
