76060 3061.08
246 3957 214 1937
254 4109 201 1957
254 4109 201 1957
280 4234 228 1873
263 4396 203 1951
275 4266 232 1871
242 3990 222 1915
268 4318 228 1873
280 4234 228 1873
263 4396 203 1951
275 4235 228 1873
249 4035 204 1942
268 4158 224 1880
270 4267 232 1871
256 4083 220 1885
242 4009 217 1920
243 3985 231 1912
263 4396 203 1951
244 3975 220 1923
267 4284 206 1921
263 4244 203 1953
255 4118 223 1882
250 4050 208 1927
242 4009 217 1920
270 4263 232 1873
260 4201 227 1879
242 3965 211 1927
245 3998 209 1914
243 3985 222 1915
252 4168 208 1925
243 3985 222 1915
263 4312 204 1933
244 3997 211 1906
263 4312 204 1933
270 4267 232 1871
256 4108 225 1881
263 4244 203 1953
254 4109 201 1957
253 4022 212 1903
264 4187 225 1876
267 4284 206 1921
246 3957 214 1937
255 4118 223 1882
247 3963 220 1929
258 4196 232 1878
249 4027 208 1938
268 4318 228 1873
262 4186 205 1922
244 4003 215 1895
267 4160 224 1880
253 4019 215 1894
254 4067 216 1891
244 3997 211 1906
263 4396 203 1951
265 4179 225 1876
261 4189 204 1934
260 4206 232 1874
258 4213 232 1874
255 4108 223 1883
254 4102 204 1939
251 4057 220 1889
258 4213 232 1874
253 4071 224 1888
245 3992 210 1912
244 3997 210 1908
253 4075 216 1891
255 4118 223 1882
243 3985 231 1912
258 4208 227 1879
252 4168 208 1925
265 4179 225 1876
243 3981 216 1921
244 4003 215 1895
267 4284 206 1921
250 4050 208 1927
262 4186 205 1922
253 4022 212 1903
252 4030 214 1898
253 4089 220 1885
254 4067 216 1891
251 4080 225 1888
250 3979 216 1921
252 4170 208 1919
244 4001 209 1916
258 4213 232 1874
253 4022 212 1903
260 4018 205 1937
244 3997 210 1908
244 3975 220 1923
249 4041 205 1929
253 4071 224 1888
249 4076 220 1889
244 4015 209 1914
280 4234 228 1873
252 4030 214 1898
267 4172 224 1879
245 3992 210 1912
269 4170 224 1879
244 3982 214 1901
267 4160 224 1880
254 4102 204 1939
253 4089 220 1885
247 3963 220 1929
264 4187 225 1876
246 3962 214 1931
260 4016 208 1935
255 4017 208 1935
264 4187 225 1876
245 3998 209 1914
264 4187 225 1876
261 4200 232 1876
269 4170 224 1879
244 3982 214 1901
267 4172 224 1879
252 4023 212 1903
246 3959 220 1935
258 4202 232 1876
245 3998 209 1914
252 4030 214 1898
253 4074 224 1886
255 4108 223 1883
260 4018 205 1937
244 3997 210 1908
246 3964 220 1929
275 4266 232 1871
253 4021 215 1892
258 4196 232 1878
253 4071 224 1888
252 4028 214 1900
263 4181 205 1922
254 4067 216 1891
244 3975 220 1923
255 4031 205 1926
249 4041 205 1929
249 4026 205 1941
255 4021 205 1932
249 4038 204 1940
249 4036 205 1935
261 4189 204 1934
267 4172 224 1879
258 4196 232 1878
255 4029 208 1924
242 3965 211 1927
252 4028 214 1900
247 3961 214 1931
249 4027 208 1938
255 4019 208 1930
249 4026 205 1941
253 4021 215 1892
255 4031 205 1926
244 3982 214 1901
260 4201 227 1879
249 4035 204 1942
244 4015 209 1914
267 4284 206 1921
262 4186 205 1922
255 4021 205 1932
249 4038 204 1940
256 4083 220 1885
253 4019 215 1894
254 4102 204 1939
252 4170 208 1919
247 3961 214 1931
256 4108 225 1881
263 4312 204 1933
255 4019 208 1930
258 4213 232 1874
252 4168 208 1925
253 4074 224 1886
246 3957 214 1937
244 4001 209 1916
251 4057 220 1889
255 4029 208 1924
245 3992 210 1912
258 4055 220 1889
258 4202 232 1876
258 4196 232 1878
260 4206 232 1874
261 4200 232 1876
252 4023 212 1903
251 4080 225 1888
244 4001 209 1916
256 4083 220 1885
270 4263 232 1873
253 4074 224 1886
275 4266 232 1871
249 4038 204 1940
243 3981 216 1921
268 4158 224 1880
251 4057 220 1889
267 4172 224 1879
255 4019 208 1930
245 3992 210 1912
246 3959 220 1935
246 3957 210 1939
258 4208 227 1879
258 4055 220 1889
250 3979 216 1921
260 4206 232 1874
244 4001 209 1916
269 4170 224 1879
242 3990 231 1912
255 4029 208 1924
260 4018 205 1937
249 3960 210 1935
253 4075 216 1891
246 3962 214 1931
246 3964 220 1929
255 4017 208 1935
244 4015 209 1914
263 4180 205 1924
263 4180 205 1924
249 3960 210 1935
249 4036 205 1935
263 4181 205 1922
249 4027 208 1938
247 3961 214 1931
260 4016 208 1935
247 3963 220 1929
246 3964 220 1929
275 4235 228 1873
252 4028 214 1900
249 4076 220 1889
261 4200 232 1876
246 3964 220 1929
243 3985 222 1915
275 4235 228 1873
267 4284 206 1921
260 4206 232 1874
275 4235 228 1873
246 3957 214 1937
245 3992 210 1912
254 4067 216 1891
252 4030 214 1898
263 4181 205 1922
244 4015 209 1914
258 4202 232 1876
242 4009 217 1920
263 4396 203 1951
244 4015 209 1914
250 4050 208 1927
280 4234 228 1873
261 4189 204 1934
254 4109 201 1957
270 4263 232 1873
244 3982 214 1901
246 3957 214 1937
258 4202 232 1876
263 4396 203 1951
246 3964 220 1929
254 4109 201 1957
246 3957 214 1937
256 4108 225 1881
250 4050 208 1927
258 4196 232 1878
246 3964 220 1929
252 4028 214 1900
243 3981 216 1921
264 4187 225 1876
268 4318 228 1873
270 4263 232 1873
255 4108 223 1883
244 3997 210 1908
246 3962 214 1931
260 4206 232 1874
253 4089 220 1885
242 3965 211 1927
255 4029 208 1924
256 4083 220 1885
246 3962 214 1931
261 4200 232 1876
249 4038 204 1940
249 4076 220 1889
247 3961 214 1931
265 4179 225 1876
260 4201 227 1879
267 4160 224 1880
252 4030 214 1898
244 3997 210 1908
255 4118 223 1882
255 4021 205 1932
252 4168 208 1925
251 4080 225 1888
253 4071 224 1888
261 4189 204 1934
269 4170 224 1879
249 4036 205 1935
255 4031 205 1926
250 4050 208 1927
275 4266 232 1871
242 3990 222 1915
270 4263 232 1873
251 4080 225 1888
260 4016 208 1935
263 4396 203 1951
254 4067 216 1891
263 4312 204 1933
268 4318 228 1873
265 4179 225 1876
252 4030 214 1898
