33105 1800.03
355 6083 205 1910
342 5500 239 1854
336 5754 205 1951
335 5956 207 1980
329 5656 239 1853
261 4356 216 1880
301 5211 208 1902
335 5956 207 1980
286 5088 208 1911
336 5754 205 1951
335 5603 236 1854
355 6083 205 1910
301 5211 208 1902
287 4536 230 1855
342 5500 239 1854
289 4524 228 1858
284 4887 209 1896
277 4712 210 1889
338 5609 236 1853
286 5088 208 1911
285 4862 209 1895
329 5656 239 1853
264 4477 221 1872
277 4712 210 1889
271 4526 212 1883
275 4484 224 1866
265 4459 218 1875
263 4363 218 1878
267 4499 227 1864
265 4442 214 1885
263 4452 230 1863
269 4472 216 1877
275 4595 211 1887
272 4562 215 1877
261 4393 220 1875
275 4446 225 1863
285 4862 209 1895
277 4402 220 1869
278 4470 224 1866
264 4448 215 1882
264 4477 221 1872
286 4559 228 1860
284 4887 209 1896
286 4623 228 1858
262 4397 225 1869
282 4562 230 1857
287 4499 227 1861
275 4595 211 1887
270 4445 212 1885
279 4477 230 1860
265 4442 214 1885
264 4456 220 1874
289 4524 228 1858
282 4562 230 1857
274 4411 225 1866
267 4499 227 1864
338 5609 236 1853
266 4386 220 1872
284 4493 230 1857
274 4575 230 1858
263 4363 218 1878
270 4448 215 1879
266 4386 220 1872
271 4526 212 1883
268 4472 215 1879
265 4436 220 1869
286 4594 230 1855
278 4470 224 1866
276 4506 230 1858
275 4421 220 1869
270 4445 212 1885
268 4485 216 1877
263 4443 225 1866
286 4623 228 1858
277 4459 224 1868
274 4499 230 1860
265 4459 215 1880
277 4459 224 1868
277 4402 220 1869
262 4397 225 1869
263 4452 230 1863
261 4393 220 1875
287 4487 230 1857
276 4480 230 1860
268 4485 216 1877
266 4478 230 1861
279 4477 230 1860
269 4472 216 1877
287 4489 228 1860
274 4575 230 1858
287 4487 230 1857
275 4421 220 1869
266 4478 230 1861
264 4448 215 1882
287 4536 228 1858
274 4572 227 1861
274 4514 225 1863
274 4411 225 1866
261 4356 216 1880
335 5603 236 1854
284 4493 230 1857
277 4500 227 1861
265 4436 220 1869
275 4510 230 1858
275 4510 227 1861
274 4514 225 1863
286 4559 228 1860
274 4572 227 1861
265 4459 215 1880
287 4489 228 1860
276 4480 230 1860
275 4482 230 1860
275 4482 230 1860
263 4443 225 1866
286 4594 230 1855
277 4500 227 1861
275 4484 224 1866
275 4446 225 1863
355 6083 205 1910
355 6083 205 1910
355 6083 205 1910
355 6083 205 1910
355 6083 205 1910
355 6083 205 1910
355 6083 205 1910
355 6083 205 1910
355 6083 205 1910
355 6083 205 1910
355 6083 205 1910
355 6083 205 1910
355 6083 205 1910
355 6083 205 1910
342 5500 239 1854
342 5500 239 1854
342 5500 239 1854
342 5500 239 1854
342 5500 239 1854
342 5500 239 1854
342 5500 239 1854
342 5500 239 1854
342 5500 239 1854
342 5500 239 1854
342 5500 239 1854
342 5500 239 1854
342 5500 239 1854
342 5500 239 1854
338 5609 236 1853
338 5609 236 1853
338 5609 236 1853
265 4436 220 1869
265 4436 220 1869
348 5514 228 1858
336 5597 224 1868
326 5027 230 1855
285 4656 224 1874
281 4737 218 1878
285 4718 220 1869
310 5098 225 1863
326 5377 228 1860
298 4903 218 1875
303 4745 227 1861
295 4735 230 1860
320 4987 230 1857
304 4958 225 1866
297 5038 227 1867
308 4931 230 1858
363 5950 230 1855
333 5865 219 1878
308 4890 236 1863
288 4807 225 1869
345 5572 228 1860
333 5241 232 1858
307 4892 224 1872
302 4914 236 1861
309 5029 220 1869
323 5324 225 1864
320 4997 228 1867
318 5140 227 1861
328 5336 230 1857
305 5210 220 1872
306 4902 230 1860
318 5369 225 1863
315 5111 225 1866
321 5147 225 1865
314 5122 225 1866
321 5349 225 1863
308 5197 220 1869
383 6188 230 1855
315 5210 220 1869
312 4983 224 1874
299 5141 227 1870
343 5405 225 1865
319 5508 227 1867
310 5334 221 1871
333 5122 228 1872
334 5378 230 1857
340 5341 230 1860
312 5259 230 1861
326 5246 227 1861
336 5485 225 1863
318 5307 225 1868
313 5131 225 1872
322 5450 225 1866
313 5142 230 1863
327 5320 225 1866
315 5190 225 1869
324 5321 227 1863
349 5514 230 1857
347 5701 230 1857
343 5762 225 1864
324 5539 220 1872
321 5225 227 1870
308 5239 227 1885
317 5285 224 1872
329 5254 225 1875
325 5267 221 1872
331 5317 227 1861
347 5650 225 1863
319 5705 230 1861
329 5280 228 1866
330 5351 227 1867
322 5442 230 1862
344 5577 230 1860
347 5753 220 1869
315 5307 227 1870
325 5533 225 1866
344 5674 225 1863
326 5526 227 1862
323 5519 230 1861
382 5989 228 1862
368 6228 220 1871
350 5740 230 1857
335 5652 220 1873
335 5301 228 1872
317 5399 235 1885
319 5302 227 1876
362 5995 225 1863
356 6173 227 1861
336 5975 224 1872
352 5739 232 1859
345 5954 230 1861
343 5500 232 1862
338 5569 225 1868
352 5540 230 1860
335 5607 225 1866
326 5307 228 1870
327 5505 230 1863
331 5692 227 1864
321 5331 227 1873
337 5416 228 1864
385 6297 225 1863
357 5753 230 1857
342 5515 245 1870
336 5677 220 1875
330 5350 229 1875
325 5478 232 1876
342 5969 225 1866
331 5829 232 1870
356 5460 237 1864
331 5365 236 1871
352 5948 230 1861
355 5739 227 1867
353 6258 227 1864
353 5772 230 1858
354 5937 227 1865
347 5669 227 1873
344 5436 228 1872
330 5640 230 1872
339 5581 228 1864
342 5570 231 1873
341 5469 228 1874
347 5545 228 1864
338 5670 228 1872
341 5571 230 1866
369 6114 230 1858
362 6172 225 1867
338 5655 248 1877
333 5604 230 1880
331 5487 232 1880
346 5716 240 1874
352 5653 236 1869
345 5916 228 1864
354 5666 232 1873
365 5985 225 1866
357 5838 237 1865
367 5968 230 1861
350 5752 229 1867
358 5811 228 1864
361 5813 228 1866
355 6017 241 1864
335 5640 243 1880
350 5818 240 1877
352 5792 236 1871
358 5819 231 1865
354 5755 231 1868
371 6114 231 1865
354 5860 231 1871
391 6298 238 1871
383 6544 235 1886
367 6373 237 1871
355 6083 205 1910
342 5500 239 1854
336 5754 205 1951
335 5956 207 1980
329 5656 239 1853
261 4356 216 1880
301 5211 208 1902
335 5956 207 1980
286 5088 208 1911
336 5754 205 1951
335 5603 236 1854
355 6083 205 1910
301 5211 208 1902
342 5500 239 1854
289 4524 228 1858
288 4523 230 1857
284 4887 209 1896
277 4712 210 1889
338 5609 236 1853
286 5088 208 1911
285 4862 209 1895
277 4407 220 1869
275 4484 224 1866
278 4470 224 1866
270 4445 212 1885
277 4712 210 1889
261 4393 220 1875
263 4363 218 1878
329 5656 239 1853
267 4499 227 1864
265 4442 214 1885
264 4456 230 1863
284 4887 209 1896
276 4449 225 1863
274 4392 218 1876
262 4397 225 1869
285 4862 209 1895
266 4433 216 1877
268 4528 211 1887
282 4562 230 1857
264 4448 215 1882
286 4559 228 1860
274 4645 230 1858
287 4499 227 1861
268 4496 212 1886
266 4386 220 1872
272 4495 230 1860
263 4470 220 1872
335 5685 236 1853
282 4562 230 1857
268 4528 211 1887
268 4448 215 1879
274 4645 230 1858
265 4442 214 1885
286 4594 230 1855
286 4594 230 1855
269 4499 212 1883
338 5609 236 1853
274 4392 218 1876
287 4540 228 1858
275 4527 225 1865
269 4499 212 1883
268 4448 215 1879
267 4499 227 1864
273 4420 225 1866
265 4459 218 1875
287 4536 230 1855
335 5685 236 1853
277 4407 220 1869
262 4397 225 1869
263 4363 218 1878
265 4459 215 1880
266 4433 216 1877
289 4513 228 1860
273 4420 225 1866
264 4438 220 1872
261 4393 220 1875
288 4523 230 1857
276 4520 230 1858
270 4445 212 1885
266 4456 220 1869
289 4513 228 1860
277 4506 227 1861
266 4452 215 1877
288 4538 228 1860
265 4413 220 1872
276 4449 225 1863
272 4495 230 1860
287 4499 227 1861
278 4470 224 1866
264 4456 230 1863
275 4527 225 1865
266 4408 218 1875
266 4447 225 1866
263 4377 225 1869
263 4377 225 1869
287 4536 230 1855
276 4487 230 1860
277 4506 227 1861
277 4477 224 1866
277 4477 224 1866
276 4520 230 1858
274 4413 220 1869
261 4356 216 1880
335 5603 236 1854
264 4438 220 1872
286 4559 228 1860
276 4487 230 1860
275 4484 224 1866
274 4411 225 1866
265 4459 215 1880
288 4538 228 1860
287 4540 228 1858
274 4411 225 1866
289 4524 228 1858
266 4447 225 1866
266 4408 218 1875
355 6083 205 1910
355 6083 205 1910
355 6083 205 1910
355 6083 205 1910
355 6083 205 1910
355 6083 205 1910
355 6083 205 1910
355 6083 205 1910
355 6083 205 1910
355 6083 205 1910
355 6083 205 1910
355 6083 205 1910
355 6083 205 1910
355 6083 205 1910
355 6083 205 1910
355 6083 205 1910
355 6083 205 1910
355 6083 205 1910
355 6083 205 1910
355 6083 205 1910
355 6083 205 1910
355 6083 205 1910
355 6083 205 1910
355 6083 205 1910
355 6083 205 1910
355 6083 205 1910
355 6083 205 1910
355 6083 205 1910
355 6083 205 1910
355 6083 205 1910
355 6083 205 1910
355 6083 205 1910
355 6083 205 1910
360 6112 216 1877
346 5470 230 1859
336 5559 230 1857
284 4575 225 1863
300 4870 230 1860
310 5153 224 1872
324 5361 227 1861
348 5800 218 1875
335 5391 221 1869
308 5242 220 1873
341 5457 224 1866
313 5374 218 1877
346 5818 220 1869
338 5520 228 1858
336 5662 228 1858
330 5471 220 1870
343 5570 218 1876
325 5496 220 1870
409 6735 218 1877
398 6954 218 1878
347 5567 230 1857
294 4772 225 1866
289 4866 225 1866
355 5818 220 1869
314 4934 225 1863
310 5401 220 1873
343 5651 221 1869
339 5500 224 1872
311 5338 230 1862
344 5577 228 1860
341 5516 227 1861
331 5366 228 1862
327 5517 220 1872
335 5693 220 1871
336 5725 220 1870
337 5614 220 1870
369 6199 220 1869
360 5799 230 1857
333 5476 224 1879
329 5673 220 1872
301 4976 228 1866
367 5845 228 1860
344 5833 221 1870
314 5235 225 1863
331 5563 221 1877
319 5148 225 1863
304 5079 225 1866
333 5537 224 1872
349 5829 230 1860
355 5681 220 1871
351 5662 228 1861
319 5145 228 1864
383 6306 230 1858
344 5559 224 1874
337 5763 220 1872
317 5092 225 1866
308 5155 225 1866
374 6168 228 1860
322 5181 225 1863
355 5923 220 1871
311 5133 227 1870
357 5850 228 1862
354 5802 224 1872
345 5961 220 1872
328 5164 228 1866
322 5200 225 1863
311 5173 225 1866
351 5881 224 1872
368 6463 220 1872
326 5353 225 1863
321 5313 235 1872
319 5225 235 1876
316 5287 227 1880
311 5249 232 1874
358 6038 224 1875
319 5446 225 1869
323 5239 228 1867
339 5462 225 1863
334 5273 236 1869
330 5293 236 1878
327 5490 225 1863
335 5304 230 1873
330 5428 226 1872
329 5456 236 1874
344 5485 225 1865
339 5360 232 1873
333 5539 225 1863
331 5554 231 1866
329 5496 232 1867
330 5548 228 1867
334 5522 227 1864
332 5526 227 1864
338 5534 225 1863
346 5412 240 1875
337 5669 225 1863
333 5847 225 1869
342 5531 228 1872
339 5613 236 1863
344 5640 225 1864
334 5585 225 1868
342 5544 228 1876
341 5703 225 1863
337 5677 225 1866
334 5945 232 1872
334 5618 230 1886
350 5692 228 1866
348 5556 248 1876
346 5723 225 1863
346 5559 232 1885
340 5809 225 1869
339 5758 228 1866
340 5697 240 1879
342 5756 225 1866
356 5734 230 1867
355 5716 232 1866
348 5745 236 1863
347 5832 225 1863
345 5757 225 1866
343 6018 235 1883
358 5892 241 1874
358 5768 232 1876
350 5940 225 1863
347 5935 226 1870
355 5908 236 1866
357 5909 225 1863
369 6082 226 1874
369 5925 249 1878
361 5921 236 1881
358 6187 225 1863
350 6111 225 1869
349 5959 230 1876
353 6053 228 1875
360 5983 230 1863
365 5982 227 1867
363 5970 228 1866
378 6330 225 1864
374 6377 225 1863
374 6069 230 1883
370 6391 230 1863
361 6020 241 1870
351 6214 228 1871
356 6086 229 1878
378 6289 228 1867
374 6073 232 1864
391 6578 225 1863
381 6441 237 1876
376 6126 230 1879
370 6190 236 1878
383 6129 236 1871
394 6590 236 1863
355 6083 205 1910
342 5500 239 1854
336 5754 205 1951
335 5956 207 1980
329 5656 239 1853
261 4356 216 1880
301 5211 208 1902
335 5956 207 1980
286 5088 208 1911
336 5754 205 1951
335 5603 236 1854
355 6083 205 1910
301 5211 208 1902
342 5500 239 1854
289 4524 228 1858
288 4523 230 1857
284 4887 209 1896
277 4712 210 1889
338 5609 236 1853
286 5088 208 1911
285 4862 209 1895
275 4484 224 1866
278 4470 224 1866
270 4478 221 1869
261 4393 220 1875
275 4595 211 1887
277 4712 210 1889
263 4363 218 1878
329 5656 239 1853
267 4499 227 1864
265 4442 214 1885
264 4456 230 1863
284 4887 209 1896
274 4393 218 1876
276 4449 225 1863
270 4445 212 1885
262 4397 225 1869
285 4862 209 1895
266 4433 216 1877
282 4562 230 1857
264 4448 215 1882
268 4496 212 1886
277 4407 220 1869
266 4386 220 1872
274 4393 218 1876
274 4645 230 1858
287 4499 227 1861
286 4559 228 1860
270 4513 220 1869
335 5685 236 1853
282 4562 230 1857
275 4595 211 1887
268 4448 215 1879
274 4645 230 1858
263 4470 220 1872
265 4442 214 1885
270 4478 221 1869
286 4594 230 1855
269 4499 212 1883
267 4499 227 1864
338 5609 236 1853
268 4552 220 1869
263 4363 218 1878
287 4540 228 1858
266 4466 225 1866
266 4433 216 1877
269 4499 212 1883
268 4448 215 1879
287 4536 230 1855
275 4506 230 1860
335 5685 236 1853
277 4407 220 1869
262 4397 225 1869
265 4459 215 1880
265 4459 218 1875
264 4438 220 1872
288 4523 230 1857
276 4520 230 1858
270 4445 212 1885
264 4456 230 1863
266 4452 215 1877
265 4413 220 1872
274 4413 220 1869
276 4449 225 1863
266 4514 230 1861
289 4513 228 1860
287 4499 227 1861
278 4470 224 1866
261 4393 220 1875
266 4408 218 1875
289 4513 228 1860
266 4514 230 1861
287 4536 230 1855
275 4484 224 1866
277 4506 227 1861
277 4477 224 1866
270 4513 220 1869
261 4356 216 1880
335 5603 236 1854
270 4504 230 1861
287 4515 228 1860
275 4519 225 1863
266 4466 225 1866
264 4438 220 1872
286 4559 228 1860
274 4411 225 1866
265 4459 215 1880
274 4411 225 1866
270 4504 230 1861
289 4524 228 1858
287 4515 228 1860
286 4594 230 1855
277 4477 224 1866
276 4520 230 1858
275 4519 225 1863
266 4408 218 1875
355 6083 205 1910
355 6083 205 1910
355 6083 205 1910
355 6083 205 1910
355 6083 205 1910
355 6083 205 1910
355 6083 205 1910
355 6083 205 1910
355 6083 205 1910
355 6083 205 1910
355 6083 205 1910
355 6083 205 1910
355 6083 205 1910
355 6083 205 1910
355 6083 205 1910
355 6083 205 1910
355 6083 205 1910
355 6083 205 1910
355 6083 205 1910
355 6083 205 1910
355 6083 205 1910
355 6083 205 1910
355 6083 205 1910
355 6083 205 1910
355 6083 205 1910
355 6083 205 1910
355 6083 205 1910
355 6083 205 1910
355 6083 205 1910
355 6083 205 1910
355 6083 205 1910
355 6083 205 1910
355 6083 205 1910
355 6083 205 1910
330 5319 230 1855
329 5409 228 1860
316 5288 216 1881
301 4769 236 1875
292 4771 225 1869
311 4977 232 1865
292 5018 230 1865
323 5201 227 1861
304 5083 224 1866
320 5073 220 1871
308 4853 228 1868
320 5304 218 1876
301 4993 225 1863
323 5175 230 1857
310 5224 230 1860
316 5353 218 1876
307 4948 224 1872
308 5135 220 1869
301 4943 220 1875
304 5340 220 1873
318 5408 218 1875
315 5176 230 1860
367 6148 227 1861
344 5724 218 1875
343 5803 230 1855
329 5686 219 1878
308 5141 232 1867
303 4964 221 1875
321 5029 224 1872
319 5387 225 1863
336 5502 230 1857
352 5563 228 1860
337 5308 230 1858
311 5155 220 1869
307 5049 231 1868
306 5208 225 1866
303 5173 225 1872
305 5152 220 1878
311 5011 228 1863
351 5590 228 1860
344 5633 228 1860
367 6037 228 1861
361 6093 228 1860
347 5519 230 1857
318 5090 236 1864
315 5294 220 1872
306 5180 224 1878
303 5026 229 1875
338 5822 230 1858
325 5294 221 1870
329 5450 225 1863
341 5648 230 1859
321 5209 228 1865
324 5443 220 1869
339 5397 225 1864
344 5598 230 1860
320 5051 230 1866
315 5208 224 1872
317 5312 225 1866
323 5206 224 1873
317 5396 230 1865
322 5100 228 1873
316 5412 220 1870
350 5701 230 1858
332 5247 236 1869
329 5587 220 1869
322 5479 224 1879
312 5383 236 1875
335 5563 224 1872
319 5292 227 1874
323 5372 231 1865
330 5538 225 1863
325 5256 228 1867
320 5528 225 1868
323 5420 225 1866
356 5580 225 1863
355 5832 230 1859
334 5670 220 1869
330 5260 228 1869
323 5397 232 1879
341 5528 228 1867
326 5456 225 1871
325 5614 225 1866
324 5698 227 1877
350 5793 225 1863
332 5539 230 1863
339 5567 227 1865
332 5718 227 1864
361 5938 230 1861
350 5941 227 1865
334 5750 220 1876
333 5379 240 1879
328 5454 236 1882
347 5727 228 1868
352 5826 220 1869
329 5456 232 1875
336 5568 230 1863
335 5922 220 1872
331 5814 225 1869
341 5794 225 1866
334 5423 236 1875
338 5778 220 1870
351 5817 225 1863
335 5732 220 1878
336 5809 225 1867
382 5970 236 1863
371 6226 236 1861
355 5991 220 1870
355 5760 227 1877
330 5526 235 1875
343 5881 232 1873
354 5992 224 1872
358 5941 224 1874
351 6119 225 1863
336 5928 225 1869
348 5728 236 1870
348 6029 225 1866
353 5885 230 1866
343 5783 236 1869
346 5863 225 1868
348 5855 225 1867
354 5972 225 1866
358 5772 236 1869
352 5976 225 1863
378 6002 232 1865
370 6280 220 1870
360 6111 225 1863
349 5895 227 1888
343 5806 240 1872
341 5600 236 1875
358 5731 236 1871
367 6090 232 1865
372 5901 228 1872
358 6209 224 1872
360 5972 228 1867
358 6109 227 1871
386 6839 220 1872
376 5985 243 1881
363 6154 225 1863
355 5783 240 1882
367 6126 230 1863
362 6257 227 1880
386 6135 240 1871
382 6694 225 1863
365 6367 230 1863
366 6154 227 1870
384 6407 225 1868
372 6248 227 1870
407 6868 236 1870
386 6303 236 1871
