31966 1440.59
418 7176 250 2024
458 8240 243 2095
460 8096 309 2179
447 8154 341 2193
424 7710 250 2009
459 8102 238 2006
433 7444 256 2068
417 7591 244 2020
466 8319 255 2056
370 6511 251 2012
439 7762 233 2001
467 7961 286 2072
557 9595 300 2265
473 8196 334 2177
456 7996 320 2142
427 7329 270 2052
486 8873 306 2072
613 11109 379 2195
508 9001 332 2072
431 7685 320 2175
404 7485 266 2083
449 7727 254 2153
488 9005 266 2044
447 7948 250 2098
541 9518 370 2395
527 8942 331 2179
381 6749 254 2035
423 7248 227 2047
443 7929 275 2000
475 8504 338 2162
429 7833 263 2126
464 8276 268 2036
452 7998 273 2049
531 9145 302 2081
456 8125 288 2219
455 7621 262 2120
452 8134 298 2066
443 8111 249 2060
405 6957 251 2008
434 7552 319 2092
507 8732 303 2065
466 7988 293 2135
483 8209 294 2103
546 9711 351 2289
417 7353 241 2045
436 7980 292 2139
473 8039 317 2192
429 7236 252 2029
511 9074 269 2237
425 7770 244 2096
526 9595 336 2176
442 7620 246 2126
506 9067 328 2303
478 8421 259 2113
406 7352 253 2036
474 8160 258 2115
408 7217 250 2051
495 8499 291 2153
485 8550 278 2176
366 6398 236 2065
418 7408 244 2088
446 7998 248 2117
452 8159 294 2184
540 9441 296 2155
427 7195 257 2018
452 8254 304 2170
523 8854 348 2171
545 9312 271 2216
457 8447 290 2090
443 7910 247 2006
419 7752 274 2116
385 6827 237 2070
560 9645 375 2217
419 7686 251 2066
436 7451 289 2038
485 8139 288 2047
509 8963 323 2168
439 7654 286 2146
483 8927 325 2299
414 7412 261 2131
408 7118 246 2016
430 7907 306 2229
475 8104 261 2136
419 7263 256 2021
498 9091 248 2069
392 6919 250 2005
403 7056 253 2059
447 8116 314 2170
466 8169 260 2079
497 8567 282 2134
519 9077 266 2070
434 7705 287 2063
451 7701 308 2069
439 7699 279 2097
390 7034 275 2125
458 8027 308 2123
456 7859 292 2085
427 7561 275 2106
441 8021 256 2030
457 8347 317 2093
515 8559 274 2187
472 8765 236 2113
488 8682 351 2112
444 8029 293 2078
470 8299 351 2142
434 7486 257 2042
502 9006 313 2085
439 7927 280 2102
427 7431 303 2001
448 7781 309 2172
473 8565 292 2075
507 9054 340 2283
443 8156 270 2098
452 8212 283 2064
562 10049 343 2313
540 9386 328 2262
433 7471 275 2068
436 7637 256 2158
432 7202 234 2069
487 8762 339 2150
613 11169 359 2228
372 6601 243 2104
414 7316 283 2034
534 9278 287 2200
478 8136 276 2175
431 7740 241 2085
458 8315 294 2220
504 8901 388 2197
501 8934 347 2208
506 9074 390 2221
480 8124 250 2059
451 7924 264 2016
474 8499 276 2180
517 9055 342 2242
477 8933 249 2060
444 8047 314 2096
480 8614 260 2062
430 7877 291 2081
431 7616 242 2085
525 9182 349 2179
486 8372 280 2168
499 9010 321 2314
403 7160 239 2052
508 9374 290 2104
471 8090 255 2116
473 8232 242 2100
460 7713 342 2247
629 11218 421 2257
454 8248 246 2025
426 7686 272 2214
527 9280 344 2216
437 8195 236 2060
430 7291 311 2093
511 9276 270 2209
412 7348 249 2074
433 7345 255 2037
503 8907 305 2204
395 6923 253 2092
407 7149 293 2112
472 8417 321 2174
465 7892 279 2208
381 6833 240 2015
415 7307 244 1987
460 7936 248 2049
541 9157 288 2076
407 7299 306 2045
522 9174 330 2066
486 8550 261 2124
452 7909 273 2094
481 8762 259 2092
429 7727 261 2119
531 9261 303 2133
500 8817 302 2126
431 7513 315 2199
463 8137 290 2042
453 8482 292 2073
443 7528 280 2114
455 7740 289 2177
484 8559 317 2091
448 7996 242 2089
538 9244 278 2180
579 9763 395 2281
452 8226 241 2068
413 7444 241 2005
434 7696 277 2047
433 7885 271 2086
438 7490 289 2022
475 8321 298 2123
433 7639 237 2072
427 7586 238 2016
412 7579 226 2003
451 7645 270 2172
546 9732 310 2132
537 9357 271 2211
442 7823 257 2149
488 8362 255 2063
418 7157 301 2142
483 9004 330 2230
465 8337 271 2196
455 7752 259 2117
488 8426 261 2092
451 7576 342 2321
518 8817 261 2105
463 8267 299 2166
476 8511 307 2088
413 7360 246 2053
481 8164 276 2123
514 8894 330 2138
510 8675 288 2177
446 8112 271 2076
446 7529 244 2074
585 9807 293 2310
452 7861 300 2076
381 6726 264 2021
536 9676 380 2276
463 8730 306 2114
416 7338 240 1978
425 7322 249 2036
457 8084 251 2065
483 8473 281 2099
373 6764 231 2005
349 6432 231 1991
432 7704 264 2123
480 8587 299 2121
410 7541 235 1986
474 8807 279 2178
510 9267 361 2128
439 7610 265 2150
437 7746 261 2157
412 7283 249 2152
471 8182 331 2084
508 9107 326 2065
496 8621 303 2105
502 8976 264 2020
369 6694 234 2027
457 8046 270 2161
464 8150 259 2169
467 8537 239 2027
436 7814 293 2142
464 7893 279 2043
354 6442 234 2024
455 7831 280 2033
489 8820 257 2184
487 8346 365 2196
460 7581 295 2095
506 8560 303 2251
506 9176 301 2141
417 7167 294 2059
463 8220 280 2111
488 8458 311 2249
377 6644 263 2049
399 7151 284 2028
452 7851 313 2103
513 9081 288 2196
477 8314 297 2183
487 8659 366 2131
516 9417 305 2052
452 7763 236 2119
428 7451 314 2074
507 8665 301 2208
417 7379 265 2042
366 6537 243 2109
671 12160 341 2371
498 8657 315 2184
501 9102 343 2231
499 8619 296 2195
482 8626 301 2096
464 8239 302 2201
567 9982 281 2144
430 7350 260 2099
409 7291 246 2103
515 9239 313 2160
447 8058 273 2141
438 7781 298 2020
422 7421 255 2100
475 8589 294 2294
474 8588 279 2091
490 8754 332 2263
461 8164 304 2145
481 8400 304 2062
446 7988 251 2083
531 9479 300 2112
515 9086 344 2169
459 7774 255 2050
465 7789 279 2074
496 9094 313 2309
532 9549 391 2233
416 7348 271 2206
477 8306 256 2059
447 8153 250 2087
574 10775 298 2221
492 8323 257 2044
495 8975 306 2123
458 7761 305 2100
454 8294 301 2131
495 8466 290 2073
449 7978 266 2083
440 7986 290 2082
515 9271 306 2133
452 7588 261 2102
