37046 2401.31
273 4508 206 1934
234 4007 222 1946
273 4464 236 1879
259 4334 199 1984
238 3972 209 1967
262 4373 199 1965
258 4382 227 1884
261 4439 234 1882
267 4340 225 1885
273 4466 234 1879
263 4208 218 1897
261 4435 236 1882
269 4411 208 1933
250 4301 210 1918
269 4411 208 1933
270 4415 227 1881
257 4215 218 1897
243 4085 207 1940
270 4415 227 1881
273 4466 234 1879
273 4508 206 1934
261 4439 234 1882
255 4266 203 1958
258 4382 227 1884
236 4017 214 1949
262 4373 199 1965
247 4101 223 1924
259 4334 199 1984
273 4464 236 1879
234 4007 222 1946
258 4382 227 1884
250 4241 220 1891
257 4346 199 1978
241 3978 207 1956
267 4340 225 1885
261 4435 236 1882
250 4236 220 1897
238 3979 207 1977
257 4192 222 1900
238 3987 207 1971
256 4213 216 1903
249 4220 212 1914
255 4315 225 1886
259 4339 199 1978
239 4098 222 1940
255 4315 225 1886
241 3978 207 1956
238 3990 217 1954
251 4233 218 1902
245 4151 215 1915
252 4144 215 1916
238 3980 214 1961
257 4287 203 1947
252 4348 199 1978
248 4138 212 1921
251 4231 220 1897
250 4250 221 1889
253 4180 204 1944
241 4001 205 1960
249 4220 212 1914
259 4339 199 1978
245 4070 218 1936
254 4165 215 1909
250 4209 213 1911
247 4092 209 1935
241 3992 202 1966
254 4088 209 1935
241 4008 211 1945
241 4033 206 1959
257 4180 215 1907
254 4126 219 1920
257 4247 201 1957
267 4343 225 1883
262 4280 220 1888
258 4271 201 1951
235 4004 222 1952
258 4249 204 1943
238 3990 217 1954
244 4087 211 1930
250 4301 210 1918
254 4159 224 1909
252 4193 215 1906
258 4262 200 1953
256 4207 218 1903
241 3992 202 1966
238 3979 207 1977
248 4184 212 1917
235 4004 222 1952
246 4045 205 1950
256 4199 222 1900
250 4209 213 1911
238 3980 208 1964
254 4131 212 1920
254 4126 219 1920
257 4215 218 1897
256 4213 216 1903
254 4115 218 1922
257 4238 200 1959
257 4287 203 1947
244 4041 207 1942
243 4085 207 1940
238 4005 207 1968
254 4159 224 1909
247 4101 223 1924
241 3978 207 1956
249 4121 218 1922
252 4348 199 1978
237 4002 214 1943
254 4115 218 1922
241 4001 205 1960
258 4249 204 1943
245 4080 223 1934
244 4137 214 1926
246 4037 206 1945
253 4158 213 1918
239 4098 222 1940
237 3991 209 1949
250 4250 221 1889
251 4036 206 1951
250 4250 221 1889
250 4250 221 1889
235 4018 214 1949
262 4259 205 1941
263 4208 218 1897
247 4092 209 1935
253 4158 213 1918
236 4017 214 1949
257 4192 222 1900
241 4034 214 1940
250 4241 220 1891
238 3982 209 1963
258 4278 205 1937
246 4046 212 1938
235 4018 214 1949
255 4299 225 1888
238 3972 209 1967
252 4144 215 1916
249 4200 218 1908
262 4293 221 1886
238 4005 207 1968
238 3972 208 1970
244 4108 210 1929
238 3982 209 1963
238 3987 207 1971
252 4161 213 1912
248 4184 212 1917
255 4266 203 1958
258 4262 200 1953
244 4136 214 1928
245 4066 212 1938
256 4119 212 1926
248 4132 212 1923
257 4180 215 1907
244 4027 206 1959
244 4041 207 1942
267 4343 225 1883
245 4082 223 1925
244 4030 206 1957
251 4233 218 1902
252 4172 222 1907
245 4066 212 1938
241 4058 206 1945
249 4152 209 1932
248 4157 212 1919
247 4104 223 1922
258 4278 205 1937
247 4123 214 1926
245 4155 215 1913
252 4154 215 1910
253 4190 215 1904
249 4121 218 1922
238 3980 214 1961
246 4050 218 1936
251 4036 206 1951
252 4161 213 1912
244 4087 211 1930
255 4261 205 1941
241 4048 207 1942
257 4238 200 1959
254 4165 215 1909
262 4280 220 1888
252 4172 222 1907
246 4045 205 1950
248 4138 212 1921
247 4099 209 1933
245 4082 223 1925
254 4097 210 1927
248 4132 212 1923
251 4036 206 1951
249 4152 209 1932
248 4157 212 1919
249 4200 218 1908
245 4151 215 1915
238 4005 207 1968
257 4185 215 1906
252 4300 209 1924
256 4124 212 1920
241 4034 214 1940
245 4155 215 1913
253 4190 215 1904
244 4044 206 1945
245 4081 223 1927
252 4154 215 1910
237 4002 214 1943
241 4008 211 1945
244 4136 214 1928
241 4052 206 1951
252 4193 215 1906
255 4299 225 1888
262 4293 221 1886
257 4206 218 1903
241 4058 206 1945
238 3972 209 1967
245 4082 218 1931
251 4220 215 1905
251 4243 215 1903
246 4050 218 1936
238 3972 208 1970
262 4373 199 1965
244 4108 210 1929
257 4180 215 1907
270 4415 227 1881
245 4082 218 1931
241 4001 205 1960
251 4220 215 1905
238 3980 208 1964
258 4271 201 1951
244 4113 209 1933
247 4092 209 1935
241 3996 214 1943
254 4097 210 1927
241 3996 214 1943
261 4435 236 1882
245 4070 218 1936
247 4104 223 1922
244 4044 206 1945
253 4189 215 1906
251 4236 220 1891
244 4027 206 1959
254 4186 215 1906
244 4030 206 1957
244 4038 206 1951
246 4046 212 1938
256 4119 212 1926
257 4341 199 1984
246 4050 218 1936
251 4245 221 1889
251 4231 220 1897
251 4243 215 1903
257 4346 199 1978
262 4259 205 1941
247 4099 209 1933
254 4106 218 1924
251 4245 221 1889
244 4108 210 1929
256 4124 212 1920
241 4048 207 1942
244 4113 209 1933
254 4106 218 1924
257 4215 218 1897
251 4243 215 1903
257 4247 201 1957
241 4052 206 1951
241 3988 209 1949
257 4341 199 1984
253 4158 213 1918
257 4206 218 1903
250 4209 213 1911
236 4017 214 1949
254 4088 209 1935
238 3987 207 1971
241 4033 206 1959
263 4208 218 1897
246 4037 206 1945
256 4199 222 1900
253 4189 215 1906
244 4038 206 1951
255 4261 205 1941
247 4123 214 1926
244 4137 214 1926
245 4080 223 1934
241 3988 209 1949
256 4207 218 1903
237 3991 209 1949
245 4081 223 1927
254 4186 215 1906
252 4300 209 1924
254 4131 212 1920
257 4185 215 1906
246 4050 218 1936
261 4439 234 1882
259 4334 199 1984
257 4215 218 1897
243 4085 207 1940
258 4382 227 1884
258 4271 201 1951
251 4220 215 1905
238 3972 209 1967
241 4058 206 1945
234 4007 222 1946
