0 0.0421896
586 10025 333 2476
539 9384 317 2500
535 9732 339 2624
501 8743 410 2597
479 8808 380 2431
543 9227 343 2539
552 9461 338 2465
493 8948 353 2517
501 9118 371 2508
520 9378 375 2483
528 9573 348 2513
536 9293 356 2485
534 9425 347 2453
640 11618 374 2462
624 11243 339 2616
522 8867 384 2628
507 8820 399 2565
495 9078 416 2448
593 10584 347 2472
576 10547 342 2582
630 11598 407 2458
556 10044 366 2511
520 9546 392 2567
506 8826 395 2609
532 9745 415 2491
580 9305 398 2531
510 9134 353 2591
531 9289 412 2500
571 9600 360 2472
539 9671 363 2544
537 9447 370 2479
545 9935 353 2532
541 9635 352 2563
563 10040 409 2465
557 9663 384 2477
550 9200 368 2533
538 9334 365 2534
669 11910 360 2512
662 11921 395 2462
660 11119 348 2523
551 9715 445 2452
533 9404 454 2526
526 9463 359 2615
510 9415 400 2568
641 11268 361 2527
600 11181 358 2555
577 10670 362 2594
567 9731 423 2474
649 11486 380 2501
653 11604 354 2548
597 10506 362 2583
581 10332 363 2542
537 9833 398 2483
534 9549 415 2520
555 10147 374 2547
539 9714 443 2519
518 9466 360 2603
563 9981 368 2567
539 9819 422 2506
580 10457 369 2511
530 9407 444 2537
545 9560 405 2479
538 10131 380 2519
545 9679 359 2603
541 9743 385 2586
554 10033 372 2558
545 9585 392 2479
561 10141 363 2558
563 9563 404 2543
542 9661 386 2564
551 9738 384 2480
542 9577 387 2526
542 9738 372 2564
666 11304 433 2474
659 11756 356 2564
636 11391 501 2453
562 10118 373 2675
551 9556 401 2575
520 9588 391 2605
559 10546 365 2608
618 11304 406 2489
554 9848 461 2503
646 11111 364 2577
655 11677 386 2487
597 10967 385 2494
568 10245 429 2502
533 9846 417 2569
603 10665 386 2490
549 9663 433 2549
583 10735 371 2552
550 10032 409 2535
529 9568 446 2580
601 11000 414 2490
555 10140 392 2555
567 10366 381 2540
592 10530 454 2464
577 9810 453 2526
551 10119 445 2484
542 9838 456 2523
540 9823 431 2543
576 10507 367 2585
572 10645 370 2597
655 11338 399 2488
582 9813 423 2512
553 9888 388 2597
584 10329 429 2480
587 10422 368 2559
553 9933 397 2508
529 9748 401 2574
595 10412 387 2519
559 9947 385 2552
573 9813 424 2533
554 9777 378 2597
583 10459 402 2494
591 10499 423 2476
590 10457 370 2521
684 12338 396 2500
650 11478 369 2560
597 10638 414 2497
567 9686 463 2610
565 9721 438 2668
556 10239 464 2498
549 9965 433 2595
635 11176 399 2500
551 9938 411 2662
621 10786 372 2547
572 9795 406 2613
591 10871 385 2532
561 10025 394 2578
559 10214 450 2561
602 10124 463 2527
575 10092 422 2555
568 10543 400 2573
578 9840 413 2600
572 10185 440 2553
587 10715 421 2521
582 10458 414 2539
595 10513 379 2607
589 10635 383 2562
595 10261 416 2517
562 10284 404 2550
587 10770 411 2504
570 10432 385 2552
575 10443 417 2526
592 10504 381 2526
554 10239 405 2551
707 12329 375 2578
696 12821 398 2550
666 12285 369 2592
638 11630 463 2501
622 11257 380 2625
581 10034 468 2588
573 10079 509 2618
558 10393 433 2560
614 10762 493 2517
561 10222 456 2594
599 10922 469 2532
585 10362 482 2529
622 11666 454 2503
649 11465 380 2577
607 11358 411 2515
613 11005 402 2531
632 11525 451 2506
611 10919 382 2573
567 10149 394 2580
594 10667 386 2560
603 11272 434 2508
572 10540 423 2551
573 10325 426 2568
597 10502 398 2562
579 10130 447 2624
624 11494 378 2582
604 11525 417 2552
580 10420 443 2554
586 10703 399 2568
584 10454 401 2554
617 10696 433 2511
620 11636 381 2583
563 10316 399 2579
577 10090 455 2579
584 10688 386 2583
681 12427 384 2623
613 11492 419 2516
592 10170 416 2603
585 10382 527 2574
584 10527 394 2653
568 10532 411 2618
659 12155 415 2538
644 11593 405 2565
602 10269 497 2600
618 11078 480 2520
644 11304 420 2545
586 10625 456 2569
633 11212 443 2539
579 10426 432 2628
630 11326 445 2519
622 11143 419 2553
598 10796 392 2647
589 10744 438 2580
597 10675 428 2588
584 10235 450 2614
608 10500 411 2554
588 10581 479 2554
606 10988 387 2585
583 10704 399 2633
580 10234 403 2646
585 10584 402 2638
606 10549 407 2593
600 11024 386 2567
588 10443 396 2594
615 10586 396 2585
587 10412 409 2618
680 11839 424 2552
670 11944 500 2519
655 12102 474 2536
623 11182 395 2569
616 11674 508 2543
612 10416 452 2606
589 10695 459 2660
585 10813 405 2652
637 11537 500 2549
598 10555 424 2628
625 10769 443 2591
641 10999 396 2601
599 10458 411 2616
632 11099 458 2555
608 10900 421 2580
586 10823 488 2606
612 11282 428 2566
611 10801 435 2563
660 12050 411 2565
597 10929 463 2577
589 10488 479 2658
666 11978 429 2545
606 11156 426 2574
593 10931 477 2595
590 10752 400 2598
613 11068 399 2572
663 11975 502 2544
661 10858 422 2570
667 12397 549 2536
667 11454 397 2613
629 11140 406 2679
613 10692 411 2660
591 10760 446 2659
651 11843 477 2573
612 10883 471 2628
615 11137 500 2576
645 11974 412 2578
601 10953 422 2619
634 11583 495 2578
621 11219 431 2582
625 11103 447 2607
609 10703 481 2663
640 11680 401 2612
605 11185 430 2598
649 11913 401 2590
626 10818 414 2623
620 11116 417 2602
603 11111 479 2589
731 12372 398 2616
684 12968 616 2562
608 11081 479 2630
704 12715 534 2578
629 11331 437 2584
627 11381 476 2621
700 12209 433 2606
644 11150 418 2623
667 11768 402 2618
668 12109 431 2610
703 12539 403 2611
671 11297 422 2607
663 12234 423 2607
667 12258 413 2581
709 12558 449 2592
688 11846 406 2638
687 12388 407 2691
676 12616 432 2605
634 11488 453 2588
617 11147 505 2635
645 11229 457 2654
687 11267 464 2647
662 11338 447 2620
676 11769 422 2627
694 12477 432 2598
672 11482 450 2606
636 11515 438 2606
642 11657 451 2591
695 12098 520 2588
654 11849 450 2639
641 11551 452 2608
634 11600 478 2629
660 11583 466 2595
641 11864 456 2594
638 11686 466 2589
662 11819 457 2623
652 12070 502 2606
638 11961 542 2595
720 12993 541 2629
662 11942 471 2640
