29411 1320.49
399 7129 238 2025
453 8200 278 2076
454 8047 302 2068
414 7389 258 2020
461 8140 358 2141
448 8102 280 2022
487 8664 306 2059
454 7949 302 2101
467 8355 287 2067
437 7804 288 2021
529 9270 361 2185
454 8245 254 2142
451 8016 299 2064
348 6226 248 2053
480 8917 283 2017
465 7881 279 2012
424 7748 290 2083
401 7167 299 2057
443 7638 274 2035
416 7651 311 2199
409 7329 233 1997
404 7166 274 2012
523 9548 268 2137
412 7436 254 2076
459 7896 268 2016
544 10025 280 2027
558 10284 301 2107
442 8016 304 2061
525 9196 267 2068
482 8454 273 2039
470 8200 274 2066
415 7227 252 1973
422 7756 286 2033
504 8453 326 2121
465 8709 290 2051
447 8213 313 2125
472 8397 261 2026
424 7829 263 2078
431 7670 279 2086
493 8989 370 2136
461 8442 276 2088
485 8658 249 2032
441 8052 329 2145
422 7592 254 2028
526 8937 273 2099
517 9051 309 2108
414 7042 279 2085
375 6740 240 1987
386 6925 272 2034
483 8973 261 2063
483 8595 299 2065
528 9683 307 2205
518 9281 312 2104
433 7646 291 2112
459 7865 266 2025
426 7514 228 1999
389 6719 228 1981
442 7623 288 2030
427 7305 240 2077
378 6875 228 1996
507 8738 297 2173
463 8316 270 2030
418 7579 262 2043
441 8142 274 2072
534 8950 314 2124
436 7937 344 2147
399 7340 258 2035
465 8386 336 2175
464 8094 273 2093
406 7119 255 2063
439 8075 260 2077
425 7618 261 2069
461 7944 290 2063
406 7203 248 1981
448 8126 283 2052
426 7327 295 2063
492 8893 355 2129
419 7757 315 2127
442 7700 270 2052
515 9186 363 2254
381 6647 243 1993
590 10420 304 2122
462 8228 250 2047
394 6693 244 1982
484 8758 316 2080
479 8995 284 2114
518 9312 352 2186
416 7401 280 2084
482 8331 314 2116
488 8632 276 2101
475 8505 281 2126
507 9169 279 2095
436 7880 266 2042
394 6730 244 2005
450 8207 243 2010
380 6757 260 2080
465 8528 362 2146
542 9933 319 2134
451 8277 271 2060
469 8231 251 2023
424 7353 300 2085
381 6534 276 2007
419 7640 296 2072
440 7771 281 2019
427 7775 268 2023
537 9880 365 2284
442 7817 285 2140
426 7502 253 2011
499 8590 323 2194
471 8473 314 2181
494 8962 298 2079
447 7415 281 2089
421 7118 270 2055
467 8535 270 2115
453 8075 288 2126
411 7415 320 2120
467 8214 295 2105
375 6768 257 2002
495 9159 270 2089
514 8457 312 2126
474 8821 337 2058
473 8257 344 2106
407 7189 231 1971
543 9834 358 2191
502 8850 259 2058
504 9145 328 2135
516 9022 300 2169
468 8356 293 2030
516 9192 408 2151
449 8083 263 2172
447 7948 293 2011
441 8019 288 2108
434 7706 247 2089
456 8229 383 2155
452 8025 244 1985
489 8652 296 2058
450 7950 253 1996
524 9396 357 2160
435 7840 283 2082
484 8498 302 2197
438 8003 286 2117
468 8128 283 2031
424 7760 293 2052
490 8986 270 2076
406 7174 288 2018
403 7074 237 2004
538 9550 394 2122
489 8267 274 2053
416 7318 281 2078
437 7828 266 2019
385 6973 282 1996
440 7831 258 2059
441 7810 264 2065
503 8943 319 2138
337 6112 259 1953
468 8462 277 2046
542 8855 354 2163
505 8871 312 2116
399 7164 254 2092
455 8046 276 2095
463 8415 260 2067
463 7912 315 2142
440 7865 292 2017
469 8314 294 2200
612 11192 308 2141
520 9297 302 2082
457 8180 277 2074
411 7414 248 2027
487 8824 329 2110
499 8887 290 2109
403 7305 241 2055
391 7136 268 1984
565 10328 319 2188
501 8831 334 2162
387 6817 250 1989
482 8735 321 2217
404 7374 240 2014
491 8870 306 2143
422 7357 253 1996
419 7182 300 2077
578 10335 388 2152
422 7540 278 2050
549 9893 411 2204
495 8917 287 2129
442 7496 262 2010
372 6716 270 2006
529 9439 382 2169
451 7831 274 2084
464 8178 306 2139
391 7194 280 2045
508 9258 404 2230
419 7471 250 1987
423 7532 255 1967
421 7483 261 2153
458 8074 306 2123
458 8141 251 2090
414 7567 287 2047
535 9716 318 2189
447 7757 243 2032
393 6891 262 2023
383 6781 265 1978
461 8329 298 2029
454 7587 301 2107
510 8992 270 2036
490 8665 254 2032
448 8222 256 2087
492 9074 313 2129
562 9922 303 2106
393 7105 296 2079
433 7613 277 2050
425 7481 252 2059
455 8258 256 2005
442 7710 252 1967
451 8129 241 2053
438 7975 300 2056
371 6725 235 1984
508 8600 269 2023
456 7780 283 2013
511 9322 307 2094
453 8303 325 2160
448 7765 269 2044
476 8405 302 2058
415 7063 287 2056
404 7142 266 2039
397 7032 283 2022
401 7223 252 2014
422 7517 276 2099
448 8355 307 2073
448 7931 272 2098
455 8055 256 2053
464 8163 249 2028
513 8784 350 2208
429 7684 252 2057
415 7644 296 2023
562 9400 332 2160
415 7308 251 2043
460 7735 277 2149
460 8128 307 2037
394 7106 262 2015
476 8497 265 2063
501 8612 353 2161
421 7492 281 2083
451 8280 264 1970
443 8153 264 2063
533 9818 298 2168
482 8203 296 2138
453 8280 317 2149
478 8195 259 2050
467 8094 294 2073
440 7579 282 2008
381 6860 259 2026
399 7104 228 1973
431 7509 318 2082
457 8019 355 2216
425 7637 254 2009
585 10545 339 2135
456 7962 333 2140
363 6548 237 1994
494 8960 277 2085
411 7348 293 2062
441 7761 276 2120
455 7625 260 2014
492 8788 266 2097
429 7296 241 2046
459 8195 287 2129
456 8122 275 2013
458 8467 280 2098
471 8264 314 2129
566 10277 362 2188
412 7310 253 2074
502 9288 289 2161
502 9009 244 2037
416 7399 263 2051
545 9908 329 2144
433 7969 295 2069
508 9363 359 2155
433 8051 258 2058
543 9879 415 2214
400 7276 253 2058
407 7316 281 2054
482 8834 323 2120
479 8563 307 2027
530 9470 281 2077
437 7864 306 2181
566 10006 344 2157
467 8210 286 2111
512 8779 305 2169
354 6324 244 2083
536 9446 288 2075
481 8339 287 2042
435 7774 250 2074
463 8149 277 2033
508 9331 276 2082
442 7863 271 2044
418 7217 270 2033
418 7471 265 2083
458 8272 370 2085
468 8258 299 2099
388 7090 254 2071
419 7018 245 1991
