141079 780.063
380 6989 237 2175
429 7586 223 2136
351 6594 277 2163
464 8052 288 2034
489 8428 248 2051
362 6282 269 2149
457 8330 246 2060
489 8428 248 2051
457 8330 246 2060
447 7881 267 2038
439 7490 281 2044
422 7438 230 2113
464 8052 288 2034
438 7735 248 2060
380 6989 237 2175
365 6518 259 2125
429 7361 235 2068
426 7634 228 2134
430 7546 251 2046
409 7235 282 2055
371 6445 243 2126
447 7881 267 2038
356 6317 263 2129
438 7735 248 2060
464 8052 288 2034
426 7634 228 2134
386 6977 287 2053
359 6587 247 2143
394 7247 236 2116
351 6594 277 2163
356 6317 263 2129
439 7490 281 2044
426 7634 228 2134
429 7586 223 2136
373 6687 274 2087
429 7586 223 2136
391 7032 258 2078
391 6936 257 2084
378 6605 241 2102
447 7881 267 2038
387 6847 238 2110
373 6687 274 2087
465 8344 231 2090
363 6320 277 2124
384 6762 271 2077
396 6991 266 2057
439 7490 281 2044
355 6377 253 2157
406 6888 234 2108
439 7490 281 2044
430 7546 251 2046
401 7203 236 2110
368 6650 279 2093
363 6320 277 2124
464 8052 288 2034
429 7361 235 2068
438 7735 248 2060
407 6963 244 2067
402 7126 235 2109
382 6839 239 2099
359 6587 247 2143
365 6518 259 2125
375 6781 257 2096
377 6978 238 2104
363 6320 277 2124
396 6991 266 2057
385 7014 269 2062
373 6687 274 2087
384 6762 271 2077
389 6891 240 2095
426 7634 228 2134
406 6928 231 2152
402 7126 235 2109
447 7881 267 2038
393 6925 232 2149
355 6377 253 2157
378 6605 241 2102
429 7586 223 2136
384 6762 271 2077
382 6839 239 2099
378 6605 241 2102
397 6962 251 2083
389 6891 240 2095
429 7361 235 2068
438 7735 248 2060
401 7203 236 2110
386 6977 287 2053
373 6687 274 2087
464 8052 288 2034
406 6888 234 2108
489 8428 248 2051
375 6781 257 2096
373 6687 274 2087
384 6762 271 2077
355 6377 253 2157
391 7032 258 2078
407 6963 244 2067
393 6925 232 2149
426 7634 228 2134
384 6762 271 2077
375 6781 257 2096
438 7735 248 2060
489 8428 248 2051
384 6762 271 2077
407 7012 263 2063
426 7634 228 2134
351 6594 277 2163
397 6962 251 2083
405 6864 268 2091
389 6891 240 2095
359 6587 247 2143
422 7438 230 2113
393 6925 232 2149
405 6864 268 2091
399 7080 238 2062
391 7032 258 2078
382 6839 239 2099
405 6864 268 2091
365 6518 259 2125
377 6978 238 2104
399 7080 238 2062
359 6587 247 2143
465 8344 231 2090
391 6936 257 2084
422 7438 230 2113
401 7203 236 2110
356 6317 263 2129
383 6767 241 2097
397 6962 251 2083
407 7012 263 2063
393 6925 232 2149
429 7361 235 2068
447 7881 267 2038
371 6445 243 2126
402 7126 235 2109
439 7490 281 2044
362 6282 269 2149
426 7634 228 2134
363 6320 277 2124
355 6377 253 2157
406 6928 231 2152
384 6762 271 2077
385 7014 269 2062
377 6978 238 2104
409 7235 282 2055
447 7881 267 2038
389 6891 240 2095
429 7586 223 2136
396 6991 266 2057
375 6781 257 2096
407 7012 263 2063
401 7203 236 2110
401 7203 236 2110
391 6936 257 2084
363 6320 277 2124
383 6767 241 2097
386 6977 287 2053
430 7546 251 2046
386 6977 287 2053
391 7032 258 2078
386 6977 287 2053
365 6518 259 2125
397 6962 251 2083
356 6317 263 2129
429 7361 235 2068
429 7361 235 2068
447 7881 267 2038
351 6594 277 2163
351 6594 277 2163
422 7438 230 2113
406 6928 231 2152
373 6687 274 2087
386 6977 287 2053
377 6978 238 2104
391 7032 258 2078
362 6282 269 2149
402 7126 235 2109
384 6762 271 2077
464 8052 288 2034
375 6781 257 2096
464 8052 288 2034
489 8428 248 2051
464 8052 288 2034
464 8052 288 2034
363 6320 277 2124
447 7881 267 2038
399 7080 238 2062
373 6687 274 2087
422 7438 230 2113
351 6594 277 2163
406 6928 231 2152
429 7361 235 2068
399 7080 238 2062
384 6762 271 2077
363 6320 277 2124
351 6594 277 2163
401 7203 236 2110
362 6282 269 2149
429 7361 235 2068
380 6989 237 2175
438 7735 248 2060
429 7361 235 2068
447 7881 267 2038
394 7247 236 2116
429 7361 235 2068
356 6317 263 2129
365 6518 259 2125
464 8052 288 2034
409 7235 282 2055
351 6594 277 2163
373 6687 274 2087
383 6767 241 2097
426 7634 228 2134
385 7014 269 2062
389 6891 240 2095
355 6377 253 2157
429 7586 223 2136
382 6839 239 2099
464 8052 288 2034
406 6888 234 2108
489 8428 248 2051
373 6687 274 2087
355 6377 253 2157
407 6963 244 2067
363 6320 277 2124
438 7735 248 2060
489 8428 248 2051
384 6762 271 2077
407 7012 263 2063
405 6864 268 2091
389 6891 240 2095
422 7438 230 2113
393 6925 232 2149
399 7080 238 2062
382 6839 239 2099
439 7490 281 2044
457 8330 246 2060
422 7438 230 2113
380 6989 237 2175
365 6518 259 2125
430 7546 251 2046
371 6445 243 2126
447 7881 267 2038
356 6317 263 2129
359 6587 247 2143
394 7247 236 2116
377 6978 238 2104
429 7586 223 2136
429 7586 223 2136
378 6605 241 2102
387 6847 238 2110
363 6320 277 2124
401 7203 236 2110
368 6650 279 2093
464 8052 288 2034
438 7735 248 2060
407 6963 244 2067
363 6320 277 2124
351 6594 277 2163
351 6594 277 2163
422 7438 230 2113
406 6928 231 2152
373 6687 274 2087
362 6282 269 2149
384 6762 271 2077
464 8052 288 2034
489 8428 248 2051
464 8052 288 2034
429 7361 235 2068
447 7881 267 2038
373 6687 274 2087
422 7438 230 2113
351 6594 277 2163
464 8052 288 2034
363 6320 277 2124
429 7361 235 2068
351 6594 277 2163
365 6518 259 2125
351 6594 277 2163
447 7881 267 2038
399 7080 238 2062
362 6282 269 2149
383 6767 241 2097
393 6925 232 2149
402 7126 235 2109
362 6282 269 2149
426 7634 228 2134
363 6320 277 2124
355 6377 253 2157
409 7235 282 2055
383 6767 241 2097
389 6891 240 2095
429 7586 223 2136
396 6991 266 2057
407 7012 263 2063
401 7203 236 2110
383 6767 241 2097
386 6977 287 2053
386 6977 287 2053
356 6317 263 2129
