19368 420.105
322 4996 215 1911
322 4996 215 1911
281 4541 227 1873
263 4159 230 1874
263 4132 220 1879
262 4158 221 1886
296 4750 218 1902
301 4960 216 1888
275 4258 220 1875
263 4150 221 1875
275 4258 220 1875
263 4132 220 1879
263 4150 220 1877
262 4183 221 1875
262 4183 221 1875
322 4996 215 1911
322 4996 215 1911
263 4150 221 1875
263 4150 221 1875
263 4150 221 1875
263 4150 221 1875
263 4150 221 1875
263 4150 221 1875
263 4150 221 1875
263 4150 221 1875
263 4150 221 1875
263 4150 221 1875
263 4150 221 1875
263 4150 221 1875
263 4150 221 1875
263 4150 221 1875
263 4150 221 1875
263 4150 221 1875
263 4150 221 1875
263 4150 221 1875
263 4150 221 1875
263 4150 221 1875
263 4150 221 1875
263 4150 221 1875
263 4150 221 1875
263 4150 221 1875
263 4150 221 1875
263 4150 221 1875
263 4150 221 1875
263 4150 221 1875
263 4150 221 1875
263 4150 221 1875
263 4150 221 1875
263 4150 221 1875
263 4150 221 1875
263 4150 221 1875
263 4150 221 1875
263 4150 221 1875
263 4150 221 1875
263 4150 221 1875
263 4150 221 1875
263 4150 221 1875
263 4150 221 1875
263 4150 221 1875
263 4150 221 1875
263 4150 221 1875
263 4150 221 1875
263 4150 221 1875
263 4150 221 1875
263 4150 221 1875
263 4150 221 1875
263 4150 221 1875
263 4150 221 1875
263 4150 221 1875
263 4150 221 1875
263 4150 221 1875
263 4150 221 1875
263 4150 221 1875
263 4150 221 1875
263 4150 221 1875
263 4150 221 1875
263 4150 221 1875
263 4150 221 1875
263 4150 221 1875
263 4150 221 1875
263 4150 221 1875
263 4150 221 1875
263 4150 221 1875
263 4150 221 1875
263 4150 221 1875
263 4150 221 1875
263 4150 221 1875
263 4150 221 1875
263 4150 221 1875
263 4150 221 1875
263 4150 221 1875
263 4150 221 1875
263 4150 221 1875
263 4150 221 1875
263 4150 221 1875
263 4150 221 1875
263 4150 221 1875
263 4150 221 1875
263 4150 221 1875
263 4150 221 1875
263 4150 221 1875
263 4150 221 1875
263 4150 221 1875
263 4150 221 1875
263 4150 221 1875
263 4150 221 1875
263 4150 221 1875
263 4150 221 1875
263 4150 221 1875
263 4150 221 1875
263 4150 221 1875
263 4150 221 1875
263 4150 221 1875
263 4150 221 1875
263 4150 221 1875
263 4150 221 1875
263 4150 221 1875
263 4150 221 1875
263 4150 221 1875
263 4150 221 1875
263 4150 221 1875
263 4150 221 1875
263 4150 221 1875
263 4150 221 1875
263 4150 221 1875
263 4150 221 1875
263 4150 221 1875
263 4150 221 1875
263 4150 221 1875
263 4150 221 1875
263 4150 221 1875
263 4150 221 1875
263 4150 221 1875
263 4150 221 1875
263 4150 221 1875
263 4150 221 1875
263 4150 221 1875
263 4150 221 1875
263 4150 221 1875
263 4150 221 1875
263 4150 221 1875
263 4150 221 1875
263 4150 221 1875
263 4150 221 1875
263 4150 221 1875
263 4150 221 1875
263 4150 221 1875
263 4150 221 1875
263 4150 221 1875
263 4150 221 1875
263 4150 221 1875
263 4150 221 1875
263 4150 221 1875
263 4150 221 1875
263 4150 221 1875
263 4150 221 1875
263 4150 221 1875
263 4150 221 1875
263 4150 221 1875
263 4150 221 1875
263 4150 221 1875
263 4150 221 1875
263 4150 221 1875
263 4150 221 1875
263 4150 221 1875
263 4150 221 1875
263 4150 221 1875
263 4150 221 1875
263 4150 221 1875
263 4150 221 1875
263 4150 221 1875
263 4150 221 1875
263 4150 221 1875
263 4150 221 1875
263 4150 221 1875
263 4150 221 1875
263 4150 221 1875
263 4150 221 1875
263 4150 221 1875
263 4150 221 1875
263 4150 221 1875
263 4150 221 1875
263 4150 221 1875
263 4150 221 1875
263 4150 221 1875
263 4150 221 1875
263 4150 221 1875
263 4150 221 1875
263 4150 221 1875
263 4150 221 1875
263 4150 221 1875
263 4150 221 1875
263 4150 221 1875
263 4150 221 1875
263 4150 221 1875
263 4150 221 1875
263 4150 221 1875
263 4150 221 1875
263 4150 221 1875
263 4150 221 1875
263 4150 221 1875
263 4150 221 1875
263 4150 221 1875
263 4150 221 1875
263 4150 221 1875
263 4150 221 1875
263 4150 221 1875
263 4150 221 1875
263 4150 221 1875
263 4150 221 1875
263 4150 221 1875
263 4150 221 1875
263 4132 220 1879
334 5561 216 1895
334 5561 216 1895
295 4744 227 1873
275 4388 230 1874
263 4154 221 1875
262 4162 221 1886
308 5019 218 1889
265 4165 220 1877
308 5019 218 1889
263 4154 221 1875
310 4862 227 1873
284 4586 230 1874
272 4201 220 1879
267 4204 220 1877
263 4156 230 1876
263 4158 221 1875
312 4962 227 1873
312 4962 227 1873
291 4714 230 1874
269 4244 220 1877
263 4166 221 1875
325 5328 227 1873
269 4261 220 1883
268 4174 221 1875
263 4176 221 1882
269 4273 220 1877
263 4187 221 1875
263 4187 221 1875
265 4178 221 1875
357 5438 227 1873
275 4208 221 1882
270 4312 220 1881
265 4210 221 1875
275 4285 220 1877
286 4346 220 1877
279 4483 220 1882
266 4211 221 1875
281 4466 220 1877
289 4390 220 1877
286 4605 220 1879
283 4542 220 1889
267 4212 224 1878
266 4230 221 1875
272 4218 221 1875
287 4541 220 1877
319 5301 220 1877
289 4588 220 1892
272 4223 221 1875
268 4247 221 1875
309 4882 220 1879
269 4243 221 1875
333 5092 220 1893
270 4254 221 1875
268 4258 221 1875
268 4261 221 1875
272 4273 221 1875
270 4311 221 1875
270 4272 224 1878
271 4321 221 1875
271 4313 221 1886
279 4332 221 1875
273 4321 221 1877
272 4350 231 1878
280 4396 221 1875
279 4490 221 1875
276 4344 221 1878
274 4370 221 1878
281 4473 221 1875
276 4421 231 1881
274 4370 221 1882
279 4462 230 1881
283 4539 221 1875
274 4392 221 1882
289 4481 221 1885
286 4510 240 1885
285 4597 221 1875
288 4516 221 1882
293 4622 221 1875
313 4720 221 1875
310 5081 223 1878
299 4852 221 1886
347 5699 221 1875
321 5145 235 1886
305 4893 221 1887
317 5255 230 1884
310 4960 221 1887
326 5324 221 1896
