12448 64.1259
444 7868 275 2169
476 8684 243 2210
389 7216 310 2257
370 6791 277 2263
391 6730 285 2208
444 7868 275 2169
444 7668 271 2189
439 7980 255 2191
476 8684 243 2210
476 8684 243 2210
444 7668 271 2189
388 7259 267 2248
404 7281 299 2193
370 6791 277 2263
401 7137 266 2276
444 7868 275 2169
390 7147 308 2246
393 7301 275 2221
444 7668 271 2189
476 8684 243 2210
404 7281 299 2193
401 7137 266 2276
437 7825 250 2280
439 7980 255 2191
409 7226 276 2203
435 7860 246 2224
437 7825 250 2280
435 7860 246 2224
476 8684 243 2210
397 7260 282 2219
397 7260 282 2219
420 7192 262 2239
420 7192 262 2239
409 7226 276 2203
390 7147 308 2246
437 7825 250 2280
420 7192 262 2239
439 7980 255 2191
413 7187 274 2246
389 7216 310 2257
393 7301 275 2221
439 7980 255 2191
397 7260 282 2219
420 7192 262 2239
420 7192 262 2239
413 7187 274 2246
391 6730 285 2208
435 7860 246 2224
389 7216 310 2257
437 7825 250 2280
405 7240 267 2207
420 7192 262 2239
397 7260 282 2219
397 7260 282 2219
437 7825 250 2280
409 7226 276 2203
401 7137 266 2276
405 7240 267 2207
391 6730 285 2208
390 7147 308 2246
405 7240 267 2207
413 7187 274 2246
439 7980 255 2191
391 6730 285 2208
413 7187 274 2246
437 7825 250 2280
388 7259 267 2248
391 6730 285 2208
401 7137 266 2276
444 7868 275 2169
439 7980 255 2191
397 7260 282 2219
390 7147 308 2246
401 7137 266 2276
439 7980 255 2191
420 7192 262 2239
397 7260 282 2219
437 7825 250 2280
420 7192 262 2239
397 7260 282 2219
405 7240 267 2207
390 7147 308 2246
391 6730 285 2208
388 7259 267 2248
405 7240 267 2207
389 7216 310 2257
444 7668 271 2189
391 6730 285 2208
409 7226 276 2203
401 7137 266 2276
444 7668 271 2189
393 7301 275 2221
413 7187 274 2246
397 7260 282 2219
391 6730 285 2208
435 7860 246 2224
444 7868 275 2169
401 7137 266 2276
439 7980 255 2191
439 7980 255 2191
401 7137 266 2276
390 7147 308 2246
439 7980 255 2191
409 7226 276 2203
391 6730 285 2208
437 7825 250 2280
437 7825 250 2280
370 6791 277 2263
437 7825 250 2280
390 7147 308 2246
401 7137 266 2276
397 7260 282 2219
439 7980 255 2191
401 7137 266 2276
437 7825 250 2280
437 7825 250 2280
390 7147 308 2246
409 7226 276 2203
437 7825 250 2280
391 6730 285 2208
397 7260 282 2219
391 6730 285 2208
397 7260 282 2219
439 7980 255 2191
397 7260 282 2219
391 6730 285 2208
390 7147 308 2246
390 7147 308 2246
370 6791 277 2263
391 6730 285 2208
391 6730 285 2208
420 7192 262 2239
401 7137 266 2276
437 7825 250 2280
391 6730 285 2208
397 7260 282 2219
391 6730 285 2208
401 7137 266 2276
435 7860 246 2224
444 7868 275 2169
409 7226 276 2203
397 7260 282 2219
439 7980 255 2191
439 7980 255 2191
390 7147 308 2246
413 7187 274 2246
390 7147 308 2246
420 7192 262 2239
439 7980 255 2191
409 7226 276 2203
405 7240 267 2207
397 7260 282 2219
437 7825 250 2280
420 7192 262 2239
391 6730 285 2208
435 7860 246 2224
439 7980 255 2191
391 6730 285 2208
420 7192 262 2239
391 6730 285 2208
401 7137 266 2276
397 7260 282 2219
413 7187 274 2246
397 7260 282 2219
439 7980 255 2191
420 7192 262 2239
437 7825 250 2280
401 7137 266 2276
391 6730 285 2208
388 7259 267 2248
405 7240 267 2207
397 7260 282 2219
437 7825 250 2280
409 7226 276 2203
405 7240 267 2207
391 6730 285 2208
390 7147 308 2246
405 7240 267 2207
413 7187 274 2246
439 7980 255 2191
391 6730 285 2208
437 7825 250 2280
437 7825 250 2280
391 6730 285 2208
401 7137 266 2276
444 7868 275 2169
439 7980 255 2191
390 7147 308 2246
401 7137 266 2276
439 7980 255 2191
420 7192 262 2239
397 7260 282 2219
437 7825 250 2280
420 7192 262 2239
405 7240 267 2207
390 7147 308 2246
409 7226 276 2203
476 8684 243 2210
404 7281 299 2193
401 7137 266 2276
390 7147 308 2246
435 7860 246 2224
437 7825 250 2280
435 7860 246 2224
476 8684 243 2210
397 7260 282 2219
420 7192 262 2239
389 7216 310 2257
390 7147 308 2246
413 7187 274 2246
389 7216 310 2257
444 7868 275 2169
439 7980 255 2191
397 7260 282 2219
420 7192 262 2239
420 7192 262 2239
413 7187 274 2246
391 6730 285 2208
435 7860 246 2224
389 7216 310 2257
390 7147 308 2246
397 7260 282 2219
391 6730 285 2208
390 7147 308 2246
390 7147 308 2246
370 6791 277 2263
391 6730 285 2208
420 7192 262 2239
391 6730 285 2208
401 7137 266 2276
444 7868 275 2169
409 7226 276 2203
439 7980 255 2191
439 7980 255 2191
390 7147 308 2246
439 7980 255 2191
409 7226 276 2203
405 7240 267 2207
397 7260 282 2219
437 7825 250 2280
420 7192 262 2239
435 7860 246 2224
420 7192 262 2239
397 7260 282 2219
413 7187 274 2246
397 7260 282 2219
437 7825 250 2280
401 7137 266 2276
370 6791 277 2263
393 7301 275 2221
413 7187 274 2246
391 6730 285 2208
435 7860 246 2224
444 7868 275 2169
439 7980 255 2191
439 7980 255 2191
401 7137 266 2276
390 7147 308 2246
439 7980 255 2191
409 7226 276 2203
391 6730 285 2208
391 6730 285 2208
437 7825 250 2280
437 7825 250 2280
404 7281 299 2193
397 7260 282 2219
388 7259 267 2248
437 7825 250 2280
437 7825 250 2280
390 7147 308 2246
437 7825 250 2280
391 6730 285 2208
416 7317 254 2211
476 8684 243 2210
420 7192 262 2239
389 7216 310 2257
420 7192 262 2239
437 7825 250 2280
476 8684 243 2210
388 7259 267 2248
397 7260 282 2219
404 7281 299 2193
397 7260 282 2219
420 7192 262 2239
390 7147 308 2246
391 6730 285 2208
405 7240 267 2207
391 6730 285 2208
390 7147 308 2246
401 7137 266 2276
420 7192 262 2239
437 7825 250 2280
405 7240 267 2207
397 7260 282 2219
391 6730 285 2208
444 7868 275 2169
437 7825 250 2280
435 7860 246 2224
391 6730 285 2208
420 7192 262 2239
