11780 360.24
259 4583 245 2224
269 4549 245 2218
279 4610 230 2251
310 5066 265 2179
264 4561 245 2205
272 4555 255 2200
274 4752 260 2186
264 4583 243 2214
272 4551 245 2208
272 4557 245 2205
269 4577 260 2192
272 4557 255 2198
282 4642 250 2190
269 4571 260 2194
264 4555 245 2208
275 4573 235 2236
277 4573 255 2196
266 4600 240 2221
277 4579 245 2201
264 4555 245 2208
290 4822 236 2198
280 4584 250 2195
272 4593 260 2190
264 4568 250 2202
280 4563 236 2231
272 4559 255 2198
275 4573 235 2236
268 4555 243 2217
280 4590 250 2193
263 4607 260 2194
282 4636 250 2190
267 4566 237 2240
264 4561 245 2205
272 4570 260 2194
264 4561 245 2205
272 4551 245 2208
281 4616 260 2187
269 4577 260 2192
272 4562 255 2198
272 4551 245 2208
285 4659 250 2192
264 4561 245 2205
280 4603 260 2188
264 4573 255 2200
269 4549 245 2218
281 4628 240 2200
270 4630 260 2188
264 4556 240 2229
276 4590 240 2210
266 4645 237 2247
280 4567 240 2218
281 4602 240 2207
277 4573 255 2196
263 4573 240 2242
272 4557 244 2211
280 4563 236 2231
277 4590 245 2201
272 4570 260 2194
270 4594 250 2193
263 4606 250 2199
277 4593 260 2188
272 4562 255 2198
264 4590 240 2221
273 4553 238 2242
268 4555 240 2224
272 4562 255 2198
281 4616 260 2187
262 4610 250 2197
272 4555 255 2200
268 4555 240 2224
277 4579 255 2194
264 4552 245 2211
286 4715 239 2192
264 4575 250 2197
265 4550 240 2242
277 4581 240 2213
286 4715 239 2192
264 4561 245 2205
270 4590 260 2193
264 4559 243 2224
275 4594 230 2251
277 4579 255 2194
270 4630 260 2188
264 4603 260 2194
281 4624 236 2209
272 4562 255 2198
277 4574 245 2204
268 4555 240 2224
272 4559 255 2198
264 4555 245 2208
277 4603 260 2188
270 4651 239 2211
272 4562 255 2198
272 4557 255 2198
266 4645 237 2247
265 4550 240 2242
269 4577 260 2192
269 4577 260 2192
264 4552 245 2211
269 4549 240 2231
270 4612 260 2190
272 4559 255 2198
269 4577 260 2192
264 4580 243 2214
272 4554 255 2203
278 4577 255 2196
279 4624 250 2195
264 4552 243 2224
278 4585 245 2201
264 4559 245 2206
272 4562 255 2198
280 4563 236 2231
269 4570 260 2197
264 4573 255 2200
272 4572 236 2224
264 4561 245 2205
277 4569 236 2224
272 4559 255 2198
270 4657 245 2199
263 4562 240 2242
282 4645 260 2185
269 4577 260 2192
264 4567 245 2203
269 4555 255 2203
265 4558 238 2253
269 4549 243 2224
280 4600 250 2193
267 4645 237 2247
272 4557 255 2198
274 4565 245 2205
277 4579 255 2194
272 4555 255 2200
269 4577 260 2192
266 4625 260 2192
264 4552 240 2231
282 4620 235 2216
269 4585 260 2192
264 4595 260 2192
277 4586 245 2201
264 4559 245 2206
281 4612 236 2209
282 4621 245 2198
270 4605 260 2190
264 4559 243 2224
286 4639 231 2224
272 4574 260 2192
277 4608 245 2199
264 4561 245 2205
272 4564 250 2202
263 4562 240 2242
272 4574 260 2192
268 4555 243 2217
272 4559 237 2235
272 4562 255 2198
273 4609 244 2204
272 4554 255 2203
281 4720 265 2184
270 4595 250 2195
266 4565 245 2208
264 4552 240 2231
281 4628 240 2200
271 4562 237 2235
272 4574 260 2192
272 4559 255 2198
272 4551 245 2208
286 4707 239 2192
270 4612 260 2188
264 4559 245 2206
273 4595 245 2205
264 4590 240 2221
277 4569 236 2224
268 4555 243 2217
272 4577 260 2192
263 4607 260 2194
272 4559 237 2235
273 4553 238 2242
277 4581 240 2213
269 4577 260 2192
272 4570 260 2194
259 4583 245 2224
286 4689 260 2183
280 4584 250 2195
270 4667 245 2199
268 4555 240 2224
272 4557 244 2211
264 4555 245 2208
274 4752 260 2186
264 4567 245 2203
269 4549 240 2231
272 4551 245 2208
269 4577 260 2192
265 4554 240 2247
276 4599 250 2195
268 4610 250 2197
264 4552 245 2211
281 4628 240 2200
272 4574 260 2192
264 4593 243 2214
277 4565 245 2205
264 4552 245 2218
281 4628 240 2200
282 4667 244 2195
270 4597 260 2190
264 4567 255 2200
281 4612 236 2209
272 4559 255 2198
267 4566 237 2240
272 4559 237 2235
272 4562 255 2198
264 4561 255 2203
277 4611 260 2188
264 4567 245 2203
268 4555 243 2217
272 4562 255 2198
268 4558 244 2214
265 4550 240 2242
282 4642 250 2190
272 4577 260 2192
272 4562 255 2198
272 4551 245 2208
282 4647 250 2190
269 4556 255 2200
272 4574 260 2192
263 4559 240 2242
269 4549 240 2231
286 4715 239 2192
281 4616 260 2187
269 4562 255 2198
286 4707 239 2192
264 4572 250 2200
268 4555 243 2217
272 4584 236 2224
272 4562 255 2198
263 4576 240 2247
280 4567 240 2218
277 4565 244 2211
281 4602 240 2207
272 4562 255 2198
269 4577 260 2192
260 4574 245 2224
277 4603 260 2188
272 4571 260 2194
265 4562 238 2253
272 4555 255 2200
275 4573 235 2236
272 4559 255 2198
272 4574 260 2192
264 4556 240 2229
272 4555 255 2200
273 4553 238 2242
269 4570 260 2197
272 4551 245 2208
269 4585 260 2192
269 4568 255 2198
264 4567 255 2200
275 4573 235 2236
269 4577 260 2192
264 4595 245 2203
282 4667 244 2195
264 4567 255 2200
286 4616 232 2231
277 4578 250 2197
270 4642 260 2188
263 4602 250 2202
280 4582 236 2224
272 4569 260 2197
270 4653 239 2211
264 4567 245 2203
272 4559 255 2198
263 4559 240 2242
280 4600 250 2193
267 4566 237 2240
272 4559 255 2198
269 4556 255 2200
267 4566 237 2240
272 4555 255 2200
282 4638 260 2185
269 4577 260 2192
268 4555 243 2217
272 4551 245 2208
282 4642 250 2190
272 4562 255 2198
269 4577 260 2192
264 4567 245 2203
272 4554 255 2203
278 4585 245 2201
272 4577 260 2192
264 4552 245 2218
281 4629 240 2200
269 4576 240 2221
276 4594 244 2207
276 4594 244 2207
269 4570 260 2194
264 4578 250 2200
271 4569 237 2235
268 4555 245 2211
280 4563 236 2231
272 4562 255 2198
273 4609 244 2204
263 4562 240 2242
