16508 750.641
528 8910 343 2260
461 8280 309 2176
460 7927 249 2122
545 9640 294 2218
502 8886 316 2137
430 7815 293 2152
358 6347 253 2047
474 8710 288 2126
421 7290 242 2008
379 6912 278 2038
436 7953 287 2119
470 8165 291 2148
502 8735 305 2161
544 9820 355 2236
470 8200 302 2121
439 7515 245 2060
413 7733 308 2170
475 8105 266 2133
395 6823 259 2042
418 7357 266 2109
442 7778 286 2184
486 8791 329 2235
429 7365 266 2093
511 8649 288 2152
415 7373 263 2115
414 7153 292 2086
513 8878 274 2248
505 8831 287 2202
456 7865 277 2087
490 8400 292 2127
516 9008 311 2154
457 8125 292 2161
573 10065 337 2189
501 8940 328 2157
479 8396 313 2077
501 8980 264 2058
429 7490 251 2130
561 9105 358 2246
467 8602 310 2161
435 7390 254 2138
519 9292 317 2096
471 8196 270 2156
574 9867 390 2197
449 7745 282 2179
518 9240 281 2100
417 7364 279 2124
496 8643 274 2179
421 7356 272 2021
476 8099 319 2236
448 8024 265 2104
488 8369 285 2146
436 7296 322 2125
452 8133 301 2244
505 8917 311 2151
479 8310 269 2143
591 10488 327 2310
477 7904 256 2062
591 9546 268 2173
475 8553 273 2093
469 8477 266 2071
456 8008 261 2137
472 8481 279 2257
578 9655 366 2212
469 8057 302 2171
481 8498 285 2103
445 7493 278 2143
594 10374 282 2266
451 7816 288 2134
463 8412 308 2091
476 8810 265 2110
468 7975 273 2122
490 8428 350 2282
511 9115 326 2288
559 9752 313 2190
513 8294 341 2273
499 8292 349 2211
509 8726 326 2261
472 8556 324 2256
455 7968 268 2092
548 9470 276 2130
416 7333 312 2112
546 9566 274 2182
565 9938 340 2130
479 8609 280 2142
458 8209 285 2097
522 9427 289 2165
464 8274 287 2187
501 8775 268 2114
530 9439 312 2221
382 6638 248 2043
440 8091 318 2078
465 8081 305 2201
423 7319 284 2153
461 7850 262 2135
517 9108 326 2166
567 9474 346 2308
470 8082 291 2188
434 7711 305 2203
484 8665 322 2169
533 9083 281 2201
449 7943 240 2073
510 8610 269 2201
496 8680 365 2199
490 8594 292 2158
444 8144 310 2168
487 8028 307 2097
586 9476 294 2243
425 7416 274 2179
442 7702 275 2173
538 9707 311 2152
452 8106 264 2135
501 8583 317 2152
549 9831 324 2254
473 8287 332 2121
529 8996 346 2132
498 8893 355 2137
601 10099 330 2258
459 8197 281 2095
480 8532 374 2244
515 9116 271 2079
449 7865 261 2166
440 7900 282 2108
468 8541 273 2116
409 7062 246 2072
435 8103 299 2161
515 8866 295 2184
481 9020 294 2181
416 7626 260 2164
471 8339 275 2145
457 8177 296 2153
509 9012 299 2225
489 8929 278 2123
577 10235 315 2212
481 8493 313 2167
435 7428 299 2083
515 8721 301 2088
398 7040 243 2091
440 7843 259 2032
446 7842 329 2227
524 9379 287 2231
514 8752 300 2196
465 7943 310 2151
432 7394 282 2118
549 9025 357 2232
583 10231 326 2135
604 10051 292 2201
578 10126 332 2140
523 8764 299 2170
532 9503 311 2261
495 8180 362 2194
425 7564 291 2101
441 7689 269 2097
502 8792 303 2284
531 9501 260 2079
472 8286 274 2172
489 8350 309 2121
493 8339 297 2239
504 8627 358 2317
521 9159 355 2335
430 7765 305 2098
516 9246 336 2253
440 7667 253 2133
434 7672 279 2115
491 8405 279 2213
495 8740 316 2104
490 8359 285 2149
506 8708 315 2112
441 7431 280 2165
469 7905 298 2175
551 9487 290 2158
493 8983 355 2112
488 8661 288 2151
490 8672 326 2131
486 8541 284 2196
521 8722 284 2197
413 7460 278 2149
586 10761 344 2353
513 8569 363 2247
478 8319 342 2251
460 8217 254 2116
457 8064 288 2148
446 7775 268 2163
591 10067 308 2212
513 8752 347 2198
430 7432 265 2106
471 8377 295 2113
448 8029 301 2137
546 9775 322 2133
439 8041 273 2136
490 8381 341 2168
459 8011 303 2229
528 9057 290 2155
485 8573 319 2144
493 8131 287 2253
528 9442 370 2214
491 8341 336 2318
492 8396 313 2122
476 8336 277 2084
437 7826 281 2084
459 8175 252 2087
448 7774 284 2149
526 9299 341 2105
510 9279 336 2243
439 7697 291 2062
474 8068 256 2068
481 8298 293 2057
501 8875 266 2251
641 10818 345 2308
487 8720 334 2147
494 8493 371 2233
442 7975 300 2085
560 10167 331 2347
510 8764 313 2197
569 9230 316 2193
407 7073 272 2029
424 7446 313 2161
496 8614 266 2135
549 10346 328 2248
521 9373 326 2307
544 9125 379 2264
437 7781 262 2122
477 8570 299 2089
506 9033 345 2226
504 9179 282 2142
423 7188 272 2178
536 9561 333 2226
418 7457 261 2062
452 8107 286 2080
496 8636 324 2131
506 9011 400 2291
490 8542 274 2071
508 8407 268 2112
522 9340 307 2293
457 8349 280 2133
429 7454 251 2094
536 8841 306 2130
594 10611 310 2140
469 8608 256 2091
425 7355 246 2110
459 7969 296 2080
451 7902 268 2074
469 8313 310 2249
395 6923 273 2136
480 8684 307 2099
513 9250 293 2233
439 7841 289 2135
503 8273 347 2198
445 8096 281 2120
492 8676 284 2150
517 8599 303 2195
543 9335 376 2310
480 8624 280 2163
491 8524 265 2089
496 8575 281 2083
520 9056 308 2218
427 7446 253 2089
474 8326 287 2264
482 8525 293 2116
447 7387 313 2158
611 10645 350 2194
520 9094 300 2205
536 8703 366 2221
574 9977 339 2200
469 8553 328 2224
503 8930 352 2303
442 7887 313 2225
446 7883 329 2224
429 7106 318 2140
446 7922 357 2075
456 8035 277 2109
504 8659 339 2324
538 10129 356 2212
445 7743 344 2259
556 10115 331 2199
511 9089 261 2167
468 8582 285 2141
508 8991 313 2269
492 8446 350 2210
386 6870 271 2061
513 9153 302 2286
459 8228 282 2157
484 8359 253 2041
525 9213 246 2171
581 10424 391 2309
455 8213 288 2170
521 8950 301 2256
434 7722 288 2155
420 7350 264 2093
553 9710 323 2180
481 8582 317 2136
465 8391 252 2019
450 7994 354 2216
442 8067 308 2089
472 8495 312 2211
502 8306 301 2117
519 9077 267 2196
495 8671 306 2124
501 8368 302 2151
654 11869 373 2235
481 8497 318 2182
