81398 3421.35
402 6987 273 2028
399 7324 225 2000
386 7092 246 2078
371 6460 274 2003
514 8884 369 2266
416 7567 236 2102
382 7040 240 2005
474 8214 263 2066
459 8481 305 2207
446 8293 291 2021
487 9038 309 2217
406 7520 264 2016
453 8072 330 2091
426 7405 257 2072
503 9116 257 2081
409 7603 251 2092
515 9410 345 2067
445 8009 301 2247
462 8496 251 2077
447 7927 253 2034
392 6921 234 1977
494 9001 263 2112
447 8003 280 2113
470 7895 306 2120
471 8512 250 2009
522 9376 300 2120
535 9727 246 2059
482 8520 330 2110
418 7353 259 2032
427 7549 287 2068
447 7821 304 2076
482 8543 296 2108
468 8399 333 2123
391 7239 267 2055
487 8706 322 2163
409 7336 251 1986
443 8054 285 2055
490 8452 291 2132
339 6289 232 2052
402 7149 295 2050
446 7963 320 2102
433 7909 348 2070
433 8004 309 2104
405 7435 302 2054
486 8334 354 2146
417 7191 307 2084
507 9207 288 2095
455 8419 326 2065
383 6883 222 2034
448 8156 285 2064
477 8470 259 2062
445 8218 260 2030
475 8463 299 2087
433 7662 266 2190
536 9850 310 2272
402 7222 239 2003
538 9673 287 2178
542 9581 298 2172
390 7099 281 2015
379 6774 266 2077
400 7036 242 1995
491 8882 310 2110
479 8322 258 2000
478 8764 324 2171
531 9031 311 2229
506 9216 380 2176
400 7063 246 2047
448 8277 292 2141
474 8266 373 2146
462 8382 310 2101
454 7934 269 2071
415 7537 225 1990
466 8527 270 2076
407 7035 261 2025
518 9128 290 2056
478 8334 296 2171
458 7736 290 2098
457 7925 302 2155
477 8590 343 2232
439 7422 269 2002
432 7600 280 2069
427 7681 275 2083
447 8019 291 2034
394 7090 230 1982
457 7740 276 2087
440 7473 302 2122
433 8136 305 2127
473 8399 267 2022
435 8091 263 2032
436 7907 287 2233
491 8823 305 2144
399 7101 238 2055
407 7292 270 2105
455 8044 277 2052
428 7771 256 1983
415 7399 326 2078
506 9107 280 2072
400 7333 239 1985
550 9715 315 2214
569 10542 337 2325
484 8827 300 2097
502 8860 298 2167
437 7965 299 2080
531 8971 370 2244
475 8574 305 2149
442 7844 246 2046
530 9368 343 2137
521 9316 319 2121
431 7461 291 2068
515 8955 301 2123
436 7329 245 2003
421 7584 246 1989
409 7047 251 2113
454 8593 307 2222
368 6632 246 1989
508 9026 277 2126
441 7644 272 2111
489 8838 358 2162
419 7721 304 2051
420 7653 275 2099
458 8263 286 2145
464 8104 285 2068
429 7708 245 1965
446 8264 250 2079
437 7407 243 2068
435 7678 279 2041
458 8471 263 2058
434 7639 267 2048
430 7818 255 2094
412 7407 275 2058
476 8123 294 2140
397 7358 255 2104
466 8650 259 2088
408 7478 232 2002
430 7763 268 2034
420 7243 239 2026
529 9644 322 2216
461 8037 322 2233
450 8071 283 2086
505 9168 350 2192
462 8057 279 2109
434 7959 255 2001
424 7823 248 2037
492 8616 389 2195
451 7983 251 2097
469 8486 318 2121
492 8724 274 2086
576 10255 341 2213
428 7553 250 2061
456 8161 290 2100
429 7698 246 2052
364 6592 237 2017
445 8184 282 2164
426 7579 234 2046
463 8318 308 2203
419 7406 279 2145
443 7520 287 2109
469 7988 278 2068
458 8128 306 2106
346 6307 230 2058
542 9042 320 2170
589 10653 392 2272
504 8534 360 2151
477 8405 356 2230
459 8478 240 2074
442 8026 272 2076
423 7715 312 2095
504 8886 280 2135
499 8896 290 2153
467 8487 239 2046
574 9911 404 2319
465 8487 282 2057
408 7598 259 2029
455 7936 255 2068
405 7115 264 2019
371 6728 241 2020
433 7847 235 2040
490 9047 293 2101
470 8723 269 2079
493 9048 323 2119
501 8910 311 2134
450 8060 324 2155
457 8182 252 2087
435 8047 269 2086
445 8150 256 2112
394 6989 246 2032
560 9379 351 2312
407 7354 240 2009
416 7501 265 2060
471 8254 262 2065
429 7704 234 2001
416 7197 246 2100
445 8249 314 2104
417 7629 249 2052
452 8167 277 2110
466 8445 290 2121
403 7358 266 2086
457 8156 263 2013
380 6811 227 2045
350 6350 248 2047
421 7495 268 2098
449 7800 253 2042
514 9303 283 1996
369 6752 249 2025
492 8710 316 2166
573 10417 342 2128
407 7321 264 2002
437 8216 273 2153
435 7548 276 2057
435 8007 283 2120
436 7795 256 2037
447 8096 269 2100
469 7773 304 2064
416 7749 335 2114
475 8251 281 2106
389 6927 256 2104
448 7740 282 2034
458 8190 269 2027
419 7865 295 2059
529 8866 347 2113
429 7437 312 2173
436 7821 276 2063
568 9284 402 2320
472 8597 298 2233
453 8277 241 2049
405 7053 241 2066
407 7141 274 2033
405 7335 309 2086
389 6894 282 2069
441 8038 335 2193
486 8442 310 2043
467 8332 303 2073
435 7472 292 2091
465 8068 259 2018
396 7245 250 2017
482 8430 324 2269
493 8716 331 2129
490 9158 323 2119
432 7787 300 2085
427 7810 288 2146
395 7189 253 2015
463 8457 302 2071
407 7412 226 2070
467 8266 282 2032
545 9799 347 2310
458 8277 277 2048
471 8503 283 2041
510 8916 252 2133
434 7902 254 2114
440 8008 331 2100
447 7806 272 2079
396 7454 241 2057
496 8750 356 2175
377 6980 246 2008
411 7404 309 2058
514 8983 304 2219
566 10268 338 2071
489 8600 273 2081
532 9533 331 2168
356 6235 273 2004
513 9331 299 2072
414 7326 288 2084
584 10194 320 2194
458 8132 330 2149
499 8982 309 2129
467 8221 264 2020
496 8653 270 2186
436 7440 246 1965
513 9236 321 2184
438 7992 290 2070
456 7831 296 2124
414 7573 232 1996
502 9073 395 2170
474 8385 313 2135
436 7904 275 2127
450 8237 294 2052
535 9199 333 2117
349 6466 225 1997
408 7131 274 2028
404 7181 263 2135
412 7329 291 2038
399 7131 263 2019
425 7552 248 2051
361 6663 257 2127
484 8670 350 2105
492 8433 303 2110
404 7187 252 1991
476 8282 294 2104
382 6982 225 2015
419 7578 240 2065
412 7403 238 2050
489 9094 310 2210
485 8927 301 2094
468 8170 302 2024
435 7855 287 2150
432 7837 230 1992
406 7390 257 2087
397 7037 330 2076
484 8751 303 2128
533 9902 401 2263
