154519 1500.15
483 9000 239 2089
380 7054 293 2103
420 7460 230 2227
483 9000 239 2089
352 6376 245 2187
363 6257 266 2155
462 8398 284 2080
421 7376 225 2205
401 7442 274 2087
449 8072 252 2088
421 7376 225 2205
421 7376 225 2205
420 7460 230 2227
420 7460 230 2227
449 8072 252 2088
426 7474 225 2114
378 6750 231 2117
478 8836 270 2085
380 7054 293 2103
360 6506 258 2125
380 7054 293 2103
462 8398 284 2080
478 8836 270 2085
380 7054 293 2103
369 6542 254 2162
403 7215 280 2098
449 8072 252 2088
358 6552 263 2146
449 8072 252 2088
358 6552 263 2146
360 6567 251 2175
449 8072 252 2088
363 6257 266 2155
421 7380 280 2088
360 6567 251 2175
409 6630 245 2135
409 6630 245 2135
420 7460 230 2227
403 7283 233 2114
366 6748 240 2178
367 6594 237 2144
370 6666 244 2104
403 7283 233 2114
403 7215 280 2098
403 7283 233 2114
449 8072 252 2088
376 6469 270 2136
402 7386 235 2090
376 6470 253 2176
420 7460 230 2227
367 6594 237 2144
478 8836 270 2085
409 6630 245 2135
462 8398 284 2080
421 7380 280 2088
380 7054 293 2103
365 6587 254 2137
360 6506 258 2125
352 6376 245 2187
359 6527 268 2180
360 6506 258 2125
363 6450 255 2152
363 6257 266 2155
424 7226 258 2100
370 6666 244 2104
478 8836 270 2085
363 6450 255 2152
370 6666 244 2104
478 8836 270 2085
380 7054 293 2103
352 6376 245 2187
403 7283 233 2114
478 8836 270 2085
360 6567 251 2175
403 7283 233 2114
483 9000 239 2089
359 6527 268 2180
359 6527 268 2180
357 6446 270 2140
363 6257 266 2155
357 6446 270 2140
359 6527 268 2180
357 6446 270 2140
421 7376 225 2205
424 7226 258 2100
363 6257 266 2155
360 6567 251 2175
478 8836 270 2085
357 6446 270 2140
363 6450 255 2152
359 6527 268 2180
424 7226 258 2100
403 7283 233 2114
363 6257 266 2155
359 6527 268 2180
478 8836 270 2085
363 6450 255 2152
424 7226 258 2100
378 6750 231 2117
357 6446 270 2140
424 7226 258 2100
380 7054 293 2103
426 7474 225 2114
352 6376 245 2187
401 7442 274 2087
370 6666 244 2104
449 8072 252 2088
420 7460 230 2227
363 6257 266 2155
359 6527 268 2180
359 6527 268 2180
357 6446 270 2140
421 7376 225 2205
376 6469 270 2136
365 6587 254 2137
421 7376 225 2205
421 7380 280 2088
363 6257 266 2155
421 7380 280 2088
378 6750 231 2117
409 6630 245 2135
357 6446 270 2140
352 6376 245 2187
357 6446 270 2140
360 6567 251 2175
363 6257 266 2155
409 6630 245 2135
376 6469 270 2136
376 6469 270 2136
424 7226 258 2100
483 9000 239 2089
363 6257 266 2155
359 6527 268 2180
363 6450 255 2152
380 7054 293 2103
359 6527 268 2180
421 7380 280 2088
376 6469 270 2136
363 6450 255 2152
363 6257 266 2155
360 6506 258 2125
421 7380 280 2088
424 7226 258 2100
359 6527 268 2180
478 8836 270 2085
360 6506 258 2125
360 6567 251 2175
363 6257 266 2155
363 6257 266 2155
380 7054 293 2103
363 6450 255 2152
420 7460 230 2227
357 6446 270 2140
421 7376 225 2205
424 7226 258 2100
380 7054 293 2103
360 6567 251 2175
359 6527 268 2180
380 7054 293 2103
360 6567 251 2175
376 6469 270 2136
359 6527 268 2180
426 7474 225 2114
380 7054 293 2103
360 6567 251 2175
359 6527 268 2180
478 8836 270 2085
380 7054 293 2103
421 7380 280 2088
378 6750 231 2117
380 7054 293 2103
352 6376 245 2187
420 7460 230 2227
402 7386 235 2090
363 6257 266 2155
403 7283 233 2114
370 6666 244 2104
370 6666 244 2104
370 6666 244 2104
478 8836 270 2085
426 7474 225 2114
376 6469 270 2136
421 7380 280 2088
421 7380 280 2088
421 7380 280 2088
363 6450 255 2152
424 7226 258 2100
420 7460 230 2227
359 6527 268 2180
360 6506 258 2125
370 6666 244 2104
363 6257 266 2155
363 6257 266 2155
421 7380 280 2088
380 7054 293 2103
359 6527 268 2180
360 6506 258 2125
363 6450 255 2152
370 6666 244 2104
478 8836 270 2085
363 6450 255 2152
478 8836 270 2085
352 6376 245 2187
403 7283 233 2114
403 7283 233 2114
359 6527 268 2180
462 8398 284 2080
357 6446 270 2140
363 6450 255 2152
424 7226 258 2100
478 8836 270 2085
363 6450 255 2152
424 7226 258 2100
424 7226 258 2100
380 7054 293 2103
370 6666 244 2104
449 8072 252 2088
420 7460 230 2227
363 6257 266 2155
359 6527 268 2180
360 6567 251 2175
421 7376 225 2205
426 7474 225 2114
378 6750 231 2117
380 7054 293 2103
360 6506 258 2125
462 8398 284 2080
369 6542 254 2162
403 7215 280 2098
358 6552 263 2146
360 6567 251 2175
449 8072 252 2088
363 6257 266 2155
421 7380 280 2088
359 6527 268 2180
409 6630 245 2135
420 7460 230 2227
366 6748 240 2178
367 6594 237 2144
370 6666 244 2104
403 7215 280 2098
449 8072 252 2088
376 6470 253 2176
420 7460 230 2227
367 6594 237 2144
478 8836 270 2085
409 6630 245 2135
352 6376 245 2187
380 7054 293 2103
420 7460 230 2227
421 7376 225 2205
380 7054 293 2103
359 6527 268 2180
380 7054 293 2103
359 6527 268 2180
426 7474 225 2114
360 6567 251 2175
359 6527 268 2180
478 8836 270 2085
380 7054 293 2103
421 7380 280 2088
363 6257 266 2155
420 7460 230 2227
363 6257 266 2155
403 7283 233 2114
370 6666 244 2104
478 8836 270 2085
421 7380 280 2088
421 7380 280 2088
363 6450 255 2152
424 7226 258 2100
359 6527 268 2180
360 6506 258 2125
370 6666 244 2104
363 6257 266 2155
376 6469 270 2136
365 6587 254 2137
421 7376 225 2205
421 7380 280 2088
378 6750 231 2117
409 6630 245 2135
357 6446 270 2140
352 6376 245 2187
357 6446 270 2140
409 6630 245 2135
376 6469 270 2136
376 6469 270 2136
483 9000 239 2089
363 6257 266 2155
359 6527 268 2180
363 6450 255 2152
380 7054 293 2103
359 6527 268 2180
421 7380 280 2088
376 6469 270 2136
363 6450 255 2152
421 7380 280 2088
424 7226 258 2100
359 6527 268 2180
478 8836 270 2085
