6729 300.097
478 8406 292 2134
494 8827 291 2253
518 8562 379 2161
516 8944 298 2219
465 8061 346 2143
506 8902 332 2308
447 8053 272 2171
486 8512 271 2130
475 8361 365 2357
499 9083 285 2127
509 8965 316 2171
419 7533 285 2133
531 9398 335 2274
470 8380 290 2265
467 8540 318 2214
530 9699 345 2171
465 7968 300 2290
570 9846 372 2248
427 7732 271 2175
407 7091 248 2086
470 8054 276 2179
475 8112 272 2223
511 8219 295 2080
613 10845 510 2489
508 9208 341 2185
427 7995 260 2112
426 7507 288 2184
490 8772 287 2125
550 9810 311 2110
498 8892 274 2096
487 8814 296 2132
468 8196 270 2233
464 8055 292 2156
427 7608 280 2120
396 7053 292 2155
467 8323 291 2197
503 8875 301 2213
474 8029 396 2276
449 8013 273 2115
456 8300 269 2186
453 8339 262 2088
558 9550 279 2182
443 7989 282 2058
562 9620 344 2288
502 8594 321 2333
522 9268 380 2303
429 7497 272 2137
445 7584 336 2116
453 7791 309 2247
452 7922 264 2171
546 9200 379 2190
418 7433 303 2129
579 10144 307 2212
516 9036 264 2199
497 8985 303 2094
551 9914 340 2316
488 8578 266 2231
615 10842 316 2301
501 9311 294 2276
532 9628 387 2194
509 9113 306 2139
429 7265 266 2146
526 9579 304 2202
566 9275 296 2219
513 8512 273 2205
484 8766 322 2188
426 7831 295 2230
493 7943 325 2229
395 7167 278 2115
481 8505 326 2192
453 8041 271 2211
485 8260 378 2185
502 9255 315 2234
549 9770 349 2281
434 8034 266 2165
608 10438 367 2278
486 8342 323 2131
469 8487 288 2125
475 8220 256 2177
416 7498 265 2046
489 8340 290 2173
486 9018 293 2184
509 8429 311 2182
478 8678 258 2121
555 9860 269 2214
466 8390 268 2171
481 8272 304 2267
430 7567 266 2111
522 9614 307 2192
539 9064 306 2196
500 8350 277 2153
609 11023 419 2294
460 8469 285 2184
497 8954 310 2188
425 7206 263 2171
467 8204 297 2165
476 8516 306 2280
514 9019 312 2218
385 6877 305 2091
480 8734 284 2100
579 9028 312 2247
485 8411 302 2143
548 9157 334 2336
433 7531 294 2205
514 8861 375 2279
495 8918 300 2180
518 8735 300 2206
535 9498 299 2283
527 9229 323 2237
558 9480 319 2239
582 9546 368 2200
473 7968 281 2211
413 7062 250 2116
481 9013 323 2067
477 8319 317 2284
545 9878 341 2224
488 8362 282 2153
431 7597 286 2102
564 9702 314 2207
549 9553 290 2180
455 8009 311 2166
496 8770 323 2120
494 8829 316 2329
450 8280 286 2095
524 9152 339 2274
519 8569 327 2235
501 8769 297 2214
424 7431 254 2049
442 7728 297 2173
538 9222 331 2267
471 8324 269 2173
476 8416 286 2182
566 10306 319 2267
455 8066 316 2179
632 11393 395 2269
450 7719 272 2161
522 9375 297 2068
513 8554 294 2112
501 8780 384 2231
606 10577 362 2332
470 8172 320 2137
482 8795 307 2212
501 8176 293 2174
480 8427 310 2191
542 9425 258 2280
525 8877 274 2220
518 9235 312 2210
573 9559 272 2185
458 8211 284 2091
542 9774 338 2248
436 7629 296 2178
579 10241 292 2344
468 8317 368 2284
555 9375 373 2166
525 8897 308 2141
424 7420 254 2086
534 9418 322 2231
452 8255 308 2100
453 7734 338 2164
571 10056 338 2143
514 8731 344 2370
485 8088 256 2195
492 8704 286 2263
403 6823 265 2146
494 8983 305 2270
564 9665 309 2178
439 7777 270 2105
425 7526 340 2174
493 9084 281 2145
511 8844 326 2178
461 8324 310 2272
496 8663 285 2250
439 7581 278 2112
526 9414 332 2146
439 6990 329 2160
465 8362 296 2209
498 8879 296 2218
489 8538 340 2215
487 8809 287 2162
468 8615 288 2200
513 9090 291 2382
565 9783 358 2167
450 7949 262 2167
451 7724 269 2100
510 9073 290 2151
535 9459 286 2160
415 7293 277 2088
506 8599 358 2136
531 9529 307 2269
477 8336 286 2121
446 7789 278 2173
619 11109 357 2302
502 9289 298 2243
496 8265 285 2187
561 9547 310 2195
554 9640 430 2154
611 10437 433 2428
451 7924 282 2170
547 8994 322 2219
523 8994 280 2182
511 9180 312 2202
518 9050 300 2141
500 8907 306 2218
516 8584 299 2190
524 8982 342 2207
513 8925 339 2170
519 9197 281 2148
527 9264 289 2199
433 7604 330 2181
612 10813 407 2358
538 9408 293 2160
523 9327 392 2281
549 9939 297 2220
549 9858 326 2184
535 9810 335 2243
471 8388 291 2240
596 9746 322 2230
580 9704 371 2237
507 9028 335 2163
450 7367 301 2177
517 9364 304 2310
468 7720 248 2150
544 9500 382 2348
500 8759 316 2157
441 8267 323 2160
472 8499 332 2363
487 8347 313 2262
580 10368 333 2234
543 9378 335 2248
472 7876 347 2163
527 9280 322 2211
388 7211 248 2112
505 8878 287 2131
492 8749 363 2314
426 7609 261 2100
494 7936 345 2207
438 8116 260 2176
557 9767 369 2244
478 8582 293 2230
455 7780 271 2175
457 8362 291 2145
538 9426 345 2309
497 9396 296 2221
449 7711 326 2244
443 7834 278 2137
525 9421 277 2263
498 8879 318 2148
452 8381 299 2174
501 8716 291 2185
429 7579 282 2091
445 7571 290 2187
421 7672 278 2097
567 9556 326 2335
441 7810 274 2164
483 8522 289 2253
560 10094 429 2199
441 8029 264 2115
463 8497 303 2133
515 8412 384 2180
466 8400 325 2187
539 9282 278 2180
480 8488 272 2169
487 8715 273 2097
551 10020 399 2208
494 8899 276 2282
502 8707 318 2256
476 8527 318 2249
448 7849 274 2256
478 8679 386 2332
508 8730 339 2184
460 8287 326 2210
533 9162 311 2225
458 8212 295 2107
467 8403 294 2204
458 8243 300 2140
553 9291 364 2181
515 9405 341 2179
482 8475 281 2151
470 8153 296 2186
429 7601 288 2133
477 8678 258 2066
517 8921 343 2165
461 8022 294 2176
472 8419 272 2188
438 7838 265 2109
538 9854 362 2315
442 7399 266 2113
517 9109 322 2196
544 9692 455 2243
525 8825 330 2231
446 8080 266 2067
444 7912 278 2097
477 8175 350 2209
530 9116 310 2271
554 10163 325 2302
449 7878 295 2124
486 8274 276 2334
496 8842 347 2190
420 7694 288 2078
423 7620 309 2147
