75184 3421.61
303 5399 233 2052
318 5701 244 2012
306 5435 230 2054
314 5406 239 2028
305 5504 239 2025
328 5484 230 2042
322 5605 239 2020
321 5810 233 2027
330 5877 230 2033
304 5485 244 2020
334 5836 227 2070
326 5866 239 2017
345 5811 234 2023
306 5333 248 2034
320 5616 234 2030
299 5392 241 2047
305 5525 235 2040
317 5496 234 2035
312 5574 230 2047
324 5701 230 2038
319 5456 234 2041
335 6088 234 2021
340 5756 229 2062
318 5716 232 2034
311 5600 233 2040
371 6102 225 2053
340 5992 228 2065
305 5518 230 2058
300 5539 243 2044
339 6050 239 2016
342 6085 226 2071
330 5941 229 2063
342 6106 244 2010
324 5730 235 2028
314 5651 244 2018
302 5405 248 2035
304 5392 241 2044
305 5610 234 2045
337 5957 244 2011
341 6034 232 2030
312 5670 235 2038
304 5480 242 2029
310 5448 239 2028
330 5665 232 2035
303 5470 242 2041
313 5640 239 2024
325 5548 234 2034
306 5518 245 2019
332 5812 248 2011
304 5394 239 2060
317 5730 230 2045
318 5702 234 2032
318 5607 240 2023
306 5566 244 2019
308 5407 241 2039
320 5683 231 2042
318 5687 248 2013
338 6022 234 2024
322 5886 243 2017
375 6279 250 2003
345 6150 223 2078
297 5315 242 2048
297 5315 242 2048
425 7267 266 2088
394 7071 270 2088
386 7062 277 2065
441 7452 273 2073
430 7369 245 2055
410 7460 270 2070
385 6825 274 2080
335 6117 253 2075
436 7662 248 2072
453 7985 254 2075
412 7610 277 2124
371 6666 261 2063
386 6745 261 2088
367 6440 258 2077
431 7307 251 2058
428 7449 266 2093
368 6273 249 2055
386 6942 258 2077
403 7213 284 2071
455 8114 253 2081
480 8644 259 2111
424 7709 278 2084
389 6803 259 2084
401 7107 272 2106
431 7494 248 2045
456 8357 259 2051
417 7562 241 2085
405 7340 243 2112
455 8451 273 2075
367 6365 273 2083
426 7610 239 2084
415 7278 277 2100
363 6448 254 2051
394 6864 279 2099
350 6054 243 2032
427 7520 248 2091
436 8092 267 2081
356 6265 244 2092
451 7875 261 2088
425 7619 260 2066
380 7016 276 2038
427 7858 268 2094
395 7226 261 2114
400 7269 259 2095
427 7243 242 2042
418 7198 270 2102
427 7474 255 2100
452 7819 281 2092
399 7153 290 2088
471 8454 297 2108
381 6769 267 2117
442 7993 250 2071
434 7662 261 2076
396 7086 257 2063
356 6385 259 2079
370 6700 270 2098
386 6716 257 2102
358 6493 254 2059
442 7862 252 2108
403 7149 252 2088
396 7264 274 2075
337 6166 240 2075
442 8194 299 2073
395 7166 248 2097
422 7251 261 2071
439 7652 270 2093
377 6920 248 2076
416 7414 250 2064
402 7155 246 2083
377 6885 266 2054
402 7012 249 2072
398 7054 241 2072
458 8240 238 2085
410 7184 266 2105
436 7872 262 2083
442 7944 235 2070
393 6699 264 2098
416 7418 270 2093
413 7434 277 2089
385 7018 252 2079
409 7271 259 2035
396 7004 252 2076
451 7978 251 2080
400 7226 268 2092
455 8051 288 2077
362 6265 248 2074
436 7317 262 2114
385 6795 254 2089
362 6340 252 2069
423 7582 289 2079
397 6823 253 2069
384 6738 271 2067
394 7240 276 2053
438 7433 252 2072
384 6698 248 2068
441 7889 277 2093
467 8251 275 2083
405 7319 251 2083
434 7542 260 2090
400 7139 275 2103
409 7132 268 2088
438 7727 249 2080
417 7316 264 2091
395 7204 264 2070
381 6748 248 2094
383 6921 255 2064
370 6671 283 2079
367 6616 255 2062
376 6665 285 2085
390 6909 279 2085
438 7592 235 2080
424 7644 233 2093
366 6557 261 2063
376 6748 281 2082
425 7553 271 2102
342 5955 262 2064
404 6688 248 2062
412 7239 262 2067
420 7215 267 2091
359 6397 242 2091
473 8674 291 2120
454 8106 278 2109
447 7685 252 2073
413 7150 273 2067
446 7337 288 2092
429 8014 277 2084
418 7553 269 2104
374 6889 252 2075
401 6974 258 2094
391 6950 245 2088
411 7262 259 2082
396 6934 276 2091
428 7286 258 2061
399 7013 244 2085
396 6748 270 2075
362 6466 250 2036
407 7180 252 2109
430 7327 241 2064
378 6787 257 2083
428 7610 245 2110
483 8569 239 2075
406 7332 277 2092
433 7642 267 2107
434 7458 260 2073
376 6533 285 2073
452 8057 250 2087
369 6206 259 2039
402 7022 253 2086
396 7059 278 2092
377 6609 239 2069
416 7365 276 2108
409 7402 281 2066
409 7282 264 2095
418 7077 259 2061
385 6992 275 2039
390 7110 250 2074
397 7034 245 2061
403 6897 252 2048
414 7545 280 2066
414 7252 258 2086
413 7310 267 2073
464 8451 278 2054
428 7600 303 2122
389 6676 254 2083
444 7722 255 2091
421 7432 251 2063
407 7336 273 2073
433 7282 272 2086
423 7560 255 2081
371 6838 265 2065
387 6707 260 2083
403 7328 240 2085
458 8205 248 2083
364 6490 268 2042
399 6817 250 2050
418 7344 248 2077
399 7253 259 2099
387 6778 254 2072
404 7286 253 2049
388 6976 283 2073
395 7011 253 2066
398 7082 264 2138
442 7885 243 2085
400 7058 267 2058
395 7238 280 2099
417 7501 250 2103
405 7247 260 2092
390 7140 251 2091
441 7825 251 2098
386 6755 270 2077
400 7125 264 2072
445 8051 292 2093
388 6597 257 2089
421 7096 277 2082
422 7387 262 2056
423 7444 250 2085
383 6910 251 2093
397 7196 255 2074
437 7839 277 2081
395 7078 276 2068
402 7235 281 2111
403 7244 252 2061
443 7781 261 2081
423 7435 264 2078
414 7481 256 2076
408 6958 258 2065
386 6832 287 2070
370 6565 250 2073
370 6437 252 2060
458 8128 254 2063
441 8069 258 2091
410 7390 241 2048
431 7570 248 2067
439 7303 266 2077
408 6932 264 2072
416 7427 267 2072
431 7778 259 2102
384 6632 246 2051
443 7635 281 2109
411 7403 243 2061
410 7485 242 2060
416 7475 261 2097
420 7157 252 2089
434 7827 248 2073
404 7177 238 2067
387 6905 250 2070
374 6458 273 2095
438 7605 261 2085
415 7397 258 2091
413 7150 258 2108
417 7509 262 2078
390 6816 262 2077
435 7781 271 2042
395 6947 257 2053
411 7184 273 2098
431 7341 263 2075
421 7363 240 2085
