34766 1740.71
254 4618 253 2233
268 4466 255 2170
276 4634 235 2187
335 5323 326 2086
276 4494 264 2142
276 4487 259 2148
299 4895 299 2102
271 4484 259 2148
271 4475 259 2153
271 4484 259 2148
291 4566 280 2127
276 4491 264 2142
296 4796 278 2111
278 4537 269 2132
271 4481 259 2148
276 4509 244 2176
278 4525 269 2134
264 4508 249 2166
276 4536 264 2138
268 4481 249 2163
308 5175 249 2125
291 4548 280 2129
280 4590 280 2122
263 4538 255 2153
271 4494 244 2174
276 4494 264 2142
276 4504 244 2176
274 4492 255 2147
280 4590 280 2122
269 4578 260 2137
289 4646 280 2115
271 4489 245 2178
276 4491 264 2142
278 4525 269 2134
276 4491 264 2142
271 4473 259 2153
290 4687 280 2113
280 4590 280 2122
285 4514 275 2137
271 4475 259 2153
288 4753 279 2113
276 4494 264 2142
290 4687 280 2113
270 4543 264 2143
271 4472 259 2153
278 4609 258 2132
290 4718 290 2110
262 4490 249 2168
283 4542 258 2139
259 4617 242 2239
271 4495 249 2156
283 4542 258 2139
278 4525 269 2134
258 4533 249 2194
274 4492 255 2147
265 4479 247 2174
278 4563 269 2132
278 4525 269 2134
280 4590 280 2122
263 4545 258 2151
289 4646 280 2115
285 4514 275 2137
266 4559 249 2164
268 4468 247 2174
271 4484 249 2156
276 4499 264 2142
290 4687 280 2113
274 4590 269 2127
271 4481 259 2148
270 4477 249 2161
291 4548 280 2129
265 4474 249 2168
314 4969 265 2120
278 4537 269 2132
265 4466 249 2173
281 4510 253 2150
305 4919 277 2111
271 4484 259 2148
282 4567 280 2127
262 4493 249 2168
274 4607 236 2184
278 4537 269 2132
290 4718 290 2110
269 4578 260 2137
290 4651 248 2151
285 4514 275 2137
278 4553 260 2137
271 4484 249 2156
276 4494 264 2142
265 4487 249 2167
289 4646 280 2115
277 4658 249 2142
285 4514 275 2137
276 4491 264 2142
265 4504 247 2174
265 4467 249 2173
291 4566 280 2127
280 4595 280 2122
271 4475 259 2153
268 4468 247 2174
289 4637 275 2121
276 4494 264 2142
291 4566 280 2127
267 4511 258 2151
271 4475 259 2153
291 4548 280 2129
281 4657 269 2120
265 4475 249 2168
278 4537 269 2132
271 4484 259 2148
285 4514 275 2137
271 4496 244 2176
278 4525 269 2134
274 4528 264 2140
271 4562 244 2167
276 4491 264 2142
271 4505 247 2164
276 4494 264 2142
279 4666 264 2126
262 4493 249 2168
302 4812 299 2099
280 4590 280 2122
274 4503 264 2142
271 4481 259 2148
271 4477 247 2175
270 4471 255 2158
289 4593 280 2122
259 4611 242 2239
276 4491 264 2142
276 4494 264 2142
291 4560 280 2127
271 4481 259 2148
280 4590 280 2122
274 4584 269 2127
265 4475 249 2168
281 4618 243 2157
291 4566 280 2127
274 4584 269 2127
278 4537 269 2132
271 4484 259 2148
276 4623 253 2140
279 4643 269 2125
280 4617 280 2122
262 4493 249 2168
287 4644 241 2163
282 4549 280 2129
279 4594 260 2132
274 4492 264 2142
276 4499 264 2142
262 4493 249 2168
291 4548 280 2129
271 4477 255 2154
271 4479 247 2175
276 4502 264 2142
271 4561 260 2137
271 4475 259 2153
299 4957 299 2099
274 4579 269 2127
268 4509 262 2151
265 4467 249 2173
280 4650 258 2131
271 4489 245 2178
291 4548 280 2129
276 4494 264 2142
271 4475 259 2153
327 5415 258 2118
290 4687 280 2113
268 4491 254 2157
278 4553 260 2137
262 4521 249 2166
271 4510 248 2158
274 4495 255 2147
291 4566 280 2127
269 4578 260 2137
271 4479 247 2175
271 4477 247 2175
281 4510 253 2150
282 4567 280 2127
278 4525 269 2134
262 4493 249 2168
302 4841 299 2099
291 4548 280 2129
276 4667 269 2127
271 4477 255 2154
271 4484 259 2148
271 4481 259 2148
292 4909 288 2104
269 4516 264 2146
265 4471 247 2174
271 4473 259 2153
291 4560 280 2127
265 4474 247 2174
280 4595 280 2122
274 4584 269 2127
271 4472 259 2153
291 4633 255 2135
278 4537 269 2132
263 4538 255 2153
276 4494 264 2142
265 4466 249 2173
300 4712 255 2133
287 4674 269 2118
289 4637 275 2121
269 4516 264 2146
281 4522 255 2147
276 4491 264 2142
271 4491 245 2178
271 4479 247 2175
276 4512 264 2140
271 4484 259 2148
289 4646 280 2115
276 4512 264 2140
271 4489 255 2153
276 4511 264 2140
269 4489 254 2157
265 4467 249 2173
290 4687 280 2113
291 4560 280 2127
276 4502 264 2142
270 4471 255 2158
303 4744 290 2110
276 4491 264 2142
291 4548 280 2129
262 4486 249 2168
265 4467 249 2173
303 4826 267 2116
299 4752 290 2108
276 4502 264 2142
306 4823 262 2122
273 4504 264 2142
274 4492 255 2147
278 4673 243 2155
285 4514 275 2137
262 4519 249 2168
274 4499 249 2156
274 4495 255 2147
278 4553 260 2137
285 4514 275 2137
274 4579 269 2127
258 4567 252 2188
289 4646 280 2115
278 4537 269 2132
271 4487 247 2175
271 4481 259 2148
276 4502 244 2174
276 4499 264 2142
291 4548 280 2129
262 4498 249 2167
271 4484 259 2148
271 4477 247 2175
278 4525 269 2134
271 4475 259 2153
291 4566 280 2127
285 4514 275 2137
274 4514 264 2140
281 4520 242 2178
291 4548 280 2129
274 4587 264 2133
300 4831 267 2118
269 4521 264 2146
275 4586 241 2165
291 4548 280 2129
290 4769 290 2110
263 4559 258 2151
271 4514 248 2158
285 4514 275 2137
277 4658 249 2142
276 4511 264 2140
276 4494 264 2142
262 4486 249 2168
280 4590 280 2122
268 4639 242 2177
276 4494 264 2142
276 4494 264 2142
271 4494 244 2174
271 4481 259 2148
299 4752 290 2108
282 4549 280 2129
269 4497 254 2157
271 4473 259 2153
296 4802 278 2111
276 4511 264 2140
291 4566 280 2127
269 4516 264 2146
271 4481 259 2148
276 4536 264 2138
291 4560 280 2127
265 4475 249 2168
280 4650 258 2131
263 4538 255 2153
278 4553 260 2137
278 4553 260 2137
278 4525 269 2134
267 4527 264 2146
271 4494 244 2174
271 4481 259 2148
271 4489 245 2178
276 4502 264 2142
284 4785 258 2127
262 4497 249 2168
