70162 2160.59
263 4442 255 2164
263 4400 255 2170
283 4840 232 2214
322 5531 303 2085
275 4441 263 2154
275 4420 263 2154
301 4961 284 2100
277 4448 255 2152
265 4413 255 2157
275 4420 263 2154
277 4487 271 2131
275 4420 263 2154
292 4755 275 2112
277 4480 262 2136
275 4420 263 2154
269 4461 246 2184
277 4472 271 2138
270 4561 246 2158
277 4474 262 2143
265 4415 255 2157
311 5065 251 2128
277 4489 271 2131
281 4568 256 2128
270 4434 263 2154
270 4434 246 2175
275 4435 263 2154
269 4461 246 2184
265 4428 255 2157
278 4534 262 2129
274 4550 263 2134
287 4643 272 2118
270 4434 246 2175
275 4420 263 2154
277 4467 271 2138
275 4420 263 2154
275 4410 263 2160
287 4649 272 2118
280 4550 256 2128
281 4457 271 2145
275 4410 263 2160
290 4707 270 2116
277 4445 255 2152
287 4660 272 2118
277 4472 271 2138
265 4406 255 2163
280 4552 256 2128
290 4707 270 2116
263 4419 255 2175
271 4502 255 2151
270 4561 240 2180
266 4435 249 2162
279 4522 256 2135
277 4473 271 2138
269 4473 246 2178
275 4420 263 2154
265 4427 246 2175
271 4502 263 2134
277 4467 271 2138
283 4537 262 2129
271 4524 263 2134
281 4592 261 2126
281 4455 271 2145
276 4591 246 2156
263 4404 255 2170
265 4427 246 2175
277 4448 255 2152
287 4649 272 2118
280 4658 270 2123
275 4417 263 2154
263 4419 255 2170
277 4486 271 2131
265 4406 255 2163
295 4787 261 2119
277 4480 262 2136
263 4407 255 2170
277 4465 254 2159
297 4841 271 2113
275 4420 263 2154
283 4528 262 2129
265 4423 255 2157
275 4578 237 2188
277 4486 271 2131
292 4733 275 2114
277 4733 270 2127
276 4591 246 2156
281 4455 271 2145
277 4484 262 2136
265 4427 246 2175
275 4435 263 2154
265 4415 255 2157
287 4638 272 2120
286 4627 249 2142
281 4455 271 2145
275 4420 263 2154
269 4549 242 2167
263 4405 255 2170
278 4498 271 2131
287 4638 272 2120
275 4410 263 2160
263 4400 255 2170
281 4592 261 2126
275 4420 263 2154
277 4487 271 2131
275 4450 255 2152
265 4413 255 2157
277 4486 271 2131
287 4634 270 2123
263 4407 255 2170
277 4486 262 2136
275 4420 263 2154
281 4453 271 2145
270 4436 246 2175
277 4467 271 2138
277 4468 271 2138
269 4522 241 2176
275 4429 263 2154
266 4438 246 2169
275 4435 263 2154
281 4607 261 2126
265 4415 255 2157
295 4812 280 2109
280 4552 256 2128
277 4448 255 2152
275 4417 263 2154
263 4422 255 2170
265 4406 255 2163
281 4587 261 2126
274 4577 237 2188
275 4420 263 2154
277 4445 255 2152
278 4499 271 2131
275 4417 263 2154
283 4529 262 2129
282 4806 267 2119
263 4405 255 2170
274 4581 243 2164
283 4529 262 2129
280 4552 256 2128
277 4486 271 2131
275 4420 263 2154
280 4536 251 2145
281 4587 261 2126
282 4612 261 2126
265 4415 255 2157
278 4626 240 2177
277 4489 271 2131
280 4552 256 2128
275 4435 263 2154
277 4445 255 2152
265 4415 255 2157
277 4488 271 2131
265 4415 255 2157
265 4427 246 2175
281 4451 271 2145
279 4522 256 2135
265 4415 255 2157
307 5226 294 2095
278 4525 262 2129
277 4445 255 2152
263 4405 255 2170
283 4583 256 2128
265 4427 246 2175
277 4489 271 2131
277 4445 255 2152
265 4414 255 2157
303 5013 256 2122
287 4649 272 2118
275 4425 263 2154
277 4486 262 2136
270 4561 246 2158
266 4438 246 2169
267 4436 255 2157
280 4511 271 2131
277 4733 270 2127
265 4427 246 2175
263 4418 255 2170
276 4475 254 2159
283 4529 262 2129
277 4467 271 2138
268 4491 263 2141
301 4961 284 2100
277 4489 271 2131
283 4698 264 2121
265 4410 255 2163
265 4423 255 2157
275 4417 263 2154
297 5070 283 2101
277 4458 271 2145
263 4405 255 2170
275 4410 263 2160
277 4488 271 2131
265 4415 255 2157
280 4561 256 2128
284 4609 267 2126
265 4406 255 2163
283 4583 256 2128
277 4486 271 2131
270 4484 254 2153
277 4445 255 2152
263 4401 255 2170
287 4693 252 2135
287 4644 272 2118
281 4592 261 2126
277 4452 271 2145
280 4536 251 2145
275 4435 263 2154
270 4436 246 2175
265 4427 246 2175
281 4451 271 2145
275 4425 263 2154
287 4643 272 2118
281 4453 271 2145
265 4423 255 2157
281 4451 271 2145
265 4428 255 2157
263 4401 255 2170
287 4644 272 2118
278 4499 271 2131
277 4448 255 2152
265 4406 255 2163
292 4734 275 2114
276 4437 263 2154
277 4486 271 2131
265 4415 255 2157
263 4401 255 2170
297 4814 267 2114
292 4739 275 2112
277 4448 255 2152
295 4787 261 2119
277 4467 271 2138
265 4423 255 2157
280 4726 243 2154
281 4457 271 2145
269 4439 246 2175
266 4435 249 2162
265 4425 255 2157
279 4522 256 2135
281 4457 271 2145
283 4530 262 2129
265 4444 255 2157
287 4643 272 2118
277 4483 262 2136
265 4427 246 2175
275 4417 263 2154
270 4436 246 2175
277 4445 255 2152
277 4489 271 2131
266 4438 246 2169
275 4420 263 2154
263 4419 255 2170
277 4467 271 2138
275 4410 263 2160
278 4526 262 2129
281 4457 271 2145
281 4455 271 2145
269 4487 241 2187
278 4497 271 2131
280 4545 256 2128
303 5035 263 2118
277 4458 271 2145
270 4561 240 2180
277 4486 271 2131
294 4774 275 2110
271 4487 263 2134
270 4462 246 2169
281 4455 271 2145
286 4662 247 2144
281 4451 271 2145
275 4420 263 2154
265 4410 255 2163
280 4561 256 2128
270 4561 241 2174
275 4435 263 2154
275 4434 263 2154
270 4434 246 2175
275 4417 263 2154
294 4774 275 2110
278 4499 271 2131
265 4422 255 2157
265 4407 255 2163
292 4739 275 2112
281 4451 271 2145
283 4529 262 2129
277 4458 271 2145
275 4417 263 2154
277 4480 262 2136
278 4499 271 2131
263 4405 255 2170
285 4598 256 2128
276 4475 254 2159
277 4487 262 2143
277 4484 262 2136
277 4467 271 2138
274 4479 271 2138
269 4487 241 2187
265 4414 255 2157
265 4427 246 2175
281 4451 271 2145
287 4691 256 2128
263 4422 255 2170
