25958 1171.08
268 4425 262 2199
269 4374 257 2227
302 4898 244 2270
314 5129 290 2139
268 4415 257 2205
268 4395 257 2216
295 4951 285 2152
268 4431 262 2199
269 4385 257 2227
268 4395 257 2216
273 4500 267 2190
268 4405 257 2211
287 4706 273 2171
268 4453 267 2193
268 4395 257 2216
275 4409 252 2224
268 4450 267 2193
274 4476 257 2207
268 4450 267 2193
269 4392 257 2221
320 5243 258 2172
268 4453 267 2193
274 4555 267 2190
268 4431 262 2199
280 4407 249 2231
268 4415 257 2205
280 4407 249 2231
268 4403 257 2211
273 4528 267 2190
276 4595 276 2186
284 4639 273 2174
274 4405 257 2227
268 4408 257 2210
268 4425 262 2199
268 4408 257 2210
269 4374 257 2227
284 4647 273 2174
274 4541 267 2190
268 4431 262 2199
269 4385 257 2227
287 4705 273 2171
268 4417 257 2205
284 4647 273 2174
268 4450 267 2193
269 4374 257 2227
274 4541 267 2190
287 4706 273 2171
269 4392 257 2221
268 4458 267 2193
268 4465 249 2218
268 4408 257 2210
271 4486 267 2193
268 4453 267 2193
269 4419 249 2231
268 4406 257 2211
268 4397 257 2228
274 4485 267 2193
268 4431 262 2199
273 4528 267 2190
273 4500 267 2190
284 4611 262 2179
268 4425 262 2199
273 4494 257 2201
269 4374 257 2227
268 4395 257 2216
268 4420 257 2205
284 4647 273 2174
284 4647 273 2174
268 4394 257 2216
269 4385 257 2227
268 4450 267 2193
269 4374 257 2227
295 4853 273 2171
268 4450 267 2193
269 4374 257 2227
268 4430 262 2199
300 4832 281 2168
268 4406 257 2211
273 4524 267 2190
268 4395 257 2216
285 4540 249 2222
270 4469 267 2193
287 4706 273 2171
280 4648 276 2183
268 4436 257 2205
268 4431 262 2199
268 4450 267 2193
268 4397 257 2220
268 4415 257 2205
268 4399 257 2216
287 4620 262 2179
283 4583 257 2185
268 4425 262 2199
268 4406 257 2211
275 4624 251 2209
269 4374 257 2227
273 4500 267 2190
284 4617 262 2179
269 4385 257 2227
269 4374 257 2227
283 4594 257 2185
268 4415 257 2205
273 4500 267 2190
268 4425 262 2199
269 4390 257 2220
268 4458 267 2193
284 4612 262 2179
269 4374 257 2227
268 4458 267 2193
268 4399 257 2216
268 4425 262 2199
280 4407 249 2231
268 4433 262 2199
268 4450 267 2193
268 4470 251 2212
268 4406 257 2211
268 4411 257 2213
268 4415 257 2205
284 4612 262 2179
269 4392 257 2221
300 4833 281 2168
274 4547 267 2190
268 4417 257 2205
268 4394 257 2216
269 4385 257 2227
269 4374 257 2227
283 4590 257 2185
273 4468 249 2220
268 4395 257 2216
268 4417 257 2205
271 4491 267 2190
268 4394 257 2216
274 4525 267 2190
284 4662 273 2174
269 4374 257 2227
285 4538 253 2212
274 4525 267 2190
274 4541 267 2190
273 4460 267 2193
268 4399 257 2216
273 4517 257 2195
283 4583 257 2185
284 4612 262 2179
268 4395 257 2216
272 4541 251 2212
268 4461 267 2193
274 4541 267 2190
268 4411 257 2210
268 4417 257 2205
269 4392 257 2221
268 4464 267 2193
269 4392 257 2221
269 4385 257 2227
268 4425 262 2199
268 4450 267 2193
269 4390 257 2220
296 5015 290 2146
273 4518 267 2190
268 4415 257 2205
269 4374 257 2227
283 4594 257 2185
269 4385 257 2227
268 4461 267 2193
268 4417 257 2205
269 4392 257 2221
323 5216 265 2168
284 4647 273 2174
268 4399 257 2216
268 4463 267 2193
273 4469 257 2203
268 4417 257 2206
268 4408 257 2210
273 4500 267 2190
280 4648 276 2183
269 4385 257 2227
269 4385 257 2232
268 4430 262 2199
274 4525 267 2190
268 4450 267 2193
271 4529 267 2190
295 4951 285 2152
272 4484 267 2193
284 4647 273 2174
269 4385 257 2227
268 4395 257 2216
268 4394 257 2216
295 4963 285 2152
268 4431 262 2199
269 4374 257 2227
269 4374 257 2227
271 4491 267 2190
269 4385 257 2227
274 4555 267 2190
284 4612 262 2179
269 4374 257 2227
278 4530 267 2190
270 4469 267 2193
268 4459 257 2198
268 4417 257 2205
269 4374 257 2227
284 4612 262 2179
284 4639 273 2174
283 4590 257 2185
268 4425 262 2199
273 4497 262 2196
268 4411 257 2210
280 4407 249 2231
269 4385 257 2227
268 4425 262 2199
268 4415 257 2205
284 4639 273 2174
268 4425 262 2199
268 4403 257 2211
268 4425 262 2199
268 4400 257 2216
269 4374 257 2227
284 4647 273 2174
271 4489 267 2193
268 4417 257 2205
269 4374 257 2227
287 4706 273 2171
268 4408 257 2210
268 4456 267 2193
269 4385 257 2227
269 4374 257 2227
287 4705 273 2171
287 4706 273 2171
268 4417 257 2205
301 4777 272 2173
268 4440 262 2199
268 4406 257 2211
288 4631 252 2199
268 4431 262 2199
268 4412 257 2217
268 4411 257 2210
268 4408 257 2210
273 4473 268 2193
268 4425 262 2199
274 4533 267 2190
268 4445 262 2199
284 4639 273 2174
268 4456 267 2193
269 4385 257 2227
268 4394 257 2216
280 4407 249 2231
268 4417 257 2205
268 4456 267 2193
268 4406 257 2211
268 4395 257 2216
269 4385 257 2227
268 4425 262 2199
269 4385 257 2227
273 4518 267 2190
268 4431 262 2199
268 4428 262 2199
275 4409 249 2231
272 4478 267 2193
273 4528 267 2190
308 5196 271 2161
268 4433 262 2199
273 4470 251 2212
268 4458 267 2193
300 4833 281 2168
271 4486 267 2193
268 4432 257 2212
268 4428 262 2199
283 4648 257 2185
268 4425 262 2199
268 4415 257 2205
269 4385 257 2227
274 4555 267 2190
275 4598 251 2209
268 4415 257 2205
268 4415 257 2205
280 4407 249 2231
268 4394 257 2216
300 4832 281 2168
268 4466 267 2193
268 4408 257 2210
269 4374 257 2227
287 4706 273 2171
268 4425 262 2199
274 4525 267 2190
268 4431 262 2199
268 4393 257 2218
268 4455 267 2193
271 4489 267 2193
269 4374 257 2227
283 4590 257 2185
268 4440 262 2199
268 4458 267 2193
273 4460 267 2193
268 4425 262 2199
268 4455 267 2193
272 4444 252 2224
269 4392 257 2221
269 4385 257 2227
268 4423 257 2205
284 4622 262 2179
269 4392 257 2221
