18956 600.186
279 4551 230 1873
275 4618 230 1873
275 4618 230 1873
260 4416 239 1881
260 4264 210 1906
253 4202 220 1898
250 4240 215 1911
250 4214 220 1895
255 4380 234 1882
261 4310 219 1891
276 4521 228 1874
250 4240 215 1911
255 4380 234 1882
260 4264 210 1906
278 4603 230 1873
272 4522 214 1894
271 4462 220 1879
270 4473 212 1901
257 4348 223 1888
275 4566 228 1874
270 4480 211 1904
274 4517 214 1894
266 4389 225 1879
272 4516 228 1876
269 4450 215 1888
279 4551 230 1873
254 4305 220 1890
260 4327 212 1903
252 4265 225 1889
265 4341 217 1885
256 4341 216 1899
268 4454 230 1878
250 4238 217 1901
263 4336 223 1885
271 4449 230 1878
254 4352 217 1896
272 4510 230 1875
267 4341 223 1883
260 4229 214 1899
259 4307 224 1889
271 4471 223 1877
260 4420 230 1881
278 4603 230 1873
260 4271 214 1896
275 4513 214 1894
259 4414 224 1887
265 4505 230 1876
258 4238 217 1893
267 4377 220 1884
260 4229 214 1899
251 4243 217 1898
250 4255 220 1892
266 4442 220 1881
265 4278 217 1890
260 4222 217 1896
251 4243 217 1898
266 4347 224 1884
271 4561 214 1894
270 4495 223 1877
264 4357 225 1882
263 4394 224 1882
252 4265 225 1889
251 4236 217 1901
271 4561 214 1894
256 4226 217 1901
270 4437 223 1880
253 4202 220 1898
270 4480 211 1904
270 4419 223 1882
265 4349 216 1888
257 4290 220 1890
270 4420 220 1882
275 4513 214 1894
262 4281 217 1890
257 4359 225 1882
269 4501 223 1877
253 4318 225 1886
269 4501 223 1877
258 4312 225 1884
266 4362 225 1881
262 4401 225 1879
260 4468 230 1880
276 4506 230 1875
267 4377 224 1880
266 4503 230 1876
264 4433 220 1884
262 4401 225 1879
255 4227 220 1892
270 4495 223 1877
257 4290 220 1890
276 4507 228 1876
262 4285 217 1887
262 4282 215 1893
267 4468 230 1876
261 4427 225 1881
260 4468 230 1880
253 4318 225 1886
259 4307 224 1889
258 4279 225 1886
250 4243 215 1904
265 4336 215 1890
255 4227 220 1892
250 4255 220 1892
276 4506 230 1875
262 4348 223 1883
255 4341 225 1884
253 4213 220 1895
253 4210 215 1904
266 4468 230 1878
260 4327 212 1903
250 4252 215 1901
265 4327 223 1885
260 4321 223 1888
270 4460 223 1879
250 4214 220 1895
265 4407 220 1884
265 4396 224 1880
261 4427 225 1881
260 4413 224 1884
253 4232 217 1901
267 4463 230 1878
265 4427 223 1882
265 4312 216 1890
264 4433 220 1884
261 4385 217 1887
260 4271 214 1896
264 4406 217 1885
264 4402 215 1890
263 4390 216 1890
256 4286 225 1886
265 4476 223 1879
260 4434 225 1881
260 4222 217 1896
270 4468 220 1879
266 4361 224 1882
265 4476 223 1879
265 4383 224 1882
262 4378 225 1881
257 4338 216 1899
257 4318 225 1884
255 4310 225 1886
253 4253 220 1892
253 4213 220 1895
266 4503 230 1876
265 4504 220 1881
265 4383 224 1882
261 4358 225 1882
260 4340 224 1887
255 4339 217 1896
267 4377 224 1880
277 4592 223 1880
275 4630 230 1880
265 4360 215 1890
254 4313 220 1895
270 4487 225 1881
265 4459 230 1881
270 4444 220 1884
263 4426 223 1890
257 4337 225 1887
258 4316 225 1891
269 4407 217 1885
268 4396 217 1887
264 4385 223 1889
259 4406 225 1882
269 4426 224 1882
266 4413 224 1887
283 4702 215 1890
279 4618 230 1880
265 4386 215 1893
262 4344 220 1898
258 4341 225 1889
256 4405 220 1895
271 4588 225 1881
273 4465 216 1891
271 4478 220 1884
268 4531 225 1882
270 4472 217 1887
263 4432 223 1894
257 4371 225 1893
267 4437 224 1887
260 4390 225 1887
265 4422 217 1890
264 4409 225 1883
265 4390 223 1891
270 4498 220 1884
263 4426 225 1884
270 4498 220 1884
290 4746 230 1880
276 4560 216 1891
271 4486 217 1895
258 4371 225 1889
277 4716 230 1881
268 4460 220 1892
264 4440 230 1883
272 4599 217 1887
270 4486 225 1883
275 4523 217 1890
267 4495 223 1890
263 4476 225 1886
273 4530 223 1885
270 4420 223 1891
270 4440 224 1887
273 4529 224 1884
265 4536 225 1884
269 4505 225 1883
272 4536 224 1884
281 4533 223 1888
278 4675 217 1887
277 4625 217 1890
271 4483 220 1899
265 4457 230 1883
258 4371 234 1892
268 4557 220 1895
272 4617 220 1892
263 4401 230 1889
275 4623 225 1883
270 4423 223 1891
260 4435 225 1889
265 4481 225 1886
274 4547 223 1885
270 4521 225 1884
271 4443 224 1887
263 4414 225 1890
288 4721 225 1883
282 4672 217 1893
277 4684 220 1897
275 4575 230 1883
261 4457 225 1889
265 4470 230 1884
282 4692 217 1887
278 4706 220 1890
280 4644 223 1885
274 4500 224 1887
274 4665 223 1890
270 4553 225 1886
268 4483 225 1887
271 4563 225 1884
279 4647 223 1886
295 4812 220 1888
289 4896 217 1887
285 4731 217 1892
279 4687 223 1893
278 4768 230 1883
270 4533 237 1887
266 4465 234 1893
262 4470 225 1889
284 4659 225 1884
280 4720 220 1892
272 4583 230 1886
286 4736 220 1889
267 4581 234 1886
286 4720 223 1885
269 4563 225 1887
275 4665 225 1886
274 4695 223 1893
275 4524 225 1887
272 4533 225 1887
274 4697 225 1886
292 4845 223 1886
285 4898 220 1892
274 4587 230 1886
273 4476 225 1889
268 4543 229 1899
267 4549 225 1892
287 4724 221 1897
280 4720 225 1886
272 4589 225 1887
287 4723 224 1894
268 4553 225 1889
303 4977 223 1891
293 4934 220 1893
288 4686 230 1886
287 4753 221 1904
278 4496 225 1891
277 4511 240 1901
267 4581 226 1894
294 4911 221 1902
273 4588 225 1889
274 4632 225 1888
291 4913 223 1902
277 4637 225 1887
293 4915 223 1893
308 5213 221 1894
299 5026 221 1900
281 4727 225 1887
273 4594 225 1890
299 5080 221 1898
278 4683 225 1888
274 4599 225 1889
284 4821 225 1887
278 4746 225 1889
277 4662 225 1890
274 4639 225 1902
288 4851 225 1889
285 4923 230 1889
279 4758 225 1897
279 4783 225 1890
288 4915 230 1896
287 4947 225 1892
286 4893 225 1902
