4 0.200535
535 9872 425 2549
563 9582 397 2564
583 10369 338 2578
578 10213 516 2416
488 8982 369 2482
495 8573 367 2525
570 10185 422 2450
468 8271 346 2526
552 9532 419 2537
510 9210 376 2511
550 9626 392 2669
545 9511 400 2508
571 9752 384 2539
526 9378 337 2449
526 9621 375 2467
502 9129 351 2471
560 9642 387 2627
468 8271 346 2526
488 8982 369 2482
515 9013 365 2520
545 9639 342 2481
536 9473 420 2534
540 9351 398 2608
507 9068 400 2624
500 8866 369 2442
521 9188 380 2524
500 8866 369 2442
513 9199 365 2537
537 9031 366 2592
530 9421 367 2515
593 9690 351 2632
495 8821 351 2554
528 9443 326 2491
498 8796 405 2533
520 9213 434 2523
535 9291 398 2532
552 9553 398 2490
503 9008 405 2558
560 9858 387 2541
526 9370 392 2594
555 9444 397 2523
519 9166 374 2559
533 9592 386 2484
491 8726 428 2514
537 9469 399 2556
524 9258 397 2500
538 9243 411 2483
503 8683 419 2560
499 8859 360 2531
522 9457 352 2568
499 8859 360 2531
514 8960 376 2581
508 9200 336 2499
472 8840 425 2523
527 9371 388 2525
549 9265 430 2535
557 9253 412 2601
538 9650 483 2564
559 9338 394 2538
539 9593 369 2483
521 9420 406 2535
513 9366 377 2525
499 9108 361 2513
545 9539 421 2591
537 9410 422 2537
508 9200 336 2499
526 9517 352 2558
531 9549 338 2506
524 9340 403 2538
528 9501 380 2497
534 9179 336 2590
545 9582 426 2543
553 9851 408 2490
490 8908 426 2463
439 8064 358 2487
530 9205 442 2544
540 9443 454 2516
531 9045 396 2528
512 9002 382 2578
510 8972 385 2477
515 9254 346 2503
505 9204 353 2444
521 9420 406 2535
531 9549 338 2506
528 9183 363 2562
539 9626 388 2532
535 9130 427 2507
495 8821 351 2554
525 9354 398 2648
548 9380 421 2552
526 9517 352 2558
492 8742 396 2534
545 9511 400 2508
510 9154 350 2499
539 10109 374 2530
525 8991 411 2583
550 9626 392 2669
537 9247 414 2536
524 9340 403 2538
576 9637 385 2510
520 9049 326 2531
542 9391 406 2552
555 9504 389 2628
506 9081 384 2538
525 8991 411 2583
546 9570 333 2584
534 9179 336 2590
523 9514 422 2501
538 9389 363 2454
519 9166 374 2559
561 9636 437 2539
498 8938 381 2512
535 9585 365 2481
491 8726 428 2514
506 9160 361 2463
527 9371 388 2525
500 8866 369 2442
535 9585 365 2481
490 8908 426 2463
510 8972 385 2477
551 9595 372 2447
512 9002 382 2578
533 9340 443 2538
538 9166 360 2571
526 9296 417 2621
541 9517 366 2571
526 9080 365 2508
518 9392 346 2535
519 8994 380 2495
544 9304 345 2583
536 9473 420 2534
497 8897 366 2543
487 8523 348 2553
539 9593 369 2483
542 9391 406 2552
555 9094 352 2516
550 9626 392 2669
498 8332 358 2540
516 9309 438 2467
567 9588 369 2570
507 8717 384 2567
488 8800 362 2531
478 8614 396 2547
503 8683 419 2560
561 9864 363 2533
499 8796 340 2584
524 9432 365 2472
525 9354 398 2648
528 9501 380 2497
520 8893 398 2612
523 9470 439 2604
563 9667 369 2484
502 9282 447 2603
516 8990 421 2545
531 9454 364 2534
514 9469 370 2428
570 10185 422 2450
562 9542 362 2597
509 8983 378 2442
540 9443 454 2516
555 9444 397 2523
507 8669 333 2519
490 8724 399 2505
533 9657 425 2623
538 9399 404 2556
548 10353 378 2489
559 9338 394 2538
547 9597 359 2544
463 8377 374 2525
539 10109 374 2530
491 8580 368 2546
515 9144 404 2526
498 8796 405 2533
522 9736 457 2565
480 8652 369 2474
550 9295 457 2508
566 9452 419 2549
531 9266 356 2407
562 9746 385 2555
533 9225 449 2551
570 10185 422 2450
531 9454 364 2534
505 9204 353 2444
520 9213 434 2523
480 8875 330 2537
510 9210 376 2511
570 10185 422 2450
515 9144 404 2526
545 9539 421 2591
495 8573 367 2525
523 9470 439 2604
507 8669 333 2519
552 9553 398 2490
545 9582 426 2543
553 9297 358 2477
521 9394 416 2505
487 8523 348 2553
560 9417 441 2499
521 9595 392 2487
511 8327 359 2503
521 9394 416 2505
525 9542 439 2540
511 9084 380 2550
520 8893 398 2612
547 9480 399 2446
552 9532 419 2537
503 8797 341 2478
513 9199 365 2537
561 9636 437 2539
565 9749 447 2542
549 9614 443 2493
527 9308 371 2549
496 9347 365 2505
563 9794 398 2532
555 9421 419 2533
529 9438 393 2424
520 9049 326 2531
519 9326 431 2526
537 9630 362 2505
526 9378 337 2449
522 9701 411 2484
527 9255 392 2491
511 9084 380 2550
534 9488 456 2525
529 9438 393 2424
555 9599 428 2478
538 9243 411 2483
526 9621 375 2467
530 9478 380 2515
461 8302 340 2566
525 9142 378 2539
543 9756 360 2587
504 9357 348 2534
506 9081 384 2538
480 8875 330 2537
526 9296 417 2621
524 9258 397 2500
523 8886 436 2569
537 9247 414 2536
530 9421 367 2515
536 9407 377 2588
519 9326 431 2526
480 8652 369 2474
564 9471 419 2472
507 8717 384 2567
560 9678 416 2478
499 8796 340 2584
472 8840 425 2523
541 8787 356 2563
542 9744 381 2472
540 9869 398 2501
527 9308 371 2549
537 9333 446 2593
503 9008 405 2558
533 9340 443 2538
500 8866 369 2442
526 9485 394 2677
547 9480 399 2446
548 10353 378 2489
461 8302 340 2566
561 9864 363 2533
537 9031 366 2592
533 9592 386 2484
518 9331 401 2472
566 9452 419 2549
541 9527 484 2541
503 8797 341 2478
509 9422 402 2562
519 8994 380 2495
506 9055 355 2512
526 9080 365 2508
518 9392 346 2535
521 9188 380 2524
540 9608 363 2532
514 8960 376 2581
514 9469 370 2428
562 9768 409 2495
554 9590 421 2534
505 8906 409 2483
491 8580 368 2546
541 9696 399 2516
523 8886 436 2569
555 9504 389 2628
498 8332 358 2540
535 9291 398 2532
557 9263 412 2601
531 9266 356 2407
439 8064 358 2487
463 8377 374 2525
492 8742 396 2534
557 9253 412 2601
488 8800 362 2531
542 9618 402 2626
560 9417 441 2499
527 9255 392 2491
497 8897 366 2543
502 9163 416 2546
516 8990 421 2545
499 9108 361 2513
507 9068 400 2624
