2474 140.36
347 5613 228 1863
339 6137 234 1862
336 5574 245 1860
313 5574 206 1985
306 5576 206 1978
300 5359 247 1923
294 5245 220 1933
289 5261 226 1937
291 5263 211 1952
322 5682 245 1863
304 5333 239 1881
339 6137 234 1862
299 5460 226 1929
300 5359 247 1923
326 5549 212 1917
325 5413 241 1875
316 5717 208 1905
299 5436 210 1979
330 5880 207 1965
331 5944 206 1969
317 5662 209 1963
310 5728 231 1878
313 5457 224 1870
309 5431 212 1943
333 6055 215 1877
291 5263 211 1952
294 5245 220 1933
338 5932 211 1887
326 5549 212 1917
311 5409 218 1931
332 5828 236 1862
306 5347 225 1884
328 5702 228 1864
335 5944 211 1887
340 5774 216 1877
336 5838 224 1868
345 5578 235 1866
331 5587 221 1871
301 5492 232 1895
309 5806 219 1889
299 5436 210 1979
341 5894 228 1862
314 5811 215 1884
307 5462 208 1969
323 5648 225 1865
325 5413 241 1875
311 5317 220 1882
319 5778 219 1878
320 5369 214 1890
330 5999 224 1869
329 5712 209 1895
304 5491 215 1900
304 5380 216 1946
344 5669 228 1862
336 5574 245 1860
307 5650 230 1883
301 5492 232 1895
314 5273 230 1878
318 5659 210 1889
302 5278 221 1893
335 5866 224 1868
316 5468 212 1939
302 5278 221 1893
313 5480 214 1933
289 5261 226 1937
304 5491 215 1900
334 5773 220 1872
304 5380 216 1946
347 5613 228 1863
334 5635 235 1861
313 5574 206 1985
327 5702 208 1902
335 5509 215 1886
304 5333 239 1881
326 5924 220 1871
332 6002 211 1887
313 5480 214 1933
332 5828 236 1862
328 5573 240 1866
311 5409 218 1931
327 5930 209 1897
309 5499 208 1966
318 5571 220 1876
339 6024 216 1877
331 5911 220 1871
307 5650 230 1883
316 5468 212 1939
344 5669 228 1862
310 5282 221 1886
333 5712 220 1873
322 5810 215 1879
321 5475 215 1887
326 5692 209 1902
312 5382 215 1892
307 5559 235 1874
310 5282 221 1886
321 5753 235 1867
341 5793 224 1868
319 5537 220 1877
339 6024 216 1877
333 6055 215 1877
325 5656 236 1863
312 5552 220 1879
321 5753 235 1867
316 5717 208 1905
309 5431 212 1943
330 5999 224 1869
327 5702 208 1902
321 5796 220 1872
320 5369 214 1890
312 5382 215 1892
306 5576 206 1978
331 5587 221 1871
314 5599 220 1874
328 5573 240 1866
329 5709 215 1882
341 5793 224 1868
325 5938 235 1864
317 5787 216 1878
317 5662 209 1963
311 5523 235 1870
335 5509 215 1886
317 5502 221 1878
311 5523 235 1870
327 5930 209 1897
334 5635 235 1861
323 5648 225 1865
334 5773 220 1872
323 5412 220 1877
325 5590 235 1866
345 5578 235 1866
340 5774 216 1877
313 5565 225 1869
311 5317 220 1882
319 5557 220 1874
306 5504 215 1890
341 5894 228 1862
317 5528 215 1886
325 5938 235 1864
319 5537 220 1877
306 5347 225 1884
329 5709 215 1882
321 5796 220 1872
316 5550 212 1883
313 5457 224 1870
310 5562 210 1891
310 5562 210 1891
317 5787 216 1878
314 5464 216 1879
314 5464 216 1879
314 5464 216 1879
314 5464 216 1879
430 7367 216 1880
385 6611 215 1883
363 6398 220 1905
362 6123 228 1862
358 6238 236 1865
336 5824 225 1883
401 6960 226 1867
384 6332 216 1898
354 6260 236 1866
364 6376 216 1886
353 6452 220 1875
336 6124 221 1871
360 6481 224 1868
367 6440 220 1874
346 6087 225 1880
338 6077 226 1868
420 7442 228 1862
401 7122 215 1885
371 6174 241 1871
364 6094 236 1883
356 6653 220 1894
345 6108 225 1893
384 6781 220 1875
401 7173 221 1871
352 6171 225 1888
382 6459 231 1867
363 6245 236 1871
371 6593 216 1886
378 6390 224 1883
374 6616 230 1867
383 6562 220 1880
365 6492 228 1870
347 6451 221 1877
355 6263 230 1868
356 6380 226 1885
346 6308 229 1886
360 6594 221 1873
367 6276 226 1878
378 6441 229 1869
361 6414 225 1875
358 6144 229 1878
366 6639 225 1869
374 6594 220 1878
370 6442 221 1877
364 6470 226 1871
427 7637 216 1885
405 7090 216 1895
397 6612 237 1868
362 6515 223 1902
355 6278 236 1896
420 7455 234 1868
384 6895 219 1889
363 6375 231 1873
407 7161 220 1876
397 6789 223 1879
387 7072 221 1874
413 7585 220 1875
356 6403 234 1880
393 6766 225 1869
369 6450 228 1886
362 6595 229 1874
381 6497 224 1885
387 6769 226 1871
410 7128 216 1887
374 6443 226 1892
364 6621 221 1884
365 6485 223 1900
385 6733 219 1900
377 6402 228 1884
376 6712 223 1883
372 6486 226 1883
367 6603 225 1876
387 6744 220 1880
387 6598 220 1887
366 6496 226 1875
372 6492 225 1891
373 6492 228 1870
449 7427 224 1875
435 7424 216 1887
430 7780 224 1874
388 6641 239 1870
382 6482 236 1886
371 6769 221 1890
367 6502 236 1881
418 7303 221 1878
424 7513 221 1877
402 7326 222 1876
377 6603 235 1874
369 6643 224 1884
400 6979 225 1877
394 7126 225 1870
385 6628 231 1878
392 7026 229 1871
374 6546 228 1883
376 6747 236 1873
391 7040 225 1876
374 6569 226 1882
368 6552 230 1882
394 6576 236 1874
384 6759 229 1877
388 6608 228 1873
389 6584 228 1878
375 6565 236 1878
420 7088 228 1881
414 7453 221 1893
404 7274 230 1873
401 6951 248 1878
386 6545 237 1881
374 6822 224 1904
374 6569 228 1885
406 6946 234 1880
394 6948 223 1899
395 7132 226 1875
378 6668 225 1893
401 7078 224 1889
386 6583 226 1886
385 6719 230 1882
376 6720 225 1884
403 7196 225 1883
392 6628 226 1882
402 6936 224 1893
435 7539 230 1873
434 8109 230 1878
420 7487 231 1875
384 6820 225 1893
381 6680 228 1898
403 7072 228 1883
398 7247 225 1885
396 7174 231 1880
398 6704 226 1895
381 6884 226 1885
441 7858 232 1880
412 7359 236 1882
405 7248 225 1893
396 7098 231 1898
383 6944 234 1889
435 7377 226 1892
412 7173 228 1884
399 7014 236 1886
403 6984 228 1886
409 7346 228 1883
415 7205 228 1884
409 7118 228 1888
395 6961 235 1891
419 7380 248 1894
417 7475 248 1893
413 7406 236 1902
402 7152 244 1899
347 5613 228 1863
339 6137 234 1862
336 5574 245 1860
313 5574 206 1985
306 5576 206 1978
300 5359 247 1923
294 5245 220 1933
289 5261 226 1937
300 5359 247 1923
339 6137 234 1862
304 5333 239 1881
316 5717 208 1905
291 5263 211 1952
335 5944 211 1887
322 5682 245 1863
333 6055 215 1877
294 5245 220 1933
333 6055 215 1877
299 5436 210 1979
328 5573 240 1866
316 5550 212 1883
331 5944 206 1969
317 5662 209 1963
338 5932 211 1887
302 5278 221 1893
311 5409 218 1931
291 5263 211 1952
336 5838 224 1868
341 5793 224 1868
344 5669 228 1862
314 5273 230 1878
305 5445 219 1889
340 5667 231 1865
327 5702 208 1902
345 5578 235 1866
309 5499 208 1966
309 5431 212 1943
319 5778 219 1878
334 5601 236 1865
313 5457 224 1870
330 5880 207 1965
301 5429 225 1874
307 5462 208 1969
329 5869 225 1865
326 5694 210 1891
316 5357 216 1896
328 5702 228 1864
336 5750 226 1866
299 5455 240 1877
323 5799 231 1865
311 5523 235 1870
304 5333 239 1881
334 5899 210 1889
299 5436 210 1979
317 5372 222 1885
304 5380 216 1946
317 5372 222 1885
324 5661 216 1877
302 5278 221 1893
333 5758 221 1872
289 5261 226 1937
330 5880 207 1965
299 5460 226 1929
335 5743 209 1895
307 5524 214 1889
313 5574 206 1985
304 5380 216 1946
314 5410 220 1898
325 5656 236 1863
324 5645 215 1879
308 5488 220 1874
328 5926 220 1872
304 5491 215 1900
328 5573 240 1866
311 5409 218 1931
334 5746 220 1871
323 5799 231 1865
318 5524 215 1880
312 5536 210 1892
332 5907 220 1872
325 5590 235 1866
328 5707 246 1861
323 5651 245 1866
319 5432 230 1870
306 5504 215 1890
332 5611 235 1861
329 5603 235 1862
308 5445 225 1872
335 5743 209 1895
317 5662 209 1963
299 5460 226 1929
313 5472 215 1882
336 5574 245 1860
331 5470 214 1901
347 5613 228 1863
316 5468 212 1939
304 5491 215 1900
315 5714 212 1886
316 5400 226 1877
328 5707 246 1861
340 5857 228 1862
333 5597 220 1873
319 5619 225 1868
315 5714 212 1886
331 5470 214 1901
321 5613 225 1867
306 5576 206 1978
316 5717 208 1905
320 5688 216 1879
324 5770 226 1865
321 5380 225 1871
318 5524 215 1880
309 5431 212 1943
320 5688 216 1879
312 5536 210 1892
341 5686 228 1862
330 5664 221 1873
321 5380 225 1871
334 5601 236 1865
322 5682 245 1863
316 5468 212 1939
340 5857 228 1862
334 5899 210 1889
331 5505 245 1861
340 5667 231 1865
322 5502 210 1898
332 5718 209 1897
345 5578 235 1866
301 5429 225 1874
323 5728 209 1897
319 5432 230 1870
312 5687 215 1885
311 5523 235 1870
322 5502 210 1898
319 5487 220 1877
327 5907 220 1873
307 5524 214 1889
312 5687 215 1885
327 5907 220 1873
341 5793 224 1868
323 5728 209 1897
319 5597 226 1867
324 5645 215 1879
321 5463 216 1885
319 5619 225 1868
312 5656 235 1864
331 5944 206 1969
324 5770 226 1865
324 5770 226 1865
324 5770 226 1865
408 7031 221 1871
405 7182 216 1878
389 7029 212 1886
388 6975 214 1901
382 6716 236 1864
351 5938 231 1895
320 5951 220 1888
362 6468 220 1873
339 6011 225 1867
338 6246 220 1884
399 6874 235 1864
345 6218 216 1892
379 6683 236 1865
371 6840 215 1887
348 6117 216 1885
405 6825 235 1866
407 7053 220 1873
383 7092 215 1896
381 6834 246 1867
339 5966 236 1891
361 6247 228 1879
372 6434 216 1885
349 6143 244 1872
391 6802 230 1870
387 6833 236 1869
401 6971 225 1867
392 6573 220 1876
345 6174 220 1889
341 6088 226 1887
370 6603 223 1887
406 6903 228 1868
350 6165 225 1883
374 6638 220 1874
353 6103 220 1890
347 6326 230 1877
366 6303 230 1873
352 6327 225 1871
385 6851 224 1873
375 6634 236 1870
419 7465 228 1870
406 7244 236 1869
382 7062 216 1888
361 6354 245 1876
347 6180 226 1915
354 6339 239 1881
347 6237 231 1891
358 6267 223 1904
360 6599 220 1895
391 6906 220 1875
384 6907 224 1886
387 6768 220 1881
359 6418 221 1900
370 6469 236 1871
375 6530 224 1889
373 6389 230 1873
389 7127 220 1878
384 6629 225 1871
381 6840 224 1888
362 6426 225 1879
358 6428 228 1877
361 6375 225 1903
366 6342 225 1888
367 6484 225 1877
372 6476 228 1874
360 6505 225 1877
431 7526 219 1897
392 6587 230 1873
367 6695 241 1877
355 6285 233 1913
402 7254 224 1881
410 6991 220 1879
371 6733 221 1903
388 6915 231 1874
394 7072 220 1888
390 7049 221 1892
378 6476 225 1887
401 6979 224 1889
362 6742 223 1896
365 6537 241 1878
369 6506 236 1879
362 6623 225 1884
365 6616 222 1899
374 6423 230 1875
367 6576 230 1885
372 6548 226 1878
366 6606 235 1878
372 6510 228 1875
364 6429 236 1880
389 6467 228 1884
372 6854 225 1877
389 6866 230 1874
363 6473 225 1898
369 6493 225 1896
373 6457 230 1875
435 7556 219 1901
432 7646 228 1877
398 6968 236 1875
373 6603 226 1882
371 6701 222 1902
397 6664 225 1886
400 7383 220 1895
384 6896 225 1892
426 7441 229 1877
418 7151 224 1879
373 6693 234 1876
388 6789 224 1899
410 7034 230 1875
404 7233 235 1875
386 6927 231 1880
383 6779 231 1881
403 7071 224 1895
387 6714 228 1879
390 6914 225 1881
448 8187 224 1888
430 7531 221 1896
412 7182 236 1876
395 6711 238 1881
385 6633 226 1895
374 6902 233 1910
402 7286 225 1899
387 7022 223 1906
389 7051 231 1882
416 7490 226 1890
378 6790 233 1892
379 6748 228 1886
435 7506 228 1879
435 7480 231 1879
473 8262 228 1885
424 7490 223 1906
420 7427 236 1877
411 7072 237 1883
385 6783 228 1891
380 6855 236 1889
382 6932 229 1896
393 7087 234 1888
391 7107 236 1887
390 6891 228 1890
428 7665 236 1883
416 7208 232 1912
410 7498 231 1891
396 6897 236 1889
393 7090 235 1893
416 7223 231 1897
410 7337 232 1891
408 6945 236 1903
404 7091 236 1891
399 7108 242 1892
423 7296 247 1891
419 7444 242 1893
427 7455 247 1904
356 6157 209 1895
336 5574 245 1860
313 5574 206 1985
306 5576 206 1978
300 5359 247 1923
294 5245 220 1933
289 5261 226 1937
304 5333 239 1881
339 6137 234 1862
291 5263 211 1952
300 5359 247 1923
322 5682 245 1863
317 5662 209 1963
347 5613 228 1863
316 5717 208 1905
326 5549 212 1917
294 5245 220 1933
326 5549 212 1917
299 5436 210 1979
325 5413 241 1875
335 6061 220 1871
316 5468 212 1939
304 5491 215 1900
332 5828 236 1862
353 5905 209 1900
345 5578 235 1866
311 5409 218 1931
302 5278 221 1893
338 5932 211 1887
338 5982 209 1897
327 5702 208 1902
343 5855 231 1862
309 5431 212 1943
324 5597 228 1864
336 5574 245 1860
313 5457 224 1870
307 5462 208 1969
324 6015 209 1897
309 5806 219 1889
304 5380 216 1946
319 5398 224 1888
331 5944 206 1969
301 5492 232 1895
343 5855 231 1862
356 6157 209 1895
340 5973 228 1862
353 5905 209 1900
291 5263 211 1952
323 5836 207 1971
339 6137 234 1862
323 5691 230 1867
340 5774 216 1877
330 5745 226 1866
304 5380 216 1946
301 5492 232 1895
299 5436 210 1979
314 5703 220 1873
344 5750 220 1871
317 5662 209 1963
306 5504 215 1890
335 5881 210 1889
309 5618 222 1882
304 5333 239 1881
302 5278 221 1893
316 5498 211 1951
334 5635 235 1861
325 5413 241 1875
323 6019 215 1881
299 5460 226 1929
313 5574 206 1985
330 5880 207 1965
289 5261 226 1937
319 5731 206 1976
316 5550 212 1883
311 5523 235 1870
324 5671 206 1972
337 5899 215 1877
331 5608 224 1868
311 5409 218 1931
322 5909 215 1882
313 5641 220 1877
320 5482 219 1892
330 5880 207 1965
324 5753 219 1879
334 5797 221 1871
311 5647 229 1872
307 5650 230 1883
303 5491 226 1892
326 5963 215 1878
319 5443 220 1887
314 5273 230 1878
328 5573 240 1866
311 5647 229 1872
309 5499 208 1966
309 5618 222 1882
325 5656 236 1863
335 5751 225 1865
347 5613 228 1863
332 5782 220 1872
320 5423 225 1874
337 5899 215 1877
333 5622 220 1875
310 5517 215 1883
299 5460 226 1929
344 5669 228 1862
330 5739 215 1879
313 5424 225 1868
334 6040 215 1877
327 5789 215 1879
304 5491 215 1900
325 5740 209 1904
329 5842 225 1865
310 5495 221 1874
309 5431 212 1943
329 5842 225 1865
309 5573 225 1881
311 5523 235 1870
312 5487 235 1873
327 5763 215 1882
308 5593 210 1891
331 5608 224 1868
307 5675 226 1883
335 5591 228 1867
325 5771 215 1880
321 5569 220 1881
328 5573 240 1866
321 5753 235 1867
308 5593 210 1891
306 5576 206 1978
319 5731 206 1976
326 5819 225 1867
319 5778 219 1878
316 5717 208 1905
334 6040 215 1877
328 5957 221 1871
325 5590 235 1866
333 6055 215 1877
328 5957 221 1871
326 5563 216 1879
326 5506 216 1888
324 5597 228 1864
312 5487 235 1873
340 5774 216 1877
333 5458 216 1895
332 5828 236 1862
326 5506 216 1888
325 5771 215 1880
333 6055 215 1877
319 5443 220 1887
335 5944 211 1887
444 7732 216 1884
386 6743 228 1864
346 6287 212 1903
331 5822 226 1874
363 6341 220 1878
433 7712 220 1871
335 5982 216 1894
406 7239 216 1889
351 6206 221 1874
351 6140 224 1886
373 6851 220 1877
358 6280 225 1865
383 7169 220 1875
337 6112 216 1890
400 6751 224 1873
346 5841 225 1868
344 6283 225 1886
381 6798 220 1877
395 6750 220 1876
388 6839 220 1876
401 7202 224 1874
396 7261 220 1875
390 6862 228 1864
361 6619 216 1901
354 6385 236 1873
339 6075 231 1876
378 6491 224 1887
372 6655 220 1883
373 6598 228 1866
365 6607 224 1886
383 6148 225 1886
389 6927 224 1876
348 6280 225 1879
388 6749 220 1878
344 6313 230 1875
343 6113 230 1876
379 6611 225 1871
358 6252 225 1880
382 6596 220 1884
380 6724 220 1881
358 6453 225 1874
416 7213 216 1906
412 7075 236 1865
401 7283 230 1867
355 6104 236 1882
352 6164 245 1881
344 6201 231 1877
370 6772 224 1886
358 6376 225 1885
415 7254 220 1879
394 6957 235 1870
397 7120 234 1866
383 6747 222 1884
389 6690 226 1872
375 6780 223 1883
403 6923 228 1866
364 6542 230 1875
405 7092 224 1882
373 6549 236 1873
376 6521 228 1874
372 6443 226 1881
378 6413 236 1873
390 6695 236 1869
388 6929 225 1877
373 6430 228 1881
387 6535 225 1879
366 6398 225 1882
387 6757 236 1869
431 7786 226 1875
418 7548 220 1879
413 7257 228 1869
368 6305 244 1884
355 6319 233 1896
379 6580 240 1873
362 6412 242 1891
407 6937 236 1871
365 6311 236 1893
426 7109 225 1882
391 7042 226 1877
402 6823 224 1888
383 6614 228 1886
410 7174 223 1885
416 7165 228 1876
370 6685 230 1891
395 6679 232 1881
379 6807 233 1885
388 6760 230 1879
396 6950 232 1874
384 6851 224 1884
411 7185 228 1870
390 6968 230 1873
389 6774 224 1889
398 6889 228 1879
384 6682 225 1891
381 6791 231 1882
383 6707 228 1883
381 6700 232 1882
479 8350 226 1879
421 7610 220 1880
406 6991 241 1873
390 6669 244 1885
375 6688 232 1897
408 6945 236 1877
390 6767 228 1886
385 6802 225 1892
403 7315 231 1874
386 6933 224 1884
417 7282 228 1873
382 6854 231 1882
420 7077 230 1882
392 6741 231 1892
395 7035 231 1876
401 6899 231 1879
392 7085 228 1877
452 7808 228 1880
433 7638 221 1887
433 7466 241 1878
395 6790 235 1889
390 6841 230 1896
389 6877 232 1893
418 7353 228 1882
397 7028 224 1889
440 7756 231 1879
415 7190 236 1880
390 7125 231 1886
394 7305 225 1892
396 6833 241 1887
435 7177 226 1888
402 7010 236 1881
406 7250 225 1888
408 7210 236 1879
397 6924 236 1886
459 8032 225 1889
409 7071 224 1890
405 7059 237 1883
403 7211 225 1890
413 7376 231 1889
410 7315 236 1884
417 7242 236 1883
411 7213 236 1888
433 7554 224 1891
413 7083 244 1883
409 7411 237 1904
406 7186 242 1883
410 7374 225 1897
417 7263 238 1887
410 7282 236 1901
426 7474 236 1884
430 7370 236 1883
409 7438 246 1896
