44257 3181.88
234 4086 198 1979
234 4086 198 1979
281 4983 207 1924
229 4046 215 1944
272 4406 241 1866
227 4058 223 1941
275 4842 207 1926
259 4519 202 1941
277 4850 204 1935
262 4376 241 1869
263 4305 231 1877
273 4508 200 1958
247 4312 236 1877
246 4260 236 1879
266 4445 201 1943
249 4213 225 1893
235 4114 205 1965
230 4097 218 1926
247 4199 199 1976
231 4077 214 1942
235 4153 221 1911
264 4268 228 1881
270 4362 236 1869
272 4406 241 1866
228 4083 207 1952
245 4157 230 1900
267 4365 236 1869
233 4116 223 1919
234 4090 212 1941
267 4365 236 1869
270 4362 236 1869
245 4276 220 1897
255 4255 201 1956
234 4102 201 1971
251 4262 226 1884
251 4196 228 1887
228 4072 223 1935
255 4255 200 1959
244 4266 216 1899
273 4508 200 1958
239 4190 226 1890
237 4139 199 1977
239 4182 202 1962
255 4265 201 1950
238 4152 206 1929
239 4166 230 1896
244 4151 225 1906
255 4255 201 1956
240 4176 216 1902
250 4432 216 1898
245 4206 215 1912
245 4282 221 1889
236 4136 201 1964
242 4232 226 1887
251 4444 204 1943
245 4164 220 1904
257 4226 225 1890
230 4067 217 1934
228 4083 207 1952
260 4386 241 1869
266 4439 201 1949
250 4432 216 1898
235 4114 205 1965
230 4113 220 1922
234 4146 211 1934
235 4148 209 1925
229 4106 207 1942
233 4208 212 1929
229 4054 215 1940
244 4274 208 1920
228 4089 208 1947
234 4120 216 1921
229 4084 218 1932
229 4091 210 1946
227 4071 217 1936
255 4255 200 1959
229 4091 210 1946
240 4243 212 1914
265 4289 231 1875
233 4100 223 1923
237 4171 209 1922
238 4080 223 1929
235 4148 209 1925
255 4324 236 1872
248 4144 212 1916
249 4215 226 1887
231 4078 212 1944
247 4284 226 1883
241 4248 215 1912
261 4384 241 1869
249 4425 241 1874
248 4161 216 1910
228 4089 208 1947
242 4228 231 1884
234 4101 200 1973
239 4182 202 1962
238 4179 211 1916
230 4079 223 1931
262 4376 241 1869
242 4252 231 1881
229 4117 214 1927
259 4344 225 1887
258 4351 225 1887
254 4402 212 1909
234 4131 221 1917
237 4171 209 1922
246 4317 236 1875
249 4425 241 1874
234 4086 198 1979
238 4152 206 1929
234 4087 201 1977
265 4289 231 1875
233 4208 212 1929
247 4284 226 1883
251 4183 221 1895
246 4238 231 1881
229 4046 215 1944
246 4317 236 1875
251 4196 228 1887
236 4174 216 1917
244 4169 216 1902
253 4249 231 1878
251 4233 225 1890
250 4355 241 1872
234 4131 221 1917
254 4352 211 1912
244 4151 225 1906
260 4386 241 1869
237 4139 199 1977
246 4238 231 1881
261 4363 231 1875
263 4272 228 1881
252 4269 231 1878
229 4050 215 1942
252 4231 226 1884
232 4111 223 1921
251 4307 236 1878
239 4155 220 1908
245 4217 225 1893
245 4164 220 1904
250 4355 241 1872
264 4268 228 1881
258 4351 225 1887
253 4249 231 1878
254 4352 211 1912
232 4066 217 1936
241 4229 231 1884
245 4275 221 1891
234 4101 200 1973
234 4102 201 1971
257 4226 225 1890
227 4058 223 1941
251 4188 220 1901
266 4439 201 1949
244 4260 216 1901
246 4223 231 1884
239 4160 225 1902
244 4279 211 1914
254 4402 212 1909
264 4301 231 1875
247 4199 199 1976
229 4104 210 1940
237 4061 223 1935
251 4236 226 1886
234 4141 223 1913
227 4065 217 1938
229 4056 215 1938
234 4122 223 1917
248 4144 212 1916
229 4091 207 1948
230 4109 212 1937
236 4134 204 1945
244 4178 226 1890
251 4307 236 1878
229 4094 220 1928
259 4519 202 1941
245 4278 226 1885
235 4127 221 1918
234 4126 223 1915
227 4063 223 1939
251 4270 231 1880
239 4166 230 1896
230 4109 212 1937
229 4112 223 1921
251 4192 226 1889
235 4153 221 1911
251 4236 226 1886
244 4274 208 1920
234 4141 223 1913
236 4134 204 1945
227 4063 223 1939
245 4282 220 1895
246 4311 236 1878
263 4305 231 1877
245 4276 220 1897
229 4084 218 1932
236 4136 201 1964
227 4052 215 1944
236 4174 216 1917
229 4124 223 1919
263 4272 228 1881
244 4337 236 1877
245 4327 236 1875
230 4079 223 1931
228 4079 223 1933
248 4161 216 1910
235 4127 221 1918
234 4126 223 1915
240 4183 221 1896
239 4155 220 1908
229 4094 220 1928
230 4103 218 1924
234 4087 201 1977
233 4100 223 1923
228 4072 223 1935
251 4233 225 1890
229 4088 218 1930
255 4265 201 1950
230 4095 212 1943
229 4088 218 1930
244 4266 216 1899
245 4157 230 1900
251 4270 231 1880
229 4117 214 1927
245 4278 226 1885
232 4066 217 1936
229 4117 214 1927
246 4260 236 1879
229 4091 207 1948
264 4301 231 1875
245 4275 221 1891
228 4079 223 1933
244 4337 236 1877
259 4344 225 1887
255 4324 236 1872
249 4213 225 1893
244 4247 231 1881
251 4313 236 1875
240 4243 212 1914
229 4050 215 1942
251 4192 226 1889
264 4301 231 1875
247 4310 236 1878
227 4071 217 1936
245 4219 226 1887
230 4097 218 1926
242 4252 231 1881
230 4075 217 1932
234 4120 216 1921
245 4327 236 1875
233 4106 223 1921
244 4162 230 1896
259 4359 226 1881
259 4224 225 1890
229 4054 215 1940
245 4219 226 1887
252 4227 225 1890
245 4206 215 1912
234 4129 216 1919
245 4217 225 1893
229 4124 223 1919
244 4168 221 1896
227 4052 215 1944
244 4156 225 1902
228 4095 212 1946
257 4226 225 1890
234 4146 211 1934
234 4129 216 1919
244 4229 225 1893
231 4077 214 1942
261 4357 231 1877
249 4215 226 1887
237 4061 223 1935
229 4121 216 1921
259 4359 226 1881
261 4357 231 1877
230 4075 217 1932
227 4057 215 1942
242 4228 231 1884
239 4189 221 1896
245 4275 221 1891
233 4116 223 1919
227 4057 215 1942
239 4189 221 1896
230 4103 218 1924
227 4058 223 1941
238 4167 209 1922
238 4080 223 1929
252 4231 226 1884
232 4066 217 1936
232 4111 223 1921
261 4363 231 1875
238 4167 209 1922
245 4219 226 1887
237 4171 209 1922
230 4109 212 1937
230 4103 218 1924
228 4083 207 1952
248 4161 216 1910
239 4155 216 1914
