70405 1440.36
258 4082 230 1857
250 4087 224 1866
249 3948 212 1885
241 3958 212 1885
238 3939 223 1882
243 4018 225 1863
246 4055 230 1860
255 4015 228 1864
249 3964 220 1871
246 4053 230 1862
245 4011 212 1883
251 4005 215 1877
257 4039 228 1862
241 3958 215 1879
255 4046 228 1860
257 4039 228 1862
253 3989 224 1870
240 3963 220 1876
251 3987 218 1875
242 3988 218 1875
242 3993 220 1869
239 3948 223 1876
238 3939 223 1882
240 3979 223 1872
250 4087 224 1866
249 3954 215 1879
241 3960 216 1877
246 4055 230 1860
243 3984 225 1867
241 3976 225 1870
253 3989 224 1870
240 3960 223 1874
243 4007 225 1865
241 3960 216 1877
242 3969 220 1871
251 3987 218 1875
241 3973 220 1871
251 4002 224 1866
255 4015 228 1864
251 4002 224 1866
251 3990 224 1868
243 4018 212 1883
243 3984 225 1867
242 3993 220 1869
240 3979 223 1872
241 3988 225 1868
239 3948 223 1876
249 3958 220 1873
243 4006 225 1866
241 3988 225 1868
241 3964 220 1873
255 4046 228 1860
255 4040 228 1862
249 3954 215 1879
243 4018 225 1863
240 3960 223 1874
242 3979 225 1868
242 3969 220 1871
241 3976 225 1870
241 3973 220 1871
246 4053 230 1862
255 4040 228 1862
251 3990 224 1868
243 4007 215 1877
243 4006 225 1866
257 4039 228 1862
257 4039 228 1862
257 4039 228 1862
257 4039 228 1862
255 4046 228 1860
255 4046 228 1860
255 4046 228 1860
255 4046 228 1860
255 4046 228 1860
255 4046 228 1860
255 4046 228 1860
255 4046 228 1860
255 4046 228 1860
255 4046 228 1860
255 4046 228 1860
255 4046 228 1860
255 4046 228 1860
255 4040 228 1862
255 4040 228 1862
255 4040 228 1862
255 4040 228 1862
255 4040 228 1862
255 4040 228 1862
255 4040 228 1862
255 4040 228 1862
255 4040 228 1862
255 4040 228 1862
255 4040 228 1862
255 4040 228 1862
255 4040 228 1862
255 4040 228 1862
255 4040 228 1862
255 4040 228 1862
255 4040 228 1862
255 4040 228 1862
255 4040 228 1862
255 4040 228 1862
255 4040 228 1862
255 4040 228 1862
255 4040 228 1862
255 4040 228 1862
253 3989 224 1870
253 3989 224 1870
253 3989 224 1870
253 3989 224 1870
253 3989 224 1870
253 3989 224 1870
253 3989 224 1870
253 3989 224 1870
253 3989 224 1870
253 3989 224 1870
253 3989 224 1870
253 3989 224 1870
253 3989 224 1870
253 3989 224 1870
253 3989 224 1870
253 3989 224 1870
253 3989 224 1870
253 3989 224 1870
253 3989 224 1870
253 3989 224 1870
253 3989 224 1870
253 3989 224 1870
253 3989 224 1870
253 3989 224 1870
253 3989 224 1870
253 3989 224 1870
253 3989 224 1870
253 3989 224 1870
253 3989 224 1870
253 3989 224 1870
253 3989 224 1870
253 3989 224 1870
253 3989 224 1870
253 3989 224 1870
253 3989 224 1870
253 3989 224 1870
253 3989 224 1870
253 3989 224 1870
253 3989 224 1870
253 3989 224 1870
253 3989 224 1870
253 3989 224 1870
253 3989 224 1870
253 3989 224 1870
253 3989 224 1870
253 3989 224 1870
243 3984 225 1867
241 3964 220 1873
271 4386 215 1884
260 4115 230 1857
249 3960 212 1885
241 3964 220 1876
243 4023 218 1877
252 4177 225 1863
251 4132 224 1870
258 4106 230 1859
249 3978 220 1871
257 4065 224 1866
255 4050 228 1860
255 4025 228 1864
241 3981 225 1870
255 4044 225 1863
246 4025 220 1873
254 4015 225 1867
248 4111 220 1871
253 3993 224 1870
249 3964 220 1873
255 4042 228 1862
246 4050 225 1865
255 4023 224 1868
254 4032 225 1865
253 4035 224 1868
263 4164 230 1857
263 4155 216 1886
250 3977 220 1873
253 4089 218 1879
259 4153 224 1866
257 4046 228 1862
255 4051 228 1860
253 4002 224 1870
255 4043 228 1864
254 4006 220 1871
255 4046 225 1863
252 4009 220 1871
255 4026 224 1868
254 4033 225 1865
254 3999 225 1870
251 4000 225 1870
251 4006 220 1872
254 4020 225 1867
264 4179 224 1866
257 4058 228 1860
256 4068 228 1860
255 4230 225 1865
253 4005 223 1876
253 3994 224 1876
252 4049 220 1874
255 4047 220 1871
256 4048 225 1863
255 4051 228 1862
254 4021 225 1867
256 4036 224 1868
254 4055 220 1873
254 4002 224 1870
257 4047 228 1862
253 4004 224 1870
256 4045 225 1865
254 4053 225 1866
255 4051 228 1862
255 4051 228 1862
267 4307 220 1871
257 4063 228 1860
256 4266 220 1873
255 4088 223 1876
254 4011 224 1874
259 4098 225 1863
255 4052 228 1864
254 4022 225 1867
257 4045 224 1868
255 4023 224 1870
258 4081 225 1865
259 4056 225 1865
256 4058 224 1868
255 4057 228 1862
257 4049 228 1862
267 4125 225 1863
263 4197 228 1860
256 4031 224 1870
254 4025 225 1870
256 4063 228 1862
258 4084 225 1865
254 4027 225 1867
257 4048 224 1868
257 4048 224 1868
257 4050 228 1862
268 4251 228 1860
257 4067 224 1870
254 4028 225 1867
258 4085 225 1865
258 4079 228 1862
258 4084 224 1868
276 4352 228 1860
258 4121 224 1870
257 4059 225 1867
259 4117 225 1865
258 4089 228 1862
258 4153 224 1868
259 4089 224 1868
258 4089 228 1862
261 4209 224 1868
261 4092 224 1871
260 4108 228 1862
258 4073 225 1867
260 4130 225 1865
258 4097 228 1864
287 4707 224 1868
272 4334 224 1880
263 4149 236 1865
262 4152 228 1862
260 4126 228 1867
275 4226 224 1876
274 4446 224 1870
264 4369 225 1865
261 4153 225 1867
281 4522 224 1873
263 4177 230 1862
263 4159 236 1865
261 4157 225 1867
265 4200 228 1864
274 4387 225 1867
264 4172 236 1865
263 4225 225 1873
263 4186 236 1863
263 4171 236 1867
267 4251 228 1864
263 4173 236 1865
263 4173 236 1865
263 4173 236 1865
275 4369 226 1879
265 4200 236 1863
265 4184 236 1867
264 4429 226 1886
263 4185 236 1873
270 4289 235 1876
274 4333 228 1884
264 4195 236 1865
282 4434 235 1876
271 4207 236 1867
268 4291 236 1863
266 4214 236 1865
280 4489 236 1865
269 4261 236 1867
284 4595 240 1868
284 4593 240 1869
