105767 3541.14
284 5227 238 2105
297 5313 246 2079
290 5273 235 2096
311 5560 240 2073
320 5755 246 2070
305 5557 226 2106
296 5516 227 2112
297 5213 242 2093
305 5173 244 2101
308 5620 225 2111
302 5279 235 2085
294 5462 235 2086
306 5576 228 2101
316 5607 240 2072
295 5348 231 2089
343 6239 245 2066
301 5499 235 2080
306 5336 236 2082
328 6012 226 2100
296 5304 231 2092
337 5991 227 2097
305 5634 240 2077
298 5242 235 2098
289 5297 233 2105
302 5518 231 2083
332 5653 233 2080
315 5823 227 2100
292 5359 231 2102
298 5528 235 2082
318 5914 236 2074
310 5458 240 2078
341 6059 236 2071
300 5271 233 2095
293 5286 235 2093
288 5275 238 2103
314 5619 236 2077
340 6069 252 2066
309 5469 231 2083
326 6010 225 2109
287 5167 250 2108
326 5730 236 2075
327 5917 231 2082
347 6136 244 2068
304 5270 237 2089
314 5464 247 2077
330 5991 241 2071
364 6350 241 2068
360 6035 240 2070
344 6410 228 2096
329 5880 230 2097
342 6052 245 2069
313 5679 233 2082
323 5701 235 2078
339 6014 236 2072
365 6543 234 2075
357 6362 231 2081
334 6066 235 2077
360 6155 235 2075
315 5604 235 2079
383 6809 256 2062
361 6442 224 2121
283 5164 242 2118
283 5164 242 2118
535 9495 309 2285
452 7748 284 2248
504 8816 377 2237
511 9080 312 2272
495 8837 351 2277
492 8343 281 2269
518 9207 336 2266
499 8649 332 2255
474 8683 285 2259
465 8548 287 2278
466 8235 295 2256
487 8625 344 2247
508 9030 297 2235
486 8250 296 2233
468 8297 318 2243
504 8886 299 2282
469 8250 281 2278
443 7718 316 2242
485 8722 314 2225
513 8890 383 2256
459 8115 271 2214
467 8123 360 2220
476 8557 313 2234
434 7607 281 2237
540 9613 320 2322
548 9732 284 2259
502 9195 307 2307
447 7654 313 2236
545 9642 325 2258
492 8722 320 2263
401 7258 337 2231
441 7957 324 2214
540 9577 367 2227
510 9314 310 2204
457 7942 287 2247
429 7495 301 2251
409 7184 317 2240
448 8086 300 2255
440 7844 302 2220
454 7779 329 2213
468 8270 323 2245
463 7981 303 2224
461 8092 298 2311
455 8085 284 2241
486 8584 342 2242
456 7990 353 2241
566 10093 321 2237
470 8541 326 2250
499 7946 292 2277
485 8743 341 2280
468 8381 307 2210
522 9406 321 2251
473 8525 285 2282
447 7543 267 2204
511 9100 286 2255
547 9744 379 2285
474 8432 301 2273
470 8495 316 2257
459 8131 267 2214
448 8169 331 2277
478 8117 325 2225
461 8145 293 2245
441 7772 290 2205
502 8543 306 2197
451 7935 389 2272
509 8590 306 2255
460 8008 326 2269
408 7429 312 2188
460 8401 329 2270
419 7613 297 2219
487 8811 276 2277
452 8198 336 2263
459 8054 296 2253
448 8106 292 2246
468 8256 284 2233
519 9082 317 2238
501 8686 364 2236
505 8932 307 2213
519 9183 283 2276
464 8316 309 2266
492 8883 333 2295
478 8221 296 2305
488 8711 293 2211
553 9577 310 2265
480 8406 324 2255
506 9196 363 2231
425 7589 325 2231
480 8578 301 2231
559 9653 306 2299
495 8777 293 2258
568 9718 361 2262
488 8498 285 2226
473 8097 308 2273
494 9196 278 2253
473 8077 322 2282
496 8633 282 2292
492 8949 334 2266
486 8645 352 2292
483 8599 282 2265
525 9165 317 2273
533 9342 298 2276
510 8958 300 2277
486 8415 309 2276
477 8099 290 2299
463 8405 304 2213
469 8333 297 2231
471 8490 328 2218
466 7830 266 2244
478 8408 330 2260
476 8593 301 2262
483 8817 293 2264
484 8400 377 2214
466 8275 315 2245
493 8953 310 2259
435 7758 308 2187
465 8164 339 2326
515 9059 338 2267
542 9999 345 2251
470 8668 310 2291
464 8402 348 2284
486 8262 323 2266
433 7999 331 2260
435 7381 292 2212
446 7744 319 2294
500 8628 291 2242
511 8629 310 2248
471 8487 302 2300
549 9482 313 2213
503 8972 322 2239
484 8263 304 2282
523 8949 281 2241
562 9624 353 2300
459 8057 316 2221
515 9311 277 2233
457 8038 298 2208
484 8685 280 2280
507 9035 326 2292
483 8565 311 2231
501 9270 289 2234
509 9144 338 2295
497 8776 270 2243
484 8784 289 2280
467 8298 285 2279
517 9044 286 2197
567 9624 373 2250
488 8547 347 2268
478 8110 276 2279
493 8473 352 2213
502 9113 303 2273
450 8043 300 2217
457 7930 313 2303
548 9485 313 2254
536 9495 302 2269
466 8382 317 2271
476 8624 283 2223
451 8063 302 2242
494 8763 313 2263
479 8780 334 2221
450 7925 289 2227
440 7896 293 2268
518 9026 268 2311
503 8621 299 2247
483 8467 278 2223
441 7556 295 2265
536 9372 315 2212
474 8784 315 2212
505 9109 368 2236
426 7667 339 2219
467 8263 319 2248
467 8148 355 2264
497 9093 317 2237
464 8190 295 2261
449 8174 324 2239
473 8285 342 2260
475 8264 277 2260
462 7606 308 2242
451 8037 336 2210
481 8560 319 2261
497 8830 322 2278
472 8427 291 2220
471 8410 321 2229
417 7412 326 2248
477 8312 349 2379
495 8659 304 2236
463 7566 291 2172
536 9438 286 2289
469 8150 349 2237
561 9632 401 2313
523 9259 302 2280
444 7799 275 2262
484 8251 309 2319
454 8037 401 2280
461 8178 300 2231
531 9758 295 2245
517 8756 345 2293
445 7720 306 2275
459 8313 328 2252
501 8677 289 2209
498 9040 273 2217
469 8505 301 2162
474 7997 289 2273
490 8794 290 2247
608 10379 357 2250
474 8539 281 2261
468 8069 321 2215
430 7691 289 2263
476 8301 310 2232
447 7761 327 2224
508 8622 291 2224
504 8686 324 2259
457 8175 294 2278
555 10152 279 2235
411 7347 319 2238
494 8992 314 2242
469 8165 302 2262
453 7838 310 2258
484 8372 288 2285
471 8228 295 2259
538 9102 397 2250
487 8696 329 2211
497 8769 352 2234
429 7512 320 2226
434 7697 285 2192
484 8200 308 2241
497 8713 271 2201
545 9790 302 2271
464 7810 325 2213
497 8831 297 2241
471 8345 331 2279
428 7944 304 2312
490 8691 357 2255
513 9213 357 2254
452 8365 307 2298
476 7825 327 2225
482 8561 284 2257
575 10582 348 2271
494 9015 302 2278
