63496 2880.98
314 5426 235 2158
312 5637 248 2129
317 5736 237 2134
306 5606 248 2140
339 5825 239 2132
324 5505 248 2145
312 5746 234 2149
317 5561 248 2136
343 6117 257 2122
308 5481 258 2146
322 5872 228 2157
315 5564 238 2145
318 5587 243 2135
309 5527 235 2166
335 5792 235 2140
319 5660 235 2143
332 6089 228 2147
327 5890 228 2153
340 6050 256 2125
337 6118 248 2127
323 5688 233 2148
340 6132 224 2168
311 5627 243 2138
324 5742 232 2156
349 6039 224 2168
336 5814 231 2151
328 5947 232 2145
322 5549 229 2175
319 5736 233 2148
341 6209 246 2128
345 6084 231 2144
305 5521 258 2153
327 5544 241 2149
329 5972 253 2128
325 5626 239 2140
352 6316 253 2123
310 5614 240 2155
308 5444 243 2164
311 5567 239 2153
331 5647 234 2157
324 5965 266 2125
334 6032 228 2149
364 6361 223 2164
315 5723 239 2140
310 5671 248 2138
322 5692 239 2137
323 5959 231 2151
336 6001 248 2128
316 5696 235 2145
305 5478 247 2160
308 5640 245 2157
341 5890 232 2146
311 5592 244 2140
359 6159 223 2172
312 5634 248 2131
310 5570 248 2145
331 6057 246 2132
355 6416 257 2121
312 5640 235 2161
369 6465 267 2119
377 6420 221 2176
303 5371 246 2161
303 5371 246 2161
409 7299 257 2154
416 7152 244 2159
414 7251 259 2176
382 6930 264 2167
389 6989 254 2173
411 7120 261 2139
372 6563 267 2164
398 6989 267 2212
415 7165 259 2180
384 6881 260 2202
392 6974 260 2181
394 7172 255 2191
386 6973 254 2169
386 6889 250 2162
383 6838 250 2187
374 6580 243 2155
379 6478 252 2188
419 7393 254 2206
397 6747 274 2196
382 6573 263 2144
399 7027 263 2162
396 7175 253 2177
422 7155 248 2166
384 7019 272 2155
453 8211 245 2179
423 7700 245 2169
369 6517 264 2174
437 7846 244 2168
432 7682 268 2198
373 6383 250 2198
397 6691 245 2159
382 7048 273 2191
379 6725 268 2180
388 7022 239 2167
396 7200 257 2189
425 7744 263 2159
453 7745 243 2160
415 7518 245 2169
402 7254 254 2196
459 8393 255 2185
398 6973 259 2174
421 7616 273 2165
390 6920 264 2158
412 7395 252 2169
416 7414 252 2160
386 6771 257 2172
398 6892 258 2189
410 7185 258 2169
449 8062 254 2158
422 7428 247 2177
412 7346 243 2174
374 6628 239 2153
424 7593 248 2190
387 7066 258 2158
400 7128 240 2168
427 7770 255 2193
400 7344 259 2172
411 7111 247 2164
476 8492 252 2167
371 6716 273 2169
391 7039 247 2159
459 8127 263 2163
388 6882 264 2169
352 6172 245 2181
432 7894 264 2184
377 6518 255 2179
458 8009 257 2149
413 6883 254 2181
340 6078 273 2176
407 7042 257 2191
425 7322 241 2160
414 7342 245 2174
442 7900 263 2182
382 6860 245 2177
398 7223 249 2198
395 6888 258 2166
455 7978 269 2198
417 7181 264 2196
375 6725 254 2168
370 6644 250 2163
391 6945 247 2178
409 7248 248 2178
413 7550 257 2168
383 6842 246 2178
422 7558 238 2150
404 7153 273 2161
426 7544 250 2181
428 7616 276 2171
393 6954 269 2210
434 7562 257 2169
385 6782 245 2175
386 6675 252 2172
364 6638 265 2151
486 8535 257 2182
390 7047 263 2170
380 6875 264 2173
366 6660 260 2166
396 6737 231 2172
422 7577 267 2182
378 6825 264 2183
407 7467 266 2163
436 7664 243 2169
391 6881 262 2219
401 7285 262 2196
386 6684 247 2194
400 7063 265 2190
429 7820 273 2177
396 7208 267 2148
437 7803 250 2163
409 7004 260 2194
368 6690 264 2152
481 8783 254 2163
392 7031 271 2148
452 8152 258 2176
368 6701 257 2170
423 7158 247 2186
354 6213 252 2180
365 6561 245 2161
372 6585 243 2162
396 7117 277 2174
429 7588 264 2198
451 8014 255 2184
428 7708 265 2180
415 7498 247 2197
408 7527 254 2198
436 7837 269 2181
436 7549 244 2181
487 8719 257 2178
401 7228 254 2186
411 7333 247 2189
403 7365 251 2174
406 7323 263 2189
470 8164 251 2190
434 7751 257 2191
384 6942 260 2159
368 6592 264 2199
366 6591 255 2184
412 7503 273 2156
432 7822 264 2161
393 7025 246 2183
414 7439 245 2172
377 6806 268 2147
447 7749 274 2212
432 7546 247 2157
394 6901 258 2171
349 6225 239 2162
425 7687 248 2165
382 6770 250 2161
402 7192 254 2203
426 7556 249 2164
407 7200 251 2173
411 7458 266 2180
418 7464 247 2175
375 6606 265 2172
428 6923 244 2193
426 7402 254 2185
362 6544 266 2175
383 6842 238 2186
374 6589 258 2147
374 6774 246 2170
400 7412 246 2175
418 7569 263 2157
436 7686 253 2187
439 7619 261 2156
396 6918 277 2200
346 6208 245 2171
397 7107 264 2160
403 6907 238 2171
371 6383 258 2186
380 6745 247 2185
422 7324 251 2174
393 6749 249 2179
380 6557 254 2153
393 7166 235 2159
376 6754 258 2162
360 6577 247 2151
382 6996 252 2166
488 8364 257 2172
386 6942 252 2173
431 7599 262 2169
431 7303 264 2184
386 6986 261 2161
367 6553 255 2182
412 7589 278 2167
424 7419 264 2174
416 7261 238 2155
376 6766 252 2151
404 7210 267 2168
431 7876 260 2180
369 6697 257 2141
436 7739 246 2173
393 7097 264 2162
374 6538 241 2187
388 6617 263 2155
400 7231 257 2161
357 6418 273 2187
420 7544 247 2180
373 6643 259 2151
372 6585 245 2159
408 7420 255 2167
406 7172 248 2181
407 7215 257 2167
447 7970 250 2185
356 6308 263 2148
375 6624 254 2176
381 6929 261 2189
419 7403 262 2187
459 8329 250 2179
407 7240 254 2184
433 7489 244 2165
430 7783 241 2155
399 7283 252 2179
410 7398 263 2164
358 6553 263 2157
430 7618 271 2180
407 7117 255 2182
345 6174 254 2175
414 7533 257 2171
385 6658 238 2164
380 6563 244 2177
393 6870 253 2150
457 8445 268 2180
358 6569 267 2147
430 7595 245 2198
377 6657 250 2168
393 7168 254 2195
488 8863 266 2207
398 6815 254 2155
416 7637 257 2187
471 8352 254 2174
397 7265 254 2179
388 6956 277 2150
410 7461 254 2201
410 7102 254 2195
393 6936 245 2163
410 7252 254 2180
366 6615 261 2175
