57355 1620.77
275 4192 216 1882
270 4239 224 1866
265 4202 230 1858
265 4202 230 1858
263 4199 214 1893
255 4116 227 1873
253 4117 218 1880
273 4184 227 1861
270 4239 224 1866
257 4159 215 1885
254 4187 230 1863
272 4232 214 1890
272 4159 221 1869
262 4163 220 1871
259 4179 230 1861
267 4196 216 1882
254 4125 227 1876
272 4148 218 1877
268 4226 215 1882
272 4232 214 1890
255 4138 227 1867
259 4179 230 1861
253 4160 215 1885
272 4148 218 1877
253 4138 220 1874
273 4184 225 1863
262 4162 221 1869
253 4123 221 1878
253 4163 225 1869
254 4192 230 1861
268 4226 215 1882
263 4217 227 1861
262 4208 225 1863
253 4117 218 1880
265 4154 218 1877
275 4192 216 1882
256 4131 221 1875
254 4155 227 1864
273 4184 225 1863
256 4131 221 1875
253 4123 221 1878
263 4217 227 1861
267 4196 216 1882
264 4195 225 1863
254 4155 225 1866
264 4195 227 1861
254 4136 227 1870
253 4133 221 1872
254 4192 230 1861
253 4163 225 1869
255 4127 220 1877
254 4136 227 1870
254 4125 227 1876
253 4133 221 1872
263 4207 225 1863
254 4187 230 1863
255 4116 227 1873
262 4163 220 1871
255 4138 227 1867
254 4155 227 1864
253 4138 220 1874
255 4130 225 1869
255 4127 220 1877
265 4186 225 1863
265 4186 227 1861
265 4154 218 1877
263 4207 225 1863
262 4208 225 1863
262 4162 221 1869
255 4130 225 1869
273 4184 227 1861
273 4184 227 1861
273 4184 227 1861
273 4184 227 1861
273 4184 227 1861
273 4184 227 1861
273 4184 227 1861
273 4184 227 1861
273 4184 227 1861
273 4184 227 1861
273 4184 227 1861
273 4184 227 1861
273 4184 227 1861
273 4184 227 1861
273 4184 227 1861
273 4184 227 1861
273 4184 227 1861
273 4184 227 1861
273 4184 227 1861
273 4184 227 1861
273 4184 227 1861
273 4184 227 1861
273 4184 227 1861
273 4184 227 1861
273 4184 227 1861
273 4184 227 1861
273 4184 227 1861
273 4184 227 1861
273 4184 227 1861
273 4184 227 1861
273 4184 227 1861
273 4184 227 1861
273 4184 227 1861
273 4184 227 1861
273 4184 227 1861
273 4184 227 1861
273 4184 227 1861
273 4184 227 1861
273 4184 227 1861
273 4184 227 1861
273 4184 227 1861
273 4184 227 1861
273 4184 227 1861
273 4184 227 1861
273 4184 227 1861
273 4184 227 1861
273 4184 227 1861
273 4184 227 1861
273 4184 227 1861
273 4184 227 1861
273 4184 227 1861
273 4184 227 1861
273 4184 227 1861
273 4184 227 1861
273 4184 227 1861
273 4184 227 1861
273 4184 227 1861
273 4184 227 1861
273 4184 227 1861
273 4184 227 1861
273 4184 227 1861
273 4184 227 1861
273 4184 227 1861
273 4184 227 1861
273 4184 227 1861
273 4184 227 1861
273 4184 227 1861
273 4184 227 1861
273 4184 227 1861
273 4184 227 1861
273 4184 227 1861
273 4184 227 1861
273 4184 227 1861
273 4184 227 1861
273 4184 227 1861
273 4184 227 1861
273 4184 227 1861
273 4184 227 1861
273 4184 227 1861
273 4184 227 1861
273 4184 227 1861
273 4184 227 1861
273 4184 227 1861
273 4184 227 1861
273 4184 227 1861
273 4184 227 1861
273 4184 227 1861
273 4184 227 1861
273 4184 227 1861
273 4184 227 1861
273 4184 227 1861
273 4184 227 1861
273 4184 227 1861
273 4184 227 1861
273 4184 227 1861
273 4184 227 1861
273 4184 225 1863
273 4184 225 1863
273 4184 225 1863
265 4202 230 1858
254 4192 230 1861
254 4155 227 1864
288 4312 224 1866
278 4225 230 1858
277 4289 230 1858
271 4251 221 1869
254 4162 227 1864
259 4186 230 1861
273 4186 227 1861
265 4207 225 1863
257 4177 225 1866
266 4207 230 1860
265 4187 227 1861
296 4498 224 1866
278 4247 230 1858
273 4308 221 1869
273 4167 227 1873
265 4181 227 1875
257 4192 227 1864
285 4348 225 1863
263 4311 230 1861
270 4452 225 1866
276 4207 227 1861
267 4339 225 1870
265 4265 230 1863
265 4185 227 1867
268 4231 227 1861
274 4216 227 1861
275 4214 227 1861
292 4513 225 1863
286 4584 221 1879
285 4378 230 1858
279 4201 227 1867
265 4223 236 1866
259 4252 227 1870
265 4212 231 1872
275 4220 227 1861
260 4234 227 1864
268 4203 227 1867
301 4574 225 1876
275 4315 227 1861
266 4219 231 1872
261 4236 234 1873
259 4267 227 1870
266 4376 227 1864
278 4223 227 1861
260 4246 227 1867
276 4235 227 1861
283 4245 227 1861
277 4250 227 1861
276 4259 227 1861
266 4393 227 1864
288 4250 227 1864
276 4262 227 1861
270 4452 227 1869
268 4408 236 1867
278 4252 227 1861
277 4254 227 1861
280 4254 227 1861
278 4263 236 1864
277 4277 227 1861
276 4371 227 1863
278 4265 227 1861
285 4264 227 1861
284 4275 236 1861
283 4259 227 1867
282 4264 227 1868
278 4290 227 1861
276 4376 227 1866
277 4303 236 1864
277 4289 236 1866
280 4277 227 1861
279 4281 227 1861
283 4280 227 1868
282 4270 227 1870
280 4279 227 1871
279 4293 236 1866
278 4295 227 1861
278 4290 227 1867
276 4400 231 1870
281 4288 227 1861
279 4288 227 1867
282 4290 227 1861
279 4289 231 1867
278 4302 227 1861
281 4291 227 1861
284 4295 227 1870
281 4308 227 1861
279 4445 227 1867
279 4413 227 1873
279 4303 236 1864
282 4334 227 1861
281 4426 227 1861
279 4317 236 1864
283 4335 227 1861
282 4361 227 1861
281 4317 236 1864
288 4339 227 1861
283 4344 227 1861
282 4512 241 1861
292 4341 227 1861
284 4365 227 1861
283 4373 227 1861
289 4365 227 1861
285 4374 227 1861
284 4420 227 1870
300 4417 227 1864
294 4457 227 1861
293 4422 227 1874
289 4474 227 1861
299 4467 227 1861
289 4479 227 1861
296 4791 227 1861
292 4631 227 1864
291 4502 234 1861
290 4527 236 1875
292 4601 230 1868
294 4581 227 1870
295 4537 227 1864
293 4590 227 1864
303 4938 227 1861
301 4632 240 1866
294 4561 236 1876
292 4686 227 1871
301 4638 227 1864
314 4656 227 1867
306 4689 229 1864
301 4643 227 1871
296 4693 231 1880
308 4760 227 1880
