22297 120.034
366 6738 270 2373
472 8441 246 2210
366 6738 270 2373
429 7869 240 2244
390 7214 345 2245
403 7331 257 2172
371 6687 291 2305
472 8441 246 2210
438 7632 255 2264
436 7920 247 2232
392 7193 317 2222
390 7214 345 2245
392 6901 292 2262
472 8441 246 2210
403 7331 257 2172
408 7136 264 2244
416 7286 302 2225
438 7632 255 2264
416 7286 302 2225
399 7490 300 2227
414 7393 251 2314
472 8441 246 2210
433 7821 253 2226
382 7106 310 2255
387 7092 281 2277
384 7116 256 2297
394 7093 285 2228
411 7061 259 2254
429 7869 240 2244
414 7393 251 2314
414 7393 251 2314
416 7286 302 2225
408 6908 310 2249
385 6982 284 2275
433 7821 253 2226
399 7490 300 2227
382 7106 310 2255
392 7193 317 2222
397 6945 296 2229
438 7632 255 2264
397 6945 296 2229
392 7193 317 2222
429 7869 240 2244
436 7920 247 2232
416 7286 302 2225
371 6687 291 2305
403 7331 257 2172
411 7061 259 2254
371 6687 291 2305
366 6738 270 2373
403 7331 257 2172
408 7136 264 2244
392 7193 317 2222
387 7092 281 2277
416 7286 302 2225
390 7214 345 2245
371 6687 291 2305
416 7286 302 2225
403 7331 257 2172
392 7193 317 2222
403 7331 257 2172
399 7490 300 2227
429 7869 240 2244
433 7821 253 2226
408 6908 310 2249
382 7106 310 2255
392 7193 317 2222
392 7193 317 2222
392 6936 269 2230
397 6945 296 2229
385 6982 284 2275
436 7920 247 2232
390 7214 345 2245
408 6908 310 2249
411 7061 259 2254
403 7331 257 2172
385 6982 284 2275
408 6908 310 2249
382 7106 310 2255
397 6945 296 2229
384 7116 256 2297
385 6982 284 2275
411 7061 259 2254
416 7286 302 2225
433 7821 253 2226
414 7393 251 2314
394 7093 285 2228
382 7106 310 2255
436 7920 247 2232
390 7214 345 2245
403 7331 257 2172
384 7116 256 2297
416 7286 302 2225
394 7093 285 2228
390 7214 345 2245
436 7920 247 2232
403 7331 257 2172
403 7331 257 2172
436 7920 247 2232
384 7116 256 2297
384 7116 256 2297
385 6982 284 2275
384 7116 256 2297
394 7093 285 2228
397 6945 296 2229
390 7214 345 2245
433 7821 253 2226
408 6908 310 2249
382 7106 310 2255
384 7116 256 2297
394 7093 285 2228
408 6908 310 2249
416 7286 302 2225
411 7061 259 2254
403 7331 257 2172
414 7393 251 2314
411 7061 259 2254
433 7821 253 2226
408 6908 310 2249
414 7393 251 2314
416 7286 302 2225
385 6982 284 2275
429 7869 240 2244
408 6908 310 2249
414 7393 251 2314
371 6687 291 2305
411 7061 259 2254
408 6908 310 2249
403 7331 257 2172
384 7116 256 2297
416 7286 302 2225
394 7093 285 2228
392 7193 317 2222
436 7920 247 2232
392 7193 317 2222
411 7061 259 2254
438 7632 255 2264
433 7821 253 2226
371 6687 291 2305
392 7193 317 2222
433 7821 253 2226
397 6945 296 2229
472 8441 246 2210
403 7331 257 2172
392 7193 317 2222
382 7106 310 2255
384 7116 256 2297
371 6687 291 2305
411 7061 259 2254
433 7821 253 2226
371 6687 291 2305
384 7116 256 2297
436 7920 247 2232
382 7106 310 2255
371 6687 291 2305
408 6908 310 2249
408 6908 310 2249
394 7093 285 2228
436 7920 247 2232
403 7331 257 2172
387 7092 281 2277
371 6687 291 2305
433 7821 253 2226
394 7093 285 2228
436 7920 247 2232
429 7869 240 2244
403 7331 257 2172
366 6738 270 2373
392 7193 317 2222
397 6945 296 2229
390 7214 345 2245
384 7116 256 2297
438 7632 255 2264
394 7093 285 2228
472 8441 246 2210
411 7061 259 2254
408 6908 310 2249
366 6738 270 2373
408 6908 310 2249
414 7393 251 2314
403 7331 257 2172
408 6908 310 2249
429 7869 240 2244
397 6945 296 2229
414 7393 251 2314
433 7821 253 2226
382 7106 310 2255
411 7061 259 2254
472 8441 246 2210
472 8441 246 2210
390 7214 345 2245
414 7393 251 2314
411 7061 259 2254
403 7331 257 2172
390 7214 345 2245
390 7214 345 2245
394 7093 285 2228
433 7821 253 2226
403 7331 257 2172
414 7393 251 2314
385 6982 284 2275
429 7869 240 2244
408 6908 310 2249
414 7393 251 2314
411 7061 259 2254
408 6908 310 2249
436 7920 247 2232
397 6945 296 2229
392 7193 317 2222
411 7061 259 2254
392 7193 317 2222
392 7193 317 2222
436 7920 247 2232
392 7193 317 2222
382 7106 310 2255
438 7632 255 2264
433 7821 253 2226
408 6908 310 2249
392 7193 317 2222
433 7821 253 2226
397 6945 296 2229
390 7214 345 2245
416 7286 302 2225
403 7331 257 2172
390 7214 345 2245
436 7920 247 2232
436 7920 247 2232
403 7331 257 2172
436 7920 247 2232
384 7116 256 2297
394 7093 285 2228
414 7393 251 2314
411 7061 259 2254
472 8441 246 2210
433 7821 253 2226
408 6908 310 2249
382 7106 310 2255
384 7116 256 2297
385 6982 284 2275
408 6908 310 2249
408 6908 310 2249
411 7061 259 2254
403 7331 257 2172
414 7393 251 2314
414 7393 251 2314
403 7331 257 2172
366 6738 270 2373
392 7193 317 2222
390 7214 345 2245
384 7116 256 2297
438 7632 255 2264
366 6738 270 2373
411 7061 259 2254
408 6908 310 2249
371 6687 291 2305
408 6908 310 2249
429 7869 240 2244
399 7490 300 2227
408 6908 310 2249
436 7920 247 2232
414 7393 251 2314
382 7106 310 2255
411 7061 259 2254
371 6687 291 2305
414 7393 251 2314
411 7061 259 2254
403 7331 257 2172
390 7214 345 2245
371 6687 291 2305
472 8441 246 2210
392 7193 317 2222
382 7106 310 2255
384 7116 256 2297
429 7869 240 2244
399 7490 300 2227
411 7061 259 2254
392 7193 317 2222
371 6687 291 2305
436 7920 247 2232
382 7106 310 2255
436 7920 247 2232
390 7214 345 2245
408 6908 310 2249
394 7093 285 2228
387 7092 281 2277
392 7193 317 2222
387 7092 281 2277
371 6687 291 2305
408 7136 264 2244
394 7093 285 2228
378 6824 276 2309
411 7061 259 2254
392 6936 269 2230
436 7920 247 2232
411 7061 259 2254
371 6687 291 2305
371 6687 291 2305
392 7193 317 2222
390 7214 345 2245
436 7920 247 2232
