70821 2400.83
318 5577 255 2140
309 5717 266 2124
320 5624 255 2108
329 5854 264 2089
352 6321 237 2122
315 5693 248 2131
317 5799 255 2103
353 6326 248 2087
312 5683 259 2127
350 6192 264 2086
320 5845 244 2146
327 5819 246 2107
327 6086 239 2167
313 5618 256 2153
339 6224 246 2096
333 5906 244 2104
334 5955 243 2120
370 6532 262 2084
320 5701 250 2116
341 6135 238 2175
330 5848 258 2096
328 5736 245 2173
359 6543 243 2096
343 6241 253 2090
350 6250 242 2110
367 6694 282 2081
337 6022 239 2143
316 5671 253 2130
328 5922 248 2102
343 6129 240 2129
350 6425 239 2117
324 5831 250 2106
360 6587 239 2113
344 6142 244 2101
335 6119 239 2143
327 5898 243 2169
331 5736 250 2110
326 5936 264 2101
329 5919 244 2114
338 6154 268 2088
343 6142 255 2093
325 6126 241 2183
326 6005 244 2126
322 5860 245 2137
339 5980 257 2095
342 6055 240 2136
340 6295 262 2088
318 5717 255 2109
341 6012 240 2143
332 5908 253 2100
331 5995 255 2098
328 6006 259 2099
340 6019 248 2100
323 6002 246 2128
329 5816 245 2146
320 5833 247 2154
313 5562 292 2185
376 6953 233 2203
394 7072 273 2079
308 5663 256 2189
308 5663 256 2189
362 6559 250 2126
375 6726 259 2123
396 7057 271 2161
420 7588 267 2171
464 8265 290 2167
425 7330 274 2180
434 7835 286 2146
391 6717 260 2153
369 6631 279 2172
459 8277 266 2173
375 6591 263 2135
447 8269 275 2141
457 7871 271 2159
386 6912 262 2131
385 6700 268 2165
443 7863 277 2175
407 7425 279 2180
387 6866 275 2136
374 6417 281 2170
383 7072 262 2153
368 6759 264 2138
398 6864 284 2119
414 7268 265 2156
404 7456 273 2153
395 7067 258 2157
405 7408 269 2152
416 7683 296 2176
431 7852 268 2156
462 8163 265 2163
384 7011 262 2166
430 7879 264 2136
485 8866 268 2150
415 7838 269 2157
432 7702 277 2169
464 8064 274 2160
441 7977 255 2162
441 7810 270 2167
403 7432 279 2165
395 7073 268 2121
426 7797 282 2154
431 7622 272 2150
437 7554 273 2152
420 7301 279 2192
458 8032 276 2170
373 6589 256 2136
417 7412 294 2200
389 7045 269 2146
395 7184 287 2163
438 7861 277 2169
404 7432 290 2186
406 7457 268 2177
434 8110 277 2152
391 6981 286 2152
396 6929 310 2205
430 7333 276 2157
410 7341 265 2147
407 7387 267 2154
443 8010 320 2213
434 7812 260 2180
433 7625 287 2179
437 8038 274 2176
409 7402 263 2170
457 7795 281 2182
441 8012 292 2173
385 6981 266 2157
403 7242 260 2149
441 7876 284 2164
428 7368 296 2151
442 7953 300 2213
443 7956 272 2146
441 7638 274 2162
401 7067 276 2162
424 7629 280 2162
417 7640 266 2169
358 6661 290 2140
390 6839 262 2163
434 7929 309 2159
397 6806 287 2160
428 7462 285 2167
388 7024 269 2206
401 7278 276 2154
380 6935 277 2146
425 7947 287 2177
367 6685 269 2136
399 7187 305 2160
381 6762 269 2180
415 7562 266 2148
394 6945 307 2157
426 7713 271 2158
395 7207 263 2168
454 7937 277 2179
436 7477 298 2172
507 9129 306 2194
411 7483 275 2156
426 7498 269 2164
418 7215 304 2173
398 7180 274 2153
382 6742 290 2179
382 6709 279 2174
415 7368 261 2178
478 8439 299 2166
449 8047 274 2164
476 8751 295 2197
408 7574 310 2178
373 6533 259 2143
446 8109 259 2155
393 6890 268 2165
400 7314 290 2162
419 7409 267 2128
365 6615 260 2157
414 7383 274 2162
425 7316 285 2153
433 7739 280 2170
398 7082 292 2181
421 7386 271 2188
398 7070 265 2137
420 7631 279 2186
391 6921 262 2159
400 7105 268 2150
402 7330 282 2162
416 7382 274 2096
429 7614 267 2151
377 6861 268 2123
430 7727 268 2152
416 7459 284 2149
477 8740 277 2131
383 6989 275 2168
404 7408 272 2150
414 7492 259 2178
456 8041 288 2188
380 6885 262 2168
413 7566 265 2160
442 7866 277 2160
402 7187 286 2176
369 6665 278 2148
435 7817 295 2180
411 7468 287 2144
425 7646 290 2141
394 6881 265 2164
416 7107 263 2138
383 6958 264 2142
392 7219 284 2179
408 7236 276 2157
394 6963 274 2143
403 7360 288 2145
390 6923 287 2145
417 7408 278 2144
403 7094 261 2159
417 7421 279 2182
402 7080 276 2204
419 7457 271 2152
386 6798 306 2161
420 6995 262 2151
412 7215 285 2192
411 7498 288 2163
392 6820 266 2124
414 7622 263 2156
420 7326 259 2130
378 6686 296 2180
398 7245 277 2138
452 8390 263 2149
382 6811 259 2192
452 7865 295 2186
366 6515 269 2132
381 6795 265 2172
426 7636 265 2161
429 7671 282 2171
380 6756 277 2174
418 7643 268 2147
456 7922 264 2154
390 7016 268 2159
445 8054 295 2161
446 7798 265 2147
458 8043 311 2200
419 7634 259 2137
418 7510 261 2179
394 7203 263 2162
437 7998 291 2168
404 7346 267 2131
457 8282 261 2165
449 8053 255 2155
391 7024 310 2166
395 7252 284 2138
449 8268 291 2141
392 7089 264 2171
400 7115 282 2154
416 7652 266 2145
417 7139 306 2153
424 7914 268 2159
392 7172 268 2160
421 7685 320 2179
394 7225 274 2148
455 8420 280 2164
370 6721 270 2140
433 7765 274 2199
414 7597 261 2145
423 7436 298 2164
441 8151 266 2155
388 6895 266 2190
424 7733 265 2150
365 6596 289 2161
424 7810 267 2180
403 7277 279 2147
413 7587 260 2141
496 8574 279 2146
425 7471 257 2174
441 7755 279 2160
425 7064 283 2165
452 7957 302 2167
387 6827 262 2165
417 7740 264 2144
458 8353 264 2134
410 7079 260 2167
495 8944 278 2162
427 7604 286 2174
447 7950 296 2160
412 7479 293 2160
436 7676 268 2158
413 7227 284 2194
380 6936 267 2175
410 7121 282 2156
415 7505 293 2139
426 7403 271 2175
427 7308 276 2178
401 7064 265 2177
398 7264 285 2138
401 7300 276 2141
406 7425 259 2168
427 7649 293 2171
443 7856 288 2125
383 6923 282 2138
367 6643 272 2150
514 9063 260 2159
480 8607 335 2182
398 7144 285 2154
365 6673 279 2135
409 7313 257 2159
414 7593 255 2156
395 7098 268 2189
