1353 62.1696
344 6052 251 2147
343 6128 242 2171
370 6551 234 2136
348 6111 231 2191
337 6109 255 2147
363 6335 232 2164
379 6761 241 2124
356 6418 236 2156
360 6233 246 2141
408 6830 229 2149
366 6307 244 2136
355 6489 231 2178
359 6427 255 2128
381 6825 257 2117
369 6473 246 2130
367 6549 232 2155
376 6687 230 2159
390 6680 240 2125
375 6435 237 2138
369 6511 251 2127
392 6977 237 2128
354 6305 250 2143
341 6270 247 2184
359 6445 243 2143
363 6398 236 2153
369 6534 230 2173
360 6309 240 2160
350 6221 238 2188
368 6662 230 2168
352 6283 240 2174
364 6526 243 2136
344 6169 259 2142
391 6944 231 2152
379 6501 241 2134
386 6953 236 2134
400 6969 255 2121
364 6566 249 2134
386 7060 232 2151
345 6110 247 2181
350 6327 241 2173
385 6508 236 2136
415 7477 236 2124
340 6273 247 2197
417 7508 241 2121
344 6091 248 2192
410 6959 250 2123
337 6051 251 2200
355 6588 239 2170
359 6361 243 2154
349 6186 250 2169
364 6599 240 2152
413 7309 249 2122
423 7258 246 2120
406 7351 236 2130
377 6469 231 2177
353 6345 257 2143
356 6359 242 2164
344 6108 247 2189
425 7697 260 2101
425 7697 260 2101
333 5923 253 2201
333 5923 253 2201
375 6620 249 2152
453 8032 262 2184
432 7852 251 2152
413 7455 252 2184
452 7868 281 2162
419 7266 251 2157
441 7823 261 2181
418 7333 276 2183
413 7041 255 2172
423 7446 277 2208
446 7623 247 2166
469 8123 257 2164
402 7159 257 2176
424 7582 260 2171
421 7622 256 2174
388 6528 245 2175
455 8044 240 2169
451 8197 250 2159
413 7437 268 2181
441 8038 280 2186
429 7421 248 2172
402 7005 240 2170
385 6859 256 2207
400 7251 271 2183
414 7351 266 2165
401 7058 246 2167
407 7152 261 2173
424 7434 254 2174
451 7983 258 2199
406 7170 262 2178
436 7780 245 2181
448 8001 279 2188
411 7285 239 2176
417 7389 271 2170
381 6844 286 2158
384 6877 246 2180
417 7347 266 2187
454 7878 242 2148
444 7727 247 2162
392 7152 251 2145
403 6878 265 2176
409 7237 261 2185
419 7409 258 2204
408 7159 245 2154
460 8195 247 2165
418 7636 256 2185
422 7760 287 2159
437 7699 253 2162
407 7496 242 2171
434 7514 244 2169
432 7685 260 2155
435 7893 244 2166
415 7457 268 2174
450 8051 244 2210
416 7531 276 2157
428 7375 251 2179
436 7707 251 2147
365 6529 264 2197
408 7370 257 2199
393 6836 275 2180
449 7682 245 2161
408 7321 251 2159
397 6801 272 2169
420 7337 271 2202
454 8041 269 2175
429 7804 251 2184
428 7371 260 2191
411 7024 278 2195
401 7093 244 2198
390 7056 251 2148
465 8141 239 2177
402 7412 253 2178
480 8795 241 2167
380 6836 242 2162
418 7563 255 2178
447 7804 264 2208
422 7598 254 2190
431 7780 246 2178
431 7563 242 2156
421 7706 263 2164
479 8780 266 2174
370 6656 240 2172
509 8691 275 2170
377 6593 266 2172
423 7127 268 2182
388 6912 254 2201
416 7101 243 2166
379 6715 274 2204
470 8587 251 2188
419 7363 242 2170
481 8476 255 2201
434 7606 262 2194
450 7992 253 2178
462 8330 261 2167
394 6944 293 2200
449 8158 256 2171
455 7919 267 2164
387 6787 247 2173
458 8001 251 2182
409 7366 252 2148
438 7651 264 2186
414 7267 273 2179
411 7131 259 2183
426 7519 260 2159
404 7290 260 2178
402 6812 290 2148
400 7158 292 2209
441 7518 292 2193
418 7035 257 2182
437 7777 271 2146
394 6828 263 2147
448 8040 258 2150
425 7606 263 2187
384 7020 254 2163
394 6892 261 2160
412 7083 246 2183
421 7459 239 2161
392 6792 244 2165
438 7460 281 2202
476 8335 257 2160
455 7914 251 2154
447 8119 260 2168
413 7558 243 2154
401 7330 246 2159
452 8081 241 2163
413 7342 246 2167
422 7586 278 2174
459 7943 252 2188
445 7779 262 2171
402 7156 240 2168
433 7585 259 2198
461 8188 256 2174
379 6490 256 2182
410 7403 251 2178
454 8101 262 2204
410 7299 247 2162
461 8233 271 2197
454 8175 246 2188
431 7590 259 2185
429 7518 276 2156
421 7443 259 2182
463 8268 277 2194
457 7937 256 2149
396 7136 255 2174
442 7853 237 2165
509 8937 262 2167
390 6747 251 2164
412 7278 247 2174
418 7135 257 2165
445 8080 261 2196
425 7412 272 2159
457 8316 246 2149
436 7819 251 2174
429 7603 259 2188
408 7098 255 2174
416 7559 246 2154
454 8035 241 2164
429 7480 266 2168
412 7180 255 2164
429 7478 246 2161
393 7057 259 2166
477 8570 252 2194
477 8648 260 2214
456 7822 270 2198
409 7482 260 2171
403 7211 271 2201
450 7937 287 2181
383 6863 254 2152
453 7651 255 2181
393 6968 252 2171
439 7685 271 2196
444 7716 251 2169
469 8527 273 2183
438 7836 271 2188
442 7937 266 2165
483 8256 261 2167
411 7447 257 2169
484 8540 265 2185
446 7778 242 2170
392 6889 255 2177
407 7390 240 2172
455 8054 239 2150
486 8967 267 2217
440 7634 256 2177
440 7671 268 2204
392 6621 246 2164
454 7745 258 2151
458 8253 266 2174
440 7828 276 2179
426 7462 256 2165
417 7476 260 2176
458 7990 255 2177
438 7644 251 2173
429 7823 249 2167
449 8008 246 2152
433 7436 234 2173
444 7811 281 2184
474 8624 260 2158
480 8476 244 2174
419 7543 261 2176
398 7058 234 2184
449 8017 304 2204
449 8055 262 2169
442 7803 246 2167
419 7465 248 2153
457 8056 262 2179
438 7559 252 2176
398 7240 246 2175
435 7756 244 2163
437 7736 283 2194
446 7936 266 2183
443 7728 258 2173
411 7498 266 2191
423 7195 252 2155
406 7025 275 2216
423 7204 246 2187
428 7698 294 2189
371 6652 256 2158
406 7387 263 2186
402 7145 248 2156
418 7303 251 2159
400 7120 260 2176
377 6705 290 2173
436 7617 266 2211
478 8344 267 2207
391 7083 253 2169
404 7316 252 2186
427 7612 240 2164
412 7166 258 2154
429 7434 255 2148
440 7799 259 2199
454 7920 263 2164
465 8262 273 2169
454 7863 272 2170
466 8326 271 2154
399 6909 262 2167
442 7867 266 2173
389 6970 240 2157
