4 0.427761
603 10671 306 2570
603 10671 306 2570
554 9890 356 2398
489 8978 372 2429
473 8290 368 2476
470 8610 360 2440
584 9957 330 2447
496 8777 328 2521
505 9404 312 2456
523 9122 338 2490
500 9175 350 2412
485 8487 355 2480
518 9063 343 2503
472 8510 354 2511
489 8978 372 2429
489 8670 344 2456
509 9172 332 2410
470 8610 360 2440
504 9136 333 2500
523 9122 338 2490
502 9256 335 2468
502 9256 335 2468
487 9179 336 2502
487 9179 336 2502
599 10784 346 2427
587 10647 379 2405
559 9718 314 2531
549 10155 443 2420
496 8681 347 2496
494 9010 354 2582
476 8696 361 2443
476 8696 361 2443
494 9010 354 2582
577 10344 403 2417
555 9942 395 2426
504 8793 346 2524
536 9539 320 2533
567 9863 379 2423
522 9475 329 2475
518 9461 332 2462
587 10647 379 2405
540 9653 355 2439
573 10349 324 2516
533 9709 316 2528
577 10344 403 2417
518 9417 328 2558
573 10349 324 2516
575 10218 350 2421
511 9091 388 2442
538 9851 327 2495
511 9091 388 2442
518 9417 328 2558
544 9266 344 2528
544 9266 344 2528
539 9384 347 2484
539 9384 347 2484
513 9450 339 2532
513 9450 339 2532
538 9851 327 2495
518 9417 328 2558
518 9417 328 2558
518 9417 328 2558
608 11116 400 2423
564 9910 326 2597
532 9441 349 2649
526 9156 426 2459
503 8767 380 2546
483 8871 381 2580
582 10520 326 2532
601 10672 363 2441
532 9441 349 2649
561 10237 389 2440
491 8915 387 2512
530 9688 340 2536
533 9628 330 2481
511 9290 416 2471
499 8869 357 2574
549 9173 346 2588
555 10145 363 2444
534 9435 367 2493
506 9310 354 2529
511 9290 416 2471
517 9221 374 2476
500 9017 370 2496
561 10237 389 2440
537 9616 341 2565
509 9080 352 2585
529 9045 375 2490
507 8845 375 2514
524 9249 353 2502
558 9792 385 2442
504 9271 362 2500
540 9635 362 2461
552 9815 387 2442
559 9580 343 2499
533 9483 363 2454
518 9234 355 2569
529 8837 379 2533
520 9180 362 2553
556 9870 345 2463
518 9480 344 2496
521 9304 375 2450
530 9864 382 2448
528 9250 352 2499
557 9585 362 2464
520 9590 386 2460
530 9864 382 2448
520 9158 362 2557
520 9158 362 2557
540 9635 362 2461
529 8837 379 2533
557 9585 362 2464
530 9864 382 2448
530 9864 382 2448
530 9864 382 2448
606 11077 329 2582
596 10948 449 2449
487 8929 384 2621
487 8929 384 2621
565 10308 333 2545
559 10157 334 2605
538 8934 392 2518
535 9435 435 2450
558 9813 416 2465
558 9649 347 2584
534 9604 371 2472
522 9511 344 2613
546 9657 335 2481
502 9092 387 2511
500 9218 423 2523
565 10308 333 2545
531 10006 350 2540
542 9841 363 2456
525 9196 379 2507
541 9693 358 2489
550 9425 357 2500
524 9405 362 2513
510 9207 378 2552
500 9218 423 2523
535 9104 364 2619
535 9787 340 2527
530 9562 356 2496
543 9951 339 2532
510 9207 378 2552
558 9813 416 2465
519 9135 372 2519
536 9750 354 2524
533 9295 360 2563
518 9128 392 2498
537 9275 357 2567
504 9253 379 2521
533 9295 360 2563
542 9976 346 2508
535 9499 392 2492
545 9653 348 2532
534 9559 352 2539
507 9135 390 2500
518 9559 355 2498
537 9275 357 2567
507 9135 390 2500
543 9951 339 2532
545 9653 348 2532
534 9559 352 2539
519 9135 372 2519
518 9128 392 2498
558 9813 416 2465
534 9559 352 2539
534 9559 352 2539
534 9559 352 2539
510 9207 378 2552
500 9218 423 2523
487 8929 384 2621
487 8929 384 2621
487 8929 384 2621
639 11549 329 2595
639 11549 329 2595
579 10361 493 2450
579 10361 493 2450
541 9150 407 2506
525 9573 362 2608
518 9617 394 2563
630 11374 335 2548
553 9410 445 2500
579 10633 369 2465
607 10232 368 2457
592 10162 403 2462
535 9681 415 2479
581 10581 397 2463
544 9938 371 2484
571 9927 467 2453
586 9723 350 2532
562 9932 411 2475
557 10269 353 2495
555 9692 463 2455
536 9465 390 2603
526 9549 388 2550
630 11374 335 2548
568 9879 349 2501
535 9637 362 2580
530 9470 378 2515
548 9764 357 2508
550 9922 336 2546
548 9807 356 2489
601 9834 341 2597
601 10201 363 2460
553 9703 354 2536
542 9474 366 2523
521 9702 364 2598
535 9689 380 2507
519 9735 364 2500
535 9688 366 2556
525 9573 362 2608
543 9863 342 2587
571 9927 467 2453
561 9624 361 2553
544 9472 359 2587
542 9474 366 2523
549 9569 377 2515
543 9863 342 2587
554 9912 337 2503
549 9569 377 2515
535 9637 362 2580
549 9638 354 2592
554 9912 337 2503
561 9624 361 2553
549 9638 354 2592
601 9834 341 2597
549 9638 354 2592
535 9637 362 2580
525 9573 362 2608
630 11093 357 2496
620 10649 337 2534
613 10896 381 2458
570 9562 369 2535
562 10018 339 2633
558 10376 474 2495
542 9726 408 2543
554 9907 355 2594
612 10625 381 2487
580 10002 340 2521
569 9816 370 2537
562 10018 339 2633
578 10102 356 2500
577 10485 352 2511
557 9828 361 2506
560 10316 356 2503
626 10577 341 2505
626 10577 341 2505
580 10002 340 2521
577 10485 352 2511
557 10036 359 2515
560 10316 356 2503
557 10036 359 2515
562 10018 339 2633
562 10018 339 2633
562 10018 339 2633
560 10316 356 2503
560 10316 356 2503
657 11858 350 2531
630 11222 343 2617
604 10552 363 2502
585 9832 391 2576
560 10285 425 2527
579 10038 372 2569
610 11075 348 2532
597 11200 349 2553
590 10217 357 2507
568 10062 362 2516
564 10279 364 2535
565 10203 362 2570
614 10754 384 2524
605 10764 357 2507
596 11127 407 2522
577 10124 386 2571
574 10237 366 2621
568 10340 373 2527
590 10796 359 2553
578 10588 382 2525
587 10686 362 2535
577 10370 362 2569
625 10880 364 2520
622 11275 359 2527
608 10287 383 2650
573 10631 403 2569
586 10580 379 2587
600 11023 364 2565
580 10704 373 2532
584 10471 394 2573
608 10971 390 2531
585 10500 380 2540
693 12243 360 2529
671 11659 364 2577
639 11429 396 2528
604 10615 394 2545
643 11260 415 2616
630 11400 402 2584
611 10950 428 2573
691 11890 443 2615
664 11651 411 2648
616 11077 445 2621
629 11317 304 2516
610 10959 438 2397
555 10183 302 2529
482 8385 412 2544
459 8422 396 2614
459 8422 396 2614
548 9892 307 2423
585 10597 304 2522
482 8385 412 2544
500 8990 385 2448
477 8606 330 2497
509 8661 355 2433
515 9254 349 2405
518 8735 305 2441
502 8878 323 2482
501 9245 315 2482
513 9078 347 2419
478 8390 345 2478
478 8920 349 2462
511 9115 322 2467
511 9115 322 2467
518 8735 305 2441
478 8390 345 2478
482 8385 412 2544
482 8385 412 2544
482 8385 412 2544
459 8422 396 2614
459 8422 396 2614
459 8422 396 2614
604 10682 343 2453
566 10099 374 2407
534 9660 430 2428
530 9118 305 2491
484 8400 376 2622
484 8400 376 2622
478 8691 381 2491
589 10289 357 2456
567 9720 396 2429
488 8650 349 2611
487 8955 366 2561
528 9689 420 2444
604 10682 343 2453
534 9777 322 2487
506 9316 335 2517
552 8929 334 2618
502 8477 352 2497
534 9660 430 2428
531 9752 384 2452
566 10099 374 2407
520 9284 409 2458
552 9773 311 2466
557 9101 359 2475
510 9084 364 2483
503 9096 343 2545
517 9109 339 2507
540 9252 346 2472
522 9192 322 2491
487 8955 366 2561
525 9397 377 2462
523 9562 380 2456
490 8946 344 2505
503 9096 343 2545
514 9175 351 2467
540 9252 346 2472
492 8941 372 2497
515 9310 330 2476
492 8941 372 2497
525 9222 355 2465
515 9310 330 2476
531 9334 403 2460
529 9559 354 2459
531 9334 403 2460
511 9359 358 2466
513 9272 341 2493
522 9464 354 2462
513 9272 341 2493
510 9084 364 2483
522 9462 358 2458
552 8929 334 2618
522 9464 354 2462
531 9334 403 2460
531 9334 403 2460
531 9334 403 2460
522 9464 354 2462
522 9464 354 2462
522 9464 354 2462
503 9096 343 2545
503 9096 343 2545
503 9096 343 2545
487 8955 366 2561
487 8955 366 2561
487 8955 366 2561
484 8400 376 2622
484 8400 376 2622
484 8400 376 2622
646 11767 382 2419
571 10088 439 2450
567 10178 403 2414
562 10196 312 2504
503 8706 390 2547
494 9188 415 2648
620 11370 377 2446
621 10929 319 2482
519 8760 376 2570
577 10479 386 2422
543 9739 417 2464
585 10011 358 2461
539 9513 326 2523
531 9730 317 2493
507 8918 379 2510
535 9551 363 2482
555 10243 362 2460
519 9558 351 2475
527 9390 398 2467
539 10055 373 2462
567 10178 403 2414
502 9137 347 2540
531 9336 340 2557
544 10158 386 2455
581 10766 382 2452
552 9942 398 2456
496 9100 351 2514
514 9320 381 2469
526 9351 331 2485
519 8760 376 2570
571 10029 332 2471
570 9949 341 2470
583 10780 355 2468
541 9142 330 2511
516 9200 361 2484
501 9053 357 2523
543 9877 358 2474
567 10000 390 2458
576 10819 388 2421
502 9137 347 2540
531 9336 340 2557
576 10819 388 2421
567 10000 390 2458
517 8972 358 2519
517 8989 360 2513
554 9899 380 2470
581 10766 382 2452
517 8989 360 2513
501 9053 357 2523
554 9899 380 2470
517 8972 358 2519
585 10011 358 2461
567 10000 390 2458
567 10000 390 2458
567 10000 390 2458
554 9899 380 2470
531 9336 340 2557
519 8760 376 2570
519 8760 376 2570
519 8760 376 2570
501 9053 357 2523
501 9053 357 2523
501 9053 357 2523
678 11320 397 2447
603 10353 430 2429
598 10056 319 2497
555 9848 477 2465
520 8973 370 2629
520 8973 370 2629
497 9276 372 2551
678 11320 397 2447
568 10599 362 2466
528 9770 342 2602
572 9820 449 2472
529 9522 334 2626
527 9133 410 2513
591 10581 372 2468
505 9057 428 2571
509 8987 433 2574
500 9178 378 2576
565 10214 396 2458
522 9152 359 2567
546 9610 422 2475
537 9529 401 2483
585 9878 355 2491
574 10178 361 2471
546 9818 367 2478
533 9452 392 2486
583 10400 325 2538
579 10283 388 2468
510 9679 361 2543
603 10039 388 2472
569 10426 338 2485
520 9354 380 2495
555 9644 328 2553
561 10218 351 2488
536 9835 346 2531
553 9693 341 2498
537 9751 346 2555
499 9185 368 2536
527 9425 356 2500
539 9567 365 2490
514 9245 389 2517
517 9316 353 2517
598 10398 350 2473
543 9745 377 2475
539 9700 347 2532
546 9376 390 2491
563 9485 352 2495
517 9306 355 2514
572 10323 358 2473
513 9002 389 2524
541 9611 348 2539
521 9273 363 2506
527 9645 363 2493
562 9864 338 2524
521 9273 363 2506
579 10283 388 2468
562 9864 338 2524
568 10599 362 2466
500 9178 378 2576
513 9002 389 2524
569 10426 338 2485
543 9745 377 2475
541 9611 348 2539
517 9316 353 2517
568 10599 362 2466
568 10599 362 2466
568 10599 362 2466
562 9864 338 2524
543 9745 377 2475
520 8973 370 2629
517 9316 353 2517
513 9002 389 2524
697 12179 339 2522
592 10844 338 2570
582 10632 398 2460
581 10409 430 2470
522 9469 375 2586
518 9203 379 2538
507 9319 376 2568
614 10584 360 2483
571 10024 413 2480
596 10455 346 2487
564 10376 360 2515
539 9768 347 2545
578 10257 342 2531
541 9698 357 2535
574 10147 351 2511
534 9721 365 2497
589 10839 363 2502
587 10450 343 2523
524 9580 371 2512
540 9496 361 2510
531 9220 377 2538
546 9874 364 2503
569 10439 373 2478
539 9768 347 2545
573 9900 368 2478
528 9579 371 2504
546 9874 364 2503
528 9579 371 2504
573 9900 368 2478
569 10439 373 2478
531 9220 377 2538
528 9579 371 2504
654 11215 350 2489
582 10263 349 2550
582 10146 379 2480
573 9964 430 2485
536 9206 412 2574
637 10903 361 2501
598 10150 355 2562
577 9527 416 2545
551 9721 403 2514
580 10594 368 2493
557 10330 364 2511
557 10316 392 2499
553 9744 361 2533
576 9729 377 2528
665 11689 354 2596
610 10646 368 2495
558 10006 366 2599
558 9589 418 2597
628 11065 358 2585
572 9989 384 2544
560 10263 361 2557
598 11098 366 2527
616 10550 395 2509
577 10205 397 2529
580 10538 376 2538
578 10359 378 2518
638 11464 382 2547
631 11285 393 2530
609 10777 361 2577
604 10725 389 2614
579 10652 459 2577
573 10268 395 2613
591 10811 431 2547
615 10465 385 2585
598 10553 392 2558
690 11836 418 2538
652 11485 383 2548
650 11033 443 2578
631 11222 401 2561
523 9370 344 2365
506 9074 306 2448
474 8397 311 2572
442 7952 317 2417
481 8534 339 2399
498 8818 315 2512
493 9003 319 2394
507 9116 310 2431
503 8522 313 2447
505 9304 311 2447
588 10354 323 2439
572 10374 354 2396
570 10180 306 2489
568 10022 314 2534
510 9659 410 2395
448 8235 414 2460
471 8825 406 2530
482 8749 366 2436
557 10098 325 2426
484 8428 335 2430
527 9667 343 2399
541 8753 318 2466
515 9332 340 2407
512 8874 316 2495
532 9079 324 2433
508 9490 347 2403
504 8970 350 2420
521 9261 334 2471
491 8812 333 2476
521 9418 316 2478
471 8825 406 2530
504 8970 350 2420
486 8823 331 2492
512 8874 316 2495
486 8823 331 2492
610 10990 329 2493
596 10562 368 2405
536 9814 320 2549
524 9465 397 2420
502 8585 361 2481
484 8966 348 2516
596 10423 349 2422
525 9565 386 2411
562 9750 329 2495
557 10155 327 2527
596 10562 368 2405
497 8630 388 2486
533 9838 396 2406
487 8723 355 2543
539 9357 339 2445
597 10920 335 2465
490 8812 347 2466
599 10196 344 2434
514 9373 357 2428
553 9584 331 2507
519 8979 337 2462
524 9301 340 2459
498 9120 337 2506
531 9162 355 2436
500 8828 344 2458
530 9815 331 2479
559 9732 323 2524
548 9344 360 2433
501 8875 333 2494
559 9732 323 2524
535 9373 352 2426
535 9373 352 2426
548 9344 360 2433
499 8952 361 2435
499 8952 361 2435
559 9732 323 2524
559 9732 323 2524
559 9732 323 2524
641 11770 327 2533
602 10820 327 2540
563 9944 406 2420
524 8775 430 2553
494 8839 376 2596
602 10820 327 2540
629 10751 329 2548
641 11770 327 2533
504 8880 409 2557
508 9100 343 2576
504 9055 430 2490
546 9525 347 2457
587 10569 338 2471
538 9304 399 2452
573 9807 353 2429
587 10155 331 2489
568 10460 330 2501
535 9590 383 2453
584 9705 390 2433
523 9389 333 2494
497 8960 394 2551
518 9253 340 2529
586 10503 344 2460
560 9874 356 2441
530 9668 404 2439
531 9107 339 2467
504 8880 409 2557
527 8795 373 2494
584 9705 390 2433
569 9549 338 2472
567 10107 371 2428
553 9736 369 2432
508 8963 380 2476
497 9172 382 2521
517 9061 366 2497
562 9352 360 2460
512 9084 355 2478
508 9280 368 2470
519 9021 378 2510
520 9563 337 2483
551 9728 352 2447
497 9172 382 2521
550 10102 380 2449
494 9183 366 2505
526 8988 356 2538
515 9071 370 2454
526 9029 351 2492
494 9183 366 2505
520 9563 337 2483
519 9021 378 2510
553 10067 331 2504
555 10086 357 2445
547 10020 381 2444
520 9305 343 2479
554 8923 353 2492
562 9352 360 2460
547 10020 381 2444
519 9057 373 2530
530 9668 404 2439
499 9054 379 2500
567 10107 371 2428
499 9054 379 2500
509 8898 358 2539
514 9152 339 2539
510 9340 358 2491
511 9044 343 2534
555 10086 357 2445
510 9340 358 2491
514 9152 339 2539
511 9044 343 2534
520 9563 337 2483
520 9563 337 2483
520 9563 337 2483
510 9340 358 2491
510 9340 358 2491
510 9340 358 2491
504 8880 409 2557
504 8880 409 2557
504 8880 409 2557
607 10572 344 2480
592 10890 350 2458
583 10213 331 2537
575 10399 406 2430
538 9086 434 2505
529 9110 357 2606
515 8911 360 2564
505 9335 430 2516
558 10195 395 2447
607 10503 343 2485
529 9110 357 2606
595 10731 334 2491
551 10037 347 2460
583 10213 331 2537
570 10049 359 2452
570 10442 356 2443
525 9639 374 2460
510 9346 389 2483
541 9544 334 2506
546 9399 417 2466
540 9686 371 2457
563 9742 346 2491
520 9582 337 2504
547 9894 354 2463
509 9498 407 2525
533 9199 347 2467
509 9498 407 2525
531 9609 349 2474
511 9033 374 2542
517 9225 352 2548
514 9236 356 2538
545 9387 346 2531
546 9399 417 2466
563 9742 346 2491
518 9279 367 2482
595 10731 334 2491
524 9154 357 2503
529 9608 392 2466
517 9503 359 2514
531 9882 340 2495
511 9033 374 2542
517 9225 352 2548
530 9127 368 2514
527 9431 340 2498
527 9431 340 2498
510 9346 389 2483
518 9279 367 2482
525 9569 347 2502
547 9894 354 2463
545 9387 346 2531
531 9882 340 2495
532 9102 370 2495
532 9102 370 2495
525 9639 374 2460
525 9569 347 2502
531 9882 340 2495
525 9639 374 2460
525 9639 374 2460
525 9639 374 2460
511 9033 374 2542
511 9033 374 2542
511 9033 374 2542
620 10968 341 2494
600 10239 333 2573
589 10355 398 2456
535 9153 375 2497
517 9481 373 2585
516 9398 431 2491
515 9168 392 2546
601 10849 356 2465
521 9630 376 2567
598 10451 367 2471
548 9570 339 2539
526 9699 365 2526
558 9458 357 2473
571 9635 337 2525
563 10170 371 2463
532 9878 396 2503
568 10051 349 2475
515 9168 392 2546
536 9208 367 2478
540 9829 375 2469
534 9628 348 2485
540 9318 354 2491
528 9159 357 2509
533 9518 351 2504
567 10389 334 2517
568 9846 343 2516
539 9587 339 2568
540 9665 344 2503
524 9167 368 2522
565 9597 335 2545
524 9167 368 2522
565 9597 335 2545
524 9167 368 2522
632 10882 362 2477
616 11272 363 2491
614 10395 333 2605
609 11054 375 2463
558 9620 477 2473
535 9371 367 2513
524 9430 394 2543
555 9683 410 2493
593 10359 337 2555
606 10730 373 2481
585 10416 357 2499
545 9697 356 2578
544 9919 358 2578
617 10976 340 2525
562 10407 352 2536
571 10409 341 2527
563 9562 405 2504
579 9485 374 2485
567 10253 384 2468
529 9409 392 2520
548 10085 389 2504
580 10268 376 2478
557 10176 394 2471
540 9928 374 2511
547 9976 390 2473
541 10232 371 2500
564 10110 358 2501
570 10125 355 2526
558 9644 393 2482
546 9575 356 2517
645 11586 374 2499
636 11225 399 2489
604 10562 351 2575
552 9804 407 2518
553 10013 367 2553
563 10243 395 2497
614 11341 357 2524
581 10127 373 2541
641 10952 357 2550
561 10143 375 2525
606 11063 351 2540
565 10291 359 2527
591 10493 358 2528
558 10466 367 2522
639 10790 403 2506
631 10988 380 2535
609 11238 405 2509
566 10255 452 2561
570 10534 383 2524
675 11956 424 2516
586 10577 385 2528
629 11082 464 2544
603 10922 418 2578
