7201 2545.53
267 4401 234 1868
264 4436 234 1868
258 4554 219 1897
252 4307 225 1889
251 4389 214 1912
250 4391 214 1912
247 4328 223 1899
257 4454 217 1901
258 4554 219 1897
264 4348 228 1877
259 4414 224 1882
254 4396 220 1893
249 4386 232 1885
253 4322 225 1880
265 4356 229 1876
251 4415 214 1909
266 4373 232 1874
252 4408 234 1873
256 4418 218 1899
248 4337 220 1900
264 4436 234 1868
248 4366 215 1906
252 4313 216 1903
256 4418 218 1899
255 4372 234 1871
257 4454 217 1901
248 4363 223 1890
251 4399 219 1902
248 4360 225 1887
264 4433 234 1870
266 4342 228 1877
252 4367 229 1879
249 4343 215 1903
253 4409 234 1871
252 4313 216 1903
252 4322 223 1886
251 4415 214 1909
248 4366 215 1906
264 4375 232 1875
265 4428 234 1868
265 4356 229 1876
259 4414 224 1882
252 4423 234 1871
266 4342 228 1877
255 4365 217 1902
251 4389 214 1912
249 4324 220 1900
257 4405 224 1883
252 4421 220 1892
267 4387 234 1870
257 4397 229 1878
252 4348 224 1885
249 4386 232 1885
248 4371 220 1897
252 4321 220 1895
249 4333 225 1887
248 4371 220 1897
255 4358 234 1873
254 4313 220 1897
253 4322 225 1880
247 4358 223 1893
252 4321 220 1895
252 4319 225 1882
252 4307 225 1889
252 4347 232 1878
249 4324 220 1900
266 4360 232 1875
251 4404 219 1898
249 4351 220 1897
267 4387 234 1870
255 4358 234 1873
253 4330 229 1879
252 4423 234 1871
252 4421 220 1892
252 4394 232 1877
247 4358 223 1893
257 4405 224 1883
257 4398 229 1876
257 4397 229 1878
255 4365 217 1902
253 4335 224 1885
252 4336 225 1880
252 4322 223 1886
251 4404 219 1898
257 4408 232 1874
265 4428 234 1868
254 4313 220 1897
252 4318 220 1897
248 4339 223 1893
253 4343 232 1878
264 4348 228 1877
267 4401 234 1868
265 4369 232 1875
265 4369 232 1875
264 4392 229 1876
254 4396 220 1893
254 4332 232 1878
253 4335 224 1885
253 4330 229 1879
252 4394 232 1877
252 4367 229 1879
252 4319 225 1882
249 4337 223 1893
247 4328 223 1899
266 4373 232 1874
265 4374 232 1874
265 4374 232 1874
264 4392 229 1876
257 4408 232 1874
257 4398 229 1876
255 4372 234 1871
254 4332 232 1878
253 4347 232 1877
252 4336 225 1880
252 4318 220 1897
249 4333 225 1887
267 4401 234 1868
267 4401 234 1868
267 4401 234 1868
267 4401 234 1868
267 4401 234 1868
267 4401 234 1868
267 4401 234 1868
267 4401 234 1868
267 4401 234 1868
267 4401 234 1868
267 4401 234 1868
267 4401 234 1868
267 4401 234 1868
267 4401 234 1868
267 4401 234 1868
267 4401 234 1868
267 4401 234 1868
267 4401 234 1868
267 4401 234 1868
267 4401 234 1868
267 4401 234 1868
267 4401 234 1868
267 4401 234 1868
267 4401 234 1868
267 4401 234 1868
267 4401 234 1868
267 4401 234 1868
267 4401 234 1868
267 4401 234 1868
267 4401 234 1868
267 4401 234 1868
267 4401 234 1868
267 4401 234 1868
267 4401 234 1868
267 4401 234 1868
267 4387 234 1870
255 4372 234 1871
268 4407 234 1870
267 4417 234 1868
266 4575 225 1880
265 4392 232 1875
255 4441 234 1875
260 4444 229 1879
261 4489 234 1871
268 4397 229 1876
266 4395 232 1874
266 4409 228 1879
266 4486 234 1871
267 4409 234 1870
288 4880 228 1885
267 4421 234 1868
265 4400 232 1875
255 4479 238 1879
274 4498 229 1876
268 4441 232 1874
260 4496 234 1875
278 4629 229 1876
274 4727 229 1881
267 4433 234 1868
266 4436 232 1875
268 4442 232 1874
266 4436 232 1875
283 4649 229 1885
282 4664 231 1880
269 4435 234 1872
267 4454 234 1868
267 4447 234 1870
269 4470 232 1874
268 4452 232 1877
269 4452 232 1876
274 4474 232 1875
271 4475 234 1868
269 4551 232 1884
268 4488 234 1868
267 4448 234 1870
270 4484 232 1874
276 4498 232 1877
274 4496 232 1889
273 4555 232 1874
273 4489 234 1868
273 4459 234 1870
270 4542 232 1877
268 4495 234 1868
267 4485 234 1870
275 4475 232 1887
274 4512 232 1874
275 4503 232 1874
270 4465 234 1870
268 4478 234 1870
283 4569 232 1874
276 4521 232 1887
274 4582 232 1874
274 4544 232 1877
271 4495 236 1871
270 4473 234 1872
268 4508 234 1868
273 4491 234 1868
273 4484 234 1870
277 4635 232 1874
277 4594 232 1882
275 4494 234 1868
274 4485 234 1872
269 4511 234 1868
268 4530 234 1871
272 4489 234 1872
270 4509 234 1868
273 4503 234 1868
280 4703 232 1874
278 4650 232 1875
272 4501 234 1873
269 4540 234 1868
268 4565 249 1879
268 4533 249 1885
275 4504 234 1868
269 4529 234 1873
270 4517 234 1868
273 4507 234 1868
291 4878 232 1874
282 4658 232 1876
280 4693 232 1876
276 4506 234 1868
275 4506 234 1875
271 4517 234 1868
270 4690 234 1871
273 4513 234 1870
274 4511 234 1870
287 4785 232 1888
272 4520 234 1868
271 4529 234 1868
271 4523 236 1871
272 4522 234 1868
271 4547 234 1868
273 4522 234 1868
272 4524 234 1868
271 4573 249 1884
274 4528 234 1868
272 4531 234 1868
272 4524 236 1871
277 4541 234 1868
274 4530 234 1870
273 4538 234 1875
272 4582 234 1868
272 4547 234 1870
272 4531 236 1871
276 4572 234 1868
278 4540 234 1870
274 4590 234 1868
273 4549 234 1870
272 4563 242 1884
277 4583 234 1868
274 4547 234 1870
279 4611 234 1868
276 4567 234 1879
275 4582 234 1870
283 4616 234 1868
277 4598 234 1870
275 4755 245 1875
293 4930 234 1868
277 4643 234 1875
277 4632 243 1871
281 4889 234 1873
283 4635 234 1870
295 4946 234 1868
285 4660 234 1879
280 4671 234 1875
279 4837 239 1898
278 4675 245 1872
283 4727 234 1870
287 4686 234 1872
287 4745 234 1870
285 4746 234 1873
282 4697 234 1875
292 4795 234 1870
290 4775 243 1870
284 4710 234 1879
283 4717 239 1882
282 4858 234 1875
284 4830 239 1875
290 4760 234 1872
295 4766 234 1879
293 4754 234 1881
290 4857 234 1875
291 4864 234 1879
295 4894 234 1883
