233695 1800.16
398 6388 309 2082
341 5880 259 2115
466 8633 242 2037
338 6073 259 2184
338 6073 259 2184
406 7085 276 2023
446 7616 222 2073
340 6250 255 2164
340 6250 255 2164
354 6411 248 2150
338 6073 259 2184
352 6397 279 2095
441 8156 226 2101
351 6133 289 2112
448 7818 240 2047
374 6590 227 2076
431 7514 239 2048
351 6133 289 2112
460 7557 224 2136
368 6439 256 2082
357 6392 250 2088
460 7557 224 2136
408 7393 232 2054
388 6529 264 2072
452 7615 240 2042
374 6590 227 2076
439 7749 225 2115
351 6305 253 2115
431 7514 239 2048
341 5880 259 2115
401 7430 244 2057
423 7395 247 2032
381 6690 266 2054
449 7700 246 2039
441 8156 226 2101
382 6957 261 2056
338 6073 259 2184
409 7233 224 2161
401 7430 244 2057
460 7557 224 2136
371 6637 236 2070
439 7749 225 2115
409 7233 224 2161
368 6439 256 2082
356 6332 241 2110
423 7395 247 2032
448 7818 240 2047
418 7334 225 2129
419 7282 241 2066
371 6637 236 2070
399 6887 258 2044
353 6281 255 2123
373 6769 275 2064
407 7164 241 2067
422 6980 233 2063
351 6133 289 2112
398 6388 309 2082
353 6400 270 2097
373 6769 275 2064
373 6769 275 2064
382 6957 261 2056
364 6611 233 2143
361 6315 244 2090
363 6583 255 2078
446 7616 222 2073
388 6529 264 2072
381 6690 266 2054
381 6690 266 2054
403 7193 248 2040
422 6980 233 2063
388 6529 264 2072
418 7334 225 2129
382 6819 254 2069
357 6392 250 2088
422 6980 233 2063
386 6975 252 2051
363 6583 255 2078
408 7393 232 2054
418 7334 225 2129
386 6975 252 2051
401 7430 244 2057
361 6315 244 2090
382 6957 261 2056
363 6583 255 2078
408 7340 226 2118
361 6315 244 2090
386 6975 252 2051
408 7340 226 2118
374 6590 227 2076
386 6975 252 2051
423 7395 247 2032
403 7193 248 2040
374 6590 227 2076
356 6332 241 2110
351 6133 289 2112
409 7233 224 2161
449 7700 246 2039
460 7557 224 2136
399 6887 258 2044
371 6637 236 2070
452 7615 240 2042
357 6387 238 2090
403 7193 248 2040
399 6887 258 2044
351 6305 253 2115
341 5880 259 2115
382 6819 254 2069
356 6332 241 2110
460 7557 224 2136
418 7334 225 2129
418 7334 225 2129
452 7615 240 2042
407 7164 241 2067
460 7557 224 2136
353 6281 255 2123
446 7616 222 2073
353 6281 255 2123
441 8156 226 2101
354 6411 248 2150
371 6637 236 2070
361 6315 244 2090
338 6073 259 2184
382 6819 254 2069
356 6332 241 2110
409 7233 224 2161
439 7749 225 2115
460 7557 224 2136
356 6332 241 2110
368 6439 256 2082
409 7233 224 2161
408 7393 232 2054
398 6388 309 2082
352 6397 279 2095
351 6305 253 2115
356 6332 241 2110
422 6980 233 2063
354 6411 248 2150
364 6611 233 2143
448 7818 240 2047
446 7616 222 2073
386 6975 252 2051
407 7164 241 2067
422 6980 233 2063
449 7700 246 2039
357 6387 238 2090
351 6305 253 2115
353 6281 255 2123
409 7233 224 2161
422 6980 233 2063
382 6957 261 2056
398 6388 309 2082
373 6769 275 2064
338 6073 259 2184
364 6611 233 2143
351 6133 289 2112
422 6980 233 2063
352 6397 279 2095
353 6400 270 2097
353 6281 255 2123
373 6769 275 2064
439 7749 225 2115
446 7616 222 2073
460 7557 224 2136
368 6439 256 2082
368 6439 256 2082
423 7395 247 2032
386 6975 252 2051
408 7340 226 2118
386 6975 252 2051
371 6637 236 2070
409 7233 224 2161
431 7514 239 2048
364 6611 233 2143
364 6611 233 2143
364 6611 233 2143
351 6133 289 2112
388 6529 264 2072
452 7615 240 2042
351 6305 253 2115
408 7393 232 2054
357 6392 250 2088
422 6980 233 2063
356 6332 241 2110
338 6073 259 2184
431 7514 239 2048
449 7700 246 2039
448 7818 240 2047
441 8156 226 2101
352 6397 279 2095
340 6250 255 2164
419 7282 241 2066
371 6637 236 2070
408 7393 232 2054
401 7430 244 2057
423 7395 247 2032
441 8156 226 2101
409 7233 224 2161
351 6305 253 2115
403 7193 248 2040
407 7164 241 2067
408 7340 226 2118
409 7233 224 2161
448 7818 240 2047
381 6690 266 2054
408 7340 226 2118
338 6073 259 2184
386 6975 252 2051
351 6305 253 2115
409 7233 224 2161
386 6975 252 2051
361 6315 244 2090
398 6388 309 2082
373 6769 275 2064
423 7395 247 2032
364 6611 233 2143
422 6980 233 2063
408 7340 226 2118
353 6281 255 2123
373 6769 275 2064
439 7749 225 2115
361 6315 244 2090
401 7430 244 2057
406 7085 276 2023
441 8156 226 2101
338 6073 259 2184
446 7616 222 2073
418 7334 225 2129
399 6887 258 2044
460 7557 224 2136
356 6332 241 2110
371 6637 236 2070
368 6439 256 2082
460 7557 224 2136
356 6332 241 2110
449 7700 246 2039
351 6133 289 2112
446 7616 222 2073
386 6975 252 2051
407 7164 241 2067
381 6690 266 2054
449 7700 246 2039
422 6980 233 2063
357 6392 250 2088
340 6250 255 2164
419 7282 241 2066
371 6637 236 2070
418 7334 225 2129
388 6529 264 2072
422 6980 233 2063
386 6975 252 2051
403 7193 248 2040
388 6529 264 2072
408 7340 226 2118
446 7616 222 2073
361 6315 244 2090
381 6690 266 2054
408 7340 226 2118
351 6133 289 2112
368 6439 256 2082
386 6975 252 2051
408 7340 226 2118
371 6637 236 2070
409 7233 224 2161
364 6611 233 2143
338 6073 259 2184
388 6529 264 2072
363 6583 255 2078
351 6305 253 2115
408 7393 232 2054
422 6980 233 2063
356 6332 241 2110
379 6840 266 2031
449 7700 246 2039
409 7233 224 2161
368 6439 256 2082
371 6637 236 2070
351 6305 253 2115
423 7395 247 2032
431 7514 239 2048
408 7340 226 2118
351 6305 253 2115
403 7193 248 2040
423 7395 247 2032
381 6690 266 2054
386 6975 252 2051
422 6980 233 2063
371 6637 236 2070
386 6975 252 2051
351 6133 289 2112
446 7616 222 2073
401 7430 244 2057
351 6305 253 2115
441 8156 226 2101
418 7334 225 2129
351 6133 289 2112
422 6980 233 2063
364 6611 233 2143
449 7700 246 2039
409 7233 224 2161
388 6994 245 2123
