34427 1620.71
253 4415 245 2168
257 4353 235 2173
269 4425 230 2198
312 5279 312 2120
257 4375 245 2161
257 4361 245 2161
273 4639 269 2126
257 4383 245 2158
257 4361 245 2161
257 4361 245 2161
262 4416 260 2144
257 4361 245 2161
264 4547 258 2133
257 4396 250 2152
257 4361 245 2161
257 4363 235 2173
257 4398 250 2152
259 4490 239 2157
257 4396 250 2152
257 4361 245 2161
281 4852 239 2139
261 4406 261 2147
263 4414 260 2144
257 4390 250 2152
257 4364 235 2176
257 4375 245 2161
257 4363 235 2173
260 4369 245 2161
260 4427 260 2144
260 4429 260 2144
264 4469 260 2141
257 4363 235 2173
260 4371 245 2161
257 4390 250 2152
257 4373 245 2161
257 4359 240 2167
272 4480 271 2136
263 4424 260 2144
257 4385 245 2158
257 4359 240 2167
264 4523 253 2137
257 4375 245 2161
272 4480 271 2136
257 4396 250 2152
257 4357 240 2167
264 4457 239 2149
272 4480 271 2136
257 4357 240 2167
262 4411 245 2155
255 4432 235 2180
257 4373 240 2164
266 4430 239 2152
257 4398 250 2152
257 4363 235 2173
260 4371 245 2161
257 4363 235 2173
257 4408 250 2149
257 4390 250 2152
260 4427 260 2144
257 4419 250 2149
272 4458 271 2139
257 4384 245 2158
260 4476 235 2158
257 4355 235 2173
257 4359 240 2167
257 4382 245 2158
272 4480 271 2136
264 4530 248 2139
257 4361 245 2161
257 4359 240 2167
261 4406 261 2147
257 4357 240 2167
278 4635 248 2139
257 4398 250 2152
257 4353 235 2173
257 4381 240 2164
278 4596 248 2135
257 4361 245 2161
263 4424 260 2144
257 4357 240 2167
269 4425 230 2198
261 4406 261 2147
264 4523 258 2134
260 4429 260 2144
260 4457 235 2158
257 4390 250 2155
258 4417 250 2152
257 4367 240 2167
257 4379 245 2161
257 4361 245 2161
272 4461 271 2139
264 4489 239 2149
257 4382 245 2158
260 4369 245 2161
257 4409 235 2170
257 4353 235 2173
263 4411 260 2144
264 4480 260 2141
257 4359 240 2167
257 4353 235 2173
271 4451 271 2139
257 4375 245 2161
261 4418 260 2144
257 4389 245 2158
257 4361 245 2161
261 4406 261 2147
264 4488 249 2144
257 4358 235 2176
257 4398 250 2152
257 4361 245 2161
257 4385 245 2158
257 4358 235 2176
257 4390 250 2152
257 4390 250 2152
257 4404 235 2170
260 4369 245 2161
257 4380 235 2170
257 4375 245 2161
264 4488 249 2144
257 4358 235 2176
264 4535 258 2131
264 4437 260 2144
257 4382 245 2158
257 4361 245 2161
257 4358 235 2176
257 4357 240 2167
273 4451 271 2142
259 4421 232 2188
260 4369 245 2161
257 4375 245 2161
263 4411 260 2144
257 4361 245 2161
261 4424 260 2144
264 4546 258 2137
257 4355 235 2173
260 4452 235 2158
261 4424 260 2144
264 4437 260 2144
257 4408 250 2149
257 4361 245 2161
261 4437 239 2152
264 4444 250 2146
271 4455 271 2139
257 4359 240 2167
262 4486 235 2173
261 4406 261 2147
264 4444 250 2146
257 4375 245 2161
257 4379 245 2161
257 4360 235 2176
261 4406 261 2147
257 4359 240 2167
257 4359 235 2173
257 4382 245 2158
262 4416 245 2155
257 4361 245 2161
273 4639 269 2126
263 4414 260 2144
257 4375 245 2161
257 4353 235 2173
264 4489 239 2149
257 4360 235 2176
261 4406 261 2147
257 4375 245 2161
257 4361 245 2161
287 4980 243 2138
272 4487 271 2136
260 4369 245 2161
262 4416 245 2155
257 4444 239 2152
257 4380 235 2170
257 4373 245 2161
263 4411 260 2144
260 4429 260 2144
257 4358 235 2176
257 4357 235 2173
257 4395 240 2164
263 4411 260 2144
257 4390 250 2152
255 4427 250 2152
281 4587 280 2126
261 4406 261 2147
264 4526 244 2142
257 4359 240 2167
257 4361 245 2161
257 4361 245 2161
269 4607 269 2126
257 4390 250 2155
257 4355 235 2173
257 4359 240 2167
263 4411 260 2144
257 4355 235 2173
264 4447 250 2146
264 4488 249 2144
257 4357 240 2167
264 4457 239 2149
261 4406 261 2147
257 4396 240 2164
257 4379 245 2161
257 4355 235 2173
264 4512 239 2146
264 4514 249 2141
271 4455 271 2139
257 4383 245 2158
266 4430 239 2152
257 4375 245 2161
257 4363 235 2173
257 4359 235 2173
257 4385 245 2158
257 4375 245 2161
272 4480 271 2136
257 4384 245 2158
260 4369 245 2161
257 4384 245 2158
257 4367 245 2161
257 4353 235 2173
272 4485 271 2136
263 4411 260 2144
257 4382 245 2158
257 4357 240 2167
264 4523 258 2134
257 4375 245 2161
261 4406 261 2147
257 4363 235 2173
257 4353 235 2173
276 4579 248 2136
280 4533 280 2132
257 4382 245 2158
276 4607 244 2141
257 4390 250 2152
257 4373 245 2161
264 4493 235 2155
257 4390 250 2155
257 4370 235 2176
257 4373 240 2164
257 4373 245 2161
261 4430 239 2152
257 4385 245 2158
260 4427 260 2144
254 4410 245 2158
272 4480 271 2136
257 4396 250 2152
257 4360 235 2176
257 4361 245 2161
257 4360 235 2178
257 4379 245 2161
261 4406 261 2147
257 4376 235 2170
257 4361 245 2161
257 4357 235 2173
257 4390 250 2152
257 4359 240 2167
262 4416 260 2144
257 4390 250 2152
257 4385 245 2158
257 4376 235 2183
261 4406 261 2147
263 4453 239 2152
280 4664 248 2139
257 4390 250 2155
257 4380 235 2170
261 4406 261 2147
264 4535 258 2131
257 4412 250 2149
257 4397 235 2170
257 4390 250 2152
267 4556 236 2152
257 4384 245 2158
257 4373 245 2161
257 4363 235 2173
260 4427 260 2144
261 4460 235 2158
257 4375 245 2161
257 4375 245 2161
257 4367 235 2183
257 4361 245 2161
280 4533 280 2132
263 4411 260 2144
257 4373 240 2164
257 4357 240 2167
264 4535 258 2131
257 4384 245 2158
261 4424 260 2144
257 4390 250 2155
257 4361 245 2161
257 4398 250 2152
263 4411 260 2144
257 4355 235 2173
264 4469 239 2149
262 4401 240 2161
262 4416 245 2155
262 4411 245 2155
257 4390 250 2152
257 4398 250 2152
257 4380 235 2170
257 4361 245 2161
257 4363 235 2173
257 4382 245 2158
265 4537 243 2145
257 4370 235 2176
