50690 3422.2
269 4517 206 1913
259 4298 235 1871
235 3949 214 1940
272 4314 235 1868
276 4298 234 1869
239 4025 201 1962
235 3930 214 1946
245 4063 200 1947
269 4517 206 1913
259 4380 203 1935
276 4298 234 1869
257 4260 205 1915
251 4102 221 1890
259 4277 231 1874
261 4363 210 1902
248 4048 225 1895
235 3932 207 1954
259 4277 231 1874
254 4157 216 1891
273 4311 228 1869
271 4312 228 1869
266 4237 230 1874
264 4218 224 1875
256 4155 230 1884
264 4192 224 1877
267 4189 224 1877
239 4025 201 1962
254 4212 212 1894
261 4363 210 1902
239 4018 206 1958
267 4215 224 1875
259 4278 225 1872
256 4155 230 1884
253 4147 218 1886
259 4322 209 1908
250 4081 201 1942
259 4380 203 1935
262 4172 208 1918
236 3995 213 1940
246 3988 229 1908
264 4192 224 1877
254 4212 212 1894
257 4260 205 1915
271 4299 234 1869
266 4237 230 1874
246 4126 203 1939
251 4106 210 1905
243 4084 204 1936
236 3995 213 1940
240 4013 207 1928
271 4315 235 1868
256 4146 230 1886
253 4181 212 1896
236 3935 207 1948
241 4023 208 1926
252 4109 205 1922
253 4229 216 1886
253 4159 220 1880
245 4000 207 1928
271 4299 234 1869
259 4278 225 1872
251 4120 215 1897
240 4053 220 1900
239 4018 206 1958
245 4063 200 1947
239 4065 205 1952
251 4099 205 1930
256 4082 208 1924
244 4129 230 1889
252 4127 208 1919
248 4123 209 1914
243 3989 219 1911
251 4101 218 1892
242 4014 215 1909
240 4008 209 1916
256 4105 210 1905
245 4068 204 1941
244 4129 230 1889
242 3996 214 1917
243 4084 204 1936
251 4102 221 1890
242 4027 210 1910
242 4014 215 1909
251 4124 203 1939
247 4016 215 1907
247 4093 220 1899
252 4109 205 1922
237 3984 214 1938
237 3984 214 1938
253 4159 220 1880
240 4056 225 1895
253 4211 230 1877
236 3943 210 1942
253 4119 215 1897
253 4168 218 1884
245 4068 204 1941
246 3988 229 1908
240 3966 219 1920
243 4087 201 1942
256 4098 205 1930
240 3963 209 1932
249 4032 225 1900
248 4035 220 1902
269 4517 206 1913
271 4299 234 1869
273 4311 228 1869
235 3930 214 1946
253 4185 215 1888
238 4022 206 1958
240 3976 224 1914
235 3932 207 1954
247 4016 215 1907
249 4032 225 1900
241 4023 208 1926
248 4031 215 1904
272 4314 235 1868
273 4311 228 1869
250 4081 201 1942
243 3961 210 1920
244 3960 210 1920
244 3983 215 1912
239 4065 205 1952
239 4020 215 1934
262 4172 208 1918
238 4017 206 1960
246 4126 203 1939
253 4147 218 1886
251 4101 218 1892
238 4017 206 1960
256 4082 208 1924
238 4017 206 1960
240 4056 225 1895
273 4311 228 1869
253 4185 220 1878
235 3937 207 1948
236 3943 210 1942
245 4080 204 1936
253 4176 215 1890
264 4218 224 1875
253 4181 212 1896
253 4185 220 1878
240 3976 214 1919
256 4114 214 1903
240 4003 210 1913
246 4006 209 1916
240 4053 220 1900
264 4218 224 1875
253 4168 218 1884
239 3996 215 1937
244 3992 220 1906
235 3930 214 1946
243 3971 214 1917
244 3983 215 1912
254 4157 216 1891
240 4042 215 1902
239 4020 215 1934
239 4020 215 1934
262 4172 208 1918
251 4088 207 1920
253 4174 212 1898
240 3973 209 1925
253 4229 216 1886
240 4039 215 1904
240 4028 215 1907
240 4039 215 1904
256 4100 209 1911
245 4128 204 1933
240 3963 209 1932
240 3985 215 1912
243 3962 209 1925
240 3980 215 1914
251 4156 204 1921
243 3961 210 1920
244 3992 220 1906
240 3969 209 1926
239 3996 215 1937
245 4128 204 1933
248 4036 214 1908
248 4007 220 1903
251 4124 203 1939
243 3956 209 1932
240 4043 225 1899
242 4027 210 1910
240 3968 208 1931
251 4156 204 1921
240 4040 220 1901
248 4037 220 1901
246 4024 215 1905
259 4322 209 1908
240 3968 208 1931
243 4084 204 1936
253 4174 212 1898
253 4185 215 1888
250 4090 220 1899
259 4298 235 1871
240 4045 225 1897
244 3955 209 1926
235 3945 210 1942
235 3949 214 1940
240 3980 215 1914
243 4087 201 1942
248 4031 215 1904
250 4090 220 1899
239 4050 206 1952
246 4009 210 1910
240 4045 225 1897
251 4102 221 1890
240 4028 215 1907
240 3974 210 1920
248 4123 209 1914
248 4048 225 1895
267 4215 224 1875
239 4065 205 1952
244 3960 210 1920
243 4084 204 1936
244 4116 220 1896
247 4093 220 1899
267 4189 224 1877
243 3957 209 1926
240 3966 219 1920
251 4111 215 1899
244 3991 220 1908
244 3989 210 1913
240 4045 225 1897
246 4126 203 1939
235 3945 210 1942
243 3967 215 1914
251 4108 209 1909
245 4000 207 1928
240 4043 225 1899
240 3969 209 1926
253 4176 215 1890
253 4174 212 1898
240 4011 220 1903
235 3937 207 1948
245 4000 207 1928
239 4050 206 1952
236 3935 207 1948
240 4040 220 1901
243 3971 214 1917
248 4002 215 1909
250 4090 220 1899
243 3986 210 1915
240 3981 209 1919
240 4011 220 1903
240 3998 220 1908
240 3998 220 1908
244 3994 220 1904
244 4107 220 1899
248 4007 220 1903
271 4315 235 1868
243 3962 209 1925
256 4110 215 1899
243 3956 209 1932
240 4042 215 1902
240 4038 214 1908
243 3987 220 1910
246 4024 215 1905
245 4083 201 1942
240 3968 208 1931
240 3973 209 1925
271 4312 228 1869
251 4115 210 1903
243 3987 220 1910
244 4116 220 1896
256 4098 205 1930
252 4127 208 1919
256 4146 230 1886
240 4038 214 1908
251 4099 205 1930
244 3955 209 1926
248 4036 214 1908
248 4037 220 1901
246 4006 209 1916
251 4120 215 1897
240 3981 209 1919
240 4008 209 1916
238 4022 206 1958
240 4013 207 1928
256 4114 214 1903
245 4080 204 1936
248 4035 220 1902
251 4115 210 1903
243 3957 209 1926
256 4110 215 1899
245 4083 201 1942
248 4002 215 1909
251 4088 207 1920
244 3994 220 1904
240 4003 210 1913
251 4111 215 1899
253 4211 230 1877
256 4105 210 1905
240 3985 215 1912
256 4100 209 1911
251 4106 210 1905
251 4101 218 1892
244 3992 220 1906
259 4277 231 1874
240 4053 220 1900
