434064 3300.24
338 6114 246 2119
486 8715 269 2034
480 8788 240 2051
367 6534 332 2070
429 7789 216 2097
453 7870 283 2033
380 6771 223 2178
480 8788 240 2051
453 7870 283 2033
345 6242 299 2089
453 7870 283 2033
453 7870 283 2033
480 8788 240 2051
427 7280 220 2135
430 7147 235 2087
410 7686 224 2102
410 7372 231 2065
416 7457 230 2056
386 6712 227 2154
406 6980 227 2153
486 8715 269 2034
410 7686 224 2102
429 7789 216 2097
373 6630 235 2102
346 6369 275 2090
427 7280 220 2135
367 6534 332 2070
414 7438 242 2040
341 6258 244 2165
414 7438 242 2040
413 7410 230 2078
453 7870 283 2033
396 7066 257 2051
378 6372 245 2110
480 8788 240 2051
427 7280 220 2135
386 6994 237 2052
416 7457 230 2056
425 6982 224 2112
367 6478 265 2082
429 7789 216 2097
346 6369 275 2090
341 6258 244 2165
367 6534 332 2070
379 6581 257 2067
392 6915 245 2052
380 6771 223 2178
406 6980 227 2153
345 6242 299 2089
367 6534 332 2070
388 6352 244 2111
346 6369 275 2090
379 6581 257 2067
406 6980 227 2153
399 7150 222 2114
406 6980 227 2153
394 7326 228 2113
386 6994 237 2052
398 7223 225 2085
406 6980 227 2153
380 6537 261 2040
367 6478 265 2082
357 6399 248 2111
480 8788 240 2051
367 6478 265 2082
410 7686 224 2102
429 7789 216 2097
429 7789 216 2097
353 6223 254 2083
380 6537 261 2040
486 8715 269 2034
373 6630 235 2102
399 7150 222 2114
351 6164 250 2118
341 6258 244 2165
406 6980 227 2153
357 6399 248 2111
346 6369 275 2090
413 7410 230 2078
394 7326 228 2113
418 7258 250 2039
345 6242 299 2089
346 6369 275 2090
363 6577 245 2080
480 8788 240 2051
408 7454 251 2035
480 8788 240 2051
388 6352 244 2111
359 6414 241 2116
353 6223 254 2083
398 7223 225 2085
359 6414 241 2116
353 6223 254 2083
408 7454 251 2035
429 7789 216 2097
376 6727 229 2089
388 6352 244 2111
353 6223 254 2083
379 6604 238 2057
359 6414 241 2116
376 6727 229 2089
480 8788 240 2051
359 6414 241 2116
414 7438 242 2040
414 7376 226 2081
406 6980 227 2153
376 6727 229 2089
338 6114 246 2119
376 6727 229 2089
338 6114 246 2119
410 7372 231 2065
418 7258 250 2039
338 6114 246 2119
427 7280 220 2135
427 7280 220 2135
414 7376 226 2081
425 6982 224 2112
363 6577 245 2080
399 7150 222 2114
386 6994 237 2052
394 7326 228 2113
416 7457 230 2056
379 6581 257 2067
399 7150 222 2114
345 6242 299 2089
357 6399 248 2111
380 6771 223 2178
398 7223 225 2085
346 6369 275 2090
414 7376 226 2081
427 7280 220 2135
392 6915 245 2052
414 7376 226 2081
408 7454 251 2035
418 7258 250 2039
386 6994 237 2052
380 6572 237 2120
386 6994 237 2052
408 7454 251 2035
376 6727 229 2089
398 7223 225 2085
480 8788 240 2051
345 6242 299 2089
398 7223 225 2085
379 6581 257 2067
386 6712 227 2154
427 7280 220 2135
378 6372 245 2110
353 6223 254 2083
363 6577 245 2080
346 6369 275 2090
408 7454 251 2035
486 8715 269 2034
338 6114 246 2119
338 6114 246 2119
341 6258 244 2165
353 6223 254 2083
418 7258 250 2039
353 6223 254 2083
398 7223 225 2085
378 6372 245 2110
367 6478 265 2082
346 6369 275 2090
408 7454 251 2035
367 6478 265 2082
427 7280 220 2135
394 7326 228 2113
379 6581 257 2067
480 8788 240 2051
373 6630 235 2102
380 6771 223 2178
359 6414 241 2116
341 6258 244 2165
380 6537 261 2040
380 6771 223 2178
380 6572 237 2120
373 6630 235 2102
430 7147 235 2087
414 7376 226 2081
363 6577 245 2080
427 7280 220 2135
380 6771 223 2178
376 6727 229 2089
380 6572 237 2120
427 7280 220 2135
430 7147 235 2087
416 7457 230 2056
380 6771 223 2178
379 6581 257 2067
414 7376 226 2081
480 8788 240 2051
351 6164 250 2118
359 6414 241 2116
373 6630 235 2102
480 8788 240 2051
408 7454 251 2035
386 6994 237 2052
379 6581 257 2067
345 6242 299 2089
413 7410 230 2078
346 6369 275 2090
429 7789 216 2097
480 8788 240 2051
427 7280 220 2135
408 7454 251 2035
373 6630 235 2102
413 7410 230 2078
399 7150 222 2114
394 7326 228 2113
398 7223 225 2085
406 6980 227 2153
367 6478 265 2082
410 7686 224 2102
429 7789 216 2097
380 6537 261 2040
373 6630 235 2102
399 7150 222 2114
406 6980 227 2153
379 6581 257 2067
394 7326 228 2113
418 7258 250 2039
408 7454 251 2035
388 6352 244 2111
359 6414 241 2116
408 7454 251 2035
429 7789 216 2097
388 6352 244 2111
353 6223 254 2083
379 6604 238 2057
427 7280 220 2135
486 8715 269 2034
429 7789 216 2097
453 7870 283 2033
380 6771 223 2178
453 7870 283 2033
453 7870 283 2033
480 8788 240 2051
386 6712 227 2154
486 8715 269 2034
410 7686 224 2102
359 6414 241 2116
367 6534 332 2070
341 6258 244 2165
414 7438 242 2040
413 7410 230 2078
453 7870 283 2033
396 7066 257 2051
427 7280 220 2135
416 7457 230 2056
341 6258 244 2165
363 6577 245 2080
341 6258 244 2165
418 7258 250 2039
378 6372 245 2110
408 7454 251 2035
367 6478 265 2082
379 6581 257 2067
480 8788 240 2051
380 6537 261 2040
380 6771 223 2178
380 6572 237 2120
373 6630 235 2102
338 6114 246 2119
380 6572 237 2120
430 7147 235 2087
380 6771 223 2178
379 6581 257 2067
408 7454 251 2035
379 6581 257 2067
345 6242 299 2089
427 7280 220 2135
408 7454 251 2035
414 7376 226 2081
376 6727 229 2089
418 7258 250 2039
338 6114 246 2119
427 7280 220 2135
425 6982 224 2112
394 7326 228 2113
416 7457 230 2056
357 6399 248 2111
380 6771 223 2178
427 7280 220 2135
413 7410 230 2078
386 6994 237 2052
386 6994 237 2052
408 7454 251 2035
398 7223 225 2085
379 6581 257 2067
338 6114 246 2119
378 6372 245 2110
346 6369 275 2090
404 7113 269 2039
427 7280 220 2135
367 6534 332 2070
408 7454 251 2035
373 6630 235 2102
408 7454 251 2035
376 6727 229 2089
429 7789 216 2097
