235312 1380.1
349 6500 270 2192
515 8577 234 2122
371 6290 277 2182
411 7575 229 2195
480 8928 292 2078
449 8033 320 2087
510 9081 234 2113
406 6948 232 2223
447 8341 299 2084
380 6715 318 2125
454 7944 294 2084
480 8928 292 2078
515 8577 234 2122
421 7474 232 2162
433 7413 230 2181
515 8577 234 2122
368 6816 261 2207
371 6738 281 2100
384 6618 255 2141
397 7089 236 2213
419 7680 247 2089
510 9081 234 2113
433 7413 230 2181
372 6510 245 2173
384 6618 255 2141
472 8098 242 2107
368 6816 261 2207
447 8341 299 2084
383 6685 287 2131
383 6685 287 2131
444 8088 246 2116
459 8291 233 2157
472 8098 242 2107
472 8098 242 2107
349 6500 270 2192
375 6431 274 2178
449 8033 320 2087
398 6762 273 2115
376 6875 260 2128
421 7548 247 2122
454 7944 294 2084
454 7944 294 2084
412 7234 247 2124
381 6646 251 2133
398 6762 273 2115
390 6599 265 2147
449 8033 320 2087
387 6953 253 2095
480 8928 292 2078
419 7680 247 2089
371 6540 266 2194
393 7213 234 2218
417 7460 249 2119
349 6500 270 2192
420 7126 246 2123
380 6715 318 2125
393 7213 234 2218
449 8033 320 2087
458 8060 252 2087
372 6826 247 2139
378 6569 244 2180
371 6738 281 2100
399 7024 233 2177
375 6676 267 2140
417 7460 249 2119
397 7089 236 2213
472 8098 242 2107
372 6640 277 2153
380 6715 318 2125
390 6599 265 2147
378 6569 244 2180
459 8291 233 2157
388 7086 239 2143
412 7234 247 2124
349 6500 270 2192
405 7320 234 2132
375 6431 274 2178
390 6599 265 2147
372 6510 245 2173
405 7320 234 2132
387 6953 253 2095
381 6646 251 2133
375 6676 267 2140
444 8088 246 2116
405 7320 234 2132
375 6431 274 2178
372 6640 277 2153
381 6646 251 2133
510 9081 234 2113
378 6569 244 2180
406 7208 232 2221
376 6875 260 2128
420 7126 246 2123
372 6510 245 2173
421 7474 232 2162
388 7086 239 2143
412 7234 247 2124
369 6736 262 2126
417 7460 249 2119
510 9081 234 2113
376 6887 252 2133
392 6924 252 2116
376 6875 260 2128
393 7045 240 2125
421 7474 232 2162
381 6646 251 2133
398 6762 273 2115
384 6974 246 2141
349 6500 270 2192
372 6826 247 2139
393 7045 240 2125
399 7044 275 2089
393 7045 240 2125
393 7213 234 2218
397 7089 236 2213
406 7208 232 2221
388 7086 239 2143
376 6887 252 2133
406 7208 232 2221
420 7126 246 2123
392 6924 252 2116
371 6738 281 2100
387 6953 253 2095
380 6715 318 2125
368 6816 261 2207
406 7208 232 2221
420 7498 231 2181
398 6762 273 2115
405 7320 234 2132
459 8291 233 2157
417 7460 249 2119
459 8291 233 2157
399 7044 275 2089
421 7474 232 2162
349 6500 270 2192
449 8033 320 2087
459 8291 233 2157
510 9081 234 2113
378 6569 244 2180
372 6640 277 2153
420 7126 246 2123
388 7086 239 2143
449 8033 320 2087
388 7086 239 2143
390 6599 265 2147
433 7413 230 2181
461 8305 239 2129
368 6816 261 2207
381 6646 251 2133
399 7024 233 2177
372 6510 245 2173
387 6953 253 2095
390 6599 265 2147
368 6816 261 2207
375 6676 267 2140
472 8098 242 2107
419 7680 247 2089
421 7474 232 2162
515 8577 234 2122
380 6715 318 2125
371 6738 281 2100
372 6640 277 2153
412 7234 247 2124
375 6676 267 2140
375 6431 274 2178
458 8060 252 2087
349 6500 270 2192
449 8033 320 2087
444 8088 246 2116
472 8098 242 2107
378 6569 244 2180
459 8291 233 2157
387 6953 253 2095
411 7575 229 2195
376 6875 260 2128
393 7213 234 2218
444 8088 246 2116
397 7089 236 2213
421 7548 247 2122
412 7234 247 2124
349 6500 270 2192
444 8088 246 2116
405 7320 234 2132
397 7089 236 2213
381 6646 251 2133
397 7089 236 2213
375 6431 274 2178
454 7944 294 2084
454 7944 294 2084
368 6816 261 2207
390 6599 265 2147
372 6510 245 2173
371 6290 277 2182
444 8088 246 2116
406 6948 232 2223
405 7320 234 2132
405 7320 234 2132
380 6715 318 2125
472 8098 242 2107
387 6953 253 2095
419 7680 247 2089
480 8928 292 2078
417 7460 249 2119
349 6500 270 2192
349 6500 270 2192
449 8033 320 2087
515 8577 234 2122
406 6948 232 2223
449 8033 320 2087
393 7213 234 2218
417 7460 249 2119
383 6685 287 2131
371 6738 281 2100
472 8098 242 2107
459 8291 233 2157
372 6826 247 2139
349 6500 270 2192
375 6431 274 2178
376 6875 260 2128
378 6569 244 2180
372 6510 245 2173
397 7089 236 2213
515 8577 234 2122
472 8098 242 2107
372 6640 277 2153
411 7575 229 2195
398 6762 273 2115
392 6924 252 2116
371 6738 281 2100
380 6715 318 2125
412 7234 247 2124
368 6816 261 2207
458 8060 252 2087
349 6500 270 2192
371 6738 281 2100
444 8088 246 2116
419 7680 247 2089
378 6569 244 2180
406 7208 232 2221
376 6887 252 2133
393 7213 234 2218
444 8088 246 2116
384 6618 255 2141
444 8088 246 2116
397 7089 236 2213
461 8305 239 2129
510 9081 234 2113
372 6640 277 2153
383 6685 287 2131
388 7086 239 2143
383 6685 287 2131
388 7086 239 2143
447 8341 299 2084
433 7413 230 2181
372 6826 247 2139
368 6816 261 2207
399 7044 275 2089
444 8088 246 2116
372 6510 245 2173
420 7498 231 2181
375 6676 267 2140
472 8098 242 2107
378 6569 244 2180
406 6948 232 2223
376 6875 260 2128
454 7944 294 2084
383 6685 287 2131
371 6738 281 2100
406 7208 232 2221
459 8291 233 2157
412 7234 247 2124
349 6500 270 2192
375 6431 274 2178
510 9081 234 2113
372 6510 245 2173
375 6431 274 2178
515 8577 234 2122
375 6676 267 2140
406 6948 232 2223
375 6431 274 2178
381 6646 251 2133
393 7045 240 2125
349 6500 270 2192
510 9081 234 2113
397 7089 236 2213
371 6738 281 2100
510 9081 234 2113
411 7575 229 2195
405 7320 234 2132
405 7320 234 2132
472 8098 242 2107
369 6736 262 2126
419 7680 247 2089
480 8928 292 2078
408 7228 273 2088
419 7680 247 2089
368 6816 261 2207
372 6826 247 2139
411 7575 229 2195
421 7548 247 2122
