14341 659.645
436 7404 274 1985
437 7770 256 1953
451 7984 327 2077
487 8604 307 2078
392 7037 243 1991
403 7070 248 1969
473 8047 312 2122
463 8009 248 1999
384 6725 248 1973
480 8004 262 2103
453 7841 295 2126
468 8019 256 2016
404 7382 246 1975
477 8539 303 2101
455 7841 260 2075
518 8908 314 2201
464 8294 279 2073
446 7879 314 2089
517 8944 334 2203
475 8099 277 2015
445 7964 273 2172
485 8243 271 2046
471 8170 315 2110
494 8901 277 2075
425 7539 245 2009
440 7711 275 2032
399 6825 252 1954
412 7507 273 1984
458 7654 288 2198
478 8261 310 2103
428 7385 271 2044
433 7419 232 1950
416 7098 243 2030
510 8598 244 2070
502 8509 255 2069
444 7890 262 2017
518 9251 308 2085
466 8174 276 2043
456 8011 289 2062
444 7815 296 2057
503 8740 308 2100
382 6508 238 1969
473 8099 313 2159
497 8916 339 2137
387 6552 260 2025
429 7641 268 2000
477 8236 296 2048
447 7610 317 2047
539 9790 299 2110
465 8098 252 2058
510 8875 282 2066
432 7500 283 1996
517 8722 313 2139
366 6322 262 1955
515 8910 336 2014
509 9019 339 2099
442 7944 275 2037
467 8295 290 2098
398 7248 245 1974
413 7430 274 2091
448 7973 300 1983
466 8240 249 1998
432 7599 267 2012
461 8215 292 2025
460 7814 273 1995
546 9515 301 2193
430 7301 269 2134
467 8320 248 1993
501 8392 297 2029
384 6794 260 1993
487 8416 323 2098
555 9728 317 2087
474 8265 274 2060
435 7757 302 2050
536 8995 346 2082
436 7722 298 2077
439 7740 279 2018
461 7967 303 2105
436 7550 271 2008
427 7350 236 1977
446 7642 275 2063
465 8263 309 2024
459 7752 236 2040
462 8373 262 2074
501 8776 298 2165
445 7963 255 2009
501 8534 292 2097
416 7545 285 2036
445 8001 264 2046
439 7542 244 1972
513 9309 373 2173
433 7329 250 1983
402 7345 259 1969
491 9043 315 2098
547 9297 283 2089
428 7572 258 1957
466 8223 318 2032
442 7624 278 2018
480 8135 281 2049
456 7394 238 2016
537 9309 353 2125
509 9060 349 2180
456 8222 323 2118
446 8185 284 2048
510 8862 376 2103
450 7875 260 1987
367 6262 252 1968
446 7845 283 2013
419 7575 263 1968
526 9055 323 2099
423 7468 245 1974
370 6362 246 1987
548 10163 282 2115
454 7636 249 1993
479 8101 293 2086
433 7572 264 2030
538 9176 260 2099
437 7443 260 2017
490 8828 302 2124
383 6384 250 2050
432 7349 236 1985
488 8530 299 2117
466 8032 322 2042
429 7566 281 2051
588 10309 322 2027
485 8400 306 2127
430 7428 248 1991
494 8069 303 2139
452 7478 313 2061
443 7487 278 2003
408 7188 260 1966
481 8561 281 2111
380 6566 240 2011
400 7034 279 2091
535 9340 355 2192
419 7729 247 2101
455 8048 262 1966
456 7860 276 2012
541 8926 316 2101
523 8977 280 2076
443 7805 314 2122
441 7210 257 2033
534 9289 287 2091
469 8253 271 2056
391 6826 248 1979
408 6983 289 2007
472 7878 316 2067
507 9111 275 2035
342 5814 241 1933
478 8422 345 2143
449 7730 262 1973
425 7069 264 1982
435 7678 241 2003
433 7804 263 1945
487 8541 273 2074
478 8304 323 2126
441 7798 265 2097
472 8362 307 2107
462 8086 276 2111
447 8098 307 2077
444 7906 260 1985
428 7713 279 2017
448 7873 315 2080
456 8041 244 2067
482 8823 275 1991
427 7294 254 2033
499 8462 321 2116
414 7308 267 1958
398 7016 272 1953
417 7204 265 2018
428 7519 269 1986
529 9237 336 2176
470 8195 301 2163
444 7590 283 2090
513 8780 248 2054
477 8277 311 2081
455 7825 309 2036
525 9215 301 2110
501 8298 244 2018
471 8232 338 2166
432 7544 256 2002
431 7498 257 2048
465 8181 331 2089
479 8140 284 1990
483 8431 280 2095
412 7078 260 1985
479 8396 370 2121
434 7474 256 2052
431 7595 263 1993
451 7790 249 2149
471 8080 292 2052
440 7666 276 1967
526 9560 362 2177
451 7953 269 2063
478 7865 257 2034
498 8667 266 2159
431 7388 269 1958
404 6748 244 1980
404 7144 298 2054
405 6921 267 2074
442 7413 256 1980
485 8530 292 2066
431 7555 229 1981
592 10747 398 2334
410 6838 249 1928
459 8285 246 2073
442 7737 252 2021
518 9283 327 2129
448 7491 279 2016
452 7938 295 2020
399 6816 285 2131
453 8013 259 2030
457 8147 268 2021
365 6233 234 1989
429 7873 269 2026
427 7309 244 2075
552 10040 360 2119
389 6840 267 1995
435 7688 265 2045
474 7996 363 2066
423 7196 250 2044
482 7781 328 2092
499 8455 349 2169
481 8405 300 2137
530 9523 337 2103
499 8633 255 2006
491 8743 277 2013
439 7670 256 1943
484 8665 376 2088
472 8094 336 2097
489 8482 319 2068
369 6562 237 2033
446 7981 251 2009
496 8474 332 2103
444 7562 272 1995
450 7705 277 2021
523 9084 256 2049
421 7639 253 1990
492 8586 266 2057
474 8241 256 1997
526 9006 308 2073
408 6973 264 2054
414 7302 257 1945
472 7962 276 2036
476 8271 322 2105
460 8088 274 1985
450 7817 288 2040
489 8426 284 2017
518 9005 294 1990
488 8867 303 2042
406 7329 253 1997
495 8423 307 2060
414 6835 227 2001
429 7686 271 2034
427 7485 260 1972
425 7653 282 2021
395 6830 245 1929
409 7053 243 1937
533 9352 311 2128
456 7684 297 2058
458 7989 257 2047
423 7566 294 2034
480 8678 280 2114
457 8053 278 2096
432 7847 252 2051
495 8998 339 2180
412 7236 296 2024
454 7450 261 1956
420 7227 227 1997
539 9472 353 2112
440 8018 272 2038
417 7301 270 2045
432 7559 272 2138
413 7113 255 2018
451 7980 274 1984
434 7311 255 1998
418 7145 241 2015
520 9053 273 2142
495 8648 267 2070
394 6923 293 2011
404 6908 281 2025
442 7406 273 2024
440 7402 303 2018
442 7841 307 2045
436 7424 251 2029
538 9247 314 2059
448 7969 257 2065
445 7799 287 2039
469 8325 254 2075
504 8855 258 2056
459 8098 362 2062
504 8978 266 2031
527 8838 294 2153
423 7142 288 1965
517 9237 321 2172
497 8877 299 2120
385 6779 249 1969
473 7914 267 2096
436 7629 283 1990
533 9609 318 2225
