158048 1500.17
406 7077 279 2022
341 6131 289 2136
437 8107 230 2094
379 6907 290 2060
360 6714 262 2197
459 8415 232 2078
341 6131 289 2136
357 6279 267 2095
365 6434 252 2176
350 6476 286 2063
406 7077 279 2022
459 8415 232 2078
379 6907 290 2060
418 7336 250 2046
376 6521 248 2107
456 8088 232 2082
360 6714 262 2197
418 7336 250 2046
453 7925 246 2069
422 7621 249 2031
357 6279 267 2095
453 7925 246 2069
437 8107 230 2094
389 6902 254 2039
389 6902 254 2039
399 7105 234 2162
436 7669 231 2148
422 7621 249 2031
432 7798 237 2071
350 6476 286 2063
370 6621 265 2082
404 7187 232 2092
456 8088 232 2082
375 6135 256 2126
341 6131 289 2136
385 6690 251 2052
357 6279 267 2095
422 7621 249 2031
396 7233 250 2068
366 6673 265 2102
350 6476 286 2063
404 7187 232 2092
456 8088 232 2082
432 7798 237 2071
432 7798 237 2071
453 7925 246 2069
434 7659 234 2078
386 6468 243 2167
396 7233 250 2068
383 6792 235 2075
402 7108 232 2099
363 6566 248 2113
383 6792 235 2075
386 6652 262 2082
341 6131 289 2136
422 7621 249 2031
422 7621 249 2031
363 6566 248 2113
385 6690 251 2052
366 6845 242 2113
341 6131 289 2136
393 6614 244 2127
386 6652 262 2082
399 7105 234 2162
363 6566 248 2113
393 6614 244 2127
404 7187 232 2092
366 6673 265 2102
375 6135 256 2126
389 6738 239 2092
374 6565 244 2173
399 7105 234 2162
366 6845 242 2113
370 6621 265 2082
422 7621 249 2031
459 8415 232 2078
383 6792 235 2075
389 6738 239 2092
453 7925 246 2069
375 6135 256 2126
432 7798 237 2071
456 8088 232 2082
432 7798 237 2071
362 6448 261 2121
422 7621 249 2031
418 7336 250 2046
396 7233 250 2068
387 6771 237 2139
399 7105 234 2162
362 6448 261 2121
386 6652 262 2082
402 7108 232 2099
379 6837 259 2095
362 6448 261 2121
357 6279 267 2095
385 6690 251 2052
437 8107 230 2094
432 7798 237 2071
383 6792 235 2075
350 6476 286 2063
357 6279 267 2095
393 6614 244 2127
396 7233 250 2068
386 6652 262 2082
366 6673 265 2102
418 7336 250 2046
396 7233 250 2068
350 6476 286 2063
396 7233 250 2068
389 6738 239 2092
418 7336 250 2046
396 7233 250 2068
370 6621 265 2082
396 7233 250 2068
422 7621 249 2031
432 7798 237 2071
453 7925 246 2069
350 6476 286 2063
437 8107 230 2094
366 6673 265 2102
379 6907 290 2060
366 6673 265 2102
383 6792 235 2075
422 7621 249 2031
383 6792 235 2075
362 6448 261 2121
437 8107 230 2094
437 8107 230 2094
357 6279 267 2095
341 6131 289 2136
387 6771 237 2139
370 6621 265 2082
459 8415 232 2078
350 6476 286 2063
432 7798 237 2071
393 6614 244 2127
422 7621 249 2031
370 6621 265 2082
363 6566 248 2113
396 7233 250 2068
389 6902 254 2039
341 6131 289 2136
363 6566 248 2113
386 6652 262 2082
389 6902 254 2039
341 6131 289 2136
396 7233 250 2068
379 6907 290 2060
389 6738 239 2092
432 7798 237 2071
350 6476 286 2063
360 6714 262 2197
383 6792 235 2075
432 7798 237 2071
437 8107 230 2094
453 7925 246 2069
432 7798 237 2071
389 6902 254 2039
432 7798 237 2071
370 6621 265 2082
383 6792 235 2075
366 6673 265 2102
383 6792 235 2075
406 7077 279 2022
350 6476 286 2063
365 6434 252 2176
402 7108 232 2099
363 6566 248 2113
396 7233 250 2068
459 8415 232 2078
453 7925 246 2069
456 8088 232 2082
437 8107 230 2094
360 6714 262 2197
366 6673 265 2102
453 7925 246 2069
366 6845 242 2113
366 6673 265 2102
453 7925 246 2069
422 7621 249 2031
374 6565 244 2173
393 6614 244 2127
379 6907 290 2060
366 6845 242 2113
370 6621 265 2082
459 8415 232 2078
437 8107 230 2094
418 7336 250 2046
453 7925 246 2069
422 7621 249 2031
360 6714 262 2197
432 7798 237 2071
399 7105 234 2162
383 6792 235 2075
393 6614 244 2127
350 6476 286 2063
396 7233 250 2068
418 7336 250 2046
396 7233 250 2068
432 7798 237 2071
402 7108 232 2099
437 8107 230 2094
366 6673 265 2102
379 6907 290 2060
366 6673 265 2102
363 6566 248 2113
422 7621 249 2031
383 6792 235 2075
437 8107 230 2094
357 6279 267 2095
341 6131 289 2136
387 6771 237 2139
459 8415 232 2078
432 7798 237 2071
393 6614 244 2127
362 6448 261 2121
404 7187 232 2092
375 6135 256 2126
374 6565 244 2173
399 7105 234 2162
422 7621 249 2031
393 6614 244 2127
453 7925 246 2069
375 6135 256 2126
432 7798 237 2071
456 8088 232 2082
406 7077 279 2022
341 6131 289 2136
418 7336 250 2046
387 6771 237 2139
366 6845 242 2113
385 6690 251 2052
363 6566 248 2113
357 6279 267 2095
341 6131 289 2136
453 7925 246 2069
383 6792 235 2075
350 6476 286 2063
363 6566 248 2113
459 8415 232 2078
456 8088 232 2082
437 8107 230 2094
360 6714 262 2197
366 6673 265 2102
453 7925 246 2069
366 6845 242 2113
422 7621 249 2031
393 6614 244 2127
379 6907 290 2060
366 6845 242 2113
385 6690 251 2052
459 8415 232 2078
437 8107 230 2094
360 6714 262 2197
404 7187 232 2092
363 6566 248 2113
389 6902 254 2039
341 6131 289 2136
363 6566 248 2113
386 6652 262 2082
389 6902 254 2039
341 6131 289 2136
379 6907 290 2060
389 6738 239 2092
386 6468 243 2167
399 7105 234 2162
453 7925 246 2069
360 6714 262 2197
456 8088 232 2082
437 8107 230 2094
453 7925 246 2069
432 7798 237 2071
404 7187 232 2092
366 6673 265 2102
371 6672 240 2100
350 6476 286 2063
456 8088 232 2082
350 6476 286 2063
383 6792 235 2075
389 6738 239 2092
366 6673 265 2102
456 8088 232 2082
360 6714 262 2197
393 6614 244 2127
386 6652 262 2082
370 6621 265 2082
341 6131 289 2136
350 6476 286 2063
371 6672 240 2100
389 6738 239 2092
379 6907 290 2060
357 6279 267 2095
366 6673 265 2102
366 6673 265 2102
366 6673 265 2102
383 6792 235 2075
432 7798 237 2071
422 7621 249 2031
357 6279 267 2095
371 6672 240 2100
