122942 3420.8
320 5013 215 1885
320 5013 215 1885
264 3969 224 1866
264 3969 224 1866
261 3919 224 1879
255 3954 218 1875
297 4647 216 1881
262 3974 220 1869
255 3954 218 1875
264 3954 224 1873
264 3966 224 1872
261 3919 224 1879
264 3966 224 1872
264 3969 224 1866
264 3969 224 1866
264 3969 224 1866
264 3969 224 1866
264 3969 224 1866
264 3969 224 1866
264 3969 224 1866
264 3969 224 1866
264 3969 224 1866
264 3969 224 1866
264 3969 224 1866
264 3969 224 1866
264 3969 224 1866
264 3969 224 1866
264 3969 224 1866
264 3969 224 1866
264 3969 224 1866
264 3969 224 1866
264 3969 224 1866
264 3969 224 1866
264 3969 224 1866
264 3969 224 1866
264 3969 224 1866
264 3969 224 1866
264 3969 224 1866
264 3969 224 1866
264 3969 224 1866
264 3969 224 1866
264 3969 224 1866
264 3969 224 1866
264 3969 224 1866
264 3969 224 1866
264 3969 224 1866
264 3969 224 1866
264 3969 224 1866
264 3969 224 1866
264 3969 224 1866
264 3969 224 1866
264 3969 224 1866
264 3969 224 1866
264 3969 224 1866
264 3969 224 1866
264 3969 224 1866
264 3969 224 1866
264 3969 224 1866
264 3969 224 1866
264 3969 224 1866
264 3969 224 1866
264 3969 224 1866
264 3969 224 1866
264 3969 224 1866
264 3969 224 1866
264 3969 224 1866
264 3969 224 1866
264 3969 224 1866
264 3969 224 1866
264 3969 224 1866
264 3969 224 1866
264 3969 224 1866
264 3969 224 1866
264 3969 224 1866
264 3969 224 1866
264 3969 224 1866
264 3969 224 1866
264 3969 224 1866
264 3969 224 1866
264 3969 224 1866
264 3969 224 1866
264 3969 224 1866
264 3969 224 1866
264 3969 224 1866
264 3969 224 1866
264 3969 224 1866
264 3969 224 1866
264 3969 224 1866
264 3969 224 1866
264 3969 224 1866
264 3969 224 1866
264 3969 224 1866
264 3969 224 1866
264 3969 224 1866
264 3969 224 1866
264 3969 224 1866
264 3969 224 1866
264 3969 224 1866
264 3969 224 1866
264 3969 224 1866
264 3969 224 1866
264 3969 224 1866
264 3969 224 1866
264 3969 224 1866
264 3969 224 1866
264 3969 224 1866
264 3969 224 1866
264 3969 224 1866
264 3969 224 1866
264 3969 224 1866
264 3969 224 1866
264 3969 224 1866
264 3969 224 1866
264 3969 224 1866
264 3969 224 1866
264 3969 224 1866
264 3969 224 1866
264 3969 224 1866
264 3969 224 1866
264 3969 224 1866
264 3969 224 1866
264 3969 224 1866
264 3969 224 1866
264 3969 224 1866
264 3969 224 1866
264 3969 224 1866
264 3969 224 1866
264 3969 224 1866
264 3969 224 1866
264 3969 224 1866
264 3969 224 1866
264 3969 224 1866
264 3969 224 1866
264 3969 224 1866
264 3969 224 1866
264 3969 224 1866
264 3969 224 1866
264 3969 224 1866
264 3969 224 1866
264 3969 224 1866
264 3969 224 1866
264 3969 224 1866
264 3969 224 1866
264 3969 224 1866
264 3969 224 1866
264 3969 224 1866
264 3969 224 1866
264 3969 224 1866
264 3969 224 1866
264 3969 224 1866
264 3969 224 1866
264 3969 224 1866
264 3969 224 1866
264 3969 224 1866
264 3969 224 1866
264 3969 224 1866
264 3969 224 1866
261 3919 224 1879
261 3919 224 1879
255 3954 218 1875
255 3954 218 1875
328 4889 216 1888
315 4984 216 1883
315 4984 216 1883
264 3972 224 1866
264 3972 224 1866
261 3921 224 1879
281 4031 220 1872
267 4147 220 1869
328 4889 216 1888
264 3981 218 1875
273 4125 220 1871
264 3966 224 1875
315 4984 216 1883
330 5096 216 1883
330 5096 216 1883
264 3974 224 1866
264 3974 224 1866
261 3924 224 1879
272 4151 220 1869
264 4121 218 1875
271 4044 220 1877
261 3924 224 1879
339 5195 216 1888
339 5195 216 1888
264 3975 224 1866
264 3975 224 1866
264 3974 224 1872
280 4239 220 1869
275 4150 220 1876
271 4200 218 1875
271 4200 218 1875
275 4174 220 1871
339 5195 216 1888
281 4324 220 1869
281 4305 218 1876
264 3977 224 1866
264 3977 224 1866
272 4207 220 1876
280 4319 220 1871
272 4207 220 1876
309 4666 220 1869
299 4677 220 1869
285 4369 218 1876
281 4211 220 1878
266 3979 224 1866
265 3982 224 1866
265 3979 224 1872
281 4211 220 1878
294 4578 220 1874
288 4287 220 1877
309 4666 220 1869
265 3982 224 1866
332 4692 220 1870
308 4772 220 1869
292 4506 218 1877
290 4363 220 1884
267 4011 224 1866
266 4020 224 1866
294 4444 220 1877
292 4506 218 1877
304 4647 220 1874
299 4590 220 1876
308 4772 220 1869
304 4647 220 1874
293 4604 220 1876
334 4913 220 1870
322 4945 218 1895
322 4945 218 1895
268 4022 224 1866
300 4507 220 1877
321 4941 220 1876
340 4990 220 1870
304 4515 220 1877
272 4024 224 1866
270 4043 224 1866
268 4043 231 1873
269 4046 224 1877
270 4043 224 1866
320 5057 220 1883
316 4976 221 1907
272 4040 224 1866
270 4098 224 1866
269 4054 231 1874
306 4596 223 1907
316 5017 221 1890
271 4045 226 1879
271 4084 224 1866
357 5737 220 1890
272 4047 224 1866
271 4105 224 1866
270 4098 224 1868
273 4053 224 1866
271 4109 224 1866
276 4113 224 1866
271 4124 224 1866
271 4111 242 1877
272 4122 224 1866
272 4129 224 1866
273 4133 224 1866
274 4150 224 1866
279 4172 224 1866
276 4170 224 1873
275 4191 224 1866
275 4163 231 1869
277 4183 224 1866
280 4188 224 1866
279 4244 224 1866
279 4244 224 1866
277 4196 224 1873
281 4193 224 1868
280 4229 224 1866
279 4244 224 1869
286 4232 224 1866
284 4248 224 1866
280 4261 224 1866
285 4263 224 1866
282 4286 224 1872
281 4287 224 1866
289 4287 224 1866
288 4402 224 1871
287 4424 224 1866
284 4341 224 1872
290 4368 224 1866
287 4473 224 1866
286 4404 224 1877
297 4437 224 1866
294 4564 224 1868
306 4619 224 1866
302 4658 224 1866
300 4635 224 1871
299 4660 224 1866
294 4572 224 1872
318 4720 224 1872
300 4621 224 1874
299 4628 224 1878
298 4661 224 1882
311 4828 224 1874
303 4635 224 1880
344 5296 224 1875
