16782 1080.59
268 4418 245 1874
280 4446 245 1871
229 4107 217 1936
254 4451 198 1979
231 4089 213 1944
292 4871 220 1901
254 4451 198 1979
279 4637 211 1915
285 4806 200 1958
274 4758 202 1941
292 4871 220 1901
277 4416 240 1874
285 4806 200 1958
258 4362 245 1879
279 4637 211 1915
251 4340 231 1889
267 4470 230 1886
275 4576 210 1920
245 4292 235 1890
255 4394 236 1883
265 4383 240 1877
280 4446 245 1871
290 4438 245 1871
268 4520 201 1943
269 4570 208 1923
274 4758 202 1941
231 4140 227 1924
257 4454 230 1889
239 4180 200 1971
239 4180 199 1977
252 4368 210 1921
264 4400 200 1959
268 4520 201 1943
239 4180 202 1967
231 4089 207 1952
241 4215 206 1929
229 4123 222 1930
239 4180 199 1977
229 4107 217 1936
265 4343 219 1905
275 4576 210 1920
266 4358 226 1890
232 4190 216 1917
257 4274 224 1898
264 4400 201 1956
283 4441 245 1871
246 4264 215 1912
272 4341 219 1905
269 4570 208 1923
236 4210 221 1904
240 4209 209 1922
235 4179 221 1911
237 4153 204 1945
234 4111 207 1948
265 4350 224 1896
271 4439 235 1880
242 4303 231 1892
254 4451 198 1979
238 4163 212 1916
239 4175 201 1969
231 4140 227 1924
260 4423 225 1895
257 4329 235 1885
255 4431 216 1902
268 4418 245 1874
245 4272 226 1895
247 4224 220 1906
267 4470 230 1886
231 4097 217 1936
290 4438 245 1871
265 4383 240 1877
239 4213 225 1903
283 4441 245 1871
243 4255 231 1892
278 4371 236 1881
231 4091 214 1942
249 4339 202 1947
234 4122 220 1931
240 4244 215 1915
262 4373 231 1886
248 4298 240 1887
280 4425 236 1878
261 4410 240 1879
245 4292 235 1890
241 4178 206 1939
240 4205 211 1916
240 4134 213 1929
256 4351 236 1883
240 4209 209 1922
243 4262 230 1897
237 4153 204 1945
239 4206 202 1962
239 4201 201 1964
239 4180 202 1967
253 4334 231 1889
276 4435 235 1880
232 4146 214 1926
242 4266 226 1898
234 4105 220 1934
237 4104 214 1939
241 4226 204 1935
234 4109 212 1943
262 4373 231 1886
240 4209 207 1924
246 4234 212 1913
265 4365 231 1884
230 4138 220 1925
255 4431 216 1902
245 4242 212 1913
257 4323 235 1887
233 4176 214 1920
249 4374 240 1882
253 4364 245 1879
249 4374 240 1882
235 4198 216 1914
232 4166 212 1925
245 4242 212 1913
230 4111 212 1937
239 4195 205 1941
236 4172 208 1945
229 4119 208 1950
231 4116 222 1930
239 4207 205 1934
239 4175 201 1969
239 4201 201 1964
244 4195 208 1928
255 4394 236 1883
236 4167 214 1923
231 4089 213 1944
264 4409 201 1952
256 4420 245 1876
278 4385 236 1880
248 4318 236 1886
261 4404 231 1886
265 4375 235 1883
257 4454 230 1889
239 4180 200 1971
237 4202 220 1909
239 4206 202 1962
229 4119 208 1950
239 4175 201 1969
247 4197 211 1916
236 4184 212 1916
258 4355 226 1892
257 4443 221 1896
273 4337 219 1905
257 4313 230 1891
240 4248 226 1901
245 4226 216 1907
229 4119 208 1950
264 4400 201 1956
256 4433 225 1895
278 4385 236 1880
266 4366 240 1877
277 4398 236 1881
250 4317 236 1886
276 4435 235 1880
258 4362 245 1879
233 4176 214 1920
260 4423 225 1895
244 4260 225 1900
273 4337 219 1905
238 4157 212 1918
239 4133 212 1934
229 4123 222 1930
259 4322 226 1892
251 4340 231 1889
259 4322 226 1892
271 4439 235 1880
250 4317 236 1886
272 4341 219 1905
254 4451 198 1979
241 4226 204 1935
234 4128 214 1927
257 4329 235 1885
257 4296 226 1894
229 4098 213 1944
229 4115 214 1933
238 4101 213 1935
277 4398 236 1881
246 4321 236 1886
231 4094 212 1944
237 4257 226 1900
235 4198 216 1914
236 4170 220 1918
236 4204 216 1910
234 4144 216 1921
244 4260 225 1900
236 4210 221 1904
231 4158 212 1928
237 4181 216 1910
230 4160 220 1919
245 4264 230 1894
231 4093 217 1938
250 4338 202 1947
229 4117 212 1935
257 4443 221 1896
243 4156 208 1931
257 4313 230 1891
231 4091 214 1942
256 4368 221 1899
264 4400 200 1959
256 4370 226 1893
230 4111 212 1937
247 4207 215 1912
234 4130 207 1946
265 4350 224 1896
257 4315 225 1897
239 4136 212 1925
234 4109 212 1943
266 4348 231 1884
229 4102 217 1940
232 4146 214 1926
234 4128 214 1927
230 4160 220 1919
242 4303 231 1892
256 4420 245 1876
245 4272 226 1895
239 4133 212 1934
236 4172 208 1945
280 4425 236 1878
238 4214 225 1903
245 4225 220 1906
266 4366 240 1877
229 4102 217 1940
235 4179 221 1911
240 4205 211 1916
234 4130 207 1946
245 4297 235 1888
234 4118 217 1932
245 4297 235 1888
241 4213 204 1941
229 4115 214 1933
236 4167 214 1923
231 4093 217 1938
238 4157 212 1918
256 4370 226 1893
248 4305 240 1885
246 4234 212 1913
245 4232 225 1900
237 4202 220 1909
256 4368 221 1899
245 4226 216 1907
232 4190 216 1917
244 4195 208 1928
234 4111 207 1948
234 4118 217 1932
229 4123 222 1930
257 4323 235 1887
236 4184 212 1916
241 4267 226 1898
232 4190 216 1917
278 4389 240 1874
277 4408 236 1880
253 4334 231 1889
258 4355 226 1892
278 4389 240 1874
261 4404 231 1886
250 4361 231 1889
234 4143 212 1925
231 4149 214 1926
238 4163 212 1916
240 4244 215 1915
245 4247 221 1901
239 4121 214 1927
234 4131 220 1925
248 4174 216 1910
266 4348 231 1884
245 4345 236 1886
231 4149 214 1926
229 4155 214 1927
236 4167 214 1923
257 4315 225 1897
236 4170 220 1918
230 4138 220 1925
253 4364 245 1879
243 4255 231 1892
239 4136 212 1925
256 4433 225 1895
277 4416 240 1874
245 4345 236 1886
241 4178 206 1939
237 4202 220 1909
248 4305 240 1885
257 4274 224 1898
265 4343 221 1899
240 4134 213 1929
237 4257 226 1900
259 4422 235 1883
259 4422 235 1883
247 4224 220 1906
231 4094 212 1944
231 4116 222 1930
278 4371 236 1881
237 4181 216 1910
264 4410 201 1950
241 4226 204 1935
234 4118 217 1932
257 4296 226 1894
245 4247 221 1901
