63175 570.111
459 8489 230 2123
359 6351 253 2251
473 8209 236 2147
359 6351 253 2251
385 6752 336 2113
359 6351 253 2251
385 6752 336 2113
365 6502 285 2133
468 8370 250 2078
473 8209 236 2147
364 6445 272 2188
443 7975 237 2124
383 6504 243 2126
395 7037 266 2072
362 6516 239 2115
365 6502 285 2133
378 6852 262 2107
364 6445 272 2188
443 7975 237 2124
428 7578 234 2170
473 8209 236 2147
365 6502 285 2133
420 6956 255 2107
388 7110 237 2140
413 7455 235 2154
425 7344 258 2094
453 7855 234 2167
362 6516 239 2115
413 7455 235 2154
365 6502 285 2133
420 6956 255 2107
425 7344 258 2094
364 6445 272 2188
453 7855 234 2167
385 6933 237 2175
453 7855 234 2167
443 7975 237 2124
388 7110 237 2140
413 7455 235 2154
425 7344 258 2094
378 6852 262 2107
428 7578 234 2170
453 7855 234 2167
473 8209 236 2147
385 6933 237 2175
378 6852 262 2107
364 6445 272 2188
359 6351 253 2251
425 7344 258 2094
359 6351 253 2251
473 8209 236 2147
413 7455 235 2154
365 6502 285 2133
388 7110 237 2140
428 7578 234 2170
413 7455 235 2154
413 7455 235 2154
365 6502 285 2133
378 6852 262 2107
428 7578 234 2170
413 7455 235 2154
459 8489 230 2123
468 8370 250 2078
385 6933 237 2175
428 7578 234 2170
378 6852 262 2107
359 6351 253 2251
420 6956 255 2107
385 6752 336 2113
453 7855 234 2167
362 6516 239 2115
385 6752 336 2113
385 6933 237 2175
453 7855 234 2167
385 6933 237 2175
443 7975 237 2124
385 6752 336 2113
413 7455 235 2154
395 7037 266 2072
453 7855 234 2167
359 6351 253 2251
428 7578 234 2170
473 8209 236 2147
443 7975 237 2124
425 7344 258 2094
428 7578 234 2170
385 6933 237 2175
365 6502 285 2133
453 7855 234 2167
378 6852 262 2107
428 7578 234 2170
473 8209 236 2147
359 6351 253 2251
359 6351 253 2251
453 7855 234 2167
428 7578 234 2170
453 7855 234 2167
413 7455 235 2154
385 6933 237 2175
420 6956 255 2107
385 6933 237 2175
443 7975 237 2124
364 6445 272 2188
364 6445 272 2188
385 6933 237 2175
364 6445 272 2188
365 6502 285 2133
473 8209 236 2147
413 7455 235 2154
428 7578 234 2170
365 6502 285 2133
365 6502 285 2133
359 6351 253 2251
425 7344 258 2094
425 7344 258 2094
413 7455 235 2154
413 7455 235 2154
453 7855 234 2167
385 6933 237 2175
388 7110 237 2140
453 7855 234 2167
359 6351 253 2251
428 7578 234 2170
359 6351 253 2251
385 6933 237 2175
385 6933 237 2175
359 6351 253 2251
473 8209 236 2147
425 7344 258 2094
413 7455 235 2154
428 7578 234 2170
365 6502 285 2133
365 6502 285 2133
359 6351 253 2251
378 6852 262 2107
388 7110 237 2140
443 7975 237 2124
359 6351 253 2251
425 7344 258 2094
425 7344 258 2094
413 7455 235 2154
365 6502 285 2133
420 6956 255 2107
385 6933 237 2175
425 7344 258 2094
365 6502 285 2133
388 7110 237 2140
428 7578 234 2170
428 7578 234 2170
378 6852 262 2107
378 6852 262 2107
364 6445 272 2188
425 7344 258 2094
413 7455 235 2154
365 6502 285 2133
428 7578 234 2170
413 7455 235 2154
365 6502 285 2133
428 7578 234 2170
413 7455 235 2154
468 8370 250 2078
428 7578 234 2170
385 6933 237 2175
359 6351 253 2251
385 6752 336 2113
453 7855 234 2167
362 6516 239 2115
385 6933 237 2175
453 7855 234 2167
385 6933 237 2175
443 7975 237 2124
385 6752 336 2113
413 7455 235 2154
395 7037 266 2072
359 6351 253 2251
359 6351 253 2251
473 8209 236 2147
364 6445 272 2188
383 6504 243 2126
395 7037 266 2072
362 6516 239 2115
364 6445 272 2188
443 7975 237 2124
473 8209 236 2147
420 6956 255 2107
388 7110 237 2140
453 7855 234 2167
425 7344 258 2094
453 7855 234 2167
365 6502 285 2133
420 6956 255 2107
425 7344 258 2094
364 6445 272 2188
453 7855 234 2167
385 6933 237 2175
443 7975 237 2124
425 7344 258 2094
378 6852 262 2107
428 7578 234 2170
453 7855 234 2167
473 8209 236 2147
365 6502 285 2133
425 7344 258 2094
413 7455 235 2154
413 7455 235 2154
453 7855 234 2167
385 6933 237 2175
388 7110 237 2140
453 7855 234 2167
359 6351 253 2251
385 6933 237 2175
473 8209 236 2147
425 7344 258 2094
428 7578 234 2170
359 6351 253 2251
378 6852 262 2107
443 7975 237 2124
413 7455 235 2154
365 6502 285 2133
420 6956 255 2107
385 6933 237 2175
425 7344 258 2094
365 6502 285 2133
388 7110 237 2140
428 7578 234 2170
359 6351 253 2251
359 6351 253 2251
428 7578 234 2170
473 8209 236 2147
443 7975 237 2124
425 7344 258 2094
428 7578 234 2170
385 6933 237 2175
365 6502 285 2133
453 7855 234 2167
378 6852 262 2107
428 7578 234 2170
473 8209 236 2147
428 7578 234 2170
453 7855 234 2167
413 7455 235 2154
385 6933 237 2175
420 6956 255 2107
385 6933 237 2175
443 7975 237 2124
364 6445 272 2188
364 6445 272 2188
385 6933 237 2175
364 6445 272 2188
473 8209 236 2147
428 7578 234 2170
365 6502 285 2133
400 7053 243 2099
425 7344 258 2094
359 6351 253 2251
443 7975 237 2124
428 7578 234 2170
385 6933 237 2175
428 7578 234 2170
413 7455 235 2154
385 6752 336 2113
385 6752 336 2113
364 6445 272 2188
453 7855 234 2167
362 6516 239 2115
364 6445 272 2188
385 6933 237 2175
428 7578 234 2170
468 8370 250 2078
453 7855 234 2167
428 7578 234 2170
378 6852 262 2107
413 7455 235 2154
385 6933 237 2175
428 7578 234 2170
385 6752 336 2113
365 6502 285 2133
385 6752 336 2113
385 6933 237 2175
428 7578 234 2170
413 7455 235 2154
413 7455 235 2154
388 7110 237 2140
362 6516 239 2115
359 6351 253 2251
413 7455 235 2154
413 7455 235 2154
428 7578 234 2170
385 6933 237 2175
473 8209 236 2147
453 7855 234 2167
364 6445 272 2188
365 6502 285 2133
425 7344 258 2094
425 7344 258 2094
385 6933 237 2175
428 7578 234 2170
413 7455 235 2154
385 6933 237 2175
428 7578 234 2170
