756 24.6578
729 16914 696 3105
783 15881 684 3124
830 20449 645 3138
947 23212 708 3028
733 16903 696 3101
802 17233 688 3139
757 16367 694 3148
738 17017 696 3125
760 16088 681 3115
767 16594 674 3127
756 16675 687 3095
742 16543 663 3120
754 16539 686 3100
766 17009 696 3108
756 16582 669 3138
772 16900 671 3104
748 16648 703 3129
772 16562 686 3116
787 16330 705 3125
781 16722 708 3093
775 17029 713 3139
764 16869 692 3128
772 16235 703 3121
833 17005 730 3129
720 16427 696 3116
732 16470 656 3111
793 16801 684 3128
772 16723 681 3112
770 15660 676 3103
748 17158 659 3113
762 16658 676 3141
761 16701 678 3127
756 16675 687 3095
750 16302 673 3124
772 16775 696 3116
772 16635 684 3141
751 16996 678 3106
808 17951 674 3110
877 18009 708 3098
782 16377 674 3141
764 16597 730 3098
774 16248 696 3121
734 16782 690 3128
754 16899 699 3108
791 17404 678 3109
750 16302 673 3124
772 16635 684 3141
782 16377 674 3141
756 16963 718 3121
769 16036 684 3128
785 16716 689 3141
756 16532 688 3120
773 16453 696 3118
770 16382 666 3120
770 15660 676 3103
753 17028 723 3119
772 16635 684 3141
772 16629 684 3119
760 16666 722 3107
796 17156 693 3111
769 16036 684 3128
765 17064 693 3100
756 16964 703 3115
767 16715 679 3154
745 16583 703 3115
783 16781 706 3132
772 16771 703 3119
856 19128 732 3105
821 17145 674 3107
733 16414 693 3105
802 17306 684 3130
718 16736 696 3115
738 15965 707 3112
749 16638 703 3114
732 16470 656 3111
755 16921 669 3145
778 16979 696 3117
764 17215 650 3119
771 17170 678 3110
742 16466 696 3125
754 16511 671 3129
786 17016 673 3132
760 16317 688 3127
795 16723 703 3119
732 16470 656 3111
757 16272 681 3125
835 17279 719 3119
758 16549 708 3096
777 16796 703 3118
786 16518 681 3117
765 16383 681 3124
742 16211 703 3125
787 16839 684 3127
1056 25885 772 3091
792 16981 725 3158
772 17005 662 3126
761 16531 689 3109
744 16406 676 3140
802 17233 688 3139
736 16633 680 3103
756 16930 670 3135
772 16983 703 3124
756 16720 686 3096
779 16654 681 3125
764 17320 692 3149
799 16778 684 3121
786 17134 730 3102
733 16414 693 3105
755 17048 681 3112
756 16769 706 3130
765 16684 686 3131
745 16736 678 3128
783 17008 688 3116
736 16707 693 3130
748 17158 659 3113
789 17110 679 3146
735 16735 703 3113
744 16406 676 3140
777 16439 674 3122
780 17210 681 3127
751 16996 678 3106
745 16651 688 3115
759 16793 715 3110
794 17390 679 3158
758 16369 681 3122
765 16383 681 3124
772 16665 681 3128
777 16209 696 3118
760 16317 688 3127
783 16985 688 3128
770 16794 663 3114
767 17058 681 3123
774 17039 671 3163
735 16416 671 3106
737 16656 696 3127
778 16254 681 3112
813 16892 676 3117
732 16470 656 3111
773 17152 681 3115
769 16916 669 3132
741 16574 681 3130
742 16592 681 3109
783 16781 706 3132
785 16716 689 3141
796 17156 693 3111
778 16888 693 3116
755 16049 693 3098
769 17083 718 3107
751 16757 696 3107
735 16416 671 3106
833 17005 730 3129
750 16302 673 3124
758 16549 708 3096
778 16521 715 3095
743 17135 674 3110
772 16627 693 3110
779 16654 681 3125
788 17007 701 3112
784 17685 674 3127
793 16801 684 3128
737 16656 696 3127
772 16723 681 3112
741 16597 708 3093
809 17119 674 3113
754 17135 699 3150
752 16781 715 3109
779 16148 681 3121
745 16583 703 3115
708 16326 671 3100
750 16590 688 3112
810 17050 675 3116
805 17687 691 3134
783 17008 688 3116
748 16979 685 3124
770 17115 701 3122
732 16461 706 3129
762 16648 678 3118
809 17119 674 3113
761 15675 713 3109
748 16175 703 3119
762 16741 700 3108
753 16623 669 3135
798 17415 696 3111
777 17200 692 3124
765 16716 700 3112
764 16869 692 3128
877 18009 708 3098
757 16367 694 3148
766 17009 696 3108
747 16404 684 3131
769 16620 696 3110
772 16562 686 3116
778 16521 715 3095
759 16793 715 3110
759 16725 684 3148
742 16130 694 3111
781 16584 686 3149
726 16437 669 3136
781 16721 706 3132
770 16794 663 3114
754 16292 696 3105
757 16952 703 3116
755 16918 692 3108
774 16332 715 3098
762 16357 654 3135
777 16209 696 3118
756 16582 669 3138
754 16899 699 3108
772 16635 684 3141
808 17951 674 3110
780 17077 689 3106
765 16604 703 3125
735 16735 703 3113
750 16931 665 3127
804 16931 696 3124
769 16620 696 3110
815 17436 688 3127
793 16997 681 3125
762 16357 654 3135
733 16903 696 3101
772 16900 671 3104
745 17024 684 3138
765 16684 686 3131
767 16594 674 3127
770 17040 700 3124
762 16741 700 3108
772 16629 684 3119
736 17103 696 3105
724 16476 696 3116
708 16326 671 3100
777 16796 703 3118
789 17110 679 3146
813 16784 662 3133
754 16634 669 3129
738 15982 693 3107
736 16707 693 3130
742 16130 694 3111
762 16658 676 3141
781 16721 706 3132
751 16757 696 3107
770 15660 676 3103
730 16411 696 3119
784 16475 681 3113
779 16148 681 3121
745 16736 678 3128
742 16211 703 3125
754 17140 708 3094
778 16888 693 3116
754 16511 671 3129
793 16629 684 3131
856 19128 732 3105
795 16723 703 3119
730 16316 693 3102
777 16439 674 3122
791 17077 677 3141
762 16361 654 3135
765 16659 681 3117
810 17031 693 3103
756 16596 688 3127
745 16983 674 3129
770 16382 666 3120
729 16353 699 3103
778 16626 693 3108
759 17057 674 3120
752 16781 715 3109
821 17145 674 3107
744 16346 718 3113
753 17028 723 3119
780 17210 681 3127
774 16248 696 3121
778 16626 693 3108
761 16531 689 3109
772 16235 703 3121
755 16918 692 3108
768 16804 708 3123
752 16924 708 3096
762 16361 654 3135
780 17125 693 3114
849 16888 670 3132
738 17017 696 3125
774 17454 681 3150
763 16826 682 3112
729 16799 696 3115
767 17261 686 3129
755 16921 669 3145
777 16838 663 3127
774 17039 671 3163
772 16960 725 3135
769 16916 669 3132
778 16254 681 3112
814 17158 696 3110
774 16856 691 3128
742 16466 696 3125
735 16628 681 3134
788 17007 701 3112
736 16633 680 3103
713 16063 693 3102
752 17269 716 3142
750 15933 668 3142
713 16579 696 3115
