1516 50.5955
678 16341 625 3041
673 16343 656 3022
704 16135 638 3032
717 17028 648 3018
673 16420 641 3041
756 17437 682 3010
679 16602 638 3029
700 16407 638 3025
729 17802 618 3043
740 17628 648 3017
743 16937 623 3036
730 17126 682 3012
723 16680 679 3013
679 15884 663 3035
683 16083 656 3022
722 18224 638 3024
678 16024 653 3026
699 17226 631 3028
678 16368 647 3026
693 16260 626 3044
778 18150 625 3029
747 17503 618 3043
766 18002 668 3011
722 17994 623 3033
688 16526 653 3020
704 17319 631 3026
711 17392 646 3020
747 17605 624 3032
740 17075 631 3026
696 16630 647 3021
737 17326 669 3013
744 17913 660 3016
805 18337 683 3008
777 18569 692 3008
724 17349 623 3035
691 16970 659 3019
704 16471 668 3016
700 16543 646 3022
702 17027 676 3014
700 16009 653 3028
700 16334 638 3027
705 17094 668 3014
760 18202 631 3025
765 19022 653 3016
790 19123 670 3010
706 16647 668 3015
764 17626 668 3012
709 16715 634 3038
716 17865 635 3025
679 17095 641 3028
712 16997 623 3049
703 16453 653 3020
741 18327 627 3031
727 16794 668 3014
714 17656 624 3040
699 17223 690 3016
778 19018 622 3042
792 19523 616 3055
830 20220 702 3002
830 20220 702 3002
792 19523 616 3055
678 15444 668 3017
668 16207 660 3037
1004 23701 796 3165
1027 24644 812 3108
875 21302 766 3134
962 24235 708 3090
921 23719 716 3135
821 20197 724 3097
928 23442 716 3165
944 23060 744 3138
910 21462 722 3093
861 20158 670 3147
927 23232 720 3083
963 24017 772 3160
980 22218 677 3120
935 22057 702 3112
975 24561 676 3132
1075 25589 693 3131
845 20640 708 3153
943 23005 716 3107
989 25134 739 3156
1003 25056 717 3162
991 23787 764 3118
910 23065 761 3155
854 21496 707 3095
926 22225 668 3108
875 21299 723 3109
869 22134 716 3130
875 22037 716 3141
1015 24097 793 3150
942 23439 822 3102
902 21677 713 3134
895 21608 703 3092
851 22021 740 3181
863 22008 673 3114
899 22498 793 3090
886 22697 699 3108
999 23178 704 3145
1019 23691 784 3080
951 23339 689 3095
911 21755 689 3158
880 21699 694 3164
975 23679 760 3093
919 22941 703 3121
931 22456 775 3111
854 20046 692 3132
1075 28064 722 3123
942 23745 830 3149
980 24561 754 3196
895 21163 788 3125
940 23104 659 3129
894 22077 770 3154
930 23071 729 3144
1102 26811 725 3151
942 23928 727 3135
932 23819 726 3113
910 21775 738 3123
986 24184 764 3092
1000 25243 740 3100
897 22564 707 3120
988 24000 732 3130
994 24545 812 3183
908 23127 739 3134
875 20631 703 3119
897 22545 703 3106
993 23316 831 3131
935 22594 703 3118
874 20690 740 3128
898 21421 728 3146
902 21653 680 3145
861 21364 675 3104
915 22436 726 3162
874 21001 717 3149
903 22832 762 3161
999 24777 705 3168
974 23434 725 3115
916 22058 745 3137
829 20127 695 3084
1009 25610 741 3119
918 22369 689 3132
884 21373 660 3136
1013 24092 705 3111
1080 26622 786 3168
922 23349 719 3109
965 23302 714 3134
924 23223 673 3109
941 23000 833 3156
893 21650 749 3113
865 21352 699 3137
817 20204 665 3158
842 20843 698 3098
849 21190 713 3115
961 23552 825 3089
1109 27213 755 3136
1003 23898 826 3130
859 21129 737 3117
833 20033 718 3127
907 22437 714 3123
991 25300 801 3120
888 22568 765 3141
885 22274 803 3137
850 20898 762 3084
918 22086 753 3133
1004 24493 801 3128
899 21711 797 3123
941 23389 719 3129
908 22759 780 3106
923 23410 768 3097
855 21755 691 3132
950 23426 718 3119
980 25349 731 3135
991 24631 696 3124
877 21902 720 3106
927 22165 727 3167
945 21758 698 3122
900 22051 778 3125
936 23289 741 3142
904 20790 755 3148
929 23048 695 3107
882 21645 694 3104
843 21512 682 3147
984 23263 743 3136
910 23138 802 3106
889 21363 709 3117
994 24738 832 3092
900 22135 698 3138
811 20236 739 3147
854 20437 703 3128
925 23278 784 3075
923 22726 683 3117
817 19436 707 3099
885 21761 723 3127
868 21943 801 3115
873 21549 695 3129
887 22220 732 3144
895 21567 788 3081
972 22830 691 3115
883 21224 756 3108
997 24139 653 3109
881 20825 709 3103
900 22805 695 3133
972 24097 726 3176
956 24177 826 3154
948 23377 744 3147
920 22718 721 3116
907 21428 688 3146
907 21317 721 3185
818 20008 735 3098
916 22386 738 3137
955 23704 720 3150
884 21286 738 3084
1025 23967 788 3175
833 20938 683 3159
897 20703 707 3105
923 23104 696 3181
920 21187 763 3143
940 22245 715 3062
1001 24849 760 3081
873 21368 696 3121
998 24681 727 3175
935 23083 745 3101
1068 25829 729 3152
971 22254 745 3154
899 20187 713 3160
886 22360 724 3126
851 20263 755 3113
831 19342 766 3125
887 21610 708 3128
926 22687 681 3125
811 20230 692 3154
915 22181 807 3106
941 23174 763 3158
819 20672 683 3116
935 22667 767 3147
869 20691 684 3118
913 20389 785 3090
997 24603 689 3119
987 24049 697 3097
1084 26996 823 3079
876 20828 710 3120
892 21774 745 3061
1004 24666 788 3140
874 21780 693 3129
1020 23977 794 3187
980 24267 783 3144
981 24051 681 3157
952 22768 817 3088
864 20807 761 3118
883 20801 724 3146
1021 24704 732 3184
887 22183 732 3127
971 24112 781 3101
896 21277 732 3108
899 21365 710 3082
920 22591 762 3112
940 22282 801 3166
880 20812 735 3113
942 24524 833 3078
938 22225 715 3121
959 23608 722 3131
825 20882 755 3161
1025 24924 725 3121
924 22576 694 3115
869 21984 766 3176
877 21853 757 3069
954 24248 797 3162
851 21198 733 3091
935 23163 797 3183
960 22686 720 3113
905 22088 660 3101
914 22242 673 3078
918 23071 760 3114
838 20208 695 3141
906 21331 702 3111
954 23270 736 3107
855 21166 718 3123
940 22141 678 3087
1004 25051 701 3106
903 19977 704 3117
904 21019 722 3093
913 22393 714 3127
854 20997 763 3102
993 24171 872 3136
920 23033 775 3119
1005 25076 682 3099
899 22155 704 3181
960 23040 800 3092
876 22534 789 3116
922 21598 727 3114
883 21394 678 3115
872 22059 719 3092
940 23525 659 3102
810 19544 671 3116
939 24047 780 3126
900 22025 716 3152
1037 25478 725 3135
935 22999 732 3145
943 22152 749 3105
874 20867 719 3145
