9 0.0680858
1045 25855 697 3150
902 21659 712 3130
821 20376 752 3200
821 20376 752 3200
902 21659 712 3130
919 21361 782 3154
919 21361 782 3154
928 23565 700 3149
903 22743 706 3214
902 21659 712 3130
928 23565 700 3149
821 20376 752 3200
821 20376 752 3200
919 21361 782 3154
821 20376 752 3200
928 23565 700 3149
928 23565 700 3149
821 20376 752 3200
928 23565 700 3149
928 23565 700 3149
902 21659 712 3130
919 21361 782 3154
821 20376 752 3200
902 21659 712 3130
919 21361 782 3154
821 20376 752 3200
821 20376 752 3200
928 23565 700 3149
928 23565 700 3149
928 23565 700 3149
919 21361 782 3154
821 20376 752 3200
928 23565 700 3149
902 21659 712 3130
821 20376 752 3200
821 20376 752 3200
821 20376 752 3200
821 20376 752 3200
902 21659 712 3130
928 23565 700 3149
928 23565 700 3149
1045 25855 697 3150
821 20376 752 3200
902 21659 712 3130
928 23565 700 3149
928 23565 700 3149
928 23565 700 3149
821 20376 752 3200
821 20376 752 3200
821 20376 752 3200
821 20376 752 3200
821 20376 752 3200
821 20376 752 3200
919 21361 782 3154
821 20376 752 3200
928 23565 700 3149
928 23565 700 3149
821 20376 752 3200
821 20376 752 3200
821 20376 752 3200
902 21659 712 3130
821 20376 752 3200
902 21659 712 3130
928 23565 700 3149
928 23565 700 3149
821 20376 752 3200
821 20376 752 3200
928 23565 700 3149
821 20376 752 3200
821 20376 752 3200
821 20376 752 3200
928 23565 700 3149
821 20376 752 3200
821 20376 752 3200
928 23565 700 3149
902 21659 712 3130
928 23565 700 3149
928 23565 700 3149
928 23565 700 3149
928 23565 700 3149
821 20376 752 3200
928 23565 700 3149
928 23565 700 3149
821 20376 752 3200
903 22743 706 3214
821 20376 752 3200
821 20376 752 3200
928 23565 700 3149
902 21659 712 3130
821 20376 752 3200
928 23565 700 3149
928 23565 700 3149
821 20376 752 3200
928 23565 700 3149
928 23565 700 3149
1045 25855 697 3150
821 20376 752 3200
821 20376 752 3200
928 23565 700 3149
928 23565 700 3149
928 23565 700 3149
821 20376 752 3200
821 20376 752 3200
919 21361 782 3154
821 20376 752 3200
821 20376 752 3200
928 23565 700 3149
821 20376 752 3200
821 20376 752 3200
928 23565 700 3149
902 21659 712 3130
919 21361 782 3154
821 20376 752 3200
902 21659 712 3130
928 23565 700 3149
821 20376 752 3200
928 23565 700 3149
902 21659 712 3130
928 23565 700 3149
928 23565 700 3149
928 23565 700 3149
928 23565 700 3149
821 20376 752 3200
821 20376 752 3200
928 23565 700 3149
821 20376 752 3200
821 20376 752 3200
903 22743 706 3214
821 20376 752 3200
821 20376 752 3200
902 21659 712 3130
928 23565 700 3149
928 23565 700 3149
919 21361 782 3154
821 20376 752 3200
902 21659 712 3130
821 20376 752 3200
821 20376 752 3200
919 21361 782 3154
928 23565 700 3149
821 20376 752 3200
928 23565 700 3149
928 23565 700 3149
821 20376 752 3200
821 20376 752 3200
902 21659 712 3130
821 20376 752 3200
902 21659 712 3130
928 23565 700 3149
928 23565 700 3149
821 20376 752 3200
928 23565 700 3149
821 20376 752 3200
821 20376 752 3200
847 20726 711 3166
919 21361 782 3154
821 20376 752 3200
821 20376 752 3200
928 23565 700 3149
902 21659 712 3130
902 21659 712 3130
903 22743 706 3214
902 21659 712 3130
928 23565 700 3149
821 20376 752 3200
928 23565 700 3149
928 23565 700 3149
821 20376 752 3200
821 20376 752 3200
821 20376 752 3200
821 20376 752 3200
821 20376 752 3200
928 23565 700 3149
821 20376 752 3200
821 20376 752 3200
928 23565 700 3149
928 23565 700 3149
821 20376 752 3200
821 20376 752 3200
821 20376 752 3200
928 23565 700 3149
821 20376 752 3200
821 20376 752 3200
821 20376 752 3200
821 20376 752 3200
821 20376 752 3200
928 23565 700 3149
821 20376 752 3200
821 20376 752 3200
928 23565 700 3149
902 21659 712 3130
902 21659 712 3130
902 21659 712 3130
928 23565 700 3149
928 23565 700 3149
821 20376 752 3200
821 20376 752 3200
903 22743 706 3214
821 20376 752 3200
928 23565 700 3149
928 23565 700 3149
821 20376 752 3200
821 20376 752 3200
821 20376 752 3200
821 20376 752 3200
928 23565 700 3149
919 21361 782 3154
821 20376 752 3200
821 20376 752 3200
902 21659 712 3130
821 20376 752 3200
928 23565 700 3149
821 20376 752 3200
902 21659 712 3130
919 21361 782 3154
928 23565 700 3149
919 21361 782 3154
821 20376 752 3200
928 23565 700 3149
821 20376 752 3200
821 20376 752 3200
928 23565 700 3149
919 21361 782 3154
928 23565 700 3149
902 21659 712 3130
928 23565 700 3149
821 20376 752 3200
821 20376 752 3200
847 20726 711 3166
821 20376 752 3200
928 23565 700 3149
821 20376 752 3200
821 20376 752 3200
821 20376 752 3200
821 20376 752 3200
928 23565 700 3149
928 23565 700 3149
928 23565 700 3149
821 20376 752 3200
919 21361 782 3154
928 23565 700 3149
821 20376 752 3200
928 23565 700 3149
821 20376 752 3200
821 20376 752 3200
928 23565 700 3149
928 23565 700 3149
928 23565 700 3149
821 20376 752 3200
1045 25855 697 3150
928 23565 700 3149
821 20376 752 3200
903 22743 706 3214
902 21659 712 3130
928 23565 700 3149
928 23565 700 3149
821 20376 752 3200
821 20376 752 3200
821 20376 752 3200
928 23565 700 3149
821 20376 752 3200
821 20376 752 3200
821 20376 752 3200
821 20376 752 3200
821 20376 752 3200
821 20376 752 3200
902 21659 712 3130
928 23565 700 3149
903 22743 706 3214
928 23565 700 3149
821 20376 752 3200
821 20376 752 3200
928 23565 700 3149
919 21361 782 3154
821 20376 752 3200
928 23565 700 3149
919 21361 782 3154
919 21361 782 3154
928 23565 700 3149
821 20376 752 3200
821 20376 752 3200
928 23565 700 3149
919 21361 782 3154
928 23565 700 3149
902 21659 712 3130
928 23565 700 3149
821 20376 752 3200
821 20376 752 3200
847 20726 711 3166
928 23565 700 3149
821 20376 752 3200
821 20376 752 3200
821 20376 752 3200
928 23565 700 3149
928 23565 700 3149
928 23565 700 3149
821 20376 752 3200
919 21361 782 3154
928 23565 700 3149
821 20376 752 3200
