428 19.0275
675 17405 611 3028
675 17405 611 3028
647 15309 637 3015
853 19215 853 2969
632 15510 631 3022
853 19215 853 2969
832 17942 832 2970
754 18076 742 2977
811 17884 811 2971
811 17884 811 2971
747 17950 747 2975
759 17468 742 2977
790 17782 790 2972
771 17464 768 2974
726 17090 726 2979
789 17486 789 2973
790 17782 790 2972
707 16808 707 2985
769 17709 769 2973
754 18076 742 2977
632 15510 631 3022
776 17065 768 2974
680 16739 611 3027
746 17284 746 2976
768 17675 768 2974
720 17268 720 2982
745 17403 742 2978
726 16863 726 2980
723 17176 723 2981
653 15548 621 3024
653 15667 617 3026
730 17274 669 2998
705 16803 704 2986
662 15831 652 3008
693 16283 693 2996
686 16909 643 3009
641 15433 639 3017
790 17782 790 2972
708 17169 682 2993
713 16399 705 2989
641 15808 623 3025
707 17492 707 2984
708 17223 688 2990
664 15475 639 3011
750 16751 654 3003
694 16939 620 3025
783 17372 747 2975
679 15999 663 3002
738 17307 676 2994
655 15963 630 3018
742 17262 669 2998
677 16434 621 3023
664 15589 631 3020
720 16981 720 2983
644 15543 639 3013
646 15505 646 3015
740 17330 685 2991
682 16459 677 2995
771 17464 768 2974
703 16883 701 2988
650 15336 631 3022
649 15519 647 3011
726 16687 720 2984
725 17168 723 2981
672 15898 672 3002
667 15500 624 3026
701 17470 684 2993
702 16095 702 2996
682 16842 624 3019
670 15996 660 3004
718 17481 676 2994
653 15667 617 3026
660 15729 657 3006
682 16459 677 2995
746 17057 746 2977
689 16909 663 3000
638 15735 637 3021
705 17610 675 2997
707 16982 626 3016
658 15682 629 3019
685 16568 624 3018
726 17242 720 2982
746 16515 666 2999
660 16613 623 3022
674 16381 654 3006
670 17100 646 3008
691 15901 621 3023
769 17709 769 2973
747 17950 747 2975
676 16120 676 2997
665 16063 627 3020
789 17486 789 2973
700 16298 660 3001
728 15938 694 3000
682 16358 654 3005
728 15938 694 3000
703 16883 701 2988
682 16676 654 3004
692 17090 636 3016
670 15620 654 3010
652 15752 636 3017
706 16383 643 3009
692 17090 636 3016
705 16740 705 2990
698 16372 698 2991
680 16525 651 3007
716 16514 685 2993
645 15763 636 3018
701 17089 698 2989
786 17183 675 2997
720 17268 720 2982
659 16952 627 3017
645 15614 631 3021
646 15505 646 3015
688 16886 660 3001
696 15966 676 2998
696 15966 676 2998
645 15614 631 3021
654 16839 640 3010
705 17610 675 2997
769 17709 769 2973
698 16727 676 2995
690 16188 654 3005
698 16372 698 2991
710 17613 676 2994
705 16700 685 2992
726 16687 720 2984
654 15776 646 3010
660 16613 623 3022
748 17446 747 2975
704 17261 698 2987
786 17183 675 2997
711 16907 707 2984
680 16684 646 3009
698 16372 698 2991
714 16977 687 2991
674 15926 670 3003
674 15718 661 3007
644 15543 639 3013
657 15734 639 3011
716 16722 698 2987
658 15609 639 3012
666 16818 621 3023
661 15659 661 3010
665 16363 627 3017
682 16438 682 2994
725 17351 654 3002
701 17231 685 2992
705 17610 675 2997
672 15898 672 3002
693 16283 693 2996
679 16249 654 3006
677 16317 657 3005
700 17232 654 3003
682 15995 682 2999
701 17089 698 2989
658 15609 639 3012
644 15543 639 3013
663 16161 663 3001
699 17374 685 2991
643 15726 637 3020
707 17133 650 3006
680 16525 651 3007
707 17402 682 2993
683 16651 676 2996
721 17265 720 2982
676 15958 662 3003
678 17305 611 3028
738 17307 676 2994
652 15752 636 3017
707 16982 626 3016
714 16977 687 2991
783 17372 747 2975
672 15616 672 3008
702 16095 702 2996
662 16069 662 3002
750 16751 654 3003
709 17045 698 2987
768 17675 768 2974
673 16324 662 3001
705 16685 666 2999
704 16866 704 2987
658 15682 629 3019
707 17133 650 3006
664 15776 640 3010
709 16936 698 2990
657 15936 657 3009
671 16057 670 3002
687 17162 660 3001
725 17351 654 3002
718 17481 676 2994
683 16651 676 2996
708 16639 649 3007
663 16024 661 3005
695 16230 682 2994
663 16024 661 3005
691 16087 628 3018
708 16639 649 3007
670 16205 660 3002
708 17022 707 2984
647 15309 637 3015
639 15826 639 3019
681 16115 628 3018
708 17223 688 2990
654 16839 640 3010
728 17228 720 2982
720 17268 720 2982
750 17220 669 2998
681 16115 628 3018
646 15316 646 3018
650 15716 624 3021
750 17220 669 2998
694 16939 620 3025
639 15826 639 3019
748 17446 747 2975
716 16514 685 2993
704 16866 704 2987
662 15747 654 3009
650 15716 624 3021
690 16392 663 3000
662 16050 662 3003
700 16298 660 3001
675 16161 665 3000
691 16554 660 3001
664 15602 661 3010
675 16163 662 3001
675 15794 661 3004
690 16188 660 3002
666 15973 662 3003
691 16554 660 3001
697 17340 669 2998
697 17245 654 3003
644 15632 637 3017
704 17252 698 2988
665 16363 627 3017
697 17340 669 2998
662 16176 660 3003
674 15968 660 3005
713 16399 705 2989
673 16324 662 3001
677 16317 657 3005
646 15316 646 3018
673 16139 660 3003
672 16068 670 3001
703 17023 698 2989
675 16161 665 3000
672 15980 660 3004
705 16700 685 2992
696 16722 643 3009
687 17162 660 3001
675 15794 661 3004
682 16438 682 2994
688 16886 660 3001
695 16230 682 2994
691 16138 624 3019
644 16233 624 3020
638 15735 637 3021
657 15734 639 3011
703 17023 698 2989
675 16161 665 3000
701 17470 684 2993
646 15789 631 3020
644 15543 639 3013
710 17613 676 2994
658 15609 639 3012
680 16525 651 3007
716 16514 685 2993
670 16205 660 3002
769 17709 769 2973
644 16095 630 3018
682 15995 682 2999
664 15776 640 3010
662 15629 662 3008
674 15926 670 3003
666 16818 621 3023
700 17232 654 3003
704 17252 698 2988
646 15603 621 3025
658 15609 639 3012
726 17166 723 2981
728 17228 720 2982
688 16359 646 3008
691 16062 654 3004
726 17242 720 2982
691 15901 621 3023
710 17613 676 2994
644 15632 637 3017
728 15938 694 3000
672 15616 672 3008
674 15718 661 3007
725 17168 723 2981
675 16163 662 3001
701 17231 685 2992
705 16740 705 2990
691 16062 654 3004
811 17884 811 2971
714 16977 687 2991
726 17242 720 2982
769 17709 769 2973
672 16977 654 3006
