13773 653.016
613 14558 610 3029
615 14532 610 3029
615 14532 610 3029
633 13573 627 3017
853 15413 853 2969
832 15247 832 2970
853 15413 853 2969
813 15216 811 2971
832 15247 832 2970
685 14850 685 2991
632 15122 613 3026
769 14601 747 2975
742 14463 742 2977
764 14830 764 2974
790 14844 790 2972
730 14265 727 2981
789 14681 789 2973
747 14602 747 2975
789 14681 789 2973
769 14789 769 2973
813 15216 811 2971
794 14547 768 2974
715 13958 709 2992
811 14658 789 2973
640 13886 637 3015
632 13837 623 3022
675 14113 675 2997
671 14007 669 2998
660 14195 660 3001
698 14121 698 2988
720 14155 720 2984
688 14093 688 2992
632 15122 613 3026
624 14709 624 3019
633 13573 627 3017
633 13900 626 3016
698 14420 698 2987
681 14320 676 2994
698 14121 698 2988
623 14029 611 3027
624 14709 624 3019
742 14463 742 2977
698 14003 698 2989
790 14844 790 2972
730 14265 727 2981
726 14347 726 2979
626 13980 620 3025
623 14029 611 3027
764 14830 764 2974
617 14019 617 3026
682 14762 682 2993
681 14320 676 2994
676 13897 676 2996
746 14319 746 2976
746 14319 746 2976
742 14431 742 2978
718 14242 707 2985
767 14439 767 2975
651 13713 651 3007
728 14286 727 2982
624 14652 621 3023
682 14762 682 2993
723 14393 723 2981
666 13827 666 3000
620 13991 620 3025
669 14022 669 2998
704 14303 704 2986
688 14571 688 2990
628 13646 624 3018
725 14148 724 2984
617 14019 617 3026
729 14055 707 2986
641 13940 639 3011
718 14170 704 2987
646 13682 646 3008
654 13727 654 3004
639 13612 639 3013
622 13982 622 3024
675 14113 675 2997
811 15239 811 2971
647 13663 646 3008
628 13646 624 3018
794 14547 768 2974
627 13721 627 3017
720 14154 704 2987
640 13604 639 3013
688 13968 688 2993
637 13914 637 3015
692 14306 687 2992
643 13739 643 3009
666 14002 666 2999
726 14385 723 2981
651 13713 651 3007
622 13982 622 3024
654 13715 654 3006
727 14104 727 2983
639 13808 637 3016
708 14309 707 2984
720 14154 704 2987
720 14155 720 2984
727 14331 726 2979
640 14015 639 3011
768 14558 768 2974
632 15122 613 3026
644 13618 643 3010
648 13586 643 3014
684 14745 682 2993
644 13591 643 3014
688 14571 688 2990
644 13618 643 3010
643 13631 643 3010
662 13658 661 3006
710 14260 707 2984
639 13783 639 3012
705 14292 704 2986
665 13695 665 3003
707 14056 707 2986
666 13827 666 3000
688 14352 687 2991
685 14227 685 2993
647 13680 643 3009
666 13706 665 3002
660 14195 660 3001
654 14005 654 3002
665 13695 665 3003
676 13897 676 2996
691 14318 687 2992
670 13705 665 3002
676 13772 676 2999
726 14385 723 2981
767 14439 767 2975
662 13698 661 3005
663 13786 663 3002
685 14850 685 2991
637 13878 637 3016
685 14445 685 2992
676 14087 676 2995
686 13846 686 2997
662 13658 661 3006
789 14681 789 2973
624 14709 624 3019
654 13727 654 3004
769 14789 769 2973
687 13872 685 2995
720 14295 720 2982
718 14242 707 2985
632 13837 623 3022
720 14229 707 2985
698 14003 698 2989
667 13670 666 3005
684 14745 682 2993
691 14318 687 2992
715 13958 709 2992
666 13757 666 3001
639 13783 639 3012
723 14393 723 2981
624 13839 623 3023
742 14431 742 2978
627 13721 627 3017
811 14658 789 2973
629 14021 621 3023
727 14104 727 2983
767 14439 767 2975
659 13867 650 3006
729 14143 720 2984
725 14148 724 2984
706 13926 706 2994
667 13744 666 3001
688 14352 687 2991
643 13739 643 3009
698 14420 698 2987
640 14015 639 3011
727 14104 727 2983
663 14082 663 3000
650 13911 649 3007
710 14260 707 2984
727 14331 726 2979
656 13869 650 3006
686 14805 685 2991
661 13672 661 3006
667 13723 663 3003
645 13736 640 3010
629 14021 621 3023
709 13967 709 2992
686 14805 685 2991
726 14347 726 2979
811 15239 811 2971
620 13991 620 3025
813 15216 811 2971
811 14658 789 2973
670 13705 665 3002
640 13932 640 3011
669 14022 669 2998
686 14217 685 2993
667 13799 666 3000
665 13771 665 3002
659 13867 650 3006
730 14265 727 2981
666 13757 666 3001
768 14558 768 2974
667 13992 666 2999
650 13911 649 3007
656 13869 650 3006
637 13914 637 3015
692 14306 687 2992
685 14445 685 2992
685 14227 685 2993
687 13817 686 2997
650 13896 650 3006
626 13980 620 3025
641 13940 639 3011
709 13967 709 2992
652 13885 650 3006
650 13896 650 3006
706 13926 706 2994
648 13609 643 3010
704 14303 704 2986
671 14007 669 2998
647 13680 643 3009
613 14558 610 3029
687 13817 686 2997
718 14170 704 2987
643 13631 643 3010
649 13925 649 3007
624 13839 623 3023
664 13758 663 3003
705 14292 704 2986
661 13707 661 3005
624 14652 621 3023
718 14242 707 2985
720 14229 707 2985
663 14082 663 3000
644 13591 643 3014
664 13651 663 3007
648 13653 646 3008
685 13883 685 2995
707 13918 706 2994
742 14431 742 2978
676 13772 676 2999
707 14321 707 2984
708 14309 707 2984
728 14303 727 2981
662 13698 661 3005
645 13736 640 3010
686 14217 685 2993
664 13651 663 3007
659 13867 650 3006
652 13885 650 3006
627 13721 627 3017
629 14021 621 3023
633 13900 626 3016
687 13817 686 2997
639 13808 637 3016
666 13686 665 3003
623 13983 620 3025
649 13925 649 3007
747 14602 747 2975
729 14055 707 2986
646 13682 646 3008
661 13707 661 3005
661 13672 661 3006
623 13983 620 3025
720 14295 720 2982
646 13682 646 3008
686 13846 686 2997
670 13705 665 3002
707 13918 706 2994
667 13670 666 3005
647 13663 646 3008
688 14093 688 2992
640 13932 640 3011
654 13715 654 3006
687 13872 685 2995
698 13938 688 2993
640 13932 640 3011
676 14087 676 2995
647 13663 646 3008
729 14143 720 2984
648 13586 643 3014
667 13744 666 3001
640 13604 639 3013
637 13878 637 3016
667 13723 663 3003
666 13686 665 3003
644 13683 643 3009
685 13883 685 2995
654 13785 654 3003
698 13938 688 2993
637 13898 626 3016
624 13839 623 3023
648 13653 646 3008
654 14005 654 3002
676 13784 676 2998
644 13683 643 3009
707 14056 707 2986
769 14601 747 2975
688 13968 688 2993
637 13898 626 3016
666 14002 666 2999
647 13663 646 3008
