38 1.23889
814 19845 780 3218
861 19021 782 3194
1015 25245 676 3120
930 22559 722 3092
841 19665 773 3152
749 18148 696 3162
861 19021 782 3194
828 18823 702 3169
830 19515 715 3180
830 18937 749 3203
827 20114 710 3163
799 19703 721 3180
809 19569 732 3209
855 20120 734 3185
806 19181 715 3193
879 20066 725 3199
845 19079 784 3179
832 21653 697 3101
813 19843 752 3193
813 19214 702 3156
840 19074 709 3148
853 19710 721 3187
861 19651 766 3183
786 18665 736 3178
833 20234 737 3189
787 19679 731 3179
812 19287 759 3194
811 19824 756 3212
877 19844 726 3173
832 20263 717 3218
811 19383 757 3199
839 19246 701 3189
821 19272 728 3186
833 19710 759 3198
845 19486 717 3165
823 19165 735 3182
844 18774 718 3188
792 18873 716 3186
828 18823 702 3169
808 19523 714 3202
832 19080 737 3167
821 19346 757 3163
828 19780 765 3210
848 19485 804 3182
803 19168 750 3187
851 19615 739 3189
816 19228 736 3169
813 19214 702 3156
819 20180 765 3191
824 18985 743 3194
849 20171 746 3183
824 19465 705 3161
842 19624 716 3186
807 18842 747 3204
857 19388 714 3196
836 19049 796 3216
835 19825 739 3190
836 19954 706 3184
836 19954 706 3184
818 19592 759 3176
827 19118 783 3180
806 19181 715 3193
792 19058 737 3207
784 18947 742 3141
854 19762 713 3150
801 19023 750 3173
875 19909 707 3194
854 19762 713 3150
817 18536 720 3166
826 19627 755 3181
843 19370 719 3201
851 19160 704 3180
776 19041 709 3167
823 19331 776 3185
817 18978 706 3159
790 18740 752 3154
786 18665 736 3178
844 19409 783 3198
814 19612 729 3170
862 19549 686 3179
784 18947 742 3141
846 19729 780 3198
880 19561 737 3165
785 19309 726 3169
747 19018 747 3153
859 19645 768 3161
848 18441 747 3205
843 19357 763 3141
798 18766 739 3169
883 20488 765 3125
836 19049 796 3216
775 18863 719 3179
856 19925 748 3185
749 18148 696 3162
824 19465 705 3161
811 18953 737 3200
824 18985 743 3194
830 18937 749 3203
811 19491 751 3176
811 18953 737 3200
831 20524 711 3168
837 19689 792 3208
834 19315 728 3172
771 18419 703 3179
830 19515 715 3180
761 18804 714 3190
814 19454 767 3215
803 18552 739 3197
844 19409 783 3198
849 19551 748 3187
782 19463 743 3128
833 19836 806 3172
821 19680 772 3171
839 19419 750 3169
787 19285 773 3168
819 19566 771 3196
855 19710 767 3168
816 19324 759 3207
796 19163 711 3192
820 19275 713 3164
834 19775 776 3143
782 18928 736 3188
823 19559 668 3174
859 19714 859 3183
821 19448 714 3201
835 19665 726 3120
874 19493 778 3156
832 19740 742 3178
827 19124 729 3200
862 20015 772 3186
853 19834 823 3194
834 19634 727 3166
771 18419 703 3179
844 18749 791 3209
814 19845 780 3218
788 19152 762 3177
806 19181 715 3193
860 19377 735 3181
854 20243 708 3181
851 19523 764 3193
883 19750 776 3173
836 19353 748 3178
840 19834 760 3215
841 18938 696 3180
832 19702 741 3177
852 19787 758 3159
838 19259 703 3165
853 19633 738 3176
828 19858 760 3192
823 19331 776 3185
867 19659 692 3183
884 19710 762 3173
828 19858 760 3192
855 20120 734 3185
844 19806 727 3167
830 19394 771 3184
860 19377 735 3181
816 19228 736 3169
820 19266 722 3189
831 19888 714 3198
862 19327 738 3160
864 20078 794 3181
844 19243 804 3197
840 19731 772 3187
823 19559 668 3174
851 19230 738 3210
846 19729 780 3198
819 19055 775 3197
789 19560 756 3171
841 19026 697 3176
777 18964 711 3158
741 17309 740 3180
801 19023 750 3173
856 19030 722 3175
782 19463 743 3128
847 19415 713 3143
854 20243 708 3181
806 19181 715 3193
812 18679 709 3181
819 19281 692 3168
790 18740 752 3154
832 19539 737 3225
808 18959 708 3164
840 19874 773 3191
861 20179 701 3166
816 19324 759 3207
795 19312 701 3176
806 19956 739 3198
785 19309 726 3169
805 19455 741 3127
857 19388 714 3196
872 19100 701 3193
799 19703 721 3180
834 19634 727 3166
793 18798 709 3194
815 19796 755 3199
786 19561 741 3156
861 20179 701 3166
927 21597 710 3170
862 19327 738 3160
830 18937 749 3203
836 19049 796 3216
811 18953 737 3200
803 18552 739 3197
855 19469 704 3190
870 19894 799 3196
818 19103 701 3184
804 18099 693 3166
807 19263 715 3186
870 19894 799 3196
844 18774 718 3188
777 19121 728 3138
834 19250 723 3205
939 22751 688 3194
844 18749 791 3209
819 19281 692 3168
858 19494 707 3202
820 19275 713 3164
817 18536 720 3166
832 19702 741 3177
876 19698 723 3202
862 19721 739 3183
793 18798 709 3194
810 18829 734 3161
851 19615 739 3189
852 19553 739 3183
841 19026 697 3176
840 19074 709 3148
865 20022 721 3158
818 19592 759 3176
786 19561 741 3156
845 19486 717 3165
884 19710 762 3173
853 19633 738 3176
796 19163 711 3192
787 19285 773 3168
830 19944 762 3208
812 19287 759 3194
834 19775 776 3143
819 19566 771 3196
803 18902 741 3178
807 19084 736 3187
860 19377 735 3181
838 19259 703 3165
896 19626 724 3183
830 18937 749 3203
832 20263 717 3218
811 19383 757 3199
896 19626 724 3183
817 18536 720 3166
813 19320 747 3165
829 19574 744 3189
880 19561 737 3165
841 18938 696 3180
811 19824 756 3212
843 19357 763 3141
741 17309 740 3180
793 19250 770 3156
874 19493 778 3156
823 20017 747 3171
806 19380 712 3181
824 19771 753 3118
787 19284 742 3184
831 20524 711 3168
853 19710 721 3187
792 19058 737 3207
810 18829 734 3161
812 18679 709 3181
825 19861 755 3175
845 19832 705 3185
843 19311 728 3180
871 19615 819 3194
845 19428 753 3205
877 19844 726 3173
818 19330 735 3187
811 19774 778 3163
798 18766 739 3169
793 19250 770 3156
811 19491 751 3176
856 19030 722 3175
851 19267 789 3190
826 19607 759 3196
855 19397 758 3183
826 19991 763 3226
862 19549 686 3179
814 19612 729 3170
804 18890 770 3199
826 19991 763 3226
867 19716 744 3161
777 19121 728 3138
832 19380 742 3190
855 19853 761 3205
859 19822 719 3191
860 19377 735 3181
872 19100 701 3193
794 18666 742 3175
813 19320 747 3165
805 19455 741 3127
858 19375 715 3162
787 19284 742 3184
