25 1.39996
928 23461 698 2994
859 20211 619 3053
859 20211 619 3053
857 21315 792 2981
834 20369 794 2986
730 17213 664 3007
710 17767 644 3048
880 22394 751 2984
906 23169 708 2992
783 18920 630 3040
870 20247 772 2984
739 17590 711 2992
833 21528 708 2993
885 22132 690 2996
713 17637 634 3032
853 20974 729 2988
834 19831 730 2989
885 22132 690 2996
834 19277 628 3047
813 20936 764 2988
755 18543 645 3027
847 20429 770 2982
869 20544 708 2993
730 18017 646 3020
719 17319 686 3027
846 20747 710 2991
773 18183 657 3018
805 19819 676 3000
764 18200 638 3030
795 19964 693 2999
858 20395 667 3005
729 17812 698 3000
768 19428 683 3005
876 20802 709 2990
724 18177 622 3051
770 18529 661 3016
769 17559 710 3003
722 17414 675 3017
817 19742 730 2990
852 21020 687 2998
817 18621 638 3021
748 19101 631 3023
825 20349 709 2992
795 18290 646 3018
715 17625 649 3021
819 19088 631 3025
767 18760 661 3014
807 18619 661 3011
763 18142 664 3006
811 20125 687 2999
835 20090 710 2992
808 19533 646 3013
823 19276 646 3014
824 20012 661 3008
710 17767 644 3048
819 18904 705 2995
781 19105 698 2995
782 18913 641 3023
878 21392 662 3004
790 19033 676 3005
813 20936 764 2988
785 18152 663 3009
776 19390 660 3015
786 19094 631 3025
741 18533 641 3031
722 17414 675 3017
751 17386 646 3021
713 17637 634 3032
776 19390 660 3015
806 20047 689 2997
808 19533 646 3013
789 18719 688 3003
878 21392 662 3004
741 18533 641 3031
782 19473 629 3050
848 19413 710 2991
715 17625 649 3021
852 21020 687 2998
804 19880 621 3030
763 18142 664 3006
803 18913 676 3003
789 19163 631 3020
815 19084 696 2997
815 19084 696 2997
782 19473 629 3050
819 18904 705 2995
723 18064 688 3010
793 19364 647 3014
823 19968 708 2994
724 18177 622 3051
785 18880 661 3010
805 20083 646 3010
793 19364 647 3014
804 19880 621 3030
795 18290 646 3018
834 19277 628 3047
784 19298 710 2994
803 18913 676 3003
723 18064 688 3010
784 19298 710 2994
748 19101 631 3023
789 19163 631 3020
848 19413 710 2991
819 19088 631 3025
852 21020 687 2998
804 19880 621 3030
776 19390 660 3015
723 18064 688 3010
715 17625 649 3021
949 22607 792 2982
912 23157 762 2987
851 21191 631 3024
747 17947 700 3005
743 18257 658 3060
735 18556 679 3008
896 21658 729 2988
764 18445 639 3050
809 18883 648 3042
866 20595 634 3034
889 21324 751 2988
913 21274 698 2995
830 18986 666 3009
863 20949 640 3026
769 18543 740 2995
837 20695 661 3010
751 18128 686 3014
806 19476 707 2996
870 21516 742 2989
798 19614 771 2992
782 18827 702 3000
857 18858 634 3037
852 21641 646 3022
823 20518 749 2990
801 18954 712 2999
878 20795 687 2999
756 18305 675 3013
760 18384 653 3020
761 18153 698 3003
806 19738 721 2993
856 21032 719 2995
818 20814 770 2991
748 18658 676 3011
811 20867 690 2997
817 19822 683 3004
795 21297 707 2998
780 20058 720 2997
810 19981 676 3001
811 20314 763 2992
851 20945 720 2995
766 18315 667 3006
873 20604 686 3000
861 20958 689 2998
740 18209 684 3010
835 19642 683 3004
760 18384 653 3020
803 18983 729 2994
806 19565 706 2998
798 19481 742 2994
823 20889 677 3000
798 20103 698 2997
738 18381 668 3014
735 18556 679 3008
811 20314 763 2992
757 19621 680 3007
738 18381 668 3014
823 19764 686 3004
896 21658 729 2988
803 18983 729 2994
757 19621 680 3007
823 20889 677 3000
798 20103 698 2997
760 18384 653 3020
927 21569 676 3005
904 22801 676 3002
865 21758 640 3024
848 20080 657 3051
833 20885 754 2990
775 18522 677 3018
770 18913 683 3016
847 21658 658 3040
917 22338 741 2990
795 19163 661 3026
888 22437 661 3013
837 20890 723 2994
787 18570 668 3019
812 19694 699 3004
826 18783 690 3016
819 20202 724 2999
788 19336 752 2995
896 22135 709 2996
791 19358 671 3008
824 19441 709 3006
805 18998 734 3005
818 20448 683 3004
820 19320 711 3005
812 18789 705 3012
860 20566 694 3003
859 20707 698 2998
839 20747 698 3002
797 19985 687 3007
807 19790 730 2993
771 19129 664 3025
845 20864 668 3010
895 22199 709 2997
799 19904 669 3016
901 22296 666 3013
831 19046 668 3015
865 20001 725 2996
903 22280 676 3004
808 19305 683 3012
803 19786 668 3013
843 19420 668 3014
842 20556 729 2993
841 20588 728 2993
842 20622 723 2994
953 22289 656 3036
915 23324 687 3005
878 21309 731 2993
877 21842 641 3048
837 20526 762 3001
797 19328 690 3026
902 23217 687 3006
925 22606 667 3016
797 19898 663 3041
888 21207 711 3000
934 22073 698 2999
831 20123 668 3018
835 19753 749 3004
824 20615 740 2997
859 19902 665 3032
811 20828 683 3011
852 21701 705 3003
854 20769 727 3004
865 20967 668 3013
880 20746 734 2996
824 19930 676 3013
845 19551 680 3008
871 21387 698 3004
815 19400 683 3009
867 22081 677 3008
821 20269 681 3015
818 20747 694 3005
843 20402 689 3007
885 20215 709 3004
859 21575 689 3005
848 19840 668 3017
842 20252 676 3009
884 21766 698 3000
879 20686 688 3004
837 20268 668 3014
967 24632 742 2996
883 20838 749 3004
865 19842 684 3018
850 21015 668 3019
850 20236 685 3022
819 19949 704 3009
925 22710 720 3000
937 21619 723 3001
837 20845 697 3007
955 22142 711 3002
848 21958 747 3000
922 21344 717 3005
846 20129 686 3013
861 20428 676 3011
870 20328 675 3015
829 20533 683 3012
893 21585 706 3004
941 22576 717 3000
918 22257 698 3003
906 22038 683 3009
866 21092 674 3018
901 22637 701 3003
886 20768 720 3004
856 22209 676 3014
831 20529 700 3013
853 20187 683 3015
956 22272 693 3010
926 23103 706 3004
917 23121 683 3009
901 22213 675 3021
889 21363 682 3033
830 20074 721 3012
858 21653 702 3007
860 20418 690 3025
870 21216 712 3010
847 20698 707 3017
935 21368 678 3013
925 23045 683 3016
913 20990 686 3014
863 20844 690 3013
965 23138 687 3015
945 23212 678 3017
902 20848 706 3015
884 21863 710 3008
856 21658 711 3032
832 20946 736 3016
895 22599 702 3008
910 22039 690 3016
941 22149 690 3024
921 22947 704 3038
916 21693 619 3036
894 22661 623 3031
844 20946 729 2992
835 20885 771 2993
792 18962 617 3037
774 18167 619 3052
710 17198 678 3033
697 17744 665 3019
878 21744 665 3006
894 22661 623 3031
785 18437 750 3001
824 19913 747 2994
874 20988 693 2999
835 20885 771 2993
813 21445 727 2996
780 19292 713 2997
916 21693 619 3036
741 18098 632 3046
782 17543 659 3030
843 21420 686 3000
719 17997 653 3051
800 19162 625 3036
770 18533 677 3014
744 17998 652 3045
846 19845 640 3015
710 17198 678 3033
884 20886 631 3023
802 20191 641 3013
851 21263 629 3030
782 19110 734 2999
801 19745 662 3012
854 20087 661 3008
828 20472 730 2995
837 20736 639 3021
859 20849 628 3032
822 19545 705 2996
821 18700 619 3040
727 17613 656 3031
814 19998 672 3003
775 17959 650 3037
744 18810 674 3010
746 18130 638 3029
732 18252 690 3013
859 20849 628 3032
726 18742 668 3016
774 19330 707 3003
810 19314 668 3011
759 18349 712 3006
737 18651 638 3031
837 20736 639 3021
818 19295 668 3010
782 19110 734 2999
784 20311 698 3001
755 18191 701 3018
758 18899 631 3026
749 17752 641 3040
755 18191 701 3018
780 18719 705 3002
830 19062 685 3008
820 19604 674 3006
741 18098 632 3046
760 19277 683 3007
749 17752 641 3040
746 17991 663 3022
810 20476 661 3010
774 18167 619 3052
744 18254 683 3017
829 19979 693 3001
729 18416 646 3033
766 18743 631 3025
796 19597 668 3008
714 17661 660 3025
769 20072 705 3003
877 21302 630 3024
719 17997 653 3051
815 20395 697 2999
744 18599 643 3016
768 19026 663 3013
714 17661 660 3025
747 18417 690 3005
763 18325 653 3023
784 19961 624 3034
775 17959 650 3037
744 17998 652 3045
781 20059 712 3001
731 18182 641 3026
784 19961 624 3034
810 20865 682 3007
747 18417 690 3005
763 18325 653 3023
758 18899 631 3026
795 20425 638 3024
802 20013 728 2996
729 18416 646 3033
810 20865 682 3007
748 18409 629 3031
877 21302 630 3024
737 18651 638 3031
815 20395 697 2999
744 18599 643 3016
802 20022 683 3003
795 20425 638 3024
851 21439 631 3024
774 19330 707 3003
821 18700 619 3040
802 20013 728 2996
769 20072 705 3003
916 21693 619 3036
894 22661 623 3031
859 20849 628 3032
835 20885 771 2993
744 18599 643 3016
741 18098 632 3046
714 17661 660 3025
710 17198 678 3033
989 23512 694 3002
974 23616 631 3023
931 21142 618 3043
838 20171 783 2994
810 20016 622 3048
744 18148 718 3022
724 18790 675 3023
849 21442 730 2994
930 21882 653 3015
866 21078 760 2998
905 22679 695 3001
878 22597 708 2997
894 21067 769 2998
794 20250 622 3038
824 19768 638 3025
769 19139 653 3028
742 18813 653 3029
889 21470 664 3010
834 19402 634 3035
762 20123 662 3021
857 21294 703 3000
779 18544 656 3031
822 20116 631 3031
772 18656 673 3017
743 18261 714 3022
789 18868 716 3014
905 21245 690 3003
860 20932 668 3008
752 18609 675 3022
904 21390 661 3014
792 19565 698 3008
837 21102 680 3006
833 19856 705 3004
819 20589 683 3005
847 21134 716 2997
802 20075 646 3016
842 20754 668 3011
775 18763 635 3031
771 18820 646 3017
805 19605 707 3002
794 20013 665 3013
796 19508 710 3012
792 20428 686 3014
798 20350 697 3006
899 20067 663 3012
812 19496 675 3010
801 19395 683 3009
895 20745 676 3004
848 19445 635 3028
819 19473 716 3004
824 19768 668 3014
797 20140 683 3009
805 19809 662 3015
789 20635 665 3014
807 20021 672 3009
803 20874 683 3006
835 20378 666 3012
807 20021 672 3009
895 20745 676 3004
838 20115 685 3004
1009 23884 665 3013
876 21756 740 2994
860 21148 626 3051
857 21796 741 3000
844 20140 632 3052
746 18898 675 3023
778 19450 638 3037
930 22831 690 3003
892 22949 649 3016
881 22212 727 2999
857 22283 718 3003
928 22706 658 3016
872 21225 740 3000
769 19557 690 3022
781 20351 646 3018
810 19683 727 3003
800 19107 654 3030
889 21717 683 3006
842 20533 708 3007
833 19504 702 3022
919 22197 661 3014
777 19172 673 3028
893 22117 690 3004
816 21021 712 3005
824 21019 677 3012
796 19923 646 3026
882 20443 640 3025
855 21402 673 3009
833 20385 641 3027
851 19822 664 3016
780 19084 662 3023
831 20216 684 3010
864 22041 646 3017
871 20763 686 3005
844 19970 689 3010
839 21364 654 3017
843 21012 690 3009
870 20695 668 3013
858 21940 666 3013
840 20730 671 3012
805 19969 661 3017
806 19532 653 3022
831 21049 668 3013
862 20426 675 3015
858 20132 686 3015
847 20724 675 3015
949 23914 683 3012
909 22083 749 3001
892 20741 640 3046
879 21280 639 3043
839 19589 653 3022
786 19929 641 3042
945 23509 646 3022
931 22437 663 3014
842 21642 717 3007
815 20702 728 3009
874 21235 741 3004
877 21942 641 3035
841 20603 704 3011
888 22427 728 3002
830 19987 653 3027
810 20440 666 3039
856 21241 691 3010
916 21804 651 3028
797 20335 668 3024
852 20445 673 3016
801 19940 682 3031
810 20966 660 3023
901 22073 656 3019
927 21461 683 3014
788 19614 690 3028
800 20391 675 3020
873 22003 661 3019
838 20267 653 3026
887 21726 640 3031
840 21232 698 3013
844 21179 686 3012
890 21792 684 3006
875 21140 667 3018
852 20758 649 3031
840 20281 690 3017
1023 23985 690 3011
978 24790 694 3012
922 22477 641 3041
853 20487 644 3046
851 21204 722 3015
839 20131 679 3025
786 20357 651 3042
974 22862 668 3017
991 24613 664 3014
879 21913 651 3036
839 20803 707 3020
904 22268 690 3013
851 20756 654 3029
828 21151 668 3025
851 21463 699 3016
833 20538 688 3029
922 21654 678 3021
876 20972 682 3021
843 21207 656 3037
921 21894 668 3018
832 21175 660 3024
859 21230 653 3022
843 20496 668 3026
858 21299 690 3014
878 20957 653 3022
877 20245 668 3025
957 21861 684 3021
941 22726 641 3045
872 21984 698 3014
869 21303 715 3024
855 20734 662 3047
837 21481 675 3025
902 21777 690 3017
855 21103 700 3034
925 21903 659 3022
885 20793 677 3031
846 21415 665 3041
880 20986 669 3027
844 21852 677 3024
971 22424 690 3027
925 23452 697 3020
901 21438 679 3028
943 23290 683 3023
1047 25883 706 3027
965 23072 727 2992
937 23832 671 3007
801 20078 618 3046
800 20392 745 2990
800 20392 745 2990
728 17755 648 3108
711 17412 672 3018
697 17593 663 3067
728 17755 648 3108
697 17593 663 3067
898 21567 686 3000
929 23526 735 2992
893 22952 646 3017
756 17799 640 3026
738 19110 626 3049
862 20744 679 3005
839 21024 647 3016
909 19876 618 3046
871 20496 646 3018
965 23072 727 2992
806 20659 705 2994
736 17966 702 3012
828 19296 713 2998
708 17937 631 3025
753 18720 734 3008
816 20128 674 3006
843 19940 725 2996
764 18312 690 3010
742 18169 668 3015
767 18800 714 3000
793 19529 683 3006
821 19253 721 2997
803 19444 622 3024
780 20190 722 2998
796 18630 660 3012
831 19909 678 3010
755 18242 664 3021
828 19386 638 3022
806 19009 624 3047
743 18045 668 3013
809 19427 646 3021
805 20300 694 2997
770 18901 698 3002
762 19238 691 3007
838 19813 681 3002
821 19976 698 3001
745 18870 691 3012
738 19110 626 3049
772 18076 725 3010
893 22952 646 3017
836 20038 634 3019
775 19856 653 3019
785 19112 673 3011
834 19500 662 3008
708 17937 631 3025
809 20627 661 3009
797 19014 649 3015
822 19493 683 3001
767 19469 693 3004
773 19172 679 3011
783 18823 661 3022
776 18776 705 2999
806 19791 705 2997
789 19944 684 3003
794 18303 650 3022
836 20038 634 3019
756 18899 652 3023
795 20369 656 3015
769 19246 653 3020
788 18717 705 3003
819 20315 689 3000
843 19940 725 2996
778 18722 694 3004
795 20369 656 3015
796 18630 660 3012
809 20627 661 3009
756 18899 652 3023
777 19347 663 3019
819 20315 689 3000
798 19331 683 3005
776 18776 705 2999
801 20078 618 3046
789 19944 684 3003
798 19331 683 3005
893 22952 646 3017
728 17755 648 3108
1063 27017 705 2994
979 24542 747 2992
820 19525 622 3047
748 19151 665 3069
731 17616 690 3023
721 17869 696 3044
913 23030 745 2994
948 23190 623 3025
830 19477 622 3064
820 19525 622 3047
726 18442 726 3019
923 22127 717 2995
851 21193 661 3012
907 22813 707 2998
881 20812 717 2996
881 21623 646 3021
905 20886 630 3041
737 17834 678 3021
798 19819 638 3034
816 21095 638 3026
758 19047 674 3028
889 21488 631 3024
860 21721 653 3018
768 19227 692 3015
788 18721 631 3045
792 18350 669 3032
875 21818 624 3039
806 18997 675 3016
784 18636 650 3034
726 18059 675 3020
861 20350 698 2999
813 20115 703 3003
948 23190 623 3025
775 19114 723 3010
830 19477 622 3064
842 20585 705 3002
868 19818 686 3003
913 22663 623 3031
807 19441 669 3014
868 21510 628 3031
883 22064 623 3043
821 20138 688 3010
808 19610 694 3008
835 20772 720 2995
836 20754 705 3001
801 19746 672 3017
838 21360 629 3029
839 21079 668 3011
799 19927 662 3019
840 20735 722 2999
800 20228 724 2998
833 19837 690 3009
783 19486 671 3025
875 21818 624 3039
819 19843 663 3017
784 19513 698 3004
886 21516 625 3028
859 21887 682 3007
811 20247 695 3003
841 20345 683 3005
731 17616 690 3023
859 21384 692 3003
882 20211 683 3007
799 19353 652 3024
861 21288 681 3007
905 21992 671 3008
845 19723 668 3010
863 21041 629 3044
923 22127 717 2995
794 19333 671 3025
722 18496 682 3018
913 22663 623 3031
847 20335 683 3008
722 18496 682 3018
907 21318 628 3028
863 21041 629 3044
844 21577 668 3010
889 21488 631 3024
907 21318 628 3028
863 21041 629 3044
820 19525 622 3047
978 22920 648 3036
932 22997 627 3029
932 22997 627 3029
870 21716 792 2995
802 19300 648 3083
758 18282 712 3029
755 19113 734 3018
894 21483 757 3003
959 22164 689 3004
763 19166 697 3076
777 19214 707 3068
812 19424 653 3058
937 21464 727 2995
879 22150 715 3001
930 22789 700 3004
829 20225 638 3048
845 20814 639 3042
813 20341 718 3006
921 21500 717 2997
789 18652 690 3037
874 21974 690 3011
800 20329 635 3047
898 21097 653 3028
916 19884 653 3042
811 19536 668 3034
905 21865 661 3017
823 18685 710 3029
855 20276 672 3030
802 18881 684 3019
861 21757 665 3012
838 21164 668 3022
795 19576 681 3020
870 21555 672 3015
890 20749 653 3043
783 18846 675 3036
850 20645 668 3018
830 21308 660 3027
784 19707 705 3008
931 21934 649 3025
930 22904 680 3008
809 19421 659 3040
834 19649 705 3017
807 19965 663 3045
794 19225 684 3024
859 19855 674 3012
808 20716 689 3014
810 20137 675 3015
842 20026 661 3038
814 19115 670 3045
931 21828 669 3010
844 20742 702 3007
805 19905 700 3012
826 19656 660 3039
851 21460 648 3040
891 21361 653 3024
842 20104 639 3045
849 21647 668 3012
850 21161 690 3013
830 20248 705 3004
932 22997 627 3029
1035 25323 690 3009
1013 23902 734 3003
887 22411 756 3006
847 20905 646 3091
817 19031 675 3039
773 19425 712 3035
815 19859 673 3051
961 22800 650 3025
846 20654 680 3032
892 23102 653 3024
825 20334 692 3015
930 22929 704 3005
805 19342 690 3020
792 20331 728 3013
867 20707 650 3045
872 21827 668 3025
909 21609 723 3005
793 19986 710 3013
853 20533 720 3010
916 22019 659 3034
892 20370 660 3047
916 22486 713 3004
811 20627 700 3012
909 22713 706 3010
887 21236 675 3012
888 21346 670 3020
894 21869 671 3012
888 21129 671 3036
852 21328 675 3033
1000 22754 749 3007
989 25172 727 3009
929 21491 653 3045
880 21476 669 3048
836 20687 765 3015
818 19755 690 3038
971 23420 661 3028
826 20377 705 3029
856 21710 685 3034
951 23090 664 3041
894 22204 737 3011
937 23290 679 3024
960 22121 720 3012
832 21173 696 3021
852 22252 693 3032
983 23303 675 3018
888 21034 692 3016
866 21364 709 3014
883 20520 675 3046
893 22610 696 3012
998 22459 683 3012
947 23090 687 3014
912 23195 675 3028
883 22127 709 3013
896 21307 686 3024
905 22382 690 3018
903 21256 688 3032
883 22042 707 3016
916 23184 687 3018
914 21544 689 3013
992 25072 675 3033
956 22495 675 3053
923 22609 773 3019
865 19910 693 3100
835 21519 702 3030
890 21166 730 3021
861 20786 692 3083
965 23818 705 3026
862 20474 690 3042
950 23721 712 3022
885 22157 698 3028
938 21344 712 3032
937 22132 748 3025
907 22580 705 3033
