671 24.8753
833 18705 726 3203
764 18299 688 3343
733 17868 543 3417
860 21591 627 3253
778 18367 583 3350
830 18992 767 3248
744 17812 598 3343
824 20955 746 3262
749 17942 648 3294
800 17833 634 3329
761 18491 734 3259
815 18405 612 3269
831 19966 617 3384
793 18842 627 3323
757 18406 550 3435
839 18557 628 3231
849 21459 550 3422
937 22152 800 3228
803 19985 560 3343
796 17528 720 3225
937 22569 734 3229
846 19870 710 3199
790 19631 701 3353
783 17782 648 3247
876 21283 586 3371
842 19032 520 3385
719 18306 570 3294
857 20020 675 3219
919 21479 808 3318
746 18708 556 3267
724 17876 600 3261
782 17192 652 3283
754 17798 653 3240
692 15986 545 3322
857 20725 592 3427
801 19915 580 3347
706 17148 585 3324
755 18039 566 3304
712 16486 609 3235
902 21038 659 3314
833 20133 634 3239
757 16621 574 3283
912 21881 703 3253
761 18237 582 3281
628 15251 577 3342
793 19824 588 3373
842 20560 518 3310
799 19584 651 3260
857 20723 611 3483
774 17461 634 3279
725 17823 639 3264
758 18373 674 3294
738 18843 540 3340
670 15770 592 3244
677 15485 534 3361
893 20552 563 3272
899 21149 566 3343
934 22788 693 3278
864 19864 572 3259
862 19453 585 3342
714 17266 616 3291
890 19869 740 3278
837 20316 683 3233
783 18377 569 3343
821 19349 652 3364
790 16426 582 3257
910 22222 726 3256
847 20878 668 3281
755 18716 557 3316
850 20683 628 3384
851 18896 602 3324
799 19526 662 3252
935 22604 677 3336
812 17586 674 3255
894 20948 734 3216
876 20652 656 3441
889 18445 695 3304
827 19501 599 3283
786 19070 619 3295
884 18609 733 3211
840 17798 672 3242
698 16567 577 3297
829 20274 567 3389
875 21309 649 3276
745 17106 608 3259
798 18135 589 3286
747 18795 609 3262
855 19388 629 3274
719 16824 541 3318
703 15981 598 3221
767 19289 593 3243
866 18927 652 3336
849 19818 650 3237
844 21400 686 3244
809 19380 564 3375
812 20011 783 3258
729 18503 707 3324
752 16564 543 3378
757 16699 540 3344
766 16755 566 3318
748 18598 583 3248
934 21978 555 3376
812 19642 757 3238
724 16828 524 3331
740 18243 619 3264
769 17580 583 3380
879 20844 718 3247
783 19084 592 3330
792 19067 554 3320
827 19127 642 3244
738 17226 627 3230
817 20756 572 3280
851 20724 624 3245
803 18329 524 3346
936 21577 738 3344
695 15922 540 3299
852 18727 620 3339
779 19020 624 3266
753 17910 624 3414
805 19151 644 3220
919 21331 582 3323
714 17888 572 3240
719 17379 557 3376
675 17101 567 3274
938 20938 780 3281
787 18153 681 3288
803 20174 616 3254
744 17983 562 3242
676 16570 594 3242
874 20605 635 3367
844 18926 665 3284
970 20955 777 3263
803 17942 596 3440
743 17914 649 3239
824 19576 668 3259
751 18340 558 3274
954 20220 678 3244
781 19305 624 3304
750 17223 654 3222
776 17973 682 3297
793 18650 664 3314
829 19896 683 3245
761 17910 586 3258
821 18837 650 3291
824 20238 676 3288
712 16421 658 3238
810 19037 626 3225
771 17362 529 3320
869 22378 635 3387
646 16014 546 3354
868 21220 611 3442
890 20722 691 3224
797 19666 634 3275
918 22279 679 3384
881 21673 700 3249
815 18459 570 3434
741 18443 634 3442
750 18573 556 3394
748 17221 629 3273
688 16526 540 3304
830 19232 669 3274
800 19700 660 3241
822 18233 677 3210
865 19818 678 3278
745 16466 531 3343
879 19600 781 3218
791 20565 638 3328
806 19020 598 3303
814 19704 692 3246
865 20517 675 3261
844 20827 650 3236
803 17514 699 3276
831 19704 691 3375
697 16131 547 3319
855 20010 684 3211
778 19176 676 3261
687 16389 537 3322
786 18277 741 3232
702 16591 566 3321
903 20888 676 3204
702 17466 609 3318
785 19607 672 3313
807 19799 666 3260
912 22372 698 3257
908 22047 666 3303
821 20159 686 3255
775 18716 588 3302
896 21290 585 3383
761 17859 561 3252
807 19119 684 3244
792 19755 647 3356
850 21483 676 3208
868 20005 783 3276
793 18074 556 3266
771 17693 602 3243
704 17789 569 3274
735 17067 569 3293
720 16657 551 3288
782 18540 558 3373
738 18294 602 3258
753 18199 572 3376
876 21725 580 3385
875 21327 591 3261
816 20235 719 3253
681 16384 567 3309
872 20274 658 3333
894 21267 626 3218
663 15200 562 3297
784 19099 587 3303
883 21385 634 3307
799 17633 636 3227
831 19579 566 3333
823 18880 714 3294
869 20772 726 3248
952 22611 739 3280
744 18341 674 3279
766 18770 622 3318
693 16603 612 3258
756 18458 726 3236
800 18318 677 3268
917 21814 612 3325
721 17394 596 3281
789 18107 645 3220
727 17519 567 3290
762 17877 595 3363
784 18619 684 3244
900 21369 666 3313
835 20127 693 3245
842 21094 552 3381
671 16826 556 3268
801 18758 610 3298
846 20958 684 3241
839 20014 639 3261
760 17249 613 3319
946 22124 653 3314
658 15046 533 3386
825 18469 575 3307
796 19371 571 3369
852 19380 605 3292
747 17747 702 3237
874 17913 605 3242
903 23233 636 3302
883 21555 613 3411
766 17390 650 3243
721 17530 677 3211
860 20503 620 3317
808 19957 634 3271
770 18276 710 3259
750 18733 619 3345
815 18871 600 3269
696 15842 566 3272
767 17760 610 3289
891 20526 627 3344
664 15447 592 3257
777 18172 624 3232
829 19244 642 3266
728 17185 572 3284
814 20073 592 3378
683 16337 556 3241
769 18666 593 3490
777 18215 591 3287
684 16980 636 3237
866 21227 651 3356
828 19236 742 3257
713 16402 669 3231
856 19536 691 3248
737 18115 529 3373
735 17759 544 3354
708 16469 566 3310
762 17112 536 3395
919 22890 762 3312
754 18135 600 3316
763 17904 598 3286
762 18138 634 3278
716 17722 643 3229
727 18424 545 3266
770 18648 640 3419
733 16901 559 3337
774 17908 670 3361
880 22246 540 3292
753 17735 553 3311
837 20784 735 3281
838 19118 582 3308
785 18202 608 3250
787 17978 693 3201
802 19318 668 3391
702 16654 559 3374
747 16860 599 3249
876 20699 689 3386
831 18603 555 3381
750 18133 668 3232
840 18386 699 3279
863 21237 745 3251
667 15938 534 3381
862 20277 654 3340
731 17773 540 3340
733 17335 552 3315
731 17494 659 3232
869 20297 670 3244
803 20422 750 3232
