20020 900.036
519 10569 508 3325
676 11858 676 3203
542 9991 540 3255
508 10442 508 3327
676 11858 676 3203
659 11390 659 3205
659 11365 659 3206
642 11196 642 3207
630 10967 626 3209
625 11069 625 3209
524 10375 524 3291
519 10477 518 3307
647 11113 643 3208
625 11069 625 3209
609 10863 609 3212
609 10895 609 3211
609 10895 609 3211
540 10377 528 3279
659 11365 659 3206
577 10627 577 3215
659 11365 659 3206
534 10790 517 3322
593 10766 593 3214
593 10766 593 3214
593 10778 593 3213
609 10863 609 3212
572 10363 572 3220
564 10277 561 3230
647 11141 643 3207
558 10069 556 3236
540 10057 529 3269
519 10348 518 3312
572 10298 572 3226
540 10110 539 3261
556 10054 556 3242
558 10047 545 3245
539 10101 529 3264
540 9997 540 3255
533 11370 516 3324
572 10647 572 3218
524 10461 524 3286
529 10207 529 3265
515 10506 508 3326
508 10442 508 3327
518 10349 518 3312
585 10295 572 3226
524 10718 524 3282
593 10766 593 3214
524 10718 524 3282
626 10985 626 3209
519 10569 508 3325
542 9992 540 3251
545 10165 545 3245
529 10826 529 3264
540 10377 528 3279
540 10191 539 3260
564 10111 539 3260
561 10345 561 3230
558 10069 556 3236
519 10477 518 3307
574 10257 561 3230
564 10277 561 3230
540 9997 540 3255
540 9998 540 3251
542 10008 540 3247
579 10611 577 3216
585 10318 572 3225
537 10369 518 3308
572 10428 572 3219
538 10124 529 3264
547 10152 545 3245
626 10957 626 3210
556 10055 556 3238
524 10435 524 3287
524 10375 524 3291
540 10057 529 3269
630 10939 626 3210
647 11141 643 3207
558 10100 556 3232
551 10322 524 3282
540 10110 539 3261
579 10611 577 3216
577 10616 577 3216
533 11370 516 3324
556 10055 556 3238
535 10538 508 3325
534 10145 524 3283
643 11119 643 3208
540 10029 540 3247
593 10766 593 3214
609 10863 609 3212
556 10054 556 3242
540 10576 517 3323
531 10173 529 3264
545 10462 524 3282
630 10967 626 3209
535 10538 508 3325
572 10323 572 3224
572 10336 572 3222
515 10506 508 3326
574 10257 561 3230
642 11171 642 3208
556 10136 556 3232
572 10336 572 3222
539 10680 517 3322
537 10457 508 3326
643 11119 643 3208
529 10826 529 3264
556 10073 556 3234
572 10363 572 3220
547 10152 545 3245
659 11390 659 3205
579 10611 577 3216
564 10111 539 3260
561 10345 561 3230
545 10165 545 3245
558 10047 545 3245
519 10373 518 3308
522 10563 517 3324
556 10073 556 3234
540 10191 539 3260
643 11154 643 3207
643 11154 643 3207
551 10664 517 3322
520 10472 518 3307
579 10622 577 3215
577 10616 577 3216
529 10207 529 3265
539 10680 517 3322
572 10659 572 3217
593 10778 593 3213
593 10778 593 3213
530 10176 529 3264
549 10112 539 3260
626 10957 626 3210
642 11196 642 3207
642 11171 642 3208
534 10145 524 3283
545 10462 524 3282
534 10790 517 3322
524 10435 524 3287
572 10428 572 3219
524 10468 508 3326
540 10576 517 3323
540 10029 540 3247
542 10008 540 3247
540 10110 539 3261
538 10124 529 3264
523 10645 517 3323
572 10659 572 3217
585 10318 572 3225
521 10344 518 3312
524 10461 524 3286
572 10321 572 3225
572 10298 572 3226
541 10479 517 3324
630 10967 626 3209
626 10985 626 3209
630 10939 626 3210
558 10047 545 3245
534 10497 517 3324
522 10563 517 3324
572 10647 572 3218
523 10645 517 3323
524 10468 508 3326
572 10321 572 3225
572 10323 572 3224
551 10664 517 3322
530 10554 517 3324
537 10457 508 3326
541 10132 539 3260
609 10895 609 3211
577 10627 577 3215
630 10967 626 3209
593 10766 593 3214
534 10790 517 3322
593 10766 593 3214
522 10563 517 3324
540 10068 529 3265
579 10611 577 3216
548 10072 545 3245
531 10173 529 3264
530 10176 529 3264
541 10479 517 3324
540 10057 529 3269
520 10472 518 3307
545 10165 545 3245
542 9991 540 3255
549 10112 539 3260
518 10376 518 3308
519 10570 517 3324
539 10079 529 3265
548 10072 545 3245
542 9991 540 3255
630 10939 626 3210
534 10145 524 3283
523 10645 517 3323
643 11154 643 3207
521 10344 518 3312
540 10068 529 3265
540 10057 529 3269
531 10080 529 3265
540 10090 529 3264
530 10095 529 3265
539 10101 529 3264
537 10636 517 3323
537 10636 517 3323
530 10554 517 3324
545 10115 539 3260
534 10497 517 3324
541 10132 539 3260
558 10047 545 3245
524 10435 524 3287
508 10442 508 3327
647 11113 643 3208
519 10570 517 3324
539 10079 529 3265
579 10622 577 3215
545 10462 524 3282
542 9992 540 3251
579 10611 577 3216
540 10090 529 3264
577 10627 577 3215
537 10369 518 3308
556 10136 556 3232
561 10345 561 3230
545 10115 539 3260
519 10348 518 3312
585 10318 572 3225
585 10295 572 3226
558 10069 556 3236
537 10470 518 3307
537 10470 518 3307
561 10345 561 3230
540 9998 540 3251
540 10068 529 3265
540 10110 539 3261
518 10376 518 3308
551 10322 524 3282
548 10072 545 3245
524 10375 524 3291
519 10348 518 3312
518 10349 518 3312
521 10344 518 3312
531 10080 529 3265
558 10100 556 3232
539 10079 529 3265
539 10101 529 3264
572 10336 572 3222
558 10047 545 3245
545 10165 545 3245
535 10538 508 3325
542 9991 540 3255
542 9991 540 3255
676 11858 676 3203
572 10428 572 3219
540 10029 540 3247
630 10939 626 3210
540 9998 540 3251
534 10145 524 3283
522 10563 517 3324
547 10152 545 3245
647 11141 643 3207
545 10115 539 3260
524 10718 524 3282
585 10318 572 3225
530 10176 529 3264
524 10375 524 3291
545 10165 545 3245
540 10377 528 3279
609 10895 609 3211
593 10778 593 3213
564 10277 561 3230
659 11390 659 3205
676 11858 676 3203
537 10457 508 3326
647 11141 643 3207
642 11196 642 3207
540 10090 529 3264
577 10627 577 3215
556 10073 556 3234
630 10967 626 3209
558 10100 556 3232
530 10176 529 3264
593 10778 593 3213
572 10336 572 3222
534 10790 517 3322
593 10766 593 3214
659 11365 659 3206
643 11154 643 3207
538 10124 529 3264
572 10428 572 3219
609 10863 609 3212
564 10277 561 3230
520 10472 518 3307
561 10345 561 3230
647 11113 643 3208
547 10152 545 3245
542 9991 540 3255
564 10111 539 3260
