16289 465.183
791 18700 601 3394
937 21186 566 3324
804 19632 595 3250
792 18108 542 3341
826 19604 548 3324
878 18644 761 3261
804 19284 682 3318
703 17339 598 3235
834 20781 610 3249
749 18015 669 3242
943 22761 588 3361
916 21001 743 3218
723 16521 643 3216
755 17142 627 3222
741 17736 561 3235
765 17774 565 3384
706 16590 540 3282
704 16736 532 3342
752 18399 592 3296
716 16434 675 3203
846 19862 596 3262
987 22692 540 3304
777 18797 537 3360
872 19494 711 3207
838 19444 607 3378
721 17030 645 3209
812 17278 715 3222
803 19021 664 3291
925 19106 767 3235
872 18663 685 3259
802 19393 527 3335
800 18785 534 3350
672 16735 602 3309
670 15331 550 3320
673 16037 560 3341
854 18896 675 3270
716 18187 642 3238
700 16264 578 3331
782 18973 529 3293
853 20625 654 3283
742 17368 582 3236
786 19905 572 3237
729 17445 678 3259
846 19515 611 3220
857 19547 677 3254
716 16693 529 3276
757 18001 552 3280
657 15744 608 3250
652 15299 556 3323
694 17349 563 3367
681 16237 518 3333
743 17575 576 3322
729 17965 549 3333
666 15032 521 3343
784 17715 668 3235
782 17228 660 3205
693 15137 596 3276
707 17314 531 3375
872 20581 619 3312
752 17843 528 3331
745 17266 560 3363
785 18230 624 3259
710 15614 545 3250
782 17628 652 3231
672 16203 533 3337
848 20957 630 3389
776 18134 569 3358
743 16449 624 3222
771 16586 524 3386
880 22224 655 3414
714 16203 540 3261
783 18864 586 3363
687 15471 556 3279
813 18257 557 3369
759 17620 556 3260
655 15068 570 3363
719 17419 616 3402
769 16354 601 3247
796 17744 555 3333
706 16635 572 3253
790 18260 540 3327
877 21668 599 3296
819 17818 522 3385
711 17713 556 3249
753 18432 647 3262
691 16311 603 3273
742 15790 659 3213
778 17205 585 3276
782 19463 678 3236
775 17028 692 3209
790 17422 514 3350
721 17048 572 3301
687 15723 544 3321
788 18101 641 3254
705 16696 555 3321
724 16986 540 3315
723 16824 608 3275
769 18068 557 3338
668 16799 571 3347
863 21481 533 3364
802 17629 665 3225
679 16263 610 3215
780 16850 572 3236
774 17357 661 3371
822 19714 534 3313
832 20369 524 3348
715 17072 645 3231
767 18457 615 3244
735 17600 569 3383
705 17722 606 3302
692 17073 592 3254
756 18678 557 3378
778 18952 566 3263
829 18027 599 3226
792 19752 602 3274
851 18967 528 3394
757 17060 597 3224
676 16187 533 3314
763 18010 598 3377
710 17036 618 3313
815 19289 579 3274
835 19004 720 3219
662 15652 533 3354
847 19539 649 3321
807 18631 624 3214
818 17420 660 3256
717 17051 550 3292
647 15513 524 3357
690 15493 612 3224
998 24550 609 3419
664 14921 546 3285
811 19040 626 3234
881 19643 524 3327
723 17713 583 3383
686 15984 533 3363
781 19269 747 3288
697 16961 550 3324
768 18028 564 3393
689 15584 626 3209
774 16956 681 3215
844 20639 559 3362
657 16276 557 3369
786 18433 627 3214
691 15504 609 3211
761 17711 549 3331
704 16612 545 3387
705 15858 529 3301
815 18893 605 3426
674 15973 604 3228
699 17183 556 3336
706 16782 618 3265
919 20599 702 3230
884 21754 542 3280
735 17527 636 3306
826 19523 648 3246
838 19141 716 3370
764 18254 664 3277
816 18906 544 3340
721 17127 560 3370
751 18205 529 3312
776 17845 582 3241
773 18036 582 3245
823 19863 659 3265
714 17452 545 3295
718 17422 589 3334
720 17179 550 3258
816 20321 619 3265
875 20747 531 3392
670 15664 529 3273
757 18757 531 3340
827 19039 544 3411
744 16825 524 3325
816 20715 736 3243
754 18044 611 3228
788 18132 592 3315
770 18914 619 3390
770 18206 599 3320
743 18423 586 3343
771 18835 694 3268
760 18484 593 3306
768 17969 558 3399
787 18724 564 3337
906 20979 529 3292
813 19730 578 3337
760 17255 676 3203
740 16842 542 3334
919 20495 749 3283
776 18868 556 3276
750 17134 618 3405
758 17460 524 3300
838 19982 540 3304
749 17945 517 3345
749 17845 572 3271
842 20020 733 3279
672 16436 582 3235
875 21157 595 3295
871 21273 550 3355
834 19042 608 3375
779 19470 518 3323
811 19110 599 3250
739 18003 588 3289
882 21123 624 3254
762 17449 632 3284
685 14760 527 3327
708 15979 545 3253
627 14134 555 3327
634 15063 529 3286
684 16207 524 3307
797 19310 581 3373
818 19048 631 3255
767 17721 693 3228
768 18914 675 3280
748 17988 588 3415
701 15869 559 3313
725 17694 537 3322
803 19707 633 3255
749 17038 567 3304
649 15898 544 3312
674 14800 559 3366
824 20957 558 3323
667 15696 546 3341
665 16857 524 3298
718 15817 540 3271
821 18875 539 3379
679 16422 540 3293
756 18297 609 3243
855 19455 579 3371
714 15722 529 3316
694 16724 517 3331
819 20240 519 3344
684 17065 529 3265
667 16887 559 3401
731 18023 572 3364
855 19249 709 3215
741 17922 508 3340
807 19474 695 3214
880 20927 610 3401
915 19321 688 3230
885 18877 732 3245
717 17425 551 3302
688 16707 578 3236
727 17896 584 3258
880 20670 645 3320
719 18091 609 3309
702 17050 518 3352
664 15775 540 3299
898 19121 756 3237
771 17496 717 3298
740 17810 534 3336
671 15122 533 3332
662 15406 508 3345
733 18378 555 3378
735 17020 611 3231
997 25003 584 3371
822 17765 735 3234
845 20250 685 3276
792 19376 638 3400
748 18194 561 3351
710 17460 587 3275
661 15105 572 3217
859 19377 630 3432
723 16060 630 3217
903 18988 700 3241
704 16948 586 3288
830 19843 556 3271
833 20516 544 3388
778 18699 646 3242
857 17365 533 3383
762 16354 631 3279
616 15156 572 3236
779 17364 544 3313
827 20110 679 3245
695 15657 517 3348
832 19283 586 3365
805 17170 598 3262
678 15318 572 3245
681 16163 660 3218
853 20047 589 3305
785 18355 538 3329
965 22648 602 3370
769 17758 527 3316
858 19361 572 3341
861 21372 602 3259
860 20133 576 3269
670 15882 561 3305
871 20584 620 3270
660 15417 524 3334
831 19791 570 3386
715 16684 600 3320
790 18327 540 3299
947 22595 851 3342
858 18730 649 3321
866 20188 641 3245
695 15892 534 3372
800 17995 544 3301
939 21800 769 3228
875 20157 589 3372
776 17650 644 3224
822 18931 561 3346
810 19783 710 3238
