4 0.167759
775 18942 650 3352
723 17136 634 3377
718 17755 602 3418
742 16483 660 3424
750 17325 613 3385
714 17876 655 3396
844 19902 735 3321
848 20342 600 3406
711 17510 695 3453
766 18682 630 3378
804 18497 695 3370
749 19233 744 3357
742 17422 618 3409
807 19430 624 3384
838 19626 744 3345
799 18908 678 3370
851 18480 708 3372
700 16712 632 3476
758 18329 751 3341
971 21635 614 3356
781 18939 685 3376
895 22095 608 3403
744 17807 662 3384
775 18341 603 3447
779 17717 632 3400
733 17963 649 3415
754 18603 617 3430
781 17486 668 3443
726 18304 668 3453
781 18489 632 3389
825 19085 647 3377
739 18037 642 3437
832 19566 695 3362
803 18194 616 3434
786 17889 653 3384
774 18318 628 3420
852 19349 618 3403
807 19654 673 3376
790 19284 651 3382
765 18360 649 3398
786 19428 627 3407
761 18175 659 3388
760 17521 704 3468
854 20698 610 3417
833 19330 708 3367
790 19310 642 3388
800 20171 703 3376
795 20004 629 3405
774 19691 616 3442
743 18664 711 3409
837 19328 699 3376
757 17175 723 3421
813 17655 662 3486
717 18594 680 3487
872 20790 677 3369
871 21034 600 3451
764 18118 670 3398
886 20460 618 3403
761 17853 664 3420
786 18878 653 3389
901 20629 697 3364
818 18327 616 3443
793 19437 620 3437
850 20978 694 3339
900 21765 663 3414
856 20820 746 3389
907 21981 716 3461
884 21468 644 3404
847 20670 738 3478
769 19620 635 3411
798 19531 677 3457
924 21827 693 3417
888 21995 715 3444
849 20858 675 3385
944 23410 687 3430
807 20389 679 3473
981 23902 676 3473
849 21050 733 3400
839 20171 615 3374
959 23551 755 3463
815 18703 768 3400
952 23387 629 3464
788 18554 682 3397
881 22497 679 3426
817 20427 689 3360
826 19579 721 3437
908 20661 644 3468
763 18822 686 3422
809 19561 713 3411
779 17973 709 3346
831 20118 706 3387
817 20070 693 3458
806 18509 692 3402
969 21949 722 3447
898 21404 696 3409
852 20779 722 3469
871 20285 716 3466
942 23243 785 3483
913 22330 820 3435
875 20411 810 3472
812 20154 645 3436
781 18981 619 3402
840 20862 679 3414
806 20631 737 3435
874 21814 646 3450
870 20472 690 3355
905 22571 722 3420
906 21835 786 3445
923 22912 682 3448
845 21066 767 3378
910 22366 770 3451
860 21644 733 3398
1029 25193 761 3431
999 25164 754 3434
826 19994 666 3410
835 19795 687 3375
870 21503 741 3470
748 18535 687 3356
924 22189 678 3471
872 20832 713 3501
824 19692 680 3474
831 20214 743 3417
904 22430 760 3396
805 20194 700 3424
945 22658 704 3417
767 18212 652 3434
952 23135 694 3463
839 20853 673 3415
832 20558 721 3463
792 18980 625 3398
757 18120 701 3468
756 18407 700 3446
792 19709 682 3412
871 21155 683 3430
925 22687 701 3416
885 21478 725 3510
811 20404 704 3427
852 21278 667 3389
846 21964 713 3380
843 21511 720 3426
978 23112 734 3410
784 19447 665 3399
856 20448 756 3437
879 20532 718 3415
865 20904 742 3467
839 20324 714 3419
804 19552 676 3394
876 20473 646 3425
787 18928 718 3430
926 22243 684 3422
968 24469 736 3373
972 23065 682 3475
916 22441 745 3381
799 18978 643 3390
857 21009 684 3438
883 22759 707 3478
832 19646 651 3428
784 18549 626 3438
946 21854 650 3425
847 20144 617 3388
806 19893 645 3410
1009 25444 672 3441
846 21241 654 3442
866 21491 669 3397
873 21474 695 3424
874 21722 742 3434
840 20585 644 3388
796 19849 690 3383
893 20582 736 3445
898 21508 663 3377
974 24696 735 3358
775 19846 728 3367
896 22304 800 3456
873 22193 716 3377
812 19826 695 3423
807 18837 724 3416
853 19607 729 3385
804 20208 632 3445
906 20889 693 3471
949 23638 749 3414
874 20797 697 3402
877 20927 657 3360
848 19120 656 3425
868 19834 647 3393
812 21128 591 3402
823 20168 697 3384
766 18972 687 3425
919 23546 713 3439
877 21214 806 3425
878 21279 740 3432
770 18455 694 3376
1060 24600 673 3470
844 19124 661 3380
838 21165 698 3413
798 19849 675 3411
865 21087 706 3370
869 21817 768 3515
820 20165 659 3412
839 20441 678 3433
882 21669 773 3345
853 21271 707 3405
895 21966 630 3406
871 20658 687 3361
1079 24519 672 3398
959 24702 721 3460
871 20352 768 3396
922 23116 696 3456
780 18278 694 3436
843 20351 781 3470
949 23724 805 3412
816 19678 699 3380
922 23112 722 3422
851 20781 701 3490
785 19493 653 3364
861 20816 680 3434
982 22188 615 3430
884 20632 692 3400
784 19597 660 3396
867 21538 752 3373
812 20223 693 3382
876 21092 798 3458
722 18864 695 3359
775 19462 669 3418
828 19860 678 3350
712 18431 683 3417
860 21345 684 3415
821 19596 691 3402
855 20179 755 3468
786 19279 670 3351
861 20526 738 3474
909 22004 734 3480
803 19613 584 3374
770 19118 687 3413
842 21382 658 3392
825 20101 650 3399
821 19740 666 3426
793 19582 646 3424
881 20015 642 3446
816 19768 716 3422
815 20214 698 3340
886 22180 699 3425
870 22192 735 3473
839 20100 642 3403
870 20451 714 3427
836 19790 656 3436
808 19797 668 3399
861 21615 700 3402
859 20763 694 3361
814 19327 706 3445
852 21468 680 3414
838 20273 803 3408
863 20720 689 3443
728 17598 728 3398
814 19943 620 3364
894 23056 743 3428
878 21587 732 3422
842 19335 652 3399
867 19738 594 3402
809 19277 650 3333
889 20964 710 3422
901 22641 722 3429
847 21161 732 3420
906 23622 682 3359
879 21168 711 3462
937 21766 638 3434
922 22834 694 3450
945 22228 675 3428
912 22690 691 3430
770 19173 693 3360
948 23152 737 3408
779 19205 638 3416
1026 24067 717 3538
932 23240 693 3421
884 21188 746 3472
837 21118 688 3391
886 20735 654 3377
726 17483 679 3384
919 20770 667 3436
861 22218 680 3442
881 21864 630 3407
946 21955 679 3409
855 20519 678 3408
802 19678 700 3350
822 19264 697 3414
866 21030 775 3435
831 21171 645 3407
696 16813 648 3398
809 20145 689 3467
774 20014 685 3422
948 21430 718 3446
764 18501 686 3399
935 23996 665 3425
770 18665 763 3428
771 18755 624 3397
791 19743 677 3415
855 18761 715 3452
834 20138 709 3406
801 18871 624 3414
818 20658 662 3401
800 20015 665 3435
