199 0.787192
682 16416 641 3333
682 16416 641 3333
801 18806 570 3429
801 18806 570 3429
731 16214 602 3398
687 17297 627 3350
682 16416 641 3333
682 16416 641 3333
763 17370 572 3380
690 17237 605 3381
695 17557 614 3337
763 17370 572 3380
731 16214 602 3398
731 16214 602 3398
731 16214 602 3398
731 16214 602 3398
731 16214 602 3398
695 17557 614 3337
695 17557 614 3337
690 17237 605 3381
695 17557 614 3337
682 16416 641 3333
695 17557 614 3337
801 18806 570 3429
695 17557 614 3337
695 17557 614 3337
690 17237 605 3381
690 17237 605 3381
763 17370 572 3380
695 17557 614 3337
801 18806 570 3429
695 17557 614 3337
695 17557 614 3337
763 17370 572 3380
731 16214 602 3398
731 16214 602 3398
763 17370 572 3380
690 17237 605 3381
801 18806 570 3429
695 17557 614 3337
682 16416 641 3333
695 17557 614 3337
690 17237 605 3381
695 17557 614 3337
690 17237 605 3381
695 17557 614 3337
695 17557 614 3337
690 17237 605 3381
695 17557 614 3337
731 16214 602 3398
695 17557 614 3337
687 17297 627 3350
731 16214 602 3398
731 16214 602 3398
695 17557 614 3337
801 18806 570 3429
695 17557 614 3337
695 17557 614 3337
695 17557 614 3337
690 17237 605 3381
695 17557 614 3337
690 17237 605 3381
695 17557 614 3337
695 17557 614 3337
763 17370 572 3380
731 16214 602 3398
763 17370 572 3380
690 17237 605 3381
801 18806 570 3429
731 16214 602 3398
801 18806 570 3429
690 17237 605 3381
731 16214 602 3398
695 17557 614 3337
801 18806 570 3429
695 17557 614 3337
695 17557 614 3337
695 17557 614 3337
801 18806 570 3429
682 16416 641 3333
763 17370 572 3380
690 17237 605 3381
801 18806 570 3429
695 17557 614 3337
695 17557 614 3337
763 17370 572 3380
690 17237 605 3381
695 17557 614 3337
763 17370 572 3380
695 17557 614 3337
763 17370 572 3380
731 16214 602 3398
731 16214 602 3398
695 17557 614 3337
695 17557 614 3337
695 17557 614 3337
694 16449 578 3340
721 17069 586 3409
690 17237 605 3381
811 18902 582 3375
690 17237 605 3381
695 16772 618 3403
695 16772 618 3403
690 17237 605 3381
748 17507 590 3345
738 18071 598 3364
731 16214 602 3398
682 16416 641 3333
695 17557 614 3337
695 16772 618 3403
722 17466 616 3358
731 16214 602 3398
690 17237 605 3381
811 18902 582 3375
682 16416 641 3333
695 17557 614 3337
748 16919 607 3367
695 17557 614 3337
695 17557 614 3337
811 18902 582 3375
763 17370 572 3380
695 16772 618 3403
690 17237 605 3381
731 16214 602 3398
752 17807 582 3376
748 16919 607 3367
752 17807 582 3376
695 17557 614 3337
722 17466 616 3358
748 16919 607 3367
722 17466 616 3358
690 17237 605 3381
750 18027 582 3390
801 18806 570 3429
695 16772 618 3403
744 17207 604 3379
748 16919 607 3367
690 17237 605 3381
752 17807 582 3376
744 17207 604 3379
731 16214 602 3398
763 17370 572 3380
750 18027 582 3390
748 16919 607 3367
811 18902 582 3375
801 18806 570 3429
687 17297 627 3350
709 17594 613 3347
745 17269 634 3376
744 17207 604 3379
695 16772 618 3403
744 17207 604 3379
748 16919 607 3367
748 16919 607 3367
748 16919 607 3367
695 16772 618 3403
745 17269 634 3376
695 16772 618 3403
695 16772 618 3403
748 16919 607 3367
695 16772 618 3403
748 16919 607 3367
811 18902 582 3375
695 16772 618 3403
744 17207 604 3379
722 17466 616 3358
748 16919 607 3367
744 17207 604 3379
744 17207 604 3379
722 17466 616 3358
811 18902 582 3375
748 16919 607 3367
695 16772 618 3403
745 17269 634 3376
748 16919 607 3367
695 16772 618 3403
744 17207 604 3379
695 16772 618 3403
695 16772 618 3403
695 16772 618 3403
748 16919 607 3367
811 18902 582 3375
744 17207 604 3379
695 16772 618 3403
811 18902 582 3375
752 17807 582 3376
744 17207 604 3379
695 16772 618 3403
748 16919 607 3367
752 17807 582 3376
695 16772 618 3403
695 16772 618 3403
695 16772 618 3403
748 16919 607 3367
811 18902 582 3375
695 16772 618 3403
748 16919 607 3367
811 18902 582 3375
695 16772 618 3403
695 16772 618 3403
811 18902 582 3375
744 17207 604 3379
748 16919 607 3367
695 16772 618 3403
748 16919 607 3367
811 18902 582 3375
695 16772 618 3403
811 18902 582 3375
695 16772 618 3403
695 16772 618 3403
744 17207 604 3379
744 17207 604 3379
748 16919 607 3367
745 17269 634 3376
682 16416 641 3333
695 17557 614 3337
690 17237 605 3381
695 17557 614 3337
695 17557 614 3337
763 17370 572 3380
731 16214 602 3398
731 16214 602 3398
695 17557 614 3337
801 18806 570 3429
695 17557 614 3337
695 17557 614 3337
763 17370 572 3380
801 18806 570 3429
695 17557 614 3337
695 17557 614 3337
763 17370 572 3380
690 17237 605 3381
763 17370 572 3380
695 17557 614 3337
695 17557 614 3337
694 16449 578 3340
695 17557 614 3337
763 17370 572 3380
731 16214 602 3398
731 16214 602 3398
690 17237 605 3381
695 17557 614 3337
695 17557 614 3337
801 18806 570 3429
690 17237 605 3381
695 17557 614 3337
695 17557 614 3337
690 17237 605 3381
763 17370 572 3380
731 16214 602 3398
763 17370 572 3380
690 17237 605 3381
682 16416 641 3333
695 17557 614 3337
695 17557 614 3337
695 17557 614 3337
731 16214 602 3398
731 16214 602 3398
748 16919 607 3367
744 17207 604 3379
731 16214 602 3398
763 17370 572 3380
750 18027 582 3390
748 16919 607 3367
811 18902 582 3375
801 18806 570 3429
709 17594 613 3347
745 17269 634 3376
748 16919 607 3367
752 17807 582 3376
748 16919 607 3367
695 16772 618 3403
695 16772 618 3403
695 16772 618 3403
695 16772 618 3403
744 17207 604 3379
744 17207 604 3379
744 17207 604 3379
722 17466 616 3358
811 18902 582 3375
695 17557 614 3337
748 17507 590 3345
731 16214 602 3398
682 16416 641 3333
695 17557 614 3337
722 17466 616 3358
731 16214 602 3398
690 17237 605 3381
682 16416 641 3333
695 17557 614 3337
695 17557 614 3337
695 16772 618 3403
811 18902 582 3375
690 17237 605 3381
748 16919 607 3367
752 17807 582 3376
695 17557 614 3337
722 17466 616 3358
695 16772 618 3403
744 17207 604 3379
