383 9.10171
630 14829 587 3397
642 13798 576 3379
746 17134 534 3385
673 15774 634 3279
645 13893 574 3316
647 14594 607 3373
656 13962 594 3410
646 13945 598 3392
685 14531 584 3337
642 13897 590 3387
708 14765 608 3384
651 13745 580 3381
648 13886 606 3398
638 13397 592 3370
620 14166 573 3380
668 14405 618 3392
709 14807 599 3394
648 14184 587 3342
745 14666 600 3377
621 13874 601 3369
651 14448 606 3388
652 13825 573 3357
718 14406 592 3376
662 14411 592 3409
651 14688 594 3356
648 13713 573 3352
644 13390 576 3385
640 13614 610 3392
665 14106 584 3338
671 14544 636 3360
672 13998 584 3336
678 14125 592 3350
684 14360 618 3379
677 14369 592 3357
737 14676 573 3365
636 13251 584 3356
691 14366 552 3389
624 13820 605 3375
684 14449 589 3371
668 14403 606 3360
651 14224 592 3374
655 13904 592 3347
668 14990 605 3340
612 13322 584 3351
661 14839 605 3364
670 13669 590 3382
649 13670 568 3337
649 14252 560 3365
682 14489 566 3367
670 14259 592 3355
643 13944 566 3352
663 14113 580 3339
675 14376 590 3389
629 13906 597 3392
663 14113 580 3339
644 13894 618 3347
646 14245 580 3376
669 14046 612 3377
666 14563 606 3384
632 13836 592 3358
669 14201 592 3342
682 14037 610 3393
641 13817 589 3357
626 13522 589 3382
713 14850 592 3357
623 13541 574 3363
728 14160 584 3333
633 13724 594 3378
680 14722 576 3368
658 14608 578 3389
685 14531 584 3337
676 13572 618 3366
640 13700 579 3392
633 13855 589 3358
665 14189 618 3340
670 14025 578 3403
674 13987 576 3347
648 14469 602 3383
657 13985 613 3346
652 13790 578 3380
640 14193 584 3360
621 13874 601 3369
680 14583 612 3359
619 14298 568 3352
651 13745 580 3381
628 13491 573 3367
656 14322 592 3356
763 14990 576 3393
625 13478 563 3362
666 13993 592 3375
671 13805 592 3362
682 14658 592 3321
695 14834 566 3371
734 16340 596 3340
625 13478 563 3362
629 14143 558 3342
670 14486 573 3380
630 13406 589 3367
694 15829 592 3341
665 14047 618 3342
737 14173 579 3393
642 13371 568 3361
654 14254 623 3365
669 14163 566 3363
659 13940 589 3385
619 14298 568 3352
684 14449 589 3371
682 14037 610 3393
707 14392 598 3416
643 13944 566 3352
668 13683 589 3366
707 14392 598 3416
676 14184 592 3378
652 13790 578 3380
636 13775 558 3347
690 13953 592 3390
678 14334 592 3395
654 14247 592 3391
656 13962 594 3410
707 14188 592 3342
702 14369 597 3363
659 14240 584 3376
687 13776 546 3387
642 13976 563 3370
644 14522 589 3388
649 13984 595 3395
633 13827 550 3372
648 13886 606 3398
682 14850 592 3378
631 13513 592 3378
690 14326 597 3400
623 13572 618 3343
644 13567 579 3368
622 13853 575 3345
691 14536 613 3364
647 14062 589 3385
690 14326 597 3400
683 13671 600 3361
675 14377 606 3393
654 14254 623 3365
675 14376 590 3389
676 13681 592 3380
644 14522 589 3388
686 14668 610 3370
690 14054 618 3386
677 14369 592 3357
659 13960 597 3385
647 14387 602 3333
603 13424 589 3354
649 13670 568 3337
637 14380 566 3399
638 13841 567 3392
633 13724 594 3378
640 13689 592 3354
674 14768 589 3348
622 13828 578 3384
713 14850 592 3357
623 14143 575 3332
658 14408 602 3424
649 13831 560 3378
638 13397 592 3370
634 14197 590 3349
664 14552 606 3394
625 13694 592 3395
622 13883 566 3368
632 13836 592 3358
661 14522 587 3316
630 13595 566 3412
644 13785 594 3414
654 14254 623 3365
639 14056 571 3364
679 14585 580 3402
626 13444 568 3354
629 13630 579 3368
677 14302 576 3367
671 13682 612 3384
658 14144 557 3390
653 14002 592 3336
701 15571 603 3340
639 14071 564 3390
728 14160 584 3333
648 13713 573 3352
623 13858 576 3357
666 13993 592 3375
688 14433 592 3375
625 14273 613 3336
617 13988 562 3378
698 14201 624 3364
679 13894 576 3375
617 13988 562 3378
721 14672 632 3383
627 13716 584 3343
643 13958 573 3386
627 13855 589 3375
633 14281 568 3347
629 14143 558 3342
670 14441 616 3426
649 14252 560 3365
642 13758 573 3373
645 14079 573 3399
614 13136 585 3346
656 13507 592 3398
614 13136 585 3346
645 13893 574 3316
624 13820 605 3375
671 14544 636 3360
661 14100 567 3396
701 14794 566 3372
665 14189 618 3340
741 16333 590 3340
666 13993 592 3375
646 14157 576 3350
647 14387 602 3333
629 13426 584 3356
636 14094 618 3363
651 14688 594 3356
647 14062 589 3385
658 14408 602 3424
670 14486 573 3380
655 13940 566 3356
648 13785 576 3334
625 13694 592 3395
748 16212 597 3352
671 14193 589 3377
656 13507 592 3398
698 14201 624 3364
654 14247 592 3391
655 13940 566 3356
622 13706 594 3386
677 14342 576 3393
631 13513 592 3378
654 14097 573 3371
626 13522 589 3382
741 16333 590 3340
643 14123 566 3327
638 13841 567 3392
666 14162 573 3364
663 14413 618 3372
684 15171 631 3418
657 13985 613 3346
603 12873 578 3367
708 14181 562 3402
697 15006 600 3360
664 14067 589 3376
631 13486 553 3379
671 13847 569 3395
620 14166 573 3380
689 14597 580 3368
718 14406 592 3376
603 12873 578 3367
661 14839 605 3364
678 14125 592 3350
695 13883 566 3320
690 14054 618 3386
662 14687 589 3399
662 14010 618 3336
644 13796 566 3355
647 14235 592 3352
637 14380 566 3399
679 14642 587 3350
648 14135 578 3384
672 13998 584 3336
678 14334 592 3395
648 14470 605 3349
647 13962 557 3364
671 13682 612 3384
705 14111 634 3393
623 13541 574 3363
672 14240 600 3404
655 13999 604 3403
743 16926 568 3348
627 13716 584 3343
684 14228 576 3373
622 13490 605 3408
653 14075 564 3384
646 13945 598 3392
653 14002 592 3336
676 14266 584 3367
707 15478 592 3363
636 13775 558 3347
640 13853 564 3355
746 14460 552 3360
639 14545 603 3391
644 13796 566 3355
669 14482 563 3391
642 13976 563 3370
644 13796 566 3355
651 14448 606 3388
659 13962 568 3343
676 14266 584 3367
630 14155 592 3352
665 14106 584 3338
633 13724 594 3378
644 13730 562 3388
715 15113 584 3373
677 13945 564 3360
640 13689 592 3354
628 13857 566 3335
676 14069 610 3368
666 14019 576 3349
