35631 900.001
676 15998 569 3363
743 16833 531 3353
823 19577 752 3213
657 15473 582 3257
705 16914 518 3334
686 16447 535 3345
694 16044 568 3279
801 17841 640 3306
643 15526 547 3330
804 19340 529 3318
807 18223 759 3259
814 18633 599 3299
791 18843 698 3270
906 18952 703 3249
755 17247 530 3350
629 14932 536 3368
761 18393 513 3351
696 16726 579 3379
803 18811 692 3228
795 17841 661 3270
641 14804 635 3252
910 21706 608 3297
843 19387 698 3241
769 16931 659 3206
820 17089 651 3246
654 16005 576 3280
813 18969 715 3252
805 17822 588 3379
805 19361 767 3233
780 18458 656 3286
830 19212 666 3271
866 19905 720 3258
689 17024 579 3321
873 20622 773 3292
737 16255 608 3268
737 17460 540 3302
765 17148 669 3238
841 19732 665 3291
755 17016 551 3292
813 18790 546 3315
794 18655 628 3323
804 17689 653 3269
759 16429 550 3310
878 20145 601 3273
867 19987 535 3345
703 16458 567 3304
768 18706 539 3283
704 16608 669 3245
656 14915 544 3353
883 20062 755 3267
743 17893 544 3333
864 20343 534 3358
742 16657 617 3261
700 16070 592 3309
769 18669 667 3221
767 18219 676 3317
744 16984 566 3275
793 17548 649 3261
829 17537 685 3254
794 18547 620 3264
900 19950 687 3247
776 18746 535 3329
756 16613 570 3315
844 18159 518 3321
765 18712 529 3305
739 15587 518 3336
713 17289 620 3312
739 16847 588 3406
720 17616 625 3214
881 19716 735 3223
726 16497 534 3332
753 16823 550 3274
757 16935 518 3343
720 15967 568 3247
720 16212 577 3220
720 17128 645 3307
677 16342 551 3308
638 15227 527 3369
932 23131 633 3355
740 17010 545 3274
811 16892 626 3209
744 17841 672 3285
760 17038 608 3311
779 18473 651 3315
667 15567 587 3252
716 15721 535 3361
865 21001 612 3356
880 18726 630 3283
664 15595 566 3272
765 16828 535 3317
977 22368 741 3257
871 20467 572 3261
790 17852 598 3257
675 15117 579 3225
892 19422 701 3299
812 17202 518 3341
738 17342 567 3262
793 17296 571 3314
801 16316 643 3230
761 17464 625 3226
709 16513 598 3247
865 18884 573 3339
697 16276 534 3333
854 19527 551 3345
719 15812 566 3313
852 19541 552 3368
684 15814 620 3227
823 17321 592 3261
709 16945 534 3350
709 14653 529 3306
707 15378 550 3319
830 17584 618 3245
645 15333 548 3354
788 17505 581 3328
681 16095 546 3283
793 16933 539 3291
700 16335 593 3229
773 18034 648 3240
866 19399 709 3243
689 16536 576 3268
691 15564 508 3353
709 16711 540 3318
750 15732 540 3330
783 17975 541 3361
773 17007 659 3330
699 15653 566 3270
725 17478 596 3401
633 14466 578 3246
688 14829 535 3315
774 16941 591 3411
653 14794 545 3251
782 17332 534 3348
797 18632 561 3230
650 14768 534 3356
724 17501 603 3279
724 16509 546 3245
676 15872 518 3321
754 16409 566 3353
754 17266 555 3387
779 18515 617 3258
703 16155 586 3296
711 15529 540 3270
670 15034 524 3317
816 18344 544 3319
695 15174 583 3287
710 15462 546 3306
789 18030 556 3307
693 15002 508 3358
700 15865 551 3321
738 15673 548 3358
674 15886 556 3264
712 15424 520 3376
823 17357 508 3351
658 15586 599 3250
861 19766 624 3304
749 17565 604 3338
754 17740 663 3264
672 15911 548 3354
843 18894 565 3302
657 15166 513 3382
817 19213 544 3370
790 18549 535 3321
693 15977 576 3316
873 19640 629 3261
714 15699 508 3343
713 16775 566 3282
774 19171 659 3306
634 14401 556 3292
854 19302 562 3390
749 18013 588 3391
848 19478 737 3283
752 15717 566 3290
762 17864 529 3299
764 16505 648 3223
681 14795 576 3260
920 21300 726 3222
729 17357 566 3353
848 18960 715 3282
706 15422 526 3335
640 14517 566 3282
818 17082 740 3249
797 18233 715 3219
745 16501 599 3277
797 18214 534 3378
790 18054 659 3205
779 17345 618 3322
652 14725 551 3297
862 18621 699 3225
814 17680 614 3277
728 16178 552 3378
749 16434 635 3256
719 15299 546 3275
769 17285 553 3327
695 16256 589 3311
674 15552 580 3256
643 14854 568 3301
769 18147 511 3395
776 17825 531 3374
715 16780 576 3281
812 18212 599 3340
730 17612 578 3232
796 19429 534 3350
801 17893 665 3241
764 17563 537 3316
757 17335 576 3341
740 16418 567 3402
808 17493 685 3253
743 17293 520 3377
829 19123 630 3266
795 16457 529 3283
836 17470 657 3264
868 20930 553 3358
674 15874 598 3218
812 18929 630 3303
845 21806 742 3272
679 15396 578 3300
772 17226 667 3262
766 17294 585 3286
738 16911 644 3233
740 16911 622 3245
700 15606 524 3353
707 15916 513 3352
826 19410 698 3326
704 16556 550 3305
788 17861 524 3297
632 14674 540 3273
741 16603 557 3321
747 16457 560 3299
711 16173 538 3305
674 14779 565 3377
848 18570 570 3296
693 14957 550 3283
690 15731 553 3277
758 18355 592 3327
881 20704 691 3330
632 14518 566 3284
781 17515 672 3237
988 21093 685 3292
782 18823 641 3262
869 18700 580 3369
743 17868 588 3303
675 15898 572 3252
792 18812 700 3248
758 16060 524 3364
755 18041 641 3250
803 18527 626 3248
638 14508 534 3328
650 14693 540 3275
872 19605 709 3220
718 16426 572 3255
736 16854 525 3322
629 14445 528 3333
963 23607 614 3305
702 14837 529 3297
776 18456 627 3273
694 15974 523 3338
707 16054 601 3280
803 19639 577 3302
860 20587 660 3289
734 17291 631 3232
722 15717 508 3354
796 17806 668 3230
770 15758 533 3324
704 16205 553 3257
1006 24411 723 3332
681 13649 508 3347
745 16367 592 3277
673 14480 572 3246
741 17068 571 3309
682 15273 577 3233
794 19408 648 3231
749 17618 566 3252
834 20274 615 3312
641 14485 524 3301
895 19626 724 3237
825 20243 648 3480
894 19354 568 3325
686 15216 566 3276
721 17565 610 3219
764 17745 625 3288
836 17817 666 3234
769 18660 631 3376
879 20681 644 3310
698 16840 572 3358
727 16629 658 3205
746 17503 652 3278
763 16751 659 3218
656 14499 508 3365
824 17714 515 3376
691 15110 529 3296
744 16422 518 3311
655 16212 582 3276
705 16451 529 3289
976 22337 708 3268
741 17464 634 3349
850 18851 520 3371
836 19375 587 3272
858 18464 580 3256
759 17814 708 3317
727 16871 608 3298
