264 20.9702
830 20024 454 3643
704 17143 550 3576
538 13941 410 3832
528 13458 422 3837
515 12303 460 3719
504 13166 449 3753
800 19818 468 3626
730 17746 534 3581
714 18605 445 3668
511 12756 424 3818
668 16692 550 3585
560 14117 523 3672
770 17809 434 3689
568 14212 534 3611
647 15260 516 3614
757 17764 502 3600
830 20024 454 3643
515 12901 437 3766
523 13242 461 3711
685 16527 502 3601
534 13141 430 3793
646 15888 430 3728
705 17448 518 3586
579 13906 446 3745
610 15623 439 3731
603 14935 417 3806
729 18263 434 3691
507 13092 436 3815
572 13367 489 3708
667 17226 434 3717
583 14692 506 3621
620 15438 462 3637
724 18399 534 3584
584 14083 478 3705
634 15982 444 3720
562 13633 498 3707
592 15221 422 3788
642 15946 426 3730
708 16698 440 3683
547 14386 414 3808
680 16916 442 3680
627 14342 430 3772
606 15587 418 3758
597 15137 467 3663
588 14916 474 3651
537 13816 423 3797
545 13762 435 3770
612 14808 412 3811
696 16399 482 3621
705 17633 458 3645
700 16793 440 3694
764 17960 453 3657
607 15393 456 3664
527 13547 451 3750
610 14442 477 3648
515 12303 460 3719
683 17040 474 3620
581 14056 450 3716
553 13768 454 3748
599 14725 490 3629
540 13179 442 3757
640 16054 504 3599
607 14672 418 3766
660 15236 504 3594
698 17933 486 3606
641 15825 444 3696
626 15006 522 3590
560 14495 470 3687
575 14291 490 3655
691 16367 444 3680
549 13823 423 3784
597 14810 470 3622
613 14718 518 3609
653 15781 454 3646
583 13860 522 3621
567 14106 458 3670
584 14566 485 3659
664 16190 452 3666
674 16416 495 3604
620 15126 498 3615
657 14869 452 3669
620 15438 462 3637
631 15662 490 3608
696 16935 492 3604
691 16122 486 3616
549 13823 423 3784
661 16249 486 3615
714 18470 446 3657
599 14552 486 3641
664 17129 534 3588
619 15011 490 3618
714 18470 446 3657
598 14313 495 3626
651 16074 486 3617
764 17960 453 3657
674 16416 495 3604
678 16028 534 3585
584 14566 485 3659
577 15061 494 3642
658 14692 474 3652
603 15257 494 3619
631 15662 490 3608
597 14810 470 3622
696 16935 492 3604
577 15061 494 3642
698 17759 458 3642
778 18046 534 3583
772 18753 502 3600
742 18594 447 3668
732 17147 550 3577
731 17608 550 3577
615 14657 502 3627
592 15555 497 3659
600 15039 476 3645
767 18385 472 3633
625 14849 525 3612
659 15849 550 3609
697 18039 454 3653
699 17400 550 3589
671 16748 466 3649
652 15275 474 3664
728 17969 467 3638
689 16995 518 3597
634 15651 470 3636
660 16041 522 3604
665 16579 468 3639
709 16474 490 3608
698 17353 458 3648
618 14910 486 3630
654 15445 484 3626
712 17303 502 3602
690 16654 504 3607
675 17274 482 3624
723 17230 516 3595
725 18027 516 3594
657 16334 458 3650
665 16280 494 3622
678 16075 506 3611
688 17485 490 3615
670 16468 486 3620
637 15939 474 3628
664 16425 508 3614
641 16260 506 3617
647 14943 486 3625
653 16136 470 3634
667 17151 500 3614
652 16044 510 3623
731 17608 550 3577
684 16232 502 3614
672 16380 516 3598
772 18753 502 3600
687 17445 504 3611
650 16708 502 3621
639 15284 486 3627
640 15922 518 3615
615 14657 502 3627
639 15647 506 3624
657 16457 514 3599
657 16457 514 3599
699 17261 490 3612
856 20864 502 3603
765 18268 550 3581
753 18405 550 3577
686 16569 458 3651
633 15031 486 3633
626 15041 525 3613
775 18521 472 3634
771 18877 518 3600
747 17717 522 3598
724 17899 538 3599
706 17619 506 3611
685 15905 474 3640
764 18849 467 3641
772 18636 469 3649
670 15834 497 3630
691 16910 513 3616
759 18685 490 3616
650 16385 470 3642
738 17613 490 3620
637 15861 482 3650
665 16375 495 3622
669 16282 484 3628
724 17922 502 3604
732 18351 498 3618
626 15493 502 3641
698 16505 478 3633
647 16492 501 3626
662 16649 487 3632
677 16821 518 3612
691 15386 502 3632
657 16694 484 3628
679 15975 495 3626
652 16803 502 3624
678 16700 522 3608
675 16927 482 3632
732 17225 486 3625
695 17065 498 3621
713 17308 486 3621
679 16403 486 3626
700 17380 522 3607
692 16718 471 3640
713 17291 502 3609
703 17406 518 3604
710 17210 518 3607
696 17540 486 3625
696 17132 502 3615
695 17354 502 3614
793 19322 550 3579
789 19948 502 3621
771 18418 466 3655
680 15883 534 3616
642 16490 490 3637
748 19225 518 3604
730 18507 515 3619
686 17013 522 3611
764 18435 518 3614
779 18093 505 3623
671 16629 494 3628
740 17849 484 3634
679 17346 534 3615
697 16524 476 3648
654 16407 471 3650
731 17833 481 3638
649 16064 486 3652
675 16474 506 3625
721 17284 480 3639
707 16784 471 3645
719 18231 486 3631
690 16096 484 3646
659 16949 490 3635
750 18451 486 3622
698 17628 490 3627
675 16710 470 3651
700 18072 488 3639
667 16974 506 3630
693 16420 498 3632
686 17101 486 3641
704 17406 489 3639
703 16828 490 3631
687 15895 500 3646
769 17329 486 3624
684 16789 502 3627
691 16820 470 3645
686 17193 485 3646
668 16411 518 3639
695 16754 490 3632
720 18412 484 3639
821 20522 504 3622
794 20235 522 3605
694 17041 552 3618
678 16835 471 3664
671 16600 495 3644
766 18949 531 3618
761 19592 490 3624
718 17480 537 3616
727 17304 486 3654
786 19474 489 3640
702 17885 489 3643
693 16735 518 3635
717 17164 502 3630
705 16619 486 3658
698 16658 511 3626
720 17486 472 3647
711 17845 474 3653
694 17819 478 3661
700 17741 476 3661
683 16877 506 3639
711 16879 506 3628
718 17568 490 3636
688 17206 506 3628
703 17794 494 3636
703 17172 504 3629
802 19198 483 3653
779 20315 472 3658
734 18573 534 3627
701 17739 506 3667
683 16784 507 3650
680 17202 518 3666
755 19180 490 3646
757 17578 502 3633
764 18130 486 3652
716 17091 521 3639
709 17908 516 3637
706 17373 475 3665
747 18802 504 3631
744 17868 531 3629
733 18666 479 3655
730 17270 506 3640
744 18365 490 3647
727 17199 509 3639
723 17852 474 3666
713 17427 505 3638
740 19193 490 3639
803 19409 510 3637
787 19695 490 3639
711 17879 477 3665
687 17289 518 3664
728 18334 513 3641
778 19277 483 3661
747 18432 523 3643
740 17149 502 3622
713 17462 490 3628
685 16249 518 3619
577 14239 529 3664
538 13941 410 3832
528 13458 422 3837
515 12303 460 3719
504 13166 449 3753
672 16410 439 3709
507 13092 436 3815
612 14808 412 3811
560 14117 523 3672
546 13542 499 3678
526 12667 450 3714
554 13786 493 3679
666 15759 508 3632
585 14240 518 3662
534 13141 430 3793
511 12756 424 3818
515 12303 460 3719
653 15638 470 3649
607 14672 418 3766
523 13242 461 3711
704 17360 454 3686
679 16973 444 3702
525 12840 450 3720
570 14603 434 3735
591 14971 421 3779
563 14378 511 3665
660 16119 410 3808
642 15946 426 3730
617 14774 478 3665
563 14463 482 3671
544 13540 420 3828
590 15074 420 3772
634 16208 441 3705
629 16336 428 3727
549 13823 423 3784
550 14234 431 3741
587 14373 423 3760
649 16396 455 3693
582 14146 510 3670
603 14935 417 3806
577 14239 529 3664
685 16249 518 3619
527 13731 438 3746
542 13313 474 3702
543 13859 417 3817
599 15619 447 3704
537 13816 423 3797
550 13398 446 3723
557 13670 431 3757
637 15937 474 3654
558 13789 466 3696
566 13797 453 3703
588 15136 469 3675
624 15283 486 3646
704 17360 454 3686
637 16796 450 3696
514 12746 434 3756
692 17057 502 3625
597 15109 477 3668
668 16250 456 3681
559 14461 502 3643
638 15392 486 3635
531 13483 423 3830
713 17462 490 3628
646 15991 472 3656
604 14786 506 3637
662 16040 457 3688
594 14895 454 3694
634 15454 518 3630
584 14671 490 3651
637 16796 450 3696
692 17057 502 3625
628 15172 502 3637
559 14117 462 3688
600 14511 487 3662
608 14859 458 3663
588 14104 490 3641
514 13356 458 3736
583 13920 487 3682
646 15991 472 3656
619 15438 502 3639
603 15005 476 3647
539 13625 444 3747
539 13625 444 3747
664 16884 502 3629
570 14516 444 3730
624 15283 486 3646
631 16340 474 3652
663 16812 518 3626
622 16055 490 3637
589 14845 478 3653
664 16174 506 3634
664 16174 506 3634
629 15013 502 3635
713 17462 490 3628
637 16796 450 3696
753 18420 486 3635
683 17406 518 3628
615 15189 434 3755
598 14780 447 3779
581 14127 462 3728
561 14193 450 3725
669 17059 439 3752
720 17170 458 3680
715 17895 486 3644
701 16975 434 3740
594 15278 445 3772
664 16730 470 3657
753 18420 486 3635
709 16960 455 3700
569 14298 482 3721
629 15598 502 3637
646 16022 494 3636
660 17333 518 3633
654 16118 486 3646
588 14823 462 3704
668 16020 513 3633
571 14899 478 3695
666 16095 467 3667
629 15820 449 3728
568 14437 472 3699
583 15051 507 3645
612 14643 448 3741
623 15489 472 3670
603 15003 506 3651
590 14532 479 3688
648 15215 490 3645
620 15824 478 3674
602 15547 474 3691
639 15056 474 3684
608 15610 463 3681
622 15104 479 3663
600 15285 490 3647
612 14862 484 3655
617 15415 474 3682
634 15709 458 3693
640 15643 490 3639
606 15057 481 3686
654 15305 478 3662
632 15879 486 3652
612 14637 490 3659
612 15268 490 3641
616 15717 462 3697
636 15925 506 3636
607 15622 472 3679
633 16022 480 3662
610 14801 490 3654
663 15823 506 3635
634 15880 486 3648
635 15712 462 3668
635 15712 462 3668
719 17777 486 3652
680 16639 449 3753
670 16527 518 3637
632 16714 450 3759
603 14683 482 3697
590 14981 478 3718
655 15680 513 3650
695 16803 490 3640
692 17127 468 3668
624 15205 452 3748
668 17403 476 3662
602 15292 494 3714
635 15575 502 3653
659 16363 497 3649
592 15448 466 3725
605 15082 462 3718
624 15060 466 3739
612 14801 479 3719
593 14984 467 3728
642 15316 482 3693
625 15144 518 3646
686 16226 490 3642
640 16046 472 3685
631 15880 475 3689
684 16854 462 3694
646 16482 490 3650
608 15695 502 3651
644 15735 470 3702
594 15734 476 3699
633 15534 478 3682
621 16060 486 3672
610 14815 490 3660
675 16574 489 3657
617 15799 488 3662
621 15633 474 3710
673 16856 478 3662
637 16120 474 3675
660 15940 490 3652
675 16317 478 3662
629 15962 474 3676
626 14958 490 3656
636 15790 462 3703
641 15786 466 3672
629 15170 486 3666
625 16152 466 3715
630 15648 486 3665
629 15949 473 3717
618 15626 490 3656
624 15625 476 3672
750 18714 476 3663
742 18724 470 3672
697 17827 490 3644
629 15795 518 3648
624 15150 462 3728
609 15723 466 3756
609 15063 507 3709
598 15170 478 3733
720 17438 490 3651
714 18336 486 3664
711 16275 497 3657
681 17034 474 3677
617 15198 466 3738
656 16592 464 3720
697 17685 462 3697
699 16838 502 3648
675 17199 480 3677
606 15076 482 3697
640 16415 470 3704
612 15857 506 3682
636 16055 494 3664
644 15712 490 3665
677 16952 462 3710
719 17631 478 3668
629 15532 486 3682
672 16617 467 3693
671 16715 466 3706
676 16005 467 3701
664 15704 486 3673
631 16107 479 3681
614 15674 502 3664
623 15314 502 3664
658 15990 470 3684
650 16567 490 3658
654 15636 476 3707
623 15509 476 3737
656 16147 490 3660
631 15684 476 3689
614 15727 502 3654
623 16038 466 3725
681 16806 486 3668
606 16070 476 3710
638 15986 478 3681
650 16571 466 3709
731 17731 509 3659
717 18253 488 3671
698 17099 518 3649
680 17080 462 3725
608 15225 511 3766
622 15491 470 3746
640 16017 502 3663
618 15619 490 3719
655 16166 518 3659
723 18088 482 3671
638 16651 476 3733
644 15730 493 3688
623 15995 506 3671
659 16858 471 3703
666 16486 491 3673
672 16373 474 3704
685 17393 475 3680
650 15782 478 3695
638 15915 468 3742
642 16257 478 3708
692 17139 482 3681
703 17817 476 3679
679 17183 489 3680
707 17514 474 3680
692 16973 490 3687
697 17734 462 3700
644 15933 485 3725
657 16305 466 3725
632 15961 493 3696
710 16292 490 3662
636 16437 478 3701
649 15866 492 3678
698 17721 490 3679
649 15833 478 3724
703 17080 476 3697
749 18597 490 3663
691 16862 531 3660
658 16786 466 3731
653 15831 493 3702
649 15918 513 3699
729 18515 490 3671
717 17454 478 3706
693 18064 478 3681
658 16141 505 3663
675 16602 491 3684
659 16349 479 3727
679 16641 476 3712
684 16482 475 3709
663 15859 479 3700
754 18739 502 3664
688 16337 506 3685
687 17038 479 3706
666 16309 500 3724
795 19312 490 3615
710 16848 550 3585
688 16782 566 3586
538 13941 410 3832
528 13458 422 3837
515 12303 460 3719
504 13166 449 3753
735 17810 430 3697
742 17683 463 3640
631 15352 550 3592
688 16782 566 3586
526 12557 453 3738
574 14681 458 3675
716 17105 522 3596
662 15903 534 3590
511 12756 424 3818
565 14174 450 3722
639 15538 498 3610
620 14473 462 3685
622 15462 534 3597
572 13367 489 3708
589 14516 434 3739
645 15025 482 3641
612 14808 412 3811
696 16492 518 3598
596 14171 438 3743
633 15448 507 3613
726 17604 456 3647
642 15946 426 3730
579 13906 446 3745
570 13713 515 3653
568 13279 519 3700
680 17100 467 3637
524 12745 439 3782
560 13451 518 3696
606 15587 418 3758
547 14386 414 3808
692 17276 443 3657
562 13952 419 3789
537 13816 423 3797
515 12901 437 3766
683 17577 486 3616
664 17299 454 3651
634 16208 441 3705
507 13092 436 3815
533 12821 486 3717
675 17060 514 3603
555 12999 454 3735
649 15566 490 3624
538 13588 423 3802
561 13599 427 3777
562 13087 472 3715
522 12754 458 3751
627 14342 430 3772
662 16373 442 3690
612 15342 506 3617
546 13187 428 3784
603 14935 417 3806
705 17114 472 3629
584 14056 438 3760
616 15257 522 3602
632 15710 477 3629
553 12956 459 3733
689 17415 417 3779
711 16071 474 3636
545 13762 435 3770
542 13169 438 3765
548 13236 443 3748
534 13141 430 3793
669 16121 486 3618
551 13763 424 3792
617 14621 472 3645
567 14028 502 3626
602 14911 486 3632
637 16275 470 3635
702 16260 502 3603
587 14499 444 3666
687 15809 476 3633
578 14004 490 3643
615 15105 518 3611
662 16419 444 3663
583 14774 464 3647
603 15181 476 3634
671 16390 474 3634
729 16974 518 3595
707 17063 458 3643
656 16096 518 3605
654 16460 518 3600
729 16974 518 3595
676 16333 484 3627
622 15618 458 3663
661 16809 502 3607
669 17011 458 3648
662 15903 534 3590
587 14499 444 3666
676 16333 484 3627
702 16260 502 3603
583 14774 464 3647
690 17391 472 3626
658 15923 490 3616
640 16205 502 3609
674 16278 476 3631
625 15160 534 3608
627 15722 462 3657
690 15974 476 3628
625 15644 502 3618
653 15760 490 3618
716 17105 522 3596
637 15043 490 3629
623 15766 486 3631
627 15722 462 3657
640 15781 490 3628
690 15974 476 3628
763 17262 550 3587
755 18863 495 3618
730 17544 550 3585
710 17499 445 3672
676 16725 462 3676
601 14748 541 3630
711 17449 469 3654
727 18564 462 3647
738 18418 502 3604
612 15383 515 3651
639 15264 482 3640
629 15186 500 3637
745 18226 518 3597
687 16823 534 3591
706 16681 523 3601
691 16753 550 3597
671 15724 510 3615
744 18063 493 3620
695 16914 506 3609
647 16427 502 3626
622 15431 519 3629
644 15430 534 3605
681 16964 498 3626
643 16083 506 3613
716 17997 472 3628
704 16840 470 3643
706 16802 486 3621
678 16557 502 3617
714 17707 474 3636
719 17011 550 3588
662 15959 486 3633
630 15374 506 3621
656 16269 518 3606
722 17222 522 3597
615 15672 486 3644
713 17888 550 3586
653 15648 490 3637
657 16344 534 3600
672 15813 484 3633
667 15969 484 3638
672 17134 470 3641
653 15402 470 3653
728 17713 518 3602
636 15715 485 3641
619 15713 486 3636
653 16019 518 3610
675 16831 500 3610
687 16767 490 3621
667 16914 474 3640
691 16297 486 3631
728 17637 550 3587
690 16406 486 3629
831 18848 514 3609
753 19080 518 3598
740 18669 470 3650
713 18034 550 3586
713 18034 550 3586
653 15573 490 3654
624 15680 488 3661
761 19078 474 3639
701 17443 538 3592
730 18509 522 3603
634 15853 490 3636
653 16158 482 3641
649 15650 492 3653
717 16550 501 3629
657 16377 506 3618
682 16892 486 3638
740 18074 518 3603
670 16319 507 3615
714 18049 498 3622
672 16199 518 3615
647 16720 531 3625
714 17034 534 3594
714 18374 486 3623
644 15709 490 3649
741 17880 471 3645
733 16712 486 3631
724 16970 474 3645
750 17950 518 3607
636 15796 502 3640
654 16156 531 3626
717 17825 532 3608
713 17150 502 3619
719 17179 522 3612
664 16356 534 3613
703 16623 518 3613
735 17418 490 3625
698 17646 518 3614
684 17038 502 3628
747 16937 472 3653
741 17681 490 3622
645 16794 507 3617
656 16256 507 3634
693 16953 486 3634
682 17195 502 3617
724 16939 502 3617
694 16760 502 3624
723 17422 502 3610
732 17072 490 3626
719 17098 506 3614
699 16906 502 3623
718 17998 490 3626
833 18787 490 3622
809 19695 488 3641
768 18564 550 3589
690 16500 489 3661
672 17197 486 3653
654 15899 505 3636
645 15966 490 3639
700 16458 522 3623
707 16639 534 3614
672 16661 550 3614
688 16769 518 3622
730 18162 495 3627
702 16729 509 3629
697 16475 538 3614
740 18431 501 3626
718 18216 550 3604
752 18065 490 3626
721 17477 550 3598
739 17891 490 3632
726 17803 550 3593
726 18301 518 3611
723 18734 502 3613
704 16930 507 3617
724 17600 519 3615
717 17220 506 3620
698 17034 507 3617
709 17565 518 3616
694 17836 502 3625
697 17382 490 3638
728 17274 518 3615
696 17251 502 3619
831 20209 502 3614
796 18624 489 3662
778 17995 550 3596
722 17841 595 3603
680 16137 502 3644
675 16740 495 3642
754 18605 567 3604
712 17377 528 3618
751 19067 550 3606
713 16911 493 3654
797 19142 505 3616
733 18112 491 3659
698 16836 522 3636
677 16484 512 3641
707 17518 506 3631
771 19355 518 3611
781 18773 518 3613
748 19526 502 3616
688 17579 518 3625
739 17100 518 3640
756 19349 490 3627
734 18055 490 3646
702 17680 521 3623
745 17377 519 3627
744 17829 502 3623
815 19810 518 3614
814 19714 490 3632
810 21025 493 3642
744 17408 558 3624
680 17020 506 3667
790 19469 507 3626
755 18227 557 3622
726 18187 547 3635
706 17820 497 3650
749 18579 491 3659
701 17811 499 3649
721 18199 531 3635
753 18994 506 3638
706 17703 549 3631
721 18648 500 3643
745 18201 534 3626
754 18162 516 3633
752 18248 509 3624
744 17581 497 3663
747 19348 502 3631
856 21669 497 3637
763 18666 557 3622
742 18291 502 3651
760 19082 504 3649
787 18348 518 3631
766 18527 518 3624
764 18724 516 3633
764 18811 516 3630
