8710 38.9095
772 19388 557 4076
640 16751 602 4164
856 20466 553 4100
651 16605 613 4347
788 19515 482 4231
839 20726 517 4123
669 16401 586 4168
805 20115 485 4206
668 17304 501 4152
768 19292 486 4209
669 18074 500 4331
751 17987 484 4281
669 18074 500 4331
700 17184 528 4236
710 18020 483 4211
651 16605 613 4347
839 20726 517 4123
723 18085 567 4127
843 20690 520 4087
682 17025 563 4188
843 20690 520 4087
856 20466 553 4100
654 16627 543 4195
704 17639 599 4121
751 19722 552 4111
651 16605 613 4347
738 17255 541 4184
700 17184 528 4236
705 18527 488 4142
715 17836 593 4150
768 19292 486 4209
805 20115 485 4206
749 18725 548 4141
669 18074 500 4331
754 19639 579 4098
717 18099 574 4151
715 18437 496 4202
804 20464 545 4109
640 16751 602 4164
785 18996 533 4119
756 18679 547 4117
705 18527 488 4142
668 17304 501 4152
769 19418 511 4139
788 19515 482 4231
785 18996 533 4119
704 17639 599 4121
669 18074 500 4331
715 18437 496 4202
754 19639 579 4098
718 17752 586 4104
772 19388 557 4076
856 20466 553 4100
791 18896 520 4126
640 16751 602 4164
682 17025 563 4188
738 17255 541 4184
669 16401 586 4168
754 19639 579 4098
682 17025 563 4188
798 18938 585 4115
756 18679 547 4117
788 19515 482 4231
717 18099 574 4151
704 17639 599 4121
772 19388 557 4076
784 18706 489 4135
700 17184 528 4236
704 17639 599 4121
843 20690 520 4087
839 20726 517 4123
788 19515 482 4231
798 18938 585 4115
682 17025 563 4188
640 16751 602 4164
704 17639 599 4121
640 16751 602 4164
751 17987 484 4281
796 19637 520 4116
654 16627 543 4195
772 19388 557 4076
754 19639 579 4098
717 18099 574 4151
791 18896 520 4126
718 17752 586 4104
804 20464 545 4109
669 18074 500 4331
718 17752 586 4104
798 18938 585 4115
749 18725 548 4141
784 18706 489 4135
654 16627 543 4195
769 19418 511 4139
715 18437 496 4202
682 17025 563 4188
682 17025 563 4188
715 18437 496 4202
718 17752 586 4104
640 16751 602 4164
805 20115 485 4206
804 20464 545 4109
640 16751 602 4164
772 19388 557 4076
718 17752 586 4104
805 20115 485 4206
700 17184 528 4236
839 20726 517 4123
784 18706 489 4135
723 18085 567 4127
654 16627 543 4195
751 17987 484 4281
715 18437 496 4202
640 16751 602 4164
768 19292 486 4209
700 17184 528 4236
856 20466 553 4100
805 20115 485 4206
856 20466 553 4100
788 19515 482 4231
754 19639 579 4098
654 16627 543 4195
785 18996 533 4119
749 18725 548 4141
749 18725 548 4141
768 19292 486 4209
751 19722 552 4111
843 20690 520 4087
784 18706 489 4135
669 18074 500 4331
839 20726 517 4123
749 18725 548 4141
751 19722 552 4111
640 16751 602 4164
640 16751 602 4164
654 16627 543 4195
805 20115 485 4206
784 18706 489 4135
705 18527 488 4142
704 17639 599 4121
717 18099 574 4151
668 17304 501 4152
668 17304 501 4152
668 17304 501 4152
843 20690 520 4087
756 18679 547 4117
640 16751 602 4164
788 19515 482 4231
785 18996 533 4119
669 16401 586 4168
717 18099 574 4151
669 16401 586 4168
700 17184 528 4236
700 17184 528 4236
749 18725 548 4141
705 18527 488 4142
669 18074 500 4331
669 18074 500 4331
805 20115 485 4206
772 19388 557 4076
751 17987 484 4281
785 18996 533 4119
856 20466 553 4100
772 19388 557 4076
669 18074 500 4331
717 18099 574 4151
751 17987 484 4281
669 18074 500 4331
772 19388 557 4076
749 18725 548 4141
715 18437 496 4202
640 16751 602 4164
751 17987 484 4281
705 18527 488 4142
785 18996 533 4119
651 16605 613 4347
640 16751 602 4164
640 16751 602 4164
669 16401 586 4168
640 16751 602 4164
682 17025 563 4188
839 20726 517 4123
640 16751 602 4164
805 20115 485 4206
669 18074 500 4331
704 17639 599 4121
804 20464 545 4109
788 19515 482 4231
640 16751 602 4164
700 17184 528 4236
839 20726 517 4123
751 17987 484 4281
751 17987 484 4281
751 17987 484 4281
715 18437 496 4202
839 20726 517 4123
751 17987 484 4281
700 17184 528 4236
749 18725 548 4141
723 18085 567 4127
738 17255 541 4184
651 16605 613 4347
751 19722 552 4111
769 19418 511 4139
654 16627 543 4195
700 17184 528 4236
704 17639 599 4121
805 20115 485 4206
749 18725 548 4141
772 19388 557 4076
788 19515 482 4231
839 20726 517 4123
805 20115 485 4206
700 17184 528 4236
756 18679 547 4117
751 19722 552 4111
669 18074 500 4331
654 16627 543 4195
805 20115 485 4206
705 18527 488 4142
704 17639 599 4121
718 17752 586 4104
791 18896 520 4126
668 17304 501 4152
717 18099 574 4151
718 17752 586 4104
754 19639 579 4098
785 18996 533 4119
669 16401 586 4168
717 18099 574 4151
669 16401 586 4168
700 17184 528 4236
700 17184 528 4236
751 17987 484 4281
705 18527 488 4142
669 18074 500 4331
788 19515 482 4231
804 20464 545 4109
839 20726 517 4123
805 20115 485 4206
723 18085 567 4127
654 16627 543 4195
751 17987 484 4281
715 18437 496 4202
682 17025 563 4188
805 20115 485 4206
856 20466 553 4100
669 18074 500 4331
715 18437 496 4202
654 16627 543 4195
769 19418 511 4139
784 18706 489 4135
768 19292 486 4209
751 19722 552 4111
843 20690 520 4087
784 18706 489 4135
669 18074 500 4331
749 18725 548 4141
738 17255 541 4184
772 19388 557 4076
700 17184 528 4236
717 18099 574 4151
798 18938 585 4115
682 17025 563 4188
751 17987 484 4281
754 19639 579 4098
839 20726 517 4123
700 17184 528 4236
749 18725 548 4141
704 17639 599 4121
651 16605 613 4347
751 19722 552 4111
769 19418 511 4139
738 17255 541 4184
700 17184 528 4236
704 17639 599 4121
640 16751 602 4164
772 19388 557 4076
788 19515 482 4231
839 20726 517 4123
715 18437 496 4202
805 20115 485 4206
772 19388 557 4076
640 16751 602 4164
856 20466 553 4100
772 19388 557 4076
704 17639 599 4121
640 16751 602 4164
788 19515 482 4231
839 20726 517 4123
749 18725 548 4141
805 20115 485 4206
640 16751 602 4164
751 17987 484 4281
705 18527 488 4142
704 17639 599 4121
700 17184 528 4236
640 16751 602 4164
669 16401 586 4168
682 17025 563 4188
839 20726 517 4123
