1243 53.4898
539 13993 522 4202
540 13301 490 4212
718 16647 462 4289
631 15298 551 4119
553 13490 522 4169
537 12656 522 4195
539 13180 506 4177
573 13289 506 4161
559 13158 510 4187
545 13177 506 4191
556 13466 522 4188
591 13278 522 4174
541 13522 506 4175
640 15952 480 4225
588 13243 522 4174
558 14134 506 4180
536 13033 522 4157
552 13379 522 4187
566 13247 506 4190
559 13754 522 4175
578 14525 490 4175
533 13333 521 4177
550 13369 494 4208
560 13395 490 4169
602 13363 522 4182
545 13449 505 4220
559 13308 506 4176
587 13380 522 4198
528 13389 522 4166
543 13313 506 4177
554 13265 537 4181
522 12955 522 4187
570 13377 522 4154
524 13175 522 4177
557 13108 522 4154
548 12820 522 4183
554 13408 522 4170
546 13036 506 4166
545 13355 494 4198
573 13315 506 4185
572 12960 506 4161
549 13308 506 4179
576 13461 522 4195
525 13308 506 4225
575 13440 506 4178
562 13124 522 4183
523 13193 506 4181
523 13139 506 4215
559 13308 506 4176
557 12937 522 4184
585 13430 510 4178
533 13162 506 4200
567 13350 506 4187
548 13028 522 4184
553 13430 522 4191
531 12989 506 4171
548 13286 510 4201
555 13179 522 4174
522 13058 506 4165
549 13265 490 4203
556 13176 522 4187
524 13410 506 4189
540 13233 506 4197
543 13380 506 4209
570 13243 506 4207
572 13414 522 4173
589 14589 506 4162
568 13391 506 4219
540 13477 522 4184
573 13339 506 4186
539 12858 506 4171
559 13128 522 4203
578 13222 522 4162
538 13388 506 4162
552 13207 522 4179
552 13207 522 4179
549 13270 490 4186
543 13160 522 4171
557 13883 522 4189
522 13303 506 4197
549 13236 522 4172
593 13530 522 4172
573 13404 522 4154
539 13062 506 4191
564 13147 522 4168
551 13270 510 4185
555 13134 522 4183
539 13380 506 4181
577 14713 522 4177
550 13272 506 4188
555 13272 522 4161
539 13380 506 4181
532 13129 490 4186
546 13357 522 4191
539 12821 506 4200
521 13086 506 4178
574 13286 522 4176
552 13250 522 4170
524 12717 506 4176
543 13388 522 4189
555 13487 522 4184
547 13496 522 4156
555 13274 522 4195
539 13110 506 4178
529 13368 505 4206
520 13163 506 4184
585 13430 510 4178
528 13497 506 4187
539 12821 506 4200
572 13414 522 4173
542 13659 522 4196
546 12956 522 4200
535 12942 521 4201
527 13120 506 4195
538 13194 506 4200
576 13094 506 4181
527 13186 506 4180
539 12866 506 4194
554 13477 522 4194
564 13803 478 4215
541 13463 506 4190
549 13357 522 4178
557 13108 522 4154
559 13246 522 4178
556 13466 522 4188
542 13197 522 4164
522 13018 490 4197
522 13058 506 4165
570 13409 506 4193
547 13180 494 4197
558 13237 522 4184
552 13379 522 4187
555 13071 522 4191
576 13461 522 4195
543 13363 522 4190
521 13086 506 4178
521 13238 506 4181
549 13357 522 4178
600 13400 506 4205
554 13397 490 4177
551 13270 510 4185
521 12918 505 4192
549 13265 490 4203
546 13260 506 4182
533 13333 521 4177
552 13250 522 4170
548 13343 522 4169
539 13007 506 4176
541 13133 506 4199
540 13477 522 4184
536 13001 522 4170
573 13092 522 4172
554 13393 506 4215
555 13487 522 4184
559 13128 522 4203
546 13340 506 4172
546 12957 506 4180
529 12749 506 4181
592 13379 522 4197
547 13081 506 4193
528 13497 506 4187
524 13410 506 4189
591 13278 522 4174
578 14525 490 4175
559 13546 545 4185
564 13147 522 4168
578 13222 522 4162
547 13100 495 4198
543 13380 506 4209
606 13730 506 4185
537 13042 522 4217
550 13369 494 4208
526 12929 521 4203
550 13421 522 4172
577 13218 506 4198
548 13245 490 4182
550 13293 506 4189
524 12717 506 4176
555 13334 522 4189
562 13190 522 4156
535 13208 506 4189
558 13237 522 4184
552 13346 490 4191
587 13738 510 4199
571 13184 522 4175
535 13068 522 4163
554 13298 522 4178
570 13243 506 4207
550 13231 506 4176
545 13308 522 4174
517 13062 506 4174
555 13179 522 4174
561 13343 487 4186
522 12955 522 4187
549 13271 522 4183
548 13245 490 4182
575 13290 522 4159
551 13300 506 4197
546 13357 522 4191
562 13388 494 4170
559 12898 522 4168
588 13373 522 4183
527 13186 506 4180
539 13107 506 4180
589 14589 506 4162
560 13181 522 4175
507 13039 490 4182
578 13215 522 4208
555 13162 506 4173
575 13258 506 4188
529 13442 501 4191
557 13183 522 4161
545 13449 505 4220
543 13388 522 4189
546 13340 506 4172
557 13570 522 4179
575 13303 522 4180
550 13334 522 4169
517 13030 506 4198
525 13308 506 4225
560 13124 522 4192
538 13043 490 4183
559 12898 522 4168
584 13348 522 4169
553 13490 522 4169
568 13354 521 4174
533 13287 490 4186
548 13420 506 4201
553 13315 506 4191
554 13589 506 4201
575 13440 506 4178
529 13368 505 4206
558 13481 492 4209
545 13303 506 4189
560 13419 522 4170
540 13274 521 4197
599 13199 522 4184
548 12820 522 4183
560 13395 490 4169
531 12989 506 4171
546 12956 522 4200
559 13366 522 4206
602 13363 522 4182
540 12977 522 4189
518 12810 506 4192
561 13455 506 4187
577 14713 522 4177
561 12997 522 4161
549 13906 521 4216
522 13071 522 4162
533 13162 506 4200
549 13271 522 4183
527 13120 506 4195
578 13598 522 4188
550 13304 522 4182
545 13088 506 4176
543 13363 522 4190
543 13677 506 4220
559 13246 522 4178
562 13124 522 4183
553 13315 506 4191
604 14834 490 4195
549 13270 490 4186
550 13421 522 4172
529 13442 501 4191
521 12918 505 4192
546 13568 506 4168
526 13220 522 4166
575 13290 522 4159
547 13100 495 4198
550 13293 506 4189
528 13389 522 4166
562 13388 494 4170
536 13001 522 4170
548 13028 522 4184
547 13072 490 4197
543 13677 506 4220
564 13145 522 4197
517 13062 506 4174
559 13346 522 4174
539 13265 506 4232
532 13129 490 4186
543 13313 506 4177
547 13081 506 4193
554 13268 506 4209
526 12929 521 4203
545 13355 494 4198
568 13605 522 4152
535 12846 490 4188
643 15244 522 4149
529 12749 506 4181
555 13314 506 4191
571 13184 522 4175
526 13348 506 4181
555 13204 522 4157
560 13419 522 4170
536 13390 510 4150
548 12940 506 4181
560 13440 522 4181
586 13505 490 4165
