925 39.2872
566 14195 476 4199
624 13986 510 4303
653 16090 448 4256
774 18460 523 4109
604 13996 496 4187
620 14336 486 4257
589 14462 511 4214
610 14235 498 4223
589 13764 464 4191
575 14068 487 4240
559 13826 486 4227
607 14048 503 4224
581 14472 510 4257
546 13393 510 4231
613 14550 517 4227
589 14084 541 4213
556 13642 489 4226
634 14104 502 4236
624 14047 499 4270
585 13604 499 4213
620 14196 499 4223
627 14041 519 4199
574 13951 479 4209
614 14425 489 4223
590 14038 515 4239
586 14307 479 4203
614 13781 495 4220
588 14262 560 4200
546 13393 510 4231
563 13705 511 4214
609 13976 468 4234
611 14614 486 4224
586 14268 515 4203
630 14614 499 4270
575 14068 487 4240
569 14005 486 4248
586 13651 486 4209
581 13702 503 4240
631 14502 519 4222
601 14488 505 4228
621 14370 495 4197
628 14642 468 4234
607 14347 512 4226
610 14235 498 4223
591 13959 483 4223
543 13659 496 4232
595 14691 520 4278
592 14322 484 4217
599 13688 519 4212
619 14391 518 4209
561 13923 516 4222
549 13588 479 4249
581 14310 479 4261
544 13732 504 4212
590 13840 487 4225
613 14697 519 4203
599 13688 519 4212
593 14165 543 4247
566 14132 469 4273
554 13924 496 4201
658 14197 518 4253
570 13799 524 4201
573 14439 468 4240
594 14472 493 4214
573 13966 511 4238
626 14274 524 4226
655 14310 499 4218
677 14672 542 4240
591 14219 493 4239
586 14361 520 4210
596 14031 534 4197
598 14318 522 4209
575 13621 500 4250
610 14115 519 4185
624 14047 499 4270
611 14384 475 4253
571 13999 512 4251
603 13833 507 4228
619 14065 484 4233
585 13604 499 4213
567 13906 508 4237
611 14263 521 4226
582 14180 482 4262
594 13941 526 4174
600 14068 487 4237
603 14112 518 4231
622 13949 496 4221
594 14063 480 4193
597 13901 514 4256
575 14246 525 4193
574 14257 503 4233
638 14628 487 4274
597 13656 490 4265
636 15691 479 4236
630 14614 499 4270
607 13741 502 4248
644 14481 516 4205
655 14310 499 4218
567 14085 490 4244
567 13906 508 4237
557 14253 506 4228
606 14249 512 4242
593 14706 520 4230
602 13799 503 4228
602 14194 518 4241
592 14296 476 4233
554 13924 496 4201
601 13950 503 4223
579 14147 522 4211
574 13509 480 4216
605 13994 542 4252
573 13907 518 4195
598 14318 522 4209
606 14246 517 4231
609 14317 484 4192
594 14063 480 4193
634 14104 502 4236
589 14084 541 4213
580 13857 519 4200
633 14581 518 4236
593 14706 520 4230
592 14389 508 4228
635 13899 511 4234
563 13705 511 4214
589 13764 464 4191
581 14323 512 4187
570 13799 524 4201
611 14263 521 4226
641 14420 503 4229
584 13898 502 4231
607 14048 503 4224
560 13653 500 4217
594 14007 495 4193
573 13907 518 4195
600 14450 474 4254
589 14462 511 4214
584 14169 494 4251
627 14686 524 4217
544 13732 504 4212
609 14393 519 4188
619 14065 484 4233
559 13826 486 4227
592 14279 506 4242
604 13996 496 4187
617 14468 509 4268
566 14195 476 4199
666 15062 577 4223
600 14230 519 4218
593 14073 502 4231
604 14191 493 4205
585 13544 516 4215
590 14160 515 4245
594 14151 484 4238
614 14231 471 4265
587 13919 533 4189
562 14025 494 4237
630 14381 491 4240
575 13621 500 4250
595 14507 501 4257
584 14361 494 4243
577 14282 479 4245
644 14481 516 4205
652 14149 511 4234
594 14151 484 4238
578 13673 519 4230
599 14299 499 4210
632 14157 487 4261
621 15157 503 4221
597 14628 501 4259
652 14149 511 4234
624 14723 515 4188
585 13941 486 4269
595 14011 510 4222
590 13925 464 4212
657 14722 509 4243
590 13948 503 4258
574 13951 479 4209
568 13713 496 4238
592 14265 466 4265
592 14279 506 4242
679 16128 496 4201
563 13968 504 4193
562 14025 494 4237
611 15279 501 4230
608 14142 502 4261
586 13987 498 4236
597 13901 514 4256
592 14389 508 4228
599 14299 499 4210
580 13575 512 4238
743 18664 545 4169
585 13604 499 4213
638 14628 487 4274
558 13656 491 4174
629 14353 493 4258
575 14246 525 4193
631 14126 518 4256
714 15497 502 4199
619 14734 491 4239
606 14023 502 4250
579 13910 496 4197
640 14553 490 4261
609 13976 468 4234
675 16073 464 4229
593 14073 502 4231
593 14451 519 4201
563 14009 463 4271
592 13877 507 4214
575 13710 487 4233
590 13480 518 4230
587 13902 477 4242
590 13978 487 4220
568 13713 496 4238
633 14257 518 4201
614 14231 471 4265
622 14020 473 4262
601 13950 503 4223
600 14068 487 4237
577 14282 479 4245
570 13744 479 4223
590 14326 487 4192
614 13781 495 4220
590 14163 494 4242
593 13723 506 4257
575 14086 526 4200
615 13977 489 4234
592 13877 507 4214
590 13480 518 4230
614 14322 499 4237
574 13951 479 4209
586 14132 502 4219
658 14197 518 4253
602 13970 503 4221
572 14229 501 4220
596 14031 534 4197
584 13895 480 4229
600 14489 514 4230
683 16580 463 4241
634 14094 503 4202
642 14440 498 4233
603 13910 479 4229
585 14276 518 4215
580 14004 471 4252
580 13828 506 4249
577 13805 502 4242
665 14301 485 4236
624 14723 515 4188
617 14233 531 4223
545 13662 481 4220
599 13980 489 4228
592 14054 502 4249
617 14468 509 4268
580 13889 504 4222
546 13745 486 4269
597 14372 510 4268
563 14009 463 4271
612 13725 534 4259
577 14080 507 4212
600 14201 486 4233
600 14450 474 4254
605 13994 542 4252
587 13919 533 4189
590 14038 515 4239
581 13702 503 4240
574 13951 479 4209
621 15157 503 4221
633 14257 518 4201
607 13873 493 4220
578 14259 495 4233
593 14165 543 4247
560 13783 487 4249
570 13744 479 4223
611 15279 501 4230
633 14581 518 4236
600 14103 494 4246
611 14614 486 4224
595 14011 510 4222
620 14336 486 4257
575 13927 495 4224
616 14514 539 4246
600 13892 519 4219
590 13978 487 4220
606 14246 517 4231
601 14273 496 4189
625 14557 471 4236
594 14007 495 4193
615 13977 489 4234
592 14103 492 4224
635 13899 511 4234
597 14430 486 4217
644 13906 490 4220
591 13959 483 4223
657 14722 509 4243
610 14350 519 4205
579 14147 522 4211
634 14094 503 4202
561 13670 487 4248
586 14240 560 4198
641 14420 503 4229
594 14043 502 4259
