9 0.450257
1112 29286 890 5454
1220 32789 1146 5306
1168 29612 1083 5381
1209 30266 995 5283
1278 33249 1048 5329
1182 29674 960 5369
1384 33543 1138 5388
1129 29336 1093 5415
1376 35883 1152 5365
1179 30498 1046 5348
1062 25978 838 5393
1023 26185 885 5486
1162 28997 1023 5385
1099 26636 1045 5279
1076 27509 939 5465
1301 31856 1102 5463
1159 29141 1013 5309
1111 29106 1031 5310
1286 31764 1087 5406
1236 32263 982 5417
1341 33412 1249 5319
1052 26975 1008 5287
1164 30345 1091 5398
1222 31552 962 5475
1180 29945 961 5257
1149 30143 994 5260
1158 30465 986 5391
1254 31723 1013 5352
1256 31892 1014 5353
1129 29470 958 5363
1135 30037 929 5413
1223 30634 1006 5286
1292 32487 1019 5331
1255 31112 972 5326
1237 32102 1052 5363
1205 30411 1095 5344
1300 31920 1038 5360
1253 31036 1117 5332
1238 33332 1170 5314
1148 28649 1078 5328
1039 26917 999 5264
1189 30209 930 5337
1420 37776 1135 5361
1112 27179 1034 5347
1098 27675 928 5422
1239 31785 1162 5413
1137 29599 953 5389
1305 35057 1052 5357
1275 32253 1080 5329
1224 31173 985 5508
1163 27827 1045 5330
1361 35574 1118 5307
1212 30837 945 5457
1238 32489 1003 5383
1175 29890 948 5304
1026 26346 904 5370
1230 30922 1105 5374
1155 29487 1049 5393
1166 31142 1047 5424
1076 26357 957 5395
1205 29619 972 5301
1205 30547 1065 5295
1148 29853 925 5331
1087 27675 910 5394
1037 24189 894 5378
1195 30566 1008 5378
1128 28848 893 5320
1232 31976 1158 5390
1112 29436 959 5416
1155 30268 1106 5406
1203 29706 969 5423
1316 32576 1059 5347
1097 27704 969 5336
1123 30130 976 5305
1075 27858 996 5310
1253 31859 1142 5279
1150 28612 969 5321
1170 30497 1120 5404
1040 25965 922 5360
1104 28119 1097 5350
1141 29271 1044 5258
1139 28322 975 5338
1232 30290 955 5392
1107 29877 1016 5393
1207 32460 967 5358
1206 30892 1169 5330
968 24219 825 5434
1404 36451 1242 5325
1016 26040 951 5422
1198 29067 994 5380
1243 31467 1027 5358
1155 29214 1041 5309
1272 32431 888 5366
1186 30525 1039 5412
1129 29811 1091 5285
1533 40508 931 5494
1065 27970 956 5403
1287 34821 1227 5320
1307 32417 1106 5307
1180 28674 1033 5396
1081 28042 905 5453
1324 32989 937 5475
1100 26934 1013 5322
1213 31062 1058 5375
1188 30690 989 5317
1311 32994 1079 5450
1301 31491 952 5404
1318 33720 984 5311
1174 30837 1033 5375
1114 29563 949 5428
1080 28692 959 5261
1060 26460 1013 5349
1092 26845 1059 5352
1120 29353 1006 5307
1147 28427 1077 5307
1242 32262 1121 5304
1122 28667 893 5362
1135 29353 1000 5410
1516 39895 1038 5447
1194 30032 937 5476
1200 30656 1002 5442
1184 28730 1000 5316
1113 29747 974 5371
1121 26873 923 5373
1205 32225 1108 5423
1108 26967 1053 5335
1068 27955 1020 5373
1224 30545 1135 5270
1111 27161 968 5385
1244 31628 1083 5328
1358 32240 1033 5430
1233 31128 1059 5358
1175 29771 1037 5410
1186 28880 902 5380
1148 30625 1000 5305
1114 28236 993 5443
1182 28916 969 5296
1283 32958 1061 5361
1171 28068 975 5443
1139 28164 943 5329
1172 28979 1113 5315
1114 28306 947 5350
1600 40852 1148 5421
1092 28814 1027 5404
1365 35098 974 5417
1280 31165 1099 5331
1319 32035 975 5361
1009 25891 978 5279
980 25612 948 5343
1186 29345 981 5432
1149 28814 1101 5333
1150 28471 1001 5409
1286 31975 1056 5482
1056 26963 970 5342
1055 25592 938 5377
1498 37079 1114 5375
1172 29758 1079 5364
1273 33530 974 5353
1182 30406 1061 5448
1163 30462 993 5396
1098 27055 956 5373
1191 31624 832 5407
1163 30162 1130 5395
1256 32676 1190 5368
1107 28915 1029 5387
1142 28696 1028 5497
1109 28287 954 5430
1008 25904 864 5488
1117 26768 967 5405
1106 27222 975 5458
1327 34446 965 5432
1347 35132 1046 5432
1112 29334 952 5394
1408 32217 1026 5415
1243 29989 1076 5398
1309 33855 1206 5239
1158 29011 1030 5411
1335 31671 1162 5483
1476 38468 1255 5364
1216 31196 936 5317
1052 27055 940 5372
1144 29431 937 5363
1164 28748 1039 5433
1268 30331 1137 5356
1272 31822 1136 5312
1192 28892 1000 5355
1218 31247 1118 5335
1208 30148 1159 5415
1117 26882 943 5398
1116 28138 883 5368
1151 28983 1078 5382
1284 31970 1071 5305
1101 28655 995 5336
1188 29820 974 5326
1227 30289 1059 5332
1158 29550 1060 5383
1215 29686 1031 5300
1198 30577 1024 5370
1308 33501 1098 5419
1196 29755 1008 5328
1161 27358 965 5355
1307 33728 1100 5356
981 25194 947 5372
1131 28943 1063 5330
1264 31078 974 5412
1511 38617 949 5377
1008 26024 947 5359
1373 36067 1157 5321
1174 29914 1021 5401
1167 28811 1002 5465
1130 28229 1105 5367
1076 27992 1030 5441
1206 30351 908 5354
1162 30168 1056 5358
1256 31460 978 5334
1229 31331 1154 5375
1167 29128 985 5385
1033 25586 941 5384
1155 29573 960 5300
1054 26503 868 5406
1207 30330 1079 5278
1207 31655 973 5466
1293 32170 1067 5339
1038 25462 975 5360
1148 27738 1071 5287
1270 30527 1149 5385
1323 34454 1141 5340
1330 35150 1108 5352
1174 31178 1098 5380
1100 26810 922 5326
1280 33045 1080 5352
1219 31273 929 5469
1050 26229 962 5410
1190 31114 1122 5349
1288 33267 1073 5282
1150 29736 1034 5383
1256 30307 1027 5437
1394 33839 1074 5383
1027 26897 944 5437
1241 31176 930 5374
1377 34924 991 5295
1034 26369 940 5375
1156 29956 940 5362
1142 28875 1087 5371
1153 27024 995 5464
1176 30172 1153 5289
1170 28709 875 5435
1147 28727 965 5355
1173 28977 975 5413
1266 31200 1133 5290
1170 31382 1048 5389
1180 31295 990 5339
1230 30248 1143 5330
1029 26384 942 5341
1177 29233 1066 5403
1122 28671 982 5372
1237 32664 1060 5372
1157 30544 980 5407
1183 30628 965 5313
1229 29686 995 5480
1168 28396 1026 5328
1071 27166 968 5329
1175 29379 1116 5433
1181 27948 990 5314
1181 32585 1047 5433
1215 29746 1019 5325
1237 32215 1063 5481
1209 31563 949 5383
1060 27639 955 5322
1339 32647 910 5483
1194 30274 963 5368
1075 27222 917 5430
1131 28745 1023 5382
1202 29917 1058 5274
1362 34270 1150 5398
1380 32842 1105 5333
1393 37683 1069 5427
1252 30538 1168 5327
1337 34148 1095 5364
1227 31171 911 5440
1207 30440 1035 5298
1120 29200 1011 5398
1313 33117 972 5508
1302 33406 1108 5333
1237 31985 1085 5392
1129 28495 990 5321
1055 26677 999 5408
1178 30198 1033 5331
1130 26738 1040 5340
1369 34982 961 5461
1339 33282 1232 5435
1272 33634 1199 5440
1246 31975 1135 5362
1549 41094 1143 5408
1121 28871 1066 5475
1154 30045 1007 5427
1314 34878 1103 5360
1377 31614 978 5395
1151 28537 1066 5350
1199 29722 1081 5454
