2571 138.81
759 16221 759 5057
973 19235 973 5023
694 16366 694 5091
707 17047 694 5084
694 16456 694 5085
948 18913 948 5024
948 18529 948 5025
848 17178 848 5032
923 18183 923 5027
898 17619 898 5029
923 18285 923 5026
923 18183 923 5027
772 16678 772 5048
898 17793 898 5028
848 17025 848 5033
873 17326 873 5031
835 16747 835 5039
772 16420 772 5051
873 17503 873 5030
759 16296 759 5055
898 17793 898 5028
873 17326 873 5031
694 16456 694 5085
710 16292 707 5081
707 17047 694 5084
759 16221 759 5057
747 16522 746 5060
898 17793 898 5028
873 17326 873 5031
898 17793 898 5028
759 16556 759 5054
745 16468 745 5071
710 16323 707 5079
785 16701 785 5043
873 17503 873 5030
824 17056 823 5034
811 16644 810 5041
721 16882 720 5072
835 16747 835 5039
720 16379 720 5073
785 16875 785 5042
707 17047 694 5084
733 16620 733 5068
810 16655 810 5041
835 16747 835 5039
798 17111 798 5036
824 16911 823 5035
785 16701 785 5043
873 17326 873 5031
923 18285 923 5026
745 16468 745 5071
810 16915 810 5040
733 17051 733 5066
786 16691 785 5043
720 16348 720 5075
772 16678 772 5048
798 17111 798 5036
759 16221 759 5057
799 16943 798 5037
823 16922 823 5035
824 16911 823 5035
733 17051 733 5066
707 16845 707 5078
720 16348 720 5075
746 16229 746 5063
747 16522 746 5060
798 17111 798 5036
733 17051 733 5066
810 16915 810 5040
786 16691 785 5043
733 17051 733 5066
720 16348 720 5075
798 16953 798 5037
746 16229 746 5063
799 16943 798 5037
710 16292 707 5081
923 18183 923 5027
733 16613 733 5069
707 16845 707 5078
733 16613 733 5069
710 16292 707 5081
746 16295 746 5061
745 16468 745 5071
772 16468 772 5049
710 16292 707 5081
823 17086 823 5034
733 16620 733 5068
798 17111 798 5036
733 16657 733 5067
772 16678 772 5048
746 16229 746 5063
785 16701 785 5043
745 16462 745 5072
747 16522 746 5060
720 16371 720 5074
720 16371 720 5074
810 16915 810 5040
733 16657 733 5067
746 16295 746 5061
772 16468 772 5049
747 16522 746 5060
898 17793 898 5028
824 16911 823 5035
923 18183 923 5027
707 16845 707 5078
733 17051 733 5066
810 16915 810 5040
798 17111 798 5036
720 16348 720 5075
785 16875 785 5042
710 16323 707 5079
720 16379 720 5073
873 17326 873 5031
785 16701 785 5043
720 16379 720 5073
823 17086 823 5034
785 16875 785 5042
707 16845 707 5078
707 16296 707 5081
710 16323 707 5079
798 17111 798 5036
786 16691 785 5043
707 17047 694 5084
707 16327 707 5079
720 16348 720 5075
746 16535 746 5060
823 16922 823 5035
720 16896 720 5072
824 16911 823 5035
720 16896 720 5072
746 16535 746 5060
747 16522 746 5060
720 16379 720 5073
747 16522 746 5060
746 16295 746 5061
798 17111 798 5036
810 16915 810 5040
786 16691 785 5043
798 16953 798 5037
746 16229 746 5063
720 16379 720 5073
810 16915 810 5040
785 16875 785 5042
745 16468 745 5071
733 17051 733 5066
707 16327 707 5079
710 16323 707 5079
733 17051 733 5066
710 16292 707 5081
707 16296 707 5081
785 16875 785 5042
759 16221 759 5057
710 16292 707 5081
759 16221 759 5057
772 16468 772 5049
733 17051 733 5066
759 16221 759 5057
733 17051 733 5066
873 17503 873 5030
823 16922 823 5035
746 16535 746 5060
733 17051 733 5066
720 16379 720 5073
707 17047 694 5084
759 16221 759 5057
710 16323 707 5079
733 17051 733 5066
747 16522 746 5060
772 16468 772 5049
898 17793 898 5028
799 16943 798 5037
785 16875 785 5042
772 16678 772 5048
707 17047 694 5084
745 16468 745 5071
747 16522 746 5060
772 16678 772 5048
785 16875 785 5042
710 16323 707 5079
710 16292 707 5081
720 16379 720 5073
707 16296 707 5081
759 16221 759 5057
823 16922 823 5035
785 16875 785 5042
785 16875 785 5042
873 17503 873 5030
923 18183 923 5027
720 16379 720 5073
759 16221 759 5057
898 17793 898 5028
747 16522 746 5060
873 17326 873 5031
747 16522 746 5060
733 16613 733 5069
873 17326 873 5031
923 18183 923 5027
747 16522 746 5060
746 16229 746 5063
873 17326 873 5031
923 18183 923 5027
759 16221 759 5057
786 16691 785 5043
710 16323 707 5079
694 16456 694 5085
720 16348 720 5075
720 16348 720 5075
710 16292 707 5081
746 16535 746 5060
747 16522 746 5060
747 16522 746 5060
710 16323 707 5079
785 16875 785 5042
785 16701 785 5043
733 16620 733 5068
747 16522 746 5060
824 16911 823 5035
746 16295 746 5061
923 18183 923 5027
746 16229 746 5063
707 16845 707 5078
710 16323 707 5079
745 16468 745 5071
694 16456 694 5085
745 16468 745 5071
823 16922 823 5035
746 16535 746 5060
720 16379 720 5073
707 17047 694 5084
733 16657 733 5067
785 16701 785 5043
707 16845 707 5078
707 16327 707 5079
720 16348 720 5075
898 17793 898 5028
798 17111 798 5036
923 18183 923 5027
823 16922 823 5035
873 17326 873 5031
710 16323 707 5079
707 16296 707 5081
772 16468 772 5049
759 16221 759 5057
923 18183 923 5027
923 18285 923 5026
873 17503 873 5030
694 16456 694 5085
772 16678 772 5048
873 17326 873 5031
923 18183 923 5027
798 17111 798 5036
710 16292 707 5081
759 16221 759 5057
799 16943 798 5037
799 16943 798 5037
786 16691 785 5043
799 16943 798 5037
720 16379 720 5073
785 16875 785 5042
747 16522 746 5060
733 17051 733 5066
720 16348 720 5075
923 18285 923 5026
759 16221 759 5057
710 16323 707 5079
707 17047 694 5084
759 16221 759 5057
707 16845 707 5078
710 16292 707 5081
772 16678 772 5048
823 16922 823 5035
798 17111 798 5036
694 16456 694 5085
707 16845 707 5078
785 16875 785 5042
746 16229 746 5063
710 16292 707 5081
873 17326 873 5031
720 16896 720 5072
720 16379 720 5073
785 16875 785 5042
720 16379 720 5073
707 16296 707 5081
786 16691 785 5043
720 16348 720 5075
720 16348 720 5075
898 17793 898 5028
710 16323 707 5079
873 17326 873 5031
720 16379 720 5073
923 18285 923 5026
707 16845 707 5078
707 17047 694 5084
786 16691 785 5043
785 16875 785 5042
710 16323 707 5079
707 16296 707 5081
707 17047 694 5084
746 16535 746 5060
720 16348 720 5075
