18649 900.016
1094 26950 1026 5073
1076 26092 759 5147
1082 27721 1016 5063
1059 26706 817 5225
1205 29121 1063 5063
930 23794 812 5195
1170 29391 1006 5085
1177 30775 751 5214
1143 28068 944 5142
1111 26661 955 5119
1018 26598 806 5333
1167 28967 1097 5112
1050 25749 1015 5037
946 24871 805 5084
1083 25747 1036 5015
1171 29477 949 5088
945 24073 816 5069
1024 25427 960 5062
910 23459 822 5161
1137 28542 889 5191
1125 27581 825 5080
1164 28881 1000 5042
962 25636 758 5085
891 23004 707 5161
1024 24485 936 5026
996 26159 781 5168
965 23538 768 5216
1211 29290 1059 5068
913 23345 766 5281
945 25027 721 5310
995 24891 993 5030
1289 30934 1021 5094
1029 27803 798 5251
1062 24942 1033 5039
1044 26074 892 5107
1017 26036 830 5117
1131 28340 1045 5036
987 24559 720 5103
922 24019 780 5155
987 24281 814 5195
979 26386 740 5159
913 23182 759 5192
1013 25321 694 5243
898 23786 707 5133
861 23771 752 5345
993 25978 803 5130
1056 27013 888 5057
1040 26010 902 5095
911 24415 811 5320
1095 25609 984 5068
1003 25203 936 5031
903 23003 727 5089
1258 33709 757 5140
987 25508 694 5142
1187 28638 990 5138
1122 27671 1051 5058
1076 27103 788 5185
967 26268 759 5097
1018 24792 852 5112
988 24586 734 5127
983 25847 862 5075
1031 26567 741 5122
949 25021 694 5231
1274 34271 868 5233
948 25005 852 5050
848 22532 810 5264
893 22962 707 5090
1242 30284 1005 5119
1220 29616 1065 5035
961 24289 832 5091
912 23737 788 5193
1012 25632 694 5106
921 23790 748 5279
898 23533 831 5068
1048 26110 891 5070
976 25540 772 5050
1076 27882 799 5095
1025 24796 747 5324
1238 30323 955 5045
1121 28349 707 5167
959 25045 761 5191
961 24479 714 5304
943 23880 767 5112
1034 26628 824 5115
1111 28869 992 5086
1328 32337 1088 5056
1069 27692 868 5087
1006 25227 915 5049
1132 27876 961 5113
954 24185 812 5121
900 24356 721 5232
1047 25973 893 5222
1231 28952 1045 5198
938 23771 734 5225
980 25831 849 5105
974 23561 818 5110
982 26040 821 5144
973 25591 781 5134
1014 25124 779 5076
1084 26109 972 5134
1042 26450 773 5116
981 25084 832 5108
1147 30513 741 5178
891 23831 745 5216
951 24514 774 5282
1019 26131 852 5169
1013 25302 740 5119
1024 25108 833 5241
1076 27942 818 5288
883 23189 773 5262
1096 28850 918 5210
964 24481 830 5086
1296 32476 1109 5193
908 24020 745 5122
1056 27640 734 5095
1024 25738 753 5082
922 23064 793 5145
1067 26518 927 5080
884 22647 707 5182
1096 26726 869 5094
1005 25454 895 5168
973 24716 843 5055
986 24637 766 5304
831 21693 707 5110
924 23232 759 5070
939 24683 842 5111
1177 28263 897 5172
929 24281 841 5132
1210 32345 889 5402
1174 29316 844 5071
1134 28672 937 5102
1042 26227 761 5322
986 24742 806 5092
884 23803 760 5127
1045 26438 788 5128
1100 28385 967 5137
1051 26337 829 5095
1130 28602 995 5102
919 24213 817 5056
1181 28024 1058 5074
1063 29274 773 5368
957 24715 694 5299
1121 26133 910 5374
1151 26260 1067 5111
1094 27953 936 5152
1129 27397 1025 5085
1162 29919 997 5105
1113 27753 977 5096
1013 27162 739 5185
1078 25874 959 5078
1085 26144 721 5139
1209 28662 1080 5121
1004 23886 778 5290
964 25270 837 5050
1144 30046 1041 5159
1220 29881 985 5222
1024 26188 944 5134
999 23942 786 5239
881 23009 752 5289
1149 29346 1058 5021
1018 23936 933 5064
1129 28334 895 5070
1231 28971 1033 5052
1013 26117 956 5089
1099 27863 880 5366
1172 29057 1063 5047
1146 28574 928 5115
1043 28230 761 5234
1172 29133 964 5088
1026 25986 799 5146
923 23258 714 5213
1037 27083 785 5074
1200 27963 1035 5072
1029 26441 889 5231
927 23507 786 5239
943 23805 707 5088
1200 30651 1058 5288
952 24476 854 5108
893 22304 754 5111
966 25414 808 5356
892 22755 754 5109
1034 27194 734 5138
926 24769 811 5241
1030 25401 767 5171
814 20695 746 5299
1168 28864 943 5127
1049 27697 1011 5212
1101 29397 811 5067
900 23600 766 5264
1105 26861 761 5207
1103 26508 893 5071
1174 30855 779 5096
1004 25199 720 5111
1022 25390 798 5083
1009 24766 841 5125
868 22686 799 5154
994 25610 887 5068
1119 29287 869 5545
1153 28210 950 5135
1112 28666 788 5317
936 24337 748 5172
908 22252 819 5055
1009 25572 766 5143
998 25675 805 5124
844 22230 694 5200
1069 27199 848 5131
1012 25647 895 5064
1242 30389 1104 5104
1261 29107 948 5202
1123 27038 977 5169
1099 28691 707 5110
928 23705 827 5133
1045 27306 761 5141
1144 28662 821 5126
1015 25378 781 5133
1246 32611 791 5092
1021 26141 772 5305
1011 27123 818 5115
910 23516 760 5088
887 22970 714 5123
1097 29115 793 5297
1061 25829 861 5172
1183 30279 817 5130
1238 28454 1135 5044
946 23836 792 5133
1032 26859 795 5467
1027 26501 872 5063
983 24976 835 5282
1030 26202 741 5195
1082 27599 870 5124
956 23786 727 5097
1068 28324 768 5135
959 24924 714 5114
1203 29108 1095 5089
1013 25006 835 5134
1056 28495 752 5135
985 24104 793 5077
1273 29112 1081 5087
1177 28891 1083 5101
1103 27691 988 5045
1106 28699 770 5132
1159 29136 1036 5013
1109 29901 780 5099
863 22464 694 5160
1055 26455 741 5126
999 26609 833 5081
1076 27885 936 5034
1062 27182 694 5241
999 25205 826 5083
1078 26377 1036 5081
1134 27889 1050 5025
942 23054 796 5079
924 23935 721 5233
1027 25319 853 5078
1180 28192 1021 5122
925 24250 694 5137
1014 26565 754 5118
1113 26122 1031 5022
920 24703 809 5140
1099 27751 801 5218
1011 25209 867 5105
960 25381 759 5225
1163 28690 972 5125
1121 27134 885 5213
927 23510 797 5063
1055 26497 856 5298
988 24731 946 5096
919 24159 825 5163
978 26521 694 5157
910 22652 792 5076
986 24953 865 5254
1066 26991 875 5043
958 25466 785 5058
1098 25097 815 5180
879 22938 772 5066
1102 27237 974 5177
972 25615 721 5251
988 26057 779 5127
926 24025 798 5193
923 23606 881 5052
868 21669 714 5117
1115 26249 1001 5034
860 21494 694 5156
1197 29531 807 5120
1034 25501 901 5137
1008 26384 901 5210
1164 28785 1043 5099
906 24136 694 5100
966 24977 807 5164
943 23863 741 5178
914 23831 754 5096
995 25582 707 5080
1142 28827 938 5074
989 24673 721 5286
1020 26294 936 5027
1058 27502 799 5165
941 23613 727 5110
1052 25483 945 5093
887 21249 829 5089
923 23988 806 5400
