1086 34.4684
932 24336 746 5218
965 24004 868 5079
1177 28899 1134 5098
1009 25397 910 5074
1019 23973 781 5408
1177 29316 897 5156
1003 25727 826 5173
1119 28795 892 5117
1191 31537 873 5215
1173 29722 1065 5047
1271 29926 1123 5062
1221 29867 1125 5084
1304 31778 1063 5064
1056 25907 1013 5053
1398 30796 1013 5060
1206 29110 1170 5170
862 23191 831 5217
1066 27422 948 5075
925 22974 694 5141
1365 36801 754 5268
981 25125 754 5165
1067 27191 962 5262
1076 27650 970 5106
1134 28754 962 5202
976 23858 873 5068
1090 27713 973 5132
970 23164 835 5134
1076 26100 901 5120
1045 26636 887 5105
1206 30328 992 5093
1329 33314 965 5133
1139 27942 925 5074
990 25355 849 5115
1048 25457 936 5049
1059 26707 900 5188
1060 26357 892 5182
1121 28689 973 5201
1181 30476 867 5267
1348 33977 1196 5224
1122 28677 945 5106
1140 29360 1095 5164
1110 28859 898 5160
1006 26878 809 5223
1280 33730 962 5234
846 21510 739 5199
1077 27572 850 5136
866 21903 765 5241
1077 27770 959 5181
1092 26559 972 5093
970 25413 823 5239
1031 26695 890 5143
881 21879 759 5136
1022 25920 798 5158
1247 28681 1057 5143
1062 26103 784 5117
1217 31594 1044 5162
1147 28022 1043 5219
1063 27416 1002 5088
918 23261 810 5120
1057 27192 892 5178
1310 33453 1188 5182
1245 32559 901 5184
951 25361 842 5282
1177 28402 999 5147
1148 28992 924 5313
1209 29586 1152 5146
1013 25883 848 5107
1115 27496 1111 5290
1198 29709 1001 5071
1132 28336 856 5172
1009 27495 948 5095
1268 32989 941 5233
1144 28332 890 5105
1213 29720 946 5227
1057 28206 865 5333
1005 24835 965 5191
1049 24993 873 5077
1113 30125 909 5158
1023 25586 798 5199
1131 28846 860 5150
1170 29234 1073 5276
1058 27044 1015 5082
1003 24674 940 5142
903 23316 778 5172
997 25017 862 5107
1156 29125 917 5212
1083 29364 801 5229
1080 27265 886 5167
1159 28678 1145 5270
960 23611 694 5185
969 25165 886 5123
1147 28941 906 5143
1076 27879 784 5107
997 25563 778 5155
1250 32457 1157 5091
1029 24292 719 5194
1031 27035 885 5301
1324 30970 1129 5173
940 23753 779 5175
1033 27030 792 5225
1102 28216 1074 5080
969 24482 746 5123
1250 31417 908 5149
1209 29862 1099 5160
966 25379 919 5097
1131 26701 719 5216
901 24565 778 5256
908 22731 831 5302
1051 26311 819 5265
1057 27331 1039 5104
1148 28527 1042 5191
1145 29228 958 5071
1129 27006 849 5122
981 24108 757 5246
897 23092 819 5157
1009 24939 943 5104
983 25842 752 5140
833 21563 766 5101
1226 29950 1089 5180
1004 25924 866 5099
970 25619 792 5142
970 24501 847 5131
969 24554 745 5134
1308 33548 919 5103
1078 27964 823 5102
974 23401 886 5094
982 24461 840 5388
1062 26218 957 5120
999 26131 863 5120
1027 27134 959 5197
1102 26362 907 5121
1027 26669 885 5081
1101 27708 974 5149
941 24471 810 5083
1079 27246 972 5102
938 21695 771 5227
1012 25961 811 5170
1181 28694 1090 5172
999 25302 837 5085
975 25545 721 5226
1154 29365 967 5321
1122 30475 747 5137
1178 28448 1099 5141
1204 28767 968 5094
970 24569 909 5187
1013 25904 917 5110
998 26342 694 5159
1250 31047 1107 5096
992 24497 761 5354
975 24715 807 5274
1044 25532 804 5260
1024 26742 986 5071
1243 31676 1112 5073
1290 32397 1216 5167
1087 26075 746 5269
1147 29237 1112 5084
1166 28147 1092 5143
1165 28303 989 5091
1082 25493 757 5208
918 23651 795 5137
901 22747 721 5244
1043 25141 795 5135
1290 32795 1200 5304
1238 30039 823 5070
905 22981 747 5219
1102 29426 882 5114
950 25232 854 5128
1183 28234 1006 5064
895 22922 714 5277
1036 25578 922 5100
1188 31446 959 5185
1082 27026 817 5167
1034 26145 925 5079
1074 26035 988 5102
882 23592 806 5152
1043 27864 773 5210
969 24819 807 5120
1025 25322 871 5091
1073 26817 917 5101
1125 29087 804 5191
1032 23677 832 5168
1032 25985 856 5184
1010 25337 895 5204
1110 27306 1011 5044
1075 28240 922 5223
1082 28142 873 5100
1171 29979 959 5094
1241 31380 1016 5211
959 24797 881 5221
955 23785 746 5293
1052 24712 949 5092
905 23072 766 5155
1171 31676 863 5204
1284 33140 1014 5122
1224 30793 849 5234
1140 31064 891 5351
958 25072 773 5162
1310 32592 1186 5148
1079 28213 938 5201
1133 28275 995 5065
930 24059 822 5125
915 23078 727 5192
1067 26110 972 5117
1166 28484 1056 5058
991 25167 791 5155
938 23499 720 5134
1062 25654 1029 5154
912 24189 831 5175
1251 31963 1027 5136
1030 25465 854 5194
1103 27574 1082 5150
968 23878 721 5154
1199 30017 1124 5252
941 23575 808 5155
1027 25603 920 5167
992 25428 798 5151
1154 30462 992 5116
1090 27130 945 5070
1121 26365 1015 5139
979 23238 918 5086
955 23973 837 5148
1013 25468 865 5294
958 24080 909 5247
996 26070 814 5253
1176 29710 1044 5184
1086 27609 924 5176
1037 26236 864 5168
1009 26770 800 5207
959 25072 773 5101
1002 26068 900 5158
1237 31626 1030 5128
1177 28289 926 5142
1010 26657 970 5349
1122 27135 1069 5129
1053 26487 995 5113
1008 25301 835 5118
1110 27691 913 5128
925 23807 770 5162
944 23802 798 5167
1036 26853 953 5164
1151 28214 1121 5269
1096 26176 746 5205
1179 29173 1058 5189
1123 26786 1066 5179
1073 26231 933 5155
1218 27290 956 5081
1090 27412 924 5123
1015 26198 913 5173
1122 28701 927 5217
1011 24170 771 5094
999 24942 747 5168
1089 27980 895 5082
1134 25973 951 5113
1089 28890 784 5177
1143 26419 896 5206
1182 29403 1076 5077
1100 27710 859 5281
1163 28128 1099 5124
1353 32714 1111 5188
995 25935 781 5146
1114 28053 1046 5183
1059 26219 951 5120
1032 26134 811 5268
1068 26729 721 5175
1135 28004 1026 5225
1061 25609 884 5183
1090 27414 842 5101
1157 29971 848 5275
1155 29108 798 5135
1057 26581 893 5112
1130 29472 1039 5108
1155 28711 961 5096
1073 27893 963 5062
1337 33660 1107 5190
1065 27213 892 5120
1002 24855 822 5123
1016 24431 784 5156
1070 27544 774 5128
1180 29050 1056 5133
1192 30529 888 5146
1181 27433 1078 5052
1139 28104 894 5208
1109 28356 1033 5203
962 25026 810 5166
959 24038 885 5080
1086 27516 833 5103
1268 30560 1106 5040
1137 28804 1013 5068
899 23062 694 5149
995 23817 753 5210
1003 25991 753 5244
994 24163 727 5201
975 26286 771 5098
1006 26166 887 5181
1011 25741 995 5183
965 24734 772 5265
1151 28383 881 5117
1154 30159 832 5163
1187 28488 1001 5197
971 24872 818 5137
