4 0.214658
1095 29356 1068 5439
1134 28351 1134 5340
1144 29050 940 5347
1223 29677 1202 5322
1089 27344 1081 5356
1027 26212 988 5432
1189 27913 1064 5465
1096 27413 953 5354
1096 27413 953 5354
1009 25291 985 5389
1113 28204 1027 5357
1066 26412 983 5393
1121 27798 1113 5415
1063 25789 1059 5419
1114 26872 1065 5388
1210 31270 1163 5340
1142 27150 1090 5466
969 25747 897 5330
1003 25296 995 5437
1143 28168 1109 5456
1067 26868 1067 5424
1044 26796 1030 5468
1154 27831 1098 5381
1037 25751 994 5477
1152 27662 1144 5419
975 24478 966 5367
1122 27826 1100 5344
1112 27832 1110 5419
1089 27535 1035 5434
1059 26906 978 5384
1027 26685 967 5435
1059 27278 1050 5448
1082 26106 1055 5438
1188 28043 1113 5388
1025 27324 983 5384
1102 26375 1077 5447
1060 26273 1033 5376
1062 26590 969 5389
1021 26784 982 5346
994 24386 888 5366
1073 26899 1073 5339
1126 26231 1078 5447
1102 27360 1051 5441
1163 27276 1122 5345
1052 26538 983 5461
1099 26307 1034 5405
1121 28150 1062 5374
1089 27535 1035 5434
1080 27583 1069 5414
1119 26480 1101 5288
1085 27117 1050 5403
1058 27351 1010 5418
1064 27193 994 5326
1073 27401 1041 5400
1042 28071 1009 5398
1089 27153 1039 5370
1179 27981 1046 5386
1014 25834 980 5312
1049 26839 1002 5450
1114 26896 1031 5431
1072 25057 1025 5409
1123 27714 1119 5395
1036 25398 1006 5436
1089 27249 974 5420
1140 27964 1062 5401
1109 29166 1082 5452
1096 27662 1067 5365
1073 27331 1027 5410
1021 26784 982 5346
1011 26506 949 5350
1084 25623 975 5418
1063 27423 1026 5376
1066 26412 983 5393
993 25829 948 5361
1051 26862 998 5349
1015 26473 915 5366
1066 26954 1064 5344
1088 26638 1063 5328
1195 28548 1074 5339
1131 27549 1076 5461
1070 27344 1054 5427
1100 26827 1064 5410
1075 27618 1054 5431
1075 27191 1059 5435
1094 27560 1074 5381
1045 27628 1023 5407
1034 26889 993 5338
1005 25400 965 5407
993 24612 976 5464
1064 26789 1029 5422
1143 27532 1086 5429
1064 27193 994 5326
1096 26397 1060 5353
1148 28202 1148 5380
1072 26514 1031 5382
1089 27418 1051 5420
1049 27348 1042 5424
1024 25492 1018 5407
1065 26619 983 5377
1141 27731 1043 5358
1059 26299 980 5444
1027 26149 962 5433
1062 26340 1000 5373
1067 26868 1067 5424
1142 28960 993 5363
1142 27150 1090 5466
1062 26590 969 5389
1125 27645 1029 5419
1114 26896 1031 5431
1013 26170 928 5310
1115 26576 1115 5388
1020 26469 970 5416
1050 27089 1027 5413
1075 26313 1007 5431
1126 26231 1078 5447
1135 28012 1066 5303
1114 26968 1039 5326
1188 28043 1113 5388
1082 26210 1082 5415
1096 27662 1067 5365
1166 26888 1101 5408
1041 26577 929 5354
1226 28179 1217 5361
1037 27403 1027 5446
1033 25638 963 5332
1115 26576 1115 5388
1073 26247 1073 5481
1132 27918 1032 5362
1063 27315 1033 5439
1107 27480 1065 5404
1144 29050 940 5347
1063 27397 1046 5445
1156 27562 1115 5438
1114 26968 1039 5326
1091 27917 1007 5381
1060 25785 1043 5282
1068 26762 1028 5413
1057 26023 991 5347
1026 26637 982 5354
1179 27981 1046 5386
1073 26247 1073 5481
1085 26819 1064 5428
1121 27176 1085 5378
1014 26610 994 5360
1119 26480 1101 5288
1093 27654 1047 5325
1052 26538 983 5461
1066 27676 994 5384
1159 28317 1148 5439
1057 26023 991 5347
1036 25398 1006 5436
1116 27565 989 5414
1105 26764 1062 5424
1098 27540 1098 5411
1034 26569 987 5428
1137 27554 1102 5409
1102 27360 1051 5441
1052 26878 1052 5437
963 25340 952 5325
1089 27156 1089 5398
1118 27571 1111 5432
1099 26307 1034 5405
1060 25785 1043 5282
1027 26149 962 5433
1059 25560 1033 5434
1116 27042 1106 5376
1129 27437 1105 5422
1081 26140 1001 5440
975 24478 966 5367
1065 27982 922 5341
1020 26469 970 5416
1006 26799 984 5370
1106 27391 1041 5316
1034 25179 957 5385
1064 26971 1032 5421
1037 27403 1027 5446
1009 25291 985 5389
1156 27562 1115 5438
1097 28135 1063 5421
1068 27762 1016 5425
1070 27344 1054 5427
1116 27042 1106 5376
994 24386 888 5366
1027 26149 962 5433
1053 25810 1008 5441
1107 25209 1091 5460
1011 26506 949 5350
1107 25209 1091 5460
1112 27832 1110 5419
1085 27199 1078 5392
1050 26032 1014 5391
1063 27397 1046 5445
1110 28006 1028 5450
1045 27628 1023 5407
1120 27226 1120 5407
1041 26577 929 5354
1133 27912 1091 5361
1060 26273 1033 5376
1132 27303 1101 5454
1093 27366 884 5382
1069 26822 1069 5374
1129 28049 1117 5387
1012 25553 956 5355
1085 27199 1078 5392
980 25250 921 5367
1012 25553 956 5355
1104 28538 1011 5405
1087 27067 1063 5331
993 25829 948 5361
1133 27912 1091 5361
1098 27540 1098 5411
1059 26299 980 5444
1072 26514 1031 5382
1118 27571 1111 5432
1037 27403 1027 5446
1066 27702 1039 5467
1088 26638 1063 5328
1098 27523 1047 5403
1050 26032 1014 5391
1073 26725 1048 5411
1106 27858 1062 5466
1139 27648 1139 5400
1177 27926 1046 5380
1034 25179 957 5385
1114 27684 1100 5436
969 25747 897 5330
1059 26906 978 5384
1005 25400 965 5407
1095 27959 1030 5434
1011 27101 942 5436
1055 27080 993 5391
1098 27523 1047 5403
1062 27689 1006 5439
1068 26730 996 5401
1027 26212 988 5432
1148 28508 1022 5322
1075 27108 1039 5406
1129 27725 1086 5400
1042 26897 1007 5335
1081 26140 1001 5440
1064 26789 1029 5422
1027 26685 967 5435
993 24612 976 5464
1068 27762 1016 5425
1047 26486 1020 5408
1160 28038 1084 5330
1066 27676 994 5384
1088 27567 1087 5446
1053 25810 1008 5441
1112 26570 1028 5433
1114 26872 1065 5388
1062 26340 1000 5373
1073 26725 1048 5411
1032 26214 1005 5328
1118 26695 1032 5387
1106 27583 1014 5388
980 25250 921 5367
1015 26473 915 5366
1142 28960 993 5363
1032 26214 1005 5328
1003 25296 995 5437
1025 27324 983 5384
1058 26889 1020 5414
1141 27457 1071 5435
1127 27493 1121 5391
1049 26839 1002 5450
1143 27532 1086 5429
1118 26695 1032 5387
1063 27999 989 5408
1047 26486 1020 5408
1139 27648 1139 5400
1126 28016 1084 5377
1087 27067 1063 5331
1027 25487 983 5379
1141 27731 1043 5358
1085 26819 1064 5428
1069 26822 1069 5374
1156 27562 1115 5438
1084 25623 975 5418
1122 27826 1100 5344
1126 28024 1055 5384
1091 28235 1016 5398
1106 27391 1041 5316
1094 27560 1074 5381
1072 25057 1025 5409
1088 27651 1059 5363
1034 26569 987 5428
1096 26397 1060 5353
1152 27662 1144 5419
1148 28202 1148 5380
1093 27366 884 5382
1113 26839 1049 5432
1044 26796 1030 5468
1185 28358 1111 5356
1114 27684 1100 5436
1059 25560 1033 5434
1037 25751 994 5477
1073 27401 1041 5400
1042 28071 1009 5398
1108 28094 1035 5329
