1 0.0857697
1041 26802 972 5375
1095 25260 1034 5384
1105 28603 1059 5353
1134 27959 1107 5324
1016 26633 1002 5416
1110 26811 1062 5370
985 25352 964 5419
1104 27362 1095 5372
1162 28523 995 5352
1129 29706 1129 5346
1063 28307 1037 5379
1145 28719 1091 5354
1083 29009 978 5398
1127 29183 995 5379
1131 26182 1121 5391
1152 28048 1141 5352
1145 26588 1081 5390
1181 30196 1168 5335
1157 27426 1033 5391
1089 27889 1042 5401
1162 27542 1105 5387
1002 25553 978 5430
1101 27723 1071 5405
1211 32208 1138 5349
1083 27873 1079 5413
1118 27769 1105 5395
1141 28418 1132 5377
1210 30870 1083 5377
1282 31466 1200 5332
1097 28007 1041 5423
1148 28144 1076 5395
1248 33102 1061 5363
1288 31955 1209 5330
1084 28135 1053 5434
1129 29772 1017 5379
1133 28320 1067 5390
1204 29106 1173 5355
1109 27617 1093 5433
1120 27829 1104 5410
1211 30454 1107 5355
1169 27839 1106 5399
1174 29327 1035 5384
1189 30550 1128 5355
1225 30630 1203 5345
1147 27665 1073 5439
1117 29892 1081 5407
1145 29424 1028 5428
1168 29252 1086 5381
1207 31205 1010 5475
1193 29609 1154 5369
1180 28943 1053 5410
1184 30230 1167 5367
1236 32132 1202 5343
1200 30800 1115 5367
1213 30703 1102 5376
1146 28062 1127 5408
1184 31240 1137 5375
1175 29561 1174 5380
1213 30382 1164 5364
1149 29184 1024 5492
1295 33416 1191 5337
1309 33419 1182 5337
1320 32552 1258 5340
1183 29636 1170 5423
1166 30598 1095 5404
1145 29649 1145 5390
1111 29478 1092 5452
1124 29666 1021 5389
1239 32220 1184 5340
1230 30790 1180 5412
1091 27831 995 5459
1181 30343 1132 5444
1171 29399 1120 5468
1153 30872 1110 5367
1072 26973 1049 5421
1180 30228 1166 5427
1248 31970 1158 5478
1097 28854 1055 5422
1231 30504 1176 5422
1165 30862 1109 5423
1278 33354 1101 5474
1144 28928 1106 5374
1205 31015 1189 5382
1166 29869 1129 5323
1271 32679 1116 5406
1348 34788 1176 5324
1225 31033 1140 5497
1236 32218 1056 5439
1190 29473 1113 5403
1276 32313 1217 5416
1273 33541 1011 5463
1284 31947 1083 5371
1093 26985 1075 5429
1163 27292 1085 5400
1100 29046 1000 5392
1095 28278 1072 5403
1252 31386 1149 5432
1089 26189 1025 5320
1216 30922 1151 5426
1082 27222 1082 5362
1084 27594 1069 5423
1199 30863 1148 5467
1233 31420 1053 5438
1143 28647 1083 5379
1266 33497 1158 5460
1277 31543 1235 5444
1204 31052 1083 5384
1241 31146 1180 5330
1211 29311 1211 5419
1014 25111 934 5404
1187 29019 1181 5389
1299 32901 1264 5320
1190 29505 1086 5376
1262 32792 1155 5438
1179 29537 1090 5397
1356 34530 1278 5428
1269 31815 1254 5418
1331 33088 1153 5410
1151 30422 1014 5419
1123 29403 998 5397
1207 31741 1073 5463
1151 29477 953 5364
1179 29667 1041 5482
1189 29815 1139 5419
1170 30927 1113 5406
1111 29284 1046 5369
1275 30323 1170 5473
1110 29255 1063 5351
1176 29476 1110 5492
1196 29812 1122 5394
1312 32314 1130 5386
1153 29739 1074 5408
1231 31767 1131 5480
1253 31412 987 5409
1274 31352 1123 5458
1208 28582 1136 5463
1190 31724 1156 5402
1160 31103 1098 5327
1312 31689 1290 5478
1235 32622 1131 5459
1171 30349 1145 5336
1209 30376 1209 5395
1087 26114 1067 5405
1174 30224 1174 5383
1271 30726 1051 5356
1175 28394 1061 5406
1117 27950 976 5371
1198 30118 1138 5376
1251 31461 1184 5401
1143 29599 1122 5371
1246 30900 1124 5435
1095 27867 1030 5407
1161 30251 1099 5465
1292 32107 1147 5420
1205 29281 1116 5397
1189 29799 1125 5423
1220 32457 1017 5401
1243 31620 1184 5364
1217 32517 1038 5429
1248 31387 1191 5343
1150 28642 1136 5424
1295 32683 1092 5444
1041 26693 1041 5362
1309 34752 990 5465
1126 27784 1093 5414
1170 27928 1153 5434
1124 28146 1124 5401
1189 30317 1100 5351
1262 33294 1236 5396
1240 31375 1078 5475
1068 28150 1035 5416
1138 29622 1127 5423
1187 30791 1113 5416
1070 28478 995 5368
1140 28261 1030 5392
1269 32264 1169 5416
1164 30282 1105 5357
1247 31261 1178 5376
1228 30464 1080 5407
1146 29535 1036 5414
1168 28687 1098 5411
1280 32674 1184 5343
1143 30249 1130 5420
1204 31988 1053 5396
1222 31071 1079 5406
1182 30228 1123 5395
1175 29641 1175 5353
1198 32561 1182 5485
1305 32865 1071 5427
1192 31439 1141 5412
1126 29416 1078 5426
1223 32119 1121 5442
1206 30135 1206 5376
1143 28866 1064 5378
1105 28403 1101 5368
1174 30154 1104 5426
1204 31259 1200 5405
1243 29961 1157 5384
1258 31970 1205 5464
1036 25555 1032 5390
1135 29839 1013 5381
1136 28636 1058 5473
1131 29270 1095 5417
1137 29815 1137 5425
1158 29492 1137 5381
1144 28003 1102 5379
1164 28373 1024 5402
1097 28687 1080 5416
1227 32047 1183 5363
1182 31326 1114 5403
1207 30841 1164 5417
1292 31345 1203 5421
1398 35235 1235 5481
1283 32387 1163 5453
1196 30547 1097 5372
1200 28892 1188 5395
1230 29211 1157 5430
1185 29519 1116 5504
1217 30059 1108 5340
1120 28540 1040 5469
1112 27575 1058 5356
1168 30728 1082 5465
1150 28329 1050 5474
1464 35940 1232 5425
1277 32970 1168 5448
1205 30066 1079 5357
1084 28143 1034 5448
1211 30723 1038 5399
1192 31922 1079 5491
1084 26662 1002 5379
1151 30171 1054 5397
1349 34449 1144 5404
1138 29664 983 5400
1325 32664 1153 5356
1106 29382 1010 5352
1096 28287 1037 5475
1137 29395 1115 5413
1292 34454 1149 5412
1108 27812 1055 5311
1215 32279 1090 5384
1201 29804 1099 5353
1108 27168 1024 5393
1215 31984 1162 5425
1134 29053 1056 5380
1208 32437 1085 5348
1143 29878 1011 5422
1234 32424 1128 5407
1172 30925 1114 5462
1184 28736 1039 5385
1225 30300 1143 5427
1209 31133 1130 5445
1066 24946 1004 5448
1168 30609 1056 5400
1116 27961 1112 5427
1142 29192 1142 5443
1270 32873 1165 5372
1264 32824 1189 5396
1326 33663 1138 5469
1163 30492 1114 5431
1144 29007 1115 5476
1204 28982 1110 5338
1241 32403 1149 5430
1093 27692 1031 5362
1268 30508 1139 5388
1350 34029 1163 5382
1289 32815 1206 5459
1323 32680 1148 5357
1084 28869 1081 5425
1233 32415 1102 5458
1215 32381 1054 5382
1137 30025 1125 5405
1344 35420 1079 5424
1170 29152 1040 5392
1169 30916 1050 5378
1258 31824 1054 5402
1224 32053 1142 5331
1205 30599 993 5456
1250 31876 1128 5444
1335 32892 1299 5421
1204 30617 1127 5374
1228 32644 1116 5414
1216 30565 1101 5475
1151 30872 1130 5464
1145 30246 1097 5403
1079 27119 1027 5403
1147 29570 977 5381
1123 29832 1091 5415
1294 33962 1218 5379
1091 28832 1078 5397
1124 27744 1089 5385
1316 34260 1157 5374
1131 27867 1056 5440
1117 28914 1033 5350
1069 26957 1032 5351
1249 32553 1052 5416
1194 30255 1102 5410
1196 29076 1086 5370
1127 28673 1124 5378
1117 27566 1064 5434
1133 28992 1091 5424
