12229 488.236
694 16301 694 5096
707 15424 707 5092
972 18221 972 5032
694 16333 694 5090
694 16333 694 5090
989 18171 972 5032
989 18171 972 5032
897 16640 897 5038
964 17526 947 5034
914 16611 897 5038
947 17567 947 5034
939 17065 922 5036
872 16206 872 5040
847 16035 847 5042
733 16123 733 5066
922 17101 922 5036
864 16010 847 5042
889 16181 872 5040
822 15954 822 5044
922 17101 922 5036
707 15933 707 5078
839 15897 822 5046
766 15488 746 5063
922 17101 922 5036
964 17526 947 5034
745 15703 745 5072
720 15667 720 5074
694 16301 694 5096
947 17567 947 5034
939 17065 922 5036
922 17101 922 5036
732 15449 732 5084
708 15875 707 5078
847 16035 847 5042
889 16181 872 5040
872 16206 872 5040
707 15433 707 5086
700 16448 694 5084
707 15565 707 5080
720 15667 720 5074
745 15703 745 5072
733 15989 733 5068
707 15424 707 5092
707 15433 707 5086
780 15715 759 5055
822 15954 822 5044
771 15520 771 5061
694 16487 694 5084
733 15989 733 5068
809 15804 809 5050
759 15824 759 5054
695 16456 694 5084
809 15804 809 5050
772 15817 772 5050
797 15840 797 5048
801 15691 784 5055
720 16009 720 5072
813 15618 796 5056
964 17526 947 5034
733 15989 733 5068
972 18221 972 5032
746 15692 745 5072
826 15727 809 5052
801 15691 784 5055
732 15578 732 5078
780 15715 759 5055
826 15725 809 5053
814 15899 797 5046
897 16640 897 5038
732 15578 732 5078
864 16010 847 5042
707 15424 707 5092
796 15554 796 5059
724 15855 707 5078
707 15565 707 5080
732 15578 732 5078
872 16206 872 5040
839 15897 822 5046
772 15937 772 5048
864 16010 847 5042
797 15840 797 5048
746 15692 745 5072
814 15899 797 5046
714 15547 707 5080
964 17526 947 5034
839 15897 822 5046
922 17101 922 5036
763 15781 759 5054
788 15598 771 5058
772 15937 772 5048
797 15907 797 5046
796 15634 796 5057
714 15869 707 5078
720 16009 720 5072
720 16009 720 5072
780 15656 759 5057
801 15750 784 5053
791 15574 771 5059
759 15792 759 5055
791 15590 771 5058
822 15954 822 5044
771 15520 771 5061
771 15624 771 5058
724 15855 707 5078
826 15725 809 5053
776 15716 759 5056
801 15759 784 5052
809 15786 809 5051
804 15751 784 5052
771 15527 771 5060
700 16448 694 5084
826 15776 809 5050
766 15598 746 5061
780 15727 759 5054
826 15776 809 5050
780 15668 759 5056
791 15495 771 5060
763 15519 746 5062
809 15786 809 5051
767 15457 746 5063
801 15750 784 5053
826 15727 809 5052
763 15778 759 5055
809 15786 809 5051
746 15521 746 5062
767 15551 746 5061
695 16456 694 5084
791 15590 771 5058
813 15523 796 5058
804 15680 784 5055
776 15766 759 5055
784 15752 784 5053
784 15767 784 5052
788 15504 771 5060
766 15511 746 5062
694 16333 694 5090
801 15691 784 5055
779 15699 759 5057
776 15766 759 5055
761 15813 759 5054
791 15472 771 5061
707 15933 707 5078
766 15488 746 5063
797 15840 797 5048
759 15792 759 5055
767 15457 746 5063
761 15813 759 5054
708 15875 707 5078
763 15778 759 5055
780 15668 759 5056
771 15527 771 5060
797 15907 797 5046
804 15732 784 5053
767 15457 746 5063
779 15699 759 5057
732 15449 732 5084
813 15618 796 5056
714 15869 707 5078
767 15471 746 5062
796 15642 796 5056
745 15703 745 5072
804 15680 784 5055
780 15656 759 5057
745 15703 745 5072
746 15692 745 5072
708 15875 707 5078
796 15561 796 5058
707 15424 707 5092
771 15609 771 5059
784 15767 784 5052
788 15504 771 5060
763 15519 746 5062
796 15634 796 5057
771 15609 771 5059
796 15642 796 5056
788 15598 771 5058
746 15601 746 5060
700 16448 694 5084
767 15566 746 5060
763 15496 746 5063
791 15495 771 5060
796 15554 796 5059
788 15504 771 5060
766 15511 746 5062
766 15488 746 5063
796 15561 796 5058
746 15692 745 5072
776 15766 759 5055
759 15709 759 5057
771 15624 771 5058
779 15753 759 5054
708 15875 707 5078
780 15715 759 5055
801 15759 784 5052
763 15781 759 5054
796 15561 796 5058
839 15937 822 5044
776 15707 759 5057
767 15551 746 5061
813 15523 796 5058
714 15547 707 5080
801 15700 784 5054
772 15817 772 5050
746 15601 746 5060
804 15732 784 5053
763 15729 759 5056
779 15708 759 5056
826 15727 809 5052
826 15725 809 5053
763 15778 759 5055
763 15729 759 5056
746 15521 746 5062
839 15897 822 5046
776 15716 759 5056
779 15699 759 5057
804 15751 784 5052
759 15709 759 5057
784 15752 784 5053
763 15496 746 5063
767 15566 746 5060
801 15750 784 5053
767 15471 746 5062
779 15753 759 5054
776 15707 759 5057
791 15472 771 5061
746 15521 746 5062
732 15578 732 5078
745 15703 745 5072
826 15727 809 5052
779 15753 759 5054
809 15786 809 5051
707 15433 707 5086
872 16206 872 5040
809 15786 809 5051
694 16301 694 5096
733 15989 733 5068
939 17065 922 5036
720 16009 720 5072
733 15989 733 5068
714 15547 707 5080
776 15707 759 5057
972 18221 972 5032
779 15699 759 5057
947 17567 947 5034
796 15554 796 5059
809 15786 809 5051
872 16206 872 5040
864 16010 847 5042
847 16035 847 5042
780 15715 759 5055
947 17567 947 5034
922 17101 922 5036
939 17065 922 5036
964 17526 947 5034
745 15703 745 5072
822 15954 822 5044
797 15840 797 5048
796 15634 796 5057
822 15954 822 5044
922 17101 922 5036
714 15869 707 5078
847 16035 847 5042
714 15547 707 5080
708 15875 707 5078
779 15753 759 5054
771 15609 771 5059
695 16456 694 5084
796 15634 796 5057
724 15855 707 5078
707 15933 707 5078
804 15680 784 5055
746 15521 746 5062
826 15776 809 5050
826 15776 809 5050
809 15786 809 5051
779 15699 759 5057
771 15527 771 5060
797 15840 797 5048
695 16456 694 5084
776 15707 759 5057
822 15954 822 5044
707 15933 707 5078
761 15813 759 5054
801 15691 784 5055
788 15504 771 5060
839 15897 822 5046
822 15954 822 5044
864 16010 847 5042
733 15989 733 5068
964 17526 947 5034
763 15496 746 5063
813 15618 796 5056
826 15725 809 5053
780 15727 759 5054
707 15424 707 5092
720 16009 720 5072
847 16035 847 5042
809 15786 809 5051
733 15989 733 5068
897 16640 897 5038
