10870 353.229
694 13832 694 5204
707 13472 707 5186
694 13832 694 5204
1162 25786 1162 5065
707 13502 707 5179
707 13502 707 5179
707 13502 707 5179
707 13502 707 5179
707 13502 707 5179
707 13502 707 5179
707 13502 707 5179
707 13502 707 5179
707 13502 707 5179
707 13502 707 5179
707 13508 707 5179
707 13502 707 5179
707 13502 707 5179
707 13502 707 5179
707 13502 707 5179
707 13502 707 5179
707 13502 707 5179
707 13502 707 5179
707 13502 707 5179
707 13502 707 5179
707 13502 707 5179
707 13502 707 5179
707 13502 707 5179
707 13502 707 5179
707 13580 707 5179
707 13502 707 5179
707 13502 707 5179
707 13502 707 5179
707 13502 707 5179
707 13502 707 5179
710 13810 707 5179
707 13502 707 5179
707 13502 707 5179
707 13502 707 5179
707 13502 707 5179
707 13502 707 5179
707 13502 707 5179
707 13502 707 5179
707 13502 707 5179
707 13502 707 5179
707 13502 707 5179
707 13748 707 5177
707 13502 707 5179
707 13502 707 5179
707 13502 707 5179
707 13515 707 5184
707 13502 707 5179
707 13502 707 5179
707 13472 707 5192
707 13502 707 5179
707 13502 707 5179
707 13502 707 5179
707 13502 707 5179
707 13502 707 5179
707 13502 707 5179
707 13502 707 5179
707 13502 707 5179
707 13512 707 5179
707 13502 707 5179
707 13502 707 5179
707 13502 707 5179
707 13502 707 5179
707 13502 707 5179
707 13502 707 5179
719 13975 707 5176
707 13502 707 5179
707 13502 707 5179
707 13502 707 5179
707 13516 707 5179
707 13502 707 5179
707 13502 707 5179
707 13502 707 5179
707 13502 707 5179
707 13502 707 5179
707 13502 707 5179
707 13502 707 5179
707 13502 707 5179
707 13502 707 5179
707 13748 707 5177
707 13502 707 5179
707 13502 707 5179
707 13502 707 5179
707 13502 707 5179
707 13502 707 5179
707 13502 707 5179
707 13502 707 5179
701 14023 694 5204
707 13502 707 5179
707 13502 707 5179
707 13502 707 5179
707 13502 707 5179
707 13502 707 5179
707 13502 707 5179
707 13502 707 5179
707 13502 707 5179
707 13502 707 5179
707 13502 707 5179
707 13502 707 5179
707 13502 707 5179
707 13502 707 5179
701 14023 694 5204
707 13502 707 5179
707 13502 707 5179
707 13502 707 5179
707 13502 707 5179
707 13502 707 5179
707 13502 707 5179
707 13502 707 5179
707 13502 707 5179
707 13504 707 5179
707 13502 707 5179
707 13502 707 5179
707 13506 707 5179
707 13502 707 5179
707 13502 707 5179
707 13502 707 5179
707 13502 707 5179
707 13502 707 5179
707 13504 707 5179
707 13502 707 5179
707 13502 707 5179
707 13502 707 5179
707 13558 707 5179
707 13502 707 5179
707 13502 707 5179
707 13502 707 5179
707 13502 707 5179
707 13502 707 5179
707 13502 707 5179
707 13502 707 5179
707 13502 707 5179
707 13502 707 5179
707 13502 707 5179
707 13502 707 5179
707 13502 707 5179
707 13502 707 5179
707 13502 707 5179
707 13502 707 5179
707 13502 707 5179
707 13502 707 5179
707 13502 707 5179
707 13502 707 5179
707 13502 707 5179
707 13502 707 5179
707 13502 707 5179
707 13502 707 5179
707 13502 707 5179
707 13502 707 5179
707 13502 707 5179
707 13502 707 5179
707 13502 707 5179
707 13502 707 5179
707 13502 707 5179
707 13502 707 5179
707 13502 707 5179
734 14481 707 5176
707 13502 707 5179
707 13502 707 5179
707 13502 707 5179
707 13502 707 5179
707 13502 707 5179
707 13502 707 5179
707 13502 707 5179
707 13502 707 5179
707 13502 707 5179
707 13502 707 5179
707 13502 707 5179
707 13502 707 5179
707 13502 707 5179
707 13502 707 5179
707 13502 707 5179
707 13502 707 5179
707 13502 707 5179
707 13502 707 5179
707 13502 707 5179
707 13502 707 5179
710 13810 707 5179
707 13502 707 5179
707 13502 707 5179
707 13502 707 5179
707 13502 707 5179
707 13502 707 5179
707 13502 707 5179
707 13502 707 5179
707 13502 707 5179
707 13502 707 5179
707 13502 707 5179
707 13502 707 5179
707 13502 707 5179
707 13502 707 5179
707 13502 707 5179
707 13502 707 5179
707 13502 707 5179
707 13502 707 5179
707 13502 707 5179
707 13502 707 5179
707 13502 707 5179
707 13502 707 5179
707 13502 707 5179
707 13562 707 5179
707 13502 707 5179
707 13502 707 5179
707 13502 707 5179
707 13502 707 5179
707 13502 707 5179
707 13502 707 5179
707 13502 707 5179
707 13502 707 5179
707 13502 707 5179
707 13502 707 5179
707 13502 707 5179
707 13502 707 5179
707 13502 707 5179
707 13502 707 5179
707 13506 707 5179
707 13502 707 5179
707 13502 707 5179
707 13502 707 5179
707 13502 707 5179
707 13502 707 5179
707 13506 707 5179
707 13502 707 5179
707 13502 707 5179
707 13504 707 5179
707 13502 707 5179
707 13502 707 5179
707 13502 707 5179
707 13518 707 5179
707 13502 707 5179
707 13502 707 5179
707 13502 707 5179
707 13502 707 5179
707 13502 707 5179
707 13502 707 5179
707 13502 707 5179
707 13520 707 5179
707 13502 707 5179
707 13502 707 5179
707 13502 707 5179
707 13502 707 5179
707 13502 707 5179
707 13502 707 5179
707 13502 707 5179
707 13502 707 5179
707 13502 707 5179
707 13530 707 5179
707 13502 707 5179
707 13502 707 5179
707 13502 707 5179
707 13502 707 5179
707 13502 707 5179
707 13502 707 5179
707 13502 707 5179
707 13502 707 5179
707 13502 707 5179
707 13502 707 5179
707 13502 707 5179
707 13523 707 5179
707 13502 707 5179
707 13502 707 5179
707 13502 707 5179
707 13502 707 5179
707 13502 707 5179
707 13502 707 5179
707 13502 707 5179
707 13502 707 5179
707 13502 707 5179
707 13502 707 5179
707 13507 707 5179
707 13502 707 5179
707 13502 707 5179
707 13502 707 5179
707 13502 707 5179
707 13502 707 5179
707 13502 707 5179
707 13502 707 5179
707 13502 707 5179
707 13502 707 5179
707 13502 707 5179
707 13502 707 5179
707 13502 707 5179
707 13502 707 5179
707 13502 707 5179
707 13502 707 5179
707 13502 707 5179
707 13502 707 5179
707 13502 707 5179
707 13506 707 5179
707 13502 707 5179
707 13506 707 5179
707 13502 707 5179
707 13472 707 5192
707 13502 707 5179
707 13502 707 5179
707 13502 707 5179
707 13502 707 5179
