14984 482.574
912 21363 758 5091
914 24203 694 5236
1047 26518 752 5207
922 23836 792 5203
883 22215 784 5086
1226 31516 986 5304
1064 26465 986 5017
1118 27463 941 5138
936 23229 766 5349
863 21994 694 5242
1308 31390 1033 5076
984 25786 823 5042
1127 27108 925 5164
1097 27056 777 5146
1054 26052 796 5066
893 23170 788 5327
901 23395 721 5352
1048 26373 836 5056
1026 26771 980 5330
1104 26977 848 5044
1123 27014 753 5122
1059 25651 819 5295
1075 26416 835 5039
919 21591 811 5097
1008 24597 907 5133
931 24154 707 5081
948 23640 798 5418
1108 27540 1033 5102
987 25509 857 5108
1080 29022 774 5367
927 24030 797 5066
990 24610 746 5068
977 25065 786 5362
1051 27302 986 5022
970 25581 721 5226
1061 28368 929 5152
802 19800 720 5129
1049 24832 961 5044
1036 26119 947 5052
975 25654 746 5061
1051 25955 747 5078
1216 28809 998 5069
1103 27173 1020 5061
1299 30403 1058 5038
1063 27851 816 5378
886 22958 719 5110
1105 28865 880 5333
886 21713 795 5287
992 25139 806 5200
951 23944 745 5136
908 22108 732 5084
1072 26331 906 5057
938 24307 876 5132
1027 25231 720 5096
1040 26015 909 5190
926 23395 759 5092
1113 28773 748 5210
1107 27078 811 5047
1007 23790 948 5036
992 25134 746 5077
977 22890 957 5048
1101 25997 820 5204
971 25916 739 5344
1195 29079 893 5498
1039 25453 884 5129
1044 26719 806 5126
1017 25647 830 5201
937 23829 752 5144
971 24411 797 5193
771 19359 758 5068
962 24330 694 5105
1181 30684 1178 5283
980 23769 855 5081
1127 28105 785 5135
949 22836 809 5099
839 21934 747 5093
1139 28190 911 5023
1095 25580 860 5054
855 22389 757 5176
1016 24885 918 5035
950 23918 721 5217
1097 27302 1011 5040
1031 26896 910 5312
1077 28674 825 5245
877 21245 694 5108
927 23207 812 5093
1098 26242 821 5079
1073 25515 720 5130
1101 26415 985 5059
954 24759 826 5190
1073 27945 838 5200
925 23273 707 5099
924 23528 727 5131
1032 25479 830 5091
911 22822 785 5094
1012 26280 817 5129
1133 28106 925 5151
1203 30467 874 5146
999 27036 748 5380
1157 28362 1038 5063
1101 26716 983 5166
966 23504 748 5232
1026 25720 938 5211
1090 27178 923 5033
1049 26750 781 5215
938 22836 831 5098
1042 25899 759 5061
1062 26926 846 5130
1297 32285 1284 5460
949 24955 694 5155
1025 25185 818 5094
885 22930 727 5145
1045 23803 986 5025
1170 30028 813 5131
985 25514 869 5076
974 24534 707 5136
994 27199 903 5092
948 24466 797 5295
960 23647 734 5090
913 22777 714 5206
911 23500 758 5129
1035 26973 746 5319
1130 26604 1038 5045
987 25494 789 5231
958 24085 806 5214
998 24746 897 5086
1216 32289 804 5331
1268 31736 887 5250
1054 26994 694 5135
1022 24284 752 5127
870 23245 694 5241
1215 29213 786 5064
920 22355 785 5155
963 23562 785 5069
942 24325 853 5099
983 24348 847 5172
1009 25006 950 5067
985 25168 788 5209
1055 25640 935 5106
1006 25363 754 5181
1251 32526 994 5265
1140 26467 1063 5061
1275 32140 986 5229
1136 25960 931 5049
1018 25836 707 5110
907 23516 748 5444
983 23563 811 5145
1082 28201 759 5131
1144 28258 1065 5098
906 22435 766 5123
1184 29480 1103 5180
954 25297 781 5346
1024 26707 806 5222
1113 28240 982 5198
1001 25403 921 5088
1038 25595 911 5052
1127 27947 1031 5022
1036 24522 732 5314
1030 26921 955 5114
1010 25723 848 5135
985 23778 746 5436
1019 25900 843 5195
1315 33810 721 5266
961 23543 770 5087
969 24112 746 5226
1181 30202 1013 5041
1315 29800 931 5059
989 25957 858 5123
1048 26760 821 5078
993 23974 868 5071
1077 27852 720 5113
939 23712 707 5221
953 23042 791 5402
1014 23328 795 5078
1020 25821 857 5110
1233 30446 819 5347
972 23751 929 5191
918 23046 745 5114
1094 26820 791 5367
962 24465 887 5084
1060 25764 836 5058
1099 26671 808 5087
871 22674 694 5098
876 21304 804 5208
1131 29562 1005 5087
886 22588 707 5121
921 21972 759 5093
903 23588 790 5091
1061 27057 914 5278
1070 26802 926 5128
975 25130 923 5027
986 24566 792 5055
1013 25429 866 5207
1046 26206 858 5084
999 24593 937 5093
943 25652 784 5142
1245 33292 741 5317
1020 24689 790 5085
997 26340 807 5252
1013 26037 740 5145
1066 26278 822 5189
1019 25095 847 5134
1065 28220 916 5170
1028 25988 908 5185
1089 25398 891 5070
955 24756 771 5084
986 23622 830 5074
981 25703 831 5180
956 24480 873 5031
1048 23900 812 5119
976 24944 733 5108
1030 24594 986 5025
1064 26472 758 5066
1017 24617 860 5069
973 25400 813 5166
1068 23989 986 5023
958 23527 746 5064
1045 25569 986 5021
990 25232 859 5058
1000 25197 694 5109
1055 27245 790 5183
1043 26856 875 5074
956 24559 753 5188
986 25767 720 5206
894 22564 828 5071
1051 25733 927 5140
1318 36727 746 5311
1092 27160 760 5122
1180 26953 912 5065
1142 26650 1013 5062
959 25794 694 5307
1026 25737 694 5118
1064 27126 824 5136
1014 26188 781 5314
1153 29822 855 5210
919 23399 707 5122
1107 27817 833 5107
1033 23958 909 5086
1012 23907 911 5032
1074 26279 914 5148
899 22465 809 5138
1003 25769 886 5043
989 25078 694 5333
1000 26146 734 5189
1190 29484 1150 5269
1172 27865 1027 5081
893 22237 746 5078
1147 28026 921 5064
967 24447 829 5374
1031 24805 938 5046
1210 31160 1074 5330
1000 26317 803 5079
994 25666 766 5383
1027 25803 721 5305
968 25875 694 5207
972 24320 800 5102
1035 25930 849 5092
1061 25575 910 5130
1176 29739 1056 5100
1132 28986 881 5090
954 22169 740 5163
1037 25477 791 5128
1043 27581 792 5077
1033 25120 885 5082
1261 32841 833 5186
854 21773 707 5105
1045 26817 937 5112
1192 30228 788 5339
941 24749 741 5325
1085 27029 1065 5191
908 23302 741 5285
967 24652 791 5360
1014 24268 938 5045
1061 23039 898 5076
1014 25132 887 5165
847 21461 766 5331
928 23548 760 5081
1119 26832 859 5066
1090 28332 781 5297
1026 25985 733 5102
901 22671 771 5061
1036 25852 816 5362
1011 25854 885 5064
1128 28264 934 5278
1111 28507 792 5224
999 25917 812 5166
936 25166 694 5281
943 23348 791 5345
1007 26500 828 5348
879 23030 746 5069
1122 26123 958 5077
994 25632 812 5259
976 24325 741 5104
940 23700 745 5134
1009 25298 785 5088
954 24684 805 5168
910 22905 759 5098
943 22604 719 5199
1005 23153 860 5049
1189 29846 998 5125
