854 42.4839
722 18005 694 5254
743 19019 694 5211
816 19944 758 5176
710 18799 694 5253
779 19462 745 5189
718 18456 694 5234
802 19719 733 5186
821 20678 720 5185
868 20960 707 5187
867 21754 733 5173
851 21645 771 5171
778 18716 720 5205
770 18595 707 5211
833 20797 746 5175
847 21327 694 5195
814 20183 694 5201
767 19201 745 5200
789 18972 720 5200
738 19022 707 5215
782 19355 720 5197
757 19823 720 5209
914 21808 796 5168
739 18325 694 5236
830 20444 732 5183
850 21153 733 5178
779 20390 707 5200
770 19732 770 5196
775 18366 694 5229
729 18703 707 5221
747 18299 707 5244
818 20046 707 5197
806 20882 758 5184
790 21410 766 5187
800 19612 694 5210
747 18760 720 5214
778 19173 747 5199
763 18338 719 5232
823 21266 694 5199
792 19989 720 5196
816 20021 719 5195
814 21208 707 5195
788 20635 707 5199
718 18277 694 5260
759 18608 719 5218
798 20197 707 5200
826 20932 707 5195
810 20474 707 5198
866 21375 707 5193
879 21722 746 5174
714 18252 694 5269
876 22256 811 5170
979 25037 796 5162
721 18444 694 5222
721 18444 694 5222
791 19962 694 5213
753 18773 720 5217
756 18687 694 5229
744 18966 707 5231
770 18971 694 5225
783 19834 732 5209
835 21193 745 5199
738 19065 694 5258
874 21396 720 5189
984 24881 719 5253
808 20227 720 5263
869 22743 694 5266
815 20963 719 5234
878 22267 727 5278
903 22523 694 5275
877 22829 733 5252
895 21981 707 5264
859 21055 720 5233
821 20786 707 5265
813 20642 694 5239
891 22868 732 5226
851 22110 721 5243
913 23085 764 5281
916 23020 714 5244
870 22334 719 5283
798 20312 694 5252
774 19442 694 5289
815 20330 727 5273
784 20105 714 5253
858 21476 746 5241
868 21458 694 5226
809 20086 707 5264
815 20626 739 5232
841 21212 694 5262
885 21514 721 5270
879 22304 707 5241
862 21522 694 5283
980 24384 734 5239
781 19085 694 5278
793 19652 719 5224
847 21557 707 5254
863 22007 732 5263
812 21651 694 5233
878 22053 694 5222
944 24186 694 5260
815 20471 707 5251
996 24983 694 5211
881 22749 694 5272
940 23780 694 5241
783 20446 694 5281
847 21571 694 5247
921 23964 694 5238
821 20752 694 5228
869 21139 719 5238
924 23347 740 5223
872 22737 694 5253
771 20527 694 5245
838 21357 694 5270
783 20164 694 5240
836 21132 707 5250
936 22343 732 5223
903 23327 719 5224
796 19414 707 5267
781 20291 767 5245
848 21288 720 5241
769 20227 694 5251
803 20765 720 5267
891 22950 707 5264
842 21747 694 5261
893 23106 694 5242
777 19958 694 5265
830 20632 694 5283
837 21949 707 5252
882 22405 694 5254
880 20990 721 5249
862 22006 720 5235
905 21964 694 5263
849 21747 694 5264
838 20674 720 5230
912 23239 732 5276
799 20643 707 5260
823 20924 719 5253
884 22205 727 5252
774 19085 707 5281
781 19152 719 5261
868 21602 694 5248
951 22677 694 5286
836 20313 719 5279
821 20916 732 5214
961 23135 757 5214
810 20347 694 5249
795 20639 694 5250
908 22204 707 5235
815 19667 694 5275
948 23090 719 5277
909 23708 707 5222
831 20935 732 5271
773 19461 719 5282
840 20669 694 5259
840 21434 694 5240
916 21967 734 5245
791 20217 732 5239
827 20593 719 5243
828 21512 748 5220
780 19677 732 5258
796 20340 707 5250
855 22100 752 5245
829 20685 694 5252
1028 25770 771 5240
852 22198 719 5240
941 24487 745 5246
886 23790 707 5267
890 21784 694 5265
860 21650 707 5251
861 21455 694 5242
783 19588 707 5254
929 22115 719 5238
808 20337 732 5243
859 22714 732 5246
952 23355 707 5259
825 20336 707 5227
816 20487 694 5255
875 21921 720 5256
819 20507 707 5254
826 21062 744 5262
871 21694 694 5256
808 19686 732 5253
823 20946 694 5250
851 21723 764 5238
868 21186 707 5245
839 21209 732 5235
1006 23866 732 5257
939 24388 732 5222
848 20891 707 5205
901 22535 694 5235
781 19925 694 5234
846 21879 694 5256
803 21219 694 5266
823 20231 694 5263
868 22705 694 5246
829 20764 757 5256
926 23238 714 5276
858 21367 707 5231
856 21234 707 5283
861 21277 694 5274
865 22763 745 5233
1023 24726 771 5240
833 20833 694 5286
826 20772 694 5250
879 23839 707 5223
927 23530 721 5255
872 22661 707 5243
860 22067 694 5237
923 22880 727 5260
815 21092 719 5235
766 20232 694 5245
871 21105 694 5263
864 21297 720 5241
883 22618 707 5245
850 21872 707 5243
1027 25738 747 5226
871 21426 719 5240
835 21464 694 5232
861 22173 754 5226
906 23370 707 5243
951 24059 707 5265
899 22200 732 5248
873 22750 719 5239
889 22397 694 5244
857 21848 719 5233
788 20491 694 5257
831 20655 720 5253
838 20804 727 5249
891 22069 719 5253
971 23345 721 5267
934 24333 745 5280
891 22050 721 5271
881 23353 694 5279
970 24809 707 5242
874 21520 707 5254
835 21881 694 5272
832 20581 694 5241
876 22782 740 5241
953 23557 734 5271
910 24229 694 5259
951 24317 719 5266
857 21343 714 5274
832 21388 719 5254
904 22724 719 5228
874 21635 741 5278
963 24025 694 5220
866 21261 746 5248
834 21484 707 5260
889 22044 734 5273
842 21793 694 5266
781 18902 719 5252
983 24874 707 5263
782 19345 707 5246
1017 26438 719 5274
781 20153 719 5255
881 21029 694 5270
1009 25653 719 5237
836 21531 720 5251
874 21201 784 5233
883 21155 732 5257
833 20836 707 5243
829 20961 772 5239
897 23435 745 5259
813 20525 694 5231
861 21756 732 5256
835 22254 720 5248
862 22584 732 5222
837 21727 727 5253
802 20933 707 5273
818 21355 694 5232
778 19855 694 5255
836 20870 694 5259
868 21735 707 5266
811 21241 694 5261
913 22126 707 5273
911 22432 744 5254
812 20445 694 5243
788 20043 694 5225
924 23256 721 5269
846 21004 739 5294
882 21889 694 5258
913 23173 694 5279
973 24346 694 5271
895 22120 727 5241
904 22707 720 5247
779 20182 694 5255
843 21505 707 5251
871 22823 707 5236
844 20842 719 5270
921 22271 694 5266
881 22474 694 5268
772 19546 707 5249
843 21539 694 5280
870 21496 714 5266
894 22307 752 5261
846 21796 732 5250
912 23319 707 5269
981 25812 720 5238
820 21161 727 5255
810 20901 694 5242
877 22380 720 5264
