343 10.9636
836 21015 791 5318
843 20911 760 5361
969 24041 720 5381
1211 29983 1105 5179
824 20314 816 5370
871 20829 832 5316
830 21008 830 5316
894 20968 805 5336
889 23365 767 5314
954 24161 773 5269
844 20495 805 5343
844 21351 798 5378
843 20835 820 5342
858 21353 811 5302
881 21294 805 5307
890 21584 832 5308
882 20772 862 5312
830 21144 798 5320
910 21147 805 5366
849 20647 811 5304
884 21636 831 5350
843 20408 828 5320
839 20536 753 5287
838 20485 733 5324
859 22280 810 5335
900 21083 856 5381
827 20336 798 5344
861 20492 818 5301
869 21147 798 5302
826 20515 790 5338
784 19874 783 5311
870 21598 823 5325
862 21253 831 5321
813 20497 798 5353
857 20738 753 5324
793 19861 766 5364
793 19861 766 5364
818 20130 773 5316
861 21397 766 5304
902 21746 902 5345
836 21302 773 5316
841 21365 740 5339
862 21241 803 5314
833 20498 790 5297
871 21589 753 5304
813 20776 798 5301
858 20993 778 5274
846 20473 773 5316
828 20849 828 5332
858 21353 811 5302
810 20607 766 5286
833 20498 790 5297
815 20182 753 5331
829 20773 753 5302
860 20802 753 5344
867 20743 823 5327
868 21285 820 5282
877 21405 820 5349
848 21207 833 5280
814 21148 765 5337
845 21242 803 5393
816 19611 778 5309
853 21421 823 5320
857 20738 753 5324
841 20769 746 5307
843 20157 783 5348
871 20829 832 5316
842 21346 838 5297
890 21744 828 5321
843 21065 825 5337
842 20658 803 5268
811 20151 758 5301
775 19069 753 5280
783 18677 773 5316
871 21768 805 5339
882 20772 862 5312
863 20914 833 5325
825 20254 798 5309
843 21065 825 5337
850 20938 798 5325
827 21054 767 5332
830 21144 798 5320
811 20785 785 5331
883 21552 813 5369
876 21618 803 5315
846 21115 843 5268
802 20301 753 5291
826 20549 798 5275
833 20498 790 5297
817 21446 733 5324
867 21481 847 5366
838 21375 778 5354
896 21417 818 5325
783 18677 773 5316
912 22490 786 5259
870 20661 785 5289
867 21458 838 5328
843 20840 811 5315
820 21364 810 5365
814 20825 758 5359
810 20419 778 5311
810 20607 766 5286
815 20182 753 5331
855 22175 753 5279
783 20999 733 5343
844 21402 798 5309
833 20761 791 5308
848 20606 842 5327
867 20861 855 5350
882 22827 811 5337
830 20737 806 5297
843 20157 783 5348
840 20635 818 5337
784 19874 783 5311
864 21472 760 5375
868 21202 850 5299
873 21291 807 5408
849 20647 811 5304
868 21616 818 5326
842 20339 785 5279
867 21762 850 5385
847 21573 818 5345
877 21405 820 5349
799 20390 766 5303
881 21294 805 5307
833 20761 791 5308
844 20581 803 5311
855 21375 828 5286
870 20661 785 5289
856 21411 838 5340
783 20999 733 5343
836 21302 773 5316
821 20581 778 5335
861 20492 818 5301
849 21333 746 5303
842 21034 786 5301
811 20151 758 5301
835 20973 835 5341
859 22280 810 5335
847 20491 842 5327
849 20576 753 5287
995 23843 778 5334
824 20314 816 5370
856 20668 798 5360
877 21070 838 5351
834 20296 798 5274
865 21385 855 5337
926 22941 855 5308
838 20927 810 5393
817 21361 773 5290
857 21070 753 5383
859 20898 791 5300
818 20350 740 5304
845 21242 803 5393
811 21333 790 5420
895 21510 842 5359
862 20676 847 5316
867 20972 733 5306
812 19880 790 5325
863 21204 863 5278
843 21371 817 5331
848 21668 793 5308
835 21443 758 5363
842 20658 803 5268
836 21504 798 5374
826 20515 790 5338
831 20672 798 5366
855 20462 828 5346
843 21371 817 5331
881 21407 855 5377
856 20470 798 5286
837 20957 800 5334
821 20581 778 5335
771 20279 740 5336
818 20130 773 5316
879 21907 842 5373
879 21907 842 5373
845 20857 778 5286
861 21397 766 5304
900 21083 856 5381
893 21448 850 5351
844 20495 805 5343
870 21396 843 5346
843 20789 773 5271
822 19908 798 5360
834 20723 812 5308
861 21157 805 5333
817 20796 813 5366
867 21762 850 5385
835 20494 783 5357
824 21685 805 5407
817 21446 733 5324
824 21749 785 5323
882 20772 862 5312
859 20898 791 5300
802 20301 753 5291
847 21089 793 5340
894 21274 868 5347
908 21755 850 5354
912 22490 786 5259
856 20470 798 5286
888 22293 843 5308
896 21598 818 5338
851 20929 778 5340
847 20491 842 5327
898 21834 810 5371
867 20972 733 5306
842 20470 773 5313
868 21162 830 5325
842 21034 786 5301
802 20382 773 5309
828 21403 803 5275
862 21253 831 5321
836 20624 830 5351
860 20586 766 5320
852 20989 828 5344
892 21430 836 5381
843 20729 765 5290
871 20812 825 5292
869 21567 843 5384
822 19908 798 5360
843 20729 765 5290
847 20702 818 5332
869 21001 791 5283
834 20296 798 5274
810 20883 753 5280
874 21804 780 5342
843 20408 828 5320
862 20676 847 5316
856 20898 773 5334
841 20769 746 5307
857 21907 843 5303
857 21907 843 5303
843 20789 773 5271
875 20744 798 5367
825 20254 798 5309
954 24161 773 5269
868 20789 838 5347
853 20903 772 5337
828 21031 818 5384
817 20596 785 5312
946 22308 830 5355
871 21768 805 5339
837 20920 773 5298
835 21443 758 5363
849 21333 746 5303
873 21291 807 5408
908 21689 843 5338
862 21325 798 5329
816 19684 778 5321
867 20743 823 5327
780 19711 758 5342
838 20927 810 5393
818 20350 740 5304
885 21643 862 5340
829 20227 803 5278
918 21366 773 5334
890 21584 832 5308
795 19768 773 5306
838 21375 778 5354
799 20390 766 5303
842 20470 773 5313
822 20129 783 5318
845 21014 842 5329
878 20515 811 5294
811 20785 785 5331
810 20883 753 5280
775 19069 753 5280
868 20737 803 5373
826 20879 773 5292
835 20973 835 5341
883 21552 813 5369
865 21385 855 5337
862 21241 803 5314
835 20494 783 5357
856 20668 798 5360
946 22308 830 5355
855 21375 828 5286
863 21537 778 5295
858 21204 780 5398
827 20336 798 5344
848 20606 842 5327
804 20373 758 5374
863 21537 778 5295
894 22066 793 5291
827 20471 778 5303
833 20498 790 5297
848 20606 842 5327
877 21070 838 5351
894 21274 868 5347
853 20698 831 5295
1049 27022 996 5279
826 20879 773 5292
802 19995 740 5306
844 21402 798 5309
870 21262 838 5324
826 20549 798 5275
893 21448 850 5351
817 21361 773 5290
848 20606 842 5327
