1242 108.344
420 10961 335 4557
488 12536 473 4386
420 10961 335 4557
567 14604 338 4549
419 11180 407 4451
514 13575 339 4537
529 13502 337 4555
488 12508 470 4391
459 11915 459 4403
505 13339 354 4497
457 11784 457 4406
447 11452 447 4427
520 13385 355 4496
512 13247 399 4447
529 13502 337 4555
495 12664 395 4452
500 12936 340 4535
462 12145 372 4477
494 13027 350 4517
462 12447 440 4415
424 11086 344 4543
455 12133 355 4512
431 11200 359 4526
525 13170 349 4523
428 11568 372 4488
421 11246 384 4469
514 13575 339 4537
517 12619 362 4492
476 12475 367 4478
432 11460 367 4483
504 12866 347 4528
524 12920 335 4556
501 13066 351 4511
448 11792 435 4417
458 12248 393 4453
487 12938 362 4492
489 12827 352 4503
489 12827 352 4503
478 12071 473 4397
473 12284 353 4501
521 13137 351 4510
430 11450 405 4443
491 12375 470 4393
482 12903 415 4431
450 11668 339 4539
453 11656 443 4412
452 11406 381 4472
457 12105 355 4522
448 11724 378 4467
478 12744 364 4490
485 12939 341 4531
493 12974 363 4489
445 11541 431 4424
452 11419 374 4479
434 11510 385 4464
479 12539 352 4507
521 13137 351 4510
509 12996 350 4517
424 11122 339 4547
501 13066 351 4511
424 11265 403 4446
481 12261 343 4529
469 12303 340 4536
448 11865 427 4421
470 12227 432 4419
465 12190 407 4442
477 12384 352 4516
426 11018 339 4545
510 13184 348 4527
504 12866 347 4528
472 12700 339 4538
445 11742 417 4431
424 11301 395 4458
439 11491 373 4475
451 11933 381 4466
445 11704 441 4416
485 12508 473 4388
461 12127 366 4481
491 12612 350 4520
442 11735 421 4428
446 11645 433 4418
429 11042 359 4527
492 12574 341 4535
430 11394 376 4474
442 11741 427 4426
465 12642 354 4500
436 11456 415 4434
447 11789 386 4462
460 11855 352 4519
471 12196 399 4448
453 12018 388 4461
448 11808 441 4414
437 11583 424 4430
463 11982 349 4525
443 10995 344 4553
518 12566 388 4459
451 11873 413 4435
429 11421 390 4454
459 11844 445 4408
432 11555 429 4429
431 11124 339 4541
431 11618 401 4445
475 12440 473 4390
425 11224 400 4450
441 11488 422 4432
466 12155 377 4467
476 12362 458 4395
433 11470 338 4553
458 11928 445 4408
510 12906 364 4489
433 11180 338 4555
423 11162 390 4461
469 12271 457 4399
425 11070 344 4550
500 13171 347 4528
483 12652 431 4420
457 12105 355 4522
438 11466 401 4444
440 11558 429 4422
441 11727 412 4439
426 11083 351 4530
424 11255 403 4449
450 11857 434 4417
488 12452 473 4388
465 12363 373 4474
430 11511 429 4433
493 12389 400 4447
481 12598 351 4517
473 12172 473 4396
479 12646 444 4407
458 11917 362 4495
420 10961 335 4557
464 12220 420 4429
443 11642 423 4427
474 12558 343 4533
437 11582 431 4424
433 11400 419 4437
432 11273 391 4455
525 13170 349 4523
444 11830 409 4440
434 11521 389 4456
460 11887 457 4404
435 11514 377 4468
489 12998 410 4439
432 11635 419 4434
467 12316 445 4406
425 11116 339 4544
454 11801 387 4460
509 12996 350 4517
464 12220 420 4429
465 12324 459 4400
484 12564 396 4451
437 11759 431 4423
482 12307 375 4472
425 11116 344 4540
512 13171 362 4491
447 11938 434 4417
429 11311 398 4457
478 12744 364 4490
454 12122 408 4441
455 11953 364 4494
429 11042 359 4527
427 11021 344 4541
479 12539 352 4507
428 11506 391 4457
444 11909 427 4421
471 12422 413 4433
423 11162 390 4461
476 12526 384 4465
445 11818 365 4482
455 12033 372 4478
445 11704 441 4416
461 12034 400 4449
430 11436 412 4440
524 12920 335 4556
463 12346 344 4532
422 11278 381 4476
452 11873 397 4450
466 12155 377 4467
480 12700 411 4439
510 13184 348 4527
432 11349 398 4451
446 11659 443 4412
460 11887 457 4404
479 11960 354 4498
482 12307 375 4472
428 11323 403 4444
432 11594 413 4436
464 11779 363 4494
490 12551 364 4490
475 12143 457 4398
495 12664 395 4452
471 12099 458 4400
460 11760 365 4482
463 11982 349 4525
435 11347 411 4440
462 12447 440 4415
432 11408 419 4435
447 11576 447 4419
447 11769 338 4551
421 11246 384 4469
448 11800 443 4411
483 12201 353 4499
443 11642 423 4427
456 12079 364 4491
438 11574 410 4441
445 11742 417 4431
459 11911 446 4407
484 12564 396 4451
454 12122 408 4441
483 12690 473 4386
475 12269 473 4392
477 12384 352 4516
483 12563 470 4391
459 11976 457 4401
472 12192 458 4397
434 11392 401 4446
465 12315 363 4493
422 11278 381 4476
474 12558 343 4533
465 12396 443 4409
467 12320 344 4534
436 11423 410 4443
473 12393 473 4394
425 11070 344 4550
451 11724 384 4466
439 11509 367 4479
454 11801 387 4460
429 11414 377 4471
480 12203 353 4499
452 11720 422 4429
436 11423 431 4433
490 12551 364 4490
446 11659 443 4412
432 11659 367 4481
465 12582 441 4409
431 11200 359 4526
472 12417 458 4396
435 11344 435 4438
488 12633 388 4459
442 11741 427 4426
463 12346 344 4532
446 11892 441 4415
472 12397 359 4510
421 11324 391 4463
442 11754 415 4433
471 12203 432 4419
432 11523 429 4430
444 11830 409 4440
445 11611 417 4432
426 11435 384 4467
436 11423 410 4443
465 12239 446 4405
434 11356 419 4434
458 11596 338 4551
465 12218 443 4410
426 11148 344 4537
437 11583 424 4430
428 11371 419 4438
448 11792 435 4417
452 11873 397 4450
483 12463 470 4393
471 12251 458 4397
455 12091 362 4496
471 12087 459 4398
476 12475 367 4478
518 12566 388 4459
492 12574 341 4535
471 12462 458 4395
458 11970 457 4402
424 11255 403 4449
476 12526 384 4465
442 11773 427 4422
488 12644 444 4407
465 12239 446 4405
476 12378 473 4390
462 12248 347 4529
432 11273 391 4455
430 11450 389 4457
458 11803 445 4410
445 11611 417 4432
438 11489 423 4433
427 11021 344 4541
450 11824 441 4411
459 11976 457 4401
471 12101 458 4399
458 11970 457 4402
460 11824 457 4405
487 12938 362 4492
456 11915 415 4432
448 11808 441 4414
429 11414 377 4471
483 12690 473 4386
461 12034 400 4449
467 12320 344 4534
430 11455 387 4463
432 11594 413 4436
422 11294 403 4449
425 11386 419 4438
435 11366 435 4433
