176 1.40027
676 17519 507 5049
738 18640 454 5221
768 18762 466 5157
653 16487 487 5298
653 16487 487 5298
653 16487 487 5298
738 19566 459 5218
676 17519 507 5049
741 18953 454 5125
653 16487 487 5298
726 19523 495 5099
653 16487 487 5298
653 16487 487 5298
711 18544 505 5204
726 19523 495 5099
757 18195 500 5210
676 17519 507 5049
676 17519 507 5049
653 16487 487 5298
676 17519 507 5049
726 19523 495 5099
741 18953 454 5125
711 18544 505 5204
653 16487 487 5298
757 18195 500 5210
738 19566 459 5218
726 19523 495 5099
711 18544 505 5204
711 18544 505 5204
757 18195 500 5210
757 18195 500 5210
757 18195 500 5210
757 18195 500 5210
711 18544 505 5204
711 18544 505 5204
757 18195 500 5210
711 18544 505 5204
738 19566 459 5218
711 18544 505 5204
757 18195 500 5210
738 19566 459 5218
726 19523 495 5099
738 19566 459 5218
757 18195 500 5210
757 18195 500 5210
757 18195 500 5210
653 16487 487 5298
711 18544 505 5204
653 16487 487 5298
738 19566 459 5218
653 16487 487 5298
757 18195 500 5210
726 19523 495 5099
757 18195 500 5210
757 18195 500 5210
711 18544 505 5204
711 18544 505 5204
653 16487 487 5298
711 18544 505 5204
711 18544 505 5204
711 18544 505 5204
653 16487 487 5298
653 16487 487 5298
653 16487 487 5298
653 16487 487 5298
726 19523 495 5099
726 19523 495 5099
738 19566 459 5218
711 18544 505 5204
711 18544 505 5204
711 18544 505 5204
757 18195 500 5210
653 16487 487 5298
711 18544 505 5204
757 18195 500 5210
726 19523 495 5099
757 18195 500 5210
757 18195 500 5210
757 18195 500 5210
711 18544 505 5204
757 18195 500 5210
711 18544 505 5204
757 18195 500 5210
711 18544 505 5204
653 16487 487 5298
726 19523 495 5099
653 16487 487 5298
757 18195 500 5210
757 18195 500 5210
653 16487 487 5298
757 18195 500 5210
757 18195 500 5210
757 18195 500 5210
738 19566 459 5218
757 18195 500 5210
757 18195 500 5210
757 18195 500 5210
726 19523 495 5099
757 18195 500 5210
653 16487 487 5298
653 16487 487 5298
757 18195 500 5210
757 18195 500 5210
711 18544 505 5204
757 18195 500 5210
757 18195 500 5210
711 18544 505 5204
757 18195 500 5210
676 17519 507 5049
653 16487 487 5298
711 18544 505 5204
653 16487 487 5298
757 18195 500 5210
738 18640 454 5221
768 18762 466 5157
653 16487 487 5298
653 16487 487 5298
653 16487 487 5298
757 18195 500 5210
653 16487 487 5298
757 18195 500 5210
711 18544 505 5204
653 16487 487 5298
757 18195 500 5210
757 18195 500 5210
653 16487 487 5298
757 18195 500 5210
757 18195 500 5210
757 18195 500 5210
757 18195 500 5210
757 18195 500 5210
653 16487 487 5298
726 19523 495 5099
711 18544 505 5204
711 18544 505 5204
757 18195 500 5210
653 16487 487 5298
653 16487 487 5298
726 19523 495 5099
757 18195 500 5210
757 18195 500 5210
711 18544 505 5204
757 18195 500 5210
757 18195 500 5210
711 18544 505 5204
757 18195 500 5210
757 18195 500 5210
757 18195 500 5210
757 18195 500 5210
757 18195 500 5210
653 16487 487 5298
757 18195 500 5210
757 18195 500 5210
738 19566 459 5218
757 18195 500 5210
757 18195 500 5210
757 18195 500 5210
676 17519 507 5049
653 16487 487 5298
653 16487 487 5298
711 18544 505 5204
711 18544 505 5204
757 18195 500 5210
711 18544 505 5204
726 19523 495 5099
653 16487 487 5298
653 16487 487 5298
711 18544 505 5204
711 18544 505 5204
711 18544 505 5204
653 16487 487 5298
711 18544 505 5204
726 19523 495 5099
757 18195 500 5210
757 18195 500 5210
726 19523 495 5099
757 18195 500 5210
653 16487 487 5298
738 19566 459 5218
711 18544 505 5204
653 16487 487 5298
757 18195 500 5210
653 16487 487 5298
711 18544 505 5204
757 18195 500 5210
711 18544 505 5204
738 19566 459 5218
711 18544 505 5204
757 18195 500 5210
757 18195 500 5210
757 18195 500 5210
726 19523 495 5099
757 18195 500 5210
653 16487 487 5298
711 18544 505 5204
711 18544 505 5204
711 18544 505 5204
738 19566 459 5218
757 18195 500 5210
757 18195 500 5210
653 16487 487 5298
711 18544 505 5204
741 18953 454 5125
726 19523 495 5099
676 17519 507 5049
676 17519 507 5049
676 17519 507 5049
738 19566 459 5218
726 19523 495 5099
711 18544 505 5204
653 16487 487 5298
653 16487 487 5298
726 19523 495 5099
653 16487 487 5298
741 18953 454 5125
711 18544 505 5204
757 18195 500 5210
757 18195 500 5210
738 19566 459 5218
726 19523 495 5099
757 18195 500 5210
711 18544 505 5204
738 19566 459 5218
757 18195 500 5210
726 19523 495 5099
711 18544 505 5204
757 18195 500 5210
757 18195 500 5210
757 18195 500 5210
757 18195 500 5210
711 18544 505 5204
711 18544 505 5204
653 16487 487 5298
711 18544 505 5204
757 18195 500 5210
757 18195 500 5210
711 18544 505 5204
757 18195 500 5210
757 18195 500 5210
726 19523 495 5099
653 16487 487 5298
757 18195 500 5210
757 18195 500 5210
711 18544 505 5204
711 18544 505 5204
726 19523 495 5099
757 18195 500 5210
757 18195 500 5210
757 18195 500 5210
757 18195 500 5210
676 17519 507 5049
757 18195 500 5210
711 18544 505 5204
711 18544 505 5204
653 16487 487 5298
653 16487 487 5298
676 17519 507 5049
757 18195 500 5210
757 18195 500 5210
653 16487 487 5298
757 18195 500 5210
757 18195 500 5210
676 17519 507 5049
757 18195 500 5210
757 18195 500 5210
653 16487 487 5298
757 18195 500 5210
757 18195 500 5210
757 18195 500 5210
757 18195 500 5210
653 16487 487 5298
653 16487 487 5298
757 18195 500 5210
726 19523 495 5099
757 18195 500 5210
757 18195 500 5210
757 18195 500 5210
738 19566 459 5218
757 18195 500 5210
757 18195 500 5210
653 16487 487 5298
757 18195 500 5210
757 18195 500 5210
653 16487 487 5298
738 18640 454 5221
757 18195 500 5210
757 18195 500 5210
711 18544 505 5204
757 18195 500 5210
653 16487 487 5298
653 16487 487 5298
653 16487 487 5298
653 16487 487 5298
711 18544 505 5204
757 18195 500 5210
653 16487 487 5298
653 16487 487 5298
676 17519 507 5049
757 18195 500 5210
711 18544 505 5204
