3794 143.231
557 13517 409 4875
540 14175 415 4820
570 13823 394 4855
557 13906 415 4829
581 14918 379 4885
535 13780 399 4886
522 14034 422 4930
570 14847 392 4822
525 13832 412 4930
560 14645 386 4883
574 14936 433 4788
551 14452 396 4841
545 13887 388 4910
585 15050 408 4791
547 13760 415 4862
535 13954 395 4892
563 14685 408 4806
542 13766 388 4927
566 14527 431 4798
533 14052 434 4869
570 14258 421 4807
568 14569 380 4927
572 14425 416 4802
598 15312 414 4787
539 13679 402 4927
533 13568 425 4938
532 14125 414 4900
554 14514 433 4811
607 15383 385 4837
532 14098 401 4925
555 14554 392 4862
603 15340 397 4803
558 14329 412 4817
595 15045 377 4932
559 14451 380 4955
586 14217 385 4923
627 16127 408 4776
546 14331 402 4863
544 14505 409 4843
604 15621 382 4850
602 14913 388 4853
581 14683 404 4811
598 15532 401 4797
533 14162 424 4879
563 14009 436 4824
563 14484 398 4833
565 14267 408 4830
612 15677 370 4952
570 14434 391 4870
601 15764 374 4932
573 15088 380 4906
580 14405 392 4841
578 14550 392 4832
607 15862 376 4913
624 15498 380 4852
568 14005 412 4837
591 14809 413 4798
586 14958 400 4816
638 16465 433 4770
638 16465 433 4770
638 16255 368 4970
557 13517 409 4875
520 13802 464 4897
674 17593 425 4942
697 16994 412 4866
620 15893 413 4924
723 19358 415 4879
696 17845 430 4896
734 18707 436 4901
775 18940 415 4881
729 18642 438 4877
708 17701 447 4910
661 16393 452 4911
671 17530 448 4895
688 17934 410 4952
721 18547 421 4902
710 17777 402 4937
714 17931 448 4911
694 17650 448 4954
712 17889 418 4954
668 16773 392 4918
620 15842 493 4906
726 17984 398 4887
712 18039 413 4878
653 17299 424 4868
701 17248 429 4870
629 16506 438 4900
707 18378 440 4882
749 18874 418 4899
705 18397 438 4904
678 17163 438 4890
657 17202 468 4886
710 18118 477 4911
754 19481 484 4931
761 18497 426 4872
687 17495 431 4898
697 18040 425 4897
618 15633 452 4916
707 18195 430 4881
675 17242 415 4855
691 18064 412 4831
713 18388 468 4975
669 17157 431 4879
737 18617 431 4897
627 16149 431 4916
657 16494 437 4930
705 18051 447 4873
678 17465 398 4873
641 16556 402 4917
669 17654 434 4855
641 16326 402 4864
654 16283 412 4873
641 16477 425 4905
644 16529 429 4875
737 19705 418 4874
714 17795 418 4897
708 17059 418 4909
667 17240 403 4885
628 15056 431 4920
698 17461 440 4887
674 17811 438 4895
742 19254 440 4866
751 19081 421 4859
745 19118 424 4898
677 16547 410 4925
706 17799 443 4832
752 19147 477 4926
769 19709 380 4898
607 16164 432 4859
729 18645 416 4910
709 18508 524 4961
594 15628 412 4885
708 17958 448 4895
669 17447 502 4873
670 17239 415 4857
656 17042 415 4887
635 16106 415 4857
705 17029 446 4917
727 18303 418 4906
656 16935 469 4952
646 17229 406 4919
661 17153 436 4877
674 16670 402 4934
767 20291 452 4888
747 18017 417 4904
778 20289 425 4878
613 15942 415 4863
822 21077 424 4896
642 15927 453 4900
731 18597 419 4909
666 17398 449 4925
660 16877 409 4911
702 18116 499 4969
733 18767 418 4866
737 18529 441 4898
639 16876 428 4898
651 15730 424 4927
730 17641 434 4927
626 16164 406 4870
653 16785 422 4853
618 15904 418 4902
654 16184 415 4911
725 17889 414 4839
752 19550 507 4945
721 18447 425 4906
642 16721 425 4876
673 17728 416 4853
691 16786 434 4901
626 16552 441 4880
776 19623 440 4886
708 18011 441 4917
708 17880 454 4854
748 18401 439 4869
684 17435 425 4912
722 18577 449 4861
729 18374 425 4959
876 22292 434 4916
623 16581 415 4867
653 17276 433 4857
731 17874 438 4881
664 17122 464 4915
712 17343 440 4922
683 17483 415 4851
679 17638 431 4938
665 17142 454 4883
611 15684 455 4904
618 15479 408 4873
668 17025 438 4948
628 16344 431 4872
675 17216 441 4881
744 19527 486 4927
641 16568 448 4882
675 16163 425 4902
692 17655 438 4875
737 18218 426 4910
696 18082 419 4853
682 17210 471 4924
748 18868 426 4904
660 16986 420 4898
609 15711 431 4878
661 17241 419 4881
667 17438 412 4824
614 15460 428 4884
675 17076 441 4927
600 15696 409 4896
698 18261 425 4897
653 16539 428 4904
694 16957 400 4916
727 17737 431 4868
745 19073 415 4902
650 16725 408 4881
720 18846 484 4890
721 18360 451 4931
785 19545 425 4875
700 18259 435 4875
708 18663 424 4889
703 17123 447 4936
694 18672 415 4884
734 19179 424 4927
708 18180 425 4911
707 18072 426 4880
682 16972 446 4908
619 16310 420 4845
676 17648 462 4913
748 18720 431 4902
640 16549 446 4884
704 18020 448 4898
735 18666 441 4919
653 16505 425 4930
671 16630 425 4891
716 16792 420 4926
675 17231 415 4899
721 18573 420 4889
641 16909 454 4862
644 16244 425 4972
631 15942 462 4854
706 17444 423 4917
591 15466 398 4902
725 18339 432 4872
776 19077 483 4970
749 19103 425 4935
727 18499 426 4868
698 18211 424 4899
656 16153 462 4945
755 18315 452 4934
626 15754 441 4852
760 19891 431 4941
708 17159 414 4918
695 17981 461 4897
648 16641 431 4855
644 16132 448 4944
682 17050 404 4923
710 17581 418 4914
799 20596 432 4897
714 18805 482 4921
653 16581 412 4906
635 16737 421 4916
693 18387 425 4924
641 16821 438 4891
676 18072 418 4914
763 18620 451 4976
693 18249 431 4899
714 18568 443 4885
679 16892 480 4909
664 17004 468 4890
671 16452 454 4967
739 18953 434 4942
712 19321 415 4836
676 17512 438 4920
698 18093 425 4887
635 16430 452 4881
692 17854 438 4920
704 18634 438 4848
679 17156 418 4821
750 19705 409 4914
672 16727 408 4906
678 16913 445 4883
739 19394 448 4941
621 16338 407 4921
653 16885 446 4908
686 17426 425 4940
574 14409 420 4926
655 16420 415 4848
676 15937 409 4932
629 16273 441 4875
661 17267 425 4923
692 17968 425 4910
745 19232 425 4939
747 19361 409 4903
661 16549 413 4934
695 17626 415 4961
782 19818 438 4868
695 17330 418 4928
664 17389 408 4889
679 16295 425 4913
769 19847 415 4883
654 17032 431 4893
717 18862 414 4877
730 18535 425 4869
701 17608 411 4914
