332 16.7325
619 16420 490 5099
660 16873 463 5160
822 20036 426 5199
767 19377 475 5007
627 16198 489 5107
650 16577 435 5188
687 17675 485 5088
678 16311 491 5128
639 16328 471 5189
688 17035 443 5062
646 16199 483 5108
720 16964 496 5137
628 16271 470 5092
691 16883 484 5111
676 17051 496 5150
691 16677 516 5197
687 17057 490 5125
668 16580 471 5114
656 16891 449 5059
640 16190 528 5085
667 16421 495 5110
718 17525 465 5102
691 16677 516 5197
675 16783 463 5108
684 17107 509 5185
635 16408 540 5073
611 16317 457 5052
639 16673 452 5076
679 16883 490 5142
663 16818 529 5142
713 17352 539 5105
626 15890 515 5079
696 16947 509 5128
689 16965 429 5130
715 17308 515 5120
683 16491 504 5104
667 17081 489 5106
661 16586 507 5164
690 17333 493 5133
682 16817 464 5176
653 16559 507 5142
655 16733 488 5084
635 16408 540 5073
687 17601 482 5136
671 16662 493 5080
657 16744 494 5075
653 16299 494 5229
663 16860 502 5111
695 17083 491 5096
657 16754 494 5075
709 16777 450 5125
689 16965 429 5130
703 17367 463 5159
680 16997 547 5097
660 16873 463 5160
618 16105 495 5070
673 16894 522 5104
682 17144 460 5075
745 17952 484 5115
677 16658 460 5070
734 19054 462 5075
730 17265 521 5168
660 16817 459 5070
702 17355 507 5175
656 16891 449 5059
712 17539 506 5158
691 16982 538 5089
639 16673 452 5076
665 16618 459 5113
649 16784 458 5155
692 17141 459 5021
714 17116 489 5059
705 17690 478 5071
680 17263 503 5130
665 16396 480 5107
714 17977 455 5041
712 17539 506 5158
693 16599 461 5020
711 17151 462 5108
678 16311 491 5128
740 18669 467 5095
640 16190 528 5085
694 17630 471 5095
706 17360 547 5098
730 17265 521 5168
653 16299 494 5229
673 16373 458 5037
726 17959 485 5169
690 16545 476 5106
611 16317 457 5052
658 16273 508 5071
687 16595 513 5066
705 17690 478 5071
637 16758 458 5055
656 16891 449 5059
663 16818 529 5142
647 16642 542 5155
696 16947 509 5128
663 16860 502 5111
651 16375 465 5147
693 16592 461 5020
686 16809 488 5128
673 16692 481 5171
671 16824 508 5054
655 16761 497 5040
679 16578 527 5200
638 16566 528 5145
673 16373 458 5037
683 16946 494 5099
657 16330 480 5115
663 16743 514 5149
685 17377 528 5143
686 16809 488 5128
682 16817 464 5176
680 17443 496 5068
621 16455 490 5110
646 16234 463 5098
644 16826 480 5141
628 16271 470 5092
684 17474 481 5113
661 16586 507 5164
688 16848 461 5104
618 16403 463 5106
795 20904 472 5059
699 16718 522 5139
709 17105 506 5069
655 17210 464 5166
703 17254 509 5177
656 16626 492 5138
660 16683 453 5088
684 17257 473 5154
664 17061 487 5131
688 17148 477 5121
733 17207 453 5087
718 16895 450 5124
700 17444 463 5099
671 16997 434 5015
655 16714 466 5086
621 16455 490 5110
695 17083 491 5096
738 18218 461 5120
688 17174 519 5086
621 16455 490 5110
651 17072 462 5153
685 17377 528 5143
657 16741 493 5092
671 16860 487 5091
676 17127 504 5274
671 16662 493 5080
701 16926 451 5092
646 16199 483 5108
633 17290 460 4999
621 16455 490 5110
703 17895 522 5126
691 16982 538 5089
646 17010 499 5083
684 17474 481 5113
647 17092 464 5072
688 17302 510 5184
684 17167 528 5135
657 16754 494 5075
651 16693 488 5078
671 16997 434 5015
650 16615 439 5141
655 17210 464 5166
684 17257 473 5154
655 16714 466 5086
672 17329 491 5184
708 17741 545 5055
669 16833 528 5147
701 17816 505 5105
696 17278 485 5151
712 18165 476 5163
673 16692 481 5171
652 16426 519 5081
618 16105 495 5070
662 17149 465 5130
679 17440 509 5102
671 16860 487 5091
681 17161 442 5133
638 16399 486 5090
647 16642 542 5155
697 17210 527 5142
641 16187 488 5118
679 16912 460 5083
657 16744 494 5075
654 16422 472 5241
689 16005 499 5207
646 17010 499 5083
655 16733 488 5084
678 17112 592 5097
696 17278 485 5151
658 17543 513 5063
688 17532 491 5248
671 16662 493 5080
659 17286 531 5160
669 16740 455 5027
677 16658 460 5070
683 16960 511 5198
692 17141 459 5021
655 16733 488 5084
707 17467 463 5129
668 17156 485 5121
691 16883 484 5111
662 17149 465 5130
718 16895 450 5124
682 16794 460 5070
663 16746 479 5105
638 16566 528 5145
660 16975 470 5139
678 17644 508 5117
683 16946 494 5099
720 16964 496 5137
665 16833 480 5149
676 16892 507 5135
715 17308 515 5120
645 15871 512 5117
717 18101 531 5186
707 17467 463 5129
684 17107 509 5185
705 17142 503 5157
652 16741 435 5079
700 17491 448 5125
687 17057 490 5125
653 17201 489 5056
681 16977 507 5145
670 17209 494 5053
671 16662 493 5080
632 16837 502 5191
643 16195 496 5131
681 16977 507 5145
674 16815 459 5125
631 16141 515 5071
677 16658 460 5070
708 17231 479 5138
630 16149 535 5068
676 17127 504 5274
671 16662 493 5080
633 17290 460 4999
680 17691 460 5156
688 17148 477 5121
688 16848 461 5104
668 16967 519 5045
710 17313 470 5076
713 16844 508 5129
652 16805 527 5194
655 16733 488 5084
646 16234 463 5098
684 17167 528 5135
669 17011 493 5059
680 17077 509 5143
639 16328 471 5189
686 16809 488 5128
646 16202 463 5098
662 17149 465 5130
631 16141 515 5071
646 17206 457 5140
660 16683 453 5088
659 16612 508 5067
636 16506 528 5145
655 16552 481 5161
709 17048 510 5114
714 17792 496 5189
649 16784 458 5155
663 16377 462 5135
648 16537 487 5083
693 16899 503 5065
669 17011 493 5059
664 15904 440 5120
651 16510 464 5140
686 16809 488 5128
646 17206 457 5140
720 17673 447 5118
688 17485 486 5154
656 16626 492 5138
703 16639 465 5196
647 16642 542 5155
671 17989 476 5113
669 16833 528 5147
663 16754 485 5146
646 16202 463 5098
632 16837 502 5191
694 18008 540 5108
626 15926 478 5083
687 17762 507 5128
683 17195 534 5062
694 17021 469 5120
665 16809 447 5082
678 17206 487 5156
657 16330 480 5115
669 16740 455 5027
655 16761 497 5040
653 16915 506 5075
667 16755 497 5130
633 17290 460 4999
654 16422 472 5241
663 16746 479 5105
710 17869 463 5055
712 18165 476 5163
636 16506 528 5145
