2530 97.0381
530 13904 389 4870
535 14196 407 4815
554 14181 380 4878
546 13765 408 4826
564 15119 389 4805
556 14358 389 4823
538 13690 418 4816
577 14384 418 4787
568 15014 379 4858
536 13749 403 4867
572 15222 386 4822
586 15439 400 4796
612 16128 401 4785
621 16097 379 4813
559 14870 397 4810
554 15006 418 4795
529 14125 408 4876
536 14158 399 4857
551 14579 397 4821
545 14456 398 4836
564 14495 408 4809
555 14577 414 4805
577 15360 415 4791
590 14966 385 4843
531 14314 413 4859
565 14381 380 4875
603 15652 380 4843
607 15884 379 4839
539 13981 400 4862
548 14272 397 4850
617 15770 390 4803
537 14374 418 4813
622 15831 384 4817
570 14881 402 4807
555 14365 388 4867
561 15171 387 4855
570 14566 389 4822
579 15609 407 4797
570 14873 380 4859
575 14977 411 4803
592 14838 384 4856
575 14728 385 4866
567 15072 407 4804
575 15290 407 4802
545 14790 404 4829
555 14348 390 4856
541 14762 397 4862
619 15250 384 4844
633 16398 394 4797
552 14320 396 4850
589 16042 399 4800
542 13946 402 4864
549 14768 396 4855
587 15608 380 4857
577 14945 394 4820
602 15870 417 4788
580 14861 380 4861
634 16468 416 4783
624 15975 399 4797
653 16644 416 4774
593 15875 374 4927
538 13690 418 4816
526 14165 424 4917
635 16053 429 4885
673 17275 460 4913
646 16547 465 4900
627 16560 458 4952
756 19142 432 4864
627 16654 482 4943
643 16726 422 4891
696 17533 463 4974
745 20197 482 4946
664 16834 465 4909
665 17448 486 4904
755 19165 465 4865
643 17066 418 4894
733 18908 443 4892
636 16195 431 4939
770 19421 434 4942
768 18638 439 4903
716 17398 445 4921
637 16485 485 4931
704 17793 439 4904
767 18155 496 4898
709 18714 511 4923
681 17830 425 4935
694 18248 435 4883
644 16183 526 4969
703 18402 457 4949
699 17573 424 4863
626 16226 453 4933
643 16239 421 4855
666 17894 447 4889
654 16166 417 4922
754 19842 462 4905
655 17563 468 4920
734 19379 399 4900
623 16139 470 4895
710 17718 463 4902
791 20583 479 4942
721 17796 453 4943
608 15802 429 4854
658 16041 433 4922
738 19992 431 4865
745 20068 441 4902
742 19620 458 4911
662 17228 408 4883
767 18786 440 4962
706 19105 471 4905
646 17023 533 4911
719 19694 439 4923
631 16749 426 4926
709 18375 410 4895
674 18401 482 4906
680 17189 462 4942
736 18299 478 4889
667 16318 421 4926
742 18097 438 4935
673 17276 465 4934
693 17991 417 4856
663 17525 433 4880
762 18200 418 4896
756 19728 492 4879
658 18046 471 4949
803 21186 459 4937
722 18217 495 4956
694 18412 524 4948
721 18317 476 4908
615 15680 435 4955
633 16617 462 4913
711 19272 441 4923
755 19477 472 4899
648 17469 463 4868
707 17437 408 4876
644 17159 419 4857
650 17044 472 4896
672 17794 441 4912
723 17897 444 4970
742 19434 428 4939
704 17515 406 4942
635 16223 446 4864
714 19026 481 4878
695 17756 448 4893
770 19688 410 4894
732 18165 475 4921
752 19205 418 4864
747 19417 446 4887
715 18990 418 4888
661 17198 430 4914
703 18096 397 4904
691 17989 465 4929
753 19756 426 4944
711 19460 491 4908
724 18525 437 4903
652 17077 430 4909
689 18224 489 4914
715 18529 442 4890
669 17885 422 4911
701 16677 485 4939
764 19188 468 4924
627 16702 433 4884
693 17721 517 4947
678 17138 422 4840
728 18196 477 4925
675 18001 473 4886
716 18406 430 4891
636 16796 417 4900
640 16954 413 4962
722 18980 497 4939
699 18241 440 4872
660 17660 422 4899
694 18150 418 4929
626 16519 459 4900
726 18031 454 4891
736 17817 494 4910
813 19939 403 4901
690 16988 446 4906
762 20439 465 4889
723 18769 481 4915
661 17159 422 4874
708 18938 417 4930
643 16907 423 4915
712 18388 453 4920
700 19139 447 4874
581 15600 429 4866
678 17941 441 4949
623 16166 517 4932
652 16522 467 4909
697 18079 411 4893
637 15958 510 4888
690 17344 498 4950
632 16471 449 4863
704 17251 417 4869
751 18959 419 4875
706 18261 446 4893
684 17273 475 4891
675 17656 475 4926
684 17408 437 4942
701 19091 431 4891
773 20361 485 4891
665 16651 425 4926
747 19822 443 4893
647 17108 466 4920
670 16815 506 4943
776 20196 439 4909
792 19692 459 4903
780 20124 462 4938
713 18708 430 4884
791 20340 430 4879
644 16449 421 4865
748 18532 452 4904
736 19650 436 4944
655 17707 521 4911
718 18861 499 4970
628 16578 429 4931
659 17710 453 4932
661 17276 427 4861
690 18201 453 4887
623 15874 453 4929
786 20201 428 4925
743 19540 457 4929
735 18860 418 4934
757 19844 453 4899
821 21016 495 4916
746 18918 511 4972
710 17828 456 4944
741 18472 501 4935
672 17233 425 4887
676 16899 455 4868
715 18891 456 4946
637 16706 417 4876
671 18328 415 4919
678 16672 437 4898
733 19300 422 4904
724 18722 481 4870
625 16501 461 4970
673 17406 415 4875
751 18074 443 4891
696 18140 411 4928
622 16727 424 4910
742 18767 403 4877
647 16433 415 4882
659 16534 469 4896
740 18541 450 4932
767 18598 430 4934
697 18503 447 4906
769 19834 447 4881
663 17720 469 4890
625 17232 413 4890
623 15869 447 4945
655 17148 404 4894
667 16818 497 4914
764 18347 494 4929
723 19230 447 4937
722 18943 439 4926
605 16156 446 4909
656 17359 492 4955
651 17224 405 4850
744 19235 441 4893
683 18154 413 4841
709 18525 420 4859
675 17675 414 4883
646 17100 444 4941
707 18291 463 4913
796 19545 447 4949
684 18186 458 4880
714 19263 507 4925
628 17122 424 4885
824 21946 475 4925
795 19951 469 4902
676 17801 433 4921
680 18123 480 4943
785 19556 403 4868
652 17662 481 4846
668 17449 494 4877
745 19806 410 4921
701 18405 421 4880
738 18919 459 4893
761 19549 432 4903
781 20611 463 4883
628 16636 422 4882
655 17236 441 4904
727 19130 508 4960
661 17201 410 4891
715 18584 494 4932
646 16914 446 4868
627 16667 415 4876
687 18192 492 4988
703 17776 500 4880
627 16628 423 4835
749 19784 453 4904
698 19032 469 4885
699 17851 407 4873
752 19439 420 4938
811 20633 475 4854
629 16583 460 4915
774 19929 438 4901
788 19536 415 4900
676 17477 476 4933
655 17636 426 4871
