76 2.64336
837 21883 521 5156
814 21850 537 5199
831 21031 425 5243
830 22776 591 5220
754 19641 521 5220
900 23599 619 5217
1043 26868 514 5139
866 21998 610 5134
1014 25529 671 5219
865 21796 510 5247
797 20144 542 5190
871 22594 498 5233
956 24564 729 5210
941 25057 597 5208
934 24027 652 5276
948 24531 659 5209
872 22984 546 5122
888 23311 681 5304
901 23161 684 5145
904 23141 571 5290
878 22429 544 5154
882 21634 511 5172
817 20733 642 5257
928 22953 589 5340
934 24623 573 5144
955 24559 506 5198
918 22220 511 5117
935 24012 765 5284
1061 27779 525 5293
1038 25809 623 5268
765 20064 557 5139
934 23755 565 5184
767 20477 514 5157
1040 26259 569 5296
748 19556 499 5095
1094 27018 710 5338
806 20865 512 5166
845 22135 446 5145
791 20502 476 5123
1015 26819 683 5247
956 24552 682 5236
874 22596 539 5228
891 23352 526 5116
1023 25054 506 5209
942 24327 614 5166
991 26974 574 5165
925 22824 621 5139
814 20881 630 5226
803 21722 541 5126
994 26403 532 5211
972 24478 530 5329
1010 26949 588 5069
1142 24813 558 5267
910 24423 664 5246
1094 26218 705 5212
810 20862 552 5185
880 22497 529 5202
883 23312 582 5270
1012 26355 505 5333
1073 27326 718 5168
975 26691 572 5198
905 23913 692 5272
832 19865 502 5165
858 21243 613 5175
919 23257 568 5171
874 22722 666 5246
986 23718 608 5008
805 20255 576 5248
932 23284 549 5173
1122 29805 491 5159
711 18503 535 5125
897 20727 643 5312
965 23841 545 5249
795 20754 571 5145
810 20641 550 5162
787 20095 614 5177
936 23610 697 5240
1009 24940 593 5263
929 24454 561 5245
1117 29248 723 5292
856 22527 591 5301
886 22976 578 5378
1060 27453 563 5191
832 20327 622 5243
1157 28347 572 5186
889 23424 619 5282
763 19947 565 5191
988 26446 519 5227
1068 26573 569 5137
995 26466 605 5169
757 19861 480 5240
852 21651 616 5238
989 26039 567 5253
931 25280 522 5131
1054 27095 633 5193
856 19597 473 5269
1024 26621 628 5227
1037 27207 559 5134
884 23374 707 5241
919 23281 628 5226
1013 24383 489 5226
918 23965 602 5310
986 26069 626 5441
837 21605 498 5180
916 23335 545 5277
1058 26884 491 5266
1016 26506 581 5164
814 19436 509 5192
812 21593 621 5130
924 23380 577 5255
810 19417 507 5161
1058 24989 592 5229
1028 26740 611 5133
957 22531 537 5216
927 23908 576 5286
1175 27155 626 5258
794 20981 522 5134
976 23611 659 5204
832 21939 510 5173
911 24851 537 5074
933 23254 538 5203
866 21703 598 5224
1043 26296 577 5184
966 26321 561 5244
872 22036 560 5201
904 23386 547 5166
1008 25209 515 5191
907 23412 551 5175
876 22670 650 5167
761 19622 482 5207
1009 24968 781 5372
993 25485 524 5165
976 24808 551 5137
860 22582 648 5231
825 21059 596 5124
1010 25844 509 5183
830 21218 582 5261
904 22804 479 5120
1017 25363 526 5224
1094 27478 561 5209
947 24413 642 5199
786 21101 505 5101
882 22871 544 5293
963 25950 573 5328
966 25775 521 5236
826 22096 586 5306
887 22969 621 5370
794 20469 557 5220
929 23314 634 5083
1146 30024 731 5281
961 24645 688 5364
923 22755 519 5179
849 22979 608 5217
911 23261 511 5135
875 23091 666 5415
847 22010 564 5130
808 20735 482 5185
989 26206 708 5224
892 21171 482 5119
984 25834 610 5144
813 20381 504 5244
985 24895 715 5153
947 22883 695 5232
973 22460 571 5210
974 24267 632 5203
853 21427 596 5144
853 22296 582 5236
811 20905 571 5265
788 20847 584 5113
866 22193 514 5265
806 20107 673 5136
783 20785 631 5286
894 22564 750 5335
884 22851 585 5141
857 21978 623 5163
866 22033 563 5185
951 24336 594 5243
883 20397 620 5336
938 23189 599 5159
854 22483 628 5132
942 24334 582 5165
851 23344 664 5187
905 24544 597 5176
1004 26045 574 5290
896 22352 523 5155
915 21226 695 5153
854 22624 597 5252
1162 27000 584 5180
885 23393 660 5200
958 23047 519 5282
1179 29919 568 5172
821 22099 577 5138
946 24643 520 5176
1082 27879 576 5251
844 22406 578 5267
976 25380 517 5099
845 22615 552 5204
812 21061 494 5246
892 23467 468 5131
1011 25341 723 5348
857 21656 543 5111
951 23496 514 5195
1003 23509 506 5267
816 20555 534 5264
931 24856 495 5107
991 25365 547 5284
934 22092 568 5151
870 21132 677 5136
959 24173 596 5166
996 26229 590 5293
931 21715 482 5244
976 25604 581 5228
907 23946 548 5168
988 25156 686 5291
1062 26548 675 5303
1051 25843 601 5317
852 21633 578 5036
913 23979 580 5087
972 24826 699 5175
930 24201 476 5228
1025 24851 595 5231
848 22287 544 5140
918 22793 593 5171
835 21125 559 5238
809 20964 546 5221
989 25002 587 5167
773 20295 589 5142
869 22848 598 5104
968 24854 643 5220
983 26746 644 5292
941 23722 531 5188
797 20744 566 5204
841 22666 529 5181
1017 25291 605 5299
953 24917 621 5181
1000 25131 530 5204
1078 25427 597 5175
1079 25535 673 5240
1065 26392 650 5269
908 22512 597 5199
801 20492 532 5201
936 23813 561 5222
863 21408 550 5150
846 21647 568 5177
863 22410 506 5205
856 22351 533 5246
851 21752 558 5221
1001 25379 556 5147
837 21601 652 5187
863 21697 680 5307
996 26015 575 5295
903 22363 554 5232
944 24796 583 5102
867 23064 494 5121
900 24227 586 5106
978 24329 579 5247
947 25082 546 5283
1111 27282 528 5304
975 26531 572 5175
835 21411 580 5155
932 24555 668 5236
945 23697 514 5153
1098 23653 547 5279
759 19798 501 5068
1003 23960 547 5236
875 22711 602 5088
747 18883 592 5165
892 20837 516 5080
824 22202 485 5247
965 24202 579 5283
896 23013 614 5194
904 23209 676 5261
1082 27457 490 5176
751 19829 500 5228
911 23183 634 5267
763 19461 640 5179
1157 27229 581 5331
959 24095 621 5262
1015 25716 576 5210
946 22860 584 5193
856 21665 472 5125
944 23362 638 5144
825 21554 556 5242
1040 27490 552 5224
806 20595 539 5261
866 22573 519 5193
883 22516 551 5233
991 25475 632 5306
814 20538 540 5137
989 25957 519 5202
894 23741 547 5140
1119 29842 546 5126
941 23453 613 5188
1033 25564 604 5277
872 22803 526 5224
886 21538 507 5188
846 22012 569 5138
907 22350 491 5259
901 22906 581 5146
919 24208 642 5267
