66 2.64338
879 21553 575 5291
805 22147 557 5155
795 19738 545 5323
842 21919 567 5189
797 20442 574 5141
820 21940 620 5047
962 23510 628 5142
825 20265 553 5118
848 20894 537 5181
878 23483 592 5151
859 22836 552 5237
825 20877 569 5208
865 22135 618 5040
840 20535 577 5125
1072 28231 624 5177
888 21964 496 5198
1074 27330 624 5144
949 21804 550 5239
796 21005 567 5187
755 18902 532 5061
912 24242 557 5261
935 23427 619 5228
1008 26774 555 5169
814 20325 530 5265
907 21914 564 5052
903 23061 569 5310
754 20105 466 5175
820 20892 558 5045
962 25717 578 5207
828 21133 515 5299
973 25068 534 5102
896 23019 612 5207
861 22052 554 5075
865 21292 454 5085
971 25792 572 5230
888 22613 547 5359
967 23485 659 5049
837 22061 505 5204
958 24703 565 5177
811 20878 507 5019
845 21235 467 5065
859 22243 642 5225
908 23566 591 5185
899 21621 604 5272
869 21435 566 5099
781 20766 535 5225
973 23882 588 5135
748 20233 522 5127
927 23806 545 5392
953 25193 558 5118
1058 27283 555 5270
814 19948 550 5126
1055 25732 664 5109
905 23661 521 5129
886 22631 532 5244
829 20479 498 5179
1022 26267 528 5166
779 18920 484 5093
900 22785 598 5301
910 23245 540 5217
805 20746 554 5146
951 21789 531 5314
934 23251 533 5156
781 20416 655 5050
782 21163 513 5099
914 21897 514 5090
976 26205 569 5275
894 23226 526 5259
1031 27745 573 5088
871 23789 553 5200
927 22435 538 5319
909 23730 605 5180
929 23186 643 5175
942 24540 676 5241
902 24788 616 5296
896 20577 477 5172
977 23123 568 5207
824 21171 576 5277
958 25566 547 5197
852 20566 554 5143
830 21235 581 5110
956 24265 494 5119
847 21630 586 5122
800 21503 535 5207
844 22410 536 5115
839 20803 559 5069
819 20855 484 5139
941 23177 525 5124
888 22747 589 5253
938 22812 560 5335
1070 29326 653 5323
835 20126 505 5203
902 22702 531 5240
797 20056 645 5226
982 26572 673 5261
812 20756 471 5137
920 24088 610 5300
916 23368 579 5361
1006 24737 618 5181
887 22123 612 5149
838 20975 601 5266
823 21915 501 5229
1005 26163 585 5239
826 21837 585 5339
828 21001 576 5115
823 21938 491 5129
819 20384 512 5132
925 22666 476 5255
765 20480 579 5354
820 20536 596 5124
1053 25680 546 5146
1007 25489 684 5168
759 19835 534 5223
922 21291 527 5275
944 25493 579 5060
901 22591 632 5172
957 25286 611 5103
983 24101 466 5080
825 21562 642 5103
885 21261 554 5206
936 22281 473 5195
868 21972 640 5180
1035 24720 560 5181
721 18099 588 5146
1027 26892 589 5234
936 23577 607 5311
837 22480 515 5129
919 24122 613 5271
894 22558 525 5124
797 20201 557 5229
950 24127 597 5200
918 23833 506 5169
929 21997 626 5094
868 22804 511 5092
981 25706 571 5414
850 21455 559 5355
885 22223 631 5147
925 22115 538 5190
1007 25451 596 5314
889 23183 550 5211
903 22022 615 5112
858 21431 552 5235
988 25961 517 5079
782 20256 530 5298
934 25161 602 5205
930 24521 539 5193
913 22826 689 5210
809 20207 587 5214
808 21532 589 5133
972 23959 547 5204
1021 26098 577 5312
986 24022 670 5331
1100 29765 619 5284
776 19402 518 5203
894 22515 629 5258
944 24112 527 5196
828 20755 690 5155
1031 24699 519 5248
962 23457 568 5118
1045 26253 486 5077
787 20604 566 5296
821 20479 471 5201
863 22207 548 5216
834 22756 621 5164
963 23630 529 5259
1042 27781 546 5188
1018 26219 552 5216
910 24322 541 5127
884 22656 549 5364
848 20756 558 5095
943 24185 588 5201
768 20429 553 5152
867 22723 690 5423
968 24833 566 5239
820 20303 581 5259
858 21220 678 5200
927 23568 551 5210
840 21825 519 5132
963 23429 512 5243
796 19842 591 5358
948 22973 548 5350
907 22528 482 5091
888 21462 634 5082
895 21367 524 5185
947 22975 602 5234
831 21716 568 5172
805 20707 547 5211
966 22442 488 5101
1033 24849 563 5165
950 23496 546 5161
870 22807 542 5127
800 21928 526 5197
837 20609 573 5075
834 21776 490 5090
887 22872 512 5128
982 27415 549 5189
807 20135 589 5422
846 19985 576 5162
886 23108 628 5347
797 21458 568 5175
753 19658 500 5230
1007 25853 526 5083
933 23863 558 5138
864 22759 579 5391
901 21882 568 5230
812 20923 686 5193
804 20159 543 5156
862 22419 653 5174
850 22263 540 5101
919 23331 567 5294
821 20412 567 5269
981 21855 555 5237
908 24832 549 5222
888 22676 500 5129
853 21858 521 5091
751 19973 485 5143
934 23996 745 5200
821 20705 519 5140
924 23509 654 5172
796 20582 573 5141
899 22859 533 5192
837 20208 530 5129
824 21343 506 5144
936 23639 653 5184
821 20807 492 5206
1008 25969 519 5084
914 23137 594 5351
880 22098 557 5159
941 23626 508 5198
937 24511 564 5149
1169 30195 576 5110
886 23453 610 5314
845 22067 575 5101
822 21071 610 5195
1014 24964 588 5236
914 22770 631 5202
957 26306 611 5213
821 20923 511 5157
919 22236 562 5125
792 20716 621 5234
814 20968 539 5169
895 22590 632 5230
1069 27733 528 5240
935 21989 595 5355
870 23354 495 5126
899 21744 596 5182
934 23068 660 5138
914 23262 485 5112
965 23207 522 5051
790 19691 532 5233
772 19886 542 5205
825 21183 571 5176
924 23852 556 5258
783 19271 476 5184
762 20717 584 5150
888 21910 621 5155
879 23008 504 5118
1064 26665 529 5225
801 21366 578 5081
876 21705 587 5144
845 21805 525 5146
794 20652 564 5256
859 21855 545 5215
832 21870 581 5128
860 22003 504 5220
933 23502 529 5254
817 21401 529 5173
953 24418 541 5137
996 25051 564 5107
808 21099 552 5324
845 21810 535 5146
881 21019 641 5084
994 26271 589 5170
811 20935 567 5111
808 22178 546 5188
833 21005 543 5137
971 23191 551 5242
1016 26162 619 5254
909 22534 504 5132
831 19748 624 5133
877 22959 530 5159
931 22710 675 5077
952 25714 524 5049
922 24619 569 5182
957 23923 648 5163
879 21843 590 5225
1171 29986 625 5239
824 20862 644 5247
831 20561 656 5114
940 24024 463 5184
887 21897 530 5068
825 21302 586 5242
1060 28412 685 5380
806 20795 547 5210
760 19210 581 5151
961 22545 502 5281
898 21462 577 5351
1168 27826 543 5379
805 19573 604 5259
964 25013 700 5121
