19 0.966179
682 17957 558 5335
748 19058 545 5213
772 18666 475 5348
888 22410 598 5126
765 19133 552 5330
845 20921 500 5173
765 18349 616 5328
726 18308 514 5206
762 19347 542 5287
704 18676 540 5253
764 19349 549 5333
733 19121 631 5226
734 18219 544 5265
736 18503 536 5347
746 17824 546 5290
745 19491 491 5226
783 19118 605 5397
724 18990 569 5191
715 18835 544 5329
735 18297 559 5149
753 18733 549 5340
722 18753 575 5265
715 18335 548 5376
739 19196 520 5270
752 18776 534 5233
763 19474 591 5282
716 18682 541 5185
741 18409 495 5238
716 18982 485 5174
749 18108 502 5187
718 18837 557 5233
747 18767 507 5311
718 19007 607 5346
775 19176 514 5204
776 19137 616 5251
736 18987 527 5325
748 18523 533 5340
748 19058 545 5213
703 17904 552 5224
640 16709 487 5237
763 19474 591 5282
676 18357 561 5196
716 18590 535 5257
713 18496 567 5409
704 18584 537 5280
771 19250 596 5291
753 18634 514 5208
716 19016 546 5230
692 17771 525 5188
725 19128 593 5356
740 19152 563 5251
772 19678 539 5335
698 18249 498 5150
721 18631 552 5230
739 19196 520 5270
792 19530 511 5358
718 18596 544 5314
727 18451 551 5322
736 18503 536 5347
764 18883 647 5218
744 18732 518 5275
695 18222 567 5256
718 18351 510 5279
698 18249 498 5150
734 18219 544 5265
734 19027 506 5243
754 18689 490 5212
733 17937 550 5307
721 19102 558 5273
701 18296 633 5116
747 19074 518 5250
721 18542 512 5266
721 18280 552 5191
772 19238 593 5251
750 19571 564 5224
692 17010 510 5358
711 17914 504 5213
725 18493 485 5270
736 19355 537 5334
720 18631 533 5271
710 18211 536 5319
754 19039 588 5221
844 19359 520 5279
734 18446 545 5267
723 18905 481 5195
735 18297 559 5149
765 19270 484 5177
711 17914 504 5213
723 18441 532 5290
731 19072 559 5225
740 19577 501 5315
740 19288 526 5298
778 18984 543 5266
681 17474 504 5185
640 16709 487 5237
757 18263 551 5243
718 18007 619 5301
705 17837 494 5203
740 19152 563 5251
752 18959 506 5196
713 18544 559 5211
772 18666 475 5348
718 18309 538 5309
781 19046 521 5306
735 18297 559 5149
735 18931 569 5343
767 18983 620 5267
764 18883 647 5218
748 18523 533 5340
729 18293 505 5288
718 19007 607 5346
763 19585 559 5257
732 19117 598 5231
735 18297 559 5149
754 18689 490 5212
757 18348 535 5283
773 18777 596 5227
722 18753 575 5265
704 18856 552 5241
712 18174 548 5305
693 17603 569 5230
752 18959 506 5196
742 18695 506 5298
746 17824 546 5290
730 18986 483 5302
765 19218 542 5237
717 19086 510 5319
719 18567 543 5240
715 17900 549 5200
742 19101 592 5327
764 19093 514 5232
718 18596 544 5314
727 18639 639 5212
716 17792 549 5286
741 18409 495 5238
718 18837 557 5233
721 18671 632 5283
756 18778 570 5261
681 17474 504 5185
727 18451 551 5322
719 18017 527 5245
716 18086 556 5251
716 18086 556 5251
724 18784 533 5304
757 18348 535 5283
749 18219 535 5241
768 19663 591 5260
735 18931 569 5343
747 18767 507 5311
750 19571 564 5224
713 18640 563 5284
727 18639 639 5212
723 18905 481 5195
765 19218 542 5237
741 19386 551 5315
718 18007 619 5301
715 18335 548 5376
718 18653 544 5314
726 18441 530 5326
809 21649 548 5215
673 17330 534 5300
717 19086 510 5319
727 17800 537 5275
713 18496 567 5409
703 18061 548 5243
686 18153 537 5214
743 18116 537 5338
738 19062 521 5378
737 18769 554 5397
778 19050 528 5354
746 19087 531 5323
743 18246 545 5278
742 18715 560 5224
837 22384 571 5106
742 19101 592 5327
701 17740 494 5182
713 18544 559 5211
769 18964 540 5310
715 18682 639 5292
786 19834 549 5181
715 18269 524 5222
748 18697 584 5246
812 20247 550 5270
725 19122 529 5292
749 18775 543 5217
759 18121 573 5213
737 18944 543 5302
783 19932 651 5204
734 18446 545 5267
725 19029 552 5277
713 18036 490 5165
733 19257 500 5316
724 18857 526 5358
701 18296 633 5116
773 18777 596 5227
772 19238 593 5251
717 18426 511 5112
749 18775 543 5217
748 18805 522 5250
694 18263 542 5320
786 19834 549 5181
677 17370 586 5228
720 17408 501 5273
738 19176 600 5207
771 19185 576 5293
692 17010 510 5358
752 18776 534 5233
731 18289 526 5234
746 19345 548 5300
704 18856 552 5241
744 18960 569 5143
710 18161 537 5290
734 18624 568 5279
760 19300 546 5241
749 18620 612 5219
779 19200 545 5323
734 19028 534 5240
749 18620 612 5219
783 19118 605 5397
686 18153 537 5214
749 18108 502 5187
746 18565 558 5346
786 19164 499 5245
725 18568 591 5267
743 18246 545 5278
737 18584 531 5316
737 19022 557 5267
847 20065 690 5220
725 19029 552 5277
725 18424 476 5274
839 19632 565 5333
738 19062 521 5378
710 18211 536 5319
740 19288 526 5298
721 19102 558 5273
743 18116 537 5338
719 18567 543 5240
701 18277 576 5270
721 18631 552 5230
737 19272 546 5285
716 18086 556 5251
783 19932 651 5204
707 18072 562 5234
701 18277 576 5270
704 18517 597 5367
810 19165 504 5245
768 19663 591 5260
744 18960 569 5143
753 18634 514 5208
715 18358 500 5257
707 18072 562 5234
729 18882 564 5323
813 19876 475 5348
701 17740 494 5182
715 18298 524 5225
740 18305 514 5293
747 19074 518 5250
725 18387 547 5353
716 18086 556 5251
709 18842 528 5250
770 18820 558 5303
724 18784 533 5304
717 18426 511 5112
758 18936 607 5330
744 18732 518 5275
716 18682 541 5185
692 17771 525 5188
757 18263 551 5243
728 18277 506 5214
703 18061 548 5243
713 18036 490 5165
746 19133 535 5235
749 18219 535 5241
769 18964 540 5310
733 19257 500 5316
734 19027 506 5243
717 19044 541 5243
722 18753 575 5265
789 19578 500 5178
721 18280 552 5191
754 19039 588 5221
722 18753 575 5265
715 18358 500 5257
715 18298 524 5225
715 17900 549 5200
720 17408 501 5273
673 17330 534 5300
737 18769 554 5397
748 18805 522 5250
722 18753 575 5265
743 19142 592 5261
753 18733 549 5340
705 17837 494 5203
737 18584 531 5316
775 19176 514 5204
797 19675 579 5308
726 18308 514 5206
758 19070 532 5266
756 18831 570 5219
718 18351 510 5279
