401 20.8891
543 14249 439 5037
561 14956 419 5026
693 18101 406 4929
575 14854 429 5017
588 15569 426 4982
677 16871 398 4974
712 18610 384 4999
676 17297 419 4926
648 16745 413 4956
593 15278 419 5005
665 17569 458 4916
602 16091 403 5021
645 15847 440 4964
711 17922 422 4917
649 16435 405 4985
625 16196 394 5038
608 15657 411 5015
638 15626 422 4977
699 17312 394 4985
575 15086 462 5008
620 16880 447 4952
666 17382 394 5004
594 15944 456 4974
610 16171 422 4977
584 15616 412 5035
616 16301 399 5028
642 16113 425 4968
629 16504 429 4963
623 16570 402 5013
652 17356 434 4945
656 17075 444 4943
672 17278 419 4936
652 17571 393 5032
662 15391 428 5000
633 16640 421 4965
628 16560 417 4980
617 16807 447 4962
587 15587 452 4982
617 16453 414 4994
653 16719 422 4955
640 16439 404 5004
617 16122 416 4996
722 18799 430 4916
641 16060 420 4980
609 16195 462 4971
641 16227 409 5007
713 17933 404 4970
709 17693 423 4924
633 15683 419 4997
624 16699 449 4955
637 16381 412 4994
671 16535 471 4954
667 17010 459 4944
604 16223 430 4980
644 17083 415 4973
639 16748 442 4958
677 17083 397 5015
605 15891 425 4982
634 17105 472 4950
790 19910 478 4903
712 18610 384 4999
543 14249 439 5037
543 14249 439 5037
698 17272 473 5039
842 22271 477 5056
759 20084 456 5033
720 18968 497 5089
642 16858 439 4997
689 18461 461 5044
659 17637 471 5043
720 18313 455 5075
687 18135 455 5040
716 18271 455 5032
663 17239 467 5003
787 19948 456 4991
686 18621 425 5030
757 19394 507 5013
623 16775 446 5035
738 18833 457 5022
637 17243 455 5062
691 17454 439 5083
710 18214 447 5021
667 17622 451 5049
729 18357 473 5029
699 18002 457 5002
725 18258 441 4992
701 18357 435 5039
708 17756 440 5074
701 17496 431 5028
769 19186 458 5016
737 19648 474 5030
690 17979 481 5063
683 17901 473 5053
695 17801 439 5055
710 18015 482 5091
721 18106 501 5072
643 16571 501 5054
690 18162 457 5070
633 17042 446 5059
687 17537 497 5025
751 20045 475 5082
685 17653 467 5038
679 17266 507 5034
765 19515 429 5045
662 17833 480 5068
719 18197 457 5012
797 21145 439 4997
693 18146 434 5022
697 17745 431 5007
664 17655 481 5021
772 20002 533 5014
724 19343 439 5080
686 18519 436 5067
653 17403 440 5067
691 17120 446 5030
659 16773 409 5053
696 17996 447 5059
596 15929 469 5031
804 20114 477 5081
702 16842 416 5029
753 19316 481 5031
607 16232 455 5056
650 16786 457 5058
653 16776 476 5062
794 20693 440 5064
747 19287 470 5085
654 17509 507 5052
710 18554 415 5043
678 17630 513 5055
630 16613 428 5045
751 19759 451 5042
668 16902 470 5096
642 17121 473 5030
709 17915 465 5047
688 17652 433 5015
771 19324 483 5042
717 18865 441 5023
614 16127 497 5065
701 18290 436 5037
707 18685 435 5068
733 19041 436 5051
725 18070 441 5052
715 19516 436 5042
790 20615 441 5046
726 19023 441 5019
683 17515 460 5075
633 16521 440 5059
604 15669 473 5033
608 15665 440 5019
811 19931 440 5077
595 15925 460 5036
773 19805 457 5058
729 18270 462 5041
791 20153 438 5011
653 16655 513 5038
715 18618 454 5073
734 19222 440 4990
667 16859 419 5035
682 17556 481 5049
744 19906 447 5063
745 19768 441 4996
656 16340 455 5037
644 16723 440 5074
686 17927 447 5029
698 18895 424 5020
672 17533 471 5070
750 18750 442 5073
725 17957 481 5040
685 18285 471 5042
744 18660 455 5098
689 17499 457 4989
751 18340 418 5053
693 18343 411 5006
778 19459 481 5039
659 17708 455 5062
681 17513 428 5067
713 18574 455 5040
627 16829 440 5037
665 17788 430 5032
678 18197 455 5052
658 17075 454 5027
695 18057 429 5060
713 18943 473 5010
727 19729 444 5051
743 19451 498 5110
775 20061 455 5080
641 17116 415 5052
707 18963 439 5032
778 19463 442 5007
717 18819 444 5001
919 23123 440 5033
697 18026 441 5038
661 17304 425 4996
624 16190 415 5027
693 18075 413 5063
630 16905 439 5018
721 19459 481 5041
691 17124 475 5028
691 18179 460 5026
763 19550 457 5015
655 16553 460 5054
671 17541 465 5033
721 19438 457 5042
685 17669 481 5077
735 17988 457 5008
650 17297 467 5009
710 18236 414 5054
640 17188 465 5023
694 17961 447 5039
671 17097 415 5019
655 17700 413 5049
640 16725 523 5061
778 18701 426 5012
705 17612 455 5063
743 18680 408 5056
651 17451 457 5093
745 18843 464 4993
773 20441 465 5041
723 18103 467 5039
737 19347 415 5033
685 17664 432 5017
716 18575 447 5030
711 18377 449 5021
801 20719 447 5027
792 19630 482 5077
720 18049 499 5021
670 17858 415 5005
671 17570 447 5030
588 15306 465 5044
688 17638 418 5058
611 16142 455 5043
647 17102 481 5060
807 21627 414 5039
681 17930 455 5066
717 18789 471 5061
681 18011 439 5069
648 17204 425 5021
678 17470 483 4995
657 17032 460 5051
645 17207 517 5023
692 17914 459 5052
686 17818 460 5061
675 18029 439 5017
639 16319 481 5086
605 16158 415 5033
642 16724 471 5037
693 18352 436 5081
668 16795 465 5069
794 20288 502 5087
802 20297 445 5055
700 17806 503 5017
671 17805 416 5010
726 18661 444 5028
638 16760 441 5020
708 18677 513 5055
703 18983 462 5049
691 18281 418 5038
662 17481 456 5038
718 18490 447 5060
727 19783 431 4995
631 16351 455 5067
722 17895 440 5102
757 19608 455 5088
745 19419 432 5019
706 18033 462 5035
742 19862 440 5098
782 20370 460 5019
634 16553 441 5031
666 16962 418 5066
841 21661 461 5027
813 20950 481 5061
669 18370 431 5013
704 18344 472 5049
732 18875 439 5011
684 18308 447 5060
692 18497 455 5032
614 15937 416 5008
691 17799 449 4971
759 19626 456 5093
725 18846 522 5037
783 19437 478 5060
647 17064 455 5008
690 17650 449 5022
674 18333 436 5045
608 16201 422 5054
725 18738 481 5062
753 19445 465 5058
667 17666 455 5052
694 18458 455 5003
727 18803 438 5069
675 17712 446 5008
686 17854 436 5061
678 17657 429 5011
748 18801 465 5036
661 17269 481 4992
721 18740 455 5007
748 19386 471 5031
718 18299 457 5016
683 17131 429 5015
821 20332 460 5029
