0 0.00400241 12
5099 60.0145 300
9419 120.023 300
12689 180.025 300
15984 240.038 300
19288 300.052 300
22591 360.055 300
25898 420.061 300
29196 480.064 300
32413 540.078 300
35639 600.095 300
38888 660.102 300
42153 720.112 300
45411 780.121 300
48661 840.131 300
51884 900.131 300
55125 960.143 300
58357 1020.14 300
61576 1080.15 300
64796 1140.16 300
68028 1200.18 300
71240 1260.18 300
74446 1320.2 300
77663 1380.21 300
80907 1440.22 300
84149 1500.23 300
87380 1560.24 300
90613 1620.25 300
93844 1680.26 300
97082 1740.27 300
100310 1800.27 300
103519 1860.28 300
106737 1920.29 300
109948 1980.31 300
113175 2040.31 300
116389 2100.32 300
119611 2160.34 300
122826 2220.34 300
126060 2280.34 300
129287 2340.35 300
133272 2400.35 300
138373 2460.36 300
143498 2520.37 300
148607 2580.38 300
153735 2640.39 300
158165 2700.4 300
161368 2760.4 300
164570 2820.41 300
167774 2880.41 300
170970 2940.42 300
174169 3000.42 300
177373 3060.42 300
180571 3120.44 300
184576 3180.45 300
189657 3240.46 300
194739 3300.47 300
199804 3360.48 300
204867 3420.48 300
209934 3480.49 300
215006 3540.5 300
220037 3600 300
