0 0.00408307 11
15191 60.0047 300
29389 120.008 300
43149 180.011 300
56729 240.015 300
70346 300.018 300
83326 360.021 300
96707 420.022 300
109925 480.022 300
122808 540.025 300
135792 600.03 300
148780 660.032 300
161443 720.033 300
173605 780.035 300
185497 840.038 300
197280 900.04 300
208957 960.043 300
220479 1020.05 300
232368 1080.05 300
244319 1140.05 300
256218 1200.05 300
268274 1260.05 300
279876 1320.05 300
291643 1380.06 300
303578 1440.06 300
315403 1500.06 300
327239 1560.06 300
339243 1620.06 300
352034 1680.07 300
365085 1740.07 300
377752 1800.07 300
390183 1860.07 300
402742 1920.07 300
415277 1980.07 300
427274 2040.07 300
439200 2100.08 300
451122 2160.08 299
463162 2220.08 300
475140 2280.08 300
487061 2340.09 300
498698 2400.09 300
510522 2460.09 300
521947 2520.1 300
533456 2580.1 300
545109 2640.1 300
556401 2700.11 300
568081 2760.11 300
579928 2820.11 300
591782 2880.11 300
603676 2940.12 300
615450 3000.12 300
627179 3060.12 300
642318 3120.12 300
662335 3180.12 300
677131 3240.12 300
688549 3300.13 300
699559 3360.13 300
710604 3420.14 300
722640 3480.14 300
734433 3540.14 300
746123 3600 300
