0 0.00461212 9
3773 30.0077 34
7495 60.0123 34
11226 90.0185 34
14983 120.025 29
18722 150.029 24
22472 180.031 25
26202 210.037 25
29933 240.04 29
33652 270.045 30
37381 300.046 31
41105 330.053 33
44828 360.053 30
48550 390.062 33
52278 420.068 33
56018 450.07 23
59758 480.073 26
63461 510.078 30
67223 540.084 29
70929 570.089 34
74651 600.097 35
78340 630.102 34
82052 660.109 34
85715 690.112 37
89409 720.119 35
93037 750.12 33
96697 780.127 32
100309 810.13 34
103966 840.132 33
107639 870.139 32
111311 900.145 33
114976 930.149 31
118640 960.152 32
122294 990.159 33
125947 1020.16 39
129571 1050.16 42
133194 1080.17 41
136797 1110.17 45
140401 1140.17 49
144008 1170.18 49
147613 1200.18 52
151220 1230.18 52
154825 1260.19 52
158429 1290.19 52
162034 1320.2 52
165643 1350.2 52
169241 1380.2 52
172844 1410.2 52
176434 1440.2 53
179997 1470.2 56
183578 1500.21 57
187101 1530.21 60
190657 1560.21 59
194161 1590.22 58
197719 1620.22 58
201220 1650.22 52
204794 1680.23 50
208364 1710.23 49
211934 1740.24 49
215502 1770.24 50
219031 1800 50
