0 0.0176565 10 11 10
1 0.0442575 16 8 21
2 0.0711555 12 15 15
4 0.124455 4 12 9
7 0.199296 23 17 11
11 0.300013 22 23 25
16 0.420287 26 25 23
23 0.59199 11 41 45
33 0.832 52 50 57
48 1.18111 53 47 95
69 1.65592 53 95 50
100 2.31579 166 104 120
144 3.23169 155 167 119
206 4.51908 104 103 98
287 6.30211 74 77 94
402 8.79084 109 84 92
562 12.258 103 96 91
790 17.075 111 104 115
1105 23.7808 106 106 104
1550 33.1002 101 100 100
2176 46.0627 100 102 102
3038 64.0919 102 102 100
4251 89.1911 110 104 106
5946 124.094 206 90 90
8279 172.665 139 188 191
12643 240.23 241 234 223
19046 334.226 233 230 248
27893 465.003 221 256 262
40223 646.942 239 249 246
57185 900 267 274 246
