0 0.00690984 26
2 0.0120152 157
5 0.0202447 298
9 0.0326024 300
15 0.0506527 300
24 0.0775108 300
37 0.114827 300
56 0.170089 300
87 0.252877 300
136 0.37602 300
211 0.556152 300
321 0.82063 299
484 1.21202 300
713 1.78914 300
1039 2.63977 300
1508 3.89567 300
2127 5.74847 300
2960 8.48286 300
4191 12.5158 300
6056 18.4648 300
8713 27.2365 300
12321 40.1759 300
17759 59.2594 300
26492 87.4082 300
37903 128.925 300
53620 190.16 300
76049 280.48 300
107760 413.7 300
141320 610.192 300
183025 900.008 300
