0 0.0120197 9
1 0.0318767 19
2 0.0515092 23
3 0.0714786 4
4 0.0915254 6
5 0.111681 9
6 0.132133 6
7 0.152392 10
8 0.172965 10
9 0.193287 12
10 0.21376 11
11 0.234178 18
12 0.254365 12
13 0.274553 15
14 0.295116 17
15 0.315667 16
16 0.335772 15
17 0.356014 15
18 0.376353 24
19 0.396289 23
20 0.416712 23
21 0.437133 24
22 0.457102 24
23 0.477344 17
24 0.497713 26
25 0.518397 22
26 0.539173 19
27 0.559237 16
28 0.579655 18
29 0.599852 21
30 0.620298 20
31 0.64049 19
32 0.660452 19
33 0.680934 22
34 0.701331 24
35 0.721251 23
36 0.741558 25
37 0.761706 29
38 0.781761 26
39 0.802109 33
40 0.821918 42
41 0.84198 49
42 0.861912 48
43 0.882287 29
44 0.90207 39
45 0.922394 44
46 0.942235 38
48 0.980747 24
52 1.0572 29
60 1.20776 28
76 1.50102 38
109 2.10273 74
171 3.27889 162
293 5.62733 27
550 10.3276 76
1047 19.7147 125
2019 38.4703 158
3885 75.9824 159
6348 151.014 141
10964 301.038 133
19906 600.024 123
