0 0.311996 11
423 60.3434 153
936 120.428 150
1401 180.721 150
1937 240.779 150
2406 300.819 151
2916 360.842 151
3401 421.3 150
3930 481.342 150
4401 541.489 150
4920 601.57 150
5410 661.632 150
5922 721.716 150
6401 785.594 13
6965 845.663 151
7505 905.674 135
8015 965.746 151
8597 1025.81 151
9145 1085.88 150
9731 1145.94 150
10232 1205.94 150
10650 1265.96 150
11024 1326.01 148
11410 1386.04 150
11815 1446.14 150
12202 1506.25 150
12597 1566.3 152
12924 1626.4 157
13282 1686.48 151
13633 1746.61 115
14001 1812.31 152
14372 1872.36 163
14704 1932.43 122
15028 1992.59 105
15401 2056.68 166
15794 2116.81 168
16201 2178.41 161
16603 2238.54 161
17007 2298.65 161
17404 2358.77 163
17801 2420.86 175
18197 2480.91 165
18559 2540.95 161
18930 2601.03 156
19352 2661.13 178
19754 2721.24 170
20130 2781.32 174
20501 2841.45 176
20910 2901.51 172
21240 2961.55 170
21601 3030.07 178
21995 3090.11 177
22342 3150.18 183
22689 3210.19 171
23053 3270.3 171
23407 3330.35 192
23801 3392.64 179
24201 3453.07 156
24696 3513.15 172
25197 3573.21 165
25400 3601.15 167
