0 0.0299694 16 9 15
1 0.0580368 6 23 13
3 0.113148 18 9 7
5 0.167298 12 12 23
8 0.250674 4 9 12
12 0.358552 28 24 24
18 0.522781 28 19 37
27 0.764034 81 41 38
40 1.09183 90 76 102
60 1.55775 98 93 103
89 2.22544 96 102 105
121 3.17135 101 90 79
171 4.52605 98 97 99
257 6.45789 91 88 95
378 9.20392 94 101 91
550 13.0969 91 93 97
799 18.6249 90 96 90
1165 26.4844 91 91 91
1685 37.6575 91 90 90
2428 53.5311 90 90 90
3474 76.091 84 90 91
4976 108.146 94 90 90
7122 153.713 91 90 90
10168 218.476 91 90 90
14465 310.502 110 90 90
20495 441.295 107 90 90
29010 627.167 99 90 90
41124 891.3 90 91 91
58194 1266.65 98 92 91
80125 1800.02 90 90 90
