0 0.0202578 19
1218 60.0554 300
2243 120.069 300
3235 180.087 300
4221 240.098 300
5172 300.15 300
6109 360.205 300
7064 420.257 300
8031 480.316 300
8963 540.353 300
9895 600.402 300
10809 660.42 300
11718 720.469 300
12631 780.532 300
13517 840.571 299
14407 900.622 300
15295 960.624 300
16188 1020.63 300
17111 1080.65 300
18028 1140.71 300
18944 1200.76 300
19885 1260.77 300
20812 1320.78 300
21737 1380.8 300
22655 1440.86 300
23567 1500.87 300
24494 1560.91 300
25428 1620.92 300
26353 1680.97 300
27287 1741.04 300
28217 1801.1 300
29143 1861.15 300
30054 1921.19 300
30962 1981.2 300
31875 2041.2 300
32786 2101.26 300
33693 2161.3 300
34601 2221.34 300
35507 2281.4 300
36416 2341.43 300
37342 2401.43 300
38267 2461.46 300
39199 2521.46 300
40123 2581.49 300
41032 2641.51 300
41942 2701.57 300
42843 2761.62 300
43751 2821.68 300
44649 2881.69 300
45547 2941.74 300
46441 3001.79 300
47332 3061.82 300
48228 3121.87 300
49124 3181.9 300
50030 3241.91 300
50940 3301.95 300
51841 3361.96 300
52751 3421.97 300
53659 3482.01 300
54574 3542.04 300
55459 3600.01 300
