0 0.0921299 8 18 9
1 0.182688 18 23 23
2 0.272096 13 9 25
4 0.431647 25 21 13
6 0.610635 30 19 29
9 0.874568 40 34 34
13 1.22337 33 49 64
18 1.6598 59 48 37
25 2.24506 63 67 114
35 3.0528 89 87 94
48 4.09255 84 112 101
66 5.5134 89 106 106
89 7.32806 87 104 104
120 9.76832 84 97 101
161 12.9804 89 102 48
213 17.2751 89 93 93
288 22.9838 91 90 82
386 30.5077 87 90 90
516 40.4799 84 91 84
689 53.7237 90 91 90
923 71.254 90 90 90
1238 94.5098 90 90 90
1641 125.336 90 90 90
2167 166.162 77 91 90
2864 220.213 67 90 91
3801 291.831 90 90 90
5051 386.79 90 90 90
6725 512.624 90 90 90
8966 679.324 90 90 90
11947 900.025 90 90 90
