0 0.00852592 93
4321 30.014 150
8626 60.0156 150
12946 90.0198 150
17214 120.021 150
21499 150.026 150
25868 180.027 150
30077 210.034 132
34347 240.04 150
38644 270.047 150
42945 300.053 150
47252 330.059 150
51511 360.06 150
55802 390.061 150
60076 420.062 150
64339 450.065 150
68618 480.069 150
72917 510.07 150
77147 540.073 150
81389 570.08 150
85635 600.086 150
89914 630.093 150
94193 660.097 150
98451 690.097 150
102727 720.1 150
106987 750.106 150
111235 780.11 150
115501 810.113 150
119767 840.114 150
124027 870.114 150
128130 900.114 150
132251 930.114 150
136493 960.121 150
140835 990.127 150
144984 1020.13 150
149216 1050.13 150
153459 1080.13 150
157662 1110.14 150
161884 1140.14 150
166122 1170.14 150
170175 1200.15 150
174410 1230.15 150
178680 1260.15 89
182926 1290.16 150
187165 1320.16 150
191447 1350.16 150
195702 1380.16 150
199948 1410.17 150
204131 1440.17 150
208391 1470.17 150
212700 1500.18 150
216862 1530.18 150
221095 1560.18 150
225254 1590.19 150
229553 1620.19 150
233791 1650.19 150
237997 1680.2 93
242327 1710.2 150
246537 1740.21 150
250814 1770.21 150
255201 1800 150
