553811 3600
42 315 36 168
49 300 42 153
46 303 46 153
43 275 37 165
50 293 40 154
49 299 46 153
48 301 42 153
47 300 46 153
44 285 40 157
45 291 40 155
42 284 37 169
42 285 37 166
49 283 42 154
46 280 40 155
48 286 42 154
46 284 46 154
46 279 40 156
46 278 40 157
45 280 40 158
43 297 40 157
51 297 42 153
43 282 40 159
43 283 36 168
48 291 36 165
46 283 36 167
45 288 36 167
49 294 40 154
42 295 36 169
45 286 40 156
44 281 39 158
44 279 38 160
42 277 38 162
49 288 37 163
44 272 37 165
44 276 40 160
44 274 38 161
45 278 39 159
44 271 37 166
42 295 37 164
43 293 36 166
46 292 36 165
44 294 36 165
44 293 37 163
43 299 36 165
45 290 36 166
43 294 37 163
42 293 37 165
44 291 36 166
43 292 36 167
47 274 37 164
43 280 39 160
43 267 38 164
44 271 38 162
43 273 38 163
43 278 43 161
44 279 40 159
45 281 40 157
42 281 38 160
46 278 39 158
45 274 39 160
42 272 38 164
46 276 38 160
46 298 40 154
45 289 37 163
45 273 38 161
45 277 45 158
43 276 38 162
43 270 43 163
46 290 42 154
43 279 37 164
43 272 37 166
45 276 40 159
43 268 37 167
47 297 40 154
44 276 37 164
43 286 39 158
44 292 40 156
44 295 40 155
47 302 42 153
45 307 40 154
43 280 38 161
