23841 540.108
54 315 38 162
42 345 38 161
43 324 38 161
47 327 37 164
46 356 46 153
45 348 45 155
48 303 42 156
43 324 36 171
43 318 43 163
50 321 37 164
44 330 37 164
42 318 42 171
44 325 36 166
46 312 39 158
46 310 44 161
44 302 44 162
50 342 37 163
47 355 36 165
47 307 37 166
42 337 36 170
49 326 38 160
46 313 46 154
49 350 37 163
45 319 38 162
44 319 44 161
46 310 46 155
42 321 36 174
47 312 38 164
44 334 44 159
48 318 40 154
42 326 37 171
48 351 37 163
48 330 38 160
43 313 37 171
46 314 40 155
50 318 46 153
44 318 38 165
51 347 36 165
42 312 42 174
44 327 44 160
50 332 42 153
44 313 37 167
45 309 37 171
45 327 45 156
50 317 38 162
47 324 42 154
42 321 42 170
47 339 42 153
43 323 42 164
45 312 39 165
42 324 38 164
49 352 36 165
47 329 40 154
46 372 36 165
44 348 39 158
47 335 46 153
45 318 44 160
50 322 38 160
45 340 39 158
45 327 40 157
43 316 37 167
48 334 46 153
49 322 46 153
51 323 42 153
41 327 37 166
