105135 720.054
47 333 40 154
48 304 42 153
46 279 37 166
45 286 39 165
44 285 42 166
44 291 42 162
47 289 39 159
46 288 38 162
46 282 37 164
48 294 40 155
48 283 44 158
53 292 42 154
50 289 46 154
52 286 42 156
49 284 40 157
47 290 45 156
49 283 45 156
46 289 44 158
49 285 39 158
51 279 40 163
47 281 37 164
43 293 37 166
44 298 38 163
45 294 39 162
44 296 37 165
45 285 40 161
44 291 38 164
43 293 38 164
45 287 40 159
44 289 37 166
49 290 40 155
46 301 46 153
46 297 46 154
45 294 45 157
44 299 44 158
53 282 39 159
53 284 39 158
46 282 40 159
46 280 39 160
47 280 38 162
45 284 43 162
47 281 38 160
48 286 39 158
47 278 38 164
51 276 38 164
47 283 36 167
47 300 36 165
45 284 42 167
45 283 43 164
47 286 44 158
44 296 44 159
44 311 38 160
44 313 39 159
44 304 38 161
46 306 36 167
42 294 42 163
43 300 43 160
43 297 42 162
45 299 44 157
45 300 39 159
45 304 40 157
54 291 42 153
54 290 40 154
53 294 42 153
46 291 44 157
50 291 46 153
47 303 37 163
42 290 42 164
48 284 37 163
49 286 45 155
54 287 40 155
54 286 40 156
49 293 40 154
48 284 36 165
52 289 42 155
45 296 45 156
45 295 44 158
44 293 43 160
43 289 43 161
45 334 37 163
46 315 37 163
48 291 45 155
47 288 44 157
48 287 40 156
48 285 39 159
48 285 40 157
46 294 40 158
46 295 39 158
46 295 40 157
47 299 40 155
46 303 40 155
46 300 38 160
46 302 40 156
50 297 42 153
48 296 40 154
47 294 40 156
46 294 38 161
47 293 40 157
46 291 39 159
47 289 40 158
46 292 45 155
47 294 46 153
