125619 1260.11
44 361 38 165
42 326 38 168
48 355 36 178
45 342 37 172
44 344 37 173
45 338 37 174
50 337 37 174
44 325 38 167
44 316 38 168
43 329 38 167
43 317 38 168
49 354 36 168
53 389 37 165
49 364 36 166
55 416 37 164
54 357 36 166
47 358 36 167
49 333 39 159
47 339 38 161
45 347 38 161
48 355 39 159
46 352 45 158
48 335 40 158
44 346 38 166
56 400 37 164
44 342 39 162
57 335 38 161
45 304 38 164
45 301 38 168
47 331 39 160
48 328 40 160
46 322 38 163
44 311 44 168
44 326 44 164
45 295 39 162
47 310 38 163
45 349 37 168
47 342 37 168
46 335 39 160
49 303 38 164
45 323 39 161
46 329 40 160
49 313 39 160
47 294 39 162
48 326 45 159
46 365 36 171
46 297 39 161
45 311 45 161
49 391 37 165
44 336 39 166
