7 0.180059
50 434 43 178
56 420 55 173
51 411 51 182
52 454 42 178
53 424 44 175
53 443 49 172
55 410 50 179
57 440 51 170
59 434 40 174
61 448 40 173
67 502 38 176
50 443 43 176
52 413 50 176
52 444 38 179
53 444 46 163
54 427 42 179
55 413 42 181
56 449 44 168
58 404 38 181
58 418 49 179
58 456 45 165
58 484 42 170
59 410 56 175
59 423 44 175
59 446 45 162
60 444 36 181
60 465 40 170
61 431 44 169
61 493 39 173
62 509 42 166
62 525 40 165
63 421 45 169
63 486 51 161
64 448 40 167
64 490 39 169
65 424 42 167
65 527 52 160
66 504 39 167
68 516 42 158
69 543 38 169
70 517 38 175
