108915 1800.01
44 296 38 160
45 299 39 158
44 295 37 163
44 295 36 165
42 289 36 166
42 284 36 167
42 289 38 165
42 284 38 166
43 300 39 159
43 296 36 165
43 296 37 163
42 294 38 162
42 296 37 164
43 302 38 160
43 302 39 158
42 297 38 161
46 313 42 153
44 300 39 158
43 286 43 163
46 288 45 157
45 287 45 158
45 310 40 154
44 285 44 160
46 288 40 158
47 289 40 156
48 291 40 155
51 296 42 153
46 287 39 159
48 291 39 158
44 306 40 155
51 296 40 154
45 304 40 155
48 295 46 153
46 295 42 155
42 291 37 165
44 293 40 157
45 285 40 159
42 291 38 164
42 285 42 165
46 289 40 157
48 297 40 154
44 281 38 164
44 281 36 167
44 281 37 165
46 286 38 161
47 288 40 157
43 290 38 162
44 282 38 162
43 283 36 167
43 283 38 164
43 283 37 165
44 284 40 161
48 291 37 163
48 297 42 153
45 284 39 160
48 292 36 165
44 287 37 164
43 291 37 164
45 291 40 156
43 290 39 160
42 288 42 164
43 287 36 166
44 289 39 159
42 307 38 160
42 307 37 163
44 287 38 161
44 289 40 158
44 287 40 160
45 293 37 163
43 313 40 156
45 280 38 164
45 281 40 163
45 280 37 165
45 285 37 164
45 286 36 166
42 309 39 159
46 297 40 155
47 299 46 153
46 296 39 158
46 291 38 160
47 292 37 163
47 294 36 165
46 303 46 153
42 307 36 165
47 294 39 158
48 284 37 164
46 300 40 154
48 286 42 154
45 289 45 157
46 291 46 155
47 292 40 155
47 289 38 160
46 297 46 154
47 293 46 154
47 298 42 154
44 315 40 154
47 308 42 153
44 295 40 156
43 319 40 155
43 303 40 157
