226848 2280.19
43 309 39 164
42 311 39 164
48 296 40 159
43 314 38 160
47 299 39 159
42 318 38 160
45 292 39 160
46 303 39 159
44 305 39 159
44 288 38 162
44 299 39 160
46 297 40 159
46 300 38 161
45 305 45 158
49 308 45 157
48 297 40 158
47 303 40 158
45 303 45 159
46 290 39 160
42 320 39 158
44 318 40 157
43 315 39 158
46 309 39 158
45 311 40 157
50 325 42 153
45 315 40 156
43 321 40 155
45 318 40 155
44 322 40 154
47 318 40 154
47 326 42 153
46 314 40 155
46 331 42 153
42 306 37 167
47 332 37 164
42 325 37 166
44 328 37 165
43 308 37 166
45 305 37 166
43 310 38 165
47 314 37 165
46 296 37 166
43 288 37 167
46 320 37 165
48 353 36 172
