80022 960.192
42 297 37 163
45 291 42 154
46 290 42 154
45 277 39 159
43 280 38 160
45 278 38 160
44 279 38 160
45 278 40 157
43 280 39 158
44 284 40 155
42 273 39 160
44 275 38 161
42 281 38 160
45 278 39 158
45 294 40 154
41 272 37 164
41 273 38 162
42 286 40 159
44 269 38 163
43 267 37 165
43 270 37 164
44 272 38 162
46 282 40 155
43 280 40 157
47 292 40 154
43 292 37 163
40 280 36 167
42 278 36 167
43 277 40 158
43 293 36 165
45 297 42 153
48 296 42 153
47 289 42 154
42 275 36 168
44 298 40 154
48 275 38 160
48 284 46 154
47 280 45 156
47 273 45 157
46 272 44 159
47 286 46 154
45 269 43 161
46 281 45 156
46 276 45 157
44 270 43 161
48 276 40 159
45 274 44 159
49 277 40 157
50 288 42 154
48 278 46 155
45 267 43 162
46 271 44 160
47 271 38 162
49 295 46 153
45 289 37 163
48 281 40 156
47 277 39 158
