32981 750.344
43 352 36 177
42 351 37 176
43 350 37 179
43 346 36 180
50 346 38 160
45 363 45 156
43 328 36 184
43 375 38 168
51 335 42 153
47 323 40 158
43 368 36 171
43 363 37 175
45 339 40 157
48 378 42 153
49 331 36 166
47 320 37 164
46 342 46 153
48 352 38 160
51 343 38 160
44 319 44 160
47 332 36 166
43 331 38 169
49 330 40 155
43 371 36 170
49 348 42 153
44 320 36 167
49 327 42 155
42 324 38 174
49 329 42 154
43 325 42 164
49 326 42 156
42 313 42 166
45 342 37 163
47 340 40 154
44 344 44 159
46 335 46 154
48 331 46 154
46 321 45 156
46 343 40 154
42 341 42 165
45 315 38 161
45 335 45 157
46 312 42 166
49 314 44 160
46 336 40 155
50 330 36 166
50 313 44 164
45 326 39 158
54 326 52 153
51 332 40 154
49 328 46 153
50 339 42 153
46 353 36 166
