79810 330.029
49 349 38 161
48 376 44 159
45 350 44 162
48 366 38 163
47 353 36 166
44 372 36 173
48 347 37 169
47 345 43 162
45 334 45 159
47 360 37 164
52 383 39 158
45 344 44 164
55 374 42 155
44 358 36 174
51 352 39 159
47 350 36 171
50 381 46 154
44 337 43 168
46 322 38 167
47 330 44 165
68 499 46 153
44 363 37 168
45 352 38 164
50 347 39 161
50 382 39 160
45 363 44 161
51 347 36 166
47 405 45 156
49 320 43 166
47 344 44 161
51 331 38 163
43 363 42 171
48 324 40 160
48 376 38 161
64 450 40 154
52 414 40 155
47 376 39 161
45 350 37 166
48 351 39 161
54 398 38 160
45 331 38 165
55 397 38 160
47 384 39 159
49 340 40 156
45 344 37 174
47 366 39 163
45 328 43 167
50 350 36 169
50 383 39 159
55 455 37 163
44 368 43 163
