195436 3540.59
40 320 36 174
43 322 38 160
47 294 46 154
48 306 42 153
42 298 42 166
45 307 39 158
46 291 42 166
42 300 42 165
47 305 38 162
43 298 43 163
42 325 37 164
43 313 39 159
50 299 42 153
43 308 38 161
48 296 40 154
45 299 37 165
44 325 44 158
47 301 40 154
42 301 36 166
50 302 38 162
47 296 40 155
44 337 39 158
43 297 42 166
42 315 38 161
46 302 46 153
47 308 37 163
44 307 38 160
44 305 44 161
42 321 36 165
46 295 46 154
49 290 46 154
44 309 37 163
44 300 37 165
41 321 38 169
45 318 40 154
40 322 36 171
46 299 40 156
41 319 36 174
43 312 36 165
49 292 46 153
43 314 37 163
45 304 40 155
41 320 38 170
49 303 38 162
44 310 40 159
48 294 40 155
47 299 46 153
52 289 52 154
48 291 46 155
44 306 38 161
43 303 37 164
46 286 46 159
46 300 40 155
49 305 42 153
46 303 40 154
50 294 40 154
