16308 1020.92
46 295 40 154
45 290 40 155
42 320 38 160
43 292 39 159
46 287 40 155
47 281 40 157
44 279 40 159
47 279 39 158
45 282 40 157
46 292 42 154
44 279 38 160
45 282 39 158
47 274 39 161
45 280 39 159
46 272 38 163
46 274 38 162
44 277 39 161
44 276 38 162
48 273 44 162
44 296 37 163
45 298 36 165
46 292 37 163
48 287 37 163
49 294 36 165
46 296 36 165
49 293 36 167
47 295 36 167
46 275 38 160
46 277 40 159
49 288 40 154
49 275 45 159
47 276 39 159
50 277 45 157
50 282 46 154
48 278 40 157
48 283 42 154
48 276 39 158
48 281 40 155
47 292 42 153
43 291 38 160
43 294 39 158
45 297 40 154
47 290 40 154
44 297 40 155
46 297 46 153
49 289 46 153
44 289 39 158
44 288 39 159
44 295 37 164
