121289 2760.52
44 292 44 160
44 297 40 160
41 304 37 165
44 296 38 161
42 294 38 163
44 290 37 165
42 301 36 166
46 295 46 155
42 295 37 166
45 287 45 158
44 314 39 160
44 291 40 161
43 304 37 164
43 284 43 166
44 300 40 159
46 292 40 158
44 284 38 164
47 289 42 158
42 302 38 162
43 332 39 160
48 329 39 158
42 297 37 165
46 296 39 159
44 313 40 158
45 295 45 157
46 300 46 154
45 315 38 160
41 305 36 168
44 292 38 162
48 322 42 153
44 333 38 160
46 286 39 163
47 330 39 158
47 309 42 154
45 283 40 159
46 293 40 156
45 317 40 155
46 301 40 155
50 315 42 153
45 302 40 157
46 320 46 153
45 325 37 163
47 297 40 155
49 318 42 153
44 299 44 159
46 336 39 158
47 311 46 153
45 290 38 163
46 311 40 154
47 340 36 165
46 356 36 165
45 302 39 159
43 299 39 161
43 292 37 166
44 283 44 161
45 289 39 161
43 294 37 165
49 299 42 154
44 289 39 163
43 290 38 164
46 319 37 163
43 299 38 162
