3201 60.0093
42 277 36 169
41 290 37 166
42 277 42 166
41 288 37 167
42 291 36 167
42 280 37 168
46 283 39 158
41 299 36 167
42 283 37 167
42 285 37 166
46 286 36 167
40 308 36 167
41 297 37 165
41 300 37 164
42 292 38 160
44 277 38 162
44 286 39 158
46 283 37 164
47 282 38 160
42 281 38 162
44 283 38 160
46 284 40 156
49 290 42 154
44 283 40 159
47 300 46 153
46 306 46 153
45 282 44 158
43 298 39 158
44 282 44 159
40 287 36 169
45 290 40 155
44 286 40 157
49 303 42 153
46 291 42 154
46 303 40 154
44 285 37 164
47 289 46 154
48 300 40 154
44 278 38 161
42 276 36 170
47 286 46 155
43 275 38 163
43 277 37 166
43 278 36 168
43 279 37 165
43 287 39 159
44 305 40 155
41 286 36 170
42 286 36 168
43 278 43 162
45 280 39 160
46 283 40 157
45 281 39 159
44 281 40 160
45 285 40 158
46 287 40 155
45 316 40 154
46 282 40 158
43 302 37 163
43 286 37 164
44 287 36 167
43 307 36 165
43 299 36 166
43 284 39 160
42 292 37 165
41 289 36 168
42 283 38 161
44 298 36 166
45 293 37 163
44 295 40 156
45 296 36 165
42 297 37 164
47 305 42 153
48 304 42 153
46 316 42 153
