34 0.432164
48 398 44 158
49 338 38 162
49 350 45 158
52 337 38 163
46 338 38 164
45 362 37 170
49 397 46 155
45 387 44 165
46 337 36 168
48 365 36 166
48 339 40 159
53 428 40 154
52 383 40 155
52 385 36 165
55 387 40 154
45 358 44 166
47 354 40 159
50 351 40 158
43 366 43 169
47 338 37 164
50 354 40 156
50 410 42 155
52 361 36 166
52 374 42 153
53 366 37 163
55 348 39 158
57 379 40 154
44 342 43 168
44 365 44 166
45 370 45 158
49 358 39 159
49 374 40 156
43 345 43 171
45 375 42 169
46 350 45 161
47 339 38 160
48 335 38 165
50 358 39 158
50 372 37 163
51 353 39 159
51 355 39 158
