73496 1680.34
46 298 44 160
43 331 43 159
43 301 37 165
45 299 38 163
45 303 40 160
44 306 40 162
45 296 43 161
44 323 37 163
46 304 37 164
47 319 36 165
43 305 36 166
44 310 44 157
48 314 37 163
43 314 38 160
46 309 40 158
46 308 42 158
43 306 43 160
44 307 40 159
42 315 38 163
43 309 38 161
44 307 38 160
46 296 40 162
44 300 44 158
46 303 40 159
44 328 40 158
43 306 38 163
43 335 40 159
44 299 40 163
48 299 40 158
45 306 40 159
45 322 36 165
42 307 36 166
46 311 42 157
42 306 42 165
42 331 36 165
49 291 40 163
46 304 44 157
42 318 37 164
43 299 43 162
43 290 43 163
48 304 38 160
43 304 38 164
45 300 38 161
42 299 42 167
44 286 43 163
43 335 37 163
45 324 40 158
49 321 39 159
51 321 39 158
46 329 39 158
44 304 43 161
47 306 38 160
47 291 42 157
47 300 40 159
46 316 45 156
45 327 40 157
44 294 43 162
45 293 43 162
47 312 45 156
46 323 40 156
43 305 37 164
45 296 40 163
46 298 38 163
49 327 42 155
50 321 40 156
45 317 45 155
48 322 40 156
50 305 40 157
48 316 42 156
50 319 42 155
51 313 45 155
42 309 38 164
49 325 39 158
49 310 42 156
45 337 39 158
47 338 42 155
48 326 39 159
