217520 1980.17
42 300 38 166
44 290 38 166
44 291 38 163
46 302 37 166
42 311 37 166
46 306 36 168
45 316 36 168
42 323 36 168
41 314 37 165
43 307 37 165
44 328 44 158
46 305 40 160
49 330 42 157
47 304 40 160
48 337 37 163
43 302 38 161
42 304 38 162
42 305 38 161
43 314 37 164
46 345 37 163
47 319 44 157
50 352 36 165
47 321 36 166
48 299 40 159
47 318 38 160
47 314 40 158
50 308 40 158
43 292 38 166
43 294 38 164
43 297 38 163
44 303 37 164
51 318 42 157
44 332 38 160
44 298 38 161
46 319 40 158
45 322 40 158
52 341 36 165
47 339 42 157
48 338 42 157
44 330 40 158
44 317 39 159
49 356 40 156
52 355 40 156
48 386 40 156
45 315 39 159
49 386 36 165
45 322 38 160
49 311 40 158
44 325 36 166
48 310 38 160
46 341 39 158
47 341 40 157
46 351 40 157
50 340 40 157
47 335 39 158
55 344 42 155
53 342 40 156
47 331 45 155
53 297 40 159
54 384 42 155
49 323 45 155
43 308 40 159
49 305 38 160
