9152 210.109
50 345 42 153
48 345 46 153
52 341 40 154
45 342 39 159
51 389 38 160
55 344 42 153
45 334 37 165
49 360 42 153
51 340 40 155
46 366 46 153
47 335 37 164
47 343 45 157
55 381 38 160
44 352 39 159
43 339 38 161
47 346 40 155
51 333 46 157
42 317 36 169
45 302 38 163
46 316 37 165
40 337 36 168
45 318 40 158
43 318 36 168
52 331 42 154
53 402 39 158
46 359 40 154
48 414 38 160
48 346 40 154
45 346 37 164
42 304 37 166
58 427 36 166
48 327 38 161
43 324 43 163
42 322 36 168
46 312 39 160
46 327 39 159
62 393 39 158
48 338 46 154
45 319 38 162
49 338 42 157
52 317 36 168
49 345 40 154
50 323 38 161
48 344 42 157
