176179 780.025
51 382 37 163
59 428 36 165
46 345 39 162
45 366 44 160
47 370 37 165
51 370 40 156
44 336 42 163
55 351 38 162
44 371 38 169
47 348 40 161
48 345 38 163
47 325 43 164
50 363 37 164
53 327 39 171
50 358 39 161
47 357 38 162
54 354 38 161
47 378 45 155
49 333 37 170
45 362 44 161
50 337 40 165
55 456 36 165
46 355 40 160
48 351 40 160
54 422 36 166
45 377 43 161
47 386 44 158
43 334 43 171
45 343 37 167
43 344 37 172
46 375 39 161
50 417 40 154
48 339 37 165
46 375 37 166
58 438 52 153
47 369 40 159
47 359 37 166
57 411 46 154
46 384 44 159
43 341 43 165
45 371 42 162
59 422 42 153
48 331 38 166
45 347 36 167
49 341 40 160
49 331 42 161
46 344 38 166
51 340 38 164
49 321 43 169
49 363 38 160
50 374 39 158
48 329 48 163
58 369 42 155
54 352 38 162
44 344 38 170
48 340 43 160
51 346 37 164
50 376 40 156
54 339 38 163
54 356 38 160
48 352 42 159
48 353 40 157
50 331 45 160
46 332 43 172
47 332 44 162
46 350 44 161
52 356 39 159
49 378 37 164
43 339 43 170
46 336 36 167
43 351 42 163
45 346 45 158
55 328 39 162
52 386 42 155
44 347 37 171
45 329 44 172
49 384 40 156
45 354 38 164
