15735 300.126
44 270 43 163
42 304 39 158
44 297 36 165
44 297 37 163
46 270 36 167
44 267 42 166
45 267 42 165
46 268 44 161
45 267 43 163
47 270 39 163
46 278 38 160
47 270 45 159
49 295 37 163
42 270 37 167
49 274 39 159
46 272 44 159
44 280 38 160
47 274 45 157
47 270 37 164
48 276 40 159
46 296 40 154
48 276 46 155
42 282 38 160
48 277 38 160
44 279 38 161
43 306 40 156
45 279 39 158
43 281 39 158
45 279 40 157
49 278 39 158
43 281 38 160
45 269 43 160
45 278 38 161
40 274 36 167
45 279 38 160
44 284 40 155
41 271 36 167
45 269 42 163
42 272 38 162
41 271 37 164
41 273 38 162
41 292 39 160
42 294 40 158
46 285 42 154
46 283 46 154
50 281 42 154
46 299 46 153
48 301 42 153
48 277 46 154
43 282 40 157
42 272 39 160
44 281 40 157
47 277 42 158
43 280 40 158
47 290 46 153
49 293 42 153
42 269 36 168
43 277 39 159
43 269 37 165
45 283 45 156
49 283 42 154
46 279 40 155
48 292 40 154
47 280 46 154
46 276 45 156
45 277 45 157
46 278 40 157
45 274 44 158
