44704 180.012
58 416 42 154
45 376 43 162
50 401 40 157
46 350 42 166
47 354 36 174
55 423 52 155
45 368 45 163
47 348 44 166
44 362 43 165
43 374 42 165
46 363 37 166
45 370 42 165
46 347 43 170
46 390 45 159
52 378 39 160
47 391 44 161
59 361 36 167
50 381 44 157
58 386 40 155
46 356 45 160
50 343 40 159
53 384 38 160
50 377 46 157
48 339 38 161
47 355 43 163
51 383 40 156
56 419 36 170
56 357 37 163
45 372 44 163
69 504 46 153
47 351 37 166
55 375 39 160
45 359 43 165
64 448 40 154
49 380 39 159
62 487 36 166
55 338 44 161
47 400 38 164
48 334 37 166
52 391 36 171
56 398 39 158
49 327 49 167
56 373 40 158
54 420 37 163
51 394 38 160
48 397 43 160
46 357 43 162
56 409 46 155
54 369 42 158
57 399 36 167
49 401 37 164
47 371 40 164
48 358 44 158
50 360 37 165
