64930 990.258
42 313 38 166
46 308 40 159
44 305 38 161
45 301 36 168
46 316 39 158
44 313 44 158
43 309 43 165
45 325 38 160
45 314 37 164
43 329 43 161
44 308 44 160
41 307 36 172
46 303 38 160
43 295 36 172
42 303 38 168
45 314 40 157
48 310 42 156
41 321 36 167
45 309 44 159
47 309 37 163
45 327 39 158
49 327 42 155
45 324 36 165
48 309 40 157
50 304 40 159
44 299 38 162
50 314 39 158
42 317 37 165
51 306 39 158
45 327 40 156
44 308 36 167
52 305 40 156
47 315 40 156
43 330 38 161
46 305 44 159
48 328 42 155
43 315 37 167
43 316 36 170
42 299 37 171
51 313 42 155
43 295 38 166
45 305 45 155
44 343 40 157
43 318 37 163
50 317 42 155
42 319 36 168
