13145 300.042
45 342 39 159
45 334 37 165
46 366 46 153
47 335 37 164
44 352 39 159
43 339 38 161
45 302 38 163
46 316 37 165
40 337 36 168
45 318 40 158
46 359 40 154
48 414 38 160
48 346 40 154
45 346 37 164
42 304 37 166
43 324 43 163
46 312 39 160
49 345 40 154
42 319 36 168
42 336 38 165
46 309 36 168
43 313 36 168
46 349 46 154
47 325 40 155
51 324 42 154
47 351 46 153
51 376 38 160
49 305 38 162
50 387 38 160
50 329 40 154
47 322 42 157
47 396 39 158
49 342 39 158
47 332 36 167
48 338 42 153
43 338 38 164
47 358 40 154
48 317 42 157
49 334 46 154
46 335 46 155
41 308 36 169
48 310 38 162
46 347 40 155
46 323 39 159
45 344 36 166
44 316 38 161
