2510 58.6721
37 314 33 151
39 326 28 160
37 317 34 150
33 295 30 158
38 333 29 154
33 290 31 156
49 400 27 159
35 289 31 154
34 293 30 156
34 286 32 158
36 305 29 155
33 282 30 162
39 317 35 149
36 333 28 159
35 325 29 159
37 317 32 151
38 332 28 161
35 310 29 161
38 320 32 150
37 320 31 151
35 320 33 151
39 344 34 149
40 347 28 156
45 348 30 152
34 310 34 151
40 351 30 152
36 301 32 153
41 325 28 162
37 291 32 152
40 327 28 157
38 294 29 162
41 330 28 156
34 309 31 153
38 323 30 153
39 328 28 159
38 312 33 150
39 352 28 157
37 306 30 154
39 318 30 153
46 326 28 158
34 290 30 158
37 330 30 153
