27883 60.0083
45 331 30 163
39 337 31 165
41 347 31 159
45 343 36 154
40 325 36 171
42 335 34 162
37 329 32 167
54 455 28 160
48 363 34 156
49 427 36 153
41 337 35 160
43 332 34 161
39 331 35 161
43 349 31 157
46 394 29 159
38 327 33 163
46 342 35 159
42 335 37 159
49 400 30 157
40 364 33 158
49 382 29 161
44 360 30 158
51 425 33 153
55 461 29 153
41 356 37 156
40 350 34 162
54 406 44 152
44 364 31 154
42 368 34 156
52 340 36 159
51 424 38 153
41 325 30 166
40 343 38 160
52 412 37 153
41 343 34 160
40 314 37 163
42 343 33 158
42 356 36 155
