92488 780.052
36 284 29 167
41 286 33 157
38 289 34 157
43 296 37 156
37 304 34 157
36 283 35 157
37 279 35 157
37 292 30 159
37 286 30 161
36 293 30 160
34 275 30 164
39 289 30 159
36 271 32 159
39 314 34 155
40 306 34 155
37 273 31 159
48 362 29 164
38 278 32 158
36 283 30 162
34 276 30 163
36 281 31 159
35 274 32 159
36 292 32 158
41 304 34 156
37 281 32 158
39 307 32 156
39 296 31 157
41 298 35 156
38 288 31 158
38 310 31 157
41 306 32 156
35 265 32 160
36 276 34 158
35 258 31 161
34 264 31 161
41 326 29 166
39 252 31 162
33 265 31 161
35 255 31 163
35 272 34 159
43 342 29 165
33 262 32 163
34 262 32 162
32 269 31 164
36 271 30 165
33 270 32 160
