12867 301.26
34 312 28 162
37 294 27 162
34 282 32 157
36 294 28 162
35 305 33 155
35 286 31 157
37 291 35 155
34 284 31 160
38 323 31 155
37 302 34 154
36 287 30 156
34 303 28 163
36 297 27 162
38 284 35 154
36 304 32 155
33 285 31 161
35 276 30 158
37 291 29 160
37 315 33 154
38 288 34 155
39 299 33 154
34 286 29 161
41 307 31 155
39 311 31 155
36 286 32 156
39 279 38 155
33 286 30 160
35 298 35 155
35 281 34 156
36 311 34 153
35 306 27 161
45 361 29 158
33 274 32 158
33 289 30 156
37 299 35 154
39 307 34 153
37 295 32 155
35 293 29 159
36 307 35 154
39 292 33 155
41 291 33 155
38 310 33 154
