12022 180.027
36 287 31 151
34 299 31 151
35 275 34 152
34 295 32 151
33 289 33 151
35 285 35 149
35 270 31 154
35 299 32 150
34 315 34 150
34 290 28 153
38 284 34 149
48 377 36 146
34 282 31 152
36 297 32 150
32 275 28 154
34 279 30 153
38 317 30 151
31 262 30 155
39 334 37 146
43 328 37 146
35 296 31 151
33 272 28 157
37 309 37 147
39 304 36 147
34 278 34 152
40 273 30 153
41 336 29 151
42 289 39 148
35 311 33 149
34 285 33 151
36 296 33 148
34 272 30 154
33 289 31 153
35 314 34 148
37 289 33 150
32 274 31 154
49 328 29 151
34 261 30 161
34 271 31 153
34 270 28 155
39 284 31 150
35 269 33 153
38 288 28 152
35 290 34 149
34 280 32 152
40 279 33 151
35 300 31 150
36 295 33 150
36 293 29 152
36 307 28 152
35 281 33 151
37 316 34 147
36 266 30 154
38 306 31 149
38 309 36 147
40 288 33 149
37 282 34 150
36 284 29 153
36 306 27 155
39 315 39 146
39 299 37 147
36 293 36 148
