198 2.38966
32 269 26 152
33 252 29 143
33 259 27 147
30 257 28 145
31 242 29 144
31 256 27 149
28 250 28 148
34 241 31 142
35 244 31 141
35 246 29 143
30 254 29 144
30 245 30 144
30 258 28 144
32 269 30 142
30 244 26 153
29 237 29 145
33 252 28 144
34 266 30 142
31 241 31 143
29 248 26 153
35 253 27 147
30 247 27 152
30 261 27 149
32 256 29 143
33 247 31 141
29 265 28 145
31 245 28 145
32 252 27 151
32 252 30 143
35 246 33 140
30 257 29 143
31 242 31 142
31 261 27 146
32 239 31 143
32 249 31 141
29 235 29 147
29 239 28 146
35 238 31 143
31 235 31 144
33 248 33 140
