56048 870.233
36 276 32 151
35 272 29 153
36 284 34 148
37 261 29 160
36 272 28 158
40 273 33 149
32 266 29 161
33 290 30 152
34 292 34 149
38 290 33 147
40 285 36 147
38 266 33 153
37 276 33 149
37 293 33 147
35 286 30 150
33 267 29 154
38 295 29 151
37 291 36 147
35 284 28 155
35 278 35 151
33 274 28 157
36 276 28 154
33 280 28 156
34 281 30 152
35 289 35 148
35 283 31 151
33 279 31 153
40 289 33 147
35 278 28 156
37 284 33 148
37 280 30 150
36 275 29 152
37 261 30 154
35 280 32 149
35 264 31 159
38 267 29 152
38 275 32 148
35 266 29 155
34 283 29 153
35 298 33 147
36 271 33 151
35 287 30 149
36 280 31 151
37 273 32 150
36 267 31 153
40 282 31 148
38 267 31 151
36 292 31 148
38 272 28 155
36 264 30 154
36 279 32 150
33 265 29 156
34 266 28 159
35 290 32 148
39 311 27 155
35 303 31 148
37 278 34 148
