127303 1920.26
33 281 29 160
34 295 33 153
40 310 31 153
38 307 33 151
37 328 31 153
38 328 34 150
36 304 32 154
43 305 32 153
38 318 37 150
39 314 31 153
38 317 31 153
36 303 34 151
34 275 32 157
36 291 34 154
36 276 31 157
35 290 31 155
35 286 28 162
38 291 34 153
37 292 29 159
35 287 30 158
36 290 28 161
35 282 30 159
34 272 33 158
33 289 31 157
38 283 34 155
35 287 32 155
39 311 34 150
34 295 31 156
37 297 31 154
41 293 31 154
35 284 31 156
38 298 34 152
37 306 32 153
40 304 33 152
33 272 31 159
35 293 34 153
34 288 30 159
35 307 29 159
34 278 31 157
36 283 35 155
37 290 32 154
40 287 36 154
39 293 33 153
37 275 29 160
33 288 32 155
35 319 32 154
35 294 28 161
40 288 35 154
35 285 34 155
38 297 37 152
38 289 30 157
36 280 31 156
35 277 31 158
35 270 34 156
39 284 28 162
36 298 29 159
39 289 32 154
34 274 29 161
41 307 31 153
36 300 30 156
36 285 31 155
36 284 34 155
36 309 33 152
37 281 30 158
