288593 2160.18
32 260 26 151
32 255 26 152
30 233 28 145
30 229 29 144
30 239 28 144
29 237 28 146
29 240 29 143
29 238 29 144
31 230 30 143
31 225 30 144
31 227 31 143
32 226 31 143
32 229 31 142
37 233 33 140
34 235 33 140
31 223 30 146
40 231 30 142
38 223 31 142
38 221 31 143
38 228 27 146
35 224 31 142
38 222 30 145
38 224 29 143
35 227 29 144
31 232 28 144
35 227 31 141
30 233 29 143
33 236 33 140
32 226 29 145
34 227 28 147
33 228 32 142
31 231 27 145
32 228 28 144
32 229 27 145
32 228 29 143
31 229 27 147
31 229 28 146
36 243 26 153
29 242 28 145
29 240 27 146
31 231 31 141
31 230 31 142
31 232 30 142
29 230 29 145
30 244 27 145
30 232 28 146
29 231 28 147
