956 24.9243
30 258 30 143
29 247 29 146
30 259 27 146
29 246 28 147
31 257 27 147
30 247 30 144
30 247 29 145
30 249 28 145
31 257 30 142
32 253 30 142
31 244 31 142
31 242 31 143
33 246 30 142
33 242 28 144
31 243 29 144
33 241 28 145
30 247 28 146
33 252 33 140
31 251 31 141
32 241 31 142
31 246 29 143
31 245 28 144
31 243 28 145
34 238 31 142
32 240 30 143
34 238 30 143
32 244 31 141
31 243 30 143
34 251 33 140
31 241 30 144
36 244 33 140
36 240 33 141
34 238 29 144
34 240 29 143
35 239 28 145
35 241 28 144
34 241 31 141
33 240 29 144
35 249 33 140
