36858 570.121
35 282 27 156
34 266 31 154
34 287 31 151
33 275 33 150
37 271 35 150
33 262 33 152
40 291 37 148
32 271 30 153
34 281 34 149
37 276 31 151
30 284 30 154
31 278 30 154
35 308 28 154
35 287 27 155
32 279 29 155
37 272 30 152
31 286 28 156
34 289 29 153
33 261 30 155
31 258 29 157
36 274 29 153
32 268 30 154
34 270 28 156
31 281 31 153
32 279 32 151
41 306 33 149
35 279 30 152
32 271 32 152
32 280 30 152
35 270 30 153
40 329 36 147
31 275 30 155
33 272 29 154
33 267 29 155
34 307 27 155
37 283 27 155
36 292 36 148
37 267 32 153
35 264 28 156
37 273 28 154
36 273 30 152
38 268 36 150
33 281 28 157
36 257 30 156
33 268 31 152
36 285 31 151
33 265 33 151
37 273 32 151
32 273 31 152
31 282 29 155
30 265 29 156
33 293 27 157
39 334 39 147
