31 0.576119
40 293 32 153
38 316 28 154
39 300 32 150
42 336 32 145
35 295 29 151
38 294 33 157
38 326 28 153
38 294 36 149
38 319 31 150
38 322 33 148
38 325 29 149
38 327 31 147
40 307 32 148
40 313 29 150
40 331 30 147
41 300 32 148
41 319 31 146
43 364 28 150
44 335 30 146
44 354 31 145
47 360 28 149
36 303 34 146
37 306 28 155
39 300 33 147
39 313 31 148
39 315 29 148
39 324 27 152
40 351 30 146
40 358 34 145
42 335 28 151
44 366 28 148
46 359 28 150
46 377 32 144
47 335 31 144
47 384 36 143
48 391 30 145
48 404 27 151
50 435 29 147
59 462 29 146
