154871 2460.34
37 273 34 149
37 278 36 148
35 279 35 149
34 290 33 150
36 272 35 149
32 267 28 154
36 278 33 150
39 276 33 150
38 258 35 150
33 254 31 152
36 287 36 148
31 274 28 154
35 254 31 151
35 252 31 152
34 267 34 150
31 263 27 155
32 254 29 153
34 261 27 155
31 254 31 154
35 284 33 150
32 268 30 152
31 258 29 153
33 261 28 156
38 269 36 148
32 268 31 151
30 260 29 153
32 257 28 158
33 261 30 152
33 261 31 151
35 263 34 150
30 255 30 153
30 255 29 154
35 281 34 149
31 258 31 152
34 249 31 154
33 265 28 154
32 255 31 152
34 255 31 151
