609 20.3312
283 3810 274 1291
311 4063 211 1274
294 3834 237 1377
353 4741 223 1118
290 3675 255 1226
295 3813 270 1148
293 3835 227 1238
289 3676 260 1228
317 4041 218 1354
291 3942 220 1302
294 3571 240 1174
273 3655 260 1332
360 4862 213 1225
295 3779 229 1333
299 3858 225 1302
288 3907 250 1244
297 3943 239 1209
333 4372 218 1253
380 4935 291 1069
297 4095 248 1153
300 3921 229 1236
335 4150 294 1040
287 3659 243 1313
316 4248 220 1251
297 3745 267 1162
303 3904 227 1194
327 4287 222 1242
286 3768 255 1211
300 3951 272 1104
283 3797 248 1302
334 4398 220 1230
302 3773 238 1167
302 4115 223 1196
291 3962 246 1218
344 4451 222 1227
315 4083 218 1272
291 3796 252 1203
319 3782 306 1146
285 3664 271 1202
296 3894 260 1167
370 4638 225 1167
290 3771 241 1266
323 3922 225 1245
291 3959 227 1253
387 4903 250 1064
336 4057 211 1249
352 4767 211 1238
377 4366 213 1247
307 4117 217 1325
302 3953 227 1207
329 4517 211 1247
301 3801 230 1072
289 4058 273 1183
377 4405 216 1225
316 3928 223 1233
334 4483 222 1216
335 4520 218 1172
299 3793 239 1196
356 4635 204 1255
280 3847 232 1288
296 4149 225 1269
