366756 1440.07
222 2871 211 1040
228 2982 213 955
252 3253 213 936
210 2905 204 1055
277 3640 204 934
315 4137 210 920
223 2992 213 1004
230 3063 204 982
226 3036 213 975
220 2938 220 985
239 2783 204 1013
219 2820 213 1020
248 3259 204 951
246 3314 213 946
231 2794 220 998
241 3105 220 933
241 3070 204 974
234 2980 204 987
223 3073 204 1032
257 3149 204 965
231 3045 204 976
289 3605 204 942
232 3254 204 973
256 3245 213 922
229 2991 204 984
240 3109 204 968
247 3297 211 960
237 2906 213 987
225 2877 204 992
264 3354 204 944
276 3675 204 941
271 3539 211 942
248 3206 211 961
231 2983 211 969
237 3265 213 952
230 2888 220 988
269 3712 204 926
218 2997 213 1014
283 3193 211 963
247 3078 213 945
