494065 2040.09
254 3046 204 940
218 2868 204 1024
251 3005 204 953
210 2904 204 997
258 3266 204 928
245 3345 211 915
212 2859 204 1033
227 2829 222 1001
213 2874 204 1005
255 3343 213 923
236 2934 204 965
270 3445 204 911
227 2906 204 983
219 2962 204 971
273 3421 204 917
265 3264 240 902
215 2987 204 983
240 3131 204 937
248 3244 222 915
262 3221 227 916
266 3169 204 935
231 2710 216 1021
250 3301 231 911
260 3549 204 920
216 2920 211 992
221 3110 204 947
251 3024 204 942
251 3539 204 935
232 3024 204 944
225 2916 225 957
218 2944 204 986
221 2925 204 996
231 2912 220 981
243 2822 220 973
222 2919 213 924
232 2859 204 974
268 3360 204 919
231 2914 222 939
274 3230 213 920
267 3216 212 931
259 3224 204 930
263 3368 204 925
266 3353 211 910
260 3186 204 935
229 2915 216 953
225 2813 213 1008
225 2901 216 982
220 2851 204 1001
242 3248 204 936
224 2843 213 987
224 2840 213 1006
268 3468 213 907
230 3105 211 958
