9001 1286.72
221 2705 221 842
212 2502 210 853
213 2433 210 853
224 2617 222 838
225 2581 222 838
222 2498 221 842
224 2478 221 842
213 2416 213 846
214 2413 213 846
204 2290 204 864
205 2317 204 862
206 2311 204 862
218 2360 210 853
210 2299 204 862
222 2452 222 840
222 2317 222 849
213 2283 213 858
213 2280 213 860
214 2276 213 860
213 2305 213 856
211 2296 204 862
222 2276 222 856
215 2325 213 851
219 2321 213 851
222 2394 222 842
233 2371 231 840
276 2768 276 826
213 2306 213 853
214 2342 204 855
231 2480 231 836
240 2418 240 836
240 2478 240 834
215 2360 213 846
226 2452 221 842
216 2369 210 853
242 2461 240 834
251 2501 249 832
229 2466 222 838
224 2359 222 842
229 2440 221 842
233 2452 231 836
228 2469 222 838
227 2484 222 838
267 2648 267 828
223 2427 222 840
206 2347 204 855
258 2567 258 830
217 2372 213 844
231 2408 231 838
222 2351 222 847
231 2345 231 845
233 2308 231 852
233 2337 231 845
233 2378 231 838
249 2511 249 832
214 2410 210 853
242 2409 240 836
215 2275 213 858
228 2329 222 847
224 2374 222 840
231 2318 210 858
219 2304 213 856
215 2402 213 844
224 2284 222 854
215 2396 210 853
213 2347 213 851
210 2306 204 860
223 2287 213 856
239 2402 221 842
