167085 3120.51
204 2250 204 852
221 2473 221 842
211 2320 210 848
209 2329 204 850
204 2161 204 854
212 2314 204 850
212 2314 210 848
212 2291 210 850
211 2294 210 850
205 2202 204 852
214 2262 213 844
213 2271 213 844
214 2272 210 848
213 2299 210 848
222 2293 222 838
222 2297 221 842
213 2245 204 850
213 2172 213 848
213 2195 213 846
231 2306 231 834
216 2129 204 850
216 2185 213 844
213 2047 213 850
217 2176 210 848
214 2150 213 846
222 2142 222 842
221 2151 213 844
233 2246 231 834
217 2041 213 848
222 2047 222 846
224 2045 222 846
215 2043 213 848
222 2036 222 848
208 2029 204 852
220 2032 213 850
213 2022 204 852
222 2162 210 848
225 2233 222 838
224 2237 222 838
224 2250 221 842
226 2226 222 838
226 2242 221 842
218 2088 213 846
218 2153 213 844
229 2175 221 842
228 2186 222 838
228 2186 221 842
222 2158 222 840
215 2137 213 846
217 2158 213 844
250 2092 249 836
285 2280 285 822
222 2093 222 844
215 2033 213 850
217 2020 213 852
223 2088 222 842
230 2137 210 848
224 2029 222 848
261 2144 221 842
262 2145 258 830
268 2199 267 826
258 2172 258 828
240 2097 240 836
249 2132 249 832
303 2398 303 818
236 2164 221 842
233 2155 222 838
235 2160 231 834
224 2124 222 840
234 2175 231 834
233 2132 231 836
222 2109 213 844
225 2115 222 840
258 2151 258 830
276 2230 276 824
294 2326 294 820
321 2560 321 814
312 2465 312 816
224 2056 222 844
229 2149 210 848
227 2075 222 842
225 2067 210 851
238 2124 231 836
225 2074 222 843
224 2079 213 844
242 2126 240 834
224 2076 222 842
231 2095 231 838
224 2075 210 850
227 2088 222 840
224 2068 213 846
330 2672 330 812
249 2169 249 830
243 2120 240 834
252 2127 249 832
267 2203 267 826
223 2046 222 846
231 2152 231 836
240 2158 240 832
232 2149 231 836
240 2127 240 834
232 2043 231 842
240 2077 240 838
250 2106 249 834
228 2051 222 844
231 2059 231 840
241 2060 240 838
249 2117 249 834
