415010 1320.05
240 3141 240 912
240 3049 225 943
227 3094 213 939
232 2936 213 944
225 2919 213 977
226 3004 211 970
233 2895 232 992
227 3129 211 951
228 2939 204 962
228 2928 204 1001
238 3217 204 947
237 3166 204 953
223 2915 220 965
241 3013 204 960
245 3138 211 940
249 3200 213 920
225 2830 204 1047
238 3340 204 922
319 4385 213 908
231 2930 213 973
236 3271 204 952
229 3144 204 956
259 3480 238 892
218 2953 204 1031
251 3000 204 960
227 3057 204 966
245 3226 211 938
247 3021 220 927
220 2930 204 977
213 2921 213 975
246 2941 222 936
245 3070 222 926
224 3111 213 936
262 3575 220 902
234 3068 213 927
246 3181 204 952
275 3516 231 901
224 3105 220 955
240 2904 213 976
241 3035 220 935
238 3085 211 945
226 3070 213 966
224 2905 213 990
228 3051 213 942
238 2918 213 972
252 3155 204 937
326 4298 213 916
217 2981 204 1003
234 2843 213 996
