96618 1920.36
214 2602 213 986
207 2603 204 990
213 2595 211 987
210 2543 204 996
205 2566 204 1020
212 2594 211 991
212 2515 211 1021
205 2571 204 1003
205 2606 204 997
207 2556 204 1009
215 2523 204 1006
229 2942 222 943
205 2501 204 1025
257 3071 222 939
261 3415 243 934
255 3036 204 943
250 3211 213 939
237 2978 213 941
278 3401 204 941
250 3140 222 936
277 3261 231 935
277 3423 204 940
289 3374 204 941
249 3003 222 940
247 3116 222 937
226 2786 213 944
254 2939 222 941
225 2864 213 944
208 2702 204 980
236 3079 204 944
214 2646 213 949
205 2610 204 988
222 2706 204 958
235 2897 213 943
230 2713 204 957
244 2984 204 945
205 2722 204 971
207 2702 204 982
253 3028 204 944
219 2847 213 947
217 2645 204 959
210 2656 204 967
223 2735 204 952
208 2778 204 969
206 2709 204 971
212 2692 204 959
215 2685 204 966
223 2888 213 945
221 2783 204 948
230 2955 213 942
229 2945 213 943
216 2845 204 955
222 2766 213 946
218 2818 213 948
229 2884 204 947
224 2722 204 952
223 2723 204 955
224 2752 213 948
218 2617 213 981
213 2764 204 958
209 2713 204 964
211 2811 204 961
222 2632 204 963
216 2715 204 958
233 2900 204 946
217 2737 204 949
209 2633 204 971
206 2645 204 987
