23153 2717.83
204 2547 204 857
204 2419 204 882
208 2420 204 879
206 2453 204 858
207 2457 204 854
204 2431 204 860
207 2423 204 860
205 2443 205 856
215 2457 204 852
208 2460 204 852
210 2442 210 850
210 2465 210 848
212 2484 204 851
217 2465 204 850
205 2462 204 852
212 2513 204 850
215 2402 213 848
213 2422 213 846
220 2414 210 848
222 2465 221 842
214 2424 204 855
213 2417 210 853
225 2456 221 842
216 2413 213 844
221 2455 221 843
221 2470 221 842
213 2483 213 844
211 2311 204 876
214 2370 204 862
217 2370 213 849
211 2315 204 867
227 2408 221 842
214 2299 213 858
221 2316 213 851
213 2300 213 853
222 2336 222 844
218 2341 213 846
213 2380 213 849
215 2310 204 855
218 2354 210 853
231 2347 231 840
220 2353 210 853
213 2332 213 851
222 2306 222 849
294 2791 294 820
232 2396 231 836
215 2379 213 849
232 2365 231 838
227 2412 222 838
222 2351 222 842
228 2400 222 838
218 2363 213 844
231 2367 231 838
222 2377 222 840
222 2414 222 838
232 2431 231 834
249 2449 249 830
240 2391 240 834
231 2397 231 836
240 2431 240 832
267 2536 267 826
285 2691 285 822
249 2425 249 832
303 2897 303 818
258 2483 258 828
240 2362 240 836
276 2612 276 824
231 2463 231 834
