1240 49.0157
204 2288 204 865
212 2305 204 860
209 2439 204 850
213 2276 213 858
219 2492 210 848
214 2313 204 854
212 2257 204 865
206 2375 204 852
214 2300 204 859
212 2314 204 858
213 2298 213 850
211 2384 210 850
215 2281 204 863
215 2284 204 858
210 2344 205 856
205 2362 205 856
224 2327 204 852
210 2286 204 865
213 2330 213 848
204 2321 204 858
220 2422 210 848
222 2323 222 846
213 2432 213 844
225 2404 213 844
220 2364 204 850
227 2405 210 848
220 2374 213 846
223 2469 221 842
228 2463 221 842
213 2382 213 846
222 2405 213 844
222 2470 221 842
221 2533 221 842
224 2356 213 846
222 2347 222 844
222 2500 222 838
229 2496 222 838
222 2427 222 840
231 2502 231 834
258 2505 258 828
249 2464 249 830
231 2441 231 836
222 2360 222 842
240 2504 240 832
240 2368 240 836
231 2316 231 840
303 2839 303 818
231 2350 231 838
294 2713 294 820
240 2394 240 834
267 2464 267 828
276 2568 276 824
258 2437 258 830
267 2523 267 826
249 2388 249 832
285 2620 285 822
