4150 120.033
256 2777 256 918
213 2447 204 946
238 2478 238 924
209 2450 204 946
240 2444 240 924
204 2280 204 949
216 2544 211 942
238 2493 238 922
224 2720 222 926
220 2444 220 935
229 2500 229 925
254 2786 254 914
229 2496 229 926
218 2649 213 935
215 2324 204 946
220 2343 220 936
222 2360 222 930
229 2524 229 924
231 2403 231 926
231 2378 231 928
204 2207 204 954
231 2315 231 935
236 2608 236 921
213 2343 213 937
279 3052 263 912
236 2575 236 922
222 2355 222 931
223 2784 220 931
213 2288 213 939
240 2398 240 926
220 2448 220 933
211 2227 204 948
222 2353 222 932
229 2329 229 934
222 2284 222 937
204 2204 204 955
222 2392 222 928
213 2208 213 946
231 2326 231 929
206 2233 204 948
214 2249 211 944
204 2178 204 967
213 2176 213 952
231 2281 231 936
222 2200 222 950
220 2232 220 943
207 2177 204 954
222 2222 222 944
222 2256 222 938
220 2238 220 942
