3253 60.0213
205 2760 204 1012
209 2757 204 1002
205 2729 204 1018
205 2716 204 1025
209 2819 204 997
211 2796 204 997
206 2723 204 1008
210 2657 204 1031
206 2702 204 1010
205 2767 204 1008
275 3431 218 967
230 3078 211 970
235 3027 211 970
252 3238 204 974
214 2876 204 981
227 2915 204 977
248 2944 211 973
248 3245 204 974
253 3212 204 974
234 3070 218 970
224 2964 218 971
230 3041 211 973
208 2780 204 1002
210 2746 204 1005
211 2701 204 1016
215 2772 211 975
243 3070 204 975
216 2835 204 978
224 2743 211 989
247 3005 211 974
212 2834 204 985
228 3058 211 974
237 3013 211 974
232 3041 204 976
212 2752 211 989
211 2762 211 993
211 2936 204 993
213 2795 204 993
221 2781 204 987
229 3052 211 973
224 2963 223 974
214 2822 211 980
