37876 1380.41
215 2274 213 847
204 2171 204 857
204 2178 204 855
213 2290 213 847
294 2483 294 829
295 2478 294 829
240 2195 240 841
231 2181 231 843
249 2234 249 839
222 2153 222 847
231 2167 231 845
220 2183 213 847
222 2175 222 845
213 2154 213 849
304 2594 303 827
303 2599 303 827
206 2142 204 853
216 2198 213 847
216 2198 210 851
220 2183 210 851
232 2180 210 851
225 2182 213 847
204 2257 204 853
210 2286 210 851
217 2187 210 851
214 2224 210 851
212 2232 210 851
213 2225 210 851
211 2238 210 851
222 2122 222 849
231 2136 231 847
205 2107 204 855
213 2123 213 851
205 2077 204 861
213 2077 213 859
213 2107 213 853
220 2106 204 855
285 2385 285 831
240 2163 240 845
286 2380 285 831
214 2104 213 853
222 2114 222 851
267 2273 267 835
258 2254 258 837
276 2332 276 833
228 2175 213 847
225 2172 222 845
211 2099 205 859
228 2181 210 851
213 2090 213 857
222 2101 222 855
217 2191 213 847
231 2134 210 853
216 2135 210 853
