174 8.94838
205 2613 204 872
207 2577 204 880
208 2427 204 864
207 2598 204 867
214 2530 204 860
222 2517 204 862
205 2601 204 884
231 2604 231 848
208 2764 204 861
214 2447 213 860
231 2659 221 850
215 2480 213 856
214 2677 204 858
230 2571 222 850
229 2675 221 850
213 2532 213 856
218 2571 213 852
223 2420 213 858
213 2504 213 858
223 2654 222 848
220 2568 210 856
221 2497 213 852
231 2634 231 846
262 3010 258 844
214 2587 210 856
216 2573 204 858
218 2558 210 858
223 2523 210 856
224 2741 213 851
226 2522 210 860
229 2609 222 848
222 2673 222 848
258 3059 258 844
204 2626 204 862
219 2563 213 852
222 2584 222 850
231 2505 222 850
210 2583 204 860
229 2628 213 851
233 2714 222 847
239 2589 231 846
244 2695 210 855
267 2982 258 844
214 2509 213 854
228 2838 221 850
232 2647 221 849
233 2735 231 845
