9 0.201251
321 4362 250 1402
371 4997 310 1329
375 4913 248 1341
351 4270 250 1380
311 4351 292 1459
330 4215 257 1364
352 4779 236 1418
372 4789 266 1294
370 4816 271 1347
336 4223 245 1425
362 4978 279 1340
373 4799 258 1344
396 4866 255 1301
330 4521 288 1339
361 4810 264 1349
364 4853 280 1333
339 4533 225 1426
352 4360 244 1424
315 4239 278 1432
315 4268 248 1470
317 4275 250 1454
321 3921 257 1394
324 4434 238 1350
327 4206 245 1436
331 4409 245 1418
356 4590 229 1419
361 4470 229 1401
379 4698 284 1310
433 5752 223 1539
