10537 180.108
222 2280 221 842
223 2317 222 838
222 2330 222 838
213 2200 210 848
225 2209 221 842
231 2304 231 834
224 2245 221 842
204 2198 204 852
207 2078 204 854
234 2200 221 842
227 2204 221 842
204 2097 204 856
213 2190 213 844
204 2130 204 854
206 2079 204 854
207 2098 204 852
216 2160 213 844
224 2279 222 838
205 2084 204 863
214 2180 213 844
206 2109 204 852
221 2143 210 848
232 2207 222 838
221 2141 213 844
231 2199 231 836
206 2073 204 860
249 2276 249 830
229 2218 222 838
213 2125 213 846
235 2276 231 834
240 2266 240 832
234 2281 231 834
211 2087 204 852
225 2222 222 838
236 2275 231 834
214 2123 213 846
213 2078 213 853
231 2134 231 840
238 2272 231 834
240 2202 240 834
240 2183 240 836
209 2092 204 852
213 2082 213 850
243 2258 240 832
218 2155 213 844
232 2303 231 834
207 2127 204 850
231 2155 231 838
213 2058 213 857
208 2115 204 850
222 2091 222 846
214 2156 210 848
276 2413 276 824
209 2068 204 859
258 2309 258 828
213 2090 213 848
222 2117 222 844
222 2160 222 840
250 2227 249 832
267 2352 267 826
222 2128 222 842
216 2118 213 846
233 2302 231 834
212 2108 204 850
222 2067 222 853
258 2263 258 830
234 2189 231 836
208 2073 204 859
285 2499 285 822
294 2619 294 820
231 2116 231 842
213 2062 213 855
222 2076 222 851
241 2197 240 834
249 2235 249 832
