56674 1860.57
213 2726 204 885
228 2587 204 885
204 2420 204 901
276 2944 276 869
209 2608 204 886
278 2930 276 869
209 2533 204 894
222 2517 222 884
213 2606 213 883
206 2535 204 894
217 2546 213 883
212 2507 204 894
213 2456 213 892
218 2535 213 885
209 2367 204 900
205 2503 204 895
258 2973 258 868
222 2563 222 878
205 2376 204 911
204 2517 204 897
213 2579 213 885
267 3011 267 866
204 2538 204 889
287 3241 285 862
235 2659 231 874
222 2695 222 876
227 2710 204 881
222 2461 222 890
240 2637 240 874
213 2478 213 891
231 2668 231 874
222 2588 213 881
240 2653 240 872
214 2598 204 887
208 2611 204 887
249 2806 249 870
214 2670 204 882
261 2951 258 868
276 3089 276 864
223 2777 204 880
213 2690 213 878
285 3407 285 862
204 2410 204 914
209 2501 204 897
213 2481 213 887
235 2690 222 876
208 2501 204 900
204 2516 204 900
213 2509 213 886
231 2646 231 876
