16376 300.069
211 2442 204 857
211 2468 210 853
211 2452 204 855
228 2494 222 838
240 2450 240 834
240 2509 240 832
231 2402 222 840
222 2406 222 840
223 2514 222 838
249 2501 249 830
242 2480 222 838
240 2482 222 838
258 2519 258 828
227 2497 222 838
224 2508 222 838
231 2442 231 836
224 2513 221 842
235 2518 231 834
231 2540 231 834
240 2499 231 834
228 2485 221 842
215 2398 204 857
220 2462 204 850
227 2430 213 844
231 2392 231 838
228 2376 222 842
224 2437 210 848
221 2397 204 850
213 2353 213 848
216 2372 213 846
222 2390 204 850
240 2393 240 836
231 2389 204 850
258 2483 258 830
229 2427 213 844
287 2678 285 822
296 2758 294 820
314 2961 312 816
323 3067 321 814
321 3072 321 814
312 2968 312 816
332 3177 330 812
330 3182 330 812
285 2687 285 822
222 2396 222 842
222 2328 222 846
220 2344 213 855
222 2441 213 844
251 2373 249 836
224 2380 222 842
223 2389 222 842
240 2362 240 838
269 2556 267 826
258 2441 258 832
267 2561 267 826
249 2455 249 832
260 2436 258 832
249 2388 249 836
251 2404 249 834
276 2617 276 824
222 2340 222 844
232 2338 222 844
235 2360 222 842
278 2612 276 824
249 2409 249 834
231 2350 231 840
303 2858 303 818
231 2332 231 844
240 2328 240 844
294 2767 294 820
305 2851 303 818
231 2337 231 842
