47227 1440.4
213 2251 213 976
204 2240 204 985
213 2261 213 970
204 2255 204 979
212 2269 205 972
204 2235 204 999
215 2324 210 966
213 2254 213 974
204 2257 204 977
209 2302 205 970
204 2312 204 971
205 2245 204 983
210 2296 205 970
212 2271 205 970
205 2375 205 968
204 2239 204 998
212 2264 204 976
219 2305 211 953
213 2361 211 951
212 2345 211 953
215 2313 211 953
212 2362 211 949
226 2410 218 937
220 2300 211 953
220 2293 220 945
223 2425 218 938
215 2327 210 964
227 2380 227 935
215 2315 211 947
245 2470 245 924
205 2384 205 966
211 2365 211 949
205 2394 205 964
227 2491 227 928
215 2353 215 943
217 2378 215 941
220 2421 220 932
229 2302 229 943
210 2433 210 958
211 2289 211 956
219 2309 211 947
236 2456 236 926
220 2285 220 947
213 2278 211 956
227 2395 227 933
229 2330 229 935
211 2262 211 966
220 2273 220 957
220 2281 220 951
238 2400 238 926
252 2564 252 920
220 2277 220 953
220 2329 220 937
213 2286 211 954
229 2322 229 937
238 2385 238 928
220 2313 220 939
229 2375 229 930
219 2321 215 941
211 2274 211 960
228 2388 220 932
