157280 2880.51
214 2369 213 844
210 2354 204 850
212 2390 210 848
213 2372 213 844
213 2356 210 848
213 2329 204 850
212 2244 210 850
215 2285 210 848
223 2423 222 838
215 2151 210 850
208 2357 204 850
205 2126 204 852
204 2130 204 852
204 2101 204 859
206 2070 204 857
217 2226 210 848
217 2219 204 850
227 2300 222 838
214 2181 210 850
216 2223 213 844
205 2051 204 859
215 2250 213 844
224 2315 222 838
225 2308 222 838
219 2222 210 848
213 2133 213 846
218 2225 210 848
218 2219 213 844
219 2198 213 844
215 2122 213 846
228 2262 222 838
222 2200 222 840
218 2100 210 850
208 2070 204 852
216 2139 210 850
223 2240 221 842
229 2239 221 842
240 2231 240 832
233 2242 231 834
231 2257 231 834
234 2223 231 834
231 2191 231 836
267 2266 267 826
241 2217 240 832
259 2233 258 828
258 2243 258 828
250 2224 249 830
249 2234 249 830
268 2256 267 826
277 2294 276 824
213 2017 213 848
215 2051 204 856
218 2045 204 852
221 2201 210 848
222 2005 222 846
229 1974 222 855
231 2013 231 844
234 2012 231 844
225 2002 222 846
229 1983 222 853
249 2041 249 840
211 1957 204 859
220 1965 213 857
216 1988 213 850
222 1995 222 848
215 1990 213 850
240 2022 240 842
220 1975 213 855
224 2033 222 844
233 2041 231 842
217 1980 213 855
208 1962 204 859
215 2009 204 857
217 1969 213 857
212 2020 204 857
217 2005 204 857
214 2010 204 857
213 1995 213 850
285 2332 285 822
276 2298 276 824
219 2092 210 850
230 2189 222 838
294 2386 294 820
303 2449 303 818
321 2616 321 814
312 2525 312 816
222 2078 210 850
224 2073 221 844
224 2079 222 840
223 2081 221 844
231 2084 231 838
223 2033 213 846
223 2044 210 850
222 2038 222 844
233 2195 210 848
223 2087 222 840
220 2034 213 846
219 2007 210 855
222 2043 204 852
222 2064 222 842
220 2031 205 856
249 2110 249 834
240 2090 240 836
258 2138 258 832
240 2069 240 838
241 2062 240 838
224 2045 222 842
233 2148 231 836
249 2081 249 836
267 2200 267 828
231 2052 231 840
258 2108 258 834
285 2282 285 824
276 2236 276 826
249 2153 249 832
258 2170 258 830
240 2144 240 834
218 2042 213 846
230 2210 221 842
226 2151 213 844
232 2246 231 834
229 2147 213 844
214 2055 204 852
218 2108 204 850
221 2196 213 844
223 2199 210 848
330 2724 330 812
223 2172 213 844
222 2181 213 844
