53607 1080.38
272 2750 272 886
281 2743 281 884
211 2215 211 900
211 2217 211 897
220 2226 220 895
204 2191 204 907
213 2196 213 906
206 2206 204 901
213 2213 213 899
204 2187 204 908
204 2200 204 903
290 2789 290 882
211 2162 211 908
213 2102 213 912
210 2099 204 914
204 2100 204 914
204 2130 204 912
217 2142 211 908
220 2145 220 906
220 2129 220 908
204 2097 204 916
211 2126 211 910
213 2094 213 918
206 2325 204 896
213 2109 213 910
205 2128 204 912
211 2227 211 892
210 2106 204 912
218 2311 218 888
204 2091 204 920
229 2156 229 904
220 2238 220 890
