878 40.2139
204 2651 204 920
204 2701 204 888
213 2568 213 861
225 2562 213 862
205 2612 204 859
206 2672 204 856
213 2682 213 850
215 2646 213 849
218 2714 210 851
210 2663 204 853
222 2591 222 848
213 2580 213 851
214 2664 213 850
238 2544 204 861
211 2597 204 853
212 2727 204 852
216 2606 204 852
222 2704 204 851
232 2711 221 842
227 2808 204 850
221 2689 213 845
234 2756 204 850
233 2661 221 844
227 2807 222 838
216 2578 213 850
217 2723 213 846
213 2684 213 847
227 2688 221 844
231 2632 222 843
239 2713 222 838
228 2797 221 842
227 2726 222 839
220 2676 210 848
222 2634 213 846
233 2645 210 850
226 2811 222 838
231 2724 231 834
226 2655 222 844
228 2638 222 842
240 2637 240 836
238 2730 213 844
240 2685 213 844
217 2624 213 848
215 2763 213 844
234 2626 222 842
223 2603 222 847
232 2770 204 850
232 2757 213 844
222 2612 213 848
222 2640 222 845
230 2738 221 842
276 2742 276 824
228 2732 222 838
222 2656 222 840
240 2599 240 846
251 2617 222 844
231 2644 231 836
267 2676 267 828
258 2701 258 828
240 2675 240 832
294 2814 294 820
276 2679 276 826
221 2673 213 846
285 2760 285 822
249 2653 249 830
267 2702 267 826
303 2923 303 818
