91547 2040.38
222 2517 222 875
212 2567 204 882
209 2670 204 878
258 2874 258 865
213 2563 204 880
231 2528 231 873
205 2602 204 879
212 2440 204 889
222 2466 222 883
204 2429 204 918
205 2476 204 891
216 2528 204 884
209 2686 204 877
213 2589 213 875
212 2483 204 886
210 2582 204 879
213 2485 213 878
211 2649 204 877
214 2440 213 887
240 2603 240 871
215 2632 204 877
204 2484 204 889
213 2510 213 877
222 2575 222 873
215 2469 213 880
204 2511 204 888
213 2469 213 884
217 2552 204 881
267 3012 267 863
213 2479 213 880
220 2539 204 880
240 2638 240 869
206 2586 204 879
204 2449 204 916
218 2454 213 884
249 2729 249 867
231 2607 231 871
204 2516 204 885
208 2507 204 888
204 2451 204 893
