1180 32.8004
230 3086 204 1142
242 3275 210 1109
242 3141 231 1073
259 3458 215 1060
249 2988 204 1142
296 3979 204 1084
312 4148 210 1064
321 4346 205 1082
276 3670 220 1050
261 3445 213 1068
253 3344 205 1090
292 3831 205 1086
244 3286 210 1090
276 3644 213 1060
246 3301 215 1069
247 3225 205 1112
252 3383 205 1098
249 3286 205 1110
251 3238 220 1068
262 3384 215 1062
240 3301 210 1108
256 3464 215 1056
248 3326 209 1070
261 3483 204 1087
246 3232 209 1076
246 3102 204 1113
241 3096 211 1124
247 3002 213 1150
235 2927 204 1165
253 3305 204 1107
255 3248 204 1106
231 3060 204 1145
271 3532 213 1061
251 3246 205 1103
242 3070 204 1114
234 3015 204 1145
248 3251 204 1112
252 3267 204 1111
237 3025 213 1121
256 3174 213 1091
236 3012 211 1156
253 3217 204 1109
238 3042 204 1125
229 3014 220 1173
229 3074 204 1159
232 2985 220 1145
221 3039 213 1127
242 3308 213 1085
248 3174 211 1104
235 3041 204 1137
251 3322 204 1107
239 3149 213 1094
240 3277 220 1073
240 3241 210 1117
242 3250 220 1059
243 3230 222 1074
245 3247 220 1076
277 3620 231 1054
256 3413 222 1057
242 3030 204 1133
258 3414 204 1091
262 3501 213 1062
248 3207 213 1076
228 3065 213 1099
236 3062 214 1080
258 3379 204 1092
238 3121 204 1118
247 3301 204 1111
