963584 3600
220 2971 213 916
291 3870 216 902
219 2870 211 956
247 2858 222 959
327 4204 204 907
213 2899 213 990
256 3353 204 912
251 3295 204 924
214 2867 213 958
294 3968 204 908
230 2877 204 938
278 3699 213 907
249 3296 204 928
220 2954 204 957
216 3004 213 928
215 2715 204 961
237 3059 222 904
264 3359 213 908
292 3792 213 906
227 2977 204 939
231 2982 213 913
217 2968 213 942
222 2981 204 929
225 2910 204 942
210 2834 204 991
301 4013 213 905
256 3406 222 896
274 3565 204 911
216 2986 204 953
274 3870 229 894
