12279 420.127
214 2818 213 932
217 2868 204 935
272 3570 213 889
234 3148 222 890
244 3091 240 884
266 3455 240 882
254 3180 213 891
210 2756 204 953
234 3002 213 892
224 2966 210 902
218 2837 213 920
242 3144 240 884
242 3134 210 901
250 3317 213 890
251 3236 213 890
249 3276 249 881
279 3602 204 900
222 3009 204 907
226 3007 204 913
222 3022 222 903
225 2899 222 895
274 3737 204 900
228 3009 213 896
263 3476 258 879
248 3223 210 896
247 3236 210 894
208 2789 204 936
216 2954 213 925
231 3103 204 905
245 3121 204 902
233 3142 210 901
215 2784 213 930
242 3171 240 883
223 2889 213 902
240 3312 222 887
250 3191 213 891
231 3034 231 885
238 3170 210 899
258 3297 258 880
242 3035 204 903
236 3007 222 888
246 3234 204 901
227 2789 222 924
232 3003 213 894
230 2940 204 906
218 2865 204 914
233 2977 213 894
250 3215 210 894
235 2817 213 922
235 3000 204 904
220 2838 204 927
222 2858 213 912
207 2762 204 948
219 2870 213 904
223 2921 222 896
