3497 73.1509
213 2395 213 997
258 3240 258 925
213 2402 213 980
222 2534 222 944
240 2801 240 928
233 2780 231 929
231 2728 231 930
231 2864 231 929
265 2848 265 921
213 2409 213 974
213 2443 204 985
222 2409 222 965
242 2609 240 927
204 2430 204 991
213 2537 213 953
242 2589 240 933
213 2399 213 986
213 2480 213 955
220 2459 220 950
214 2494 213 954
222 2479 222 945
222 2438 222 951
204 2424 204 1006
204 2423 204 1014
213 2591 213 947
213 2430 213 960
220 2545 220 943
204 2428 204 996
229 2445 229 941
213 2396 213 988
229 2435 229 943
204 2417 204 1017
213 2414 213 966
220 2425 220 952
204 2451 204 985
222 2571 222 938
229 2507 229 934
222 2392 222 971
