1731 60.0332
222 2405 222 838
204 2272 204 854
213 2225 213 852
231 2242 231 848
222 2233 222 850
204 2228 204 862
207 2188 205 861
212 2260 210 852
210 2303 210 848
204 2198 204 863
211 2254 204 854
206 2187 204 863
204 2169 204 867
211 2276 204 850
211 2263 204 852
212 2282 210 848
205 2225 205 861
212 2269 210 850
223 2317 221 842
212 2248 210 853
213 2175 213 865
294 2899 294 822
206 2247 204 855
206 2268 204 852
213 2216 213 853
222 2270 222 842
231 2305 231 838
206 2281 204 850
213 2225 210 855
222 2256 222 844
213 2184 213 859
231 2354 231 836
222 2193 222 857
213 2261 213 844
222 2225 222 851
208 2183 205 861
213 2248 213 846
206 2222 204 857
207 2181 204 863
204 2294 204 850
212 2218 204 857
223 2355 222 838
207 2242 204 855
258 2437 258 830
240 2361 240 834
211 2221 204 857
231 2265 231 842
204 2281 204 852
267 2501 267 828
240 2315 240 836
204 2163 204 880
276 2582 276 826
212 2227 210 855
222 2297 222 840
204 2233 204 857
224 2309 221 842
204 2166 204 868
222 2244 222 849
224 2348 222 838
204 2249 204 855
206 2259 204 854
213 2231 213 851
206 2219 205 861
221 2334 221 842
285 2692 285 824
213 2240 210 853
231 2278 231 840
249 2377 249 832
