48853 1200.26
246 3266 220 994
244 3184 220 995
233 3128 204 1000
224 3042 213 998
236 3110 213 997
237 3179 211 996
207 2676 204 1050
204 2629 204 1058
212 2658 204 1050
220 2861 204 1008
211 2854 204 1010
227 2942 211 1003
205 2813 204 1014
214 2866 204 1006
207 2702 204 1040
218 2864 204 1009
213 2699 204 1018
204 2730 204 1016
223 2919 220 999
222 2987 220 996
215 2710 213 1014
215 2847 213 1002
219 2814 213 1003
213 2870 213 1007
215 2820 213 1003
228 2872 213 1000
235 2900 204 1005
226 2972 204 1005
207 2790 204 1015
215 2780 213 1008
212 2827 204 1010
220 2885 213 1000
216 2908 213 1001
205 2715 204 1016
209 2742 204 1011
215 2698 204 1037
227 3022 204 1002
224 3026 204 1005
216 2841 213 1002
204 2708 204 1046
220 2839 213 1002
204 2712 204 1042
