20651 439.08
73 768 69 362
73 775 70 357
75 863 67 378
86 772 86 345
92 838 92 342
74 749 71 354
81 731 80 348
80 737 80 348
93 832 92 342
86 778 86 343
92 844 92 340
93 838 92 340
74 756 71 352
74 749 74 349
74 767 70 355
74 768 70 353
87 761 86 345
75 741 74 349
74 761 68 359
75 732 68 361
75 862 67 380
75 759 68 359
78 728 68 361
76 753 68 359
74 737 68 361
75 749 71 352
87 762 86 343
75 724 74 353
81 736 80 346
80 742 80 346
78 739 71 352
84 739 74 349
75 726 74 350
74 730 74 353
78 729 70 353
74 732 74 350
78 727 69 356
75 731 69 356
75 733 70 353
75 861 67 383
74 736 69 356
