2259 60.0291
154 1533 152 329
84 972 60 385
79 894 63 353
76 848 66 354
123 1190 121 332
147 1548 145 329
77 837 72 366
75 854 66 350
84 907 84 340
78 780 68 349
77 933 66 349
108 1086 106 333
87 904 78 343
85 1011 60 377
89 899 63 352
86 834 66 356
83 905 62 363
87 897 84 342
106 1100 105 334
143 1615 130 330
127 1347 122 331
91 1119 90 335
92 816 66 358
94 877 78 342
99 1004 62 360
77 844 63 355
88 846 79 347
118 1295 61 364
97 1091 90 336
76 879 63 354
162 1752 160 328
85 904 63 352
85 856 66 349
129 1329 129 331
91 1070 62 361
106 1197 78 341
99 1059 90 336
145 1598 145 329
82 923 63 352
98 1155 98 334
139 1429 137 330
115 1094 98 334
91 896 63 352
88 823 63 355
82 895 61 398
79 922 78 343
86 864 66 348
110 1103 95 335
84 819 63 359
106 1185 106 333
116 1068 113 334
81 949 63 352
81 965 78 342
89 1001 63 351
79 901 66 349
102 1215 78 341
85 905 78 343
94 1051 62 360
90 990 60 377
93 835 66 354
73 862 63 355
109 1060 106 335
91 922 63 351
80 946 66 348
116 1229 114 332
97 976 90 337
87 886 63 353
84 802 66 373
84 956 84 339
81 838 66 350
80 830 63 365
93 883 63 352
101 1016 90 336
90 997 90 338
79 825 66 359
85 879 78 344
94 1069 90 337
102 1075 97 335
78 896 61 372
131 1300 129 331
82 928 66 348
78 859 72 345
84 933 78 342
87 963 61 366
85 923 66 348
133 1251 122 331
124 1392 122 331
102 1090 84 338
98 942 91 339
124 1072 98 334
137 1455 137 330
140 1342 137 330
