29 1.07352
93 1122 62 380
101 1253 68 351
81 1038 73 362
82 965 66 367
86 1001 86 350
90 958 67 367
91 1028 91 344
103 1339 62 374
105 1078 64 360
88 994 66 358
84 1110 72 353
91 1070 66 352
111 1238 62 367
86 1021 73 354
88 1076 74 352
95 1058 66 354
106 1168 70 348
117 1454 63 350
85 1054 63 361
89 995 72 349
90 1094 72 347
95 989 66 358
95 1178 72 346
107 1129 68 349
82 1042 73 359
84 1064 66 354
88 1046 85 343
94 1146 73 346
99 1153 78 340
100 1137 78 340
102 1244 66 351
104 1234 70 348
106 1104 97 337
108 1156 66 347
108 1237 66 346
83 1033 69 366
83 1095 63 370
84 1014 79 345
86 1108 72 348
87 959 68 357
91 1185 63 355
92 982 70 353
94 1184 91 341
96 1112 72 344
97 983 66 357
97 1057 74 345
97 1092 84 340
100 1087 63 352
102 1035 66 353
103 1184 66 349
106 1232 92 336
109 1086 63 356
110 1194 90 339
112 1213 63 351
112 1234 84 337
113 1247 72 342
121 1430 90 335
