68 1.86173
101 1249 67 416
100 1176 73 392
109 1257 80 368
107 1336 67 395
112 1339 70 378
107 1219 70 385
116 1196 116 344
125 1559 101 348
163 2014 69 383
120 1358 103 349
101 1163 93 357
109 1292 93 351
87 1104 74 404
106 1228 95 353
108 1348 94 350
125 1409 63 400
106 1251 102 351
102 1253 87 362
97 1202 76 373
116 1478 88 352
105 1136 97 362
107 1193 67 408
108 1246 93 354
103 1201 69 388
104 1171 74 383
105 1260 74 361
108 1338 67 394
116 1312 67 391
118 1415 110 347
99 1212 74 384
92 1118 81 387
105 1269 73 369
136 1660 67 387
96 1037 79 383
93 1121 89 377
97 1192 75 392
98 1066 90 363
104 1154 75 376
106 1160 96 360
107 1343 71 380
97 1060 69 396
107 1213 68 389
114 1373 75 355
115 1319 67 396
134 1302 112 350
105 1308 87 360
116 1470 78 354
147 1614 108 346
93 1130 79 377
95 1071 89 372
99 1194 74 387
107 1236 66 407
108 1266 86 360
100 1108 74 386
99 1184 89 357
118 1198 101 356
132 1456 89 353
117 1322 87 357
112 1269 66 405
142 1770 124 343
94 1103 81 363
100 1242 71 383
108 1200 94 352
109 1250 83 360
133 1597 89 351
92 1060 76 395
96 1069 84 375
111 1230 74 370
126 1337 65 417
102 1203 75 382
112 1347 87 356
113 1370 63 412
113 1384 66 390
