28388 2405.76
86 949 62 353
91 993 61 361
80 934 62 356
86 1004 61 359
75 737 67 343
72 761 72 341
74 736 63 348
77 712 67 343
76 718 67 343
73 716 72 341
74 703 66 344
79 711 63 348
73 697 66 345
78 687 65 347
74 710 65 347
73 718 63 353
75 694 66 345
76 674 66 345
79 686 78 337
77 666 66 344
77 660 72 341
78 667 78 338
78 712 78 337
79 681 72 340
75 690 72 340
74 684 72 341
75 683 72 342
85 681 65 347
84 682 84 335
79 685 67 343
92 692 92 334
79 679 63 349
138 958 138 325
130 894 130 326
146 1021 146 324
77 696 65 347
78 691 67 343
86 672 86 337
82 653 78 340
85 656 72 343
88 681 84 336
83 660 78 339
92 678 63 348
88 680 84 337
86 683 78 337
84 685 78 337
106 751 106 329
98 733 98 330
90 716 90 332
90 718 90 331
84 693 84 334
114 792 114 328
92 703 92 333
122 830 122 327
