2413 42.1739
77 910 62 376
69 826 66 349
70 816 66 349
75 887 61 382
78 873 78 342
84 930 84 339
86 893 84 340
71 845 66 348
84 918 84 341
75 792 72 345
73 777 72 349
73 804 72 348
72 806 72 345
84 1002 61 377
83 851 62 369
72 800 63 351
67 770 67 351
72 786 63 354
87 914 62 363
86 911 62 366
69 758 67 359
71 795 63 353
95 966 61 376
70 805 63 354
68 791 63 357
86 943 61 380
76 762 67 354
67 766 67 354
94 967 61 376
79 881 62 368
84 971 62 363
73 799 73 348
73 759 73 353
73 763 63 352
73 791 63 351
82 781 63 351
72 779 66 355
72 790 63 352
73 778 66 349
72 758 63 364
80 871 62 369
72 788 66 351
70 789 66 356
74 784 66 348
81 922 62 366
99 963 61 371
88 980 61 374
71 791 63 354
72 832 66 348
