145633 2580.42
70 750 66 351
73 746 63 348
75 746 66 344
138 1085 138 325
73 706 63 351
130 968 130 326
78 765 65 347
74 702 67 343
77 692 66 345
114 890 114 328
74 782 66 344
72 749 63 357
73 729 65 349
107 874 106 329
101 829 98 330
90 801 90 331
72 709 66 352
76 690 67 343
75 684 66 346
74 692 63 348
122 928 122 327
79 725 65 347
99 834 98 330
71 713 66 345
140 1082 138 325
72 694 72 340
74 698 66 345
77 688 72 342
78 713 78 339
116 886 114 328
76 712 66 344
73 703 66 346
108 852 106 329
96 794 90 331
120 881 114 328
98 855 98 330
108 826 98 330
124 880 114 328
75 696 66 345
106 879 106 329
74 663 66 348
129 876 114 328
84 732 84 334
80 691 66 345
90 797 90 332
133 965 130 326
78 726 78 337
75 691 63 348
122 847 106 329
124 922 122 327
