377 13.8571
86 1046 61 371
88 1013 61 359
87 1065 61 357
100 1058 60 360
90 1072 60 360
98 1063 60 360
83 932 62 358
68 739 63 348
73 722 65 347
68 745 66 345
72 731 63 348
72 733 65 347
68 759 66 344
69 738 65 347
72 702 72 340
78 716 65 347
69 690 66 344
71 689 66 344
78 700 63 353
73 693 72 341
73 694 72 340
71 693 67 343
86 756 86 336
69 694 67 343
72 700 72 341
106 925 106 329
90 815 90 331
78 722 78 337
90 813 90 332
84 765 84 334
92 809 92 333
78 720 78 338
98 869 98 330
108 898 106 329
100 859 98 330
93 914 62 353
85 918 62 353
