57578 1500.36
77 749 63 349
74 734 63 350
70 746 63 356
72 747 72 344
72 742 66 346
73 739 61 361
70 755 63 349
76 717 61 361
70 783 60 370
73 739 63 355
69 750 62 359
71 751 63 353
80 726 72 343
75 733 66 346
71 752 60 372
70 794 61 359
106 867 106 332
71 754 61 361
114 914 114 331
78 749 62 353
76 729 61 359
74 737 72 343
80 730 71 352
96 830 92 336
71 787 61 359
70 761 60 372
70 775 66 346
70 739 63 362
90 831 90 334
71 750 61 362
72 760 60 365
73 754 61 359
70 771 61 368
99 843 98 333
142 1121 138 328
73 740 72 343
72 743 63 356
68 775 61 362
78 772 78 340
101 834 98 333
68 753 62 353
93 798 84 337
97 829 90 334
81 706 61 362
72 749 72 343
87 750 78 340
70 789 61 361
85 741 62 353
122 964 122 330
71 804 60 367
100 840 98 333
84 800 84 337
128 963 122 330
130 1039 130 329
73 726 63 361
80 702 62 356
138 1130 138 328
72 757 61 359
73 748 60 365
79 736 62 356
98 849 98 333
78 746 62 356
72 723 63 363
