110898 780.062
89 1039 61 361
82 885 62 353
69 676 66 344
68 677 66 344
70 693 67 343
72 687 72 341
72 707 65 347
72 684 72 342
72 701 63 348
71 692 67 343
67 668 66 345
78 715 78 338
72 698 72 340
78 726 78 337
90 777 90 331
84 746 84 334
84 734 84 335
81 715 78 337
90 767 90 332
79 699 78 338
79 720 78 337
85 734 84 334
84 693 78 338
84 711 78 337
95 727 92 333
94 730 92 333
92 733 92 333
85 721 84 335
91 740 90 331
106 769 106 329
114 799 114 328
93 732 92 333
86 723 84 334
98 745 98 330
96 726 92 333
141 938 138 325
138 941 138 325
90 706 84 335
87 709 84 335
109 763 106 329
122 836 122 327
149 1001 146 324
146 1002 146 324
133 885 130 326
125 831 122 327
101 743 98 330
130 887 130 326
91 736 90 332
117 793 114 328
97 719 92 334
