70770 480.038
80 944 70 369
84 995 66 353
88 915 72 356
76 894 75 368
85 925 68 358
80 949 67 371
97 1014 63 354
93 1047 61 369
81 896 63 363
91 880 80 354
83 943 72 352
85 1065 85 343
95 931 66 362
86 1028 69 348
91 918 67 361
85 895 71 364
90 1022 63 353
118 1264 61 368
87 1028 63 356
86 946 68 354
83 1058 68 349
86 1056 72 347
83 1079 80 345
96 1123 78 339
91 946 63 356
77 918 73 358
87 972 67 357
108 1219 66 346
93 1108 62 360
85 969 72 348
84 988 66 361
82 872 71 372
79 946 72 374
92 1116 66 347
93 1095 74 345
77 956 74 357
95 1098 72 345
93 989 91 337
101 1076 72 344
88 951 74 349
91 875 73 356
116 1232 86 338
80 846 72 376
80 955 70 357
81 938 72 353
99 925 77 346
79 1028 68 367
93 1038 72 346
126 1364 106 333
94 994 72 346
87 901 78 340
93 1038 63 350
92 953 67 347
91 952 72 349
83 981 67 350
88 948 66 357
84 900 68 360
79 848 73 364
81 1003 67 356
87 921 72 353
98 1031 63 351
103 1019 72 345
85 871 75 359
78 868 66 375
83 887 73 356
88 1015 62 388
79 956 73 353
89 958 63 355
105 1186 90 337
97 1104 72 343
90 933 66 352
87 1011 72 347
79 908 79 359
101 930 74 348
88 1103 66 352
83 950 72 350
88 970 66 354
90 956 73 349
86 979 85 347
82 944 67 361
87 957 66 359
90 990 65 349
