9726 120.014
90 961 78 350
80 923 65 357
72 833 72 355
89 1105 78 348
92 1026 92 348
89 1091 85 348
100 1083 85 348
75 883 66 354
81 974 80 350
85 954 80 350
72 861 72 351
73 901 66 354
74 860 72 351
76 854 72 351
82 984 78 349
81 1023 78 349
74 858 72 352
71 874 66 356
78 866 65 359
75 951 63 359
75 934 65 357
70 834 65 364
70 881 65 361
67 837 67 359
95 1002 63 357
74 890 65 359
90 1032 63 357
76 925 65 357
69 821 62 367
76 928 61 370
78 948 60 381
84 1007 60 379
110 1197 98 346
87 1035 63 357
69 814 62 369
75 874 65 359
71 793 62 367
71 824 62 366
67 792 67 367
76 830 72 357
77 915 61 370
70 797 66 358
69 810 66 365
121 1398 60 376
72 925 65 359
71 835 62 361
86 938 60 377
78 850 61 367
75 859 61 372
69 807 66 371
73 787 66 358
74 968 63 358
72 849 66 355
69 803 66 372
71 806 63 361
73 846 66 355
75 846 61 375
76 870 63 358
81 901 65 357
