123979 540.045
104 1140 61 369
97 1190 62 375
88 1018 84 341
91 925 66 362
78 1014 66 359
82 1047 79 343
79 952 73 362
97 1177 84 337
80 973 70 365
91 883 63 366
82 953 72 351
93 984 72 345
83 944 63 358
83 951 80 352
98 1116 85 337
91 985 91 340
88 1022 85 340
81 993 72 353
91 1150 63 350
87 1028 63 355
101 1077 63 349
80 906 73 356
95 1008 66 347
89 913 67 351
81 970 78 345
93 1075 66 349
79 973 72 363
94 1017 84 342
82 920 67 361
111 1214 66 345
88 980 66 356
91 923 80 350
100 1024 63 352
84 945 72 351
110 1213 67 345
95 1177 66 346
89 1096 70 348
101 1098 66 346
88 973 66 357
82 973 66 362
102 1160 63 348
79 936 79 356
93 966 78 346
86 1046 72 345
93 1048 63 353
92 1034 66 351
87 917 87 350
90 929 66 367
112 1112 84 336
85 936 68 353
106 1093 61 361
94 935 91 347
86 851 72 355
93 1025 78 341
99 1058 84 337
85 959 72 348
92 976 85 342
78 961 74 361
96 912 63 362
88 982 72 347
127 1538 100 333
91 951 66 353
122 1314 122 332
78 886 73 369
90 977 74 346
84 1032 73 346
83 981 66 353
88 1012 78 343
87 1047 78 343
117 1348 105 333
80 1010 79 350
112 1442 106 331
86 1020 86 342
99 1049 62 369
95 946 74 349
119 1407 90 335
95 994 67 350
87 1066 84 339
87 1016 85 341
91 1000 72 343
92 1081 86 338
82 965 66 364
116 1424 90 335
98 1124 84 336
86 980 85 343
95 1284 84 337
110 1280 91 335
94 1097 78 339
98 980 71 350
93 952 92 344
117 1350 72 341
96 1047 91 339
100 1152 78 338
136 1376 119 330
116 1254 74 341
82 918 72 353
84 945 84 346
95 1045 84 340
93 995 92 334
89 1033 72 342
89 1102 66 348
86 1041 66 350
92 1145 78 339
86 944 85 345
96 940 84 349
93 918 85 349
86 916 67 361
