315 9.21137
77 764 62 356
74 765 61 359
75 769 62 353
73 703 65 347
71 704 63 349
71 708 63 348
74 778 62 353
71 702 63 350
68 746 64 352
69 749 63 349
73 696 63 348
68 731 66 346
72 711 72 340
72 705 72 341
78 734 78 337
73 694 63 349
74 695 63 348
72 703 72 342
71 694 66 346
73 695 66 345
70 727 63 348
74 691 63 349
70 731 65 347
73 692 66 346
78 733 78 338
70 696 66 344
69 697 66 345
74 699 65 347
71 713 67 343
71 691 66 347
73 700 72 341
69 701 66 344
76 704 72 340
73 697 67 343
76 699 72 341
73 706 72 340
84 753 84 336
79 720 78 337
85 756 84 334
90 804 90 331
84 757 84 335
90 803 90 332
84 760 84 334
91 802 90 331
