10398 180.052
87 804 73 360
76 902 63 353
78 816 67 371
79 789 63 366
73 817 63 355
87 997 84 335
86 1018 72 341
76 946 61 372
88 874 62 366
82 860 63 350
81 931 78 339
93 961 90 335
73 880 66 348
87 951 62 358
93 998 62 356
77 867 63 353
72 832 67 351
86 874 61 395
79 929 78 341
79 832 72 345
85 798 63 365
84 806 66 363
72 827 63 361
78 845 63 351
84 1032 84 336
83 819 74 354
102 1091 60 365
88 935 84 338
97 992 97 334
77 884 72 342
86 877 61 374
78 934 78 341
85 834 63 354
75 925 66 347
83 885 62 361
91 961 91 337
74 875 66 351
76 913 66 344
84 826 73 352
83 1000 74 341
88 979 84 335
86 988 65 349
84 1025 84 337
79 833 62 367
91 972 91 336
82 827 67 354
97 1033 97 332
90 1063 90 332
86 1029 84 335
115 1198 114 329
85 981 84 336
81 891 61 361
81 876 61 389
80 898 63 350
88 856 60 387
87 860 85 341
75 879 66 350
96 1027 92 334
90 1043 90 333
82 913 79 341
122 1234 122 328
80 933 61 363
91 961 61 359
79 835 63 351
77 887 60 367
150 1506 138 326
92 975 84 336
130 1319 130 327
154 1596 146 325
92 820 70 353
99 1176 60 365
85 1034 62 353
84 1012 62 358
98 1065 98 331
73 876 73 350
87 963 72 341
72 897 66 353
80 881 79 342
81 949 78 338
76 830 66 347
87 882 60 371
84 808 63 364
138 1534 138 326
105 1015 104 332
106 1061 106 330
156 1420 138 326
123 1193 114 329
87 938 65 347
74 841 72 344
148 1602 146 325
114 1202 114 329
139 1524 138 326
87 854 61 368
147 1711 146 325
