5214 120.033
87 841 78 341
83 904 63 352
102 974 90 333
85 966 78 339
106 1146 106 331
89 857 63 348
82 845 72 342
101 1145 98 332
85 920 78 340
93 976 90 334
82 879 63 358
80 866 64 355
81 860 65 360
80 871 65 349
83 809 72 348
84 852 63 365
90 925 60 375
84 802 66 353
90 782 66 345
91 892 84 336
86 845 78 339
82 861 63 367
78 816 66 345
88 877 63 350
80 949 62 357
106 953 90 333
103 1041 98 332
84 866 63 354
83 845 61 373
83 932 60 373
137 1521 137 328
84 901 84 337
84 914 62 364
80 951 60 373
96 885 91 336
84 938 61 364
82 887 63 356
98 1154 98 332
90 1021 90 333
72 849 63 368
85 852 63 360
86 853 63 355
90 993 90 335
80 796 67 353
79 1014 60 376
96 957 90 334
85 983 60 367
79 962 60 386
95 962 60 369
129 1228 129 329
92 888 84 336
109 1126 106 331
79 982 61 364
90 1017 90 334
87 820 65 349
81 944 61 365
89 929 60 372
117 1033 98 332
84 950 61 361
80 914 63 361
85 914 84 336
83 841 64 355
79 872 61 366
85 895 63 348
102 942 90 335
101 990 90 333
101 1155 60 365
100 993 90 333
85 867 61 368
86 882 63 350
74 857 67 360
88 875 62 365
88 967 60 371
143 1547 130 328
83 857 63 359
122 1329 122 329
88 893 60 388
86 933 62 362
86 836 85 339
97 870 84 336
85 974 60 371
114 1143 114 330
83 840 72 343
82 903 60 377
80 914 60 377
81 859 72 344
91 1010 90 334
100 885 62 360
94 995 90 333
97 939 61 361
97 883 60 387
78 875 61 375
92 943 61 363
84 918 62 363
