274052 2580.24
73 793 72 341
81 850 62 353
74 696 63 348
75 694 63 348
74 692 65 347
74 684 66 344
75 695 67 343
74 688 72 341
90 727 90 333
84 697 84 336
76 668 74 345
86 692 84 336
77 656 70 346
91 720 90 332
77 679 72 340
84 707 84 334
90 732 90 331
92 717 90 332
92 722 90 331
85 678 63 349
87 673 63 348
81 670 78 339
87 688 84 336
89 672 63 348
87 670 63 349
77 653 74 345
80 650 72 343
82 664 78 339
85 649 66 346
81 658 78 340
84 674 65 347
87 692 84 335
82 671 78 338
131 866 130 326
123 815 122 327
77 691 67 343
75 688 72 340
84 700 84 335
78 682 78 337
86 686 86 336
92 710 92 333
85 694 84 334
80 684 63 348
77 674 72 341
80 673 80 340
77 665 74 343
77 661 66 344
78 650 74 343
79 657 72 341
79 673 67 343
78 665 72 341
79 679 78 338
146 986 146 324
130 873 130 326
80 680 78 337
80 676 78 338
83 655 80 340
106 733 106 329
114 770 114 328
99 716 98 330
97 708 90 332
97 715 90 331
98 738 98 330
93 693 92 333
79 675 72 340
93 685 92 334
99 709 98 331
91 728 90 331
91 684 84 335
85 673 78 337
87 675 86 336
85 663 78 338
88 664 86 337
88 674 86 336
91 692 84 334
122 822 122 327
138 920 138 325
