119906 3180.67
78 719 78 341
70 829 66 348
70 807 66 351
84 697 72 345
73 776 63 351
68 788 62 356
75 732 62 354
76 703 63 355
78 706 63 350
72 782 66 348
74 710 72 344
84 758 84 337
70 755 62 356
70 745 61 364
72 726 66 354
114 901 114 331
70 771 64 354
71 762 60 360
72 760 72 344
72 733 61 357
74 724 61 357
71 764 66 349
75 761 60 363
74 740 63 350
90 802 90 334
75 748 62 353
73 689 66 346
73 795 72 343
82 719 63 349
106 861 106 332
72 724 68 355
71 740 62 358
74 746 63 349
93 791 92 336
73 713 65 351
74 717 61 364
72 758 72 349
98 838 98 333
77 726 60 365
72 743 62 356
70 743 66 354
72 746 60 365
67 735 62 359
70 794 60 370
71 734 66 352
77 729 63 349
77 746 60 360
69 837 60 372
70 769 66 352
67 765 61 364
77 719 63 351
74 789 72 343
93 801 90 334
74 768 62 353
75 758 72 343
78 733 78 340
72 744 62 354
122 991 122 330
71 790 62 353
69 771 61 359
69 754 61 364
71 760 60 367
70 816 61 358
70 824 62 354
77 724 72 343
73 809 63 350
118 877 114 331
77 713 61 364
138 1288 138 328
130 1082 130 329
99 831 98 333
