11 0.308701
98 1148 86 399
99 1099 95 401
104 1235 85 395
111 1231 94 388
101 1170 86 398
122 1396 73 407
97 1198 87 419
121 1421 106 370
94 1131 92 392
98 1121 75 401
106 1316 74 394
107 1215 85 398
113 1328 73 425
114 1237 91 392
106 1194 78 399
109 1366 88 384
124 1392 67 420
136 1587 85 378
112 1222 102 380
116 1397 72 410
127 1298 108 376
131 1543 88 378
107 1224 78 393
107 1250 88 390
108 1276 90 387
109 1294 79 389
111 1252 80 392
116 1363 87 381
92 1196 88 414
103 1233 94 380
108 1328 86 392
120 1383 86 383
128 1611 102 379
134 1531 72 405
