80593 840.099
78 914 61 361
80 895 61 357
71 831 62 356
72 822 62 353
69 767 66 345
68 761 66 346
73 771 67 343
69 755 66 347
71 758 66 344
70 752 63 349
74 769 65 347
70 745 66 346
72 745 63 348
72 759 72 343
70 749 66 345
72 745 66 345
72 763 72 342
78 761 78 339
78 774 78 338
74 733 72 342
74 740 72 341
74 756 72 340
78 787 78 337
80 766 78 337
79 687 72 340
79 685 72 341
79 708 78 338
84 670 66 344
82 679 66 344
123 780 114 328
119 783 114 328
120 781 114 328
90 747 90 331
90 742 90 332
98 703 92 333
97 705 92 333
124 815 122 327
125 811 122 327
116 785 114 328
114 810 114 328
129 807 122 327
128 809 122 327
122 845 122 327
123 844 122 327
144 901 138 325
140 905 138 325
132 855 130 326
136 851 130 326
91 681 86 336
138 931 138 325
130 881 130 326
152 971 146 324
146 999 146 324
148 973 146 324
78 740 66 344
79 719 67 343
85 668 66 344
83 677 67 343
77 733 72 340
80 678 67 343
84 676 67 343
84 722 63 348
83 663 65 347
82 733 65 347
77 692 74 343
84 731 84 334
86 681 63 348
78 702 72 341
81 664 72 341
81 688 78 338
80 668 72 341
82 680 72 340
93 692 84 334
82 661 72 341
93 729 90 332
80 702 80 339
80 685 80 340
87 693 84 335
99 719 90 332
93 681 84 335
82 675 78 338
100 687 92 334
82 680 78 337
99 724 90 331
83 666 72 340
100 694 92 333
94 714 92 333
87 666 78 337
87 700 84 334
87 660 78 338
96 672 86 336
84 674 78 338
86 701 86 336
89 689 86 336
92 730 92 333
100 738 98 330
108 752 106 329
106 730 98 330
93 735 90 331
114 750 106 329
108 718 100 332
98 753 98 330
92 737 90 331
98 727 90 331
106 778 106 329
