13646 1206.91
69 682 63 348
69 682 65 347
70 667 65 347
69 662 66 344
70 667 63 348
72 683 72 340
70 658 66 344
78 702 78 337
70 664 67 343
78 699 78 338
72 677 72 341
84 727 84 335
90 757 90 332
90 760 90 331
98 779 98 330
84 731 84 334
94 742 92 333
88 720 84 335
92 745 92 333
114 827 114 328
101 754 100 332
89 718 86 336
99 771 98 330
109 782 106 329
115 812 114 328
116 809 114 328
124 845 122 327
123 848 122 327
123 802 114 328
117 804 114 328
147 935 138 325
141 937 138 325
133 884 130 326
139 882 130 326
130 897 130 326
115 779 106 329
138 940 138 325
131 834 122 327
125 836 122 327
131 890 130 326
155 999 146 324
149 1001 146 324
146 1004 146 324
122 856 122 327
106 798 106 329
107 786 106 329
