474 6.38789
110 1124 61 381
94 896 65 360
108 1159 108 344
77 811 66 360
98 962 63 369
78 827 66 355
108 923 63 372
74 776 74 350
81 791 80 346
87 873 65 363
71 767 68 356
77 742 74 353
81 776 66 352
77 771 66 362
79 736 66 366
81 863 64 372
111 1238 101 345
75 769 68 352
84 804 66 350
79 789 66 360
88 807 65 366
80 800 80 346
80 759 80 347
85 815 65 366
89 861 64 374
113 1173 108 342
73 737 68 355
71 749 68 357
78 736 68 362
74 764 74 351
72 761 68 356
74 755 68 353
77 764 74 349
74 756 74 352
75 776 74 349
80 760 74 351
74 786 74 349
132 1487 100 345
75 763 74 350
