36 0.659654
87 1068 66 396
96 1088 65 401
89 1111 66 386
92 1108 66 388
107 1263 61 391
109 1260 64 392
91 1086 66 390
99 1170 65 398
102 1109 66 387
103 1197 66 383
104 1213 65 393
85 1127 81 358
88 1123 80 363
100 1180 78 356
100 1191 72 364
108 1367 66 365
86 1107 81 369
103 1249 67 363
111 1304 73 358
85 996 74 372
90 960 87 374
90 1001 74 370
91 1246 87 357
95 1034 73 366
99 1203 88 354
102 1248 66 377
104 1196 70 363
104 1315 74 358
107 1228 67 363
113 1322 80 351
89 1127 79 365
90 988 67 372
93 1038 74 369
97 1087 67 365
99 1105 80 361
108 1217 67 364
82 976 80 371
85 1015 73 371
89 1024 80 364
94 1184 79 361
95 1060 73 364
99 1067 73 363
110 1329 65 382
84 1016 73 390
85 988 67 374
87 974 80 375
89 1040 73 366
90 1071 73 363
95 1048 67 370
100 1090 73 360
111 1261 65 380
104 1209 73 359
82 1117 74 377
96 1113 66 384
97 1064 62 401
111 1360 66 367
95 1168 79 362
106 1165 66 374
110 1277 67 360
107 1381 74 356
84 1031 69 371
88 1068 67 368
88 1112 73 366
93 1274 80 361
99 1149 79 361
104 1330 87 355
104 1350 73 358
105 1312 81 352
109 1482 71 359
121 1540 66 364
