426 5.05104
85 1036 85 350
76 919 68 364
99 1075 85 348
76 915 70 363
77 913 73 356
98 1196 69 357
75 942 73 356
94 1140 67 359
77 925 68 362
80 966 69 359
74 882 73 359
77 900 69 360
77 953 68 360
76 871 73 360
76 933 68 362
75 904 73 357
75 935 68 362
75 894 68 368
76 889 68 365
75 901 68 365
73 883 73 362
75 914 69 364
81 907 68 362
85 911 67 371
83 942 69 359
84 990 67 360
75 915 67 365
73 915 73 359
77 887 67 373
81 964 67 364
75 878 73 361
73 850 73 364
93 1069 93 349
84 886 68 369
77 873 68 372
97 1143 71 358
79 895 79 351
79 933 73 354
80 906 73 356
