147 2.6369
102 1096 63 383
101 1089 63 389
101 1203 63 387
86 1004 67 385
96 1176 64 405
97 1198 63 394
121 1313 63 376
98 1126 63 401
101 1089 85 355
106 1064 66 380
106 1142 63 381
112 1233 84 352
113 1220 85 353
106 1242 78 360
93 1005 79 364
99 1044 85 358
100 1049 79 361
117 1180 72 363
100 1077 66 381
89 958 67 386
91 1002 73 371
102 1039 73 363
102 1074 63 384
89 1021 86 367
86 948 70 376
94 1030 73 364
90 1118 81 366
98 1045 73 362
109 1232 79 358
84 962 74 373
104 1077 79 359
90 1078 80 369
85 1002 80 370
91 1052 80 367
96 1056 85 361
88 965 67 373
126 1356 80 357
86 1026 86 367
83 1030 74 373
91 962 67 373
92 938 69 379
98 979 73 364
94 1096 66 370
105 1146 63 379
84 1005 80 370
87 1033 74 372
92 957 67 365
93 955 67 378
112 1179 71 364
