2333 240.383
180 2069 178 681
181 2101 178 680
181 2087 180 679
182 2053 178 680
183 1993 175 682
181 1984 181 681
183 1960 178 682
183 1969 181 679
183 2052 183 677
181 2020 181 679
183 1976 178 680
181 2011 181 680
181 2024 178 681
182 2003 180 679
183 2032 183 678
185 2035 183 677
189 2053 185 676
186 2028 186 676
186 1970 186 678
183 1973 178 681
187 2056 185 676
185 1986 175 682
181 1994 175 682
188 1996 179 679
182 1999 173 685
180 1975 174 684
180 1988 176 682
180 1959 175 683
181 1967 176 682
184 1998 174 683
187 1995 185 678
188 1968 186 676
184 1956 181 679
202 1964 191 675
197 1955 186 676
193 1972 191 675
194 1968 191 675
189 1963 186 676
193 1969 185 676
184 1978 180 679
194 1965 185 676
191 1973 191 675
183 1994 180 679
196 1950 183 677
193 1959 183 677
189 1960 183 677
188 1963 183 677
191 1977 185 676
186 1975 180 679
191 1994 179 679
189 1963 178 681
194 1983 179 679
189 1968 180 679
197 1987 197 674
189 1955 186 678
184 1967 178 680
203 2036 203 673
186 2000 185 678
