2927 300.535
194 2514 173 685
180 2237 176 682
181 2208 174 684
178 2195 178 680
183 2233 183 677
181 2200 176 682
180 2193 178 680
180 2197 179 679
184 2188 179 679
184 2199 174 684
189 2257 174 683
184 2178 183 677
185 2169 185 676
183 2120 180 679
185 2123 179 679
182 2111 175 682
182 2123 178 680
182 2101 180 681
190 2158 174 683
182 2136 181 679
187 2159 186 676
185 2137 183 677
188 2136 185 676
188 2097 185 678
186 2098 185 678
197 2169 197 674
185 2106 185 678
188 2129 186 676
196 2106 185 676
188 2131 183 677
185 2087 178 680
185 2085 180 679
191 2062 178 680
186 2076 180 679
191 2122 191 675
199 2088 186 676
193 2069 186 678
190 2111 185 676
194 2058 181 679
197 2090 186 676
198 2063 186 678
190 2101 186 676
197 2082 183 677
188 2067 181 679
186 2072 186 678
202 2113 191 675
187 2070 181 679
193 2097 186 676
183 2078 181 681
190 2097 183 677
191 2094 183 677
194 2086 183 677
188 2071 186 678
191 2098 186 676
186 2073 178 680
186 2071 181 679
191 2091 183 678
191 2059 180 679
194 2083 183 678
190 2094 183 678
192 2119 191 675
199 2099 185 676
189 2109 186 676
197 2079 183 678
208 2165 197 674
193 2107 185 676
202 2167 197 674
187 2068 178 680
