6343 165.845
176 2056 176 682
175 2066 175 682
178 1881 176 682
177 1866 174 683
199 1917 197 674
191 1884 191 675
174 2013 173 683
173 2030 173 683
178 1867 178 680
180 1862 178 680
197 1919 197 674
173 2010 173 685
174 1871 174 683
179 1865 178 680
174 1873 173 685
183 1849 183 678
183 1854 183 677
177 1896 175 682
179 1865 179 679
176 1867 174 683
185 1871 185 676
188 1864 185 676
187 1866 185 676
183 1858 179 679
203 1951 203 673
176 1884 172 687
209 2017 209 672
181 1863 179 679
182 1862 179 679
183 1904 173 683
175 1864 174 684
177 1870 173 685
