58853 900.14
190 2014 183 697
185 2013 184 697
185 2033 183 697
186 1990 184 697
191 1994 189 696
186 1990 181 698
240 2778 240 685
244 2908 235 684
189 2015 189 696
181 2047 181 698
195 2068 188 693
193 2091 186 693
242 2777 240 683
194 2087 190 692
198 2079 189 692
191 1994 183 697
185 2004 181 698
246 2826 246 682
184 2063 183 697
206 2189 206 689
196 2022 194 692
200 2051 200 691
201 2050 200 691
191 1999 186 694
198 1988 198 699
202 2038 200 691
187 1960 187 701
191 2018 190 693
192 1964 192 700
190 2022 186 694
186 2048 186 694
198 2069 195 691
186 2034 186 695
196 2008 189 693
246 2832 246 680
201 2087 201 690
