6085 90.0619
179 1892 173 683
181 1882 173 683
180 1885 173 683
178 1813 174 683
181 1812 173 685
180 1824 173 684
183 1815 173 683
178 1787 175 682
178 1788 178 680
179 1802 179 679
180 1794 179 679
183 1807 173 685
180 1792 180 679
181 1781 175 682
180 1784 174 683
181 1774 179 679
181 1774 174 683
209 1969 209 672
183 1767 183 677
184 1764 183 677
183 1756 179 679
185 1777 175 682
190 1772 185 676
185 1777 185 676
198 1830 197 674
203 1890 203 673
184 1760 183 678
179 1747 178 680
191 1792 191 675
186 1774 185 676
197 1832 197 674
