31396 840.207
182 1920 173 684
179 1902 179 679
180 1919 175 682
178 1926 176 682
173 1937 173 683
185 1851 185 676
175 1912 174 684
191 1856 191 675
176 1925 173 684
173 1927 173 684
183 1841 183 677
215 1986 209 672
209 1988 209 672
188 1850 185 676
189 1845 185 676
175 1917 175 683
175 1927 175 682
182 1918 175 682
179 1923 175 682
203 1915 203 673
209 1913 203 673
197 1889 197 674
174 1931 173 683
174 1918 174 683
185 1842 174 683
178 1849 174 683
186 1799 185 678
185 1809 185 678
181 1795 180 679
186 1799 179 679
181 1795 178 680
180 1802 179 679
178 1803 178 680
191 1816 191 677
182 1844 174 683
180 1860 176 682
