29425 780.139
175 1971 172 687
174 1930 173 685
188 1860 185 676
185 1874 185 676
175 1971 175 682
180 1920 179 682
175 1915 174 683
175 1944 173 683
179 1926 179 682
174 1921 174 683
178 1943 178 680
174 1948 173 683
177 1959 175 682
209 1961 209 672
187 1853 187 676
189 1825 187 676
192 1836 192 675
188 1822 183 677
188 1827 186 676
194 1821 183 677
177 1937 173 683
190 1820 190 680
183 1836 183 677
186 1854 186 676
175 1926 173 685
175 1927 173 684
187 1835 187 678
188 1849 181 679
174 1932 173 684
183 1941 179 679
181 1946 179 679
173 2062 173 686
179 1948 179 679
203 1889 203 673
197 1841 197 674
191 1843 191 675
194 1833 191 675
192 1838 191 675
