150083 3060.46
186 2367 176 685
188 2349 176 685
185 2351 175 687
185 2375 173 686
192 2313 173 686
190 2242 176 686
194 2309 176 684
198 2317 174 685
191 2321 176 685
192 2349 176 683
190 2436 176 683
202 2534 175 683
194 2526 173 685
190 2311 175 687
192 2343 175 684
198 2295 173 686
192 2334 174 685
188 2320 175 687
212 2593 192 675
198 2524 186 676
205 2574 174 684
204 2503 186 676
189 2385 175 684
193 2490 181 679
197 2537 192 676
181 2317 178 684
198 2458 187 676
199 2457 187 676
204 2369 181 679
203 2396 187 676
195 2394 181 679
209 2360 181 679
198 2376 181 679
194 2310 173 686
205 2417 175 683
183 2442 178 682
183 2344 178 683
180 2390 180 685
186 2326 173 686
189 2392 177 683
180 2399 178 684
183 2281 183 678
185 2272 178 681
215 2507 175 682
237 2876 180 679
192 2369 176 682
194 2417 181 679
200 2312 183 677
187 2373 183 677
193 2310 187 677
202 2426 187 676
204 2585 175 682
187 2217 183 678
216 2572 192 675
191 2356 174 685
184 2238 181 680
185 2253 183 678
192 2236 179 687
200 2429 192 676
187 2340 186 677
220 2568 174 684
196 2339 183 677
203 2260 178 680
195 2276 178 680
200 2455 187 676
187 2247 178 681
189 2304 178 680
193 2343 183 677
191 2386 176 682
195 2346 176 682
189 2354 183 677
189 2407 182 679
201 2425 192 676
188 2335 187 677
206 2374 192 676
184 2318 178 680
183 2264 183 680
186 2266 180 684
190 2287 178 680
200 2289 176 683
196 2300 176 685
222 2511 174 684
202 2340 176 682
191 2329 182 679
183 2403 181 680
195 2334 173 685
199 2445 192 676
