7715 215.099
209 2420 178 682
197 2578 193 676
191 2539 186 678
209 2755 209 672
186 2460 178 681
201 2528 178 680
191 2577 176 682
196 2726 192 675
196 2462 180 679
192 2443 178 682
197 2544 197 674
191 2627 180 680
197 2430 173 683
207 2515 192 675
191 2580 183 679
194 2569 178 680
202 2661 179 679
194 2496 183 677
206 2534 203 673
198 2395 189 687
195 2733 179 679
214 2527 205 674
199 2550 192 675
200 2543 178 680
204 2560 179 679
201 2522 191 675
211 2647 209 672
201 2378 195 678
206 2517 186 676
201 2568 175 682
197 2601 185 676
199 2385 183 680
191 2514 174 683
204 2506 178 680
197 2417 191 685
202 2535 186 676
205 2421 178 680
203 2644 203 673
226 2529 197 674
198 2416 183 678
199 2724 175 682
203 2500 192 676
211 2517 191 675
204 2547 175 682
193 2408 187 686
200 2338 178 683
222 2787 172 687
199 2473 183 677
201 2545 185 676
205 2597 203 673
204 2420 173 685
