166458 2880.46
202 2551 173 685
198 2602 174 684
207 2540 174 684
182 2519 179 684
209 2527 174 684
235 3187 222 672
259 3370 173 684
198 2501 176 682
188 2601 177 683
195 2528 176 682
195 2448 185 676
220 2493 173 686
190 2306 177 684
247 2795 175 682
219 2847 175 682
235 2830 174 683
192 2404 191 675
210 2533 203 673
191 2444 191 675
199 2532 174 685
195 2497 173 686
199 2422 176 682
196 2440 175 683
203 2562 203 673
192 2303 178 680
184 2384 178 683
191 2477 176 683
186 2307 178 682
185 2308 183 679
194 2587 175 684
189 2309 177 682
189 2509 181 679
188 2396 177 687
194 2625 173 686
185 2374 178 681
198 2612 173 685
190 2543 176 688
186 2411 186 676
207 2540 203 673
183 2315 183 677
205 2549 203 673
194 2330 188 676
190 2341 188 676
197 2458 197 674
188 2362 188 676
199 2433 197 674
185 2307 183 680
203 2584 174 684
228 2942 179 679
190 2457 181 679
186 2357 178 681
186 2280 183 677
183 2386 178 680
199 2542 180 679
188 2329 178 680
185 2333 182 679
213 2389 199 675
194 2600 185 676
189 2359 188 676
187 2367 178 680
198 2558 180 679
188 2264 183 679
