21824 600.128
197 2497 186 676
190 2407 176 684
190 2586 180 679
203 2505 203 673
197 2585 173 683
196 2504 185 676
210 2597 209 672
195 2464 175 683
200 2447 185 676
189 2359 183 679
196 2473 178 680
194 2560 174 683
190 2394 176 686
194 2409 176 682
190 2470 183 677
193 2574 186 676
211 2316 180 680
194 2341 179 679
207 2316 175 683
220 2474 203 673
202 2296 178 682
194 2391 173 684
200 2435 191 675
204 2344 176 682
207 2492 197 674
200 2494 173 683
219 2368 178 680
193 2470 191 675
201 2481 175 682
199 2428 192 675
194 2275 182 687
193 2304 183 677
188 2365 183 679
191 2469 181 679
209 2481 197 674
200 2493 197 674
191 2369 180 683
229 2477 172 687
187 2419 178 681
204 2477 175 682
209 2601 209 672
198 2513 173 683
214 2422 191 675
202 2402 191 676
202 2263 183 686
202 2257 187 682
191 2337 185 684
191 2301 177 685
218 2333 176 682
191 2378 185 678
199 2467 191 676
195 2528 186 676
211 2553 209 672
207 2432 191 675
218 2332 179 679
201 2403 178 680
215 2404 186 676
207 2468 173 683
205 2440 175 682
192 2310 191 682
198 2292 179 687
196 2355 174 685
221 2473 197 674
194 2287 181 684
204 2401 203 675
211 2406 175 682
199 2545 197 674
196 2299 178 681
193 2328 178 683
204 2502 172 687
191 2432 180 680
217 2468 198 674
194 2408 178 681
197 2410 178 680
192 2483 175 682
187 2465 179 680
209 2396 187 676
223 2455 173 683
207 2486 172 687
196 2376 174 683
195 2376 176 683
203 2372 191 676
204 2288 178 681
