2165 60.0138
220 2692 176 690
208 2556 185 680
209 2703 182 680
201 2564 183 682
242 2995 179 679
208 2694 186 678
218 2756 174 688
195 2552 179 692
200 2711 193 683
205 2710 183 679
213 2728 208 673
221 2832 182 679
214 2710 175 685
220 2685 175 691
213 2684 183 677
223 2866 203 673
215 2772 173 686
211 2471 194 685
197 2723 181 683
214 2729 188 676
222 2670 191 676
226 2726 187 676
197 2574 180 689
221 2646 210 674
221 2642 178 683
204 2591 178 684
216 2659 197 674
209 2630 183 678
213 2812 187 676
217 2700 178 682
220 2613 207 675
217 2900 178 680
208 2448 190 697
205 2589 188 681
210 2734 192 677
231 2683 214 672
212 2694 178 683
206 2717 178 682
206 2679 202 674
222 2874 203 673
205 2499 178 686
211 2871 185 676
218 2833 173 685
229 2718 173 686
225 2652 181 681
202 2642 181 682
212 2820 191 676
212 2907 180 680
207 2766 177 685
220 2765 178 680
220 2803 192 675
208 2585 190 678
213 2564 182 685
218 2741 204 673
213 2812 191 675
218 2797 214 672
214 2721 181 680
189 2504 184 687
202 2594 178 684
225 2860 180 679
197 2493 195 676
199 2459 183 687
209 2812 175 685
222 2650 174 685
222 2746 209 672
220 2597 210 675
207 2791 198 674
221 2749 187 676
225 2986 174 684
206 2625 183 679
229 2570 180 683
197 2486 182 691
213 2736 175 682
211 2491 183 678
203 2534 187 683
211 2760 183 677
203 2629 186 681
219 2663 186 677
234 2674 178 680
193 2610 179 687
215 2885 180 680
209 2769 183 677
211 2594 193 676
193 2604 182 687
233 2821 180 679
222 2745 191 675
241 3174 174 683
216 2908 173 685
200 2621 179 684
204 2633 186 679
210 2571 181 682
212 2901 203 673
226 2695 178 680
220 2661 178 682
204 2719 178 681
209 2635 209 675
212 2718 196 675
192 2623 182 684
196 2575 177 687
261 3321 172 687
217 2680 181 680
210 2800 176 694
222 2707 175 684
219 2784 185 676
