123655 1740.19
196 2457 193 676
202 2259 182 680
194 2476 193 676
193 2276 183 678
198 2439 193 676
198 2416 198 676
185 2363 185 679
189 2318 187 677
203 2309 193 676
188 2410 187 677
191 2293 187 677
199 2260 183 678
191 2280 183 679
188 2293 183 678
203 2307 198 676
185 2239 183 681
191 2272 181 680
185 2283 178 681
200 2370 193 676
196 2251 175 683
190 2210 178 681
191 2241 190 679
199 2390 193 676
186 2253 178 681
189 2277 181 680
187 2185 181 687
189 2250 176 684
191 2212 176 686
191 2222 173 685
185 2238 173 685
194 2193 177 686
183 2176 174 688
185 2238 178 682
184 2226 178 684
186 2223 174 687
207 2555 187 676
183 2265 173 685
186 2216 177 683
228 2726 204 674
207 2560 173 684
190 2254 175 684
181 2253 177 685
185 2289 177 684
196 2261 174 684
186 2275 176 683
189 2252 183 680
206 2507 188 676
209 2405 173 684
187 2304 183 678
187 2298 175 684
186 2337 174 684
188 2272 174 684
181 2271 173 685
184 2319 183 680
187 2233 176 686
191 2279 184 679
190 2323 181 679
182 2239 178 682
187 2190 178 683
230 2715 199 674
204 2444 192 676
193 2265 178 680
193 2263 180 680
201 2308 181 679
188 2240 178 681
191 2326 178 680
191 2302 180 680
183 2342 176 684
186 2227 178 682
188 2222 178 682
185 2335 180 680
205 2364 183 677
187 2294 181 680
207 2481 193 675
186 2365 183 679
185 2378 178 680
190 2339 175 682
196 2315 181 679
217 2507 187 676
188 2284 183 680
193 2275 183 679
190 2369 183 677
190 2322 175 683
189 2353 175 683
189 2397 181 679
