17 0.533693
208 2573 194 690
222 2613 181 692
235 3070 175 692
263 3244 174 687
205 2618 180 695
203 2617 183 687
214 2718 178 688
219 2804 177 686
235 3065 176 687
208 2854 185 681
213 2726 186 683
214 2733 178 687
227 2768 183 679
227 2930 178 681
231 3004 195 677
245 3192 181 680
207 2806 183 684
226 2793 184 680
227 2697 187 679
231 2895 179 682
240 2920 184 678
242 2954 183 678
204 2665 196 683
205 2582 195 694
205 2623 178 689
212 2681 191 681
214 2664 180 688
214 2910 208 676
215 2702 181 684
217 2699 185 678
218 2728 178 684
219 2848 183 682
225 3016 181 681
226 2615 190 682
232 3126 177 685
236 2916 173 690
239 2877 174 688
249 3208 194 677
249 3313 176 684
252 3077 194 677
257 3054 189 677
257 3426 175 686
258 3322 175 685
269 3251 173 689
284 3755 173 687
