290355 1200.05
214 2621 173 686
194 2546 192 686
211 2795 178 681
231 3151 203 675
224 2763 182 679
218 2616 196 678
207 2670 201 676
209 2720 175 686
232 2986 215 674
233 2795 211 675
213 2571 188 680
216 2773 180 680
283 3516 220 673
227 2852 205 675
214 2791 176 684
206 2608 183 681
235 2960 176 683
218 2660 191 678
213 2627 175 686
221 2856 177 683
229 2722 182 679
222 2675 195 677
204 2587 189 680
199 2565 176 685
233 2830 198 674
227 2852 174 684
232 3041 192 675
224 2737 178 681
215 2657 187 679
212 2700 183 678
202 2392 176 695
266 3198 174 683
220 2787 178 681
206 2610 183 680
201 2549 181 683
219 2781 182 679
199 2487 188 682
212 2625 202 677
221 2566 180 684
229 2970 176 682
217 2820 181 679
227 2601 175 684
204 2592 178 683
223 2851 177 683
217 2867 178 680
245 3071 180 679
203 2709 183 677
222 2768 178 681
209 2586 194 680
214 2748 178 682
215 2712 178 682
234 2804 198 675
216 2552 191 681
195 2490 183 684
204 2686 186 676
217 2553 188 680
272 3588 245 673
217 2823 173 685
226 3052 213 675
198 2473 194 686
220 2793 175 684
218 2572 202 678
250 2991 197 675
239 2770 177 683
199 2659 179 681
206 2588 193 679
211 2758 175 685
231 2976 221 674
209 2677 191 679
211 2463 179 693
206 2438 187 686
224 2698 183 679
200 2552 179 687
204 2696 174 687
200 2629 186 682
228 3002 175 682
210 2521 181 694
226 3072 175 683
