102729 600.028
195 2672 188 697
200 2621 190 690
223 2538 187 685
196 2595 187 697
210 2612 182 688
214 2597 178 685
216 2908 173 687
218 2640 177 690
214 2511 188 690
242 3059 183 679
224 2995 176 684
218 3065 218 677
216 2560 184 687
205 2615 186 678
201 2513 184 690
206 2585 178 690
218 2662 175 687
220 2668 173 686
226 3009 180 680
230 2999 178 681
233 3084 176 683
222 3052 174 684
255 3432 186 677
217 2845 183 680
203 2613 178 682
220 2594 190 681
233 3067 183 679
225 2986 176 684
249 2989 183 678
208 2832 185 681
254 2919 175 684
208 2538 180 690
203 2589 183 689
199 2554 195 689
225 2914 197 677
265 3179 186 677
203 2649 173 688
201 2650 178 687
209 2693 183 681
219 2619 177 689
227 2856 192 676
266 3611 173 685
231 2946 175 684
200 2628 182 684
200 2711 186 681
221 2805 177 684
211 2799 180 681
206 2575 184 682
285 3600 175 683
230 2980 175 685
204 2489 176 695
203 2520 194 681
202 2719 173 690
224 2849 185 679
230 3052 202 675
253 3304 181 679
252 3432 189 677
229 2948 176 685
205 2517 187 687
