17187 322.951
198 2617 175 682
206 2338 186 677
197 2301 191 675
208 2352 175 684
194 2484 186 676
201 2406 173 683
197 2359 180 679
203 2367 203 673
188 2329 178 684
185 2349 179 683
190 2409 178 681
191 2502 177 685
213 2491 172 687
190 2536 186 676
198 2443 174 683
190 2356 178 682
195 2424 185 676
192 2382 180 679
187 2407 180 679
199 2526 172 687
205 2299 174 685
204 2398 175 683
213 2325 178 681
196 2394 192 676
188 2332 185 680
198 2300 183 678
198 2423 186 676
193 2337 176 682
196 2418 173 684
204 2339 181 679
196 2314 180 680
192 2364 178 680
196 2351 185 679
192 2336 178 681
203 2335 178 681
191 2391 183 677
193 2482 191 675
194 2305 183 680
190 2488 183 677
191 2251 181 682
201 2341 197 674
195 2368 180 679
196 2445 179 679
209 2544 209 672
195 2383 183 678
199 2439 197 674
207 2303 180 679
193 2292 178 682
207 2298 191 675
194 2326 173 685
199 2351 185 676
215 2537 209 672
197 2478 197 674
187 2319 180 682
202 2361 179 680
205 2371 175 682
208 2369 179 679
222 2306 197 674
207 2335 183 677
207 2336 178 680
197 2311 181 680
187 2418 178 680
197 2291 185 678
195 2328 193 675
199 2375 179 679
205 2510 172 687
202 2294 183 679
196 2259 177 686
195 2325 191 679
198 2381 187 677
216 2331 197 674
204 2300 197 676
203 2539 175 682
195 2527 173 683
189 2401 184 681
214 2352 203 673
