59365 1320.29
180 2104 178 694
181 2041 180 697
193 2133 187 683
201 2237 191 682
176 2063 176 695
181 2111 179 693
206 2223 196 681
187 1978 187 686
177 2043 176 695
196 2012 192 683
191 1957 187 686
185 2014 176 696
192 2063 178 689
185 1955 181 687
191 2040 184 686
190 2041 184 686
188 1971 176 693
181 1977 181 687
191 1964 187 684
191 1961 187 685
188 2064 178 689
198 2044 182 686
181 1968 181 688
187 1989 187 684
186 2027 186 685
186 2020 186 686
183 1955 178 690
182 1960 178 690
184 1965 177 691
188 1961 177 691
187 1945 181 688
189 1959 176 692
185 1948 181 688
205 2203 201 680
190 2003 186 685
196 2013 192 682
