40372 900.167
193 2267 192 687
197 2260 197 686
186 2171 184 693
187 2181 182 694
184 2114 184 694
191 2195 191 688
190 2163 190 690
186 2133 186 691
196 2309 180 693
198 2296 180 692
196 2268 182 690
187 2091 181 697
188 2106 182 694
184 2092 181 697
186 2094 181 695
184 2096 181 695
193 2121 184 693
187 2099 184 694
187 2110 185 693
188 2089 185 693
192 2135 190 690
187 2091 186 691
186 2118 186 692
195 2171 192 687
186 2085 181 698
189 2173 189 690
191 2090 191 689
189 2105 182 694
188 2061 186 691
194 2185 192 687
197 2158 186 690
188 2081 181 695
193 2110 191 688
193 2076 190 690
191 2166 180 694
200 2170 197 686
207 2320 207 684
193 2271 182 690
