138 2.87858
220 2823 188 686
230 2997 201 680
230 2949 187 685
239 2876 187 683
241 3049 185 684
225 2952 205 679
228 2711 181 699
229 2930 181 697
223 2866 184 687
212 2518 182 690
245 3208 215 677
256 3302 207 677
219 2798 212 679
240 2999 217 678
272 3583 180 687
242 3140 183 684
231 3002 186 682
208 2681 185 688
218 2729 187 687
280 3479 182 688
282 3575 183 683
227 2934 222 675
238 3254 210 678
221 2673 191 687
225 2806 201 682
245 3082 198 678
200 2722 194 697
212 2808 198 681
207 2660 192 683
229 2937 192 682
249 3097 189 681
276 3679 204 675
236 3119 200 680
237 2947 192 681
243 3130 212 678
251 3234 211 676
222 2965 177 693
240 3077 183 687
242 3209 196 679
263 3244 195 679
218 2900 194 682
231 3015 219 675
233 2894 177 689
290 3780 186 680
243 3166 198 679
254 3371 189 680
