5456 120.046
245 3177 190 715
255 3537 226 685
215 2736 208 694
228 2929 185 716
198 2455 191 699
200 2429 200 701
235 3132 232 684
199 2204 197 707
202 2508 196 696
200 2198 195 709
202 2112 199 713
216 2328 197 702
200 2117 199 713
207 2242 196 703
197 2228 191 708
221 2802 221 692
202 2120 201 705
209 2273 203 699
198 2479 191 697
205 2198 196 704
212 2267 203 699
201 2136 201 705
197 2170 197 709
222 2802 221 690
207 2187 201 700
202 2126 201 701
202 2122 201 703
200 2162 196 707
202 2157 196 707
197 2176 196 708
192 2120 191 710
196 2119 191 710
209 2186 201 700
204 2114 201 701
191 2138 191 710
208 2516 202 695
201 2160 201 701
