1448 31.2759
185 2362 175 682
184 2515 176 682
182 2379 173 684
182 2363 177 682
184 2241 174 683
189 2190 176 682
185 2235 176 682
182 2237 179 679
188 2256 173 686
180 2152 180 679
183 2183 179 679
186 2186 177 682
187 2223 176 682
182 2166 178 680
184 2137 183 677
186 2153 178 680
180 2194 178 680
187 2242 175 682
191 2170 175 682
194 2256 173 683
183 2139 183 678
183 2129 180 679
188 2271 173 683
183 2169 183 677
185 1923 183 677
189 1884 183 677
185 1862 185 676
191 1875 191 675
197 1903 197 674
209 1970 209 672
203 1930 203 673
