24705 210.049
195 2438 173 685
183 2021 183 677
179 2039 174 683
183 2030 174 683
185 2033 185 676
179 1997 179 679
178 2024 175 683
181 2022 175 683
181 2073 175 682
178 1995 178 680
180 1994 179 679
181 1986 179 679
186 2015 185 676
185 2002 185 678
186 2014 183 677
191 2045 191 675
186 1991 185 678
187 1982 185 678
187 2010 185 676
195 1984 179 679
188 1990 178 680
187 1961 180 679
188 1948 186 678
193 1961 192 677
189 1981 178 680
188 1950 180 679
187 1957 186 678
189 1953 185 678
193 1983 185 676
194 1949 185 678
192 1963 191 677
192 2005 191 675
192 1986 186 676
190 1994 186 676
192 1965 183 677
197 1975 197 674
198 1982 185 676
193 1977 191 675
194 1956 183 677
195 1944 191 675
194 1902 191 677
194 1946 186 676
203 1941 203 673
209 2009 209 672
196 1861 191 677
194 1855 186 678
195 1854 186 678
210 1984 209 672
204 1921 203 673
199 1886 197 674
199 1880 183 677
199 1880 185 676
196 1888 183 677
199 1880 191 675
191 1864 181 680
194 1849 186 679
192 1869 186 679
195 1893 183 677
195 1908 186 676
195 1878 183 678
199 1870 183 678
199 1874 185 677
200 1941 179 679
195 1866 191 677
195 1886 186 677
195 1914 192 675
196 1902 192 675
196 1899 186 676
199 1907 175 683
195 1871 185 678
196 1863 178 680
191 1847 178 681
199 1914 175 682
206 2009 174 683
194 1923 175 683
190 1863 181 682
196 1844 178 681
192 1884 180 679
195 1843 180 680
194 1892 192 677
192 1879 181 679
192 1871 180 680
191 1875 178 680
198 1893 197 676
192 1872 186 678
191 1872 186 679
194 1851 185 679
195 1862 180 679
194 1845 180 680
