137 3.76274
215 2880 190 716
216 2875 189 703
203 2670 193 688
221 2807 191 701
217 2802 192 719
227 2828 185 708
207 2620 200 700
219 2847 186 715
228 2832 186 690
243 2967 205 681
274 3269 232 676
235 2928 182 691
240 2886 223 679
244 3040 198 682
247 3190 178 694
246 3086 187 683
216 2793 207 681
212 2800 201 685
268 3356 197 680
255 3303 196 681
243 3355 176 692
228 2951 210 678
241 3083 192 682
248 2849 177 690
226 2902 207 679
239 3165 199 678
240 3187 197 681
226 2738 189 695
232 3013 205 682
232 3039 202 682
232 3052 194 683
242 3181 201 677
216 2836 196 686
245 3148 180 688
211 2677 197 686
218 2814 187 689
221 2727 189 705
227 2858 183 684
246 3050 192 683
219 2805 189 702
222 2912 183 699
226 2599 192 686
257 3041 195 682
216 2854 191 701
223 2639 197 695
230 2998 182 693
