30168 960.349
102 888 65 383
110 982 73 364
102 944 78 365
100 919 82 363
90 829 63 395
108 972 76 367
97 909 76 374
113 1030 80 359
105 919 64 380
125 1168 87 349
102 917 63 387
99 901 79 370
113 1057 88 350
100 911 81 366
107 1019 79 361
106 997 77 365
99 903 69 376
114 1030 88 349
110 1013 83 355
118 1065 86 350
117 1109 85 352
120 1107 85 352
114 1010 84 354
110 1014 68 372
108 1029 84 354
106 999 72 367
110 1019 80 360
110 993 70 368
106 980 80 361
103 974 84 358
108 1036 84 353
113 1014 54 432
100 914 77 369
102 877 79 372
105 922 68 377
106 960 83 360
107 953 78 362
103 966 85 357
101 924 81 361
99 900 81 369
106 975 83 356
115 1084 86 350
99 852 67 385
104 896 56 433
102 901 84 367
106 955 65 378
103 918 61 392
113 1058 77 362
105 960 71 369
99 918 64 383
104 999 88 351
107 954 72 370
103 931 74 369
130 1226 81 354
97 849 60 413
116 1037 79 360
107 991 64 379
103 974 88 355
99 921 79 362
107 960 60 393
98 933 69 377
116 1026 54 415
101 934 57 408
108 942 57 405
110 1031 82 356
105 942 56 409
98 880 70 372
101 880 69 379
100 937 67 376
115 990 61 388
105 949 55 420
100 945 85 359
100 901 67 382
103 962 83 359
105 956 77 368
99 928 60 395
105 961 76 368
104 969 81 357
96 896 78 372
107 943 66 377
97 908 67 378
105 996 57 404
103 931 56 415
91 868 71 376
95 869 60 398
107 965 81 360
109 1005 86 351
100 929 76 370
97 918 78 366
106 943 58 406
95 884 77 374
105 972 60 391
125 1147 61 386
97 892 61 394
120 1019 60 387
93 840 70 377
99 865 71 375
103 951 64 381
109 962 60 390
107 958 58 405
100 875 68 384
102 962 82 360
94 859 59 407
101 926 69 371
93 839 61 397
95 857 62 389
117 1084 79 358
97 881 67 384
103 955 67 373
111 998 72 366
119 1141 56 406
122 1149 83 352
120 1121 56 407
119 1112 55 412
137 1264 68 371
98 886 68 379
117 1064 66 375
113 1040 65 377
107 955 59 403
102 925 57 410
114 990 67 372
102 940 62 388
104 933 60 394
102 921 82 361
106 905 75 368
92 869 60 400
109 998 59 401
112 1012 71 366
102 946 61 389
98 896 60 396
107 964 63 381
112 962 66 376
104 980 65 379
101 912 64 383
116 1072 88 348
109 986 58 402
99 924 58 422
100 908 56 416
111 1015 85 353
91 846 64 386
112 977 62 382
120 1077 55 412
107 983 77 363
104 961 84 355
135 1244 72 365
106 965 69 370
102 965 55 421
99 888 65 385
100 930 59 405
102 955 62 386
111 997 62 384
109 1028 85 354
105 952 68 375
105 991 86 354
101 894 69 375
107 946 65 379
98 913 77 370
