25977 480.103
94 899 70 487
91 861 68 506
99 896 69 484
97 902 67 501
98 896 67 508
95 891 74 480
96 932 67 499
97 905 67 498
97 920 65 502
95 897 68 482
97 913 68 480
101 938 68 478
102 937 68 478
98 915 66 503
101 918 66 502
103 944 63 494
98 910 63 517
94 863 68 496
102 908 66 502
99 948 63 496
106 1015 63 490
119 1095 65 488
106 969 66 490
99 940 64 493
112 1048 63 489
104 972 73 475
110 1027 67 487
105 935 73 475
96 904 65 507
92 877 68 492
92 864 69 489
104 988 75 474
100 934 66 499
100 933 63 501
94 892 71 485
111 1055 66 488
104 975 64 492
114 1047 62 507
102 908 70 477
103 978 73 475
101 937 66 498
107 968 67 489
108 1014 62 509
105 981 70 476
111 1004 68 477
111 1006 62 518
97 899 75 478
116 1097 77 473
107 1008 62 512
117 1085 62 502
106 929 66 501
98 932 71 477
107 982 75 474
92 849 71 487
93 862 69 495
98 911 71 481
97 912 70 481
100 905 70 481
93 874 68 490
92 863 70 502
95 884 69 485
102 932 63 506
95 882 68 486
119 1116 62 500
102 979 65 489
93 870 68 503
