34006 1020.27
76 703 72 465
76 703 71 466
76 704 72 464
76 703 70 467
76 708 72 463
84 745 68 455
76 703 73 460
76 704 75 459
77 707 75 458
77 706 74 459
76 704 70 466
80 743 68 463
76 704 71 465
80 706 76 449
80 710 76 448
80 705 76 450
77 713 75 455
77 713 70 457
77 713 73 456
77 717 75 454
77 710 72 462
76 710 75 458
84 749 73 447
84 750 75 446
77 718 77 453
77 714 71 456
77 714 72 455
84 745 69 451
84 747 75 447
84 745 70 450
79 718 75 452
79 718 70 454
78 721 70 454
79 719 71 453
78 722 72 452
84 744 77 438
79 719 72 452
78 721 77 450
78 719 75 452
78 719 77 451
81 712 76 446
84 741 76 439
83 730 75 450
78 721 71 453
94 828 70 442
79 707 70 465
82 708 76 447
78 720 75 451
84 746 70 449
84 732 77 440
94 845 89 431
85 739 76 438
94 815 75 439
84 749 71 448
85 741 77 437
84 730 76 441
86 774 79 436
83 739 76 441
79 729 79 449
83 734 77 440
84 745 77 437
86 751 70 443
81 710 76 447
84 745 73 448
85 764 80 435
79 718 72 453
77 704 72 463
83 729 77 441
83 721 76 442
82 723 76 442
83 720 76 443
86 751 69 448
86 751 71 441
87 772 76 437
93 830 74 439
88 756 72 440
86 750 71 442
81 713 76 444
90 811 86 433
87 768 78 436
89 791 77 436
87 781 82 434
78 723 74 451
80 716 76 447
82 709 76 445
82 710 76 444
85 746 71 446
95 862 91 430
