563 20.4066
88 817 72 361
96 864 79 351
94 854 73 359
87 771 64 374
85 780 66 371
90 816 74 358
81 739 70 366
81 717 64 376
94 825 63 375
84 737 66 372
94 833 69 365
81 742 74 360
81 734 72 362
90 855 85 345
84 769 75 358
78 715 67 369
81 740 69 366
81 733 75 360
98 872 77 354
98 887 75 356
89 793 78 353
82 746 70 364
82 731 70 366
78 717 69 367
81 703 60 389
86 760 76 357
88 803 68 367
86 787 77 355
86 766 81 351
81 716 64 378
88 784 84 349
94 897 87 344
87 825 85 348
90 801 60 382
92 821 84 347
83 746 76 358
90 858 84 346
81 719 63 378
95 885 71 362
85 780 75 357
81 711 60 388
85 750 78 355
85 771 64 375
84 731 65 373
81 705 62 385
82 721 61 384
85 758 80 353
84 741 77 356
88 797 65 372
90 797 80 351
86 761 80 352
90 799 85 348
83 747 77 357
94 846 85 345
86 762 78 354
92 829 83 347
94 841 84 346
93 880 88 343
80 728 73 361
81 709 62 379
93 830 85 346
98 866 71 362
88 817 73 360
81 706 62 380
81 716 66 375
85 753 79 354
90 823 66 370
83 738 61 382
86 762 79 353
82 738 63 376
87 770 76 356
89 798 81 349
81 731 72 363
96 881 76 355
81 735 75 359
81 713 60 385
81 734 71 363
87 779 82 350
77 700 68 368
90 802 79 352
82 733 74 359
88 773 77 355
83 750 61 381
90 805 82 348
89 795 81 350
92 837 61 380
