30812 1320.56
76 682 64 373
76 681 63 374
76 675 69 368
80 712 72 359
81 732 77 353
92 831 90 338
91 823 89 339
76 663 65 372
76 663 66 371
75 653 63 380
75 653 61 383
75 653 62 382
76 663 63 375
80 706 71 361
75 653 64 379
76 663 64 374
81 719 79 351
78 675 69 365
94 851 90 337
75 661 65 375
75 661 66 374
76 668 68 369
79 685 69 364
76 663 67 370
77 670 67 367
77 677 69 365
78 687 69 364
83 748 81 348
88 798 87 341
75 666 67 373
82 722 77 353
75 675 67 372
76 677 70 367
76 660 65 375
86 757 84 345
75 653 65 377
74 651 65 380
89 787 87 341
84 737 81 348
89 785 86 342
86 755 83 346
80 725 79 351
85 763 83 346
88 793 86 342
80 720 79 352
76 677 54 399
81 730 80 350
78 693 74 357
87 789 86 343
90 784 86 342
77 673 74 362
82 719 80 350
73 641 63 387
73 641 62 388
87 754 83 346
76 673 72 363
77 680 75 357
82 717 79 351
78 687 76 356
77 678 74 358
77 672 72 363
78 703 77 354
77 677 74 359
77 672 68 366
76 658 66 375
74 635 56 393
79 713 78 353
74 634 60 386
74 630 55 396
78 677 56 392
74 635 55 394
74 630 57 391
82 736 81 349
74 630 58 390
78 690 76 355
76 680 74 359
72 628 56 398
72 628 55 399
74 629 57 393
77 674 71 362
76 664 71 365
74 630 60 387
74 630 59 388
72 628 57 396
75 653 60 384
83 716 79 351
83 727 81 349
77 675 70 363
75 654 61 377
77 674 72 361
72 628 58 395
75 654 60 378
80 702 68 365
78 678 73 359
74 629 58 392
77 675 72 360
75 654 62 376
76 681 74 358
76 678 72 361
76 681 73 360
73 634 58 394
81 712 78 352
85 758 74 356
87 772 84 344
74 656 67 379
74 630 61 385
81 710 73 358
80 698 70 362
77 691 76 356
72 632 54 401
88 777 86 343
80 701 78 353
74 633 64 382
74 633 62 383
74 640 58 389
72 624 59 397
72 624 58 399
72 624 57 400
74 635 66 380
74 635 64 381
72 624 55 403
72 624 56 402
79 687 74 357
74 633 66 381
86 750 74 356
76 670 72 364
79 691 77 354
79 689 76 355
74 629 56 395
74 626 58 396
79 686 76 356
74 626 57 397
74 635 63 382
74 626 55 400
74 630 62 384
85 766 84 345
87 772 72 358
72 627 60 392
81 709 71 360
74 626 61 393
87 749 74 356
93 823 90 338
95 843 90 337
85 750 78 351
81 705 66 367
72 627 62 391
74 626 56 399
73 631 60 391
73 631 62 390
80 697 75 356
73 628 66 389
72 625 66 392
73 632 66 388
72 627 64 390
82 712 68 364
72 628 59 393
77 666 65 369
77 666 66 368
77 666 64 371
77 666 63 372
77 666 61 375
74 626 59 394
77 666 62 374
80 688 76 355
75 645 69 378
72 624 60 395
90 794 88 340
72 624 62 394
92 809 90 339
83 720 67 365
74 640 71 378
92 814 88 339
72 624 64 393
85 744 82 347
75 640 69 379
75 645 67 379
95 835 91 337
97 855 91 336
93 815 91 338
89 784 85 343
84 755 82 347
81 719 62 373
76 664 62 375
73 631 64 389
80 707 64 370
83 742 82 348
81 714 68 364
87 764 85 344
78 673 60 377
74 629 59 390
86 764 76 353
94 837 91 337
76 625 59 396
92 817 91 338
76 625 55 400
84 736 79 350
96 857 91 336
91 811 90 339
76 625 57 397
81 712 70 361
82 722 73 357
82 728 67 365
81 713 75 355
82 720 76 354
86 773 85 344
74 629 61 389
81 708 67 366
86 760 80 349
88 779 82 346
80 705 69 362
86 754 84 346
