173175 2640.4
74 663 72 360
74 666 73 359
79 715 78 352
88 801 87 341
86 783 85 343
71 620 65 372
76 668 60 377
75 674 73 358
74 667 72 359
71 624 63 377
70 622 67 373
71 620 63 378
70 625 65 374
70 622 68 372
73 642 71 362
75 664 74 358
72 633 70 364
71 637 62 377
72 637 69 364
72 637 70 363
70 618 65 376
74 653 73 360
70 618 66 374
71 624 66 371
73 646 70 362
77 697 76 354
80 708 79 351
80 728 79 350
78 709 77 353
73 644 72 361
75 660 62 373
72 637 67 367
72 629 61 379
76 681 75 356
83 740 82 347
85 756 84 345
73 635 60 379
71 634 68 366
71 628 64 374
71 617 67 371
73 621 61 375
73 607 66 371
71 620 68 367
75 664 69 362
72 616 67 368
73 625 65 369
71 622 67 368
71 612 64 375
71 602 65 373
76 658 69 362
73 634 69 363
73 629 68 364
73 626 66 367
72 605 63 376
72 607 63 375
72 607 64 374
72 605 64 375
72 609 66 371
72 611 68 369
72 605 61 380
72 605 62 379
73 617 60 383
72 609 67 370
86 749 84 344
84 729 82 346
87 755 85 343
77 656 69 362
74 630 71 361
75 641 72 359
74 626 60 382
74 634 60 381
72 612 66 370
73 626 70 363
73 615 67 367
73 618 69 364
74 627 70 362
73 610 67 369
73 611 66 370
73 610 62 377
75 632 60 380
73 611 64 372
77 644 60 377
75 636 60 378
73 610 65 371
73 610 60 385
74 617 61 378
73 612 66 369
73 613 66 368
88 762 86 342
90 794 88 339
76 637 73 359
82 704 80 349
74 625 68 364
74 624 66 367
74 625 69 363
74 632 70 361
78 650 75 356
77 640 74 358
76 662 73 357
77 661 65 368
72 614 64 370
72 617 63 373
72 618 66 368
72 613 62 374
76 653 62 373
72 614 68 365
75 641 71 360
74 619 71 362
73 613 68 366
74 619 70 363
77 649 73 357
75 643 67 365
72 606 69 367
73 617 63 372
73 619 67 366
77 643 62 373
79 678 72 358
76 639 71 360
78 676 74 356
91 771 88 339
87 731 84 344
93 791 90 337
96 796 94 335
93 777 91 337
93 768 91 338
92 763 90 339
92 772 90 338
95 788 93 336
95 797 93 335
96 804 94 334
89 737 87 342
94 807 93 335
94 793 91 336
99 823 97 332
98 815 96 333
98 833 97 332
97 825 96 333
92 787 91 337
95 814 94 334
89 757 88 341
88 747 87 342
93 804 91 336
89 764 88 340
91 784 90 338
101 840 99 331
100 850 99 331
102 847 100 330
101 857 100 330
89 759 87 341
74 628 72 361
76 642 74 358
81 693 79 350
78 668 76 354
77 656 75 356
77 659 75 355
80 670 78 352
75 626 72 361
76 625 72 361
75 621 73 361
77 641 75 357
76 625 74 360
79 658 75 355
78 652 76 355
72 605 65 372
74 612 71 364
74 611 67 368
73 610 69 365
75 615 73 362
73 613 70 364
72 598 67 371
73 608 68 370
75 628 73 360
76 630 74 359
75 614 72 363
83 702 81 348
76 643 73 358
75 631 72 360
75 629 71 361
77 634 75 358
78 639 74 358
78 639 75 357
78 642 76 356
77 641 73 358
79 652 77 354
79 649 76 355
86 710 84 345
79 649 75 356
81 665 78 352
86 710 82 346
80 660 78 353
86 708 84 346
85 711 82 346
90 745 88 341
90 748 88 340
90 747 87 341
89 745 86 342
88 728 84 344
88 728 85 343
87 717 85 344
83 684 81 349
77 644 74 357
83 690 80 349
84 693 82 347
82 676 79 350
79 662 74 356
79 663 76 353
82 674 78 351
81 668 79 351
79 662 76 354
84 691 81 348
81 678 78 351
