173709 1080.07
105 970 83 462
131 1143 68 430
113 1045 62 499
124 1111 60 464
106 1006 77 464
132 1113 62 450
109 966 74 465
107 998 67 471
118 1095 61 455
119 1103 68 435
114 1036 60 499
121 1116 79 426
105 1000 67 491
109 960 84 477
123 1156 62 449
107 975 82 477
129 1219 61 452
123 1119 69 428
114 1092 82 422
121 1093 64 446
137 1198 76 417
111 985 67 438
136 1253 56 488
114 1045 62 480
127 1082 60 474
118 1048 64 449
122 1102 79 431
123 1168 64 444
134 1280 56 456
129 1183 75 422
115 1025 60 477
121 1103 62 451
126 1141 57 466
106 990 75 489
141 1285 62 436
133 1253 68 429
164 1509 61 451
114 1067 65 458
108 986 68 459
116 1069 68 437
131 1184 73 427
129 1088 60 469
121 1094 66 442
137 1143 66 439
114 1063 64 468
111 1022 64 470
115 1061 63 448
113 1057 75 435
142 1316 74 421
133 1231 60 452
131 1079 62 458
128 1121 60 454
