32127 1440.57
79 740 75 357
72 669 71 373
84 753 74 356
72 663 69 374
82 726 77 356
72 662 68 375
81 735 80 352
83 754 74 356
82 755 82 348
77 681 64 371
82 746 80 350
83 752 82 348
77 683 62 374
82 744 76 354
83 741 72 359
83 744 71 360
81 736 79 352
81 738 80 351
83 743 76 354
83 743 80 350
81 734 78 353
82 731 69 363
82 725 75 357
71 658 68 376
82 730 67 366
71 643 54 415
81 739 69 363
71 643 59 388
82 730 73 358
77 678 70 364
70 630 56 407
77 682 70 363
81 726 75 357
71 662 67 376
71 669 68 375
89 816 89 339
81 734 76 355
70 632 60 389
76 672 58 389
70 632 59 390
77 688 73 360
72 652 57 395
81 744 81 350
70 632 63 382
81 745 81 349
70 632 62 384
76 672 55 396
82 755 80 349
72 665 60 386
72 658 61 384
70 632 64 381
76 671 57 391
77 683 72 361
77 683 71 362
79 703 72 360
82 739 65 369
74 635 60 383
74 636 63 375
74 636 62 376
74 638 63 374
83 753 82 347
74 641 65 372
83 756 83 346
70 622 60 394
70 632 61 385
75 673 67 367
74 635 63 378
81 734 73 358
74 635 62 379
77 682 60 377
73 638 60 386
74 638 64 373
74 636 64 374
82 744 77 353
70 630 55 408
73 638 59 387
75 668 71 364
72 653 58 394
71 642 56 405
73 643 63 381
81 727 77 354
84 759 84 345
74 650 67 369
81 727 75 356
73 638 62 383
77 685 69 364
74 650 63 373
77 685 68 365
72 657 67 376
73 643 58 394
73 643 57 395
70 624 57 398
70 630 63 389
73 637 61 384
73 653 65 370
73 653 66 369
82 744 72 359
79 684 68 365
74 635 64 377
79 684 69 364
70 623 58 397
74 644 62 375
70 641 67 377
74 644 61 376
70 633 60 387
70 637 66 378
74 655 58 392
82 750 70 361
74 644 60 378
73 654 63 373
80 714 76 357
79 710 74 358
82 735 80 351
74 653 69 367
79 684 66 368
73 654 69 367
77 685 66 368
85 755 83 346
74 663 68 367
73 653 67 368
70 632 65 379
76 670 58 390
81 743 79 351
74 636 61 377
77 695 74 359
78 694 74 359
76 670 56 392
70 622 59 395
72 634 56 404
75 673 69 365
73 649 63 375
75 651 68 368
76 683 70 364
79 716 76 357
85 763 85 344
74 635 61 380
82 745 71 360
74 636 65 373
90 827 90 338
72 634 55 405
74 653 56 397
96 858 95 334
73 654 70 366
74 663 71 365
76 685 73 362
88 807 88 340
74 626 61 385
71 619 61 392
74 622 61 388
71 639 54 420
74 639 66 372
74 625 61 387
74 656 55 397
75 669 58 391
74 654 55 399
70 620 61 392
81 730 79 353
74 636 60 379
74 625 60 388
72 635 57 397
73 644 64 372
74 654 54 400
71 619 63 390
74 654 57 394
87 759 85 344
82 737 78 352
74 654 56 396
77 693 71 361
83 739 81 350
69 638 62 384
82 740 79 351
74 622 62 387
82 740 81 350
74 630 61 384
82 727 76 355
89 800 88 340
83 739 79 351
82 731 79 352
83 737 77 353
83 752 80 349
74 626 62 384
69 638 63 382
74 677 55 394
74 676 57 391
71 625 63 389
70 620 63 390
91 799 88 340
74 675 58 389
74 626 60 386
72 673 57 394
79 705 73 359
70 620 62 391
71 620 65 389
74 654 58 393
71 619 62 391
69 638 61 388
86 786 86 342
72 673 58 392
71 631 63 382
90 785 86 342
73 649 66 370
71 631 65 381
77 686 70 362
75 674 72 363
73 645 65 371
75 668 69 366
69 638 64 381
74 676 56 392
95 827 93 336
90 799 90 339
92 798 90 339
72 674 55 397
73 673 58 391
89 789 89 340
88 783 88 341
91 809 90 338
93 829 90 337
93 828 93 336
89 790 87 341
73 658 54 400
87 770 87 342
93 808 90 338
86 766 86 343
91 789 87 341
73 660 57 394
88 765 86 343
95 828 90 337
72 671 55 399
94 838 93 335
73 659 55 397
92 823 91 337
69 641 65 379
72 672 56 396
89 769 87 342
96 837 93 335
71 652 59 387
94 822 91 337
92 802 89 339
69 643 61 385
90 803 89 339
85 769 81 348
91 788 89 340
86 777 75 355
74 622 60 389
81 730 74 357
75 665 70 365
72 672 54 400
85 765 84 344
73 657 58 393
92 819 92 337
73 660 58 392
87 763 84 344
95 828 92 336
93 829 92 336
75 675 55 394
74 625 63 386
94 818 92 337
99 863 96 333
90 782 88 341
101 932 72 358
73 657 55 399
97 864 96 333
88 787 78 351
72 673 56 395
72 622 63 389
73 655 56 395
98 853 96 334
82 729 78 353
75 671 68 366
96 854 96 334
