902 30.0292
150 1325 84 511
127 1183 82 554
141 1235 82 540
135 1286 78 603
136 1233 72 565
135 1211 84 536
158 1315 77 555
125 1145 97 571
150 1342 80 540
139 1317 70 569
136 1285 82 540
149 1360 74 524
157 1412 91 506
143 1316 78 562
148 1275 80 562
173 1433 87 508
162 1458 69 534
135 1225 87 520
141 1285 79 549
133 1259 92 528
156 1392 83 523
133 1258 96 540
139 1243 84 529
148 1337 74 561
137 1203 85 530
149 1352 76 544
126 1169 92 542
132 1272 83 544
151 1406 87 509
150 1324 94 502
179 1618 80 502
146 1403 76 562
130 1173 89 586
152 1393 81 514
148 1355 78 553
