4529 169.696
111 927 58 430
105 904 58 458
99 885 59 432
101 930 58 461
98 886 59 455
93 842 60 405
97 816 60 399
94 795 61 389
89 818 61 391
94 829 62 386
93 873 60 384
110 966 58 422
95 824 62 387
93 804 63 384
109 940 56 429
88 806 64 381
104 932 58 427
91 790 66 379
89 850 60 390
107 965 57 430
109 977 57 428
110 1006 58 416
91 846 61 383
88 809 65 375
91 863 63 378
110 979 57 419
100 907 59 419
99 929 59 414
88 807 63 382
101 912 59 415
89 822 64 378
93 867 62 382
107 939 58 423
99 938 92 340
110 1023 96 337
107 952 62 374
87 769 69 371
86 780 69 371
92 804 73 359
103 929 93 339
85 765 71 367
100 912 91 343
93 853 74 357
97 857 67 366
97 871 69 363
101 911 89 343
105 913 88 343
87 799 67 369
100 880 83 348
95 812 71 362
91 805 74 360
87 783 70 370
98 851 72 359
101 927 89 342
99 900 90 344
95 845 62 377
91 804 71 364
102 921 92 340
94 855 86 348
94 841 64 373
90 820 69 364
90 808 70 363
104 942 90 341
101 933 92 341
94 825 63 376
100 933 89 343
88 806 79 357
102 930 68 364
97 912 86 345
88 804 70 365
100 937 63 372
95 813 80 353
90 791 78 358
96 861 63 373
100 913 88 344
92 830 66 368
108 994 95 338
97 843 62 376
96 904 90 345
95 862 62 375
102 914 87 343
94 841 60 379
96 802 86 351
101 947 87 343
95 853 65 369
101 912 63 372
93 815 65 371
89 797 66 369
85 783 70 374
89 808 82 354
95 865 72 359
89 805 78 357
98 897 84 345
92 837 74 358
95 869 61 378
95 881 81 350
99 896 86 345
96 881 83 346
95 895 83 347
94 860 83 349
89 807 74 361
95 856 64 372
87 785 67 371
92 831 64 375
88 818 71 362
86 768 72 364
91 805 69 365
98 886 64 371
92 829 79 354
85 789 70 369
87 808 76 359
88 782 67 370
90 794 73 362
86 775 75 360
91 843 68 366
104 943 66 367
90 827 76 355
92 807 71 363
93 780 70 368
93 855 84 349
92 814 75 357
92 814 65 373
84 777 79 361
91 851 79 352
88 803 67 368
88 802 77 359
86 777 71 366
89 821 65 370
90 808 69 365
96 888 78 352
88 803 66 369
88 817 74 360
94 844 74 357
87 810 70 367
93 854 68 365
96 825 72 360
101 910 87 344
89 831 79 353
98 920 86 344
95 798 68 367
94 843 80 351
99 869 75 356
89 811 72 361
89 817 83 353
101 887 81 349
92 862 78 353
86 790 71 365
89 803 67 367
90 840 80 352
90 870 75 356
87 828 74 359
92 813 71 362
95 872 70 362
95 827 68 365
91 823 74 359
91 850 83 350
91 869 79 351
84 774 72 363
84 768 74 362
87 795 72 362
96 889 82 348
91 815 76 358
89 815 71 361
88 807 77 357
93 844 88 347
89 805 69 366
91 837 80 352
90 830 79 354
89 825 76 358
93 824 81 351
93 834 78 353
95 871 84 347
92 871 85 348
89 839 83 351
96 886 77 353
96 848 82 350
98 886 78 352
85 788 71 366
90 812 79 355
86 807 78 357
90 816 74 360
94 871 73 358
90 808 82 352
90 823 86 351
90 825 77 355
89 848 84 350
96 863 80 350
95 900 80 350
88 821 78 356
88 786 80 355
96 893 81 348
88 818 73 360
95 873 82 350
89 793 75 359
90 836 77 354
93 821 80 353
89 796 77 358
92 842 72 360
101 936 75 355
88 841 72 361
89 814 78 355
91 819 75 357
98 884 82 349
90 809 77 356
