522 19.5875
87 790 65 371
95 878 71 362
86 748 76 359
87 812 63 374
93 832 77 355
91 853 82 349
81 756 59 389
82 747 58 393
85 736 73 361
86 793 61 378
82 765 56 402
83 783 60 379
82 739 57 394
86 799 72 361
82 745 60 381
90 833 75 357
96 849 80 351
85 785 74 359
92 892 85 345
84 789 74 359
85 764 60 379
84 801 80 355
86 773 66 370
83 740 56 398
80 717 66 371
83 775 77 357
83 775 75 358
84 738 64 374
87 754 55 403
93 841 66 369
87 828 76 356
82 760 68 366
90 833 85 346
82 752 75 360
83 745 73 361
82 773 79 356
85 758 55 402
81 750 58 393
82 780 76 358
83 771 55 405
86 811 73 360
89 771 77 357
93 887 88 342
88 817 79 352
80 699 60 384
89 824 84 347
79 709 60 384
83 762 75 359
93 871 57 392
90 863 82 349
84 778 70 363
82 753 68 367
85 792 79 355
93 854 78 353
87 819 79 352
80 692 66 374
83 747 67 370
84 761 54 408
91 870 80 351
84 797 83 354
88 819 83 348
84 752 72 362
85 813 78 355
83 762 67 368
83 763 71 363
88 809 83 349
90 810 79 353
79 686 61 380
93 851 82 349
83 723 65 372
85 740 60 382
87 782 54 407
87 808 73 359
94 807 56 396
92 894 86 344
86 814 81 353
92 827 61 377
81 753 56 405
85 809 80 354
88 808 81 350
80 683 63 376
82 738 68 368
94 878 85 345
84 771 74 360
80 684 63 375
82 740 70 364
87 769 58 391
87 797 78 354
88 782 63 374
92 874 87 343
80 689 62 376
84 771 76 358
86 815 81 351
93 866 84 346
93 859 88 344
84 773 76 357
93 869 86 344
83 761 78 357
87 770 61 378
91 814 56 396
91 847 86 345
92 859 82 348
79 743 59 391
81 749 57 403
80 751 58 393
86 786 55 401
87 778 64 373
91 819 75 357
84 798 83 353
93 841 55 398
83 794 74 359
87 791 78 355
89 851 77 355
90 793 55 399
82 741 69 365
91 839 77 355
96 894 88 341
79 684 62 377
82 774 74 360
84 785 77 356
85 792 55 400
