105713 3300.9
79 678 62 456
80 679 63 452
79 678 63 454
79 682 62 453
79 676 62 458
80 682 63 449
79 676 63 457
80 677 63 455
79 679 62 455
78 667 70 440
79 684 62 452
82 723 66 436
80 688 64 445
81 706 65 440
81 711 67 435
81 704 64 441
84 681 68 436
81 707 68 433
79 671 67 438
79 672 65 443
78 670 68 437
78 670 66 441
78 671 64 446
78 670 67 440
78 670 69 436
81 695 62 450
81 704 66 439
78 671 65 445
78 671 70 431
98 857 91 409
79 667 70 430
80 683 70 428
79 668 69 431
78 666 73 424
78 666 72 426
78 666 71 427
79 668 70 429
79 678 71 425
81 691 70 427
81 688 69 430
79 676 72 424
79 676 73 423
81 715 65 439
81 715 64 440
86 776 84 412
95 849 93 408
80 674 73 423
79 673 74 422
79 678 75 420
87 780 81 412
80 678 73 422
86 744 68 429
80 689 76 418
88 776 86 411
86 723 67 431
81 703 73 418
81 703 74 417
82 710 71 423
79 676 74 421
83 715 72 420
88 761 77 412
87 780 86 410
83 714 70 423
81 697 76 414
82 714 77 413
80 682 75 419
81 696 75 415
81 705 66 438
83 713 71 421
88 728 66 432
89 771 78 411
