34098 1080.58
82 731 76 456
82 747 78 452
83 737 80 443
83 741 80 442
83 742 82 441
83 742 79 443
83 748 79 435
84 759 79 431
84 739 79 435
84 736 79 436
84 736 78 437
84 733 79 437
84 733 77 438
85 730 71 455
85 741 79 432
85 739 78 433
85 747 80 430
84 730 76 442
85 731 67 466
84 730 77 441
84 740 70 460
85 745 79 431
84 735 67 469
92 804 76 439
97 845 78 432
84 730 67 470
85 737 70 459
84 729 66 473
86 755 81 429
86 762 84 427
82 747 80 451
85 756 82 428
86 770 82 427
86 768 80 429
88 781 86 425
83 731 73 448
87 771 86 426
85 739 71 450
90 809 87 424
84 742 78 433
84 734 75 441
83 744 77 438
85 755 72 449
85 728 67 468
83 723 72 452
88 779 81 428
83 722 72 455
84 731 79 438
93 830 73 447
83 722 73 451
85 738 74 445
83 723 71 456
83 727 74 447
83 727 75 446
83 724 76 447
102 923 101 416
92 820 91 422
87 765 69 459
84 726 74 447
86 772 70 458
90 809 89 423
85 754 74 443
96 862 96 419
83 722 75 448
84 729 77 444
83 730 77 444
87 775 84 426
83 722 74 449
84 732 71 453
83 718 70 464
90 805 89 424
84 731 77 439
84 747 79 432
83 719 72 459
83 718 71 462
83 721 70 461
83 719 73 458
84 725 75 446
83 727 76 445
84 731 76 440
83 721 69 463
83 722 68 464
83 721 74 457
84 730 75 443
