22338 1020.81
85 773 58 390
69 643 61 387
69 642 59 390
69 642 58 392
70 641 59 390
70 641 58 392
69 636 55 398
70 641 60 389
70 641 61 388
69 642 57 393
69 642 60 389
71 632 59 390
69 642 61 388
71 635 57 393
71 632 58 392
71 655 59 388
69 615 57 398
69 615 58 397
71 632 60 389
69 627 58 395
70 645 58 391
71 632 61 388
69 615 56 400
71 625 56 397
69 632 56 397
70 641 57 393
69 629 61 390
69 632 57 395
71 622 60 392
69 632 58 394
71 622 61 391
70 625 60 392
70 625 59 393
69 634 55 400
71 645 61 384
73 636 62 378
73 636 61 379
73 636 64 376
71 645 60 386
74 639 63 376
74 639 62 377
73 636 63 377
74 639 64 375
69 633 55 403
74 639 67 373
73 636 65 375
70 629 60 391
71 654 62 383
74 639 65 374
72 637 60 388
69 626 59 393
69 626 60 392
71 625 61 390
70 650 64 385
70 618 60 394
70 625 58 395
72 642 62 385
71 626 60 391
72 633 64 387
79 722 78 355
70 636 64 387
69 626 61 391
80 728 77 355
69 639 62 389
70 639 62 386
71 643 60 388
69 630 59 392
69 630 60 391
82 754 82 350
69 640 62 386
80 734 80 353
70 644 60 388
82 754 80 351
92 842 92 337
77 706 77 357
70 626 61 390
91 827 88 340
91 827 89 339
73 636 60 380
88 797 86 343
89 807 86 342
73 676 67 367
70 612 58 397
83 747 81 350
69 615 64 392
70 612 57 398
71 618 56 399
70 608 56 402
82 740 81 351
70 608 57 400
71 618 55 400
70 626 57 396
71 618 57 397
69 627 64 388
71 635 64 385
82 732 80 352
71 620 59 393
71 620 58 394
71 620 57 395
70 625 55 400
70 625 56 399
71 635 62 386
72 677 65 380
71 667 64 381
81 743 80 352
71 667 63 382
82 729 78 354
72 666 64 381
90 822 90 339
74 645 65 371
70 625 57 397
70 627 57 395
94 862 93 335
87 792 87 343
70 612 62 393
78 628 55 398
92 833 91 338
94 853 92 336
88 796 84 344
86 788 80 349
78 713 78 356
84 755 80 350
93 859 92 336
72 639 64 384
90 813 89 340
83 745 79 351
87 783 86 344
88 800 87 342
86 789 86 344
79 723 79 354
89 819 89 340
70 627 58 394
85 770 84 346
82 728 80 353
86 777 84 345
81 730 79 353
73 654 62 374
71 634 61 387
93 848 93 336
69 615 62 393
87 791 82 347
95 855 93 335
90 805 89 341
83 749 82 349
93 835 92 337
73 648 64 372
83 739 79 352
88 785 87 343
93 849 90 337
91 815 90 339
84 760 83 347
83 745 82 350
89 807 87 341
91 836 90 338
92 834 90 338
72 664 63 382
94 842 93 336
86 765 85 346
83 735 78 353
69 608 59 395
74 645 66 370
73 642 66 371
71 628 59 392
73 642 65 372
83 739 81 351
85 751 80 350
79 713 67 365
72 641 56 395
73 653 61 375
74 663 62 373
73 636 66 374
87 773 86 345
84 754 82 348
84 754 81 349
74 662 67 366
73 642 63 374
74 645 64 372
75 661 67 366
73 642 64 373
71 619 54 403
75 673 66 367
86 779 70 361
74 654 67 367
73 651 65 369
85 785 70 361
81 718 79 354
73 651 63 372
73 651 64 371
80 716 65 368
80 714 73 358
73 644 60 377
96 864 95 334
82 724 77 355
71 630 66 387
74 646 62 374
74 662 64 370
73 651 66 368
74 670 70 364
80 714 71 360
95 872 95 334
86 773 72 358
97 871 96 333
91 813 60 376
96 876 96 333
74 661 68 366
75 673 69 363
80 714 69 362
71 621 62 389
74 664 68 365
72 629 55 398
74 642 54 401
76 685 72 360
84 773 74 356
79 713 75 356
80 730 75 355
74 645 63 373
70 622 62 389
81 740 78 353
77 702 74 358
81 729 75 355
75 666 68 364
73 643 61 376
74 662 69 365
70 622 64 388
85 759 81 348
75 675 71 361
80 730 77 354
73 642 62 375
73 641 62 377
78 708 75 357
70 624 61 391
79 720 71 360
75 668 70 363
82 745 78 352
79 713 74 357
85 764 76 354
82 741 77 353
75 672 71 362
85 778 78 351
73 660 69 366
70 620 64 389
75 673 70 362
86 774 83 346
77 691 72 359
72 618 64 389
76 652 59 388
