86026 1770.68
102 877 70 437
83 724 64 462
83 719 64 465
84 758 70 440
89 784 70 439
82 744 68 449
89 795 70 438
85 749 70 440
83 752 73 432
83 748 71 435
83 766 74 430
83 734 68 449
82 747 72 433
80 711 70 447
80 710 68 450
80 711 72 444
80 710 67 451
80 710 69 448
80 711 71 445
80 710 72 446
85 747 71 434
82 746 72 434
80 710 71 447
82 758 73 432
80 711 74 442
80 730 71 441
80 711 73 443
80 730 73 437
79 720 74 437
80 718 72 439
80 717 74 437
80 714 66 455
80 713 66 456
80 709 67 454
80 709 68 453
85 751 80 427
86 754 82 426
80 709 69 451
79 708 69 455
80 718 73 438
85 751 75 429
80 709 65 459
84 757 75 429
80 709 70 450
84 752 73 431
84 757 77 428
84 756 80 427
79 708 67 460
84 757 73 430
84 760 82 426
80 709 66 458
94 844 75 418
79 727 76 436
88 791 71 433
85 755 77 428
86 754 77 428
84 741 75 432
88 778 67 450
84 749 78 428
85 747 78 428
79 708 72 452
82 725 78 434
81 715 74 436
81 715 73 437
81 715 72 438
81 719 76 435
80 718 74 436
80 714 74 440
96 867 71 431
80 709 72 448
81 717 70 441
84 741 80 429
84 734 80 433
87 772 72 427
88 779 75 420
89 806 73 421
86 769 73 422
86 768 73 423
81 720 71 439
85 744 75 431
86 768 74 421
84 746 76 431
85 775 74 421
85 773 74 422
81 720 69 442
85 773 73 423
85 775 73 422
84 735 80 432
84 742 73 432
84 741 78 431
89 789 75 419
80 714 73 441
85 750 73 430
84 739 72 434
84 779 76 422
87 800 76 415
89 818 76 414
84 737 73 433
95 850 78 412
85 776 76 417
87 778 76 416
86 768 76 417
83 725 73 436
86 803 76 415
