904 30.027
146 1330 90 509
145 1347 73 559
142 1313 74 529
146 1351 75 524
133 1170 91 523
131 1209 82 553
133 1224 81 512
153 1315 72 571
158 1420 71 553
157 1433 71 554
196 1787 69 595
162 1417 90 494
161 1525 92 494
135 1240 78 533
144 1315 78 517
130 1225 84 555
129 1247 81 562
130 1223 88 546
139 1282 77 526
147 1396 72 530
137 1230 75 533
136 1285 79 523
128 1185 82 559
151 1390 100 507
157 1407 79 514
132 1186 84 528
128 1147 99 547
131 1182 79 579
148 1408 77 503
144 1337 72 600
123 1161 91 533
136 1271 76 559
145 1285 80 514
148 1395 73 526
131 1158 105 518
148 1391 102 475
170 1448 74 517
132 1259 80 547
150 1344 71 599
