1187 45.5963
87 796 63 374
80 716 65 371
96 843 69 364
96 877 77 353
78 700 66 371
92 830 73 358
92 836 90 341
77 690 65 373
92 833 87 343
77 688 64 374
78 698 64 373
92 831 89 342
86 757 77 355
87 786 87 346
78 698 65 372
77 688 63 375
86 776 86 348
77 688 62 376
87 783 84 348
77 686 60 381
85 766 85 349
87 775 77 354
91 808 81 348
85 765 81 351
85 765 80 352
90 796 71 361
77 686 61 380
90 799 87 345
85 755 80 353
94 832 66 369
77 686 62 378
90 795 86 346
82 720 77 357
85 760 77 355
95 841 64 372
90 798 81 349
90 797 80 350
85 759 79 353
90 810 89 343
91 803 88 344
91 806 89 343
85 757 68 366
90 804 85 346
90 799 84 347
77 670 67 368
89 783 87 346
90 795 83 348
91 809 87 344
84 738 77 356
79 689 71 363
86 761 76 355
79 689 73 362
80 716 66 370
84 739 78 355
90 804 88 344
79 692 72 362
86 759 84 350
87 767 83 350
85 763 82 351
88 781 84 348
85 757 78 354
85 761 84 350
92 797 81 349
87 782 81 350
88 773 77 354
82 725 76 357
93 825 89 342
93 822 85 345
90 795 82 349
84 738 75 357
92 829 84 345
88 782 75 356
90 805 86 345
90 810 81 348
77 672 70 365
92 824 88 343
77 678 60 385
92 825 83 346
90 806 83 347
77 670 72 364
82 721 73 359
91 804 86 345
87 777 85 348
91 809 84 346
77 678 62 382
85 755 83 351
93 827 84 345
79 688 69 365
77 678 61 384
86 755 82 352
82 718 72 360
77 669 71 365
82 719 75 358
81 716 76 358
85 753 83 352
82 718 74 359
87 775 84 349
91 805 83 347
92 825 86 344
79 695 75 360
77 683 63 379
77 683 62 380
77 668 69 366
79 689 74 361
90 814 90 342
77 682 63 380
77 680 63 381
93 839 75 355
90 795 85 347
92 824 85 345
87 775 79 352
81 709 72 361
84 745 79 354
94 847 92 340
81 710 75 359
87 781 86 347
90 811 87 344
81 709 71 362
93 821 88 343
78 680 71 364
84 738 74 358
93 836 93 340
83 723 70 363
80 701 73 361
90 810 84 346
83 735 79 355
89 795 79 351
89 776 78 352
94 826 92 341
93 824 86 344
77 683 64 378
85 756 81 352
88 771 84 349
77 682 64 379
87 775 80 351
92 827 92 341
77 674 73 363
90 805 82 348
77 668 68 367
95 856 93 339
89 797 89 345
87 775 82 350
91 796 89 345
80 716 61 379
89 767 77 354
82 725 78 356
87 765 85 349
87 776 83 349
93 833 90 341
79 688 70 364
99 875 77 353
91 801 85 346
78 684 74 362
80 704 76 359
87 783 74 357
86 753 78 353
88 772 85 348
93 827 87 343
77 682 65 377
86 771 83 350
84 742 76 356
119 1060 87 342
81 711 73 360
100 893 67 367
86 764 80 352
101 923 86 343
115 1005 90 340
106 949 88 341
