85640 1380.36
115 980 59 415
99 868 97 332
97 869 97 332
77 602 63 372
71 618 61 378
72 613 60 379
102 805 94 335
96 863 96 333
98 862 96 333
94 737 83 346
101 802 93 336
99 783 92 338
82 612 70 364
94 852 94 334
100 799 88 339
86 800 86 342
80 744 80 349
77 710 77 353
71 648 71 362
93 835 93 336
90 828 90 338
88 823 88 339
99 781 90 339
78 616 68 364
93 847 93 335
98 777 86 342
96 757 84 344
72 657 72 361
94 819 94 336
98 779 87 341
90 709 78 351
88 802 88 340
88 700 76 353
87 694 74 356
84 764 84 345
83 617 72 363
82 631 71 361
79 713 79 351
77 604 60 376
75 686 75 356
71 634 70 365
71 626 69 366
71 622 68 369
71 619 60 379
90 843 90 337
84 779 84 344
81 745 81 348
73 667 73 359
94 759 85 343
89 720 80 349
80 637 67 365
80 637 65 368
77 607 66 367
77 606 64 370
77 605 62 373
77 603 61 377
74 677 74 358
71 620 67 371
71 618 66 373
71 618 65 374
71 618 64 375
71 618 63 376
71 618 62 377
100 785 93 337
97 763 90 340
91 846 91 336
91 688 82 350
88 662 76 355
87 797 87 341
86 633 76 359
85 777 85 343
82 762 82 346
81 619 73 362
79 732 79 350
76 697 76 354
75 694 75 355
74 682 74 357
72 663 72 360
78 707 78 352
85 753 85 344
76 691 76 355
93 733 87 344
92 845 91 336
98 800 91 337
95 804 89 339
92 787 89 340
91 789 91 340
91 740 82 346
87 783 87 342
87 689 77 353
86 659 75 356
82 737 82 348
81 733 81 349
78 701 78 353
73 662 73 360
96 756 90 341
89 817 88 339
84 639 77 358
73 611 65 370
89 720 81 348
88 710 79 350
85 659 73 357
80 637 69 362
98 765 91 339
95 846 93 335
92 725 84 346
90 698 84 348
89 678 81 351
87 647 77 356
83 757 82 346
83 615 73 363
80 624 73 361
79 618 72 363
76 604 60 378
72 605 65 372
96 851 94 334
95 763 88 341
75 606 65 369
74 623 71 364
91 841 90 337
82 738 82 347
91 712 82 348
91 707 85 347
86 664 79 354
86 638 77 357
85 637 77 358
83 628 74 360
77 603 60 378
71 645 70 363
71 638 70 364
71 622 66 370
100 795 94 336
91 827 91 337
89 772 87 342
85 776 84 344
91 740 84 345
86 690 78 352
77 607 67 366
77 605 65 369
77 603 62 374
77 602 64 371
76 605 61 375
71 625 68 367
71 623 68 368
71 619 66 372
91 736 87 344
90 791 88 340
84 670 79 353
83 674 75 355
95 810 93 336
95 768 91 339
93 814 91 337
92 812 90 338
92 740 85 344
91 815 91 338
89 750 87 343
86 771 85 343
81 743 80 349
98 797 94 336
97 801 91 337
97 789 93 337
96 808 94 336
94 843 94 335
94 759 84 344
93 761 87 342
92 746 88 342
92 739 88 343
91 817 90 338
90 727 84 346
89 799 88 340
89 747 85 344
89 724 85 345
89 708 85 347
88 791 87 341
88 748 84 345
88 723 81 348
86 752 84 345
86 717 82 348
86 676 78 353
85 755 84 345
85 731 82 347
84 722 82 348
84 668 79 354
83 706 76 353
83 704 74 356
82 721 76 353
82 695 77 353
81 729 76 353
81 702 79 351
81 692 79 352
81 670 78 354
80 718 79 350
80 703 72 358
80 679 76 354
79 650 74 358
78 661 70 361
78 653 75 357
77 626 70 363
76 685 75 356
75 687 73 357
72 655 70 362
72 610 62 374
71 636 67 367
71 628 65 370
99 787 93 337
98 806 94 335
98 782 90 339
97 804 93 336
97 767 91 339
96 811 94 335
96 803 91 337
96 803 88 339
96 764 90 340
96 762 88 341
95 784 91 338
95 784 90 339
95 780 88 340
95 780 86 342
94 806 88 339
94 766 90 340
94 759 87 342
94 743 87 343
94 737 88 343
93 807 90 338
93 807 88 339
93 788 91 338
93 786 90 339
93 782 86 342
93 760 85 343
92 785 87 341
92 771 90 340
91 808 88 339
91 796 91 339
91 765 87 342
91 760 84 344
91 744 87 343
91 726 84 346
90 811 88 339
90 767 85 343
90 755 88 342
90 749 88 343
89 788 87 341
89 766 86 343
89 720 82 347
89 716 85 346
89 711 78 351
89 709 80 350
88 786 86 342
88 714 84 347
88 713 82 348
88 710 81 349
88 699 84 348
88 682 81 351
87 796 86 342
87 768 85 343
87 752 85 344
87 749 84 345
87 715 82 348
87 701 76 353
87 686 81 351
86 763 84 344
86 729 84 346
86 727 81 348
86 720 84 347
86 690 79 351
86 689 82 350
85 726 80 349
85 719 82 348
85 693 78 352
85 663 76 355
84 732 82 347
84 730 81 348
84 714 79 350
84 698 79 351
84 696 82 350
84 674 79 352
84 656 78 355
84 643 77 357
83 677 78 353
83 675 76 354
83 658 74 357
83 641 75 358
82 725 81 349
82 712 81 350
82 705 74 356
82 697 78 352
82 683 79 352
82 680 78 353
82 660 75 356
82 652 77 356
82 651 73 358
82 646 75 357
82 645 72 359
82 642 74 358
82 632 73 360
81 716 79 350
81 711 74 356
81 655 76 356
81 652 73 358
81 648 74 358
81 630 74 360
80 730 76 353
80 719 74 356
80 715 78 351
80 705 79 351
80 699 78 352
80 688 78 353
80 681 75 355
80 675 78 354
80 634 72 360
79 700 78 352
79 690 78 353
79 665 76 355
79 644 69 362
79 621 71 362
78 707 77 353
78 660 76 356
78 658 67 365
78 653 74 358
77 696 76 354
77 668 65 368
77 666 67 365
77 641 72 361
77 613 70 364
77 607 68 365
77 606 67 367
77 605 68 367
77 603 68 368
77 602 66 369
76 693 75 355
76 659 75 357
76 656 71 360
76 644 73 360
76 640 71 362
76 609 64 370
76 608 66 367
75 683 71 360
75 680 73 358
75 678 70 361
75 651 72 359
75 640 74 360
75 629 73 361
75 625 63 372
75 623 71 363
74 681 70 361
74 677 72 359
74 666 73 359
74 664 69 363
74 649 72 360
74 649 71 361
74 631 73 362
74 629 67 366
73 665 71 361
73 642 72 361
73 637 62 373
73 630 70 363
73 614 67 369
72 647 71 362
72 620 67 367
72 617 68 366
72 616 65 370
72 615 63 373
72 614 60 377
72 609 61 375
72 608 69 367
72 607 63 374
72 606 65 371
71 646 69 364
71 643 68 365
71 633 68 366
71 632 64 371
71 625 66 368
71 623 61 376
71 621 62 375
71 620 60 378
98 799 90 338
97 800 90 338
97 800 88 339
96 803 90 338
96 779 88 340
96 779 86 342
95 806 91 337
95 806 90 338
95 799 93 337
95 780 87 341
94 808 91 337
94 783 88 340
94 782 87 341
94 757 90 341
93 787 88 340
93 786 89 340
93 779 91 339
93 764 88 341
92 811 91 338
92 789 90 339
92 788 88 340
92 763 87 342
92 763 85 343
91 786 87 341
91 766 88 341
91 764 85 343
90 768 87 342
90 767 88 341
90 743 85 344
90 743 84 345
89 783 86 342
89 744 87 344
88 779 87 342
88 749 85 344
88 726 82 347
88 725 80 349
87 733 85 345
87 725 85 346
87 713 81 349
86 729 82 347
86 713 84 348
86 712 78 351
86 694 82 349
86 694 81 350
86 690 77 353
86 686 82 351
85 729 81 348
85 712 79 350
85 698 74 356
85 694 79 351
85 693 77 353
84 743 82 346
84 714 81 349
84 713 78 351
84 712 80 350
84 700 82 349
84 698 81 350
84 696 78 352
84 670 76 354
84 670 75 355
84 663 77 355
83 732 81 348
83 729 80 349
83 715 81 349
83 715 79 350
83 711 82 349
83 699 81 350
83 699 79 351
83 688 81 351
83 643 73 359
82 730 80 349
82 701 79 351
82 677 76 354
82 664 76 355
82 662 73 357
82 659 78 355
81 683 78 353
81 677 75 355
81 662 75 356
81 646 72 359
81 645 71 360
80 682 79 353
80 663 78 355
80 637 70 361
80 631 70 362
80 630 72 361
79 696 77 353
79 682 75 355
79 664 75 356
79 660 70 361
79 638 67 365
79 637 71 361
79 628 69 363
79 619 70 363
78 683 75 355
78 681 76 354
78 665 75 356
78 662 69 362
78 648 72 360
78 646 73 359
78 641 69 363
78 621 71 363
77 678 75 356
77 662 73 358
77 647 71 361
77 646 75 358
77 643 74 359
77 632 68 364
77 606 66 368
77 603 65 370
76 665 73 357
76 621 62 373
76 604 64 371
75 655 74 358
75 647 73 360
75 642 68 364
75 629 69 364
74 646 70 362
81 634 74 359
73 628 70 364
74 613 66 369
86 637 76 358
72 623 68 365
77 682 76 355
