17528 720.474
73 637 57 396
73 636 58 394
74 640 61 380
72 638 66 376
73 638 56 396
72 628 55 400
73 638 57 395
72 628 56 398
73 638 58 393
72 628 57 397
73 648 62 378
74 640 64 376
84 777 72 362
72 628 58 395
73 638 59 392
84 760 79 354
74 640 65 375
72 628 59 394
82 751 79 355
79 728 76 358
79 699 71 364
74 678 71 365
78 718 73 361
75 689 72 363
84 771 81 352
85 777 82 351
76 699 73 362
87 801 84 349
85 798 80 353
88 798 84 349
83 748 79 355
85 768 81 352
83 757 80 354
78 700 67 370
82 738 78 356
72 647 67 372
72 641 64 376
86 775 82 351
72 658 69 368
71 648 68 374
82 758 74 360
71 641 66 376
72 649 68 371
71 631 64 379
72 652 68 370
72 652 67 371
77 708 74 361
84 764 81 353
78 718 75 359
71 646 66 375
72 629 54 406
78 696 69 367
84 755 80 354
85 762 81 353
85 759 79 354
80 698 71 364
83 761 79 354
73 651 68 370
72 653 68 369
84 780 78 355
72 641 61 380
72 631 54 403
71 644 68 375
76 655 69 368
74 646 67 371
80 745 78 356
78 700 71 364
75 651 68 369
75 656 69 368
81 752 79 355
77 667 70 366
72 638 56 397
88 795 82 350
78 675 71 365
74 657 69 368
87 797 82 350
75 676 71 365
77 710 75 360
72 651 66 372
77 702 69 367
72 641 65 374
74 679 72 364
72 646 66 373
72 635 62 379
74 641 66 373
83 756 76 357
73 668 70 366
77 698 73 362
72 649 64 375
74 649 68 370
73 642 64 375
71 625 61 381
71 618 62 383
71 618 61 384
72 659 70 367
77 704 71 364
73 649 67 371
71 625 62 380
72 630 63 379
71 618 60 385
72 630 64 378
73 629 63 379
73 642 66 372
79 695 69 367
79 729 77 357
89 813 86 348
71 625 60 382
74 642 54 400
86 778 80 353
74 641 55 399
90 812 86 348
71 618 63 382
71 632 63 377
91 832 88 347
74 642 55 398
92 831 88 347
93 852 90 346
86 782 83 350
