35661 930.439
105 961 71 468
121 1086 73 466
114 1019 73 467
107 935 71 468
106 938 64 478
110 950 64 477
122 1117 66 474
106 954 64 477
108 952 65 476
106 955 65 476
105 974 64 477
105 941 71 469
99 908 64 479
130 1110 66 474
96 881 64 482
103 912 71 470
95 890 67 474
94 851 67 477
94 881 66 479
98 892 66 475
98 888 66 476
100 893 64 481
98 865 66 478
100 874 68 472
103 888 66 475
100 873 64 485
93 857 67 477
99 927 62 483
102 905 65 478
103 945 64 478
97 868 64 494
101 923 63 482
100 886 73 471
96 878 67 475
95 869 68 473
109 969 63 479
100 919 63 486
106 961 62 480
103 968 62 480
98 897 71 471
104 925 73 469
98 893 71 472
97 878 66 478
110 942 62 480
101 896 62 485
102 910 62 483
99 875 65 483
95 869 64 488
95 866 68 476
99 871 67 474
99 868 68 475
103 902 73 470
100 870 66 477
98 898 68 472
94 845 68 496
115 1067 72 467
97 876 65 482
93 851 68 491
106 955 62 482
95 868 65 490
95 865 64 495
99 895 64 480
95 868 66 479
96 886 65 481
115 1034 78 466
121 1104 78 464
95 876 64 486
97 894 63 488
104 937 76 468
98 899 64 481
104 935 67 473
108 1030 78 467
96 875 62 494
96 881 66 478
95 867 65 492
101 890 62 486
106 988 63 479
105 914 63 482
100 866 62 493
93 858 66 481
102 913 69 471
101 924 69 471
100 879 62 490
99 914 65 477
96 862 65 484
100 918 70 470
96 885 62 489
96 855 66 479
99 867 69 474
107 908 65 477
114 1006 74 467
