457 21.6744
98 853 55 411
92 868 67 369
91 847 71 366
89 810 72 368
92 843 66 370
92 833 80 361
99 858 65 372
92 832 75 363
92 830 73 364
90 847 66 371
103 887 63 374
94 840 62 377
94 832 78 362
95 815 69 370
98 866 60 383
94 859 74 360
94 830 68 367
92 863 72 362
94 868 65 372
92 810 70 368
92 860 71 363
95 842 77 357
99 863 70 365
90 846 74 361
94 854 80 357
96 802 73 388
93 855 69 367
101 871 70 364
92 823 66 372
101 944 77 354
99 899 76 357
91 835 75 359
97 922 71 362
88 831 72 367
92 820 67 370
95 883 78 354
93 852 73 362
96 876 74 358
98 884 69 366
95 902 79 352
94 872 77 357
98 856 71 364
90 825 61 386
99 920 77 355
98 909 76 357
94 804 66 377
93 834 63 377
94 831 62 382
93 888 78 358
93 847 64 373
94 867 70 365
98 856 61 380
93 823 63 386
98 911 77 356
95 823 75 361
95 914 74 359
98 834 71 365
91 862 73 361
94 867 73 360
96 851 74 360
98 898 61 377
97 902 72 361
103 865 62 376
97 853 71 365
99 830 60 381
89 827 72 365
91 839 67 371
92 870 62 377
102 854 63 376
113 997 86 344
108 1028 54 405
108 951 56 399
93 857 60 384
96 880 56 403
109 1037 54 404
97 851 76 358
93 907 65 371
94 858 73 361
103 897 76 357
95 867 60 379
100 946 75 356
94 840 61 381
104 896 61 378
100 924 54 407
110 1047 70 362
98 893 57 396
93 894 66 368
90 807 61 407
89 821 67 374
110 1003 81 349
94 860 63 375
112 1023 54 401
88 827 66 383
106 965 86 345
102 939 84 349
97 883 67 368
93 845 60 385
109 1026 55 399
104 898 72 361
114 1032 80 349
99 951 63 373
87 813 60 389
95 899 55 401
103 933 75 356
116 1002 54 403
106 999 78 352
109 1008 57 395
93 851 61 383
106 905 64 372
100 941 69 364
96 823 64 384
90 815 65 374
91 827 63 383
103 957 72 360
108 1013 81 349
101 935 69 365
90 804 62 387
85 813 58 391
99 887 88 352
106 953 76 355
103 974 76 355
108 973 83 347
107 931 82 348
92 837 60 388
103 977 84 346
118 1092 76 354
109 977 78 352
110 1053 80 349
106 933 83 349
99 820 72 367
91 850 62 383
104 955 72 360
99 914 73 359
105 1019 68 365
115 1069 57 394
104 987 85 345
103 919 62 373
104 943 83 348
93 864 62 379
99 950 75 357
100 920 75 357
86 814 67 384
103 933 59 388
104 964 87 347
100 898 78 353
104 942 60 377
95 889 68 366
108 974 87 344
117 1017 66 367
98 863 74 359
105 947 82 348
114 1028 85 344
121 1105 77 353
103 976 56 396
99 928 76 356
116 1073 89 340
107 969 90 344
109 1023 83 346
110 1003 87 343
101 940 62 374
108 1027 74 357
94 866 61 379
109 1041 64 370
93 900 60 382
112 1038 89 341
104 962 67 367
124 1150 88 340
98 819 67 369
101 914 85 348
103 973 73 358
103 971 71 361
95 885 62 376
108 981 82 347
111 987 67 366
95 837 61 384
98 873 74 358
106 995 79 351
94 844 60 385
100 894 77 355
112 1022 70 362
102 939 64 371
103 933 69 364
116 1056 88 341
105 951 86 346
108 984 84 345
97 910 61 375
105 977 92 342
105 930 77 354
110 993 79 351
110 1032 85 344
94 893 70 363
95 879 65 370
102 932 88 347
131 1213 69 363
117 1096 89 339
112 1041 86 342
103 936 60 378
100 961 85 349
106 983 88 342
110 1012 91 340
99 904 83 350
116 1082 65 369
109 971 85 345
114 1082 91 338
108 1027 86 343
114 1029 63 372
101 946 84 349
99 915 90 349
111 995 68 365
88 839 70 367
103 947 84 348
110 1005 92 339
103 964 82 349
111 999 86 344
114 1029 91 339
92 850 68 368
103 931 64 372
98 932 80 350
105 956 67 367
105 927 75 356
111 1051 63 372
106 948 72 360
