34764 1500.65
76 675 69 368
80 712 72 359
92 831 90 338
76 663 65 372
76 663 66 371
80 706 71 361
81 719 79 351
94 851 90 337
76 668 68 369
76 663 67 370
77 670 67 367
83 748 81 348
75 666 67 373
75 675 67 372
86 757 84 345
89 787 87 341
84 737 81 348
89 785 86 342
86 755 83 346
80 725 79 351
85 763 83 346
80 720 79 352
76 677 54 399
81 730 80 350
78 693 74 357
90 784 86 342
77 673 74 362
82 719 80 350
87 754 83 346
76 673 72 363
77 680 75 357
82 717 79 351
78 687 76 356
77 678 74 358
77 672 72 363
78 703 77 354
77 677 74 359
77 672 68 366
74 635 56 393
79 713 78 353
74 630 55 396
78 677 56 392
74 635 55 394
74 630 57 391
82 736 81 349
78 690 76 355
76 680 74 359
72 628 55 399
77 674 71 362
76 664 71 365
83 716 79 351
83 727 81 349
77 674 72 361
78 678 73 359
77 675 72 360
76 681 74 358
76 678 72 361
76 681 73 360
85 758 74 356
80 698 70 362
77 691 76 356
72 632 54 401
80 701 78 353
74 640 58 389
79 687 74 357
86 750 74 356
76 670 72 364
79 691 77 354
79 689 76 355
79 686 76 356
85 766 84 345
87 772 72 358
81 709 71 360
87 749 74 356
93 823 90 338
95 843 90 337
85 750 78 351
81 705 66 367
80 697 75 356
77 666 65 369
77 666 66 368
77 666 64 371
77 666 63 372
77 666 61 375
77 666 62 374
80 688 76 355
90 794 88 340
92 809 90 339
92 814 88 339
85 744 82 347
95 835 91 337
97 855 91 336
93 815 91 338
84 755 82 347
83 742 82 348
87 764 85 344
78 673 60 377
86 764 76 353
84 736 79 350
82 722 73 357
82 720 76 354
81 708 67 366
86 754 84 346
80 704 69 362
88 774 85 343
77 675 69 365
80 702 64 370
87 766 82 346
96 856 91 336
94 836 91 337
92 816 91 338
91 810 90 339
87 767 84 344
77 679 73 359
82 720 67 365
74 632 66 381
79 699 73 358
73 625 64 384
73 620 60 390
73 620 59 391
91 815 88 339
73 619 59 393
73 623 64 385
73 625 60 389
93 842 91 337
73 619 57 396
74 629 59 388
77 674 70 363
91 822 91 338
95 862 91 336
89 795 88 340
76 669 70 366
80 699 68 364
74 628 56 395
73 619 58 395
74 627 57 394
71 617 58 398
72 627 57 396
71 617 57 399
72 627 58 395
71 617 56 401
72 627 56 398
73 620 55 399
87 775 85 343
73 620 56 398
78 683 69 364
74 630 60 386
81 709 70 361
81 705 78 352
72 621 62 393
72 621 64 392
74 629 58 390
71 615 62 394
71 615 60 395
71 617 59 396
72 625 62 391
71 618 55 402
71 615 64 393
72 625 64 390
72 625 60 392
74 635 69 378
86 767 85 344
73 625 67 382
73 626 69 381
74 634 67 379
74 633 65 381
72 623 66 391
72 627 59 393
88 788 86 342
85 750 80 349
80 702 77 353
73 637 61 384
74 635 61 383
86 767 82 346
81 701 77 353
73 628 57 393
73 630 59 388
74 637 62 379
88 792 87 341
73 627 60 387
74 632 69 379
74 632 67 380
74 629 61 385
73 620 61 388
76 649 64 373
73 627 61 386
73 623 67 383
75 647 61 377
80 703 75 355
73 625 66 383
73 629 58 392
74 639 62 378
74 637 60 381
74 638 61 380
75 646 60 378
73 623 66 384
81 716 62 373
74 636 60 384
73 624 63 385
75 648 62 375
75 646 62 376
73 630 62 384
75 648 63 374
73 631 62 383
73 620 58 393
72 618 66 392
73 628 59 390
73 620 62 386
73 630 64 382
74 630 62 383
74 637 63 377
73 634 63 380
