145181 1920.22
94 856 54 417
129 1099 54 412
80 716 69 362
82 692 58 392
82 696 59 389
79 704 59 388
79 700 59 389
80 696 58 394
78 692 59 390
74 637 60 382
74 631 60 388
78 693 57 395
80 691 59 395
78 690 56 397
74 635 60 384
74 632 60 386
80 691 57 396
82 698 55 400
79 697 58 393
73 643 62 376
80 699 55 400
74 642 67 367
81 705 58 392
73 626 62 377
73 626 63 374
72 639 66 370
73 627 61 379
73 624 61 382
74 636 62 376
73 638 68 367
72 623 63 381
72 620 65 379
73 619 63 376
76 638 68 365
74 625 64 372
75 632 63 373
76 641 61 375
72 622 65 371
74 636 68 366
77 641 68 364
75 645 66 367
74 635 68 367
76 655 69 363
74 635 66 368
77 645 69 363
75 643 60 377
77 639 67 366
74 637 61 377
75 645 65 369
75 646 61 375
75 639 64 371
75 645 62 374
76 640 63 372
73 627 64 372
73 619 64 375
73 622 64 373
73 621 65 372
74 639 60 378
73 621 67 370
74 635 63 373
75 640 61 376
74 641 63 372
77 653 64 370
73 622 65 370
75 645 68 364
76 643 65 369
73 624 66 369
73 625 67 368
76 653 70 361
76 647 67 366
80 687 77 353
77 657 74 357
77 657 73 358
76 647 72 359
80 678 76 354
99 865 97 333
92 813 90 338
77 670 75 356
78 673 76 355
81 710 79 350
78 680 76 354
81 705 79 351
78 668 75 356
78 644 66 367
80 696 78 352
76 660 74 357
78 644 62 374
74 623 69 369
75 643 68 365
79 677 71 360
74 628 69 365
76 653 74 358
75 643 72 361
76 643 71 361
74 628 70 364
75 644 72 360
74 634 70 363
79 682 73 357
79 680 75 355
75 649 71 361
85 757 84 345
79 696 77 353
84 735 82 347
90 788 88 340
93 804 91 338
89 782 87 341
88 779 86 342
96 834 94 335
94 830 91 336
93 825 90 337
95 825 93 336
97 845 94 334
96 839 93 335
79 705 79 352
84 755 84 346
82 730 81 349
88 795 88 341
83 740 80 349
85 747 82 346
86 760 84 344
87 767 85 343
90 800 88 339
83 730 81 348
83 750 82 347
89 810 88 340
84 760 82 346
80 720 79 351
88 800 87 341
78 690 73 357
78 690 75 355
83 723 74 356
75 644 69 364
75 642 70 362
84 701 69 362
84 721 74 356
84 730 76 353
81 702 69 362
99 833 94 334
98 827 93 335
96 820 91 336
98 819 94 335
93 808 90 338
89 768 86 342
101 850 97 332
100 843 96 333
97 831 93 335
98 841 94 334
93 810 91 337
95 793 91 337
92 781 88 339
94 791 90 338
90 773 88 341
97 811 93 336
81 691 79 352
76 639 69 364
76 641 72 360
86 741 84 345
83 711 81 349
91 779 88 340
75 625 61 379
75 623 60 380
75 620 67 371
75 619 66 373
75 618 67 372
75 622 68 368
75 624 62 375
76 629 63 373
75 618 64 374
75 621 63 374
75 627 70 365
75 622 69 367
75 621 67 369
75 624 68 366
76 632 66 368
76 631 70 363
76 626 69 365
76 635 67 367
77 642 71 361
94 808 90 337
84 723 81 348
100 826 93 335
101 828 94 334
90 778 87 341
99 808 94 335
98 797 94 336
88 758 85 343
87 753 84 344
83 686 79 350
77 637 74 360
81 652 77 356
78 637 74 358
77 632 72 361
79 645 75 357
77 629 72 363
78 637 73 360
78 636 71 362
81 666 77 353
85 678 80 351
90 727 85 344
82 672 78 352
77 638 71 362
86 716 82 346
89 728 85 344
83 693 78 351
80 663 75 355
79 654 74 357
80 664 77 354
82 682 79 351
85 702 81 348
80 654 76 355
81 659 77 354
84 696 80 349
78 644 73 359
79 653 75 356
78 650 73 358
88 714 84 346
85 684 81 350
86 698 82 348
83 679 79 351
85 707 76 353
85 691 81 349
85 711 82 347
88 722 84 345
88 706 84 347
91 745 87 342
81 665 76 354
89 736 85 343
82 675 73 357
87 726 84 345
88 733 84 344
91 757 87 341
86 707 82 347
90 753 86 342
95 784 90 338
97 803 90 337
93 776 88 339
95 778 91 338
96 787 91 337
94 768 90 339
92 765 88 340
98 806 91 336
89 718 85 345
92 748 88 341
