110203 720.057
114 1053 68 518
109 1014 70 501
119 1021 66 473
134 1192 62 468
115 1031 67 502
112 1026 73 494
117 1065 74 447
114 1014 70 465
146 1300 88 428
139 1317 74 418
110 1038 71 478
124 1085 71 447
121 1048 75 457
133 1178 64 451
130 1178 61 488
128 1198 91 428
126 1122 88 432
141 1247 60 485
132 1185 72 435
115 1059 66 462
128 1214 63 445
102 952 82 471
112 1021 75 494
128 1177 67 439
115 1038 74 463
113 1056 72 458
126 1187 81 430
141 1295 76 434
121 1119 78 439
114 1074 64 456
128 1150 62 521
122 1101 77 439
123 1125 66 445
124 1028 75 464
147 1337 61 475
129 1225 65 440
109 987 86 442
127 1191 65 443
120 1140 85 443
137 1291 62 455
101 963 76 447
119 1058 66 457
125 1115 73 435
111 1042 74 467
123 1113 72 449
133 1120 63 478
