29216 871.785
87 739 70 456
87 738 70 457
84 740 75 460
87 738 71 455
87 737 72 454
87 737 73 453
83 743 79 457
84 748 79 456
84 740 73 461
86 765 84 453
84 740 71 464
85 744 73 460
89 750 73 451
84 741 71 462
87 733 71 463
83 743 77 458
89 753 72 453
84 739 77 458
85 755 79 455
84 746 77 457
87 737 71 456
85 758 69 468
84 739 75 461
87 734 72 455
87 735 73 454
85 742 79 456
87 734 70 460
87 735 70 459
87 730 73 460
89 767 75 449
89 752 71 454
87 733 70 464
85 742 77 457
87 730 70 465
85 749 72 461
86 762 69 467
87 741 74 452
86 765 82 454
93 809 78 446
87 737 70 458
88 750 75 451
90 759 75 449
84 739 79 457
88 738 74 452
87 732 73 459
89 748 74 451
87 732 72 460
95 810 80 445
90 763 75 448
88 763 67 475
89 753 74 450
85 752 77 456
85 742 75 458
84 748 67 476
83 744 75 459
87 730 72 461
84 745 69 470
84 751 68 471
84 737 77 464
93 796 76 447
93 811 72 452
84 737 73 468
84 737 75 465
84 742 75 459
87 733 76 458
