6893 208.375
99 845 62 477
88 756 69 464
88 749 71 464
91 756 65 463
95 772 62 485
88 748 73 461
90 742 66 456
90 741 66 469
90 740 67 454
90 744 63 472
89 746 63 472
90 740 71 450
89 745 64 471
94 776 78 446
90 740 69 451
89 752 64 466
92 756 76 447
90 740 68 453
89 745 65 467
90 742 64 466
90 760 64 465
89 759 63 471
89 744 66 456
99 826 83 444
90 741 63 478
90 742 72 449
89 745 68 454
91 750 74 448
101 846 83 443
90 739 71 451
99 832 79 445
96 802 80 445
90 741 64 473
89 746 64 467
90 742 63 473
89 744 67 455
