129364 1770.44
101 888 59 404
104 900 57 407
101 935 57 410
100 889 57 411
103 949 56 411
101 898 58 406
94 876 59 405
90 826 56 419
98 899 58 405
96 858 58 407
94 859 56 414
105 953 59 401
78 684 64 370
74 657 63 374
78 701 69 362
79 703 67 365
81 733 72 358
74 658 64 372
87 762 62 373
74 661 67 366
73 656 66 367
73 655 68 364
73 658 70 362
76 672 60 380
74 668 63 372
74 661 65 369
75 676 73 358
77 697 77 354
75 677 74 357
78 705 78 352
74 664 70 361
74 664 69 363
87 783 86 342
93 830 93 335
78 699 77 353
81 730 80 349
80 713 80 350
83 743 83 346
76 681 73 357
79 713 76 353
79 681 75 355
74 670 71 360
77 663 71 360
81 699 76 353
80 722 79 350
83 753 82 346
74 649 63 375
75 656 62 374
75 656 64 371
74 652 65 370
74 646 67 367
75 656 63 372
75 656 65 369
75 667 61 378
76 676 61 375
78 684 60 379
77 688 75 355
74 646 68 366
75 655 64 372
74 646 66 368
74 649 65 371
77 673 73 357
75 653 73 359
75 657 74 358
75 653 70 362
76 663 74 357
76 666 75 356
75 656 75 357
78 682 78 353
76 666 76 355
78 680 76 354
79 687 79 352
75 657 72 359
78 677 78 354
82 723 82 347
79 692 77 353
76 666 73 358
74 653 71 361
79 692 78 352
82 722 81 348
87 762 87 342
88 771 88 341
82 722 80 349
74 652 72 360
79 693 79 351
86 788 86 342
84 766 84 344
88 776 87 341
74 654 69 364
74 653 62 376
74 649 73 360
75 656 67 366
74 647 70 363
74 657 70 362
74 653 68 365
80 703 74 356
80 706 78 351
78 682 75 355
91 803 91 337
90 796 88 339
85 774 85 343
90 797 90 338
92 816 90 337
88 777 88 340
91 796 91 338
94 821 94 335
97 844 97 332
96 837 96 333
94 826 94 334
94 826 93 335
93 814 91 336
92 815 91 336
93 814 90 337
91 794 88 339
90 788 90 339
79 683 60 379
78 672 61 375
75 653 69 364
80 688 69 362
81 701 81 349
80 689 78 352
81 699 80 350
76 650 69 364
83 719 82 347
88 769 86 342
84 731 82 346
86 749 85 343
81 701 79 350
84 731 84 345
83 721 80 349
80 691 79 351
82 709 82 348
85 739 85 344
83 717 81 348
86 747 84 344
84 729 83 346
80 688 77 353
75 643 72 361
75 642 71 362
75 640 71 363
76 651 75 359
77 663 76 356
76 652 74 358
77 661 61 379
76 662 61 380
75 637 67 368
75 635 69 366
73 638 67 369
75 637 71 364
73 635 69 367
75 636 69 365
73 634 68 368
73 629 68 369
73 628 64 378
76 652 60 384
73 628 65 377
73 625 67 370
75 643 66 370
74 639 69 365
74 638 61 382
73 629 69 368
74 639 70 364
73 629 65 374
74 642 71 363
75 643 65 372
73 623 66 374
74 642 72 362
73 629 66 371
74 636 64 374
74 633 60 385
75 641 62 378
74 642 67 368
75 635 67 369
74 632 62 381
81 700 60 377
75 645 65 371
80 690 60 378
73 628 63 380
74 636 62 380
77 659 61 381
73 629 64 375
73 627 66 372
77 660 61 380
73 623 68 372
74 634 61 383
77 660 60 381
73 629 63 377
73 625 64 379
74 635 68 367
73 623 67 373
73 630 65 373
