392696 2520.16
99 908 65 467
102 919 75 453
116 1114 59 478
114 1078 62 446
109 992 63 475
122 1152 68 427
125 1111 60 469
109 1021 62 455
107 996 68 451
111 1003 63 457
108 1008 60 471
136 1146 60 445
129 1232 64 438
122 1104 78 412
107 1009 64 446
115 1011 65 444
116 987 67 444
129 1190 60 460
121 1095 66 430
109 1016 63 458
103 966 76 441
121 1051 62 445
114 1078 61 453
123 1179 64 443
113 996 68 434
133 1194 60 454
113 1030 65 434
108 960 68 462
127 1143 68 427
108 990 67 445
104 980 67 465
125 1177 68 423
100 935 76 447
112 994 66 440
126 1204 66 425
126 1112 76 405
123 1118 70 427
157 1425 63 437
106 1015 68 458
104 922 70 446
125 1131 63 440
123 1143 69 405
110 1008 68 434
104 983 71 415
111 985 63 488
123 1098 75 409
117 1121 60 470
146 1264 65 412
112 983 65 456
128 1187 61 442
105 949 66 464
111 948 73 439
127 1134 61 443
117 1052 68 430
117 1009 62 454
