12771 240.065
97 842 64 517
95 822 64 518
90 752 76 498
90 751 78 500
90 752 78 496
90 755 71 473
90 755 74 472
90 755 68 476
89 772 68 476
89 770 68 477
90 760 76 471
94 808 75 460
91 765 68 471
91 768 67 476
89 755 67 481
90 753 68 479
90 775 73 467
91 769 75 466
90 753 69 477
90 753 72 476
89 754 68 480
92 784 72 462
92 789 76 460
92 784 71 463
91 763 71 471
91 763 73 470
91 764 71 468
91 776 78 464
92 790 78 459
90 781 69 469
97 842 83 456
97 838 78 458
92 784 73 461
90 786 75 462
90 781 73 463
90 753 74 475
94 789 78 459
90 788 78 461
94 788 76 460
89 770 66 483
91 764 69 469
91 773 76 465
90 754 69 474
90 777 75 466
90 781 71 464
92 794 80 458
89 768 69 476
91 764 73 467
90 782 76 462
91 766 71 467
90 760 73 472
89 768 74 472
91 764 65 487
89 765 71 473
90 770 65 487
