9697 270.139
145 2064 141 692
144 2148 144 673
144 2137 144 676
144 2058 144 683
142 2140 142 689
145 1994 144 679
145 1997 144 676
144 2068 144 680
145 2040 144 673
146 2013 143 687
145 2025 143 684
145 2029 142 688
156 2011 156 664
143 2110 143 684
156 2000 156 666
158 1974 156 666
150 1978 150 669
143 2116 142 688
158 1980 156 664
155 1948 151 667
152 1935 150 676
145 1940 145 679
151 1945 149 677
151 1936 151 674
147 1928 145 679
224 2421 224 650
150 1936 150 676
152 1932 151 674
146 1954 144 673
142 2116 141 692
141 2135 141 692
177 2035 176 658
163 2029 161 660
173 2010 168 660
163 2013 157 662
182 2134 182 656
169 2015 168 660
167 2028 161 660
161 2034 161 660
180 2034 176 658
176 2037 176 658
141 2141 140 695
147 1950 144 676
209 2183 209 652
168 2016 168 660
158 2022 157 662
151 1953 144 673
189 2098 188 656
188 2099 188 656
155 1958 150 669
151 1955 151 671
141 2117 141 693
145 1939 145 681
152 1955 151 667
157 2077 157 662
155 1942 150 672
152 1944 149 677
159 1965 159 665
155 1948 150 671
173 2071 173 658
143 2128 140 695
150 1962 150 672
152 1946 150 672
195 2149 194 654
196 2145 194 654
183 2126 182 656
152 1949 150 671
155 1942 151 670
194 2156 194 654
160 1988 160 662
152 1961 150 669
210 2175 209 652
151 1982 151 667
152 1948 151 670
151 1971 151 670
