24040 326.727
162 2755 158 756
161 2707 158 760
160 2655 159 749
160 2626 159 752
162 2586 159 749
172 2570 159 749
166 2583 159 749
164 2715 158 756
171 2768 157 763
165 2652 158 756
165 2545 165 747
168 2629 158 756
189 2590 189 743
164 2568 164 754
191 2581 189 743
177 2553 177 745
169 2579 163 750
171 2762 156 766
164 2681 158 759
179 2886 157 761
176 2907 157 761
179 2672 163 748
167 2760 163 748
179 2733 179 740
182 2813 159 744
185 3084 156 765
184 2877 157 761
170 2729 158 754
179 2689 158 754
167 2630 167 742
179 2919 159 744
202 3134 191 738
177 2596 176 745
166 2734 158 754
173 2726 163 748
175 2726 158 754
180 2626 167 742
165 2645 165 745
177 2715 158 755
