24796 720.398
160 2614 150 693
159 2560 153 692
160 2594 154 688
182 2547 170 672
165 2540 150 693
182 2730 181 665
192 3005 190 663
185 2732 178 665
161 2541 154 688
178 2806 178 665
205 2981 205 661
180 2956 145 692
181 2734 181 665
187 2725 181 665
162 2583 150 693
169 2805 169 670
159 2420 156 709
190 3153 190 663
156 2463 147 717
193 2862 145 692
162 2553 151 698
167 2658 147 707
160 2633 154 683
173 2647 166 667
161 2563 150 697
155 2525 150 699
193 2807 193 663
168 2488 154 688
185 2631 160 669
161 2487 153 692
191 3028 190 663
163 2521 154 691
170 2652 170 670
170 2753 166 670
192 2854 157 669
168 2576 145 696
159 2593 150 697
169 2567 157 675
171 2588 150 685
172 2714 170 667
156 2513 156 677
162 2767 154 681
185 2923 145 692
168 2671 153 687
172 2672 160 669
166 2701 150 685
160 2489 156 690
156 2696 145 694
164 2673 149 699
159 2526 146 708
163 2528 145 714
164 2805 150 683
209 3028 154 679
171 2514 150 697
176 2639 170 670
163 2569 154 683
155 2508 152 694
156 2610 154 688
168 2645 144 705
170 2722 169 667
162 2602 150 690
193 3040 177 665
168 2539 150 697
174 2515 145 696
239 3958 155 678
227 3385 149 686
158 2706 150 685
183 2859 157 669
161 2570 156 672
