25083 2342.99
153 2301 149 682
164 2452 148 674
149 2281 144 684
165 2446 148 674
164 2264 162 662
150 2194 150 671
156 2117 156 668
162 2288 162 662
163 2268 162 662
162 2080 162 663
163 2028 149 688
160 2028 149 691
158 2007 149 692
160 2000 152 684
163 2000 157 674
167 2032 162 662
161 2002 150 677
158 1992 150 687
161 1995 156 676
167 2018 162 665
175 2029 170 663
163 2005 156 674
157 2012 150 686
171 2185 145 678
161 2034 144 698
160 2031 148 692
158 2059 144 688
156 2052 147 688
157 2033 148 692
183 2204 143 702
157 2069 148 686
159 2071 144 686
158 2040 144 692
162 2108 149 678
156 2020 149 692
166 2038 144 696
161 2055 144 690
160 2156 144 684
162 2026 144 698
161 2141 144 684
158 2038 144 698
159 2028 148 696
155 2058 149 682
166 2188 144 674
158 2032 149 682
161 2097 159 663
158 2035 145 682
166 2123 150 670
159 2072 153 669
163 2125 144 684
162 2122 152 668
167 2092 144 684
163 2049 152 668
180 2174 144 681
165 2095 159 663
156 2017 150 671
163 2058 161 663
170 2114 157 662
183 2158 178 655
160 2038 153 669
170 2145 162 659
161 2033 156 665
171 2115 161 660
170 2117 161 660
170 2061 163 660
154 2019 150 671
167 2063 163 660
178 2067 178 658
166 2043 166 660
159 2026 159 665
155 2017 150 686
155 2084 145 688
175 2178 175 655
178 2164 178 655
155 2010 151 675
165 2189 163 660
159 2011 156 668
166 2040 165 663
165 2066 162 662
156 2008 151 675
166 2089 163 660
160 2010 156 668
166 2059 162 662
160 2014 158 666
166 2047 159 663
167 2038 166 660
182 2175 175 655
190 2178 190 653
175 2124 175 658
189 2231 187 653
190 2124 190 656
202 2234 202 651
194 2204 187 653
182 2121 175 658
189 2110 175 658
200 2108 190 656
187 2232 187 653
193 2113 190 656
193 2171 175 655
209 2226 202 651
183 2154 181 655
184 2141 181 655
168 2148 166 657
195 2169 193 653
202 2164 193 653
187 2140 181 655
182 2144 162 659
182 2139 166 657
192 2120 190 656
217 2444 217 649
224 2435 217 649
