10466 150.062
175 2335 175 655
149 2052 144 673
187 2307 187 653
157 2035 151 667
156 2042 156 664
159 1963 156 664
159 1965 157 662
202 2307 202 651
159 1940 156 665
156 2015 156 667
156 2028 156 665
153 1960 149 674
191 2226 190 653
161 1979 161 660
161 2011 151 667
190 2244 190 653
160 1955 160 662
159 1928 156 667
178 2122 178 655
159 1948 157 664
151 2050 149 674
165 1966 162 659
193 2161 193 653
165 1942 162 661
151 1970 151 671
153 1929 152 668
166 2013 166 657
150 1997 150 670
162 2049 162 659
157 2057 157 662
152 1973 149 674
181 2045 181 655
176 2008 176 658
152 2007 152 668
153 1936 150 670
157 1961 157 665
165 1939 162 663
165 1917 162 666
180 2210 175 655
157 2035 157 664
176 2213 175 655
157 1999 156 667
217 2469 217 649
160 2028 151 667
