153237 2880.48
158 2239 157 662
150 2151 150 670
156 2121 156 664
165 1864 161 665
152 1898 151 667
144 2097 144 679
144 2106 144 676
158 1834 156 667
156 1830 156 668
151 1840 149 674
152 1834 149 674
152 1816 150 670
156 1833 149 674
151 1839 145 679
152 1877 152 668
145 1874 143 684
156 1837 156 667
159 1824 156 667
147 1871 142 688
147 1856 143 687
146 1861 143 684
146 1873 142 688
148 1833 144 687
162 1867 157 665
155 1831 144 687
161 1885 157 662
170 1898 165 660
160 1890 157 662
159 1891 157 662
165 1883 157 662
154 1864 152 668
155 1857 152 668
167 1882 157 662
164 1896 162 661
188 2086 187 653
146 1872 142 691
144 1907 141 695
145 1896 141 695
144 1879 143 684
144 1884 142 688
176 1991 175 655
180 1967 175 655
158 1863 156 666
158 1873 156 664
163 1868 156 664
155 1873 151 667
157 1873 157 665
187 2094 187 653
217 2177 217 649
224 2169 217 649
175 2039 175 655
151 1833 149 678
151 1853 151 671
146 1841 144 673
146 1834 144 680
150 1952 150 671
199 2044 187 653
189 2049 187 653
202 2047 202 651
162 2017 162 659
161 1924 161 660
164 1901 162 659
170 1900 161 660
168 1901 161 660
164 1903 161 660
162 1918 161 660
163 1908 161 660
191 1931 175 655
188 1942 175 655
197 1924 190 653
190 1930 190 653
186 1905 178 655
199 1926 175 655
212 1987 205 651
205 1993 205 651
178 1908 178 655
168 1889 166 657
166 1904 166 657
