723 16.257
207 2900 179 783
191 2591 182 787
188 2608 184 781
194 2720 184 774
195 2782 170 790
186 2691 182 780
185 2608 182 785
191 2762 184 774
182 2625 182 786
179 2579 177 794
186 2623 179 789
196 2692 184 774
177 2519 175 797
187 2674 180 785
193 2568 184 781
188 2632 180 785
185 2620 180 788
189 2546 184 784
180 2498 180 795
177 2501 173 803
184 2533 184 786
193 2718 169 803
181 2516 177 794
189 2741 184 776
211 2834 167 811
194 2571 182 787
191 2572 184 781
184 2527 180 792
193 2595 179 789
178 2541 171 809
186 2618 184 781
186 2637 184 779
191 2541 184 784
179 2601 175 794
212 2650 184 774
184 2635 177 787
198 2876 176 788
184 2553 171 802
185 2531 184 786
179 2476 175 797
180 2539 180 792
189 2786 178 784
176 2506 175 800
178 2491 175 797
182 2499 182 789
186 2595 182 782
