133373 1860.26
158 2661 154 751
156 2689 154 751
157 2617 154 752
155 2717 155 761
163 2555 154 754
163 2608 154 751
156 2566 154 754
170 2619 167 732
199 2963 152 746
157 2515 156 741
159 2605 155 746
167 2621 167 732
157 2554 157 737
156 2619 155 747
165 2753 155 743
166 2710 155 743
163 2721 154 747
156 2527 156 741
159 2649 154 750
157 2554 156 740
158 2513 156 744
163 2595 154 753
164 2496 157 737
159 2504 159 734
184 2690 155 743
158 2539 157 737
174 2693 155 743
180 2533 156 740
173 2794 152 751
176 2751 152 751
184 2736 152 751
160 2482 159 734
164 2599 153 748
166 2557 155 745
174 2596 153 752
163 2506 158 738
167 2603 153 745
164 2613 153 745
159 2515 157 737
161 2510 158 738
171 2777 158 736
184 2962 156 738
170 2828 155 741
168 2742 163 730
188 3017 153 741
168 2785 160 733
170 2661 163 730
158 2510 157 740
180 2647 160 730
178 2686 158 736
171 2649 160 730
172 2802 158 733
176 2719 158 736
192 2726 175 728
193 2923 156 736
173 2679 153 744
161 2505 158 749
186 2832 156 738
187 2730 158 733
