15928 300.066
157 2140 157 662
146 2108 144 679
147 2085 144 677
152 2085 152 668
153 1992 152 668
159 2063 156 664
145 2065 144 685
148 1980 144 681
156 2078 156 664
163 1927 144 685
164 2041 161 663
163 2044 161 663
153 1944 149 674
148 1985 144 674
153 1972 144 674
161 2146 161 660
163 1919 150 674
146 2139 144 674
144 2136 144 686
162 1931 145 679
159 2033 157 664
178 2038 165 660
160 2049 157 662
161 2045 157 662
165 2025 157 662
146 2050 142 693
165 2015 157 664
163 2086 161 660
147 2023 142 693
147 2024 144 690
146 2048 144 690
152 2024 143 691
167 2024 157 662
147 2047 143 691
144 2076 144 690
147 2020 144 693
159 2068 157 662
146 2044 144 693
144 2078 142 693
154 1915 149 676
159 1931 152 668
169 2023 157 662
146 2057 144 685
154 1916 148 680
151 1953 149 676
146 2062 144 681
147 2033 144 685
163 1920 150 670
212 2393 212 652
152 1945 149 676
153 1921 148 680
153 1917 151 671
153 1916 150 675
150 1956 150 670
153 1921 149 676
159 1922 150 670
153 1929 144 681
152 1936 150 675
153 1935 145 679
153 1936 150 670
148 1961 145 683
156 1987 156 667
149 1955 145 679
158 1923 149 674
151 1945 144 685
149 1953 145 683
163 1935 160 666
151 1947 144 681
156 1995 156 665
162 1939 160 666
149 1957 144 681
147 2038 144 681
150 1954 150 674
153 1935 150 674
152 1944 148 680
163 1928 152 668
160 1978 156 665
153 1928 144 685
148 1953 144 685
159 1979 156 665
167 1979 165 663
184 2222 182 656
146 2044 145 683
186 2143 185 656
159 1920 150 674
169 1976 165 663
163 1973 156 665
165 2061 161 660
145 2039 145 686
146 2046 145 682
154 1939 149 674
169 1952 156 665
165 2012 161 663
145 2063 144 688
171 1971 165 663
145 2072 145 683
144 2061 144 692
151 1951 148 680
169 1947 156 667
146 2049 145 679
166 1929 160 666
165 1953 156 665
144 2146 144 681
173 2050 165 660
165 2041 156 664
175 2035 173 661
175 2075 173 658
167 2002 161 663
200 2225 200 654
182 2240 182 656
166 1923 152 668
159 1961 156 667
164 1928 144 681
165 1949 156 667
145 2136 144 677
145 2130 144 681
173 2095 173 658
160 1922 149 674
185 2147 185 656
144 2153 144 677
197 2267 197 654
154 1950 152 668
