78156 420.032
184 2822 177 706
187 3074 171 696
206 3483 150 700
177 3047 148 714
250 4040 187 673
183 3141 158 702
199 3043 150 716
174 2770 166 722
195 2999 159 698
214 3369 182 676
200 3324 151 686
207 3138 152 691
259 3851 155 681
175 2691 153 710
177 2831 159 701
186 2926 155 704
214 3308 145 696
207 3088 157 692
183 3173 153 703
198 3304 150 702
228 3854 161 676
174 2751 168 710
230 3544 206 674
211 3251 188 679
197 3111 159 690
203 3230 151 709
221 3054 155 697
173 2834 159 700
188 2970 160 685
187 3200 157 691
204 3409 149 713
193 3233 151 701
181 2949 176 690
216 3195 165 682
218 3602 170 678
217 3337 144 685
209 3201 177 680
190 3081 154 695
217 3512 175 681
211 3385 149 698
177 2859 160 698
