13299 180.033
173 2712 170 718
166 2698 165 725
174 2793 174 716
165 2764 165 725
180 2886 174 713
170 2751 170 718
159 2757 159 744
176 2676 174 723
176 2791 174 716
176 2868 170 715
188 2831 170 715
184 2881 175 713
175 2917 170 715
205 3260 169 716
173 2754 166 719
175 2738 169 719
166 2712 164 725
176 2745 166 719
168 2636 159 728
212 3177 164 718
168 2662 164 725
172 2766 166 719
173 2664 164 724
162 2607 159 741
175 2617 164 731
172 2635 159 731
168 2692 164 721
170 2803 166 719
167 2694 164 721
173 2641 164 725
166 2620 164 728
170 2672 164 724
161 2638 159 728
171 2579 159 742
174 2685 164 721
168 2592 159 739
163 2595 159 732
160 2642 159 732
