96713 2760.64
149 2384 143 697
152 2365 143 697
145 2382 144 690
160 2243 157 671
146 2401 145 686
147 2343 145 686
151 2302 145 686
145 2409 145 686
146 2322 144 690
159 2284 144 687
174 2387 174 667
148 2336 145 686
152 2342 142 698
156 2217 153 674
155 2332 143 697
157 2240 157 673
157 2244 157 671
155 2312 142 698
154 2235 153 674
156 2273 156 671
154 2220 150 676
153 2243 153 674
162 2208 156 671
150 2233 150 676
161 2230 156 671
147 2390 143 697
194 2346 192 665
177 2314 177 667
168 2246 168 669
180 2282 180 667
157 2270 156 671
190 2355 189 665
154 2337 142 698
189 2376 189 665
149 2306 144 690
204 2431 204 663
175 2358 174 667
152 2302 144 687
152 2224 150 676
181 2309 177 667
152 2271 144 690
153 2299 145 686
165 2259 165 669
