17357 480.11
144 2063 144 674
144 2020 144 685
145 2055 144 674
145 2012 144 685
168 1946 168 660
174 1945 168 660
146 2000 144 674
158 1950 157 662
159 1935 157 662
146 1891 144 681
165 1965 165 660
150 2052 150 671
181 1974 180 658
180 1979 180 658
157 2010 157 662
144 2032 144 683
144 2027 143 694
144 2037 144 681
174 2176 174 658
192 2081 192 656
182 2071 177 658
186 2206 186 656
201 2223 201 654
162 1879 159 665
143 2040 143 694
162 1881 157 667
167 1900 167 663
158 1895 156 664
152 1875 152 668
144 2024 143 696
156 1956 156 664
144 2023 142 698
174 1899 167 663
152 1853 150 673
143 2035 142 698
161 1907 160 662
159 1885 156 664
173 1933 172 660
143 2037 143 696
152 1863 150 670
149 1903 145 679
150 2055 150 670
176 1926 172 660
150 2051 150 672
161 1918 157 662
160 1922 160 662
153 1870 152 668
155 2049 142 693
159 2030 143 691
153 2050 142 697
157 1904 157 667
157 2046 142 693
158 2045 142 693
159 2033 142 693
155 2045 142 697
156 1937 156 667
191 2160 189 656
189 2163 189 656
157 1912 157 665
151 2037 151 671
158 1892 157 665
168 1881 156 667
150 2071 142 691
158 1882 156 667
177 2073 177 658
150 2030 150 673
176 2150 174 658
149 1873 144 681
216 2365 216 652
147 2048 143 687
149 2085 142 691
147 2066 142 697
149 2040 143 687
