2555 76.8539
189 3081 147 675
171 2461 156 691
173 2545 156 668
157 2530 153 680
170 2476 152 675
156 2544 151 681
173 2510 156 669
180 2516 156 667
166 2614 155 670
166 2715 156 667
180 2487 156 674
160 2672 153 677
172 2438 156 675
179 2589 156 664
175 2634 152 669
165 2545 156 670
167 2933 157 662
171 2817 152 669
169 2601 150 670
161 2495 150 671
163 2531 144 676
165 2748 156 667
177 2658 152 668
166 2425 162 666
175 2549 151 670
163 2550 156 668
170 2466 164 661
162 2454 157 664
177 2597 148 674
172 2612 157 662
168 2544 160 663
170 2617 157 662
175 2564 156 667
168 2408 162 666
171 2654 156 665
158 2466 156 677
169 2772 157 662
192 3044 144 674
172 2741 152 668
168 2803 157 662
170 2761 156 666
170 2540 162 659
183 2588 175 655
169 2496 162 661
175 2722 175 655
218 2757 217 649
188 2332 185 655
177 2638 156 665
190 2533 190 653
217 2790 217 649
180 2524 178 655
179 2391 173 657
185 2510 178 655
200 2527 175 655
188 2404 181 655
178 2324 176 658
177 2342 171 663
208 2595 205 651
193 2479 193 653
205 2599 205 651
191 2347 162 659
180 2691 175 655
185 2391 169 657
186 2452 178 655
184 2466 181 655
202 2702 202 651
165 2501 161 660
172 2543 160 662
173 2355 165 660
177 2405 166 657
219 2735 217 649
174 2491 166 657
178 2558 178 655
170 2525 169 657
175 2446 166 657
185 2357 173 657
179 2479 157 662
185 2433 185 655
171 2479 162 659
209 2614 202 651
175 2390 161 660
189 2662 187 653
174 2422 169 657
175 2570 157 662
178 2373 160 669
190 2364 160 662
175 2349 162 665
187 2875 187 653
181 2488 181 655
169 2614 162 659
183 2402 169 657
184 2269 165 659
207 2680 202 651
172 2438 169 657
183 2470 181 655
171 2469 162 662
172 2360 162 659
172 2514 156 669
169 2614 166 657
171 2555 166 657
192 2562 187 653
184 2400 169 657
171 2468 169 657
