473 9.06836
179 2800 154 735
183 2831 154 732
182 2791 154 733
177 2897 154 738
185 2773 154 729
212 2985 152 738
201 3120 154 723
180 3004 152 744
184 2836 154 729
193 2771 154 733
162 2687 157 747
177 2674 153 749
174 2702 161 727
180 2685 157 747
182 2880 152 740
185 2836 152 740
167 2764 154 746
172 2815 155 736
167 2765 154 739
175 2756 155 736
182 2756 154 735
164 2643 159 730
181 2857 154 729
184 2842 152 744
207 3060 153 737
179 2639 159 730
184 2854 152 740
174 2659 156 762
173 2704 158 737
188 3038 159 726
169 2709 153 743
163 2672 159 736
172 2748 155 741
163 2694 156 756
182 2916 168 721
181 2754 154 739
176 2876 161 724
