6344 180.062
179 2645 159 688
160 2696 154 707
173 2550 151 705
191 2983 152 696
165 2497 153 702
176 2650 154 694
176 2671 168 686
177 2640 168 689
172 2646 168 689
190 2939 153 697
183 2961 153 697
163 2570 152 709
209 2993 180 684
171 2475 171 704
237 3726 177 684
201 3177 180 684
195 3136 193 685
166 2618 147 699
175 2652 155 698
177 2826 159 688
172 2489 158 691
180 2819 153 698
204 3047 180 684
158 2501 156 691
185 2619 154 694
185 2608 168 689
167 2653 154 694
207 2955 151 696
202 3037 144 702
220 3404 195 682
203 3116 180 684
