8396 240.044
174 2674 147 699
182 2935 146 702
164 2591 150 683
194 2907 144 705
181 3004 176 668
190 3184 144 705
189 2946 148 695
191 3015 188 666
166 2500 150 683
191 2864 176 668
185 2836 148 698
165 2574 150 683
193 3024 144 705
168 2480 149 694
186 2849 146 702
180 2736 149 690
225 3208 147 698
186 2747 146 703
196 2981 188 666
169 2602 150 680
182 2479 149 690
167 2597 164 675
188 3119 188 666
187 2971 144 709
197 2957 188 666
182 2839 146 704
191 3071 146 700
159 2596 150 683
180 2864 148 696
185 2979 176 668
168 2664 164 670
163 2589 149 697
188 2842 159 676
174 2776 149 690
214 2851 173 668
160 2516 153 680
165 2617 161 678
180 2748 161 670
190 2906 153 675
193 2869 148 694
170 2769 161 675
198 2942 188 666
180 2633 148 707
158 2604 154 692
167 2553 149 694
196 2903 153 679
173 2679 146 711
188 2933 150 678
166 2654 147 704
189 2895 173 668
172 2506 160 672
170 2616 160 677
160 2596 149 694
217 3347 150 675
