86059 1020.1
156 2140 156 666
162 2100 156 666
161 2190 160 663
161 2102 156 666
162 2077 160 663
161 2100 161 664
160 2194 160 663
161 2214 161 661
162 2121 161 661
164 2113 161 661
163 2116 161 661
159 2064 154 681
179 2202 177 656
187 2102 187 653
182 2051 175 655
183 2049 175 655
168 2041 161 660
173 1989 170 657
180 2057 175 655
173 1972 161 660
166 2075 162 659
166 2063 162 661
167 1955 157 662
168 2044 166 657
168 2051 162 659
172 1994 166 657
171 1997 166 657
171 1986 162 659
171 1994 170 657
185 2306 144 673
188 2286 144 673
184 2070 151 667
170 1970 156 664
185 2062 151 667
187 2064 150 669
161 2047 150 670
161 1967 150 671
162 1930 150 670
166 2003 142 693
167 1953 156 667
168 1968 142 693
172 1948 145 677
166 1959 143 692
161 1897 144 686
163 1953 145 677
164 1913 150 670
165 1907 150 670
161 1899 144 681
164 1893 150 674
165 1998 156 665
162 1923 157 674
169 2021 162 659
163 1979 157 665
166 2007 165 660
163 1994 157 662
163 1976 156 667
163 1929 157 671
160 1954 150 678
168 1910 156 667
164 1905 152 668
164 1909 164 666
170 2036 170 657
165 1914 157 665
165 1919 164 663
168 1920 157 662
168 2038 162 661
189 1958 185 655
187 1941 170 657
205 2034 205 651
191 2013 175 655
188 2019 175 655
164 1938 160 666
168 1900 159 673
170 1902 156 671
170 1907 156 665
172 1980 161 660
191 2075 187 653
204 2085 202 651
203 2087 202 651
202 2102 202 651
224 2103 217 649
217 2108 217 649
162 1904 161 676
155 1883 155 677
161 1911 161 668
161 1917 161 665
164 1924 163 663
165 1901 157 671
168 1922 156 665
168 1920 165 660
174 1928 162 659
195 1980 193 653
180 1959 178 655
194 1988 193 653
179 1965 178 655
174 1942 166 657
178 1975 178 655
193 1994 193 653
206 2024 205 651
191 2002 190 653
190 2016 190 653
