475362 3000.15
176 2622 158 701
203 2804 185 678
188 2806 178 675
175 2636 160 726
196 2898 149 678
168 2680 161 716
176 2635 157 690
184 2936 150 676
185 2782 155 682
216 3211 156 673
179 2907 150 688
163 2685 161 698
214 3295 176 664
197 3394 143 696
209 3068 156 675
213 3039 152 674
181 2775 145 701
226 3429 156 670
172 2792 161 683
186 2647 155 708
178 2972 154 686
207 3196 158 671
206 3320 172 664
187 2581 178 680
184 2831 161 674
181 2911 151 676
177 2693 165 685
172 2674 152 700
242 3957 164 664
206 2772 152 679
168 2688 148 690
190 3124 171 668
233 3263 174 665
164 2806 160 691
205 3264 161 666
166 2808 154 699
182 2752 156 680
196 2805 165 673
169 2891 155 688
178 2919 164 673
185 2841 156 676
174 2671 155 687
210 3258 170 667
188 2628 153 696
215 3348 184 659
173 2743 156 682
185 2731 144 684
202 3074 155 675
224 3685 151 673
221 3260 157 669
180 2630 159 696
171 2819 157 675
209 3426 145 676
217 3239 156 672
175 2943 159 669
