3306 60.7856
181 2790 152 691
167 2795 155 691
185 2780 150 701
167 2803 152 708
179 2910 150 698
172 2591 154 714
170 2673 155 701
171 2743 156 690
173 2693 154 683
167 2605 159 707
177 2620 165 700
178 2872 147 704
178 2761 149 703
217 3445 152 682
179 2697 160 681
186 2650 160 701
216 3581 145 697
157 2618 155 707
169 2777 154 698
180 2935 147 699
182 2551 169 739
161 2694 147 711
169 2912 150 690
179 2648 165 693
176 2712 149 704
182 3101 150 686
179 2836 155 678
201 3001 144 702
216 3069 180 668
169 2793 155 693
170 2698 151 696
174 2875 148 710
171 2730 162 686
172 2765 149 705
200 3257 149 697
174 2656 162 681
169 2877 149 710
185 2605 176 684
178 2924 176 677
208 3000 195 666
185 2941 156 675
183 2890 151 687
189 2798 153 681
179 2830 155 681
172 2583 170 725
177 2711 147 705
171 2650 157 706
169 2775 160 689
189 2776 150 683
226 3367 204 664
184 3029 166 676
188 2850 156 675
163 2712 145 711
205 3353 149 694
171 2815 155 688
195 2783 191 672
190 3014 160 672
172 2693 160 693
175 2787 161 681
186 2769 151 690
172 2701 164 685
208 3161 207 664
176 2601 158 702
207 3262 192 666
237 3589 219 662
180 2833 168 670
179 2721 178 674
187 2913 166 673
197 2938 183 668
193 3127 153 678
213 3478 189 666
172 2789 160 681
182 2773 176 676
168 2660 150 705
185 3009 183 668
165 2704 153 703
173 2741 164 679
215 3465 147 691
