18 0.521743
203 3370 161 790
218 3566 164 761
242 4037 201 715
189 3165 184 784
213 3242 164 772
223 3863 164 737
269 4493 166 731
200 3252 177 721
213 3543 174 746
216 3512 172 757
218 3538 160 762
220 3598 166 745
230 3691 157 755
230 3806 175 724
236 3690 165 757
258 3940 170 735
269 4208 172 729
190 3070 175 758
201 3295 172 787
202 3244 170 791
205 3303 168 760
207 3449 167 764
219 3399 163 775
220 3566 169 743
224 3278 174 753
228 3624 170 736
233 3702 160 740
248 3987 160 735
256 4307 170 728
271 4556 158 742
