436417 1740.06
215 2966 175 669
171 2589 160 684
189 2901 150 699
207 3273 170 669
203 2988 156 675
197 3074 162 673
212 3212 156 670
208 2959 150 687
183 2809 162 675
189 3013 150 684
170 2697 155 724
181 2847 178 676
173 2704 156 684
198 2768 152 692
170 2714 161 706
236 3730 232 663
206 2784 152 677
184 2862 150 704
195 3040 156 675
196 3084 150 678
175 2862 151 684
196 3165 144 705
192 3022 145 688
169 2746 152 705
180 3019 158 683
183 3056 146 701
197 2797 151 716
197 3071 145 687
189 2843 150 711
188 2876 161 677
165 2734 161 701
172 2771 156 698
194 3144 161 675
169 2851 160 699
178 2879 150 704
187 2988 147 691
188 2946 164 674
184 2984 159 677
168 2693 161 707
238 3708 194 664
174 2731 155 691
181 2919 156 678
171 2802 152 699
208 3166 174 669
210 3269 161 673
229 3473 177 666
219 3547 167 667
214 3179 174 667
184 2655 156 678
190 3046 179 667
181 2900 149 705
203 3471 167 668
199 2938 165 670
199 3551 144 690
182 2986 150 701
196 3249 178 672
