44 1.21097
169 2660 157 680
180 2645 156 685
163 2673 155 698
171 2848 153 683
175 2663 155 694
183 2829 170 667
187 2723 162 663
185 2780 167 667
197 3129 150 672
208 3234 175 659
174 2705 148 675
195 2911 182 659
196 3150 152 669
215 3156 201 655
164 2682 156 695
164 2693 149 701
176 2682 155 680
183 2746 167 674
206 2802 177 659
211 3010 170 662
214 3264 190 654
165 2702 155 676
174 2850 156 673
180 2869 174 665
181 2724 169 674
185 2849 167 664
192 2951 187 657
195 3062 144 687
204 2883 181 662
212 3045 169 662
213 3229 197 655
157 2695 149 697
163 2808 153 686
164 2754 152 687
172 2699 149 678
175 2685 147 680
176 2842 161 669
181 2837 156 673
186 2966 147 677
200 3016 173 660
211 3227 174 657
212 3058 201 656
213 3108 170 661
220 3271 170 658
234 3476 209 652
165 2753 149 695
167 2859 160 673
169 2698 149 687
175 2846 156 668
176 2839 162 673
180 2825 150 674
184 2759 175 668
190 3151 180 662
192 2955 183 662
192 3039 157 667
193 3014 170 662
197 3062 155 672
199 3165 178 656
202 2894 196 661
203 2825 189 657
206 3142 162 660
