33418 595.526
169 2452 160 725
167 2490 160 719
182 2515 160 716
160 2529 160 726
166 2525 160 719
162 2498 160 723
167 2457 160 725
160 2535 160 723
161 2597 160 711
177 2826 166 709
174 2714 169 709
171 2660 155 718
167 2616 158 718
186 3178 153 735
165 2668 155 721
163 2560 160 714
179 2749 166 709
168 2705 155 718
173 2865 169 709
161 2594 160 714
162 2575 160 711
169 2556 160 716
162 2537 160 719
165 2512 165 717
165 2534 160 719
173 2477 170 719
208 3100 151 750
199 3128 153 735
187 2932 173 706
162 2578 159 727
191 3134 166 708
194 3040 166 708
169 2799 154 720
176 2754 154 720
202 3140 152 736
205 3201 159 715
173 2730 154 729
212 3117 151 749
203 3123 152 746
167 2737 154 726
214 3430 151 736
158 2563 158 740
183 3018 153 741
212 3105 152 732
169 2558 159 723
204 2937 153 735
198 3254 151 739
174 2524 160 716
177 2728 154 738
178 2865 153 746
204 3235 152 732
206 3132 151 739
177 2706 154 740
213 3118 151 741
157 2583 155 736
159 2529 155 730
161 2587 155 723
164 2572 155 726
162 2473 155 733
162 2503 155 730
167 2531 155 726
187 2887 153 739
