183756 3540.63
152 2396 144 687
151 2467 143 706
148 2268 147 691
169 2454 167 674
151 2272 146 695
148 2292 147 684
152 2289 145 697
194 2400 194 670
165 2391 163 676
156 2282 147 684
149 2298 145 699
144 2427 144 707
147 2335 147 687
179 2558 143 701
148 2259 144 701
170 2433 167 674
163 2298 155 679
156 2314 155 679
147 2321 145 692
195 2510 191 670
150 2240 149 698
155 2280 146 688
148 2470 144 690
167 2538 143 705
180 2324 179 672
158 2394 144 690
208 2588 206 668
148 2266 148 688
150 2460 144 690
159 2280 147 684
146 2328 144 701
147 2318 144 701
148 2276 146 695
147 2289 146 688
164 2287 145 695
167 2407 162 676
165 2563 143 701
152 2233 147 691
163 2426 163 676
169 2382 163 676
170 2294 156 681
152 2255 146 695
145 2352 144 701
171 2335 167 677
167 2471 167 674
149 2248 148 688
158 2275 146 691
145 2467 144 694
150 2315 144 693
155 2378 144 692
164 2473 162 676
160 2371 144 692
147 2309 145 697
153 2232 148 688
162 2520 162 676
167 2360 167 677
148 2301 148 681
147 2340 147 684
180 2301 167 674
179 2371 179 672
150 2244 147 694
165 2465 162 676
175 2364 167 674
148 2438 144 698
209 2544 206 668
161 2437 143 706
206 2595 206 668
172 2395 167 674
148 2433 144 700
163 2322 163 678
147 2303 145 699
153 2258 145 697
146 2348 146 688
191 2516 191 670
155 2335 155 679
