14893 450.219
147 1958 146 680
144 2027 144 691
147 2019 147 676
147 2007 147 679
159 2122 157 662
153 1908 144 674
145 1918 143 694
154 1874 152 668
148 1900 143 695
146 1903 142 698
157 2166 157 662
145 1904 142 698
145 1900 144 692
146 1907 143 695
146 1913 143 694
152 1864 151 671
150 1869 149 677
151 1866 151 671
148 1852 144 685
148 1856 144 681
159 1863 156 668
149 1872 149 677
154 1853 150 670
150 1860 150 675
152 1867 149 677
151 1858 150 675
149 1893 149 674
154 1875 145 679
157 1872 145 679
158 1860 149 674
172 1951 170 660
148 1880 148 679
157 1855 149 678
154 1858 149 678
154 1849 150 674
157 1846 144 685
145 1925 144 681
153 1876 145 679
154 1849 144 685
152 1866 149 678
157 1849 144 681
154 1852 144 681
169 1993 169 660
159 1913 157 665
160 1879 157 665
167 1917 162 662
156 1941 156 667
166 1927 162 662
148 1924 147 676
158 1939 156 667
165 2010 165 660
148 1855 144 684
170 1954 170 660
160 1869 156 667
151 1875 148 679
165 2054 162 659
161 1872 157 665
157 1848 150 674
147 1866 144 681
162 2071 162 659
160 1909 156 665
163 2070 162 659
157 1972 157 665
156 1869 156 668
165 1924 165 663
149 1922 147 676
150 1890 149 674
150 1871 150 673
157 1852 150 670
151 1869 150 673
148 1898 142 698
161 1868 156 667
150 1932 150 670
170 2027 170 657
156 2086 156 664
166 2015 162 659
154 1861 149 674
165 2046 162 661
159 1918 156 665
153 1848 144 688
166 2001 162 661
152 1951 152 668
163 2062 162 661
169 1866 145 679
162 2063 162 661
145 1924 144 685
152 1868 149 674
159 2060 156 664
160 1999 156 664
182 2189 182 655
167 2010 162 659
151 1851 144 688
143 2089 142 691
153 1878 150 670
150 1920 145 677
142 2096 142 691
179 1948 170 660
150 1904 143 692
153 1892 152 668
150 1908 142 696
159 1881 156 667
148 1925 146 680
151 1961 144 674
157 2076 156 664
153 1866 149 674
161 1968 157 662
165 1924 162 664
165 1938 162 662
148 1993 141 698
150 1990 141 698
162 1959 157 662
149 1939 144 680
152 1960 144 674
160 2019 157 662
209 2402 209 651
153 1989 141 698
149 1978 142 694
151 1977 143 690
151 1936 144 680
144 2060 144 680
150 1981 143 690
144 2078 144 674
179 2217 179 655
181 2198 179 655
150 1942 144 676
156 1990 156 665
196 2212 194 653
151 1973 142 694
194 2217 194 653
146 2064 144 674
148 1904 148 674
