63493 2761.04
551 7428 551 2504
560 7501 560 2499
542 7395 542 2509
544 7381 542 2509
574 7598 569 2494
569 7600 569 2494
578 7662 578 2489
583 7640 578 2489
592 7748 587 2484
587 7770 587 2484
542 7323 533 2514
539 7337 533 2514
541 7328 533 2514
541 7327 533 2516
524 7318 524 2521
539 7336 533 2516
542 7322 533 2516
533 7354 533 2514
541 7303 524 2519
542 7293 524 2519
542 7292 524 2521
541 7302 524 2521
533 7353 533 2516
535 7310 524 2521
535 7311 524 2519
524 7319 524 2519
523 7538 523 2524
526 7527 523 2524
