16367 600.003
524 8075 524 2519
523 8063 523 2524
542 8078 542 2509
543 8049 542 2509
538 8103 533 2514
533 8118 533 2514
584 8054 578 2489
580 8061 578 2489
579 8064 578 2489
593 8126 587 2484
588 8130 587 2484
587 8136 587 2484
544 8071 533 2514
551 8001 551 2504
560 8012 560 2499
546 7963 542 2509
570 8005 569 2494
575 8001 569 2494
546 7965 533 2514
598 8113 587 2484
597 8119 587 2484
569 8030 569 2494
589 8047 578 2489
578 8073 578 2489
555 7978 551 2504
561 7987 560 2499
557 7954 551 2504
552 7986 551 2504
581 7965 560 2499
565 7967 560 2499
580 7998 569 2496
