6837 180.048
582 9504 523 2535
566 9183 542 2524
597 9815 569 2498
580 9794 533 2516
571 10010 569 2500
589 9915 578 2491
569 9716 542 2513
585 10099 578 2495
591 9103 527 2602
594 9437 533 2518
550 9306 523 2566
576 9871 523 2526
591 9338 523 2543
567 9436 560 2515
567 9126 536 2556
582 9822 551 2506
583 10007 578 2497
576 9365 533 2520
584 9828 524 2521
561 9340 533 2522
584 9475 523 2530
590 9954 569 2496
578 9769 551 2508
593 10331 560 2499
589 9905 578 2499
600 9968 560 2499
579 9647 533 2518
579 10042 569 2498
586 10336 578 2493
554 9262 524 2523
578 9560 523 2528
592 9974 542 2509
585 9427 542 2511
585 10088 569 2496
599 9985 523 2524
570 9409 560 2501
569 9242 524 2537
576 9543 523 2537
600 10123 587 2484
604 10443 569 2494
575 9860 551 2506
557 9224 523 2545
595 9952 551 2504
589 9419 523 2540
599 9713 551 2504
559 9518 542 2515
575 9881 542 2511
612 9900 560 2499
557 9573 523 2535
591 9767 578 2489
602 10013 524 2519
577 9820 523 2526
597 10063 560 2499
571 9556 523 2544
587 9998 587 2499
616 10032 569 2494
585 9679 524 2521
607 9339 523 2535
584 9574 551 2513
590 9624 551 2506
587 9566 533 2514
568 9794 560 2506
575 9663 523 2532
