54163 1290.57
523 7227 523 2524
524 7345 524 2519
525 7154 523 2524
525 7142 524 2519
533 6951 533 2514
526 6832 523 2524
526 6824 524 2519
527 6797 523 2524
528 6787 523 2524
579 6872 569 2494
588 6962 578 2489
588 6961 578 2493
559 6779 551 2504
564 6767 551 2504
583 6975 578 2489
583 6974 578 2493
574 6882 569 2494
537 6751 523 2524
531 6760 523 2526
561 6778 551 2504
532 6755 523 2526
566 6765 551 2504
542 6777 542 2509
529 6736 524 2519
550 6752 542 2509
551 6785 551 2504
561 6777 551 2508
566 6764 551 2508
556 6781 551 2504
556 6780 551 2508
570 6803 560 2503
565 6817 560 2499
534 6745 533 2514
543 6773 542 2509
532 6751 523 2528
570 6804 560 2499
560 6839 560 2499
550 6751 542 2513
551 6784 551 2508
537 6738 533 2514
530 6719 524 2519
565 6816 560 2503
532 6772 523 2524
569 6896 569 2498
545 6756 542 2509
560 6838 560 2503
569 6901 569 2494
592 7088 587 2484
579 6866 569 2498
578 6995 578 2489
587 7110 587 2484
592 7087 587 2488
537 6737 533 2518
597 7070 587 2484
587 7109 587 2488
