14306 540.245
603 10212 542 2515
564 9722 523 2532
567 9332 524 2527
567 9651 523 2532
554 9585 523 2541
572 9946 523 2530
582 9636 524 2525
542 9323 523 2561
585 9417 523 2537
571 9755 524 2525
574 9648 524 2525
541 9281 524 2538
621 10138 542 2517
544 9220 524 2534
563 9504 523 2550
541 9252 524 2547
538 9327 524 2529
567 9723 533 2518
643 11203 542 2513
552 9692 533 2520
556 9825 524 2525
708 11967 551 2510
571 10121 524 2523
582 10139 523 2528
562 9854 523 2537
561 9518 533 2522
595 9859 523 2528
586 10068 523 2528
563 9770 524 2525
579 9982 524 2523
564 9595 533 2520
555 9203 523 2555
569 9437 523 2541
587 9876 523 2530
563 9464 524 2527
565 9683 523 2537
544 9123 524 2536
540 9133 524 2558
565 9258 533 2529
553 9434 533 2526
559 9561 533 2524
566 9391 524 2527
556 9673 524 2527
