56383 1800.52
524 7412 523 2524
523 7423 523 2524
524 7403 523 2529
523 7405 523 2529
524 7450 524 2519
542 7321 533 2514
545 7313 533 2514
534 7375 533 2514
533 7378 533 2514
537 7333 533 2514
544 7319 533 2514
578 7676 578 2489
579 7660 578 2489
570 7508 569 2494
569 7524 569 2494
560 7361 560 2499
544 7273 542 2511
548 7257 542 2511
551 7274 551 2504
548 7261 542 2509
565 7353 560 2499
542 7282 542 2509
545 7275 542 2509
545 7271 542 2511
544 7276 542 2509
542 7278 542 2511
551 7270 551 2506
578 7673 578 2491
579 7657 578 2491
