116448 3120.66
538 9275 524 2547
535 8847 533 2564
549 8855 533 2531
539 8902 523 2541
535 8902 533 2551
551 8931 524 2536
552 8976 524 2534
548 8923 524 2540
549 8953 542 2526
533 8943 533 2535
550 8845 524 2540
539 8883 533 2531
536 8895 533 2529
542 8971 542 2524
541 8785 533 2535
537 9230 524 2556
545 9140 524 2534
542 8854 524 2561
544 8750 533 2558
549 9020 524 2534
557 8842 533 2533
541 9094 524 2538
537 8892 533 2544
547 9053 524 2534
561 8771 533 2544
551 9052 551 2519
550 8980 524 2536
551 9051 523 2539
544 9110 524 2536
560 9136 560 2514
660 11324 578 2504
581 9764 560 2512
573 9558 569 2509
665 11089 524 2530
680 10820 524 2530
552 9030 551 2523
573 9843 524 2532
600 9519 551 2517
569 9903 542 2522
605 10460 551 2515
603 9895 569 2507
545 8828 523 2548
653 10876 560 2510
540 8970 524 2540
629 10297 523 2537
628 10612 523 2537
576 9550 533 2527
537 8837 533 2564
647 11336 569 2505
535 8900 533 2557
624 9507 551 2517
538 8859 524 2562
589 9433 524 2532
570 9498 542 2522
546 8997 524 2536
533 9042 533 2533
571 9387 542 2522
637 10311 533 2525
580 9537 551 2517
575 9098 560 2518
646 10522 542 2520
