173 9.84371
533 8898 533 2518
565 8933 560 2499
536 8705 523 2526
561 8590 523 2526
551 8483 524 2521
552 8837 523 2524
567 8519 542 2520
549 8945 523 2524
530 8551 524 2525
540 8398 524 2530
548 8343 524 2530
544 8352 524 2546
546 8575 523 2544
553 8798 542 2509
538 8637 533 2518
560 8607 523 2539
534 8709 524 2523
548 9004 542 2509
560 9083 560 2499
544 9000 523 2524
541 8380 524 2546
535 8540 524 2519
564 9042 560 2499
535 8726 523 2535
562 9058 560 2499
532 8611 523 2560
545 8639 523 2535
551 8694 551 2504
529 8900 523 2530
533 8660 523 2544
549 8863 542 2511
527 8672 523 2544
533 8566 523 2551
569 8992 569 2494
526 8869 524 2523
542 8521 533 2516
527 8921 523 2528
549 8534 523 2556
536 8484 524 2528
598 9278 587 2484
534 8644 533 2514
568 8337 524 2552
534 8534 524 2530
554 8689 523 2528
587 9360 587 2484
544 8372 524 2543
550 8717 542 2511
532 8851 523 2528
533 8444 524 2534
550 8579 542 2513
566 8462 523 2553
545 8878 542 2513
546 8859 542 2513
534 8432 524 2543
542 8600 523 2548
542 8889 542 2513
578 9067 578 2489
533 8855 524 2523
