71407 2640.8
556 8243 556 2571
531 7893 529 2586
529 7916 529 2582
540 7922 538 2577
529 7910 529 2584
538 7926 538 2577
540 7918 538 2579
531 7896 529 2582
538 7922 538 2579
526 7858 523 2597
523 7879 523 2595
531 7881 523 2593
531 7872 529 2590
531 7830 523 2595
532 7867 529 2590
547 8020 547 2572
532 7827 523 2595
526 7947 523 2593
523 7872 523 2601
531 7804 523 2603
531 7809 523 2599
533 7808 523 2599
533 7803 523 2603
526 7813 523 2605
529 7814 523 2599
526 7818 523 2599
534 7870 523 2593
529 7804 523 2605
526 7808 523 2607
529 7809 523 2603
565 8339 565 2566
523 7838 523 2605
531 7801 523 2612
534 7823 523 2595
