9801 3403.66
523 7677 523 2524
523 7607 523 2526
533 7589 533 2514
534 7564 533 2514
534 7563 524 2519
524 7569 524 2519
542 7588 542 2509
535 7559 533 2514
533 7583 533 2518
534 7593 523 2524
556 7616 551 2504
543 7586 542 2509
551 7620 551 2504
560 7694 560 2499
543 7585 542 2513
578 7827 578 2489
583 7823 578 2489
569 7722 569 2494
570 7720 569 2494
575 7713 569 2494
592 7951 587 2484
587 7955 587 2484
566 7640 560 2499
561 7644 560 2499
592 7943 587 2488
587 7947 587 2488
583 7815 578 2493
574 7719 569 2498
