3803 120.051
547 9524 542 2571
557 9213 524 2569
552 9101 523 2576
563 9718 533 2537
561 9717 533 2546
549 9344 524 2569
556 9390 523 2560
562 9786 533 2535
560 9327 524 2555
543 8989 523 2578
555 9660 523 2562
597 9508 524 2538
562 9503 533 2546
566 9542 533 2538
565 9557 524 2547
564 9424 533 2547
571 9603 524 2538
560 9387 523 2562
562 9281 524 2551
551 9355 533 2555
554 9511 523 2567
565 9431 523 2554
570 9261 533 2550
573 9408 524 2549
568 9414 524 2549
556 9430 523 2558
548 9549 533 2559
561 9210 524 2564
571 9440 533 2533
582 9311 533 2546
561 9247 523 2556
590 9647 524 2534
568 9600 523 2543
550 9269 524 2560
583 9375 533 2540
613 10508 542 2522
601 10397 523 2535
603 10042 542 2524
568 9651 524 2536
612 9504 524 2532
730 11978 542 2520
574 9751 523 2537
619 9980 523 2535
582 9860 524 2530
565 9789 533 2529
560 9512 523 2550
567 9472 524 2542
581 10248 524 2532
589 9854 524 2534
567 9463 533 2525
