226 8.42018
633 10614 541 2751
637 11323 539 2707
643 10835 527 2739
618 10755 536 2745
586 9869 542 2681
596 9898 542 2668
563 9765 551 2663
629 10917 625 2638
581 10197 542 2687
564 9681 551 2654
571 9753 551 2650
551 9567 551 2676
562 8945 562 2694
580 9316 553 2699
614 10294 527 2786
634 10968 616 2634
565 9084 553 2701
547 8698 544 2739
544 8741 544 2742
548 8774 544 2715
562 8943 562 2703
569 8989 562 2687
553 8734 553 2717
553 8760 553 2710
594 9534 553 2692
545 8847 544 2720
548 8741 544 2721
553 8725 553 2732
562 8819 562 2705
544 8718 544 2746
547 8716 544 2735
548 8729 544 2728
596 10259 542 2666
