57795 480.052
595 9755 524 2565
663 10687 524 2539
587 9694 533 2594
612 10282 523 2556
601 10465 565 2544
570 9514 538 2628
572 9721 533 2548
615 10381 524 2555
666 10327 524 2540
567 9736 523 2599
663 11344 542 2530
770 11881 533 2527
585 9749 524 2582
582 9875 523 2584
696 11302 533 2533
655 10902 524 2540
700 12088 542 2519
617 10397 524 2552
588 10140 524 2556
622 10403 551 2527
613 10295 542 2541
632 10626 542 2539
644 10850 524 2542
678 11001 523 2544
653 10660 524 2544
662 11593 551 2523
598 9867 524 2560
645 11392 523 2541
580 10012 523 2591
673 10984 533 2535
652 10750 524 2546
612 9588 559 2567
644 10783 524 2549
640 11010 536 2543
667 11120 565 2524
638 10906 523 2545
724 12398 524 2536
628 10596 523 2552
625 10134 523 2575
589 9594 524 2580
666 11564 551 2523
