263212 1440.09
571 9763 523 2634
569 10005 524 2568
558 9739 524 2569
590 9872 523 2569
583 9850 523 2577
572 9648 524 2564
597 9757 572 2538
584 9772 524 2525
629 9979 560 2524
640 11102 542 2519
569 9583 551 2565
648 10536 523 2534
668 10905 551 2506
648 11085 542 2519
667 10882 542 2517
593 10255 551 2524
587 9587 524 2558
630 10780 560 2515
578 9420 565 2590
582 9340 542 2587
620 10350 551 2517
619 10566 523 2538
565 9896 533 2557
561 9389 527 2596
580 9653 523 2578
578 9917 523 2568
592 9910 523 2562
569 9698 533 2548
576 9757 523 2583
579 9967 523 2544
568 9553 533 2571
685 11612 523 2532
568 9506 557 2565
588 9638 542 2539
632 10816 572 2514
574 9560 533 2543
624 10077 542 2522
647 11384 560 2505
571 9623 533 2568
593 9858 523 2548
581 10151 542 2540
642 11423 533 2518
652 11230 542 2513
570 9872 523 2588
594 10250 533 2522
595 9829 523 2541
601 10075 551 2518
586 9851 523 2572
684 11784 523 2530
593 10265 569 2520
701 11885 560 2499
566 9649 542 2579
678 11652 542 2511
580 9940 524 2562
598 10261 542 2521
664 11134 551 2515
573 9533 542 2550
