5 0.398533
671 11726 541 2777
680 11655 566 2720
705 12010 606 2650
651 11470 598 2677
659 11655 570 2720
706 11958 587 2662
732 12679 536 2744
648 11320 574 2696
649 11154 571 2776
652 11167 580 2721
684 11555 550 2713
690 11799 548 2724
692 11341 636 2669
862 14997 613 2626
637 11103 592 2686
639 10802 606 2777
656 11226 571 2770
671 12042 532 2752
673 11845 558 2765
681 12068 569 2713
682 11699 529 2750
685 11698 571 2671
691 11874 538 2743
694 12237 590 2670
695 11661 589 2657
696 11623 578 2665
703 12334 557 2694
704 12184 548 2690
705 12114 561 2705
708 12316 584 2664
715 12193 541 2687
717 12019 538 2672
736 13086 546 2669
748 13090 524 2731
758 12895 554 2637
