84 5.37876
537 9192 523 2569
564 9692 542 2511
559 9606 524 2523
565 9552 523 2534
584 9784 569 2494
573 9533 524 2519
582 9891 560 2499
587 9730 560 2499
571 9469 523 2526
550 8938 533 2514
570 9527 524 2523
579 9269 551 2512
556 9705 524 2521
584 9882 560 2499
601 9963 587 2490
568 9532 542 2513
598 10013 578 2489
560 9653 523 2530
564 9803 560 2501
571 9602 542 2509
557 9435 524 2529
567 9514 523 2526
579 9447 523 2526
602 10466 587 2488
577 9472 542 2511
560 9404 524 2529
571 9474 524 2523
574 9561 523 2524
575 9302 524 2521
583 10212 578 2491
564 9298 551 2504
572 9560 524 2521
548 9171 524 2531
574 9488 542 2511
579 9554 542 2509
585 9615 560 2501
601 9779 569 2494
682 10396 587 2484
544 9082 523 2537
585 9394 524 2519
673 11273 587 2486
543 9495 533 2520
565 9674 542 2511
