34 1.10682
600 10271 524 2579
563 9402 554 2612
590 10362 545 2579
606 10367 554 2571
628 10989 523 2581
643 10893 524 2577
748 12834 533 2562
593 9977 536 2605
597 10409 533 2602
609 10002 566 2582
681 11374 524 2574
612 10485 533 2571
573 9737 523 2609
600 10215 533 2575
612 10193 533 2586
670 11444 524 2576
673 11612 551 2552
616 10784 551 2553
671 11481 542 2556
695 12311 569 2538
702 12110 524 2570
593 10035 542 2591
597 10441 565 2576
598 10437 542 2564
619 10658 551 2555
642 11098 542 2560
647 11085 584 2551
665 11214 560 2546
677 11891 581 2544
684 11800 551 2546
706 12320 533 2567
