1345 36.2287
576 9617 523 2576
551 9191 523 2603
546 9233 523 2596
565 9648 523 2576
548 9244 523 2589
586 9831 523 2571
586 10258 533 2557
552 9211 524 2562
568 9510 533 2561
548 9273 524 2562
551 9271 524 2562
596 10183 523 2569
597 10014 523 2569
577 10114 533 2559
596 9969 533 2557
589 10189 533 2557
603 10552 523 2567
548 9170 524 2571
603 10451 542 2554
626 11124 542 2552
549 8995 523 2604
605 10401 551 2549
591 10022 533 2557
547 9103 524 2577
605 10103 523 2567
569 9321 523 2580
552 9158 524 2571
597 9735 533 2559
544 9217 524 2581
542 9176 524 2588
556 9344 523 2584
