1779 12.3784
709 11690 523 2638
624 10737 524 2647
665 11435 545 2619
625 10278 542 2631
622 11031 548 2672
629 10494 536 2676
649 11255 527 2636
607 10485 551 2630
648 10698 566 2625
653 11795 524 2637
731 11555 524 2629
661 11282 542 2626
710 12114 524 2577
675 10691 554 2613
657 10971 547 2617
699 11416 523 2645
666 11616 545 2596
616 10724 551 2583
660 11556 533 2626
671 11262 533 2591
610 10308 551 2633
682 11846 523 2637
662 10786 523 2656
672 11225 542 2627
723 12866 523 2620
634 11087 548 2629
671 11276 524 2645
