67148 2400.8
541 7517 533 2514
542 7511 533 2514
533 7519 533 2514
523 7516 523 2524
524 7510 523 2524
527 7566 524 2519
524 7567 524 2519
542 7535 542 2509
597 7804 587 2484
592 7817 587 2484
587 7830 587 2484
543 7519 542 2509
574 7562 569 2494
566 7466 560 2501
566 7471 560 2499
569 7570 569 2494
580 7560 569 2494
560 7485 560 2499
560 7480 560 2501
561 7450 551 2506
561 7455 551 2504
560 7447 542 2509
560 7442 542 2511
524 7564 524 2521
570 7463 560 2501
565 7469 560 2501
569 7448 551 2506
570 7468 560 2499
565 7474 560 2499
589 7690 578 2489
550 7454 542 2509
569 7453 551 2504
551 7462 551 2504
574 7554 569 2496
578 7700 578 2489
583 7692 578 2489
569 7556 569 2496
578 7694 578 2491
