21604 570.29
579 8964 523 2526
572 9286 569 2502
560 9205 523 2524
591 9754 587 2484
547 8718 523 2539
592 9439 578 2491
609 8983 524 2523
578 9190 569 2498
571 9003 523 2528
568 9049 523 2534
569 9151 523 2531
552 8997 551 2508
568 9331 524 2519
566 9430 560 2501
570 9289 569 2494
563 9163 524 2523
572 9300 524 2519
570 9027 523 2530
559 9190 524 2526
550 8771 524 2527
594 9424 587 2488
564 8775 542 2511
573 9663 560 2499
601 9182 569 2494
552 8998 533 2514
571 9232 551 2504
580 9047 560 2499
577 9488 560 2499
569 9150 524 2525
554 8761 524 2527
579 9032 523 2524
580 9476 578 2493
570 8797 524 2525
609 9511 578 2489
597 9568 587 2484
570 9053 523 2528
578 9528 578 2489
567 9723 551 2504
584 9048 551 2504
578 9225 560 2499
601 9516 578 2489
586 8930 523 2528
569 9187 523 2528
571 9240 524 2521
577 9251 524 2519
583 9149 524 2519
587 9662 587 2488
566 9083 523 2534
543 9040 533 2516
572 9157 523 2524
577 8926 542 2509
551 9045 542 2509
563 9325 560 2503
628 9502 578 2489
579 9205 569 2494
574 9581 560 2499
561 8910 523 2538
576 9115 551 2504
621 9536 587 2484
569 9166 523 2530
587 9140 524 2523
570 9341 551 2504
569 9193 569 2505
587 8780 523 2532
