7027 249.224
548 9059 523 2580
548 9303 523 2575
553 9136 523 2576
541 9210 523 2576
558 9190 523 2569
538 9090 523 2580
548 9196 523 2578
577 9759 523 2558
578 9572 523 2558
562 9367 523 2560
559 9132 523 2569
536 8966 523 2582
527 8856 523 2584
542 9403 523 2569
549 9314 523 2571
552 9049 523 2578
554 9237 523 2571
570 9458 524 2553
560 9544 524 2555
568 9492 524 2555
563 9313 533 2550
581 9400 524 2553
580 9661 542 2543
584 9331 533 2548
612 9982 551 2540
561 9361 533 2548
532 8926 524 2566
559 9438 542 2547
595 9570 542 2543
613 10413 551 2538
570 9404 542 2547
578 9730 542 2543
608 10281 551 2540
631 10653 560 2533
632 10524 560 2533
550 9380 542 2549
620 10191 551 2538
545 9294 524 2557
542 9144 524 2561
556 9056 533 2552
546 9043 524 2561
544 9198 524 2559
566 9802 551 2542
558 9506 542 2547
555 9812 524 2555
596 9671 551 2542
544 9061 533 2554
536 9286 533 2561
535 8719 524 2568
553 9282 524 2557
540 9198 533 2552
562 9334 533 2548
597 9329 542 2547
524 8821 524 2568
556 9283 523 2562
566 9333 551 2544
560 9378 542 2549
546 9010 533 2561
547 9192 524 2559
