2 0.109448
710 12150 610 2729
720 12915 561 2734
745 12514 582 2724
754 13096 544 2762
655 11539 565 2769
680 11330 653 2706
713 12125 597 2726
726 12156 589 2732
727 12492 631 2687
746 13151 579 2684
642 11481 588 2734
660 11233 615 2718
675 11251 588 2762
686 12085 571 2760
687 11772 587 2749
691 11834 579 2768
704 11726 579 2746
705 12661 580 2723
706 12420 588 2690
713 12275 643 2715
714 12022 579 2738
717 12388 613 2712
733 12048 608 2719
737 12848 574 2736
738 12594 582 2728
739 13033 641 2679
742 12735 560 2764
745 13208 544 2771
747 12915 566 2707
750 12948 560 2717
753 12074 554 2724
765 13055 596 2687
765 13500 562 2690
800 13384 625 2676
