28 1.03877
703 12166 536 2705
618 10421 544 2723
634 10671 597 2654
746 11962 585 2664
636 10882 592 2686
669 10836 578 2681
670 11250 571 2675
653 11033 590 2677
708 11393 594 2655
659 10718 575 2685
681 11200 592 2664
711 11429 580 2665
769 12892 594 2646
662 10915 580 2681
680 11253 551 2687
641 11029 566 2682
680 11297 595 2663
649 11411 542 2705
655 11156 603 2651
612 10359 566 2690
620 10612 606 2657
596 10129 566 2703
587 10118 564 2761
590 9956 564 2761
583 9818 564 2770
583 9929 564 2763
585 9861 564 2763
588 10007 564 2761
