117201 3582.36
523 7669 523 2524
525 7673 524 2519
524 7678 524 2519
541 7630 523 2524
530 7603 524 2519
533 7626 533 2514
536 7281 533 2514
551 7228 551 2504
538 7253 533 2514
536 7255 524 2519
551 7239 523 2524
543 7282 542 2509
551 7202 533 2514
542 7302 523 2524
551 7206 524 2519
542 7293 542 2509
552 7208 523 2524
552 7169 524 2519
551 7205 524 2521
552 7111 533 2514
546 7110 533 2516
553 7155 523 2524
554 7072 542 2509
554 7082 551 2504
553 7092 524 2519
554 7072 533 2514
552 7112 551 2504
563 7128 523 2524
547 7098 542 2509
583 7195 578 2489
592 7280 587 2484
585 7193 578 2489
569 7162 569 2494
578 7221 578 2489
560 7135 560 2499
561 7106 560 2499
555 7146 523 2529
575 7132 569 2494
570 7133 569 2494
556 7140 523 2524
555 7149 523 2524
555 7061 533 2514
587 7302 587 2484
562 7084 560 2499
555 7061 542 2509
555 7063 551 2504
