6135 240.09
570 9735 524 2519
547 9453 523 2532
559 9721 523 2524
583 9706 578 2489
545 8970 533 2518
565 9703 560 2510
592 9583 542 2509
568 9352 542 2511
619 9135 523 2528
598 9513 551 2504
569 9350 533 2514
562 9189 523 2557
559 9353 523 2526
602 9236 551 2517
579 9736 569 2494
584 9283 533 2514
580 9718 569 2496
607 9671 578 2493
577 9470 524 2519
570 9593 524 2521
597 9626 569 2494
572 9521 523 2524
574 9302 533 2514
584 9977 542 2509
598 9987 587 2484
603 9436 569 2496
568 9835 524 2523
576 9698 551 2504
605 9913 587 2484
602 9376 524 2523
574 9450 523 2524
569 9195 523 2531
569 9069 524 2527
573 9880 569 2496
567 9530 523 2524
585 9618 542 2509
578 9449 524 2519
582 9709 560 2499
575 9653 524 2519
576 9471 524 2521
