78819 2100.4
552 9018 523 2524
590 9283 587 2484
566 8964 523 2526
564 8808 533 2516
554 9288 542 2511
551 8862 524 2519
587 8707 523 2524
564 8912 533 2514
560 9274 560 2501
566 8681 523 2528
557 8865 542 2509
570 8825 533 2514
564 8747 551 2508
556 8639 533 2537
581 8706 560 2499
562 9032 533 2514
550 9170 533 2522
587 9355 587 2484
561 8763 524 2519
560 9314 560 2499
576 8715 542 2511
552 9005 551 2510
571 8866 560 2499
557 8765 524 2521
552 8844 524 2521
570 8968 569 2503
558 8787 542 2515
574 8989 523 2524
589 8949 569 2494
554 8728 523 2533
563 8896 523 2528
567 8969 560 2501
548 8876 523 2530
557 8715 533 2520
560 8713 523 2550
562 8905 551 2504
551 9031 551 2504
554 9116 533 2514
565 8992 560 2499
599 9010 578 2489
567 8887 533 2514
562 8717 542 2509
564 9296 560 2499
561 8690 533 2518
546 9251 533 2521
579 8958 523 2524
546 8935 524 2525
578 8971 569 2494
583 8842 569 2496
580 8654 523 2526
563 8489 524 2521
573 8860 569 2498
578 9043 578 2489
542 8821 542 2513
554 8839 533 2516
555 8983 542 2511
578 8707 560 2499
558 9112 533 2514
544 8956 524 2528
587 9101 587 2488
569 9040 569 2494
592 9126 587 2484
558 8869 551 2506
573 8668 533 2514
574 8942 523 2526
587 9278 587 2486
563 8773 551 2504
589 8738 524 2519
