1523 60.0541
578 9963 533 2550
575 9616 560 2549
626 10120 551 2508
595 9781 533 2528
612 9867 533 2520
593 10115 523 2540
600 10550 551 2508
602 10135 533 2518
625 10502 578 2489
603 10312 523 2534
602 10628 523 2538
613 10635 524 2519
614 10393 523 2532
614 10419 524 2519
592 9710 533 2531
597 10666 560 2499
609 10245 533 2516
580 9725 560 2520
571 9318 523 2553
616 10530 551 2504
580 9733 533 2532
617 10803 578 2489
574 9541 569 2496
615 10294 523 2532
605 10092 533 2520
580 9549 554 2552
618 10336 587 2484
621 10248 523 2530
605 9974 523 2537
581 9755 523 2541
625 10124 560 2499
580 9749 551 2521
622 10542 523 2528
630 10336 523 2528
618 10218 523 2532
593 9939 542 2509
585 9819 524 2525
598 10403 560 2501
626 10925 569 2494
625 10567 523 2524
628 10690 533 2514
634 10462 578 2495
643 10614 533 2514
643 10722 569 2494
569 9867 551 2549
576 9959 560 2503
619 10586 523 2526
593 9840 524 2521
606 10081 587 2490
607 10400 523 2532
