23477 720.238
592 7796 587 2484
587 7805 587 2484
583 7635 578 2489
551 7383 551 2504
554 7378 551 2504
560 7475 560 2499
563 7470 560 2499
578 7645 578 2489
594 7786 587 2484
599 7782 587 2484
523 7305 523 2524
569 7594 569 2494
533 7293 524 2519
544 7346 542 2509
574 7575 569 2494
524 7314 524 2519
533 7289 524 2521
540 7317 533 2516
542 7311 533 2514
528 7303 524 2519
528 7299 524 2521
540 7321 533 2514
533 7328 533 2516
533 7332 533 2514
547 7307 533 2514
547 7303 533 2516
542 7307 533 2516
542 7371 542 2509
526 7308 524 2519
524 7310 524 2521
526 7304 524 2521
535 7323 533 2516
535 7327 533 2514
571 7588 569 2494
537 7320 533 2516
537 7324 533 2514
