6517 180.022
562 9016 523 2536
534 9001 523 2538
560 9390 523 2534
539 9052 524 2533
538 9025 533 2532
580 9859 551 2512
613 10519 560 2507
630 10527 560 2505
632 10854 560 2503
613 10453 551 2508
645 10846 560 2503
561 9246 524 2529
556 9550 524 2525
594 9611 551 2510
542 8837 524 2533
541 9175 533 2530
560 9284 524 2529
573 10019 551 2512
564 9190 524 2529
553 9345 524 2529
555 9014 533 2530
562 9831 542 2513
548 9392 524 2527
582 9791 551 2510
554 9258 524 2531
562 9220 524 2527
560 9422 524 2525
559 9508 524 2523
551 9019 542 2532
581 9513 523 2528
540 9178 533 2522
565 9579 523 2528
563 9339 542 2513
557 9693 524 2523
589 9684 551 2510
546 9079 542 2515
543 9056 533 2518
566 9329 524 2523
565 9095 524 2529
