73306 2280.64
578 7349 578 2489
592 7443 587 2484
587 7452 587 2484
524 7230 524 2519
533 7209 524 2519
587 7329 578 2489
578 7233 569 2496
584 7230 569 2496
569 7234 569 2496
587 7286 578 2491
578 7306 578 2491
553 7104 542 2509
538 7088 533 2514
546 7112 542 2509
542 7115 542 2509
551 7150 551 2504
554 7138 551 2504
556 7133 551 2504
554 7114 551 2506
542 7091 542 2511
556 7109 551 2506
551 7126 551 2506
556 7103 551 2508
554 7108 551 2508
546 7082 542 2513
538 7058 533 2518
542 7085 542 2513
564 7159 560 2501
560 7161 560 2501
525 7219 524 2519
551 7119 551 2508
553 7073 542 2513
523 7216 523 2524
537 7062 533 2518
553 7079 542 2511
560 7183 560 2499
533 7095 533 2514
537 7092 533 2514
569 7243 569 2494
592 7407 587 2486
587 7416 587 2486
526 7214 524 2519
537 7063 524 2521
538 7059 524 2521
537 7063 533 2516
532 7064 524 2521
538 7059 533 2516
533 7064 533 2516
537 7055 524 2523
546 7083 542 2511
532 7056 524 2523
537 7047 524 2525
532 7048 524 2525
538 7043 524 2525
537 7056 533 2520
538 7046 524 2523
533 7061 533 2520
538 7052 533 2520
