5113 188.225
358 5984 358 2236
330 5669 328 2250
338 5693 328 2246
333 5697 328 2246
331 5574 320 2255
353 5814 348 2238
352 5923 348 2237
323 5537 314 2259
332 5460 320 2257
330 5598 322 2253
332 5572 321 2251
346 5784 342 2239
324 5432 312 2262
330 5616 321 2254
330 5636 328 2251
333 5611 320 2252
331 5487 316 2257
331 5646 321 2251
334 5589 322 2250
332 5517 320 2253
324 5418 302 2276
329 5499 316 2257
333 5630 321 2250
340 5754 334 2241
322 5437 309 2274
324 5456 312 2260
323 5459 310 2265
340 5733 327 2245
324 5554 322 2254
347 5773 342 2239
341 5748 334 2241
330 5486 316 2259
322 5421 305 2277
340 5734 326 2247
348 5889 334 2239
334 5627 321 2250
323 5420 307 2270
324 5548 321 2255
340 5738 328 2244
324 5424 304 2270
344 5735 328 2244
344 5741 334 2241
322 5415 305 2280
322 5426 304 2284
348 5866 326 2246
323 5408 304 2285
324 5436 312 2261
341 5736 328 2244
322 5415 304 2288
322 5421 304 2285
324 5426 310 2266
329 5522 315 2258
332 5664 328 2247
331 5548 316 2256
323 5402 299 2300
323 5408 303 2289
323 5402 300 2292
325 5443 310 2264
323 5402 304 2288
324 5408 299 2278
322 5415 300 2292
324 5436 310 2265
324 5419 299 2277
353 5760 342 2239
330 5510 315 2258
332 5594 322 2250
334 5508 320 2255
324 5426 309 2268
366 5891 364 2236
323 5406 312 2275
326 5432 309 2267
344 5728 327 2245
351 5817 348 2238
323 5402 305 2280
323 5406 307 2279
331 5574 315 2257
367 5886 364 2236
351 5887 334 2239
349 5836 348 2238
350 5834 348 2238
332 5466 320 2256
323 5427 307 2269
324 5435 309 2267
324 5403 304 2282
343 5794 334 2240
348 5878 332 2242
323 5407 310 2272
323 5408 305 2277
322 5437 299 2299
324 5403 299 2286
341 5744 334 2243
344 5737 334 2243
323 5418 310 2268
331 5452 320 2259
322 5421 303 2289
351 5764 342 2239
361 5955 358 2236
324 5529 315 2258
323 5411 312 2267
322 5437 310 2266
349 5768 342 2239
331 5502 320 2256
340 5749 334 2243
322 5426 305 2276
324 5414 303 2275
349 5943 342 2238
323 5408 299 2299
324 5408 304 2274
322 5421 300 2291
322 5415 299 2300
340 5728 327 2247
341 5721 326 2248
323 5515 312 2260
331 5578 320 2253
340 5723 326 2248
324 5425 312 2263
333 5611 322 2249
348 5854 323 2248
351 5876 327 2244
330 5597 316 2256
360 5961 358 2236
348 5786 334 2240
332 5516 320 2255
341 5732 326 2247
323 5411 307 2273
323 5417 312 2264
355 5898 342 2238
322 5421 310 2269
366 5972 364 2235
355 6132 320 2251
323 5408 300 2291
324 5414 304 2271
380 6134 380 2233
324 5532 316 2257
324 5451 310 2264
344 5726 327 2247
348 5883 327 2244
363 5832 358 2237
365 5892 364 2236
334 5509 320 2253
340 5785 332 2243
353 5910 348 2237
326 5543 308 2268
342 5775 332 2243
323 5408 310 2269
326 5432 310 2265
330 5600 315 2257
324 5422 310 2267
364 6051 364 2235
368 6182 354 2235
356 6039 334 2238
328 5490 308 2268
378 6143 364 2234
323 5437 312 2263
362 5846 358 2237
355 5900 348 2237
356 6044 342 2237
356 6027 331 2242
378 6146 374 2233
374 6074 358 2235
360 6077 358 2235
368 6171 364 2234
362 6054 348 2236
381 6218 380 2232
352 5905 342 2238
354 5900 342 2238
356 6052 332 2241
391 6375 390 2231
357 6022 332 2241
348 5861 328 2243
374 6185 370 2233
374 6153 354 2235
354 5905 348 2237
369 6159 354 2235
325 5436 312 2260
326 5441 310 2264
366 6032 354 2236
359 5962 358 2236
369 6148 364 2234
357 6035 334 2238
374 6023 374 2234
