25477 780.266
405 7286 299 2336
405 7422 299 2318
413 6886 299 2302
395 7034 302 2290
410 7272 299 2291
406 6940 299 2292
412 7158 299 2291
359 6227 307 2283
358 6343 311 2278
378 6538 303 2287
392 6843 310 2269
376 6498 309 2271
359 6290 307 2273
368 6410 309 2272
388 6663 309 2270
372 6265 346 2229
375 6226 345 2232
339 5751 333 2243
338 5731 315 2259
341 5719 315 2259
371 6125 315 2258
340 5694 320 2254
353 5933 332 2240
374 6217 346 2229
374 6258 345 2232
384 6306 347 2228
391 6452 360 2226
336 5642 327 2246
388 6471 380 2224
340 5708 333 2243
381 6482 380 2224
378 6317 370 2225
364 6202 364 2227
362 6153 339 2234
370 6251 370 2226
375 6363 370 2225
368 6182 347 2229
368 6169 348 2228
371 6227 364 2226
365 6187 347 2229
365 6198 348 2228
341 5704 332 2243
371 6210 354 2227
333 5633 327 2250
363 6113 354 2228
367 6178 364 2227
332 5619 321 2253
332 5587 316 2263
334 5634 322 2252
348 5823 326 2245
363 6034 339 2234
367 6025 354 2228
348 5726 334 2238
345 5744 340 2235
350 5898 339 2235
364 5934 358 2228
347 5724 340 2236
356 5844 342 2233
348 5776 340 2234
356 5856 346 2230
342 5696 334 2239
357 5922 348 2229
380 6117 374 2226
350 5704 327 2244
366 5914 358 2229
351 5853 346 2232
350 5750 333 2240
345 5721 327 2244
344 5766 333 2239
352 5841 346 2232
370 6069 364 2227
344 5752 333 2240
354 5852 346 2231
345 5686 334 2239
347 5748 338 2237
353 5886 340 2233
354 5884 346 2230
354 5857 342 2233
356 5826 346 2232
354 5837 346 2232
356 5775 342 2234
356 5845 346 2231
342 5641 334 2240
343 5630 332 2242
338 5623 327 2245
352 5816 346 2233
340 5689 334 2240
345 5700 331 2242
342 5749 333 2241
339 5638 334 2241
351 5874 346 2231
353 5868 339 2235
336 5676 327 2245
341 5646 326 2246
334 5542 328 2244
358 5919 348 2229
337 5613 334 2243
334 5545 323 2247
342 5612 326 2246
347 5764 333 2239
349 5714 334 2238
344 5719 332 2241
346 5736 340 2237
348 5718 332 2241
336 5631 334 2243
344 5727 334 2238
333 5551 316 2255
351 5827 346 2233
347 5716 340 2238
340 5713 333 2242
345 5801 339 2236
342 5610 328 2243
334 5531 323 2251
