77816 1320.23
332 5167 328 2243
326 5141 315 2255
346 5337 323 2244
334 5113 322 2254
329 5164 323 2249
332 5169 326 2244
338 5236 328 2240
332 5161 321 2247
331 5153 322 2247
347 5332 328 2239
356 5434 331 2238
330 5172 328 2245
326 5119 312 2257
333 5135 320 2249
338 5270 321 2246
346 5334 328 2239
332 5148 322 2246
338 5244 322 2245
339 5211 322 2245
334 5177 316 2252
348 5314 323 2244
339 5263 321 2246
340 5201 322 2245
331 5139 320 2250
354 5446 331 2238
355 5437 331 2238
331 5167 321 2248
326 5088 312 2264
347 5325 323 2244
326 5060 310 2276
335 5159 326 2244
326 5060 307 2279
330 5141 323 2251
328 5094 316 2261
339 5224 328 2240
326 5099 316 2261
327 5049 299 2307
326 5084 312 2267
334 5199 315 2253
330 5159 328 2247
333 5165 328 2243
332 5136 320 2249
326 5131 323 2255
331 5171 326 2245
330 5142 322 2250
340 5235 327 2241
342 5264 340 2234
349 5382 342 2231
342 5250 340 2235
348 5377 340 2232
358 5415 358 2227
348 5387 342 2231
332 5183 328 2241
351 5439 348 2227
342 5175 334 2240
334 5142 322 2246
356 5495 346 2227
331 5190 320 2249
360 5414 358 2227
336 5181 334 2240
343 5243 332 2239
350 5367 340 2232
340 5260 334 2236
340 5248 332 2239
334 5180 328 2241
350 5354 334 2235
327 5139 315 2255
340 5170 328 2241
358 5485 346 2227
327 5154 321 2252
348 5362 333 2236
344 5250 334 2236
332 5104 320 2257
334 5157 328 2243
332 5170 331 2242
330 5153 320 2252
336 5220 334 2237
350 5358 333 2236
329 5131 315 2255
342 5246 332 2239
333 5147 328 2247
364 5669 358 2224
334 5198 332 2240
333 5205 332 2240
332 5153 331 2245
356 5455 340 2231
364 5606 348 2225
329 5162 327 2246
334 5164 326 2244
341 5274 339 2235
359 5557 354 2225
390 5826 390 2220
330 5143 314 2255
374 5706 374 2222
339 5155 328 2243
341 5211 333 2238
364 5563 364 2224
369 5624 358 2224
374 5601 374 2223
330 5146 323 2249
327 5075 305 2273
326 5107 304 2266
361 5512 358 2225
360 5514 358 2225
326 5084 299 2281
328 5132 326 2252
341 5193 332 2240
326 5149 315 2254
326 5075 304 2275
326 5087 304 2274
326 5087 309 2270
366 5559 364 2224
332 5126 322 2250
340 5235 320 2247
326 5078 305 2273
335 5222 333 2238
330 5122 322 2254
340 5241 326 2242
356 5458 333 2235
334 5119 322 2250
374 5668 364 2223
332 5179 327 2242
326 5093 303 2271
330 5071 316 2265
341 5160 333 2241
326 5093 304 2267
364 5569 340 2230
332 5114 316 2253
364 5578 339 2231
326 5105 310 2260
356 5458 342 2230
341 5254 339 2236
326 5057 310 2277
380 5756 380 2221
334 5067 322 2270
330 5071 307 2271
330 5086 322 2262
329 5083 309 2269
348 5315 348 2231
330 5071 310 2268
332 5081 316 2261
326 5054 299 2290
339 5141 322 2246
332 5097 322 2258
334 5076 322 2262
334 5086 322 2258
332 5125 315 2254
328 5151 326 2248
350 5380 348 2228
350 5373 339 2233
342 5259 334 2236
332 5178 326 2243
329 5079 309 2271
367 5604 348 2225
332 5147 331 2248
335 5191 333 2239
326 5053 303 2285
348 5370 332 2237
327 5117 315 2259
345 5278 332 2238
326 5090 307 2265
330 5123 308 2264
327 5120 323 2255
342 5242 340 2236
356 5465 332 2236
326 5118 302 2272
326 5126 309 2263
326 5046 304 2284
326 5070 307 2273
359 5443 340 2231
348 5287 339 2234
347 5244 339 2236
338 5261 332 2239
328 5108 316 2257
332 5166 326 2245
341 5128 328 2247
328 5139 326 2251
326 5103 299 2273
357 5492 346 2227
326 5073 310 2268
358 5479 358 2226
330 5089 307 2266
334 5136 328 2247
330 5172 326 2247
328 5137 315 2254
326 5061 299 2289
340 5264 333 2237
356 5466 339 2232
360 5501 348 2226
342 5209 333 2238
356 5434 334 2234
350 5450 348 2227
336 5171 328 2241
347 5269 339 2235
326 5078 303 2279
332 5081 312 2264
335 5135 326 2248
370 5751 370 2222
344 5239 332 2239
330 5145 321 2251
359 5516 358 2225
326 5075 299 2282
329 5147 321 2251
326 5095 299 2274
326 5142 316 2253
328 5121 316 2255
326 5127 312 2256
350 5314 348 2231
335 5169 327 2242
333 5150 321 2247
339 5134 328 2247
332 5106 312 2256
331 5123 315 2255
330 5096 315 2261
326 5080 307 2271
326 5115 316 2257
328 5145 322 2250
326 5073 305 2276
332 5129 320 2252
326 5104 309 2264
326 5101 323 2257
359 5454 358 2226
374 5663 354 2224
327 5155 321 2251
328 5100 310 2260
335 5115 322 2250
348 5393 348 2228
328 5075 305 2272
326 5092 310 2262
366 5669 354 2224
328 5119 312 2256
326 5079 315 2264
328 5103 316 2259
333 5169 331 2242
326 5046 300 2287
366 5632 358 2224
326 5061 315 2273
326 5082 305 2272
361 5495 348 2226
340 5146 328 2243
343 5251 334 2236
328 5042 307 2283
326 5056 304 2280
331 5057 316 2273
359 5453 333 2235
326 5052 315 2280
372 5667 354 2224
358 5519 358 2225
367 5625 358 2224
348 5359 326 2241
328 5128 316 2253
328 5052 307 2279
376 5677 374 2222
326 5100 310 2261
368 5601 348 2225
332 5067 312 2272
328 5054 310 2276
364 5577 342 2229
331 5047 316 2277
366 5669 364 2223
330 5067 307 2276
326 5062 315 2272
332 5159 320 2248
342 5214 334 2237
356 5504 348 2226
340 5196 315 2253
364 5594 346 2226
328 5042 310 2280
326 5044 310 2281
341 5184 333 2239
330 5099 309 2263
327 5077 303 2279
343 5295 339 2234
348 5379 339 2233
342 5298 339 2234
348 5257 340 2234
340 5284 332 2238
342 5276 342 2232
350 5391 346 2228
354 5345 346 2229
343 5258 340 2234
340 5219 321 2246
348 5347 346 2229
328 5154 321 2251
348 5271 340 2233
342 5195 334 2238
336 5201 334 2238
342 5279 340 2233
350 5369 342 2231
348 5325 327 2240
342 5232 342 2236
344 5227 342 2236
348 5248 340 2235
349 5250 340 2234
354 5331 346 2231
348 5356 334 2235
348 5337 346 2231
