206223 1380.09
435 7803 322 2483
535 9267 299 2496
435 7873 331 2482
459 8045 314 2439
427 7941 350 2455
534 9608 345 2352
445 7823 350 2465
513 8957 346 2362
443 7827 346 2407
435 7888 331 2415
451 8173 335 2408
468 7997 326 2451
551 9435 301 2400
457 8114 326 2438
458 8429 314 2477
434 7692 335 2479
443 8021 323 2473
541 9799 306 2446
463 8027 329 2419
453 7805 353 2435
489 8428 308 2474
447 7787 324 2455
514 9268 299 2494
441 8026 307 2496
477 8609 313 2455
445 8098 322 2460
551 9316 302 2471
422 7496 338 2487
502 8849 302 2478
487 8323 309 2390
467 8425 312 2465
485 8779 310 2447
446 8009 321 2471
502 9133 303 2450
450 8174 331 2412
486 8996 309 2472
454 8279 315 2419
490 9052 308 2407
519 8853 307 2416
463 7715 322 2484
466 8116 320 2397
518 9352 299 2455
471 8629 315 2365
434 7931 345 2440
484 8487 315 2415
465 8043 323 2447
446 7800 351 2478
461 8142 332 2393
507 9123 307 2434
443 7765 334 2487
445 8161 320 2438
478 8447 318 2400
484 8661 299 2552
451 7773 314 2496
480 8907 307 2478
491 8963 306 2500
458 8277 315 2454
502 8597 307 2475
443 8177 325 2434
514 9133 307 2433
496 8622 299 2519
458 8050 320 2482
