19114 899.53
341 5733 320 2480
341 5746 320 2479
338 5731 318 2492
341 5762 320 2478
341 5736 318 2485
341 5716 320 2481
339 5715 318 2490
343 5692 320 2478
343 5702 320 2475
341 5670 314 2492
343 5689 320 2481
345 5725 307 2504
337 5634 318 2494
343 5741 315 2483
337 5628 318 2497
337 5667 307 2519
337 5634 308 2507
337 5691 307 2510
343 5697 318 2482
337 5629 308 2510
338 5687 308 2504
343 5686 318 2484
337 5629 314 2501
343 5734 320 2473
341 5711 315 2488
340 5667 318 2487
353 5908 315 2470
341 5670 308 2501
343 5733 318 2480
337 5647 318 2493
356 6033 318 2454
340 5647 318 2491
340 5652 318 2488
342 5742 315 2483
350 5779 313 2498
341 5685 314 2489
343 5677 315 2485
346 5866 315 2475
337 5634 313 2504
364 6107 317 2452
350 5791 313 2497
361 6072 324 2442
372 6194 318 2448
337 5634 314 2495
339 5683 318 2491
343 5658 324 2470
343 5733 314 2484
337 5648 315 2494
337 5631 314 2498
366 6141 317 2451
343 5671 314 2486
340 5642 321 2483
352 5938 315 2463
340 5644 321 2473
340 5653 321 2472
337 5650 321 2473
349 5711 319 2466
344 5723 325 2447
348 5759 315 2481
348 5797 336 2435
337 5660 321 2472
345 5774 325 2445
348 5820 325 2444
348 5848 336 2433
340 5645 329 2467
340 5653 329 2466
340 5709 321 2465
343 5711 325 2450
336 5700 327 2462
336 5696 327 2463
340 5662 321 2467
345 5778 319 2457
345 5719 319 2459
348 5842 324 2451
344 5721 324 2456
349 5814 333 2434
374 6230 318 2447
356 5789 342 2432
348 5876 336 2430
343 5685 327 2450
343 5656 330 2460
343 5786 319 2457
343 5683 330 2444
364 5967 342 2428
355 5812 336 2432
348 5769 315 2478
353 5824 336 2432
343 5731 330 2441
349 5710 336 2441
337 5686 330 2447
343 5737 324 2456
343 5680 321 2462
343 5663 324 2459
348 5750 330 2440
337 5656 329 2466
365 5945 342 2427
343 5661 330 2456
349 5751 333 2435
