9801 3314.06
374 6437 299 2283
339 5976 301 2282
344 5960 307 2274
338 5921 299 2284
338 5895 302 2281
338 5863 303 2280
334 5823 308 2273
338 5836 306 2277
333 5814 309 2272
338 5865 306 2276
334 5800 307 2276
334 5800 309 2272
333 5823 315 2267
333 5805 310 2270
338 5813 307 2275
334 5780 315 2263
335 5869 326 2249
334 5786 314 2266
334 5777 320 2254
336 5794 312 2263
334 5833 315 2260
342 5898 320 2253
334 5816 321 2251
337 5814 321 2251
339 5849 326 2249
335 5821 315 2260
338 5773 315 2268
339 5781 315 2257
341 5786 326 2252
340 5857 314 2258
339 5778 315 2258
344 5903 315 2256
348 5966 320 2252
339 5762 321 2254
339 5819 321 2250
341 5839 326 2248
339 5761 321 2262
343 5888 321 2249
353 5977 323 2248
351 5988 323 2248
344 5838 326 2246
342 5762 326 2247
344 5830 327 2243
343 5833 327 2243
365 6175 354 2232
351 5963 331 2242
337 5723 327 2244
344 5781 333 2240
349 5866 339 2236
351 5973 342 2234
348 5879 342 2238
354 6012 348 2233
356 5999 348 2233
361 5929 358 2233
351 5954 332 2241
351 5957 333 2238
351 5965 339 2235
350 5860 339 2236
338 5757 332 2243
341 5744 332 2243
343 5785 333 2240
351 5804 348 2238
343 5825 333 2239
343 5810 332 2242
349 5886 342 2235
349 5827 339 2237
348 5824 333 2239
352 5951 333 2238
356 5894 348 2234
353 5847 348 2235
353 5877 342 2235
351 5879 342 2235
358 5988 348 2233
354 5948 348 2234
361 5999 358 2232
376 6101 374 2230
369 6053 364 2231
366 6063 364 2231
368 6056 364 2231
360 6005 358 2232
