7229 55.0205
514 8638 366 2533
473 8644 366 2587
533 8623 360 2561
470 8310 384 2601
515 8730 348 2535
461 7994 370 2603
567 10120 323 2580
556 9701 328 2553
477 8708 364 2593
490 9260 339 2618
478 8403 370 2556
541 9498 366 2478
471 8103 348 2609
521 9041 336 2545
474 8673 374 2551
579 10045 352 2504
542 9744 327 2579
482 8547 341 2565
504 8850 341 2559
498 8749 335 2590
487 8702 363 2530
507 8950 329 2560
490 8042 365 2545
489 8707 388 2519
512 9492 341 2539
560 9373 358 2495
495 8752 343 2506
493 8770 344 2540
489 8437 344 2565
478 8839 351 2564
579 10398 325 2513
523 9275 340 2526
502 9079 341 2555
529 9576 338 2529
521 9779 331 2557
540 9396 324 2593
