30939 1651.45
326 5787 307 2279
335 5805 304 2272
330 5805 304 2275
327 5780 299 2283
340 6003 333 2247
338 6009 333 2247
327 5806 304 2279
334 5813 304 2273
331 5798 304 2275
336 5799 304 2272
335 5773 302 2277
327 5762 307 2269
330 5773 302 2280
336 5799 305 2270
327 5802 305 2273
329 5766 327 2256
332 5742 327 2255
330 5760 327 2255
330 5735 327 2256
324 5734 305 2290
319 5709 315 2261
333 5780 302 2277
322 5734 321 2259
329 5737 327 2257
327 5717 307 2276
328 5715 307 2276
331 5719 305 2277
331 5707 307 2276
327 5796 327 2255
330 5729 305 2277
331 5719 303 2279
330 5729 303 2279
331 5720 299 2282
330 5730 299 2282
327 5742 303 2282
332 5754 327 2253
327 5780 327 2256
329 5831 327 2253
335 5753 327 2253
328 5786 327 2255
336 5838 326 2255
328 5771 327 2256
327 5730 305 2280
339 5718 303 2279
327 5749 305 2277
332 5770 327 2252
331 5715 299 2289
342 5906 314 2264
342 5908 308 2267
330 5769 327 2253
349 5906 308 2267
338 5865 331 2251
336 5912 333 2248
341 5914 314 2264
336 5796 304 2275
340 5916 314 2264
341 5877 326 2254
329 5800 327 2254
338 5906 333 2248
330 5736 321 2257
333 5916 333 2248
331 5714 307 2273
339 5905 333 2248
328 5721 307 2273
331 5727 305 2274
331 5714 305 2287
330 5797 327 2252
331 5728 299 2279
331 5727 303 2276
327 5718 299 2289
330 5799 304 2278
334 5814 305 2270
334 5819 304 2272
327 5722 307 2273
346 5978 333 2247
370 6116 355 2238
340 5918 308 2267
324 5742 305 2287
324 5734 299 2292
324 5742 299 2289
319 5651 315 2262
327 5719 305 2287
367 6110 348 2240
342 5904 333 2248
362 6048 355 2239
362 6035 347 2241
341 5916 308 2267
338 5816 333 2249
377 6194 377 2235
327 5805 327 2254
378 6189 377 2235
326 5744 321 2257
334 5790 333 2250
330 5752 309 2266
370 6135 365 2237
371 6136 371 2236
359 6037 355 2240
319 5570 311 2274
365 6081 365 2238
320 5641 315 2261
319 5581 315 2265
319 5573 315 2268
371 6085 371 2237
319 5570 307 2282
319 5578 311 2271
319 5616 315 2264
346 5912 332 2249
319 5578 309 2279
323 5745 321 2257
362 6122 355 2238
362 6023 355 2240
323 5743 320 2260
374 6233 367 2236
323 5759 320 2259
346 5965 339 2243
335 5802 305 2270
332 5823 332 2250
364 6113 348 2240
353 6152 348 2241
368 6079 365 2238
323 5637 321 2259
356 6149 348 2241
320 5607 315 2262
362 6029 349 2240
338 5919 332 2249
342 5850 339 2246
387 6217 387 2234
332 5802 332 2251
417 6669 417 2231
346 5904 339 2245
327 5861 323 2256
339 5928 339 2245
373 6152 361 2237
407 6482 407 2232
333 5825 333 2249
355 6127 355 2240
339 5853 339 2247
370 6158 361 2237
333 5791 333 2250
397 6315 397 2233
339 5861 339 2246
349 6007 349 2241
346 6000 339 2242
323 5666 321 2258
322 5751 321 2258
365 6211 365 2237
372 6153 361 2237
346 5901 333 2248
343 5909 339 2245
345 5845 339 2246
338 5815 332 2250
372 6124 371 2236
330 5761 323 2256
