1606 90.1642
352 6229 338 2244
358 6153 331 2249
332 5961 303 2285
347 6154 338 2245
348 5902 327 2253
343 5859 303 2277
343 5846 303 2281
355 6160 338 2244
354 6150 354 2243
336 5788 301 2294
350 5942 348 2246
343 5952 323 2254
357 6102 354 2243
338 5850 304 2281
339 5782 302 2288
336 5810 306 2279
336 5784 304 2284
389 6862 301 2279
352 5895 328 2251
330 5895 304 2284
340 5970 326 2253
352 5986 348 2244
336 5784 302 2288
340 5861 310 2263
348 6018 348 2244
336 5784 303 2285
330 5709 302 2294
330 5916 301 2294
330 5712 311 2287
335 5847 321 2257
337 5831 328 2253
337 5860 332 2250
336 5817 307 2278
335 5810 306 2286
337 5862 316 2258
338 5833 299 2285
367 6481 302 2278
337 5762 311 2280
337 5875 307 2271
337 5871 321 2256
340 5760 309 2282
353 6216 338 2244
330 5709 303 2291
349 6047 327 2251
358 6131 338 2244
338 5891 310 2263
348 5730 299 2302
336 5784 299 2302
350 6044 332 2248
351 6010 320 2257
337 5759 304 2284
345 5855 332 2251
335 5779 310 2265
334 5867 332 2253
405 6838 301 2279
350 5876 334 2248
330 5732 302 2292
335 5859 315 2260
348 5951 348 2245
330 5707 299 2308
334 5883 326 2254
345 5977 334 2246
386 6330 386 2238
332 5872 304 2284
338 5750 304 2285
348 6047 338 2245
338 5820 332 2254
330 5870 302 2288
332 5870 301 2294
353 5906 348 2246
350 5994 338 2245
335 5793 307 2285
365 6009 354 2243
348 5964 332 2249
336 5832 315 2260
343 5892 334 2249
330 5707 301 2300
346 5969 332 2249
353 6059 334 2245
340 5955 323 2254
358 6044 354 2243
334 5925 310 2263
339 5748 310 2281
332 5944 316 2258
335 5780 309 2283
396 6317 396 2237
348 5893 334 2247
338 5864 314 2262
339 5900 328 2251
337 5853 328 2252
343 5860 321 2256
337 5779 303 2285
332 5862 304 2290
336 5758 304 2290
332 5790 322 2256
333 5849 322 2255
343 5982 328 2250
332 5864 310 2264
343 5873 304 2276
333 5870 305 2272
340 5769 302 2288
350 5947 348 2245
380 6052 380 2241
331 5798 322 2258
333 5733 309 2287
332 5757 310 2287
334 5827 306 2286
351 5935 348 2245
362 6165 360 2241
386 6218 380 2239
353 6166 348 2243
364 5981 354 2244
337 5823 307 2272
370 6283 370 2240
341 5900 334 2247
358 6150 354 2242
342 5990 332 2249
388 6240 386 2238
346 5888 334 2248
355 6103 348 2243
350 6087 334 2245
335 5878 321 2256
364 5955 364 2244
333 5725 307 2290
336 5801 310 2264
343 5826 300 2284
334 5901 299 2302
338 5731 299 2295
349 6079 320 2257
342 5849 304 2281
362 6144 360 2242
380 6080 380 2240
329 5804 308 2270
337 5810 328 2255
343 5873 300 2280
332 5931 310 2263
339 5757 311 2280
330 5801 310 2265
339 5851 314 2262
330 5863 299 2305
337 5769 309 2282
339 5798 307 2283
353 6192 344 2243
330 5742 316 2260
331 5820 315 2261
343 6090 334 2246
336 5889 314 2262
356 6018 327 2251
344 6158 338 2245
351 6155 331 2249
338 5839 328 2252
339 5748 303 2285
329 5764 315 2262
332 5806 316 2259
351 6113 344 2244
338 5865 303 2282
343 5825 304 2280
329 5822 307 2273
336 5777 321 2257
370 6142 354 2242
330 5708 309 2288
350 5963 334 2246
378 6220 376 2239
331 5759 315 2270
350 5999 348 2244
353 5919 348 2245
329 5819 310 2265
336 5758 310 2281
338 5781 299 2289
364 5968 364 2243
337 5835 322 2255
364 6002 364 2242
371 6135 364 2241
341 5907 327 2252
360 5901 348 2246
329 5812 309 2269
330 5869 301 2297
358 6150 344 2243
330 5761 310 2287
360 5918 348 2245
369 6130 338 2244
387 6214 380 2239
345 5959 326 2253
372 6155 370 2240
330 5783 308 2270
333 5777 322 2258
333 5906 303 2285
337 5826 315 2260
406 6524 406 2236
345 5981 332 2249
337 5771 310 2280
440 7490 366 2240
