75943 3361.24
410 7078 329 2306
407 7121 320 2313
388 6790 319 2317
400 7246 331 2305
420 7152 341 2302
399 7164 315 2317
419 7216 319 2313
406 7232 319 2313
392 6794 307 2326
376 6552 321 2338
401 6949 299 2333
437 7689 347 2300
389 6867 305 2339
391 6739 299 2346
396 7008 299 2333
431 7398 351 2300
391 7025 329 2310
441 7460 367 2298
398 6859 307 2323
395 7092 331 2307
409 7314 351 2301
407 6932 299 2342
392 7051 311 2320
408 7233 345 2302
398 6899 301 2340
407 7361 328 2308
394 6947 299 2336
410 7217 331 2305
410 7173 323 2309
380 6695 306 2330
393 6988 323 2311
399 6964 328 2309
422 7148 319 2313
412 7489 329 2305
399 7052 361 2303
413 7268 344 2302
384 6741 313 2318
438 7869 341 2301
398 6875 299 2343
424 7424 344 2301
404 6915 317 2314
415 7379 367 2299
414 7309 329 2305
385 6817 306 2324
394 6906 319 2314
376 6635 307 2332
412 7343 361 2300
431 7650 365 2297
394 6956 311 2320
438 7550 361 2298
432 7563 339 2302
433 7759 363 2297
438 7724 357 2298
418 7185 331 2305
393 6977 317 2316
393 6717 307 2329
421 7276 351 2301
400 7012 305 2330
430 7650 367 2297
426 7722 367 2297
384 6683 317 2320
398 6909 317 2316
397 7088 305 2330
431 7589 367 2297
414 7457 361 2299
426 7303 361 2299
438 7748 363 2297
423 7570 357 2299
401 7154 329 2306
402 6965 323 2311
437 7813 393 2293
407 7140 335 2303
438 7713 367 2296
426 7526 367 2298
395 7090 307 2323
397 7045 323 2310
392 6914 311 2321
420 7674 361 2298
434 7672 361 2298
398 6954 329 2308
383 6719 323 2313
412 7378 331 2304
413 7267 377 2297
422 7465 345 2301
391 6655 306 2345
478 8589 383 2293
434 7472 393 2294
475 8134 393 2292
418 7450 351 2300
454 8098 365 2296
415 7309 361 2300
456 8061 365 2296
393 7080 299 2339
467 8324 373 2294
424 7411 357 2299
397 6991 317 2315
415 7292 329 2305
469 8358 353 2298
417 7230 331 2304
396 7085 317 2315
410 7347 361 2300
472 8174 353 2298
463 8013 361 2297
493 8210 383 2293
425 7400 352 2299
400 6917 315 2317
521 8903 347 2299
467 8165 360 2297
443 7706 357 2298
520 9316 386 2292
379 6783 299 2346
436 7587 383 2294
425 7458 373 2295
441 7714 341 2301
544 9797 363 2296
