34715 600.224
339 5857 333 2248
323 5447 320 2259
323 5353 315 2263
352 5940 350 2238
333 5461 323 2256
343 5524 340 2247
354 5615 346 2242
334 5631 332 2251
348 5597 346 2243
323 5340 321 2259
344 5490 340 2247
335 5517 328 2252
358 5706 344 2242
360 5861 352 2237
354 5703 346 2240
335 5575 333 2250
349 5737 344 2242
355 5695 350 2239
345 5827 339 2244
338 5705 334 2247
338 5504 334 2249
339 5470 326 2255
361 5857 352 2237
343 5613 336 2247
337 5727 330 2251
339 5661 334 2247
343 5587 340 2245
319 5431 308 2268
347 5811 339 2244
348 5654 346 2242
342 5610 340 2245
329 5371 318 2260
339 5593 333 2249
354 5785 350 2238
361 5943 347 2237
337 5591 332 2251
329 5439 326 2256
334 5672 334 2250
335 5538 334 2250
336 5481 334 2250
339 5552 326 2254
361 5934 350 2237
334 5451 323 2256
341 5325 328 2255
330 5333 328 2255
329 5315 322 2258
324 5322 322 2258
335 5624 334 2249
353 5673 332 2249
349 5563 340 2244
358 5866 352 2237
338 5669 336 2247
330 5547 328 2252
339 5417 326 2256
347 5561 339 2246
342 5345 334 2252
360 5883 356 2236
350 5641 346 2241
347 5647 332 2250
343 5525 339 2247
330 5465 328 2253
350 5616 339 2245
343 5646 340 2244
357 5876 352 2237
339 5674 332 2250
335 5452 333 2251
344 5717 340 2243
341 5658 334 2247
337 5307 322 2258
350 5633 350 2241
336 5417 334 2251
348 5488 340 2247
342 5504 328 2252
341 5510 328 2252
356 5915 352 2237
335 5352 333 2253
348 5541 340 2245
337 5670 331 2251
331 5561 326 2254
355 5695 346 2240
353 5716 344 2242
341 5663 332 2250
326 5327 316 2262
349 5782 340 2242
358 5750 350 2238
328 5445 326 2256
334 5533 332 2252
339 5397 334 2250
335 5337 333 2254
357 5688 346 2240
341 5316 328 2256
339 5379 324 2257
352 5722 344 2242
358 5884 356 2236
334 5558 334 2251
337 5580 334 2248
341 5550 339 2247
324 5401 322 2257
337 5326 327 2256
347 5518 340 2246
341 5663 339 2245
336 5636 334 2248
343 5638 334 2247
339 5530 324 2255
346 5578 336 2247
328 5419 320 2259
349 5635 340 2243
345 5819 340 2242
349 5746 339 2244
323 5292 318 2265
357 5768 350 2238
341 5379 328 2254
328 5472 326 2255
331 5519 327 2253
323 5294 316 2264
326 5387 315 2262
341 5381 322 2257
337 5512 334 2249
323 5398 316 2261
326 5330 315 2263
337 5326 316 2262
324 5284 309 2268
323 5285 309 2268
354 5708 350 2239
351 5789 346 2239
323 5335 316 2262
348 5516 340 2246
350 5533 340 2245
350 5623 346 2242
347 5570 340 2244
366 5845 352 2237
345 5637 339 2245
347 5544 340 2245
340 5722 340 2246
329 5329 327 2256
330 5315 321 2259
323 5330 314 2265
349 5509 340 2246
348 5622 332 2250
329 5316 321 2259
330 5308 322 2259
344 5529 340 2246
358 6043 350 2237
339 5525 333 2250
323 5326 321 2260
353 5642 331 2250
341 5445 333 2251
342 5460 340 2248
368 6084 362 2234
341 5339 333 2253
354 5644 350 2240
343 5552 340 2246
347 5514 324 2255
342 5387 334 2250
337 5364 326 2257
337 5297 318 2261
367 5933 350 2237
344 5545 340 2245
347 5456 326 2255
330 5314 322 2258
359 5937 350 2237
361 5839 339 2243
340 5541 326 2254
340 5727 333 2248
335 5332 328 2255
336 5355 334 2252
342 5482 334 2248
350 5645 350 2240
337 5302 321 2259
328 5365 326 2257
354 5595 346 2243
336 5389 328 2254
341 5378 334 2251
340 5652 340 2247
326 5395 324 2257
337 5676 336 2247
340 5579 330 2251
354 5618 350 2241
360 5986 352 2236
324 5425 320 2259
357 5785 346 2238
343 5445 323 2256
345 5621 340 2244
357 5782 356 2237
334 5512 334 2252
342 5526 340 2247
324 5293 318 2264
341 5603 339 2246
337 5534 324 2255
324 5317 321 2259
374 5986 360 2235
333 5502 327 2253
336 5540 334 2249
344 5712 331 2250
331 5385 315 2262
336 5599 332 2251
324 5289 315 2265
329 5387 321 2258
329 5402 327 2255
319 5289 309 2267
347 5568 336 2247
345 5565 333 2249
323 5283 303 2275
339 5398 333 2252
341 5766 332 2249
339 5387 334 2251
332 5384 315 2262
374 6040 372 2233
355 5770 350 2238
346 5697 340 2243
339 5519 334 2248
323 5300 318 2261
350 5778 337 2246
342 5779 340 2243
329 5311 321 2260
318 5295 315 2264
351 5969 339 2243
331 5423 326 2256
350 5726 350 2239
325 5457 324 2256
318 5274 299 2282
329 5436 327 2254
342 5556 340 2246
345 5604 336 2247
341 5562 330 2251
354 5830 346 2238
337 5479 334 2250
330 5398 328 2254
335 5400 327 2255
337 5534 333 2250
318 5296 309 2267
366 5920 366 2235
372 5983 372 2234
318 5277 307 2269
320 5463 314 2265
323 5352 320 2260
357 5875 339 2243
345 5444 323 2256
366 5952 352 2236
348 5727 346 2240
356 5722 356 2238
349 5536 340 2245
373 5981 372 2234
343 5678 333 2248
366 5930 362 2235
318 5275 302 2277
348 5686 346 2241
323 5380 318 2260
324 5393 321 2258
331 5385 321 2258
347 5658 333 2248
372 6050 372 2233
355 5805 346 2238
347 5485 328 2252
343 5645 339 2245
348 5511 333 2250
330 5273 318 2270
336 5394 327 2255
331 5489 323 2256
337 5330 320 2260
366 6050 366 2234
359 5951 347 2237
347 5665 331 2250
329 5386 322 2257
382 6155 382 2232
347 5713 332 2249
358 5776 356 2237
353 5941 352 2237
324 5345 320 2260
365 5940 362 2235
318 5279 304 2270
353 5782 346 2239
353 5883 352 2238
331 5401 327 2255
347 5803 340 2242
329 5311 322 2259
350 5627 340 2243
335 5410 333 2252
363 5956 352 2236
324 5275 309 2272
357 5737 337 2246
361 5997 360 2235
331 5540 324 2255
323 5269 318 2271
341 5461 326 2255
324 5275 303 2275
331 5434 324 2256
329 5388 320 2259
331 5448 328 2253
322 5343 318 2261
339 5737 331 2250
348 5833 346 2239
323 5296 318 2262
366 5987 360 2235
323 5401 321 2258
358 5734 346 2239
326 5387 316 2261
347 5665 340 2243
374 6009 362 2234
345 5705 331 2250
318 5295 316 2263
366 5860 356 2236
343 5584 339 2246
341 5500 340 2248
369 6019 362 2234
354 5740 346 2239
323 5392 315 2262
357 5900 356 2236
344 5512 333 2250
355 5761 337 2246
339 5418 334 2249
324 5294 318 2263
318 5277 310 2266
356 5801 356 2237
350 5584 350 2243
347 5471 339 2248
318 5294 315 2265
320 5298 308 2268
339 5604 330 2251
337 5722 333 2249
342 5679 340 2244
361 5870 356 2236
339 5583 332 2251
350 5823 346 2239
369 5936 347 2237
318 5288 309 2268
350 5727 344 2242
318 5279 302 2276
349 5521 339 2247
318 5288 303 2275
