4242 120.084
405 7286 299 2336
405 7422 299 2318
413 6886 299 2302
399 7029 304 2291
405 7362 303 2289
397 6931 308 2282
396 7009 314 2277
392 7096 308 2282
395 7034 302 2290
410 7272 299 2291
406 6940 299 2292
402 6939 304 2288
388 6686 309 2282
389 6906 309 2281
388 6929 315 2276
399 6792 309 2281
385 6943 315 2276
412 7158 299 2291
395 7088 304 2288
390 6943 315 2275
408 7096 303 2289
397 6969 321 2272
357 6387 319 2281
359 6227 307 2283
358 6343 311 2278
361 6325 310 2280
360 6292 311 2278
364 6333 315 2277
366 6358 316 2274
360 6300 316 2275
363 6350 315 2277
363 6394 316 2274
364 6419 323 2270
367 6471 327 2269
363 6340 328 2268
373 6597 318 2273
376 6565 318 2273
367 6400 327 2270
359 6328 322 2271
365 6521 334 2261
367 6479 331 2264
364 6462 328 2267
382 6684 359 2257
368 6381 323 2270
368 6439 327 2268
374 6501 333 2263
371 6536 333 2263
372 6405 343 2266
369 6408 328 2266
372 6524 334 2260
372 6449 334 2262
369 6376 323 2269
368 6430 328 2266
369 6405 327 2268
373 6422 334 2262
379 6464 328 2265
368 6413 331 2265
364 6475 328 2265
389 6680 359 2257
374 6462 334 2260
377 6451 333 2263
378 6584 349 2258
374 6521 343 2259
373 6381 331 2264
369 6436 322 2270
