266197 2760.25
445 7758 368 2510
462 7675 350 2467
442 7924 360 2470
476 7851 369 2426
483 7948 317 2495
470 8142 348 2419
495 8857 362 2378
461 7937 327 2486
453 8043 336 2432
488 8686 307 2474
441 7824 339 2493
434 7804 354 2498
453 8214 344 2422
448 7901 345 2470
509 9150 331 2387
463 7949 342 2455
428 7757 343 2516
476 8517 352 2391
531 9240 306 2445
483 8738 309 2469
452 8159 318 2438
567 10297 299 2484
554 10583 310 2423
445 8024 333 2443
506 9284 315 2382
587 10569 307 2432
448 7950 333 2452
524 9603 328 2374
450 7876 344 2455
436 7840 334 2499
456 8175 340 2403
447 7953 344 2453
492 8944 307 2447
465 8353 309 2482
467 7910 331 2446
449 7885 338 2483
495 8563 347 2389
455 8032 322 2421
456 7964 374 2449
453 8323 324 2401
446 8245 333 2422
534 9250 311 2434
513 8929 319 2386
625 11364 337 2370
452 7866 339 2457
450 8141 323 2476
486 8900 302 2468
434 7979 340 2450
488 8380 310 2462
443 8022 336 2449
481 8079 360 2415
457 7805 329 2458
474 8677 344 2380
461 8086 313 2444
528 9089 316 2382
473 8397 312 2395
452 8082 351 2433
512 9404 349 2369
445 7798 384 2452
462 8300 313 2434
517 9516 302 2436
477 8808 371 2373
495 8551 307 2467
439 7966 342 2461
444 8111 328 2437
452 7763 354 2467
523 9167 310 2437
