59464 2821.19
422 6835 331 2521
412 6505 341 2527
420 6824 372 2491
418 6496 355 2502
440 7110 337 2513
400 6474 321 2586
417 6517 341 2522
430 7206 378 2488
431 7032 378 2488
394 6591 334 2538
415 6867 331 2521
431 6889 336 2516
418 6551 349 2504
407 6506 336 2525
410 6762 338 2514
385 6530 372 2497
396 6478 321 2574
381 6570 321 2584
407 6523 349 2505
412 6723 338 2514
406 6436 321 2564
403 6471 321 2573
407 6505 342 2515
406 6422 321 2573
418 6489 349 2505
388 6610 348 2517
393 6516 336 2525
410 6865 338 2510
396 6450 359 2504
408 6597 348 2509
407 6419 321 2573
412 6515 325 2550
417 6504 336 2525
406 6905 338 2510
403 6555 342 2512
418 6475 342 2515
407 6514 348 2512
412 6532 327 2547
410 6488 315 2596
444 7214 378 2486
406 6452 341 2528
466 7731 378 2485
430 7068 336 2515
397 6570 379 2488
423 6998 385 2484
410 6561 347 2507
416 6943 331 2520
395 6502 373 2491
429 6965 385 2484
407 6483 359 2499
396 6446 353 2507
420 6714 338 2510
396 6442 325 2568
412 6536 321 2555
418 6503 336 2525
410 6562 348 2504
406 6452 334 2538
388 6272 359 2520
377 6288 352 2530
377 6242 353 2523
395 6377 328 2548
377 6275 366 2510
381 6328 353 2514
388 6252 352 2530
378 6361 360 2504
413 6558 348 2504
431 7125 337 2512
368 6251 353 2540
382 6518 321 2574
368 6248 346 2550
381 6337 328 2559
384 6363 335 2529
380 6257 339 2543
377 6455 360 2507
439 7206 385 2483
404 6500 373 2491
381 6308 346 2524
407 6500 353 2502
446 7200 385 2483
380 6312 328 2560
382 6541 321 2565
371 6362 342 2533
374 6410 328 2553
368 6272 335 2555
377 6275 359 2520
388 6312 353 2514
399 6537 379 2488
380 6460 328 2539
407 6533 379 2488
382 6353 372 2498
368 6287 335 2543
371 6316 328 2565
385 6406 349 2509
406 6427 325 2559
377 6304 349 2518
370 6305 349 2523
388 6263 366 2510
366 6261 335 2564
375 6324 366 2515
370 6351 348 2530
370 6389 342 2533
377 6247 360 2513
416 6401 321 2574
380 6286 328 2565
393 6559 339 2514
379 6304 335 2538
381 6381 342 2519
393 6531 339 2523
381 6313 360 2504
369 6274 360 2518
377 6269 335 2558
377 6232 353 2532
377 6239 346 2533
388 6380 328 2539
377 6226 346 2542
417 6470 359 2499
368 6259 335 2564
381 6334 366 2501
368 6236 353 2549
376 6448 328 2544
375 6387 360 2509
375 6370 366 2506
377 6355 366 2501
377 6238 360 2522
388 6293 346 2524
366 6228 346 2559
388 6315 339 2534
380 6285 372 2507
388 6347 372 2493
377 6254 360 2512
380 6247 339 2552
378 6271 366 2510
388 6336 366 2496
366 6253 353 2549
388 6338 360 2499
388 6312 360 2504
377 6251 353 2522
449 7520 385 2481
382 6241 360 2519
388 6240 360 2513
388 6345 360 2498
388 6247 360 2512
388 6218 346 2542
369 6265 360 2530
388 6354 372 2492
382 6327 360 2503
377 6256 335 2564
388 6228 346 2533
388 6231 353 2532
388 6338 366 2495
377 6283 335 2543
390 6616 321 2556
368 6266 353 2528
388 6264 366 2509
383 6365 342 2519
388 6237 339 2552
377 6309 335 2538
375 6264 360 2517
388 6247 339 2543
380 6354 372 2498
383 6422 342 2518
391 6316 366 2500
389 6283 372 2507
380 6278 328 2574
384 6399 349 2512
414 6470 315 2596
380 6296 328 2562
390 6297 346 2523
388 6245 353 2522
389 6388 342 2518
382 6363 353 2513
406 6394 325 2568
390 6384 342 2518
389 6413 349 2508
388 6252 346 2532
377 6289 342 2528
390 6319 339 2533
388 6241 353 2523
389 6297 366 2501
450 7535 385 2480
382 6321 366 2500
407 6517 378 2489
