154985 1080.08
435 7803 322 2483
469 8399 336 2404
457 8294 321 2424
535 9267 299 2496
466 8657 352 2397
484 8263 352 2405
435 7873 331 2482
459 8045 314 2439
427 7941 350 2455
539 9751 299 2479
534 9608 345 2352
445 7823 350 2465
507 9184 323 2376
513 8957 346 2362
443 7827 346 2407
485 8807 326 2387
435 7888 331 2415
486 8771 338 2391
451 8173 335 2408
468 7997 326 2451
551 9435 301 2400
478 8446 335 2403
457 8114 326 2438
477 8656 331 2406
517 9172 307 2443
483 8881 380 2384
486 8528 320 2413
458 8429 314 2477
434 7692 335 2479
503 8819 336 2375
539 9546 307 2436
443 8021 323 2473
541 9799 306 2446
516 9431 307 2438
463 8027 329 2419
473 8579 346 2402
453 7805 353 2435
478 8271 320 2434
489 8428 308 2474
447 7787 324 2455
467 8441 387 2395
483 8517 331 2397
514 9268 299 2494
441 8026 307 2496
477 8609 313 2455
445 8098 322 2460
463 8635 320 2427
480 8652 315 2417
551 9316 302 2471
480 8576 320 2430
422 7496 338 2487
502 8849 302 2478
482 8875 325 2412
487 8323 309 2390
568 9386 307 2422
484 8563 328 2410
541 9965 338 2374
467 8425 312 2465
542 9798 324 2368
482 8750 328 2402
477 8674 316 2437
485 8779 310 2447
535 9011 307 2456
478 8945 326 2405
446 8009 321 2471
497 8798 347 2382
502 9133 303 2450
450 8174 331 2412
465 8611 372 2397
486 8996 309 2472
550 9505 342 2368
540 9818 315 2384
469 8343 355 2393
