9475 330.222
459 8239 336 2473
492 8847 336 2472
508 8827 337 2471
426 7565 331 2490
460 8189 336 2474
483 8758 331 2475
461 8231 329 2482
517 9423 335 2470
417 7400 340 2490
417 7536 335 2480
424 7647 344 2471
458 8294 336 2474
439 8024 341 2471
415 7566 336 2478
420 7484 352 2474
423 7492 335 2486
420 7490 352 2473
461 7995 341 2470
398 7368 346 2492
415 7538 341 2473
435 7635 344 2471
419 7717 344 2472
415 7401 341 2479
433 7594 341 2472
425 7653 341 2472
413 7490 336 2484
435 7957 336 2476
412 7606 344 2473
439 7908 336 2476
442 7899 336 2475
419 7568 329 2485
433 7782 323 2491
477 8534 335 2477
446 8183 328 2488
453 7994 341 2471
465 8240 329 2480
443 7840 331 2483
460 8435 329 2481
448 8013 323 2487
444 8060 329 2483
399 7264 344 2476
453 8203 331 2482
411 7497 339 2496
389 7163 325 2497
434 7778 328 2491
508 9338 328 2482
492 8874 329 2479
457 8384 323 2486
513 9343 329 2477
414 7502 341 2482
503 9054 331 2473
450 8098 344 2468
528 9504 325 2481
448 8005 325 2484
416 7632 331 2493
459 8234 331 2478
436 7789 339 2476
458 8088 339 2474
425 7661 331 2484
454 8203 339 2467
486 8787 341 2462
422 7710 344 2469
458 8215 331 2481
496 9017 323 2485
457 8135 347 2467
488 8624 365 2466
498 8805 337 2472
515 9110 323 2484
439 7985 335 2478
449 7864 336 2477
