70485 3241.4
356 5895 308 2469
350 5918 310 2473
351 5865 317 2457
351 5871 319 2456
351 5865 311 2466
348 5877 317 2457
356 5885 308 2472
348 5890 311 2466
350 5858 308 2485
351 5861 314 2469
350 5858 314 2479
350 5859 314 2470
351 5861 311 2475
351 5862 314 2460
347 5860 314 2470
350 5859 308 2482
358 5881 308 2472
350 5876 314 2464
347 5867 308 2476
349 5884 314 2460
364 5822 308 2488
364 5821 307 2490
346 5911 320 2465
361 5804 307 2494
350 5819 311 2491
353 5814 311 2489
350 5820 311 2489
353 5814 313 2484
350 5819 313 2484
350 5806 314 2483
350 5816 317 2480
350 5806 313 2485
347 5810 314 2483
347 5849 317 2482
361 5805 308 2492
367 5757 317 2458
349 5776 320 2450
346 5886 320 2469
347 5798 320 2450
349 5805 331 2436
349 5810 325 2439
349 5821 337 2433
354 5856 343 2430
347 5798 331 2441
367 5794 314 2448
364 5776 311 2467
358 5775 318 2448
358 5781 317 2455
358 5775 314 2458
381 6031 315 2447
367 5760 318 2447
347 5785 320 2456
347 5788 320 2451
358 5819 319 2443
347 5788 324 2447
349 5777 320 2444
358 5772 314 2464
358 5784 314 2451
370 5838 319 2438
349 5797 337 2438
358 5768 311 2472
356 5787 311 2472
346 5881 320 2472
348 5774 320 2454
349 5804 331 2438
360 5810 320 2438
365 5763 314 2457
356 5787 317 2461
367 5769 308 2465
367 5770 311 2462
358 5768 317 2461
356 5790 317 2455
367 5753 307 2466
367 5763 318 2446
365 5758 311 2463
351 5765 324 2443
367 5753 311 2463
358 5801 312 2460
351 5768 324 2440
365 5755 307 2466
367 5759 314 2450
351 5807 325 2435
360 5812 320 2437
353 5828 320 2437
361 5874 319 2438
346 5878 320 2475
369 5763 318 2445
358 5879 319 2438
351 5822 325 2434
351 5764 320 2461
347 5779 324 2453
351 5764 324 2451
359 5806 336 2429
359 5846 314 2448
358 5785 311 2465
350 5852 325 2434
360 5732 330 2445
351 5765 320 2448
360 5734 324 2445
367 5753 317 2460
367 5750 314 2469
360 5735 330 2442
365 5752 314 2469
367 5751 317 2463
360 5731 324 2448
349 5806 320 2442
352 5754 324 2443
352 5757 324 2440
350 5852 331 2431
354 5865 337 2428
354 5760 330 2437
367 5758 312 2455
369 5759 314 2448
358 5878 312 2454
352 5754 320 2447
360 5741 320 2450
360 5737 320 2453
367 5810 336 2425
369 6008 319 2435
363 6030 320 2434
360 5744 320 2447
375 5816 324 2436
360 5747 320 2444
360 5747 324 2437
369 5756 314 2452
360 5744 324 2440
374 5762 340 2431
367 5757 333 2433
360 5748 330 2434
359 5988 320 2435
360 5759 320 2441
362 5872 342 2423
378 5985 319 2436
364 5844 336 2425
365 5861 342 2423
389 6550 354 2419
360 5802 336 2426
361 5878 336 2425
360 5731 320 2459
360 5734 320 2456
348 5880 331 2431
360 5745 330 2437
352 5775 325 2435
374 5762 333 2432
374 5781 333 2426
360 5767 330 2429
370 5927 320 2435
375 5781 325 2430
371 5815 336 2423
360 5765 325 2432
353 5777 330 2432
367 5776 333 2428
374 5801 336 2423
375 5783 330 2427
367 5773 318 2442
348 5774 324 2440
360 5879 342 2423
352 5751 320 2451
369 5771 318 2442
352 5756 322 2442
353 5867 312 2459
352 5751 322 2446
352 5756 318 2450
348 5771 324 2449
353 5867 314 2448
