30 0.96369
501 9183 424 2742
535 9504 376 2668
665 11868 397 2584
535 9671 374 2634
520 9501 381 2627
543 10148 382 2617
548 9758 431 2609
567 10153 406 2607
567 10244 368 2608
628 11228 361 2635
523 9438 393 2646
532 9481 400 2639
542 10139 396 2618
547 9842 416 2606
562 10320 367 2616
568 10190 403 2614
572 9846 408 2619
579 10005 401 2618
600 10108 361 2713
620 11506 409 2595
626 11317 377 2590
515 9307 383 2658
517 9130 382 2651
520 9318 409 2645
566 10522 380 2610
582 10558 362 2649
511 9040 426 2651
512 8967 386 2718
515 8948 415 2665
526 9042 393 2642
527 9208 380 2640
529 9022 380 2654
539 9462 366 2636
543 9965 413 2613
548 9982 380 2625
575 10113 398 2624
579 10258 386 2602
584 10413 392 2598
653 11440 358 2653
