1679 90.1132
363 6224 350 2244
337 5715 302 2279
347 5848 321 2253
350 5945 323 2251
351 5731 328 2250
337 5669 318 2260
347 5848 328 2249
356 6008 328 2248
348 5847 321 2253
362 5920 331 2247
348 5675 320 2256
336 5691 318 2260
342 5693 322 2253
363 5901 334 2246
349 5669 320 2256
328 5577 303 2278
340 5666 308 2271
343 5741 321 2254
328 5574 303 2280
332 5610 312 2266
330 5572 299 2283
380 6387 372 2240
381 6234 366 2241
338 5559 316 2266
328 5566 307 2274
328 5580 310 2269
331 5589 316 2267
370 6092 350 2243
334 5599 316 2263
348 5759 322 2252
362 5948 340 2245
332 5560 316 2267
328 5565 307 2278
369 6034 334 2245
328 5573 299 2283
357 5918 334 2246
338 5559 309 2270
342 5763 322 2252
337 5646 322 2259
348 5837 328 2249
340 5771 315 2262
334 5593 312 2266
364 6062 340 2244
336 5649 322 2261
370 6015 340 2244
364 6062 331 2246
332 5618 312 2265
413 6875 398 2236
334 5593 316 2265
328 5579 302 2281
372 6127 356 2242
337 5647 315 2263
332 5600 312 2267
359 6191 331 2246
330 5614 309 2271
337 5672 308 2271
342 5744 318 2259
338 5658 322 2257
338 5570 316 2264
339 5714 302 2279
365 6058 331 2246
328 5574 304 2273
365 6046 334 2245
377 6276 362 2241
374 6289 366 2241
332 5524 310 2270
342 5746 320 2255
344 5627 320 2258
351 5619 320 2258
409 6678 388 2237
338 5542 316 2267
342 5688 320 2256
349 5656 322 2256
361 5969 340 2245
377 6278 356 2241
328 5579 307 2272
337 5675 322 2257
376 6074 350 2243
330 5564 303 2286
338 5617 320 2260
357 6006 328 2248
377 6289 350 2242
403 6685 388 2237
332 5625 316 2262
332 5536 310 2269
336 5552 312 2267
364 6173 350 2243
341 5685 302 2279
332 5543 299 2282
332 5564 309 2271
332 5525 299 2283
336 5742 316 2261
330 5599 316 2268
332 5620 316 2263
328 5566 310 2271
357 5924 331 2247
332 5518 299 2289
383 6362 362 2240
336 5564 312 2266
370 6113 346 2243
330 5570 303 2278
336 5595 316 2264
390 6418 372 2239
369 6260 346 2243
399 6748 388 2237
367 6170 350 2243
368 6190 356 2242
338 5540 316 2268
383 6249 344 2243
358 5908 328 2248
334 5587 312 2268
335 5573 312 2265
344 5613 320 2260
370 6028 331 2246
344 5622 320 2259
368 5941 340 2245
328 5569 304 2275
332 5521 304 2274
369 6032 340 2244
331 5583 316 2268
331 5597 316 2266
332 5558 316 2268
334 5591 312 2267
336 5660 315 2263
419 6870 398 2236
332 5528 302 2281
332 5541 302 2280
332 5611 316 2264
340 5647 322 2257
362 5916 334 2246
378 6273 350 2242
332 5524 302 2287
361 6153 334 2245
377 6260 344 2243
398 6412 372 2239
335 5559 312 2267
393 6554 378 2238
332 5536 307 2272
339 5719 314 2264
367 6056 331 2246
330 5571 304 2273
337 5634 322 2260
370 5997 334 2245
334 5611 316 2262
332 5518 310 2272
338 5542 309 2271
336 5754 318 2259
348 5679 322 2253
371 6026 331 2246
383 6244 350 2242
330 5571 299 2289
335 5552 312 2268
343 5741 328 2250
369 6033 331 2246
328 5575 310 2270
338 5668 322 2255
384 6266 362 2241
332 5516 303 2280
382 6268 353 2242
334 5605 312 2265
340 5558 316 2266
330 5621 309 2270
331 5597 309 2270
394 6540 353 2241
331 5592 309 2271
336 5550 312 2268
382 6257 344 2243
383 6497 372 2239
338 5631 320 2258
359 5931 323 2251
332 5526 304 2273
356 5937 323 2251
359 6166 334 2245
377 6307 346 2242
396 6464 353 2241
399 6575 368 2239
332 5571 316 2266
332 5519 304 2275
346 5600 320 2261
346 5709 314 2264
388 6451 372 2239
367 5947 340 2245
384 6322 366 2240
395 6483 353 2241
336 5654 322 2260
338 5580 316 2262
338 5626 320 2259
374 6126 356 2242
363 5890 331 2247
332 5521 303 2278
364 6056 334 2245
