659 18.0901
411 7107 331 2683
411 7142 335 2679
390 6823 339 2638
410 7061 331 2686
389 6791 343 2645
396 6861 337 2639
396 6818 339 2638
402 6878 339 2622
402 6828 337 2638
396 6933 339 2618
390 6643 354 2609
389 6654 354 2609
396 6834 339 2631
400 6822 360 2599
382 6658 354 2610
400 6820 354 2602
389 6643 354 2610
400 6798 361 2593
397 6685 348 2606
395 6688 360 2600
390 6634 354 2613
391 6711 348 2606
385 6657 354 2610
390 6662 354 2603
392 6659 354 2607
398 6893 361 2592
392 6660 354 2603
408 6880 347 2606
390 6650 343 2608
387 6708 360 2607
425 7264 373 2586
384 6698 348 2613
394 6694 348 2606
417 6877 347 2602
385 6623 354 2614
389 6640 348 2612
392 6707 348 2606
382 6702 348 2617
413 6805 347 2605
384 6661 348 2617
