380 15.7194
527 9018 330 2527
441 7905 348 2544
443 7842 348 2548
548 9292 339 2504
439 7822 343 2555
444 7937 342 2559
453 8050 328 2537
490 8693 327 2564
461 8483 332 2526
457 7986 333 2521
504 9010 328 2531
461 7891 353 2518
442 7997 348 2525
449 7897 331 2559
455 8080 350 2498
533 9278 339 2508
448 7944 343 2544
453 7833 344 2524
458 8349 341 2509
463 8259 345 2514
474 7996 333 2513
469 8562 350 2492
452 8114 340 2532
448 7972 328 2543
494 8797 328 2533
514 9098 329 2516
449 8097 391 2513
462 8071 350 2507
468 8270 343 2515
420 7626 350 2543
447 7816 357 2541
471 8498 337 2512
586 10193 352 2480
446 7844 350 2528
451 8079 357 2514
454 7784 359 2518
507 8932 344 2497
492 8592 349 2492
439 7800 358 2514
456 8205 357 2481
478 8397 341 2498
499 8760 357 2480
514 8843 344 2487
441 8036 350 2542
495 8937 346 2490
514 8946 341 2493
497 8753 362 2478
460 8307 344 2503
483 8191 345 2502
447 7991 344 2524
