23394 960.42
436 7940 315 2571
445 7834 323 2542
439 7952 327 2509
452 7934 324 2510
443 7930 323 2524
432 7664 344 2509
431 7899 323 2536
427 7760 323 2556
451 7880 323 2535
423 7723 341 2499
492 8777 315 2521
426 7671 343 2503
424 7717 335 2499
446 7682 331 2501
435 8019 324 2506
445 7915 323 2533
421 7645 346 2494
428 7756 324 2519
434 7900 335 2494
429 7719 324 2520
443 8227 335 2487
442 8095 336 2486
445 8072 324 2494
446 8133 335 2486
440 7798 329 2509
412 7492 345 2556
438 7978 324 2502
432 7921 346 2486
431 7734 324 2512
458 7873 324 2496
527 9412 319 2507
453 7920 315 2541
437 7834 315 2546
478 8428 315 2533
453 7986 314 2554
438 8085 356 2482
445 7872 336 2486
437 7791 314 2556
437 7735 340 2489
427 7683 324 2566
433 7886 331 2506
429 7584 346 2495
433 8017 331 2505
421 7458 335 2529
412 7571 325 2513
414 7514 352 2544
436 7632 335 2508
427 7883 324 2527
431 7681 335 2504
469 8620 313 2561
444 7911 321 2544
446 7955 313 2569
435 7519 343 2523
472 8405 313 2555
477 8284 313 2552
424 7449 342 2543
479 8364 335 2471
491 8931 335 2470
475 8586 335 2474
436 7520 341 2516
412 7566 338 2542
445 7815 315 2545
429 7687 323 2582
430 8016 323 2530
427 7546 335 2517
439 7844 323 2536
445 7942 324 2497
428 7536 331 2536
461 8014 335 2484
513 9236 335 2465
416 7540 329 2519
440 7945 315 2544
423 7520 338 2527
464 8400 341 2474
543 9454 331 2468
436 7937 329 2509
419 7566 328 2539
430 7828 323 2550
438 7825 329 2505
415 7545 329 2532
461 8353 316 2522
506 8920 307 2551
500 8814 314 2527
478 8384 313 2536
451 7998 317 2524
485 8322 313 2537
432 7511 331 2531
499 8903 307 2579
559 9469 312 2533
446 8037 321 2527
470 8448 313 2532
494 8808 320 2505
530 9210 315 2517
445 7989 323 2509
469 8629 320 2508
436 7597 339 2511
476 8524 315 2522
497 8972 313 2519
452 8029 315 2534
441 7758 325 2488
494 9009 331 2472
483 8603 316 2508
461 8461 324 2489
476 8366 325 2482
475 8321 325 2485
470 8145 324 2493
475 8405 324 2481
483 8261 325 2486
475 8294 322 2512
479 8654 332 2473
458 8346 348 2473
462 8098 346 2474
519 9365 315 2516
567 10133 313 2516
473 8406 316 2521
453 8194 319 2513
457 8262 324 2493
442 8142 324 2499
450 8043 331 2475
484 8758 325 2474
462 8484 337 2465
478 8341 324 2488
457 8283 325 2487
467 8358 324 2492
438 7786 331 2490
519 9078 357 2463
451 8068 323 2497
468 8260 325 2487
497 8725 323 2482
449 7987 323 2516
561 10084 318 2495
481 8697 325 2476
478 8383 336 2469
475 8485 336 2470
502 8926 324 2473
497 9032 331 2471
472 8586 324 2482
534 9135 315 2504
486 8345 325 2478
514 9437 320 2490
483 8483 323 2496
460 8386 326 2485
484 8750 324 2477
472 8225 330 2485
489 8617 325 2477
485 8689 323 2486
523 8962 326 2472
437 7881 336 2494
444 7883 336 2483
500 8946 331 2473
487 8649 323 2494
