12265 720.331
356 6021 356 2230
343 5900 332 2242
351 6073 339 2236
353 5900 340 2235
336 5733 334 2240
356 6082 346 2230
337 5730 334 2240
355 6085 346 2230
356 6102 356 2229
356 5890 340 2235
334 5635 334 2245
357 6094 356 2229
335 5794 333 2242
342 5751 333 2242
345 5742 333 2242
344 5853 331 2243
348 5732 333 2242
347 5792 340 2236
347 5965 346 2234
334 5645 334 2244
345 5729 340 2237
341 5858 340 2237
348 5864 333 2241
351 5725 346 2234
329 5652 326 2248
345 5729 334 2240
369 6118 366 2228
329 5646 320 2251
342 5754 340 2237
355 6071 350 2230
364 6067 350 2230
335 5599 333 2244
335 5642 334 2242
319 5428 312 2263
335 5752 326 2247
336 5715 331 2244
353 5859 350 2232
345 5622 340 2238
342 5632 340 2238
348 5732 339 2238
348 5937 346 2232
343 5893 333 2241
351 5694 346 2235
315 5429 310 2267
314 5403 304 2271
314 5411 304 2270
314 5420 309 2268
322 5498 315 2260
348 5718 334 2240
351 5861 350 2232
340 5640 333 2243
366 6292 366 2227
348 5718 340 2237
344 5908 340 2235
359 5955 356 2230
318 5408 302 2276
318 5406 309 2268
336 5622 334 2241
341 5636 339 2239
345 5875 334 2239
347 5912 339 2237
318 5434 312 2263
366 6143 366 2228
348 5705 346 2235
357 5860 356 2231
316 5426 312 2266
369 6005 366 2229
367 6133 366 2228
335 5780 332 2243
324 5399 312 2267
359 5865 339 2237
356 5864 334 2239
357 6015 356 2230
322 5486 308 2268
363 5946 356 2230
341 5792 339 2238
327 5511 320 2252
322 5467 309 2267
367 6282 366 2227
348 5782 346 2233
314 5415 302 2276
344 5624 339 2239
324 5403 302 2276
320 5437 315 2261
336 5774 333 2242
316 5449 312 2263
323 5497 315 2260
327 5508 320 2255
356 5850 350 2232
330 5566 321 2250
330 5855 314 2261
320 5423 312 2263
340 5604 334 2241
366 6018 366 2229
346 5970 346 2234
330 5577 327 2247
329 5590 327 2247
322 5466 307 2269
318 5417 308 2269
336 5686 327 2246
314 5388 303 2278
348 5768 340 2236
348 5735 346 2234
332 5654 331 2245
340 5776 332 2243
356 5881 339 2237
329 5579 321 2250
351 5721 339 2238
328 5513 316 2258
351 5770 346 2233
324 5418 312 2263
327 5511 318 2256
364 6055 339 2236
335 5649 328 2245
364 6240 356 2228
352 5718 339 2238
326 5463 307 2269
358 5842 350 2232
321 5437 316 2260
316 5406 310 2267
326 5462 310 2266
322 5465 310 2266
336 5561 334 2243
344 5879 334 2239
359 5909 350 2231
318 5382 304 2271
318 5388 304 2270
335 5643 323 2248
327 5520 322 2249
322 5495 316 2259
367 6007 366 2229
364 6239 352 2229
359 5887 346 2232
332 5531 328 2246
314 5398 302 2278
314 5363 299 2289
314 5381 302 2281
318 5382 303 2275
345 5615 340 2240
314 5370 299 2286
327 5498 322 2257
318 5369 304 2274
314 5400 303 2275
314 5395 304 2273
326 5482 308 2268
315 5367 302 2281
358 5924 350 2231
314 5403 302 2277
322 5466 312 2262
324 5377 304 2271
335 5659 333 2243
314 5403 299 2279
319 5406 312 2264
356 5898 346 2232
330 5532 328 2246
345 5933 339 2237
352 6043 340 2234
326 5464 309 2267
356 5928 350 2231
323 5485 308 2268
318 5382 299 2280
314 5365 304 2282
348 5969 346 2231
328 5513 315 2259
355 6059 339 2236
334 5738 332 2244
315 5357 299 2283
342 5796 340 2236
314 5374 303 2283
315 5354 299 2289
315 5370 302 2278
315 5358 303 2278
314 5365 303 2286
325 5371 299 2280
315 5356 304 2285
315 5367 304 2276
325 5368 302 2278
314 5385 299 2283
314 5398 299 2280
314 5383 304 2274
