422 17.7073
674 11439 432 2615
581 10340 388 2646
698 12409 371 2651
545 9436 367 2675
580 9873 358 2670
481 8981 375 2716
485 8962 375 2713
464 8485 387 2690
471 8634 387 2686
471 8668 375 2719
454 8365 387 2692
539 9299 356 2679
459 8324 381 2697
448 8210 381 2698
451 7788 424 2633
441 7685 418 2650
448 8147 381 2699
473 8636 388 2658
443 8102 381 2701
510 9013 373 2662
448 7314 411 2636
474 8739 388 2652
501 8545 356 2683
476 7543 416 2620
443 8093 381 2706
444 7301 402 2649
447 7244 395 2640
452 7387 411 2632
445 7302 395 2639
443 8054 381 2716
445 7224 395 2645
459 7359 395 2631
456 7179 395 2645
456 7204 395 2640
462 7316 395 2624
459 7368 395 2630
442 7370 402 2645
456 7217 395 2635
448 7317 390 2645
456 7179 390 2653
448 7260 390 2651
455 7453 411 2630
456 7199 395 2643
445 7215 390 2662
446 7241 390 2654
441 7216 395 2657
456 7172 390 2659
456 7194 390 2651
456 7213 390 2644
445 7210 395 2649
456 7200 390 2645
442 7398 402 2643
446 7202 395 2645
468 7375 392 2635
456 7206 395 2637
448 7107 395 2651
443 7140 395 2655
456 7224 395 2633
473 8649 388 2654
448 7124 395 2650
437 7173 395 2658
446 7249 395 2637
448 7053 395 2655
448 7138 395 2647
