3878 120.072
503 9004 331 2341
438 7882 330 2370
506 8938 347 2333
507 8336 323 2405
456 8197 329 2518
473 8500 337 2357
481 8450 331 2353
463 8125 338 2361
489 8474 310 2586
464 7961 342 2363
458 7818 322 2528
434 7857 347 2424
469 8571 342 2341
492 8612 309 2509
481 8660 308 2500
463 8254 365 2335
466 8173 336 2367
458 8319 315 2515
477 8505 349 2337
544 9738 299 2514
475 8236 336 2364
471 8433 323 2448
474 8321 316 2445
532 9674 302 2498
484 8783 303 2529
479 8691 310 2516
528 9642 322 2395
500 8600 336 2344
573 10121 342 2336
533 9601 311 2464
437 7778 347 2390
436 7824 347 2342
484 8599 314 2476
581 10370 308 2475
446 7786 335 2377
493 8797 300 2501
465 8482 299 2552
461 8151 328 2383
454 8367 314 2495
550 9689 299 2481
539 9522 330 2347
465 8425 359 2340
564 9348 299 2478
527 9291 309 2473
479 8833 326 2425
491 8631 354 2331
483 8798 328 2364
455 8052 341 2366
469 8619 311 2466
486 8090 330 2351
443 7769 347 2355
445 8051 320 2544
477 8353 336 2356
525 9204 310 2476
482 8591 323 2421
479 8745 305 2544
505 8979 336 2339
467 8348 311 2481
545 9511 329 2350
478 8451 338 2352
465 8248 346 2349
482 8667 315 2424
464 8480 330 2366
549 9663 312 2445
470 8517 328 2382
434 7798 368 2463
536 9046 328 2354
499 8997 342 2339
458 7862 346 2363
487 8904 303 2505
490 8572 299 2522
523 8940 312 2449
482 8300 342 2347
476 8098 343 2345
500 8990 312 2462
505 8779 336 2342
540 9586 343 2331
533 9778 325 2360
462 7842 343 2375
459 8186 328 2439
541 9095 323 2386
535 9340 323 2361
461 8383 329 2367
492 8729 348 2329
495 8444 324 2415
469 8260 314 2489
505 8906 342 2339
526 9625 304 2478
566 10465 349 2325
501 8548 324 2364
515 9431 309 2497
492 8560 315 2460
478 8646 320 2428
483 8798 324 2390
498 8550 342 2343
489 8619 315 2398
522 8672 328 2357
