6455 53.9089
507 8656 349 2556
472 8527 339 2588
514 8596 337 2586
496 8957 329 2564
531 9457 325 2546
544 9849 339 2483
631 10943 347 2453
542 9685 327 2523
489 8644 328 2598
508 8833 328 2576
516 8972 326 2539
533 9368 346 2527
626 11262 336 2496
556 9673 331 2497
524 8796 331 2560
485 8694 357 2549
494 8688 369 2514
528 9120 353 2491
492 9034 370 2471
557 9517 323 2549
492 8402 365 2575
494 8902 352 2502
489 8916 338 2548
485 8431 341 2593
480 8462 349 2561
496 8872 361 2515
483 8607 374 2512
505 8578 371 2530
481 8752 341 2544
526 9382 329 2514
537 9631 342 2476
542 9733 325 2527
505 9202 357 2491
524 9645 353 2484
492 8865 373 2485
609 10002 350 2475
552 9307 349 2490
534 9633 327 2534
538 9914 322 2520
517 8850 360 2506
568 9378 322 2526
489 8752 347 2518
461 8574 379 2519
612 11038 351 2443
535 9895 341 2511
610 11240 358 2453
537 9352 351 2456
463 8504 359 2536
539 8827 358 2505
497 8849 336 2559
530 9597 350 2491
