34787 1080.27
376 6498 301 2287
356 6172 303 2283
349 6165 302 2284
352 6099 304 2277
349 6182 303 2283
352 6199 299 2288
346 6227 302 2286
352 6123 303 2285
344 6085 304 2279
349 6323 299 2289
345 6247 304 2277
346 6205 302 2287
343 6252 304 2277
351 6308 299 2289
346 6220 303 2283
347 6331 299 2295
341 6091 304 2282
346 6113 304 2277
341 6113 304 2278
337 5970 310 2271
337 5998 308 2279
339 5885 309 2287
337 5889 309 2287
337 5944 309 2278
338 5892 307 2287
339 5938 309 2283
338 5903 308 2284
341 5911 308 2277
337 5906 310 2274
338 5900 310 2273
341 5893 310 2272
341 5901 309 2276
341 5892 310 2273
341 5928 307 2280
347 6097 307 2267
354 6128 307 2265
359 6043 307 2268
341 5907 310 2265
355 6112 307 2265
341 5980 307 2274
344 6107 312 2257
341 6002 309 2263
342 6048 307 2268
341 6016 308 2264
345 6128 310 2261
342 6090 310 2262
333 5829 315 2254
336 5802 315 2253
338 5788 315 2253
348 6011 325 2244
339 5787 321 2246
335 5765 315 2254
346 5957 332 2238
335 5816 315 2253
342 5858 325 2245
336 5787 319 2252
337 5792 320 2248
338 5768 321 2247
335 5823 321 2247
339 5883 325 2245
341 5881 325 2245
350 5993 325 2244
347 6027 325 2244
337 5813 326 2245
333 5793 319 2253
328 5738 312 2259
331 5734 314 2255
336 5840 326 2245
327 5763 312 2259
327 5765 313 2256
335 5823 319 2252
334 5793 320 2248
328 5753 314 2255
331 5772 312 2258
333 5748 320 2251
337 5854 320 2247
346 5819 339 2237
345 5919 342 2233
374 6265 374 2227
339 5819 332 2241
346 5805 339 2239
350 5824 332 2239
343 5830 339 2237
335 5778 326 2248
354 5988 348 2232
366 6147 358 2229
358 6061 358 2230
352 6064 348 2231
365 6280 364 2228
348 5882 332 2238
359 6027 358 2230
359 5972 342 2232
349 5940 339 2234
355 6075 331 2239
356 6132 333 2235
339 5758 320 2247
352 5998 342 2232
360 6161 358 2229
339 5830 326 2242
360 6149 339 2232
339 5764 327 2243
367 6140 358 2229
351 6039 342 2232
358 5983 342 2232
339 5776 326 2244
337 5776 333 2244
344 5809 333 2238
339 5795 333 2240
344 5858 333 2237
347 5921 326 2241
359 6155 342 2231
348 5931 327 2240
350 5851 342 2233
340 5789 333 2240
355 6051 348 2231
362 6178 348 2230
340 5793 327 2241
345 5838 339 2235
340 5807 326 2242
350 5884 339 2234
347 5939 327 2240
341 5827 332 2239
343 5871 339 2235
339 5814 333 2238
347 5822 339 2235
346 5825 339 2235
360 6190 348 2230
354 6059 348 2231
362 6130 342 2231
378 6223 364 2228
371 6249 354 2229
366 6276 354 2229
366 6162 348 2230
373 6231 364 2228
370 6247 364 2228
349 5883 342 2233
351 6024 333 2236
352 5982 333 2236
371 6237 364 2228
358 5956 358 2231
358 6018 348 2231
355 5918 348 2232
352 6023 339 2233
347 5936 323 2245
351 5968 332 2237
362 6130 339 2232
358 5984 339 2233
355 6112 332 2236
353 5963 333 2236
354 5988 339 2233
349 5985 332 2237
