12795 54.0936
511 9051 324 2557
531 9229 360 2464
517 9346 346 2450
453 7889 358 2542
539 9680 327 2519
511 9141 357 2474
462 8047 365 2515
553 10064 316 2557
504 9090 325 2523
582 10470 322 2515
505 8707 316 2560
499 9076 325 2574
653 11261 347 2444
461 8181 347 2562
516 9419 354 2471
558 9600 343 2472
509 9184 333 2511
538 9844 338 2469
500 8755 360 2466
522 9270 328 2509
547 10041 357 2423
553 9832 314 2584
495 9306 329 2508
547 9547 327 2479
528 9242 331 2500
467 8489 336 2475
478 8427 344 2527
504 9279 329 2519
525 9436 320 2539
523 9065 325 2550
494 8727 332 2535
489 8781 326 2521
557 9621 344 2471
479 8206 334 2503
