8951 270.148
388 7021 334 2436
403 6997 334 2427
476 8305 344 2416
402 7075 340 2426
440 7717 307 2467
396 7140 328 2434
475 7983 340 2417
406 7296 322 2435
509 8822 315 2438
472 7884 315 2439
465 7989 315 2439
462 8034 315 2439
498 8873 322 2429
453 7649 310 2459
504 8822 322 2429
407 7146 357 2421
492 8896 340 2415
438 7439 346 2414
399 6808 334 2437
441 7921 308 2456
526 8767 322 2429
436 7564 308 2467
396 7148 333 2431
418 7084 328 2432
399 7006 314 2455
386 6756 327 2439
395 7110 346 2422
393 6936 314 2458
409 7210 325 2434
405 7123 340 2424
373 6702 318 2469
404 6979 327 2434
379 6866 310 2472
391 6799 339 2433
379 6700 315 2473
402 6879 314 2461
417 7297 310 2470
388 6844 320 2444
393 6762 319 2455
399 6915 320 2443
402 6944 315 2453
390 6810 319 2451
385 6713 332 2441
420 7451 307 2477
381 6927 314 2464
389 7024 320 2443
393 6833 320 2447
399 7313 328 2422
421 7486 323 2422
413 7493 327 2421
393 7111 344 2428
400 7418 325 2434
394 7167 333 2427
442 8056 339 2417
394 7200 327 2428
438 8063 333 2417
399 7219 315 2441
377 6943 315 2468
424 7107 339 2426
394 6951 339 2431
453 7645 307 2469
373 6909 315 2469
408 7263 314 2446
406 7192 320 2438
410 7654 328 2421
414 7195 313 2464
382 6881 315 2463
397 6986 320 2443
373 6552 326 2466
391 6652 323 2465
383 6805 333 2441
382 6761 319 2462
407 7295 313 2467
410 7283 328 2425
389 6900 315 2458
396 6694 320 2453
378 6875 319 2467
381 6643 314 2467
387 6791 318 2459
407 6919 315 2447
409 6811 320 2448
392 6948 315 2452
392 6741 325 2449
441 7999 320 2430
434 7648 313 2462
413 7364 327 2424
390 6820 315 2464
389 6888 323 2436
414 7361 323 2433
401 7095 323 2435
393 6785 314 2465
391 6864 315 2459
403 7174 314 2450
420 7133 314 2453
415 7418 320 2433
434 7533 328 2418
387 6811 314 2466
414 7491 310 2469
416 7279 323 2433
385 6782 323 2445
396 6829 333 2432
425 7280 327 2427
424 7159 307 2475
432 7397 313 2463
417 7504 328 2419
467 8039 327 2420
397 7079 332 2435
405 7364 333 2419
398 7070 313 2468
389 6882 323 2439
420 7494 328 2419
395 6857 313 2480
380 6855 332 2444
386 6872 331 2438
452 7086 315 2441
399 6903 318 2457
411 7190 331 2426
408 7442 320 2437
421 7225 323 2430
399 7098 327 2429
419 7049 331 2429
409 7108 320 2437
421 7177 320 2435
379 6699 326 2452
388 6824 320 2448
398 6813 320 2448
415 7199 321 2434
388 6937 321 2437
442 7760 307 2461
398 6871 314 2464
418 6777 320 2450
375 6865 327 2440
380 6802 344 2441
384 7067 320 2452
387 7030 333 2434
433 7658 321 2430
390 7111 320 2442
431 7669 307 2468
390 7127 318 2446
388 7093 315 2448
408 7080 320 2441
372 6767 333 2455
379 6876 307 2478
425 7150 315 2441
396 7039 315 2447
449 7389 313 2458
392 7102 338 2430
382 6869 321 2446
381 6598 319 2467
380 6754 331 2445
370 6700 333 2464
380 6766 320 2453
397 7285 314 2453
386 6927 318 2453
405 7044 333 2431
407 7294 314 2445
385 7025 320 2449
401 7334 321 2434
377 6742 325 2446
399 7080 314 2454
380 6479 326 2472
373 6779 320 2462
374 6662 320 2454
372 6620 331 2482
