26295 1170.82
437 7312 299 2479
436 7720 311 2371
421 7484 303 2378
464 8285 299 2396
412 7388 353 2473
504 8916 327 2317
482 8555 331 2314
445 7991 301 2406
426 7724 308 2372
427 7717 316 2369
452 8312 343 2310
458 8434 372 2307
423 7604 299 2416
472 8493 337 2309
432 7566 331 2341
438 7880 318 2344
435 7688 324 2348
492 8849 299 2382
424 7665 317 2350
529 9713 299 2381
463 8059 343 2307
465 8005 299 2398
591 10822 299 2376
554 9814 349 2299
443 8187 301 2399
426 7560 346 2332
476 8220 308 2357
441 7889 311 2362
468 8031 300 2376
444 7792 307 2373
444 7994 327 2323
438 7980 308 2368
479 8261 320 2331
460 8281 318 2333
423 7458 311 2415
436 7775 322 2349
437 7737 324 2335
478 8678 304 2363
472 8471 343 2306
447 8138 327 2319
476 8550 327 2318
476 8173 299 2383
433 7597 301 2424
422 7782 319 2364
499 9059 367 2296
455 7909 310 2365
457 8213 308 2358
499 8828 328 2316
465 8309 361 2298
460 8235 349 2305
467 8470 349 2304
458 8452 316 2339
427 7553 324 2362
459 8004 343 2308
442 8089 320 2336
443 7975 311 2350
500 9136 367 2293
546 9914 304 2359
443 8020 316 2342
482 8913 307 2357
455 8051 299 2400
475 8557 355 2301
413 7412 331 2351
440 8134 324 2334
472 8657 325 2318
483 8852 311 2341
448 8153 311 2343
448 7762 299 2409
461 8309 299 2390
438 7805 337 2313
458 8042 331 2316
518 9056 312 2339
421 7734 320 2376
458 8231 343 2310
492 9087 355 2297
491 8723 361 2297
431 7755 311 2370
506 9014 337 2305
490 8938 349 2301
477 8935 304 2362
472 8762 318 2331
456 8257 325 2321
433 7766 315 2367
499 9096 367 2295
458 8198 345 2312
444 7839 311 2353
453 8314 318 2334
497 8819 337 2307
448 8272 310 2360
509 9093 320 2318
493 8968 320 2322
439 7674 303 2375
494 8697 310 2354
475 8571 343 2304
495 8953 325 2317
491 9147 316 2331
519 9583 308 2348
595 10819 361 2295
478 8832 318 2328
435 7704 327 2331
471 8444 349 2304
500 9017 367 2294
538 9620 327 2316
451 8366 300 2366
525 9579 311 2340
440 7829 318 2337
488 8574 318 2331
437 8062 311 2347
445 7896 324 2331
443 8182 310 2367
496 9043 324 2320
596 10339 361 2296
449 8085 300 2389
468 8300 337 2310
449 8135 378 2297
418 7677 338 2346
474 8639 355 2300
467 8259 354 2304
496 9055 307 2355
414 7437 303 2425
432 7803 323 2337
484 8729 308 2349
441 7885 307 2371
452 8159 349 2310
488 8658 349 2303
419 7710 325 2324
484 8692 318 2330
492 8824 310 2344
488 8522 331 2313
459 8359 349 2306
459 8235 318 2334
450 8150 324 2322
459 8281 372 2301
439 7869 336 2320
452 7451 309 2400
584 10847 318 2325
487 8924 318 2326
482 8375 327 2318
444 8221 324 2330
561 10260 304 2358
479 8447 308 2355
474 8074 355 2305
437 8047 318 2343
479 8596 316 2338
445 8017 307 2362
