80252 2940.85
346 5663 324 2530
356 5611 323 2522
356 5657 325 2498
364 5648 325 2498
348 5643 323 2522
350 5627 325 2516
350 5648 326 2497
364 5624 326 2498
356 5632 326 2498
364 5620 325 2508
364 5625 332 2495
356 5633 332 2495
359 5619 332 2500
364 5617 332 2500
356 5626 326 2503
359 5612 323 2513
364 5614 326 2503
359 5615 325 2510
359 5616 326 2503
358 5640 332 2494
356 5627 332 2500
364 5610 323 2513
348 5656 325 2519
350 5631 326 2503
350 5632 332 2500
364 5645 326 2494
358 5651 332 2491
350 5653 332 2491
350 5628 323 2513
364 5660 336 2479
364 5638 333 2485
361 5673 336 2479
364 5630 333 2490
359 5635 333 2490
361 5684 339 2476
358 5671 339 2481
356 5640 333 2490
364 5647 333 2484
342 5682 326 2489
343 5694 332 2486
342 5709 332 2485
353 5599 323 2537
350 5608 323 2537
364 5657 339 2482
350 5612 323 2525
348 5658 332 2500
356 5607 323 2525
356 5646 333 2485
356 5665 339 2482
350 5613 323 2522
350 5609 323 2534
353 5600 323 2534
342 5703 326 2488
439 6922 363 2458
350 5645 333 2490
364 5648 327 2487
350 5622 325 2519
364 5631 327 2493
358 5683 336 2479
354 5681 339 2481
350 5698 336 2479
350 5655 333 2484
364 5606 325 2517
411 6748 376 2457
356 5614 325 2517
359 5598 323 2522
359 5595 323 2534
356 5622 323 2513
350 5628 325 2510
364 5593 323 2534
364 5596 323 2522
351 5684 327 2487
350 5781 336 2472
342 5678 325 2505
364 5626 323 2503
356 5641 326 2495
359 5597 323 2525
356 5643 327 2493
348 5671 333 2490
364 5677 333 2479
342 5680 326 2495
364 5673 332 2486
359 5594 323 2537
364 5675 326 2489
358 5695 339 2476
364 5693 333 2478
350 5699 339 2476
365 6065 357 2460
350 5766 339 2469
364 5592 323 2537
364 5605 325 2520
347 5654 326 2503
363 6037 336 2471
347 5748 339 2475
345 5715 333 2478
364 5690 336 2473
364 5613 325 2510
355 5903 351 2463
350 5721 339 2470
421 6882 389 2456
359 5885 351 2463
348 5639 323 2534
353 5791 345 2466
359 5987 351 2462
364 5699 339 2469
364 5686 339 2475
364 5667 339 2476
