61398 2700.88
440 7823 243 2086
404 7152 251 2082
447 7764 248 2081
421 7543 251 2081
409 7160 260 2081
362 6446 237 2097
402 6886 233 2122
400 7175 245 2083
402 6976 233 2120
334 5793 245 2114
338 6078 240 2108
416 7380 233 2115
339 6224 238 2117
353 6390 237 2099
387 6964 232 2121
353 6268 236 2109
345 6125 242 2102
342 6103 237 2103
348 6043 238 2096
379 6525 234 2117
331 5818 254 2104
343 6058 242 2109
327 5788 249 2106
371 6539 234 2117
365 6393 234 2122
364 6409 234 2122
317 5688 247 2109
405 6886 240 2088
399 7080 243 2087
348 6015 239 2104
354 6032 238 2096
350 6228 239 2093
404 7092 237 2095
348 6080 237 2122
380 6604 234 2105
344 6099 243 2091
404 7118 244 2085
374 6511 243 2088
333 5926 245 2086
347 6164 239 2096
370 6703 234 2117
331 5915 245 2095
330 5866 246 2093
334 5913 239 2116
359 6442 255 2085
329 5819 251 2099
357 6341 240 2091
329 5837 243 2097
322 5833 243 2099
330 5979 238 2123
346 6290 239 2102
366 6686 238 2092
360 6390 243 2090
327 5857 247 2096
340 6019 239 2113
354 6215 239 2094
352 6262 238 2094
343 6052 240 2110
336 5780 248 2108
324 5893 247 2092
384 6882 238 2091
328 5804 256 2097
327 5920 247 2091
333 5879 246 2090
384 6731 241 2090
366 6423 239 2091
344 6100 238 2113
382 6927 238 2088
368 6571 238 2093
372 6422 239 2091
346 6321 239 2096
339 5874 238 2123
330 5855 247 2094
344 6034 239 2106
333 5801 245 2107
338 6131 238 2120
380 6756 241 2090
346 6009 243 2093
363 6498 239 2091
333 5792 247 2096
367 6270 246 2083
340 6144 242 2097
332 5944 243 2094
365 6427 245 2085
340 6161 238 2118
358 6012 238 2106
