223216 1110.14
417 7130 245 2092
387 6912 235 2095
356 6484 249 2128
391 6840 269 2054
352 6278 248 2151
428 7027 226 2114
359 6488 240 2106
398 6604 271 2090
376 6485 278 2086
429 6811 241 2101
413 7265 233 2063
388 6816 251 2075
448 7873 255 2051
380 6370 261 2121
384 6655 244 2101
360 6418 254 2108
451 8049 275 2050
349 6336 284 2105
382 6868 254 2090
381 6886 253 2084
346 6287 264 2181
350 5995 243 2158
391 6847 229 2106
359 6532 231 2145
397 7250 238 2069
463 7981 226 2102
379 6883 239 2104
347 6243 270 2112
410 7189 248 2071
400 7046 248 2083
363 6597 266 2104
431 8002 250 2062
373 6482 247 2091
471 8169 223 2094
387 6719 284 2084
387 6796 271 2072
460 7888 231 2087
415 7213 224 2132
391 7170 263 2071
451 7600 265 2054
387 6727 236 2110
389 6411 236 2113
