122051 2220.4
237 4072 205 1914
239 4062 204 1918
238 4078 205 1910
242 4106 204 1917
238 4040 205 1913
239 4051 205 1911
239 4051 204 1922
237 4079 205 1913
239 4047 203 1923
237 4034 207 1914
237 4034 205 1916
238 4080 207 1908
238 4044 204 1923
239 4052 204 1920
237 4036 201 1926
250 4275 197 1944
238 4040 207 1911
252 4253 197 1944
239 4100 199 1942
237 4037 200 1929
237 4084 205 1908
238 4082 205 1908
238 4045 212 1892
236 4030 209 1901
235 4034 211 1898
236 4035 210 1895
238 4109 204 1915
235 3989 209 1907
235 4001 215 1893
243 4098 204 1915
235 3992 210 1901
236 4073 210 1891
238 4012 212 1896
235 3995 210 1899
236 4066 209 1899
237 4016 211 1898
238 4022 212 1895
235 3991 209 1905
237 4065 208 1904
238 4010 212 1898
236 4027 209 1903
236 4029 210 1897
238 4039 212 1894
236 4030 208 1906
239 4042 220 1880
236 4080 215 1884
238 4088 215 1881
238 4098 220 1875
236 4090 220 1878
237 4086 220 1879
236 4082 225 1876
239 4075 215 1881
235 4007 215 1888
238 4080 225 1876
236 4100 225 1872
236 4028 215 1886
241 4074 215 1881
235 4034 220 1882
238 4086 212 1887
235 4100 225 1874
238 4051 220 1879
238 4087 221 1875
238 4095 225 1873
238 4090 215 1879
236 4102 225 1870
236 4104 221 1874
238 4101 220 1873
234 4110 225 1875
241 4075 215 1879
236 4087 225 1874
235 3995 215 1895
238 4114 220 1871
239 4105 225 1868
236 4092 220 1876
235 3990 215 1901
236 4081 215 1882
239 4083 212 1885
239 4076 215 1879
238 4112 221 1871
239 4094 225 1870
235 4103 225 1873
236 4113 225 1868
237 4121 218 1880
235 4033 215 1886
235 4003 216 1891
236 4103 221 1875
238 4165 225 1866
234 4054 215 1893
238 4062 220 1877
234 3992 215 1912
238 4089 215 1880
234 4028 215 1904
235 3985 215 1907
238 4029 215 1885
234 4055 220 1885
234 4032 215 1901
247 4164 225 1865
234 4047 220 1889
234 3989 214 1917
234 4036 215 1895
234 4069 220 1882
234 4065 215 1886
233 4010 215 1906
248 4125 225 1865
234 4077 220 1880
234 4051 215 1894
235 3984 209 1912
235 4032 220 1887
234 4115 225 1874
245 4229 227 1864
234 4093 225 1876
247 4167 225 1863
237 4013 215 1886
238 4047 215 1883
234 4028 210 1906
238 4099 220 1874
234 3996 215 1906
238 4098 221 1874
236 4076 212 1890
237 4105 212 1888
236 4074 209 1897
240 4137 225 1866
235 4074 221 1878
239 4072 212 1887
242 4163 209 1895
235 4110 225 1872
237 4131 220 1874
241 4062 221 1875
246 4149 211 1887
243 4153 209 1895
245 4160 215 1878
242 4185 211 1887
239 4148 225 1866
245 4161 211 1887
245 4165 215 1877
237 4117 216 1881
246 4147 212 1883
239 4143 220 1869
246 4147 215 1878
243 4167 211 1887
237 4105 210 1889
243 4167 215 1877
246 4149 215 1877
241 4059 216 1881
249 4243 230 1858
238 4095 210 1889
235 4051 220 1880
234 4057 215 1888
244 4144 209 1895
235 4091 225 1876
243 4167 212 1883
238 4098 225 1872
237 4128 216 1880
241 4033 215 1883
245 4160 212 1883
245 4135 209 1895
239 4036 215 1883
242 4098 235 1867
238 4119 235 1867
238 4108 235 1869
255 4333 249 1855
254 4346 249 1855
254 4334 239 1856
255 4323 239 1856
248 4159 208 1902
244 4176 208 1902
247 4265 239 1861
238 4093 212 1885
238 4108 216 1877
238 4161 218 1875
238 4163 220 1869
243 4249 227 1864
245 4275 230 1861
244 4293 230 1861
241 4092 216 1877
240 4118 235 1867
252 4138 230 1862
243 4120 240 1864
243 4115 230 1865
241 4132 240 1864
240 4147 230 1865
245 4107 230 1865
262 4213 230 1857
251 4165 230 1860
246 4101 230 1865
241 4194 230 1863
250 4190 240 1859
242 4185 230 1863
243 4090 225 1868
240 4198 230 1863
244 4111 230 1865
241 4134 230 1865
251 4184 240 1859
245 4097 230 1867
250 4170 230 1860
249 4221 240 1859
249 4197 230 1860
261 4215 230 1857
249 4164 230 1862
240 4151 240 1864
239 4189 230 1865
239 4104 216 1877
243 4147 230 1863
242 4177 240 1862
241 4178 240 1862
244 4140 230 1863
243 4162 240 1862
261 4287 240 1854
240 4188 240 1862
239 4125 218 1875
237 4143 235 1867
250 4233 240 1857
250 4207 230 1858
252 4197 230 1858
242 4071 216 1877
249 4268 240 1857
251 4200 230 1858
264 4286 240 1852
248 4168 235 1862
250 4060 218 1875
248 4138 225 1863
248 4182 227 1861
248 4062 220 1871
253 4141 227 1861
259 4187 228 1860
239 4054 218 1879
240 4089 218 1875
250 4104 224 1868
240 4069 220 1871
259 4222 235 1857
242 4061 215 1879
251 4212 240 1857
253 4169 230 1858
261 4230 230 1855
250 4150 227 1861
239 4065 220 1873
239 4093 230 1870
260 4215 235 1857
240 4055 218 1877
250 4058 216 1880
241 4079 220 1869
264 4258 236 1853
239 4050 218 1880
248 4068 218 1875
240 4088 220 1869
253 4092 227 1867
262 4246 240 1854
262 4214 230 1855
248 4187 235 1860
258 4246 240 1855
257 4257 240 1855
252 4129 225 1863
250 4099 225 1866
250 4111 224 1866
240 4031 210 1895
248 4052 220 1874
241 4104 225 1866
248 4042 218 1880
241 4064 216 1880
241 4129 235 1865
242 4028 212 1888
239 4041 215 1882
239 4037 212 1890
253 4156 235 1860
242 4035 215 1882
241 4069 218 1875
239 4052 210 1889
249 4067 220 1869
239 4053 220 1876
250 4123 227 1864
256 4168 230 1858
258 4222 236 1856
253 4188 240 1857
249 4100 225 1866
239 4087 218 1877
239 4074 220 1871
236 4034 225 1881
249 4064 218 1875
240 4093 230 1868
241 4094 225 1868
248 4047 218 1877
249 4128 227 1864
252 4201 240 1857
242 4056 212 1885
242 4053 212 1887
251 4149 227 1861
239 4040 210 1891
240 4032 212 1888
259 4190 228 1858
239 4044 212 1888
239 4067 218 1878
260 4185 228 1860
239 4038 218 1882
253 4115 227 1864
257 4252 236 1856
248 4047 220 1876
236 4058 230 1875
239 4029 215 1884
239 4026 209 1897
248 4061 220 1873
239 4044 220 1878
238 4060 225 1878
240 4037 210 1889
248 4046 218 1879
