3339 150.148
346 6492 261 2075
395 7110 228 2156
367 6690 232 2136
372 6486 247 2057
352 6088 267 2127
364 6560 239 2083
344 6242 266 2089
347 6258 241 2109
360 6587 233 2104
409 7121 229 2148
364 6310 248 2104
351 6251 252 2072
360 6158 267 2076
380 6558 241 2101
373 6884 235 2102
419 7448 233 2040
341 6341 258 2090
390 6939 250 2039
389 6963 246 2040
344 6167 250 2143
355 6572 240 2093
433 7415 235 2051
343 6434 252 2105
360 6596 246 2075
446 7986 230 2054
357 6275 256 2038
382 6312 246 2107
412 7235 226 2075
427 7377 238 2034
425 7695 222 2098
386 6683 251 2041
464 8115 221 2118
374 6589 246 2065
373 6485 237 2120
351 6390 247 2063
388 6578 240 2074
451 7960 242 2026
358 6655 242 2046
338 6065 270 2091
359 6323 247 2082
339 6189 240 2121
367 6733 241 2061
356 6486 265 2014
384 7072 246 2024
394 6811 241 2053
379 6816 230 2056
399 7290 243 2041
429 7908 308 1982
349 6383 238 2105
404 7199 229 2139
371 6544 245 2104
413 7383 234 2053
348 6398 276 2061
353 6169 260 2140
462 8331 244 2020
413 7179 229 2092
391 6786 250 2035
365 6625 236 2081
421 7269 302 1994
337 5987 267 2130
362 6536 254 2061
404 7278 243 2026
418 7550 224 2112
495 8749 239 2013
418 7451 285 1994
360 6190 274 2055
343 6250 253 2098
378 6708 253 2021
413 7507 242 2034
371 6660 254 2023
365 6372 269 1996
363 6603 237 2102
369 6565 236 2162
410 7475 237 2044
400 6734 247 1996
373 6537 260 2012
