15528 479.199
392 7125 228 2185
321 5770 233 2164
391 7272 228 2173
382 6792 228 2193
371 6746 229 2160
385 6969 229 2158
355 6520 247 2103
387 7015 229 2151
336 6093 233 2145
393 6883 227 2157
345 6109 233 2140
337 5973 233 2162
366 6683 248 2094
362 6502 245 2102
365 6526 254 2095
381 6694 245 2098
359 6468 245 2104
383 6915 239 2103
310 5611 241 2146
357 6434 248 2099
413 7419 231 2117
331 5722 238 2144
391 6946 266 2088
391 7112 248 2092
332 5701 239 2128
316 5754 239 2131
325 5727 236 2140
332 5979 255 2109
314 5718 239 2139
324 5769 247 2119
327 5866 239 2114
318 5899 242 2116
313 5616 247 2123
369 6558 252 2098
332 6082 236 2120
334 6006 239 2113
335 5924 234 2135
315 5527 247 2126
321 5795 239 2122
322 5760 238 2123
320 5945 239 2122
319 5893 250 2117
323 5807 239 2119
321 5792 242 2113
328 5780 236 2125
312 5666 242 2133
366 6780 231 2124
373 6643 245 2101
339 6137 256 2107
317 5722 242 2123
349 6210 232 2125
323 5850 237 2122
348 6239 232 2127
399 7286 227 2144
344 6223 232 2130
350 6161 232 2119
361 6490 230 2129
336 6015 236 2117
347 6200 232 2147
373 6519 238 2106
362 6035 238 2115
356 6516 232 2117
321 5834 239 2120
321 5730 239 2124
365 6507 238 2110
364 6587 242 2105
328 5790 236 2123
327 5798 239 2115
356 6394 247 2104
362 6691 239 2106
326 5783 236 2128
343 6234 231 2135
327 5841 237 2120
341 6187 236 2114
390 7105 229 2136
350 6356 256 2103
319 5821 238 2146
313 5711 242 2124
342 6200 256 2104
346 5962 232 2164
342 6041 245 2105
348 6222 232 2133
330 5934 236 2122
340 6264 232 2126
349 6233 232 2122
373 6664 230 2126
411 7373 237 2105
341 5946 247 2111
333 5984 232 2149
322 5798 236 2136
365 6555 236 2112
346 6090 237 2115
333 6092 237 2111
363 6350 231 2133
343 6095 236 2116
352 6202 231 2149
322 5810 239 2117
348 6349 234 2125
369 6680 236 2107
372 6672 231 2123
357 6239 254 2104
334 6046 251 2110
322 5749 247 2122
326 5756 238 2117
355 6153 256 2103
354 6144 232 2126
325 5843 234 2153
336 5942 234 2130
335 5980 239 2108
376 6370 247 2103
324 5748 239 2120
363 6574 270 2098
371 6758 239 2104
368 6633 239 2107
352 6402 242 2106
376 6492 242 2103
368 6555 242 2103
331 5749 248 2112
340 6218 245 2105
327 5738 234 2137
350 6425 255 2103
344 6242 248 2104
