187 6.03053
412 7332 308 2338
422 7285 317 2395
478 8207 264 2284
434 7310 291 2303
426 7264 290 2321
407 7353 269 2286
439 7319 285 2289
488 8647 311 2217
421 7368 280 2268
405 7237 335 2375
576 9890 296 2239
402 7006 340 2319
492 8653 298 2250
529 8907 331 2214
502 8820 272 2249
559 9606 304 2237
425 7591 313 2234
538 8913 252 2264
423 7186 321 2329
448 7977 259 2310
471 8422 270 2276
432 7914 266 2338
472 8543 304 2249
540 9980 294 2230
441 7577 276 2252
463 8388 306 2251
475 7542 262 2354
456 8379 342 2222
