246 13.4042
298 5247 216 1895
287 5015 213 1915
289 5226 213 1904
292 5239 210 1906
303 5408 207 1921
306 5442 212 1896
282 5156 213 1905
310 5421 204 1928
284 5095 212 1906
297 5253 215 1896
293 5279 209 1915
294 5133 211 1910
289 5236 211 1912
291 5058 205 1922
306 5407 204 1930
326 5703 206 1919
292 5165 212 1897
296 5113 211 1902
318 5672 209 1910
315 5536 210 1903
309 5545 220 1880
330 5914 210 1895
333 5792 225 1876
332 5885 205 1919
294 5377 215 1893
301 5410 215 1891
323 5771 205 1921
316 5679 218 1882
331 5703 224 1877
302 5521 215 1890
303 5344 220 1883
319 5787 208 1910
326 5809 224 1877
339 5945 209 1908
315 5659 215 1886
352 6243 212 1889
413 7309 225 1866
300 5286 210 1904
304 5583 215 1889
334 6037 213 1890
347 5955 225 1869
307 5443 207 1916
307 5546 208 1911
308 5319 209 1913
315 5491 213 1895
319 5789 214 1892
328 5981 224 1876
330 5802 224 1871
340 6122 220 1876
301 5549 215 1890
338 6136 207 1913
306 5481 215 1889
351 6266 220 1875
316 5499 211 1894
310 5598 210 1900
313 5423 215 1888
314 5605 218 1883
332 6033 209 1907
333 5985 218 1880
336 5907 212 1891
319 5611 224 1878
327 5954 225 1874
329 5826 225 1871
380 6921 235 1865
408 6863 227 1866
297 5273 211 1900
307 5522 211 1894
323 5890 220 1879
325 5683 213 1892
369 6529 225 1867
292 5120 220 1886
310 5408 208 1920
311 5542 209 1911
311 5543 212 1893
321 5953 210 1899
325 5918 205 1919
330 5844 220 1878
336 6201 220 1876
367 6266 228 1866
376 6735 216 1882
287 5091 217 1896
323 5892 220 1877
348 6062 210 1894
354 6292 208 1908
355 6188 215 1883
365 6636 209 1906
386 6502 216 1882
307 5629 215 1888
308 5426 208 1914
312 5729 215 1884
328 5928 218 1881
334 5692 220 1878
336 5911 235 1869
341 5941 214 1890
363 6404 220 1873
