5976 600.007
374 6648 200 1968
302 5119 212 1947
308 5576 204 1958
289 4948 220 1934
296 5110 214 1935
295 5113 216 1942
323 5350 201 1961
317 5380 205 1951
326 5588 204 1949
327 5774 201 1956
309 5291 208 1949
298 5367 208 1942
302 5125 214 1932
303 5285 209 1933
329 5809 207 1944
330 5777 206 1945
331 5699 207 1945
334 5601 208 1941
307 5182 215 1927
298 5139 209 1943
313 5613 204 1956
338 6150 201 1955
302 5215 212 1931
298 5261 209 1937
315 5571 205 1947
330 5759 208 1940
306 5396 205 1948
400 7155 203 1939
302 5109 219 1926
333 6062 208 1939
320 5507 207 1946
336 5654 205 1928
336 5970 204 1928
342 5700 208 1912
304 5317 218 1889
294 5183 220 1890
339 5751 230 1857
335 6111 205 1918
306 5458 209 1908
341 5839 228 1858
325 5331 215 1886
333 5772 230 1857
320 5468 218 1879
292 5178 240 1857
296 5146 240 1859
296 5168 235 1863
296 5186 235 1860
311 5441 230 1858
338 5919 230 1855
322 5608 220 1871
320 5720 209 1902
312 5351 215 1889
318 5442 228 1861
355 5674 224 1868
339 5826 224 1866
307 5293 225 1871
326 5563 220 1871
340 5806 230 1855
341 5613 230 1857
361 6246 205 1908
327 5723 227 1862
333 5778 227 1861
342 5802 236 1853
310 5483 215 1884
315 5490 221 1869
331 5696 224 1868
345 5831 228 1859
327 5558 228 1860
305 5367 220 1876
343 5751 230 1855
309 5257 209 1904
324 5711 224 1868
299 5333 224 1872
331 5467 228 1860
341 5814 212 1885
338 5649 209 1899
320 5391 230 1860
306 5383 218 1885
307 5444 218 1883
305 5316 227 1873
317 5516 218 1879
319 5720 219 1878
312 5416 225 1868
317 5363 225 1863
291 5195 215 1895
343 5864 218 1875
319 5721 218 1877
305 5465 230 1865
315 5369 218 1883
311 5283 216 1886
337 5464 218 1877
328 5662 212 1886
323 5680 212 1886
315 5563 210 1897
312 5139 218 1891
315 5592 212 1888
326 5394 218 1881
323 5533 218 1878
318 5541 216 1881
314 5545 215 1883
314 5270 220 1878
345 5771 220 1869
311 5506 218 1880
325 5626 210 1894
322 5350 215 1885
319 5505 220 1872
332 5417 218 1880
311 5384 225 1870
321 5638 209 1903
308 5461 210 1900
315 5529 227 1865
314 5363 225 1867
319 5466 215 1882
328 5428 212 1889
323 5567 209 1900
347 5740 228 1858
308 5309 220 1873
299 5185 225 1881
321 5126 221 1880
315 5373 215 1884
298 5266 220 1883
322 5720 209 1897
337 5978 218 1875
315 5289 230 1870
314 5385 216 1884
340 5968 218 1875
328 5539 218 1877
348 5988 208 1911
334 5783 220 1869
304 5155 219 1883
340 5698 224 1866
316 5359 215 1888
315 5528 220 1872
305 5323 218 1887
319 5422 210 1895
317 5415 224 1870
337 5916 216 1877
324 5326 225 1868
301 5203 219 1885
332 5798 218 1876
335 5728 210 1889
311 5339 230 1867
315 5674 210 1891
329 5517 210 1893
333 5943 216 1877
346 6263 208 1905
333 5889 210 1889
308 5512 218 1882
323 5636 210 1891
342 6054 208 1907
321 5506 215 1879
305 5223 227 1875
387 6755 208 1904
323 5504 215 1879
330 5718 209 1899
303 5214 220 1882
315 5471 215 1882
319 5474 218 1881
301 5312 220 1882
299 5217 212 1890
342 5728 227 1861
324 5618 218 1877
316 5270 225 1872
356 5675 224 1866
315 5587 214 1889
346 6075 208 1906
