39849 1320.85
273 4591 244 2197
266 4544 251 2168
265 4521 251 2175
271 4641 246 2172
266 4536 246 2177
266 4532 251 2171
274 4515 240 2190
265 4528 251 2172
265 4518 251 2178
265 4516 251 2185
303 5115 297 2115
292 4908 277 2120
274 4524 244 2180
313 5074 308 2110
286 4942 277 2120
280 4779 260 2134
306 5066 297 2115
307 5051 297 2115
294 4946 288 2117
274 4514 243 2183
274 4525 249 2168
274 4530 249 2165
292 4998 288 2117
266 4544 246 2174
274 4535 249 2162
274 4526 245 2169
282 4776 266 2127
274 4704 263 2135
274 4527 251 2164
279 4706 268 2132
282 4681 252 2145
279 4722 268 2129
318 5105 313 2104
299 5016 299 2112
287 4813 260 2127
274 4696 263 2138
280 4749 268 2122
286 4729 252 2142
283 4718 239 2205
273 4641 256 2140
273 4629 256 2142
275 4692 261 2133
273 4657 256 2139
265 4531 255 2158
265 4523 255 2161
274 4518 245 2170
274 4567 260 2140
274 4521 251 2165
272 4601 260 2140
275 4577 265 2134
281 4659 270 2130
280 4661 270 2130
282 4615 256 2136
282 4635 254 2140
289 4767 252 2137
282 4674 256 2133
270 4559 260 2142
275 4554 254 2141
274 4545 260 2142
267 4562 255 2151
282 4621 256 2134
274 4536 255 2148
280 4673 270 2128
286 4726 261 2125
275 4541 249 2147
285 4745 261 2125
274 4543 249 2147
276 4552 254 2141
275 4533 249 2150
274 4539 260 2145
275 4528 245 2156
274 4540 245 2163
274 4546 245 2153
276 4536 245 2153
282 4696 270 2127
282 4695 256 2131
266 4546 255 2154
275 4561 265 2136
282 4695 254 2138
284 4693 261 2128
270 4525 255 2151
289 4665 244 2160
