56836 1200.21
253 4310 215 1893
256 4328 214 1897
253 4299 212 1899
256 4335 215 1891
258 4246 215 1890
256 4259 212 1899
256 4232 215 1893
256 4216 212 1905
255 4199 212 1907
255 4204 225 1898
255 4192 214 1911
255 4229 225 1896
255 4204 215 1899
255 4194 214 1905
255 4194 220 1904
260 4180 214 1894
261 4176 214 1894
256 4149 220 1891
259 4189 215 1888
268 4318 240 1857
267 4320 240 1857
263 4254 240 1859
259 4142 218 1883
258 4154 220 1871
260 4143 216 1885
263 4156 225 1866
258 4146 218 1878
258 4116 216 1886
258 4120 220 1883
259 4145 221 1870
258 4147 225 1867
262 4225 230 1860
258 4143 225 1869
263 4219 230 1862
258 4150 216 1884
262 4221 230 1862
263 4223 230 1860
260 4199 220 1869
259 4141 220 1872
258 4143 220 1872
258 4154 218 1877
258 4147 221 1870
258 4142 225 1871
259 4141 225 1869
260 4149 216 1884
260 4153 218 1877
258 4163 225 1866
258 4133 225 1876
260 4200 218 1875
261 4197 216 1882
257 4143 221 1877
258 4135 221 1877
258 4135 225 1874
258 4131 220 1879
263 4192 216 1882
267 4206 215 1879
267 4233 224 1866
261 4198 225 1863
264 4182 216 1882
261 4193 220 1869
261 4197 218 1875
264 4227 216 1880
258 4155 221 1869
260 4149 221 1869
262 4196 225 1863
260 4152 220 1871
262 4181 218 1875
262 4183 220 1869
262 4241 227 1861
263 4245 245 1859
264 4236 227 1861
271 4283 235 1857
271 4285 245 1856
288 4554 280 1848
278 4354 270 1851
279 4374 269 1850
267 4156 235 1864
267 4156 245 1863
273 4275 260 1852
273 4273 240 1854
272 4270 250 1853
265 4110 235 1870
266 4115 255 1868
271 4243 250 1856
265 4110 245 1869
272 4242 260 1855
271 4241 240 1857
272 4241 250 1856
283 4403 270 1849
278 4408 260 1850
280 4409 270 1849
279 4414 270 1849
279 4371 250 1851
279 4391 260 1850
272 4266 250 1854
276 4383 250 1851
271 4234 260 1856
270 4229 250 1857
276 4369 259 1851
264 4121 228 1865
267 4167 227 1861
277 4346 236 1853
268 4165 227 1861
267 4175 234 1858
275 4334 239 1853
272 4263 230 1855
264 4160 234 1861
268 4181 228 1858
275 4353 236 1853
275 4353 240 1852
277 4345 240 1852
267 4262 230 1858
270 4267 240 1857
278 4309 214 1890
281 4324 212 1890
263 4141 226 1866
279 4313 214 1888
265 4137 220 1869
268 4162 227 1864
276 4174 225 1863
275 4164 226 1863
280 4238 230 1857
275 4176 225 1863
275 4157 225 1865
277 4251 230 1857
272 4167 226 1863
278 4173 225 1863
265 4122 226 1869
263 4117 220 1871
264 4144 225 1866
265 4131 226 1866
274 4319 214 1889
272 4294 211 1891
276 4357 209 1899
277 4359 208 1906
261 4069 218 1882
265 4136 225 1866
269 4173 214 1891
260 4091 225 1871
268 4156 216 1882
259 4055 208 1908
260 4079 220 1879
259 4083 220 1879
259 4086 218 1885
259 4056 209 1901
262 4113 221 1875
263 4130 225 1868
264 4144 218 1875
266 4121 218 1877
262 4077 210 1893
266 4175 214 1891
265 4112 220 1874
265 4157 215 1885
265 4109 218 1879
264 4163 215 1885
264 4118 218 1879
266 4157 216 1881
258 4019 210 1898
258 4021 215 1892
264 4128 218 1877
266 4128 210 1892
261 4090 216 1885
263 4114 220 1874
263 4141 210 1892
260 4093 218 1883
269 4161 216 1880
262 4115 216 1883
258 4038 210 1895
261 4066 215 1888
280 4362 211 1890
260 4069 215 1886
267 4185 216 1880
262 4059 218 1885
262 4054 216 1891
261 4091 218 1880
266 4104 220 1874
262 4066 216 1885
266 4105 218 1879
277 4402 209 1898
278 4406 208 1905
273 4212 208 1907
277 4385 211 1890
260 4082 220 1877
265 4152 209 1900
260 4066 218 1885
