24 1.03896
551 9848 304 2427
457 8270 346 2492
450 8088 396 2483
465 8238 344 2505
465 8416 345 2476
483 8909 314 2483
486 8178 336 2492
477 8118 404 2436
467 8031 320 2502
512 8737 314 2440
465 7992 346 2445
492 8995 334 2384
503 8569 347 2391
463 8333 328 2495
475 8088 356 2439
489 8078 324 2500
465 8437 332 2439
469 8672 339 2385
463 8080 354 2465
469 8597 329 2476
476 7931 358 2451
477 8845 338 2413
487 8870 348 2362
490 8519 325 2420
490 8641 322 2392
519 8583 322 2456
527 9126 341 2359
546 9903 331 2370
434 8131 350 2395
478 8200 327 2432
485 8760 310 2388
486 8776 350 2364
486 8872 317 2385
502 8880 379 2357
503 9302 339 2367
510 8551 325 2412
513 9000 344 2381
520 9402 322 2372
523 9488 352 2360
537 10126 343 2354
558 9694 393 2342
574 10538 400 2339
470 8447 348 2388
483 8566 344 2413
509 9234 368 2347
526 9496 344 2356
543 9486 306 2426
457 8367 332 2499
