98691 3240.81
296 4875 233 2212
290 4700 233 2214
266 4575 241 2193
274 4611 233 2216
266 4595 238 2185
271 4490 236 2160
278 4627 237 2146
275 4670 232 2231
281 4658 237 2143
266 4426 247 2136
266 4437 246 2134
266 4454 255 2127
267 4407 236 2162
266 4446 255 2129
268 4451 241 2147
283 4643 236 2136
267 4406 237 2156
273 4489 239 2146
300 5087 242 2107
267 4430 237 2149
267 4407 239 2151
267 4399 237 2158
267 4416 246 2144
267 4416 241 2150
313 5216 246 2095
271 4423 237 2149
277 4617 239 2144
279 4621 246 2107
275 4541 242 2110
274 4570 242 2110
266 4457 255 2122
309 4955 289 2056
270 4483 247 2104
280 4629 246 2104
276 4628 253 2086
277 4631 246 2104
283 4689 246 2100
315 5318 246 2086
287 4506 240 2121
309 5007 251 2079
323 5329 251 2077
268 4439 247 2112
332 5301 251 2074
274 4573 242 2108
294 4591 239 2131
307 5196 247 2085
291 4599 239 2128
273 4537 260 2087
297 5019 289 2057
279 4604 240 2124
281 4676 260 2070
281 4703 253 2072
271 4433 251 2098
284 4677 246 2099
271 4602 232 2233
270 4467 251 2098
269 4413 251 2100
269 4411 247 2106
274 4570 241 2114
325 5272 249 2080
288 4779 269 2061
323 5238 246 2082
273 4522 260 2089
271 4493 253 2093
277 4613 253 2077
275 4572 242 2108
276 4555 242 2108
283 4729 269 2063
273 4487 253 2091
279 4613 240 2122
274 4535 260 2087
272 4577 232 2233
272 4469 251 2095
277 4611 251 2084
272 4467 251 2097
277 4597 253 2086
295 4969 253 2070
273 4475 251 2093
271 4432 247 2105
286 4742 264 2067
275 4585 255 2086
267 4399 234 2164
271 4441 247 2104
268 4420 251 2100
280 4609 247 2093
299 5055 290 2046
290 4885 269 2059
269 4399 247 2121
272 4391 247 2132
269 4401 247 2118
274 4547 260 2080
272 4394 247 2129
298 4999 290 2050
269 4408 247 2113
269 4402 247 2116
291 4826 269 2059
269 4415 241 2115
281 4671 264 2069
301 5018 290 2046
269 4393 247 2132
269 4396 247 2129
269 4406 247 2115
284 4701 269 2063
289 4675 246 2098
286 4700 269 2063
269 4409 247 2110
273 4475 247 2099
279 4616 260 2073
276 4528 260 2088
278 4547 253 2089
285 4715 246 2097
270 4433 242 2113
278 4480 261 2092
278 4493 261 2090
280 4649 260 2071
275 4437 261 2097
274 4423 261 2099
269 4429 240 2127
277 4537 251 2091
278 4584 260 2075
270 4413 241 2131
269 4415 246 2109
281 4647 260 2071
