109752 1140.14
372 6809 283 2197
370 6542 292 2248
389 6658 257 2249
367 6608 286 2249
388 6803 262 2177
379 6847 267 2197
389 6815 255 2165
382 7013 251 2191
363 6697 278 2209
370 6641 273 2218
362 6618 272 2266
387 6702 260 2199
425 7710 237 2190
384 7093 256 2155
394 6874 250 2185
376 6589 279 2187
387 7028 264 2111
376 6748 275 2205
383 6833 253 2205
441 7668 244 2149
362 6666 252 2229
368 6447 296 2164
377 6972 259 2222
375 6867 307 2162
371 6882 271 2179
377 6622 275 2239
386 6724 270 2201
385 7086 246 2183
436 7776 237 2160
383 7025 291 2119
400 7134 248 2111
397 6705 272 2191
378 6485 261 2204
391 6773 260 2196
410 7375 239 2197
371 6879 278 2200
384 6769 251 2246
455 7962 240 2129
511 9008 238 2150
455 8007 236 2162
376 6857 264 2201
460 8053 247 2118
381 6859 240 2210
444 7796 241 2143
386 6835 261 2178
404 7077 272 2102
490 9111 288 2094
396 6878 245 2124
506 9270 241 2120
384 6761 264 2167
398 7010 241 2164
397 6885 244 2178
394 7111 252 2121
397 7233 236 2226
377 6539 282 2187
456 8238 245 2122
424 7496 232 2198
379 6903 260 2195
421 7720 277 2101
423 7411 251 2095
415 7532 238 2152
368 6840 294 2189
425 7344 238 2172
389 6947 251 2157
376 7065 258 2166
377 6748 268 2132
