12955 3502.64
388 6953 203 1974
306 5462 208 1918
291 5277 205 1930
302 5207 204 1939
299 5528 205 1925
300 5366 207 1925
297 5417 207 1923
291 5287 204 1940
309 5563 207 1920
320 5556 207 1920
298 5381 207 1921
297 5320 205 1928
308 5619 207 1920
299 5432 205 1927
298 5407 204 1934
311 5552 204 1932
285 5055 207 1926
302 5473 208 1918
283 5015 210 1920
303 5495 205 1926
315 5740 207 1910
297 5165 209 1908
285 5082 210 1900
283 5026 210 1902
249 4357 225 1880
254 4442 230 1872
270 4530 230 1862
261 4504 230 1865
258 4464 225 1871
268 4484 225 1868
267 4494 225 1868
270 4492 230 1864
256 4387 221 1879
266 4495 225 1868
269 4461 230 1866
259 4453 225 1871
277 4531 228 1867
276 4538 228 1865
264 4421 221 1876
275 4565 228 1865
265 4499 230 1865
253 4291 220 1886
253 4295 216 1889
262 4341 216 1886
264 4559 225 1868
263 4513 225 1870
263 4326 216 1886
255 4398 221 1879
275 4534 228 1867
255 4383 216 1885
254 4320 216 1887
260 4384 221 1879
261 4382 216 1884
269 4413 220 1876
263 4360 216 1884
265 4414 220 1876
254 4325 215 1892
264 4422 220 1876
252 4280 214 1900
250 4289 216 1892
251 4337 214 1898
256 4391 220 1879
251 4330 216 1887
268 4502 230 1864
268 4465 230 1866
256 4397 225 1873
265 4377 225 1872
262 4439 216 1882
263 4370 220 1878
264 4384 230 1871
267 4440 230 1868
250 4292 220 1886
255 4403 220 1879
247 4279 225 1885
265 4422 225 1870
259 4445 216 1882
263 4401 216 1882
251 4338 225 1878
258 4427 230 1869
255 4392 230 1871
253 4348 225 1875
251 4332 215 1892
262 4414 220 1878
257 4469 230 1869
270 4457 230 1866
265 4369 220 1878
256 4335 220 1881
246 4268 220 1891
251 4341 230 1874
251 4313 220 1883
265 4360 225 1874
248 4293 215 1894
256 4387 230 1872
249 4285 215 1894
262 4354 220 1880
250 4361 230 1874
248 4288 214 1900
265 4345 220 1880
247 4257 215 1897
261 4371 216 1886
256 4346 225 1875
253 4337 220 1881
251 4338 220 1881
255 4329 225 1877
253 4333 225 1877
259 4460 230 1867
250 4351 230 1879
250 4298 225 1880
250 4300 216 1889
247 4262 220 1891
250 4315 220 1883
248 4302 220 1888
256 4324 225 1877
259 4445 220 1876
261 4430 220 1876
259 4419 220 1878
259 4421 216 1884
249 4290 220 1888
