18664 1080.97
241 4039 212 1921
241 4028 212 1927
255 4408 215 1893
241 4058 215 1916
241 4021 205 1932
241 4021 206 1930
241 4003 206 1945
241 4003 205 1953
241 4031 210 1924
241 4049 215 1918
256 4297 220 1889
242 4067 208 1922
242 4056 215 1916
256 4298 220 1887
247 4098 205 1928
247 4092 205 1930
255 4310 220 1885
241 4009 204 1957
247 4160 210 1909
246 4123 213 1909
242 4070 210 1917
242 4075 210 1914
242 4083 215 1911
242 4061 207 1923
246 4123 210 1911
241 4032 210 1923
242 4066 210 1920
246 4168 220 1900
242 4078 212 1912
246 4135 215 1903
246 4203 220 1898
242 4073 212 1915
242 4092 215 1906
241 4007 206 1936
247 4197 202 1962
241 4007 205 1938
255 4312 220 1883
247 4123 208 1918
241 4063 215 1913
255 4173 215 1895
241 4016 204 1948
255 4304 216 1889
245 4071 215 1912
247 4164 215 1900
247 4182 220 1898
255 4162 214 1902
242 4061 215 1913
241 4063 212 1919
254 4332 209 1912
254 4332 210 1906
242 4068 212 1918
242 4061 212 1919
247 4162 210 1907
243 4082 212 1911
243 4079 210 1913
241 4061 210 1921
255 4279 224 1888
254 4148 213 1904
249 4097 212 1909
254 4160 215 1898
255 4167 207 1920
255 4278 224 1890
256 4181 212 1902
253 4257 200 1958
255 4163 205 1927
248 4157 215 1901
275 4406 224 1880
255 4201 204 1938
247 4161 215 1901
270 4407 224 1880
254 4199 220 1891
247 4179 221 1899
241 4094 212 1911
255 4165 212 1904
256 4319 210 1906
242 4086 215 1909
246 4027 203 1962
248 4198 200 1963
254 4192 220 1893
241 4015 208 1929
265 4439 214 1900
243 4082 215 1910
256 4315 209 1912
253 4266 220 1895
246 4180 221 1899
254 4161 209 1917
264 4303 204 1937
241 4010 208 1935
244 4098 215 1904
247 4144 214 1907
250 4162 209 1916
247 4132 207 1921
270 4426 225 1878
246 4191 220 1899
258 4167 204 1939
247 4056 203 1950
259 4317 210 1906
257 4308 209 1912
249 4296 229 1894
249 4112 215 1899
255 4295 224 1886
247 4162 209 1917
249 4179 220 1896
247 4169 209 1916
249 4127 218 1897
246 4058 203 1950
249 4099 212 1906
243 4118 215 1905
246 4024 203 1964
245 4088 204 1941
258 4258 220 1887
275 4420 225 1878
260 4309 220 1885
273 4421 225 1878
241 4091 210 1913
249 4125 198 1972
282 4454 236 1875
255 4169 202 1955
244 4123 218 1902
248 4127 198 1972
248 4166 199 1965
246 4034 203 1956
241 4022 204 1942
258 4256 230 1890
249 4164 199 1965
251 4209 200 1960
255 4282 209 1914
248 4153 198 1966
254 4288 209 1914
249 4107 215 1902
242 4088 215 1907
249 4149 198 1966
