20442 840.653
424 7291 260 1934
330 5703 230 2027
397 6940 297 1929
325 5884 224 1997
362 6441 214 2044
349 6226 228 1963
366 6355 212 2024
401 7211 265 1936
403 7243 265 1933
317 5765 236 2008
354 6157 278 1948
360 6337 248 1945
319 5596 270 2032
346 6234 247 1951
328 5744 244 2023
372 6344 260 1938
326 5740 248 2018
362 6561 219 1984
329 5736 233 2022
360 6477 221 1989
336 5963 251 1964
317 5731 247 2022
370 6520 229 1957
362 6415 224 1976
360 5928 263 1962
331 5922 237 1965
377 6684 224 1966
322 5812 236 1992
379 6892 261 1937
374 6893 243 1942
342 6081 226 1980
349 6105 215 2011
363 6166 277 1950
323 5864 233 1996
380 6721 218 1987
363 6612 224 1974
392 6748 269 1930
381 6942 236 1952
320 5719 265 2009
416 7550 248 1936
383 6904 247 1941
325 5789 237 1973
347 5875 219 2009
347 5962 258 1963
398 7144 279 1927
353 6368 224 1981
363 6621 246 1955
401 7335 222 1972
416 6691 279 1928
328 5948 216 2002
367 6596 214 2011
403 7007 270 1929
323 5661 245 2028
413 7472 261 1933
353 6428 224 1975
366 6501 223 1971
389 6994 242 1947
350 6128 228 1967
355 6332 223 1980
364 6308 221 1978
328 5861 225 2035
372 6383 218 1988
361 6488 278 1938
378 6784 238 1953
345 6184 216 1991
460 8124 265 1928
359 6407 224 1978
350 6106 262 1955
378 6646 227 1964
334 5951 232 1975
383 6792 218 1983
345 6122 221 1994
329 5749 223 1982
405 7278 238 1948
390 6859 217 1988
360 6355 223 1978
388 6889 256 1940
340 6345 248 1950
342 6244 258 1949
319 5742 260 1999
332 5752 235 1979
387 7172 247 1939
368 6467 258 1939
332 5973 242 1958
362 6426 269 1932
362 6342 225 1966
347 6179 216 1997
344 6156 220 1997
342 6136 228 1972
361 6661 243 1943
376 6791 212 1996
345 6307 247 1949
415 7464 219 1975
333 5958 228 1974
353 6143 222 1991
361 6378 257 1940
335 5740 232 2003
391 6937 216 1987
410 7160 270 1922
326 5881 229 1980
330 5991 229 1977
404 7142 253 1935
332 6018 233 1956
361 6238 260 1945
346 6249 228 1966
