15978 960.532
255 4341 203 1937
247 4182 203 1941
255 4176 204 1936
253 4256 204 1937
255 4168 201 1939
244 4242 231 1896
244 4245 226 1896
279 4738 204 1931
245 4186 215 1900
245 4199 220 1898
252 4130 205 1933
250 4294 215 1898
245 4178 209 1917
252 4123 203 1939
251 4226 220 1896
245 4183 210 1911
256 4166 201 1939
243 4142 212 1910
243 4140 219 1908
246 4222 208 1922
245 4179 214 1906
245 4178 212 1908
256 4163 200 1941
243 4142 213 1908
263 4549 199 1965
250 4207 219 1898
250 4126 203 1939
249 4198 208 1922
247 4157 204 1950
255 4165 200 1941
244 4175 225 1898
244 4139 209 1920
250 4252 220 1894
268 4675 209 1914
264 4469 225 1877
247 4167 203 1944
251 4340 226 1884
252 4332 218 1891
261 4266 204 1934
266 4538 216 1894
250 4264 212 1906
261 4366 220 1885
261 4362 227 1882
241 4146 219 1921
248 4129 203 1939
245 4178 210 1912
248 4136 205 1933
241 4148 219 1919
250 4300 231 1887
251 4312 224 1886
249 4255 225 1892
248 4247 225 1894
264 4408 227 1877
264 4551 196 1968
255 4142 205 1931
247 4228 224 1896
253 4351 215 1896
250 4281 214 1904
251 4266 224 1889
240 4136 217 1927
249 4312 214 1904
286 4578 230 1869
279 4582 230 1869
266 4432 225 1877
251 4281 218 1893
265 4458 225 1877
268 4559 204 1932
245 4204 225 1896
253 4358 229 1881
241 4137 217 1925
265 4580 214 1902
244 4152 215 1902
252 4300 229 1883
253 4319 218 1891
260 4271 204 1934
260 4367 227 1882
245 4193 224 1898
255 4345 229 1881
265 4413 226 1877
262 4423 227 1875
261 4340 220 1886
250 4302 226 1887
262 4418 226 1877
266 4447 218 1889
274 4553 204 1932
250 4261 225 1889
264 4403 224 1880
252 4369 229 1881
243 4141 210 1913
243 4117 209 1926
259 4373 227 1882
266 4465 220 1883
264 4421 236 1873
251 4316 213 1904
243 4115 214 1914
248 4247 214 1905
267 4549 210 1907
249 4273 220 1888
277 4699 209 1912
244 4160 219 1900
243 4153 215 1902
243 4116 213 1920
243 4150 207 1925
250 4255 210 1909
272 4578 208 1918
267 4499 236 1870
264 4414 226 1877
244 4147 207 1925
263 4413 227 1875
251 4260 225 1889
248 4266 224 1894
264 4402 225 1879
268 4493 230 1872
251 4255 219 1897
268 4493 236 1870
243 4149 205 1926
250 4253 209 1915
261 4368 227 1881
249 4259 220 1891
243 4116 212 1922
258 4445 226 1883
247 4230 220 1895
245 4194 208 1923
258 4471 221 1883
274 4488 228 1872
267 4499 230 1872
261 4382 236 1879
254 4368 221 1886
279 4582 236 1867
272 4567 211 1905
243 4113 214 1918
262 4356 221 1883
258 4418 220 1885
260 4384 236 1880
256 4133 208 1928
257 4304 203 1935
250 4213 218 1898
245 4193 205 1924
253 4373 224 1884
262 4366 227 1881
250 4257 219 1897
241 4131 217 1927
243 4113 213 1924
244 4151 207 1924
263 4410 225 1879
250 4237 225 1892
267 4701 209 1914
262 4373 236 1880
261 4358 221 1883
269 4467 216 1894
275 4687 213 1903
243 4152 207 1924
256 4353 203 1935
259 4457 227 1881
262 4356 220 1885
243 4141 209 1919
251 4202 219 1898
281 4551 204 1932
