8223 507.159
298 5296 207 1971
297 5100 205 1972
294 4949 212 1962
299 5067 206 1970
289 5046 208 1971
282 4797 214 1957
294 5021 219 1948
288 4976 239 1945
283 4899 209 1964
289 4927 223 1947
292 5047 209 1960
294 5034 214 1954
290 5019 208 1966
293 4983 213 1959
294 5089 209 1953
287 5049 228 1947
289 4988 210 1960
289 5031 214 1955
294 4998 219 1949
293 5016 219 1951
291 4850 218 1954
291 5090 214 1952
292 5038 214 1952
279 4911 214 1959
274 4872 214 1963
297 5107 230 1877
315 5154 235 1874
294 5150 235 1879
307 5089 244 1871
291 5030 215 1911
307 5303 235 1875
294 5032 220 1900
294 5078 225 1890
302 5013 244 1873
288 5146 227 1880
330 5687 230 1863
292 5004 229 1917
318 5575 230 1868
308 5085 234 1876
312 5026 230 1885
289 5003 244 1875
309 5136 235 1875
314 5221 225 1870
315 5561 227 1869
308 5485 215 1884
330 5537 235 1867
312 5208 227 1872
316 5395 225 1869
285 5067 216 1905
292 5028 216 1916
300 5078 211 1909
288 5121 210 1916
311 5472 204 1919
296 5183 209 1921
300 5241 209 1912
304 5277 209 1900
306 5115 215 1889
306 5361 208 1907
295 4961 213 1905
304 5407 207 1912
327 5670 210 1892
293 5039 212 1893
330 5650 210 1892
289 5159 220 1891
298 5456 210 1894
309 5371 205 1917
301 5362 209 1902
288 5114 212 1905
303 5328 209 1902
286 5076 220 1900
294 5129 212 1891
301 5191 209 1907
295 5167 220 1881
317 5559 212 1888
320 5508 210 1893
297 5199 220 1879
307 5341 207 1909
304 5164 215 1889
298 5427 215 1885
308 5453 205 1914
299 5156 215 1890
310 5252 205 1911
291 5046 215 1900
327 5878 204 1918
300 5266 214 1890
306 5294 218 1880
301 5335 220 1876
317 5287 212 1890
313 5500 220 1875
301 5130 210 1900
309 5188 215 1882
292 5198 215 1887
302 5237 215 1885
306 5329 220 1876
299 5036 216 1904
318 5457 212 1888
319 5290 225 1868
298 5101 215 1891
311 5360 212 1890
301 5125 209 1908
296 5280 209 1906
330 5744 208 1905
336 5694 208 1905
296 5139 210 1896
347 5644 227 1866
337 5685 227 1866
301 5221 208 1912
304 5136 209 1907
304 5368 218 1880
301 5023 218 1897
314 5419 214 1889
303 5113 218 1885
308 5271 209 1906
296 5120 215 1892
309 5183 218 1881
303 5182 220 1877
314 5313 220 1874
304 5240 210 1894
303 5200 225 1876
299 5198 220 1880
309 5231 224 1873
294 5313 225 1874
300 5125 216 1890
296 5154 218 1885
307 5255 218 1884
296 5123 231 1882
309 5158 218 1883
331 5513 210 1892
297 5187 215 1888
292 5162 215 1896
299 5126 218 1888
320 5275 208 1907
305 5154 219 1883
307 5323 224 1871
326 5538 227 1867
297 5114 210 1902
300 5274 218 1882
305 5089 218 1891
305 5216 216 1885
