18653 840.338
288 4824 233 2218
284 4707 233 2222
302 4878 264 2149
293 4847 269 2143
299 4812 278 2143
283 4646 269 2150
277 4624 264 2160
277 4630 255 2160
287 4721 279 2145
277 4624 255 2162
307 5038 269 2133
277 4658 260 2154
290 4638 269 2150
285 4579 264 2156
268 4384 234 2196
273 4567 264 2162
268 4388 234 2191
274 4545 241 2176
268 4409 238 2188
271 4425 243 2177
268 4410 238 2183
281 4602 236 2179
275 4575 230 2223
268 4380 234 2202
286 4663 248 2161
270 4470 238 2178
271 4446 243 2172
277 4604 243 2165
286 4708 248 2159
268 4405 236 2190
277 4674 241 2171
279 4604 250 2162
285 4662 260 2150
272 4420 244 2179
274 4507 243 2170
281 4542 253 2158
266 4397 234 2191
276 4514 248 2164
276 4620 269 2157
266 4393 234 2197
272 4509 243 2170
264 4484 243 2172
266 4391 234 2202
267 4471 248 2171
262 4447 238 2183
268 4407 236 2189
264 4499 238 2178
262 4438 243 2177
277 4441 249 2173
279 4609 255 2156
286 4621 253 2153
269 4552 248 2164
269 4450 239 2180
268 4395 239 2185
268 4529 248 2166
268 4417 236 2184
265 4399 234 2196
266 4395 234 2196
312 5187 273 2132
297 4681 248 2157
291 4558 263 2155
297 4724 243 2163
291 4583 263 2153
276 4450 248 2171
270 4451 234 2186
297 4685 253 2151
268 4391 239 2190
276 4468 248 2166
276 4584 243 2167
281 4521 253 2160
