31 1.19861
391 7275 244 2220
380 7119 264 2171
464 7967 239 2218
386 6679 264 2189
409 6958 249 2210
411 7383 242 2138
421 7595 257 2118
391 6797 259 2148
400 7050 247 2162
403 7228 249 2126
426 7496 250 2091
392 6969 259 2107
407 6993 248 2139
408 7219 246 2143
410 7135 262 2105
425 7600 240 2147
463 8504 239 2174
357 6478 270 2129
382 6886 269 2130
386 6826 268 2169
386 6933 253 2126
389 6809 253 2123
391 7095 247 2199
405 7303 280 2088
423 7243 260 2085
424 7615 248 2137
433 7799 298 2080
433 7823 245 2121
444 7845 240 2138
446 7863 248 2081
450 7540 280 2058
476 8197 238 2153
497 9077 244 2124
