2767 120.056
292 4941 274 2238
291 4932 274 2239
291 4932 278 2235
292 4969 274 2237
297 4998 274 2232
308 5184 249 2282
298 4994 274 2232
294 4989 289 2230
292 4941 269 2240
291 4932 268 2241
323 5470 259 2243
297 5060 268 2236
302 5080 278 2228
296 5044 279 2229
319 5398 262 2236
296 4987 274 2233
323 5511 263 2230
296 4984 268 2239
305 5089 263 2237
298 5035 279 2229
296 4988 283 2227
292 4919 274 2240
333 5584 262 2230
292 4919 268 2242
296 5016 258 2253
292 4909 274 2246
299 5022 263 2241
304 5191 278 2217
302 5086 278 2225
303 4994 269 2235
291 4938 278 2233
294 4996 278 2232
321 5508 304 2196
299 5028 268 2235
296 4975 263 2243
305 5117 267 2225
305 5184 282 2214
305 5099 263 2231
297 5002 273 2234
300 5026 279 2231
296 4971 283 2229
297 4965 283 2229
296 5040 284 2223
309 5222 272 2217
292 4909 249 2287
297 5052 273 2229
297 4986 274 2234
292 4892 252 2274
292 4892 254 2261
307 5166 278 2217
317 5319 304 2201
324 5498 263 2229
332 5600 263 2223
318 5501 313 2194
297 4984 273 2236
325 5501 272 2214
309 5321 304 2201
297 5030 255 2252
292 4892 258 2259
299 5079 288 2218
300 5085 274 2226
327 5640 267 2219
297 5002 268 2237
290 4964 274 2260
294 4951 259 2245
298 5048 273 2231
300 5041 279 2225
297 4998 254 2256
301 5018 285 2224
292 4899 262 2247
292 4898 255 2257
309 5146 262 2239
292 4892 259 2253
292 4904 259 2249
329 5640 269 2218
338 5693 269 2217
292 4909 276 2245
297 4995 262 2242
304 5165 293 2207
297 5028 278 2230
299 5061 279 2220
303 5156 293 2209
300 5066 270 2234
319 5525 313 2189
303 5071 283 2219
304 5185 282 2212
301 5113 279 2215
294 4998 289 2223
292 4898 258 2255
292 4898 259 2251
299 5084 288 2210
301 5079 288 2213
300 5063 259 2244
301 5091 269 2219
303 5084 283 2216
299 4961 283 2227
293 4926 263 2246
297 5005 258 2250
313 5401 308 2197
299 5029 294 2216
