21840 960.333
327 5883 228 2099
353 5892 227 2114
318 5667 239 2098
315 5713 247 2092
331 6139 228 2089
320 5757 240 2084
331 5761 240 2077
340 6067 228 2081
330 5846 228 2093
344 6093 243 2071
448 8071 245 2064
373 6720 225 2107
328 5948 265 2075
375 6622 225 2107
340 6250 228 2079
430 7401 226 2081
373 6733 228 2072
419 7617 228 2070
424 7605 226 2083
405 7088 232 2068
386 7143 229 2070
433 7582 223 2120
326 5911 229 2085
317 5785 242 2084
378 6450 226 2092
321 5816 239 2085
342 6218 226 2095
340 6102 229 2072
322 5815 234 2078
344 6043 229 2075
408 7255 224 2101
387 6782 226 2089
364 6499 226 2092
376 6572 226 2090
321 5884 243 2077
338 5890 232 2076
327 5856 229 2082
349 6248 228 2074
390 6777 226 2089
343 6095 226 2101
327 5795 232 2082
357 6295 240 2069
330 5972 236 2075
355 6459 240 2069
323 5893 234 2076
319 5814 231 2096
323 5876 232 2090
349 6139 240 2071
309 5626 229 2101
326 5749 232 2098
401 7043 224 2104
340 6033 240 2072
332 5737 229 2085
346 6301 240 2071
373 6526 240 2067
337 6141 229 2075
341 6041 234 2072
360 6091 240 2069
388 6685 227 2088
350 6214 235 2070
346 5979 234 2072
378 6668 227 2089
331 6013 240 2073
311 5712 241 2100
319 5786 230 2098
324 5939 229 2081
415 7324 225 2098
337 5985 234 2074
325 5762 234 2077
405 6986 224 2119
369 6644 240 2067
333 6103 232 2076
336 5758 238 2078
333 5922 228 2083
310 5597 253 2108
319 5778 234 2094
312 5559 237 2099
354 6178 226 2100
322 5616 234 2079
362 6048 234 2070
348 5954 228 2080
317 5544 234 2108
394 6723 234 2067
354 6239 232 2070
328 5733 229 2086
317 5773 249 2082
323 5862 230 2095
327 5912 229 2079
330 5893 232 2081
332 5667 232 2079
346 6159 228 2077
325 5773 230 2086
327 5703 231 2093
334 5827 249 2074
