66254 1320.45
294 5167 207 1937
274 4787 208 1934
238 4223 220 1905
238 4238 225 1896
237 4220 223 1902
238 4220 223 1900
238 4264 230 1891
237 4239 225 1898
238 4253 225 1894
241 4186 216 1908
239 4210 215 1899
239 4220 215 1897
239 4223 220 1881
239 4199 214 1903
239 4197 211 1905
239 4224 217 1889
239 4227 220 1879
239 4213 217 1894
241 4288 215 1891
246 4250 210 1897
251 4289 209 1904
249 4298 209 1906
242 4223 210 1899
243 4227 214 1897
250 4255 209 1906
247 4224 212 1889
248 4234 212 1887
247 4205 214 1887
247 4206 215 1881
255 4396 212 1885
247 4248 212 1887
247 4228 215 1879
252 4322 214 1885
251 4341 216 1877
252 4333 216 1877
251 4331 218 1875
251 4332 220 1869
249 4170 216 1880
247 4173 214 1889
258 4202 214 1885
261 4181 216 1877
247 4177 216 1880
256 4159 212 1887
246 4125 215 1882
256 4156 212 1889
256 4159 215 1881
245 4127 212 1891
259 4185 216 1877
245 4134 215 1882
255 4186 212 1889
245 4153 218 1878
249 4196 210 1896
257 4158 212 1887
247 4144 212 1890
255 4167 215 1879
243 4112 215 1884
255 4200 220 1869
256 4159 220 1869
250 4137 221 1869
249 4143 221 1869
262 4144 224 1866
259 4147 224 1866
252 4044 218 1877
252 4073 221 1869
243 4086 221 1872
242 4088 215 1887
246 4142 218 1877
246 4156 221 1869
242 4087 221 1872
240 4041 220 1880
242 4070 226 1866
242 4068 218 1880
257 4153 224 1866
240 4046 220 1874
251 4078 221 1869
242 4092 225 1866
252 4082 225 1863
251 4085 225 1863
241 4053 225 1868
252 4044 225 1865
263 4177 240 1854
251 4173 240 1857
262 4212 240 1854
251 4227 250 1856
264 4215 250 1853
265 4213 250 1853
252 4172 240 1857
263 4216 250 1853
253 4201 250 1856
252 4204 250 1856
253 4128 240 1857
254 4096 210 1895
246 4141 210 1906
254 4140 212 1890
254 4155 216 1879
254 4108 215 1882
257 4061 212 1892
251 4052 214 1890
255 4121 216 1879
253 4121 210 1895
251 4033 214 1895
256 4135 212 1890
260 4107 212 1890
254 4087 209 1901
256 4066 216 1881
251 4062 212 1892
260 4085 210 1895
251 4030 214 1901
257 4028 214 1895
243 4020 220 1876
246 4025 215 1884
251 4075 216 1881
245 4039 220 1874
240 4025 232 1879
244 4086 214 1895
244 4041 215 1892
244 4077 214 1898
242 4028 220 1876
243 4050 215 1889
245 4068 214 1897
254 4172 215 1881
245 4110 220 1873
239 3998 218 1882
246 4077 220 1871
243 4041 225 1870
257 4114 224 1868
245 4127 220 1871
251 4094 227 1861
250 4137 230 1858
244 4117 230 1861
252 4122 230 1858
262 4148 230 1855
251 4130 230 1858
246 4048 227 1866
244 4080 230 1863
243 4089 227 1864
250 4101 227 1861
240 4052 227 1866
250 4026 218 1879
250 4037 220 1871
250 4023 220 1873
250 4046 225 1865
250 4035 225 1867
253 4107 230 1858
259 4093 230 1858
262 4075 230 1859
256 4070 230 1860
256 4025 225 1865
250 4075 230 1862
262 4094 230 1857
256 4051 230 1862
256 4054 226 1863
262 4049 228 1862
251 4073 230 1862
250 4060 226 1863
250 4094 230 1860
256 4017 220 1871
251 4088 230 1860
264 4117 240 1856
259 4092 240 1859
264 4119 230 1855
258 4102 240 1857
264 4126 240 1854
262 4077 228 1860
256 4024 225 1870
256 4011 220 1876
256 4053 227 1863
256 4064 227 1861
262 4084 228 1858
262 4133 218 1875
262 4133 220 1869
259 4163 218 1875
261 4161 218 1875
258 4150 220 1869
247 4039 227 1872
244 3992 220 1879
249 4038 225 1871
247 4011 225 1873
254 4083 227 1861
250 4025 225 1870
248 4070 227 1864
245 4042 215 1887
250 4013 220 1876
241 3997 218 1886
247 4024 215 1887
247 4104 218 1877
242 4016 225 1873
252 4171 218 1875
247 3995 218 1886
241 4001 220 1880
242 4009 220 1879
243 4004 220 1879
255 4170 218 1875
