48718 3121.58
257 4448 210 1897
260 4394 208 1907
254 4475 210 1897
260 4335 208 1909
244 4309 207 1938
250 4169 210 1905
249 4188 209 1911
250 4177 209 1904
256 4174 209 1903
251 4200 209 1903
249 4153 208 1913
249 4163 210 1907
257 4243 207 1913
251 4175 209 1904
249 4188 204 1920
249 4227 210 1905
257 4204 208 1911
253 4208 208 1911
255 4247 207 1913
254 4142 208 1913
260 4364 207 1909
250 4146 208 1913
250 4170 209 1906
251 4162 209 1906
245 4263 208 1917
244 4198 208 1918
247 4307 210 1904
241 4209 217 1913
237 4188 214 1929
241 4209 215 1916
240 4186 217 1919
244 4179 210 1910
244 4186 215 1908
247 4202 215 1904
250 4171 215 1887
238 4189 217 1919
243 4147 209 1921
247 4210 215 1902
251 4170 215 1885
250 4160 215 1889
241 4244 224 1910
243 4138 209 1923
241 4197 215 1917
247 4243 215 1899
241 4185 217 1917
251 4201 214 1891
252 4200 214 1891
242 4200 210 1915
241 4197 217 1915
247 4191 215 1906
242 4200 209 1921
241 4185 215 1919
237 4185 219 1924
247 4225 210 1907
255 4324 234 1864
244 4179 209 1916
245 4234 210 1907
238 4154 219 1924
251 4168 210 1898
259 4228 214 1888
260 4416 208 1905
255 4320 244 1863
244 4141 211 1915
244 4144 211 1913
249 4148 215 1892
266 4263 225 1866
239 4146 219 1924
247 4218 209 1913
250 4170 210 1898
244 4138 220 1918
249 4139 215 1894
244 4266 210 1907
249 4131 215 1896
253 4142 215 1885
244 4252 209 1913
251 4143 215 1887
250 4121 215 1896
249 4124 215 1897
250 4128 215 1892
252 4152 215 1885
257 4273 225 1866
250 4174 215 1885
253 4129 215 1887
245 4223 209 1913
260 4313 234 1864
257 4158 214 1891
256 4094 212 1897
254 4165 214 1891
254 4115 215 1891
243 4261 220 1906
256 4100 215 1896
262 4202 214 1888
243 4252 220 1908
254 4102 212 1893
251 4118 215 1891
254 4103 210 1898
250 4071 212 1900
258 4193 215 1882
254 4097 209 1904
241 4174 215 1921
253 4077 210 1908
251 4154 209 1909
251 4104 212 1897
248 4078 210 1908
240 4213 215 1915
262 4442 204 1917
243 4171 215 1910
243 4152 210 1914
243 4161 215 1912
258 4179 215 1884
272 4320 244 1860
243 4152 209 1920
238 4176 215 1921
252 4139 215 1887
267 4321 244 1860
257 4250 218 1878
257 4255 220 1872
258 4159 212 1892
245 4295 207 1932
243 4164 210 1912
248 4067 210 1910
251 4126 210 1900
238 4118 210 1942
262 4244 218 1878
262 4249 220 1872
250 4074 215 1898
258 4164 212 1890
251 4109 212 1893
248 4083 215 1898
248 4070 212 1902
247 4095 204 1923
246 4108 204 1923
238 4139 228 1922
252 4106 212 1893
248 4054 215 1905
248 4075 212 1900
244 4139 211 1919
244 4148 215 1911
246 4127 207 1915
249 4094 204 1923
254 4093 204 1923
253 4065 212 1902
252 4146 210 1898
246 4095 205 1917
252 4139 209 1904
245 4135 211 1913
254 4059 215 1903
257 4055 215 1903
257 4267 235 1865
243 4162 209 1918
269 4282 235 1862
260 4381 209 1902
252 4126 209 1906
248 4062 215 1903
260 4386 210 1896
243 4145 208 1922
249 4106 205 1915
238 4154 209 1929
252 4090 210 1904
256 4084 210 1904
248 4069 212 1906
253 4061 215 1903
248 4063 209 1916
250 4159 216 1880
244 4225 220 1895
249 4105 207 1915
238 4156 210 1923
248 4068 209 1914
248 4064 212 1908
261 4312 205 1911
253 4067 209 1914
246 4092 205 1921
253 4155 216 1880
243 4144 208 1928
253 4062 209 1916
260 4314 205 1911
238 4140 208 1933
266 4266 224 1869
238 4153 208 1931
248 4043 210 1911
246 4108 210 1915
248 4037 210 1913
255 4148 216 1880
274 4276 235 1862
248 4041 209 1919
260 4391 209 1900
260 4396 210 1894
256 4082 210 1906
243 4155 208 1920
239 4119 219 1928
248 4046 209 1917
257 4067 212 1900
260 4298 244 1863
242 4262 220 1908
239 4153 210 1923
279 4452 235 1860
255 4155 220 1874
252 4090 209 1910
257 4051 220 1899
274 4453 235 1860
253 4160 220 1874
252 4088 209 1912
256 4084 209 1910
250 4124 212 1893
238 4146 209 1931
238 4147 210 1925
238 4221 215 1915
249 4035 210 1913
253 4070 212 1900
254 4064 220 1880
250 4132 215 1891
259 4269 225 1866
244 4219 215 1901
249 4038 210 1911
252 4086 210 1906
238 4213 215 1917
248 4055 220 1901
248 4045 215 1907
249 4119 204 1921
249 4040 209 1919
269 4279 228 1863
250 4094 212 1899
252 4054 220 1901
246 4132 225 1875
243 4133 226 1892
253 4029 210 1913
248 4149 235 1872
250 4064 216 1888
250 4065 216 1886
254 4118 204 1921
249 4169 220 1874
242 4102 226 1899
251 4148 235 1872
250 4080 230 1875
256 4203 224 1871
262 4275 224 1869
265 4270 224 1869
257 4031 210 1911
259 4090 220 1876
262 4083 228 1877
254 4080 221 1878
237 4137 214 1931
264 4150 225 1868
249 4167 216 1880
253 4034 209 1919
257 4089 228 1877
244 4204 210 1909
253 4117 235 1869
250 4081 221 1878
257 4095 230 1872
250 4167 220 1874
248 4100 221 1874
265 4154 235 1864
250 4087 230 1873
257 4102 230 1870
262 4431 227 1864
249 4063 212 1908
258 4145 228 1867
248 4094 220 1876
242 4104 226 1897
245 4085 220 1881
244 4202 209 1915
245 4091 221 1879
246 4122 235 1874
243 4145 210 1915
244 4100 230 1889
263 4266 225 1866
260 4167 228 1865
244 4095 226 1890
244 4084 226 1892
250 4093 220 1876
250 4051 215 1905
263 4478 200 1942
263 4155 228 1865
253 4046 220 1901
250 4072 221 1884
253 4054 220 1899
263 4139 228 1867
248 4085 230 1875
266 4151 235 1864
268 4477 200 1942
257 4096 228 1871
245 4081 216 1887
250 4079 230 1877
248 4074 220 1880
259 4091 221 1874
255 4345 197 1952
245 4077 221 1883
264 4130 225 1870
245 4068 220 1885
258 4144 228 1869
253 4039 215 1905
244 4067 226 1896
262 4156 228 1865
253 4031 215 1907
244 4206 215 1907
250 4070 225 1883
245 4094 230 1878
248 4090 216 1882
238 4125 214 1932
244 4083 230 1891
262 4101 230 1870
253 4057 212 1908
247 4128 225 1877
251 4100 209 1911
250 4072 225 1881
245 4064 216 1891
257 4036 209 1917
248 4073 220 1882
246 4158 235 1872
238 4136 209 1933
249 4176 235 1870
253 4039 209 1917
254 4056 212 1908
260 4155 235 1864
248 4096 230 1873
250 4096 221 1874
237 4126 214 1932
237 4128 219 1926
244 4081 226 1894
245 4080 216 1889
257 4321 204 1918
259 4409 210 1892
254 4326 200 1944
245 4083 230 1882
263 4355 196 1957
258 4356 196 1957
261 4392 208 1905
237 4123 210 1938
245 4084 230 1880
251 4094 210 1904
248 4084 221 1878
264 4574 200 1937
253 4134 225 1870
244 4059 226 1904
238 4121 219 1928
271 4312 234 1861
242 4127 219 1926
245 4058 220 1887
244 4061 226 1898
258 4127 235 1868
238 4116 214 1934
262 4453 235 1863
242 4124 214 1932
261 4340 208 1907
248 4070 216 1886
251 4156 204 1920
266 4313 234 1861
253 4062 212 1906
258 4061 212 1906
253 4033 210 1911
261 4327 207 1909
256 4152 225 1868
242 4097 226 1902
244 4081 230 1893
265 4396 210 1892
260 4402 210 1892
245 4060 216 1893
279 4417 228 1861
274 4418 228 1861
242 4095 226 1904
262 4423 199 1949
248 4147 225 1873
238 4211 217 1912
244 4058 226 1906
253 4130 225 1872
238 4119 210 1940
248 4092 220 1878
258 4129 235 1866
245 4083 220 1883
241 4101 226 1902
242 4107 226 1896
256 4362 205 1911
241 4108 226 1897
258 4346 196 1963
253 4141 235 1867
242 4126 226 1895
242 4119 230 1891
253 4153 225 1868
240 4110 214 1934
263 4345 196 1963
240 4109 210 1940
260 4221 212 1888
256 4358 205 1913
253 4113 235 1871
266 4302 234 1863
241 4123 230 1891
246 4085 201 1927
248 4068 216 1888
262 4413 199 1951
244 4060 226 1900
250 4059 216 1893
242 4131 230 1889
279 4412 227 1864
258 4321 196 1969
242 4093 226 1910
274 4425 227 1864
254 4354 197 1952
