25472 1140.48
310 5658 241 2091
321 5629 238 1974
322 5609 229 1953
354 6090 228 1958
363 6279 227 1971
311 5534 237 2013
359 6305 225 1972
320 5834 248 1962
331 5605 224 2004
403 7280 214 2003
352 6367 219 1996
334 6069 220 1986
373 6485 215 2065
375 6504 234 1943
350 6021 228 1959
383 6591 215 2060
366 6600 215 2024
359 6211 219 1994
335 5953 228 1969
341 5941 225 1975
383 6869 220 1977
394 6842 225 1965
316 5748 261 1960
350 6146 221 1979
344 6371 227 1973
332 5842 235 1942
368 6515 217 1985
336 6045 226 1976
352 6446 220 1978
332 5848 228 1970
349 5906 235 1940
353 6386 225 1971
343 6112 226 1974
365 6640 221 1974
327 5793 244 1942
343 5664 221 1990
325 5656 224 2052
364 6702 223 1977
339 5872 228 1962
375 6688 253 1936
418 7502 230 1946
321 5957 244 1970
365 6241 226 1964
375 6654 234 1941
333 5832 253 1940
364 6573 229 1947
355 6275 244 1937
344 6159 232 1951
384 6807 212 2024
360 6195 262 1934
369 6639 224 1969
331 5791 225 1982
360 6456 226 1964
376 6419 234 1941
399 7179 216 1990
321 5764 248 1967
366 6458 226 1958
423 7328 253 1933
422 7474 225 1962
379 6618 244 1934
333 5628 226 1988
332 6019 224 1980
347 5835 228 1963
364 6283 226 1962
325 5795 235 1946
341 5895 243 1941
357 6182 244 1938
379 6385 235 1938
331 5914 235 1945
344 6044 228 1960
321 5688 226 1993
370 6694 234 1941
340 5910 234 1945
331 5913 220 1989
372 6512 234 1943
352 6274 220 1979
381 6739 235 1936
372 6767 235 1938
351 6110 228 1950
386 7009 220 1968
312 5587 228 1975
354 6395 226 1966
351 6353 220 1979
413 7279 226 1956
357 6483 217 1989
350 6272 225 1973
353 6283 216 1991
423 7577 225 1960
346 6331 226 1969
345 6124 253 1937
322 5693 216 2006
336 6025 228 1966
356 6301 226 1968
397 7143 234 1939
330 5899 220 1991
