132 9.2003
379 6640 205 1947
366 6164 206 1946
307 5735 223 1931
328 5653 216 1914
366 6300 207 1935
309 5462 224 1896
309 5591 210 1947
341 5747 224 1892
309 5515 206 1979
312 5382 205 1975
312 5445 220 1904
355 6260 220 1889
323 5597 218 1921
356 6147 236 1880
324 5663 212 1914
326 5478 220 1903
399 6275 207 1944
404 6912 220 1887
306 5426 212 1959
329 5489 212 1937
357 6258 220 1888
311 5399 231 1930
313 5669 216 1936
323 5615 226 1889
360 6435 209 1934
314 5540 211 1940
326 5613 220 1900
327 5772 208 1935
338 6166 216 1901
302 5238 232 1927
342 6063 216 1895
404 6872 224 1884
310 5588 220 1913
339 5896 219 1903
340 6063 217 1902
357 5959 224 1889
370 6570 207 1928
323 5682 204 1977
341 6120 216 1902
350 6303 225 1883
354 6268 230 1881
365 6025 220 1893
373 6698 216 1894
305 5507 216 1938
331 5905 206 1963
331 5918 216 1903
340 5806 216 1903
362 6308 224 1885
296 5227 218 1952
301 5384 210 1967
303 5478 217 1935
326 5657 220 1894
385 6851 211 1922
315 5495 216 1937
325 5714 225 1885
335 5795 232 1884
341 6084 220 1892
345 6046 220 1891
349 6011 210 1924
360 6417 225 1880
337 5844 215 1906
337 6147 223 1892
350 6278 220 1888
362 6438 209 1929
345 5861 215 1904
347 6041 224 1886
372 6457 236 1876
295 5264 225 1934
306 5433 207 1959
310 5427 223 1938
315 5578 216 1926
322 5604 206 1968
344 5868 215 1903
345 6202 207 1954
346 6045 215 1898
348 6027 224 1890
358 6094 236 1878
359 6207 220 1889
311 5713 216 1937
318 5592 230 1894
318 5670 215 1907
341 6161 221 1890
376 6414 212 1911
