14379 660.272
268 4578 253 2184
270 4561 248 2190
274 4598 244 2193
268 4555 263 2179
268 4549 260 2184
274 4570 248 2187
274 4575 258 2182
262 4514 254 2211
268 4549 245 2195
269 4568 248 2193
269 4575 248 2190
273 4657 248 2182
275 4563 245 2192
270 4578 245 2188
271 4528 241 2209
270 4548 253 2184
270 4598 244 2199
280 4590 243 2189
268 4590 248 2190
268 4491 238 2220
268 4618 244 2199
268 4494 242 2212
268 4489 248 2200
268 4484 248 2203
268 4496 253 2194
268 4484 243 2209
268 4489 243 2206
273 4546 238 2209
268 4499 243 2201
273 4514 243 2198
268 4531 263 2181
275 4562 263 2171
268 4520 263 2184
279 4595 238 2193
275 4559 253 2176
263 4500 243 2209
263 4500 248 2203
268 4503 238 2212
275 4566 248 2182
268 4499 253 2189
268 4491 248 2195
265 4534 242 2210
266 4520 243 2201
265 4519 258 2193
273 4521 263 2181
273 4528 263 2178
274 4475 248 2203
268 4487 248 2202
268 4482 248 2205
279 4587 241 2190
275 4559 248 2185
274 4475 243 2209
266 4520 258 2190
275 4592 245 2185
271 4622 243 2198
263 4499 248 2205
262 4525 248 2203
274 4480 248 2197
275 4635 245 2180
274 4481 248 2195
273 4564 243 2195
279 4496 253 2189
273 4512 253 2186
274 4481 243 2201
274 4494 258 2190
271 4636 244 2196
274 4493 258 2192
273 4530 248 2189
273 4521 253 2183
278 4512 263 2184
280 4505 253 2186
277 4623 253 2163
279 4506 253 2186
280 4504 253 2188
273 4509 248 2192
279 4540 263 2171
284 4493 258 2190
278 4519 263 2181
274 4481 242 2207
279 4566 263 2164
268 4484 242 2215
280 4500 248 2192
280 4515 253 2183
268 4518 253 2186
270 4527 254 2183
270 4538 263 2178
273 4579 253 2169
276 4647 252 2178
283 4589 263 2158
274 4472 248 2205
270 4567 263 2171
277 4621 264 2158
277 4611 244 2169
270 4591 253 2166
277 4634 252 2164
270 4605 264 2161
283 4588 241 2183
283 4577 244 2170
279 4561 244 2176
282 4558 241 2189
274 4476 242 2215
289 4565 263 2164
263 4508 258 2198
274 4480 242 2209
272 4626 244 2193
289 4539 263 2171
279 4552 253 2169
283 4583 249 2164
283 4578 253 2163
279 4526 244 2183
284 4492 258 2192
279 4526 253 2176
277 4594 242 2176
290 4801 249 2156
279 4611 253 2155
317 5239 288 2134
279 4641 274 2145
289 4512 263 2181
299 4700 248 2155
295 4791 244 2156
332 5203 288 2134
288 4641 263 2144
279 4602 253 2162
289 4505 263 2184
278 4597 264 2161
283 4571 242 2178
279 4625 244 2168
279 4514 263 2181
288 4642 253 2149
278 4679 272 2150
283 4654 248 2161
283 4590 242 2176
279 4596 263 2157
279 4609 263 2150
289 4504 263 2186
281 4593 253 2162
285 4487 258 2190
288 4671 274 2139
301 4957 292 2126
279 4557 249 2170
297 4894 292 2132
