1326 33.7684
328 5700 253 1932
316 5469 256 1936
327 5552 252 1933
322 5582 243 1933
321 5459 247 1936
304 5240 233 1949
333 5681 238 1936
304 5188 242 1941
305 5201 242 1940
301 5211 242 1946
305 5171 233 1950
310 5344 242 1938
303 5117 233 1953
304 5207 237 1947
322 5374 218 1960
348 5937 218 1957
316 5281 225 1947
304 5179 218 1963
310 5498 233 1937
342 5960 218 1957
346 5730 218 1959
308 5341 228 1940
312 5348 223 1948
325 5574 216 1966
327 5626 224 1946
365 6370 223 1946
349 6003 233 1936
367 6415 220 1952
328 5608 220 1955
311 5278 233 1938
356 6132 215 1966
311 5377 215 1975
317 5173 228 1944
328 5704 223 1947
314 5159 223 1949
305 5190 228 1942
356 5861 228 1939
307 5289 208 2015
317 5215 215 1967
310 5298 208 2013
287 4986 208 2017
274 4740 213 2006
290 4942 218 1971
281 4772 218 1980
279 4827 213 1987
291 4841 215 1979
291 4835 218 1973
296 4954 220 1963
285 4881 218 1976
270 4701 231 1989
284 4827 215 1983
282 4702 214 2016
292 4983 235 1960
296 5052 237 1952
268 4639 214 2033
285 4849 222 1965
299 5123 215 1977
299 5130 228 1951
269 4673 213 2027
281 4820 213 1992
309 5170 228 1949
311 5254 227 1953
278 4672 214 2020
271 4647 214 2031
267 4624 217 2031
268 4639 217 2028
304 5125 216 1974
275 4734 211 2024
271 4713 213 2008
293 4824 218 1968
272 4672 226 1999
268 4634 218 2027
278 4674 218 1981
281 4824 212 2004
268 4656 221 2008
275 4744 213 2003
276 4711 213 2004
313 5094 215 1974
281 4726 213 2003
268 4651 218 2019
266 4622 221 2020
300 4794 220 1969
274 4684 220 1992
279 4741 215 1988
287 4896 218 1975
273 4634 215 2001
269 4687 220 2006
273 4734 219 1992
269 4711 231 2005
270 4670 218 2002
279 4759 214 1986
275 4657 232 1996
270 4626 221 2003
275 4781 220 1988
271 4645 224 2000
277 4714 215 1995
294 4994 211 1998
285 4744 213 1995
275 4813 218 1994
276 4756 213 1998
278 4711 214 1996
271 4692 240 1992
291 4774 215 1981
281 4798 222 1969
270 4684 218 1999
287 4905 213 1981
291 4892 220 1965
282 4892 209 2020
272 4650 215 2003
296 4930 216 1975
280 4644 235 1992
283 4783 213 1989
277 4842 213 1993
281 4784 222 1973
273 4789 213 2004
319 5523 208 2000
274 4818 218 1984
305 5126 209 2005
284 4809 213 1984
276 4749 218 1985
275 4720 215 1998
273 4747 213 2006
286 4802 216 1984
286 4812 215 1982
276 4730 231 1982
278 4860 213 1992
275 4692 219 1990
275 4834 218 1981
276 4811 213 1994
287 4804 219 1979
352 5967 212 1985
280 4774 233 1976
280 4808 227 1980
293 4911 227 1958
280 4804 213 1995
289 4978 218 1967
298 4975 220 1956
285 4778 223 1965
296 4947 223 1954
293 4805 218 1976
284 4761 223 1967
289 4851 223 1962
278 4749 236 1974
274 4687 218 1997
284 4670 219 1999
286 4873 218 1977
289 4823 220 1969
282 4631 220 1970
282 4726 215 1987
288 4854 218 1973
289 4830 227 1964
284 4814 223 1965
277 4794 218 1984
296 5059 209 2013
276 4702 218 1987
292 4769 223 1963
277 4683 233 1989
302 4776 213 1994
292 4862 220 1967
273 4590 219 2007
278 4747 215 1993
267 4583 219 2010
289 4799 215 1981
282 4793 213 1994
291 4917 218 1971
278 4744 213 2002
268 4715 218 2005
291 4922 213 1978
288 4929 212 1992
277 4748 222 1985
285 4846 218 1978
287 4962 210 2006
313 5362 212 1990
279 4799 231 1980
