325 16.2014
277 4969 216 1904
304 5372 213 1900
296 5120 214 1901
301 5223 206 1916
297 5342 210 1901
291 5220 216 1896
309 5523 204 1926
290 5194 208 1918
304 5546 205 1920
308 5616 205 1918
292 5183 216 1896
298 5352 205 1925
305 5606 224 1883
299 5336 207 1918
298 5098 210 1903
299 5282 212 1902
304 5430 218 1890
291 5028 215 1897
311 5557 214 1898
276 4925 212 1917
320 5551 228 1875
295 5089 210 1905
294 5127 215 1895
315 5524 224 1881
316 5592 228 1877
279 4966 215 1911
284 5040 224 1902
290 5168 220 1890
302 5349 215 1892
290 5280 220 1886
294 5199 225 1878
313 5275 212 1898
313 5527 224 1881
320 5487 205 1918
283 5073 210 1919
301 5416 215 1894
293 5271 206 1923
286 5088 225 1899
290 5043 215 1899
308 5449 208 1914
279 5004 212 1915
286 4928 210 1907
291 5145 208 1920
300 5171 209 1915
290 5184 209 1907
296 5210 212 1904
313 5472 204 1924
275 4859 212 1922
275 4877 215 1920
288 5167 217 1896
301 5129 209 1911
276 4922 210 1922
279 4971 211 1917
286 5144 222 1896
292 5255 218 1892
302 5328 219 1890
302 5466 204 1931
295 5190 224 1889
302 5323 204 1932
304 5391 212 1900
305 5192 205 1924
282 5020 215 1909
294 5225 220 1884
310 5387 224 1883
