27615 1200.56
345 5880 254 2221
344 5927 252 2210
333 5842 255 2225
335 5849 248 2232
334 5712 261 2230
341 5880 254 2222
353 6017 251 2221
340 5860 255 2203
360 6373 249 2227
339 5770 252 2224
341 5705 260 2190
357 6030 250 2219
344 6000 260 2160
340 5683 260 2207
340 5938 254 2172
405 6842 260 2157
336 5945 260 2167
358 6054 251 2189
394 7032 258 2161
425 7581 256 2160
334 5730 272 2178
369 6417 251 2182
333 5691 265 2181
339 5745 260 2182
344 5897 260 2168
339 5800 267 2174
373 6322 256 2164
343 5827 256 2196
336 5855 260 2187
372 6545 250 2191
356 6124 251 2192
349 5987 260 2166
355 5967 260 2162
340 5807 260 2171
348 5839 254 2177
384 6676 255 2170
338 5823 260 2173
343 5785 261 2181
335 5864 256 2184
331 5858 261 2182
364 6016 249 2194
370 5983 248 2228
391 6598 248 2203
385 6770 248 2198
385 6437 248 2206
372 6032 248 2220
373 6604 249 2191
386 6713 254 2169
338 5866 274 2171
333 5876 256 2186
394 6326 248 2207
362 6261 249 2199
374 6254 249 2193
369 5898 260 2165
328 5736 256 2197
337 5719 260 2191
327 5845 256 2205
343 6071 251 2205
405 6782 256 2163
337 5817 261 2182
327 5816 265 2202
342 5847 256 2189
349 6056 251 2205
336 5825 260 2190
400 6905 267 2153
346 6091 251 2198
358 6384 267 2158
336 5717 272 2177
345 6016 256 2167
362 6304 260 2159
343 6016 267 2166
342 6099 260 2166
351 6058 251 2197
367 6163 261 2158
369 6436 267 2155
360 6288 261 2158
332 5802 267 2175
332 5850 266 2180
326 5714 266 2201
335 5885 254 2177
353 6213 256 2166
343 6056 256 2169
366 6279 251 2188
345 5937 254 2175
