63932 3001.16
327 5494 259 2209
326 5495 259 2209
282 4854 258 2251
325 5579 259 2210
282 4842 264 2238
282 4842 269 2232
282 4842 265 2233
282 4842 262 2239
282 4840 265 2236
284 4838 269 2232
284 4851 274 2226
284 4838 264 2238
284 4838 262 2239
283 4874 258 2249
288 4855 269 2230
284 4838 265 2233
286 4865 263 2231
286 4865 262 2237
280 4856 262 2247
295 5016 254 2250
293 5055 259 2228
299 5070 259 2216
296 5053 259 2218
284 4847 278 2225
284 4838 260 2242
284 4838 258 2248
284 4838 270 2230
299 5070 257 2222
291 4928 257 2237
286 4887 274 2209
284 4907 270 2210
293 5046 254 2250
289 4934 257 2244
305 5162 269 2192
288 4848 265 2231
304 5164 269 2192
318 5428 267 2190
288 4848 264 2237
291 4956 268 2221
282 4860 270 2213
287 4927 254 2252
291 4968 262 2228
282 4852 270 2218
302 5119 259 2214
290 4937 259 2233
293 4979 259 2229
288 4900 264 2222
296 5065 257 2224
287 4879 257 2246
287 4879 260 2240
296 5015 262 2202
301 5098 264 2196
284 4869 263 2224
300 5079 263 2201
323 5421 271 2179
288 4852 270 2208
286 4842 270 2210
290 4954 263 2222
286 4887 279 2201
286 4872 262 2230
285 4885 257 2246
287 4889 259 2235
286 4916 249 2258
294 4875 270 2206
294 4964 265 2203
290 4939 259 2231
294 4960 265 2205
289 4905 249 2258
293 4983 262 2208
291 4922 270 2182
319 5420 276 2173
286 4940 270 2184
292 4955 273 2181
288 4879 270 2186
288 4884 270 2184
287 4884 270 2190
301 5124 282 2171
297 5012 278 2175
290 5057 278 2177
299 5078 278 2172
312 5436 296 2158
297 5074 270 2180
306 5259 287 2164
306 5270 287 2162
318 5433 265 2189
294 5083 278 2172
293 5022 278 2175
311 5440 296 2158
305 5227 262 2192
304 5240 262 2192
290 4984 273 2181
294 5052 278 2174
291 4982 278 2177
345 5857 307 2150
300 5162 287 2167
307 5246 287 2162
