9195 420.172
345 6310 253 2108
341 6214 248 2117
352 6307 251 2109
356 6553 234 2136
357 6534 251 2105
340 6218 258 2118
345 6311 246 2113
352 6259 257 2111
345 6331 248 2111
353 6219 245 2117
342 6242 236 2126
338 6322 248 2114
379 6762 243 2105
339 6159 245 2119
340 6020 243 2129
375 6625 231 2111
362 6489 236 2111
373 6804 235 2113
368 6499 258 2104
356 6269 237 2106
353 6104 255 2112
391 6757 237 2100
348 6354 237 2111
380 6723 242 2105
395 7188 234 2108
382 6961 248 2094
344 6029 242 2123
348 6306 248 2111
358 6504 236 2117
365 6795 237 2100
351 6256 259 2105
379 6842 239 2095
474 8179 236 2096
380 6825 236 2101
453 8029 237 2094
418 7326 237 2096
367 6634 245 2100
368 6583 236 2108
376 6768 239 2104
380 6791 243 2102
379 6514 245 2102
353 6212 246 2117
346 6125 236 2138
363 6636 235 2118
318 5911 245 2161
376 6568 231 2123
344 6225 235 2132
371 6603 231 2116
362 6624 231 2145
340 6077 243 2121
372 6573 236 2107
344 6308 236 2121
322 5834 242 2130
361 6510 234 2134
370 6525 254 2104
339 6287 237 2120
371 6590 254 2102
388 6801 236 2099
343 6250 245 2116
409 7199 231 2109
360 6469 233 2135
330 5973 236 2149
326 5973 239 2175
354 6571 234 2142
334 6075 243 2123
353 6438 235 2121
336 6181 242 2125
359 6686 234 2127
338 6032 234 2145
351 6260 254 2106
372 6558 250 2098
332 6066 238 2131
380 6700 251 2096
405 7374 245 2094
405 7186 256 2091
378 6472 231 2130
386 6820 245 2097
362 6459 247 2105
388 6738 237 2101
332 5978 246 2124
343 6135 236 2135
370 6251 235 2114
365 6465 231 2137
468 7995 228 2144
351 6218 236 2130
356 6434 231 2157
441 7960 231 2106
358 6380 231 2146
409 7427 245 2093
347 6401 235 2126
344 6130 237 2127
