180609 1020.08
359 6498 268 2252
400 6969 276 2124
364 6695 268 2178
372 6888 270 2149
371 6927 267 2159
387 6973 265 2130
375 6431 274 2178
381 6998 257 2164
409 7261 270 2117
452 7747 237 2171
424 7481 245 2115
484 8231 235 2169
367 6942 270 2176
400 6963 292 2129
393 7213 234 2218
457 8041 230 2193
407 7015 256 2126
407 7327 248 2118
401 7256 232 2232
384 6977 242 2153
397 7089 236 2213
401 7145 276 2114
411 6977 240 2219
385 6920 271 2140
381 6912 254 2167
376 6436 258 2214
363 6452 266 2195
410 6803 268 2131
397 7135 238 2174
349 6500 270 2192
420 7498 231 2181
421 7475 240 2124
384 6618 255 2141
388 7086 239 2143
383 6902 257 2172
386 6859 250 2144
377 6737 314 2132
425 7870 238 2159
371 6540 266 2194
415 7317 248 2138
410 7226 252 2140
382 6916 254 2151
414 7246 254 2115
372 6510 245 2173
458 8060 252 2087
399 7024 233 2177
405 6988 325 2123
378 6761 281 2156
419 7345 247 2139
413 7521 246 2130
427 7021 251 2133
454 7944 294 2084
437 7689 270 2089
377 6831 264 2166
374 6916 283 2145
467 8418 237 2148
383 6685 287 2131
390 6933 260 2134
371 6584 284 2178
