64036 3001.01
307 4882 268 2211
320 5287 271 2186
308 5307 271 2187
294 4830 268 2218
314 5432 271 2186
294 4778 267 2228
290 4814 267 2228
294 4801 263 2226
307 4833 267 2222
307 4883 267 2217
321 5312 271 2183
294 4793 268 2227
294 4802 268 2222
294 4862 263 2224
344 5448 280 2177
298 4939 266 2213
307 4849 268 2216
297 4863 263 2220
294 4837 268 2217
294 4818 268 2220
289 4696 258 2246
284 4731 258 2239
284 4751 263 2233
289 4679 267 2241
289 4705 267 2235
302 4752 267 2229
295 4855 263 2223
289 4679 262 2244
289 4678 262 2251
289 4705 263 2238
282 4766 258 2239
289 4840 268 2228
287 4841 268 2227
289 4863 268 2220
289 4700 258 2239
288 4898 268 2220
284 4722 258 2246
284 4709 267 2241
284 4729 267 2232
284 4672 267 2248
325 5342 272 2181
320 5351 281 2178
328 5513 276 2175
327 5127 280 2179
327 5125 280 2181
307 4950 278 2195
296 4960 287 2190
296 4970 287 2188
296 4958 277 2192
328 5090 282 2177
289 4744 272 2226
307 4956 287 2188
296 4942 272 2198
290 4881 263 2219
297 4927 272 2198
302 4789 272 2220
296 4904 273 2203
302 4786 267 2226
296 4905 273 2201
349 5679 280 2169
294 4889 273 2207
309 5037 282 2188
347 6011 306 2142
294 4842 277 2213
289 4726 258 2237
334 5922 306 2155
320 4966 287 2182
286 4845 263 2226
338 5332 291 2158
293 4948 272 2209
296 4903 282 2194
306 5065 257 2240
331 5789 311 2143
302 4762 267 2227
336 5336 291 2157
336 5334 300 2155
323 5728 311 2148
293 4883 268 2210
301 5057 292 2179
290 4857 268 2213
293 4885 263 2216
307 4958 287 2185
336 5354 291 2155
332 5825 316 2134
299 4970 267 2195
332 5459 272 2176
297 4962 266 2201
308 5033 271 2191
301 5032 256 2242
309 5002 256 2242
304 5062 267 2189
294 4828 277 2215
310 5037 276 2182
300 4945 256 2245
307 4848 267 2220
290 4992 263 2216
291 4807 272 2220
337 5758 316 2134
289 4699 258 2245
294 4847 277 2212
335 5337 300 2152
315 5092 281 2179
296 4983 287 2185
370 5824 280 2160
356 5592 274 2172
310 4998 287 2182
311 5190 272 2187
312 5032 292 2176
335 5508 300 2150
336 5302 281 2160
289 4734 272 2228
339 5932 327 2129
335 5437 281 2160
310 5007 276 2185
335 5514 300 2148
304 5128 292 2171
302 4779 272 2222
305 5200 292 2169
336 5472 291 2148
289 4948 268 2210
296 4892 277 2200
301 5065 292 2176
299 5023 287 2182
296 4917 267 2204
284 4799 272 2226
315 5100 292 2166
328 5123 292 2160
289 4884 282 2197
320 4929 282 2188
288 4872 282 2203
289 4709 263 2233
312 5043 292 2171
328 5480 281 2160
296 4887 254 2247
289 4869 277 2203
354 5775 274 2166
288 4855 277 2209
320 4970 287 2177
284 4708 267 2247
296 4904 267 2206
320 4956 280 2186
335 5241 292 2158
328 5123 281 2165
346 5955 327 2124
323 5014 287 2171
310 4974 271 2191
329 5151 281 2161
320 4989 287 2174
348 5912 327 2124
328 5794 316 2137
325 5052 292 2165
326 5161 301 2158
