165 8.56889
299 5299 214 1954
310 5733 213 1993
307 5451 215 1934
314 5664 214 1932
328 5934 210 1995
373 6307 205 1948
381 6609 207 1946
324 5401 214 1924
311 5509 215 1926
322 5723 213 1949
336 5830 215 1923
333 5879 214 1922
325 5710 212 1975
342 5911 213 1920
336 5754 205 1951
322 5595 230 1902
311 5563 229 1909
320 5287 229 1911
322 5658 220 1908
323 5451 219 1912
325 5659 224 1904
334 5845 215 1918
326 5684 243 1891
316 5719 228 1904
348 5876 210 1927
329 5553 208 1933
322 5660 217 1920
323 5672 234 1896
313 5522 252 1899
338 5732 215 1920
346 6205 243 1887
329 5633 244 1892
344 5989 210 1925
358 6423 208 1931
365 6440 214 1919
306 5443 230 1911
317 5361 220 1910
327 5589 220 1907
330 5664 216 1914
321 5665 238 1897
334 5831 220 1904
338 5771 248 1890
319 5426 224 1905
326 5786 216 1914
328 5814 228 1903
333 5783 224 1903
337 5847 243 1889
340 5691 248 1890
334 5783 238 1890
342 5989 215 1916
304 5209 220 1913
322 5590 219 1913
310 5355 228 1910
326 5529 229 1902
350 6119 216 1912
308 5439 220 1910
312 5435 230 1903
313 5434 218 1917
294 5140 225 1938
321 5548 234 1898
321 5673 219 1912
322 5628 233 1900
334 5711 224 1903
302 5157 228 1923
315 5390 238 1900
321 5805 212 1959
302 5498 230 1908
318 5574 243 1898
322 5707 229 1903
328 5483 229 1902
334 5874 233 1896
335 5956 207 1980
361 6426 215 1912
327 5890 238 1892
337 5937 233 1895
339 6051 215 1915
341 5999 233 1893
350 5990 215 1914
306 5482 228 1912
314 5285 230 1908
319 5576 216 1922
323 5470 253 1882
327 5781 238 1893
330 5843 224 1900
336 5993 248 1885
378 6551 228 1899
312 5599 219 1919
333 5715 229 1897
339 5780 243 1889
340 5665 215 1917
308 5399 230 1908
318 5681 216 1920
329 5745 229 1897
331 5660 238 1897
331 5748 228 1901
332 5585 217 1918
341 5922 248 1887
300 5181 224 1920
304 5318 219 1922
321 5649 239 1895
331 5815 224 1902
347 5966 215 1915
310 5374 226 1911
326 5620 239 1895
328 5638 219 1911
338 5805 248 1888
343 5940 212 1927
347 6028 243 1887
