2172 76.3551
259 4377 200 1934
259 4338 200 1935
259 4351 204 1928
254 4408 225 1874
255 4470 230 1866
271 4729 204 1916
250 4337 208 1906
257 4496 208 1904
260 4465 215 1882
254 4432 227 1872
269 4503 218 1880
254 4403 209 1897
251 4429 220 1879
274 4489 230 1863
273 4431 225 1871
270 4509 227 1866
262 4424 201 1927
275 4714 224 1871
259 4456 227 1869
268 4555 220 1874
271 4463 220 1876
254 4384 220 1880
266 4407 220 1877
246 4304 207 1908
260 4456 212 1888
247 4301 209 1901
258 4458 220 1877
265 4424 218 1883
267 4492 230 1863
247 4318 210 1895
247 4370 215 1887
247 4301 207 1908
262 4386 200 1929
264 4423 220 1877
247 4313 213 1893
246 4320 209 1901
266 4509 218 1880
275 4764 203 1925
280 4499 227 1866
247 4305 219 1897
250 4336 214 1891
254 4407 210 1891
248 4347 215 1887
262 4438 204 1926
265 4433 225 1871
270 4471 220 1874
246 4298 213 1906
246 4300 213 1899
244 4308 217 1913
245 4293 217 1911
257 4422 214 1888
248 4340 219 1885
250 4334 205 1908
244 4299 226 1908
247 4308 219 1891
258 4453 225 1871
259 4478 215 1882
266 4412 218 1883
246 4321 219 1891
250 4331 210 1893
250 4336 209 1899
255 4440 214 1888
255 4381 220 1880
244 4300 226 1906
245 4291 226 1902
255 4430 212 1890
250 4355 215 1885
270 4477 225 1868
277 4449 220 1874
