2866 120.09
340 6179 251 2159
346 6114 248 2137
346 6168 243 2196
350 6250 246 2124
338 6076 252 2170
352 6198 253 2124
337 5901 254 2132
346 6114 256 2128
351 6274 243 2130
359 6399 261 2105
370 6527 257 2099
361 6412 268 2101
384 6660 252 2100
389 6739 237 2111
394 7096 238 2102
407 7336 246 2091
390 7081 245 2100
395 7039 238 2102
353 6121 247 2113
385 6620 229 2152
383 6729 229 2132
418 7555 228 2122
392 6816 228 2125
366 6255 233 2125
352 6370 235 2120
361 6398 233 2130
413 7361 232 2112
342 6122 246 2129
360 6353 234 2124
374 6656 228 2142
370 6551 235 2115
377 6579 241 2108
347 6180 237 2131
463 8236 228 2117
343 6057 263 2128
372 6586 238 2113
347 6127 262 2114
346 6226 253 2125
352 6304 245 2119
360 6311 239 2119
370 6629 236 2113
342 6106 250 2148
348 6134 257 2111
362 6339 243 2111
365 6421 232 2125
352 6201 252 2109
391 6638 241 2107
434 7520 230 2123
385 6803 236 2110
404 7228 227 2128
349 6087 235 2139
359 6343 242 2112
352 6200 242 2127
357 6495 237 2116
346 6230 256 2114
353 6073 247 2120
374 6632 233 2117
373 6589 230 2134
354 6337 246 2118
366 6384 236 2118
371 6697 232 2115
384 6748 238 2106
370 6539 251 2101
359 6242 237 2130
350 6243 247 2122
353 6186 242 2119
363 6492 262 2099
357 6155 238 2129
389 7010 231 2120
356 6330 235 2123
384 6927 237 2105
354 6347 246 2114
344 6044 251 2130
355 6392 251 2109
395 7054 233 2112
347 6182 233 2133
370 6578 232 2120
352 6174 234 2143
364 6366 232 2163
364 6375 233 2119
377 6525 238 2115
365 6297 246 2106
377 6545 241 2111
360 6130 244 2108
365 6339 247 2102
370 6426 244 2105
357 6272 248 2106
436 7695 272 2086
398 6848 255 2093
357 6192 257 2107
395 6947 241 2103
368 6629 273 2090
374 6695 226 2140
451 8038 260 2081
390 6609 250 2095
410 7188 241 2101
361 6325 246 2103
375 6627 239 2110
393 6655 260 2094
390 6643 236 2107
399 7039 265 2090
379 6427 257 2100
391 6997 241 2103
368 6236 241 2119
409 7040 250 2092
414 7290 242 2099
375 6622 243 2103
396 6883 235 2108
393 7100 255 2089
391 6674 246 2097
391 6887 256 2091
382 6799 254 2098
392 6757 243 2102
357 6373 247 2110
374 6517 236 2117
393 6851 235 2111
383 6681 265 2097
436 7833 244 2089
371 6473 246 2101
402 7104 244 2094
409 7180 235 2106
383 6762 246 2095
424 7334 255 2088
388 6949 255 2092
384 6724 255 2098
360 6211 250 2107
429 7246 260 2088
369 6542 252 2101
457 7876 236 2105
426 7224 243 2098
405 7292 250 2093
