3689 781.911
296 5193 208 1916
298 5166 208 1916
258 4417 210 1900
261 4376 209 1906
258 4362 210 1903
259 4279 210 1900
253 4310 215 1893
256 4328 214 1897
253 4299 212 1899
255 4257 215 1899
255 4245 214 1905
255 4247 215 1901
255 4253 225 1900
256 4335 215 1891
255 4235 212 1907
256 4278 225 1892
258 4245 216 1890
258 4223 220 1895
258 4218 225 1889
259 4255 216 1888
258 4264 216 1888
259 4223 216 1890
259 4232 215 1890
258 4241 212 1896
259 4230 212 1896
258 4246 215 1890
260 4257 214 1894
256 4259 212 1899
260 4271 215 1888
260 4225 216 1888
256 4232 215 1893
262 4245 215 1888
266 4253 225 1882
266 4249 236 1883
266 4253 224 1883
260 4226 220 1886
260 4211 220 1891
272 4362 236 1881
258 4236 225 1885
275 4407 224 1881
268 4372 220 1884
260 4225 225 1885
260 4211 216 1894
270 4221 214 1905
275 4406 225 1880
262 4256 216 1886
268 4374 218 1884
