10845 330.209
280 4739 231 2234
280 4725 237 2226
280 4663 238 2225
279 4689 240 2219
276 4710 240 2219
279 4591 232 2242
279 4594 231 2244
275 4573 235 2236
281 4712 240 2201
281 4762 238 2207
279 4758 238 2218
282 4607 245 2204
274 4613 235 2236
275 4568 240 2230
272 4638 243 2216
272 4584 244 2226
275 4575 236 2229
272 4618 250 2204
286 4715 249 2190
282 4604 240 2210
274 4607 240 2230
281 4614 260 2190
272 4618 245 2210
281 4590 245 2206
282 4618 235 2216
282 4595 235 2218
281 4590 240 2212
275 4573 240 2223
266 4605 243 2234
273 4573 245 2210
267 4565 245 2221
291 4798 236 2203
283 4660 240 2201
281 4610 235 2218
273 4573 243 2216
297 4913 236 2201
273 4610 244 2204
266 4616 240 2241
281 4624 244 2200
286 4616 232 2231
267 4654 237 2247
275 4594 230 2251
273 4565 245 2217
273 4607 243 2207
267 4589 250 2215
273 4597 250 2196
281 4619 250 2192
268 4549 246 2235
273 4610 237 2227
291 4743 239 2195
281 4633 244 2197
272 4556 241 2242
273 4589 250 2199
276 4596 250 2198
270 4587 250 2210
284 4691 240 2200
295 4861 238 2201
267 4565 240 2234
276 4599 250 2195
302 4860 236 2198
281 4616 260 2187
275 4602 236 2227
281 4621 240 2203
267 4556 245 2228
285 4691 244 2195
267 4565 243 2227
272 4632 250 2202
272 4586 250 2209
282 4638 250 2190
282 4646 260 2185
