102608 3300.98
304 5422 225 2066
317 5885 244 1965
328 5749 252 1953
359 6243 222 1967
323 5692 230 1974
309 5528 240 1990
316 5655 214 2017
331 5663 241 1968
317 5539 228 1991
311 5578 263 1981
356 6274 233 1944
311 5517 240 1989
338 6011 215 1987
339 5920 238 1950
330 5776 228 1951
380 6614 215 1983
420 7608 222 1963
333 5766 250 1955
322 5778 223 1979
323 5593 236 1980
337 6123 228 1948
347 6167 219 1969
329 5792 214 2011
326 5619 215 2029
369 6554 223 1961
345 6162 214 1993
377 6698 215 1980
338 5771 246 1956
338 5931 251 1949
327 5819 214 2007
315 5781 218 2006
319 5746 248 1967
387 6524 210 2022
314 5410 238 2009
385 6600 212 2018
334 5887 223 1973
335 5969 233 1949
351 6111 224 1957
321 5672 251 1959
341 5993 208 2047
362 6493 217 1984
357 6293 222 1964
334 6029 219 1976
311 5480 218 2008
313 5800 214 2032
303 5551 240 1993
362 6482 226 1954
351 6289 206 2065
331 5797 224 1969
340 5871 264 1950
312 5405 250 2001
321 5759 242 1974
335 6147 211 2026
312 5515 232 1982
360 5857 233 1950
310 5399 221 2010
306 5234 214 2034
327 5791 252 1957
337 5837 216 1997
322 5728 233 1959
353 6246 237 1940
361 6100 215 1986
361 6193 218 1983
320 5726 236 1978
346 6184 223 1966
340 5961 216 1992
352 6118 208 2036
340 5937 209 2035
341 5947 214 1994
359 6354 233 1943
333 5877 212 2032
322 5752 226 1958
334 5975 206 2070
311 5566 233 2007
330 5660 221 1976
312 5623 223 2000
299 5348 226 2038
352 6442 212 2020
320 5658 266 1976
364 6601 216 1982
323 5650 214 2032
326 5752 216 2001
336 6038 226 1956
336 5876 224 1959
325 5935 244 1947
336 5830 219 1978
314 5669 215 2024
381 6501 213 2011
329 5774 233 1951
349 6199 223 1964
375 6469 210 2032
352 6351 222 1965
455 8100 207 2056
351 6058 233 1945
364 6318 224 1955
326 5815 238 1954
315 5466 234 1999
338 6007 238 1948
323 5688 232 1958
383 7019 214 1992
317 5654 271 1964
363 6442 224 1953
361 6383 224 1955
345 6133 212 2031
385 6813 209 2026
368 6326 215 1984
398 7207 212 2016
377 6438 226 1954
326 5765 257 1956
317 5486 226 1992
314 5664 211 2035
370 6556 226 1951
321 5746 216 2002
339 5850 211 2032
339 6062 222 1972
337 5947 223 1970
323 5778 214 2016
312 5487 226 2005
370 6585 211 2024
308 5507 224 2025
373 6720 207 2057
368 6560 206 2058
305 5218 226 2012
352 6352 223 1963
342 5908 237 1943
319 5736 245 1978
357 6172 223 1966
328 5730 226 1969
347 6148 209 2033
362 6276 218 1982
319 5615 226 1979
325 5836 223 1975
336 6106 223 1968
318 5808 238 1978
350 6134 230 1947
376 6809 210 2029
327 5719 215 2011
323 5810 233 1957
317 5823 244 1974
315 5601 219 1981
325 5861 219 1978
338 6095 213 2031
421 7626 214 1988
403 7143 211 2014
336 5827 214 2004
359 6370 212 2022
323 5614 264 1965
354 6372 213 2018
352 6443 207 2063
315 5653 217 2010
328 5888 225 1974
317 5667 217 1986
