627 43.4048
350 6365 209 1924
303 5492 214 1940
330 6011 205 1952
314 5577 214 1927
337 5984 209 1925
335 5934 210 1920
305 5286 218 1925
331 5994 210 1915
351 6368 209 1923
299 5232 220 1925
302 5339 215 1932
311 5602 215 1905
325 5653 218 1898
294 5188 232 1895
310 5539 218 1911
292 5328 235 1931
305 5253 218 1928
307 5481 215 1919
314 5510 215 1907
294 5133 223 1911
305 5320 214 1942
309 5329 215 1935
301 5423 216 1927
314 5459 215 1914
313 5497 215 1914
309 5501 210 1937
318 5504 218 1903
320 5612 219 1897
321 5594 219 1895
366 6100 209 1920
316 5606 215 1903
335 6007 210 1910
311 5607 209 1935
306 5447 216 1924
324 5741 213 1907
315 5568 220 1895
329 5985 211 1914
345 6133 215 1886
334 5923 215 1888
327 5772 225 1870
346 5905 228 1862
372 6679 209 1916
333 5758 207 1928
322 5463 225 1881
323 5463 227 1872
306 5441 226 1892
331 5551 220 1883
340 5809 230 1863
345 6081 215 1887
358 6367 207 1925
326 5989 220 1877
337 5874 230 1864
370 6408 208 1923
361 6063 215 1887
318 5654 216 1892
371 6758 214 1890
367 6321 212 1892
322 5725 224 1877
326 5657 213 1892
324 5664 215 1889
336 6110 236 1863
323 5679 220 1878
397 6871 210 1894
370 6887 216 1880
319 5690 234 1867
320 5843 220 1881
312 5465 225 1896
351 6140 215 1884
344 5857 231 1860
347 6198 215 1882
359 6126 212 1894
359 6251 230 1858
341 5804 236 1863
370 6346 224 1869
319 5760 212 1903
375 6747 214 1890
361 6224 230 1860
377 6487 220 1872
373 6926 220 1872
322 5681 216 1885
321 5524 225 1882
364 6109 230 1860
334 5935 231 1866
336 5901 224 1872
370 6465 218 1878
346 5769 230 1863
338 6184 236 1862
320 5860 230 1869
335 5781 228 1866
336 5849 226 1869
328 5635 220 1874
354 6182 224 1870
327 5741 218 1880
340 5841 225 1869
347 6212 225 1867
319 5594 234 1871
391 6431 212 1890
338 5973 224 1871
318 5670 230 1873
327 5839 212 1899
295 5204 231 1876
334 5926 236 1865
325 5929 218 1881
320 5752 225 1873
362 6558 224 1869
311 5700 219 1895
312 5482 224 1885
342 6174 227 1864
322 5771 227 1867
354 6254 212 1893
333 6059 221 1873
339 5901 227 1866
318 5774 225 1879
383 6307 220 1872
351 5952 228 1861
370 6835 214 1890
327 6065 221 1872
346 5895 231 1858
358 6400 212 1892
335 5883 226 1868
342 6114 215 1887
427 7534 214 1889
310 5524 226 1878
339 6157 215 1886
322 5814 215 1891
381 6622 212 1890
339 6277 226 1866
343 6300 212 1895
320 5575 220 1883
339 5866 228 1865
315 5722 227 1873
329 5651 227 1870
318 5801 230 1871
341 5957 210 1909
324 5504 236 1869
351 6074 215 1887
338 5736 236 1864
317 5796 215 1897
345 6091 227 1864
349 6000 225 1866
351 5964 210 1898
343 6042 228 1863
296 5318 219 1899
365 6531 224 1869
344 5834 224 1871
353 6249 236 1856
340 6029 214 1891
326 5773 219 1883
313 5586 220 1885
347 6087 225 1868
353 6222 216 1881
354 6037 227 1865
350 6209 243 1857
350 6263 228 1861
337 5738 230 1868
345 5809 227 1866
334 5742 230 1868
353 6254 230 1858
