11020 360.2
277 4641 242 2218
281 4654 243 2206
282 4670 242 2213
289 4732 242 2205
279 4680 242 2213
275 4632 243 2210
274 4580 242 2225
282 4677 242 2208
284 4690 241 2214
280 4759 242 2212
296 4890 237 2218
290 4719 237 2221
275 4567 243 2216
285 4642 241 2214
279 4619 243 2210
307 4980 248 2183
285 4650 242 2210
284 4683 243 2203
279 4605 243 2213
285 4654 242 2208
279 4579 242 2222
279 4630 247 2197
284 4633 239 2234
271 4547 252 2213
271 4555 257 2205
271 4547 257 2207
271 4558 252 2211
284 4698 237 2226
275 4581 242 2222
282 4620 248 2191
275 4541 242 2228
274 4576 243 2214
277 4565 248 2198
282 4624 248 2190
274 4538 243 2219
275 4542 248 2213
282 4649 237 2228
313 5027 247 2178
276 4571 267 2184
275 4542 242 2225
276 4565 267 2186
272 4549 257 2189
274 4580 257 2188
279 4557 248 2197
272 4539 252 2197
275 4534 242 2231
274 4530 252 2213
292 4816 242 2198
274 4532 247 2216
274 4532 252 2210
288 4680 248 2187
275 4527 242 2236
275 4527 243 2230
275 4534 243 2225
292 4789 277 2159
272 4547 248 2203
293 4812 288 2156
273 4587 257 2188
292 4801 277 2158
272 4549 252 2195
279 4584 246 2204
296 4802 288 2154
296 4824 277 2154
298 4924 256 2166
277 4545 267 2186
274 4522 247 2221
274 4521 252 2215
274 4520 257 2204
288 4680 283 2161
290 4706 277 2160
283 4574 261 2168
296 4793 267 2160
288 4666 266 2162
293 4728 288 2157
294 4739 272 2161
279 4563 261 2175
273 4579 248 2193
274 4519 257 2207
300 4896 236 2237
342 5642 318 2131
344 5557 318 2131
288 4656 266 2164
283 4564 261 2170
285 4621 272 2166
279 4556 256 2183
303 4925 286 2148
298 4916 255 2172
300 4827 288 2153
283 4567 256 2176
353 5599 318 2129
296 4765 277 2155
282 4625 247 2192
311 5089 297 2143
308 4951 266 2161
302 4913 286 2150
309 5090 297 2143
279 4563 256 2181
307 4942 286 2146
279 4552 261 2177
285 4699 256 2170
283 4577 255 2173
276 4523 267 2201
288 4671 256 2167
283 4557 261 2173
288 4662 256 2169
283 4568 251 2175
284 4557 261 2170
279 4545 261 2180
272 4527 257 2191
284 4565 261 2168
284 4544 261 2173
282 4534 267 2186
284 4536 261 2174
318 5207 297 2141
