6962 387.268
343 6229 202 1995
326 5612 204 1962
342 6401 201 1977
350 6361 203 1993
298 5473 208 1962
344 6082 202 1995
305 5530 204 1964
296 5427 233 1920
356 6421 204 1958
301 5519 204 1965
297 5500 228 1927
300 5358 209 1971
310 5367 215 1937
305 5494 208 1953
289 5150 210 1947
291 5186 211 1946
291 5105 219 1937
291 5282 224 1934
298 5081 220 1957
302 5344 213 1940
285 4993 225 1943
297 5500 209 1955
308 5542 214 1939
296 5421 233 1925
305 5503 205 1959
293 5103 217 1965
289 5092 228 1936
295 5222 228 1929
308 5219 219 1935
311 5563 205 1954
287 5201 214 1947
300 5373 216 1936
314 5623 209 1952
293 5336 223 1936
307 5413 208 1956
305 5640 209 1952
288 5234 213 1942
293 5301 228 1930
300 5456 207 1956
313 5760 204 1959
285 5247 221 1943
311 5646 205 1953
294 5385 224 1928
299 5518 213 1940
303 5488 215 1938
311 5403 205 1955
283 5006 225 1946
302 5586 215 1937
310 5319 214 1940
294 5205 230 1935
305 5439 207 1956
295 5356 214 1940
309 5521 215 1933
302 5349 228 1923
335 6004 207 1951
306 5603 212 1921
318 5543 230 1863
310 5573 239 1867
375 6691 208 1918
326 5770 212 1902
320 5494 228 1871
366 6567 209 1902
310 5449 212 1914
322 5659 218 1882
327 5805 218 1877
370 6346 216 1877
328 5701 239 1857
370 6638 214 1885
324 5881 214 1895
338 5918 210 1902
328 5845 216 1880
355 6445 224 1866
339 5737 225 1863
331 5814 230 1859
338 5997 209 1903
312 5714 236 1860
332 5965 236 1856
341 5659 218 1879
334 5534 251 1859
304 5396 223 1889
333 5549 220 1871
349 6224 212 1886
330 5907 209 1904
324 5640 239 1860
328 5634 241 1860
349 6179 228 1858
325 5770 214 1902
322 5303 220 1885
324 5733 224 1872
338 5725 230 1857
304 5238 225 1892
362 6513 210 1889
335 5636 216 1882
303 5447 238 1882
312 5524 219 1889
341 5972 213 1889
349 6024 210 1892
318 5640 225 1865
342 5655 227 1863
305 5412 247 1870
341 6098 212 1887
329 5632 239 1860
299 5489 219 1895
371 6344 209 1902
316 5348 220 1885
342 5875 214 1893
344 5787 214 1891
330 5417 230 1872
312 5438 229 1873
334 5849 215 1884
307 5377 220 1874
324 5752 218 1878
319 5635 219 1885
337 5789 210 1905
310 5373 229 1885
325 5721 220 1872
346 6084 216 1879
337 5831 215 1884
332 5512 216 1886
360 6064 224 1866
309 5423 216 1890
346 6054 210 1898
361 6022 214 1887
311 5362 229 1882
330 5676 234 1861
352 5849 218 1875
334 5890 212 1895
333 5510 227 1865
326 5632 220 1873
348 5831 220 1869
322 5650 227 1864
338 5612 230 1858
349 5739 234 1856
323 5640 220 1873
337 5819 230 1858
355 5841 216 1881
315 5320 215 1892
305 5536 225 1873
347 6221 210 1891
338 5846 214 1898
340 5864 236 1853
347 5793 236 1853
336 5860 224 1868
336 6000 215 1881
324 5508 227 1869
337 5850 227 1862
337 5801 230 1859
305 5283 220 1892
333 5663 218 1879
346 5980 224 1867
321 5601 230 1862
330 5616 225 1865
347 6192 215 1879
371 6421 209 1897
339 5762 227 1861
348 6140 228 1859
339 5479 229 1872
315 5452 230 1868
362 6455 216 1877
347 6005 220 1869
317 5523 236 1865
348 5770 221 1870
344 5866 215 1882
330 5569 239 1862
329 5426 228 1873
322 5796 220 1870
331 5705 215 1885
359 6414 224 1866
325 5451 239 1865
323 5621 218 1882
327 5526 231 1866
318 5470 215 1887
324 5391 233 1873
317 5624 234 1866
332 5556 227 1865
315 5692 218 1885
329 5618 225 1865
322 5419 234 1870
313 5591 228 1868
333 5790 224 1869
346 6102 221 1869
307 5233 218 1890
312 5372 224 1884
366 6162 215 1879
319 5542 235 1866
325 5581 218 1882
340 5704 224 1868
331 5956 212 1890
325 5692 240 1857
329 5740 227 1863
331 5622 228 1860
377 6413 212 1885
323 5483 239 1863
319 5501 239 1865
337 5746 240 1854
326 5812 230 1860
345 5839 240 1852
331 5816 236 1858
364 5873 228 1858
337 5704 236 1859
338 6001 226 1863
344 5806 236 1853
357 5629 227 1861
333 6051 225 1863
346 5748 240 1852
337 5709 231 1857
327 5529 218 1882
362 5891 228 1859
314 5541 227 1869
328 5791 218 1877
336 5838 230 1855
346 5617 227 1863
330 5532 230 1864
317 5512 225 1867
321 5443 219 1883
339 5602 230 1860
313 5627 225 1867
342 5459 228 1870
341 5795 231 1855
355 5957 228 1858
335 5699 227 1863
