9826 390.317
238 4196 205 1915
238 4130 207 1912
247 4163 209 1907
231 4055 207 1922
239 4205 225 1884
238 4065 207 1919
230 4056 207 1922
244 4110 204 1918
247 4166 209 1905
244 4105 205 1912
232 4049 207 1922
229 4001 210 1923
233 4074 208 1918
229 4045 212 1918
233 4085 207 1915
238 4171 206 1913
233 4101 215 1899
233 4086 213 1905
233 4097 215 1901
233 4082 210 1907
243 4133 208 1908
238 4016 208 1922
229 4007 208 1925
233 4076 210 1910
233 4092 218 1903
243 4120 205 1912
233 4091 215 1904
233 3997 210 1923
234 4077 205 1919
233 4096 224 1901
242 4097 207 1910
237 4175 212 1900
233 4048 215 1905
239 4030 204 1920
238 3992 212 1924
239 4030 203 1923
233 4001 210 1919
235 4127 220 1893
231 4051 215 1905
233 3994 210 1925
233 3994 212 1921
234 4133 220 1893
247 4187 209 1903
229 3996 212 1921
238 3999 210 1922
238 4006 210 1916
233 3987 212 1927
229 4003 210 1919
237 4148 209 1910
229 3989 212 1927
242 4171 209 1907
238 3999 212 1918
238 4014 208 1924
229 3996 210 1925
233 3981 218 1930
234 4043 215 1905
233 3991 218 1922
231 4022 210 1913
233 3984 218 1924
242 4095 208 1913
238 3989 218 1921
234 4075 210 1910
239 4203 218 1889
239 4092 209 1912
239 4023 203 1931
234 4019 210 1913
233 4044 215 1907
252 4164 215 1888
230 4058 218 1910
247 4187 210 1897
229 3986 218 1924
238 3996 218 1919
229 4005 208 1927
255 4170 220 1882
255 4256 212 1894
239 4026 203 1925
229 3983 218 1930
239 4027 210 1908
251 4166 218 1886
239 4032 205 1914
239 4017 210 1914
238 4140 225 1885
244 4132 218 1889
251 4166 215 1888
234 4012 210 1917
251 4174 220 1882
230 4024 210 1911
240 4169 225 1880
237 4142 220 1888
239 4048 215 1902
242 4169 218 1889
245 4174 225 1877
240 4149 225 1882
239 4023 210 1910
248 4193 204 1917
244 4169 220 1883
239 4159 215 1891
234 4081 213 1908
259 4369 240 1870
267 4255 230 1868
243 4114 204 1918
250 4360 240 1873
271 4402 240 1867
239 4024 204 1922
255 4203 225 1876
255 4220 230 1871
239 4028 205 1916
245 4148 225 1879
243 4214 230 1874
243 4197 230 1877
244 4183 225 1879
255 4210 225 1874
242 4135 210 1899
246 4157 220 1883
251 4187 220 1880
229 3993 218 1922
251 4139 212 1896
241 4152 220 1886
263 4208 224 1879
243 4186 225 1879
267 4245 228 1871
234 4022 210 1911
230 4014 210 1917
251 4139 213 1894
242 4135 213 1897
243 4106 215 1891
238 4101 215 1894
267 4254 230 1870
244 4195 230 1874
257 4201 225 1874
255 4219 230 1873
243 4210 230 1876
243 4088 213 1897
257 4182 225 1876
234 4085 213 1900
244 4189 225 1877
243 4088 210 1899
239 4155 213 1897
267 4238 228 1873
235 4071 206 1917
238 4131 220 1888
238 4083 213 1900
243 4139 225 1882
234 4085 210 1902
238 4083 210 1902
243 4161 218 1889
255 4134 216 1888
237 4154 220 1886
263 4222 224 1877
238 4079 213 1906
238 4079 210 1908
248 4193 230 1874
234 4078 206 1917
243 4206 225 1877
239 4043 215 1904
256 4157 218 1886
258 4186 220 1880
234 4038 215 1907
239 4017 204 1928
239 4024 206 1918
248 4189 230 1876
234 4103 215 1894
247 4168 225 1877
243 4130 220 1885
237 4126 218 1892
239 4021 206 1924
243 4195 220 1883
