3414 104.003
358 6422 234 2157
336 6089 233 2163
324 5864 238 2152
336 5903 253 2119
338 5992 248 2133
357 6567 234 2161
333 5874 276 2136
344 6209 248 2118
327 5947 273 2125
373 6602 263 2109
340 5872 278 2137
373 6639 253 2113
336 5888 258 2126
326 5859 241 2190
350 6076 243 2134
374 6550 272 2111
335 6059 233 2166
345 6295 281 2115
349 5967 292 2115
342 6039 243 2138
346 6228 290 2113
361 6434 278 2114
329 5928 253 2123
335 6085 248 2132
353 6137 262 2117
339 5997 238 2147
362 6557 233 2155
329 5888 248 2138
330 6046 243 2142
370 6475 264 2112
359 6340 244 2124
358 6474 238 2142
333 6095 262 2120
347 6225 272 2117
321 5907 243 2146
336 6146 263 2118
342 6214 238 2146
384 6913 229 2169
356 6595 238 2142
313 5753 243 2160
380 6800 236 2144
394 7220 233 2151
362 6454 263 2113
328 6036 243 2144
354 6553 253 2117
322 5781 247 2143
327 5940 266 2142
322 5873 243 2150
365 6385 238 2133
332 6134 247 2137
331 6009 243 2143
329 5988 243 2145
338 6294 238 2149
332 6011 233 2168
356 6317 258 2115
338 6074 247 2140
314 5872 252 2153
342 6199 247 2136
338 6236 243 2138
336 6274 243 2137
310 5689 252 2158
335 6171 243 2140
373 6248 238 2133
336 6118 241 2149
330 6132 238 2150
337 6125 241 2146
346 6292 238 2145
337 6116 247 2141
339 6254 247 2135
350 6158 236 2149
343 6272 237 2157
315 5772 253 2153
360 6565 233 2155
319 5863 241 2176
352 6295 262 2115
368 6451 243 2124
380 6702 253 2112
343 6323 241 2145
338 6077 247 2138
362 6543 237 2143
344 6136 243 2127
350 6270 239 2134
371 6777 231 2159
334 6129 247 2139
371 6182 252 2124
348 6083 243 2125
316 5678 257 2153
315 5843 243 2153
