3801 1624.56
381 6986 204 1968
298 5298 205 1914
298 5372 208 1909
284 4932 207 1916
264 4618 208 1911
244 4246 214 1899
243 4194 209 1907
246 4196 210 1898
248 4240 214 1896
239 4153 220 1892
241 4154 215 1893
244 4159 215 1892
238 4119 210 1901
244 4170 215 1890
240 4174 215 1895
240 4151 215 1898
240 4155 215 1896
244 4128 215 1895
244 4142 215 1893
244 4205 220 1887
239 4156 215 1898
244 4164 224 1883
244 4146 219 1892
239 4178 220 1890
238 4141 224 1891
239 4188 229 1883
244 4159 219 1889
238 4145 224 1886
244 4170 229 1880
247 4188 214 1897
239 4179 229 1885
239 4144 224 1886
250 4110 214 1897
250 4096 209 1904
250 4099 219 1891
248 4129 215 1890
251 4114 214 1894
248 4096 210 1898
250 4091 210 1898
247 4133 215 1892
248 4093 215 1892
248 4132 209 1904
247 4169 215 1890
250 4088 215 1892
248 4101 219 1891
251 4099 212 1895
248 4097 224 1885
248 4109 229 1879
251 4110 215 1889
248 4093 220 1886
251 4123 229 1876
256 4157 234 1870
255 4158 234 1870
251 4131 215 1887
249 4164 221 1875
248 4124 225 1873
251 4142 220 1874
248 4129 218 1883
251 4131 220 1876
255 4173 225 1868
251 4129 218 1880
248 4131 220 1877
248 4144 225 1871
246 4140 220 1877
256 4220 214 1893
248 4111 220 1879
245 4149 220 1877
251 4121 218 1882
247 4137 220 1877
247 4128 220 1884
247 4189 221 1875
248 4102 218 1885
255 4162 225 1870
256 4195 225 1866
247 4149 225 1871
248 4176 225 1869
252 4164 221 1872
249 4166 225 1869
260 4172 225 1868
247 4136 220 1879
263 4194 224 1871
251 4184 215 1885
269 4215 224 1869
248 4173 215 1888
256 4128 218 1880
247 4134 218 1883
256 4136 220 1874
264 4216 224 1869
