39641 1200.34
314 5430 234 2037
322 5840 220 2044
322 5767 222 1984
339 6163 215 2005
329 5777 216 2046
337 6097 216 2007
330 5751 214 2009
322 5709 234 1981
316 5686 226 1988
318 5841 222 2001
329 5968 230 1972
336 6062 211 2020
330 5941 231 1970
329 6046 230 1970
351 6516 215 1999
343 6347 210 2076
366 6297 212 2001
319 5810 222 1982
334 6026 213 2012
361 6705 212 2006
332 5932 221 1996
334 6218 215 2007
348 6008 211 2033
331 5740 219 2037
314 5476 225 2003
323 5822 225 1980
338 6030 230 1968
333 5735 230 1970
324 5747 222 1973
362 6435 215 1996
331 6029 221 1986
336 6073 217 1994
339 5973 220 1992
323 5780 220 1997
348 6078 210 2021
322 5845 241 1973
351 6273 210 2012
360 6440 212 2007
358 6331 215 1999
337 6178 230 1968
373 6799 217 1974
365 6102 216 2000
344 6257 216 2003
312 5581 234 1985
334 6152 217 1990
361 6609 211 2007
362 6484 211 2007
376 6529 219 1968
332 5852 217 2002
333 6000 217 2000
319 5753 225 1998
354 6552 219 1972
388 6925 213 1999
328 5924 219 2026
334 6020 228 1971
392 7008 210 2008
322 5927 212 2024
418 7382 209 2058
355 6361 217 1976
360 6436 219 1971
356 6494 222 1965
370 6576 228 1962
363 6720 216 1987
352 6231 216 1992
332 6147 222 1972
310 5579 236 2003
315 5573 222 2010
343 6164 212 2014
313 5555 226 2052
337 5985 246 1962
363 6398 212 2005
388 7080 210 2008
349 6183 215 2004
385 6621 216 1980
328 5927 219 2011
340 6102 219 1974
359 6387 221 1973
344 6238 228 1963
349 6361 215 2002
370 6678 222 1963
369 6605 219 1970
351 6321 216 1998
409 7417 220 1966
359 6385 222 1965
391 6963 209 2059
389 6770 215 1992
366 6872 219 1970
365 6685 216 1982
346 6219 210 2042
363 6442 230 1961
351 6548 216 1994
359 6567 211 2011
366 6555 216 1981
359 6419 219 1973
346 6330 217 1978
368 6776 215 1992
350 6274 227 1963
369 6734 236 1959
340 6055 222 1966
426 7441 234 1960
388 6881 215 1990
388 6914 222 1961
452 8331 216 1978
340 5922 217 1982
398 6994 210 2008
367 6625 218 1975
330 5741 225 1999
377 6529 222 1963
327 5757 221 2008
336 6120 257 1965
370 6483 216 1987
