249 4.39893
822 20641 631 3021
840 21238 627 3022
833 21182 627 3025
801 20044 640 3011
774 18637 644 3015
817 19955 639 3013
752 17436 639 3016
752 18611 638 3019
724 17997 641 3018
733 17991 641 3018
693 17585 653 3019
728 18466 638 3020
747 18646 735 2987
771 17998 745 2986
742 18366 641 3017
793 18597 780 2979
780 18993 780 2979
724 18218 632 3027
760 18532 758 2981
771 18155 758 2981
745 18059 745 2986
741 17941 642 3020
664 16420 664 3023
768 18521 768 2982
676 16641 676 3005
697 17032 694 2997
686 16820 676 3000
728 17738 720 2989
729 17853 632 3027
694 17636 670 3003
708 17706 673 3001
718 17555 673 3001
742 18167 663 3001
674 16404 654 3008
694 17208 694 2997
734 17355 712 2993
703 16962 682 2995
719 17688 712 2993
712 17287 660 3003
712 17361 702 2994
735 17717 735 2990
707 16939 667 3004
681 16528 676 3001
720 17247 679 2997
757 18161 632 3026
723 17585 702 2992
670 16629 654 3008
676 16213 676 3009
694 16650 676 2998
710 17979 648 3020
716 17167 623 3032
694 17234 660 3004
687 16362 676 3003
680 16796 676 3004
691 16890 676 2998
743 18136 738 2984
757 18109 738 2988
740 18314 737 2987
685 17129 648 3021
713 17400 648 3020
820 19312 663 3000
663 16827 642 3027
661 16752 625 3034
693 16876 623 3033
670 16574 641 3037
672 16973 623 3033
705 17135 650 3019
747 17958 642 3019
748 18129 735 2987
672 16819 623 3034
675 16981 625 3032
692 16970 625 3028
710 17283 653 3018
673 16634 628 3028
780 17857 747 2987
768 17706 735 2990
703 17248 654 3005
690 17646 623 3032
774 17954 635 3026
697 17118 670 3002
699 17021 670 3002
780 17791 635 3026
708 17378 660 3002
695 16968 625 3028
677 16906 623 3033
758 18291 720 2988
668 16645 623 3041
671 16511 638 3024
687 17258 625 3029
699 17112 667 3004
806 18911 738 2983
686 16710 638 3021
691 17062 625 3028
738 18364 623 3031
748 18339 735 2986
697 16687 625 3034
771 18096 738 2984
743 17487 638 3020
670 16910 628 3028
786 18330 617 3048
766 18282 735 2985
664 16593 638 3024
736 17604 657 3004
682 16634 654 3007
788 18271 617 3048
762 18165 720 2988
756 17720 720 2989
699 17462 660 3003
716 17075 647 3013
752 18631 646 3015
849 20474 653 3009
830 20031 652 3010
877 20925 617 3032
902 21621 650 3010
826 20074 757 2978
831 19603 698 2990
807 19471 704 2988
845 19612 662 3001
856 20540 631 3019
774 19739 653 3012
878 20620 720 2984
809 20174 756 2978
824 20132 726 2980
845 20206 676 2996
784 19267 682 2994
892 21389 726 2979
788 19613 726 2983
903 20625 707 2985
795 20004 704 2987
717 17016 653 3018
901 20901 629 3026
774 19014 726 2985
778 18944 707 2987
805 18957 723 2984
759 18385 687 2992
825 19909 698 2988
852 21066 707 2985
743 18151 707 2991
767 19134 701 2990
799 19599 720 2985
785 18672 770 2977
847 18898 714 2987
796 19983 727 2982
810 19336 746 2981
811 18721 714 2988
850 20335 725 2982
821 19428 724 2983
828 20740 720 2983
767 18944 727 2986
781 18305 698 2991
849 21113 707 2986
760 19303 701 2991
793 19136 747 2982
817 19268 767 2975
852 20088 789 2974
787 18646 720 2986
842 19889 799 2974
864 20719 778 2974
770 18506 725 2986
788 18666 746 2983
858 19648 810 2973
898 21173 799 2973
937 20541 809 2973
831 19019 745 2981
802 18829 766 2980
753 17741 698 2992
879 20949 629 3027
910 20863 832 2970
775 18393 725 2985
779 18173 724 2985
814 19942 809 2975
876 21259 832 2971
880 21059 832 2970
921 20629 853 2970
788 18840 631 3024
813 19540 768 2978
766 18921 743 2983
814 20045 767 2976
852 20786 707 2986
877 20853 619 3041
881 20666 831 2971
903 20745 853 2969
772 18016 747 2983
795 18022 720 2987
810 19363 726 2982
881 19230 788 2976
899 22174 854 2969
778 18355 724 2984
808 19959 769 2978
845 19275 748 2979
860 20407 636 3020
862 19382 810 2974
889 19879 831 2972
907 21145 789 2973
933 19850 863 2971
825 19875 736 2981
883 19976 789 2974
909 19741 821 2972
952 20832 842 2970
805 19309 747 2979
865 21325 790 2972
866 19860 723 2981
868 20110 736 2980
875 19741 723 2981
878 20433 746 2977
769 19014 631 3025
803 18770 789 2976
873 20137 768 2974
823 19922 810 2972
904 20533 842 2971
782 17966 745 2984
886 21014 756 2976
782 18965 631 3024
788 19235 646 3014
853 19932 756 2977
774 18272 701 2989
822 19676 745 2979
891 21125 811 2971
897 21240 809 2973
