1429 47.4995
748 18149 663 3013
736 18319 638 3021
753 18112 638 3021
828 19480 661 3012
660 16888 635 3031
676 16966 648 3024
684 17480 638 3024
685 16624 635 3027
693 16432 644 3036
691 16999 638 3023
687 16935 617 3049
674 17100 618 3030
681 17360 617 3032
690 17515 616 3030
735 17926 636 3022
675 17197 631 3028
825 20548 619 3027
692 17314 616 3029
702 17489 641 3021
820 21369 619 3027
838 20826 623 3026
735 18279 618 3028
684 16521 635 3040
696 17074 616 3030
657 16653 635 3035
726 17738 638 3022
787 19281 615 3047
731 17012 619 3033
680 17332 616 3042
838 19705 626 3027
671 16715 644 3032
743 18010 629 3027
667 17089 623 3033
691 16242 644 3037
777 19855 713 3002
748 18324 658 3014
804 19954 693 3002
833 20380 690 3004
856 20988 674 3006
759 19485 691 3005
806 19350 712 3003
703 17054 626 3029
753 18108 626 3028
765 19352 636 3021
674 16863 636 3027
742 18229 639 3020
681 16440 643 3044
687 16843 649 3021
687 16739 631 3026
700 16635 617 3039
718 17031 631 3024
857 20451 646 3016
686 16339 654 3045
698 16322 668 3029
705 16199 672 3051
711 17652 635 3024
706 17164 646 3020
734 17710 646 3019
705 17035 631 3025
708 17117 646 3021
718 17308 631 3023
777 18837 646 3017
698 16448 646 3022
739 17421 646 3019
730 16510 635 3024
782 18605 646 3017
792 18123 646 3018
699 16356 653 3026
707 17103 649 3016
675 16468 638 3025
759 17641 639 3019
732 17022 672 3016
782 18300 646 3018
683 17232 659 3016
889 21819 644 3018
795 19752 746 2999
714 17723 668 3012
721 17045 668 3013
829 19800 705 3002
801 20004 659 3012
932 22295 736 2999
729 17193 674 3008
757 19274 671 3008
767 19146 714 3002
768 18675 735 3000
814 19299 703 3003
700 17310 675 3013
724 17784 684 3008
726 17764 690 3006
821 20294 715 3001
708 17533 696 3005
715 17828 675 3009
725 17805 674 3008
757 17844 694 3005
732 17420 704 3004
704 16860 653 3017
734 18095 672 3011
760 19082 659 3013
730 17913 628 3028
710 17923 674 3011
682 17414 649 3016
747 18621 646 3018
780 17807 674 3007
843 20459 652 3013
728 18107 674 3007
680 16882 653 3017
726 18200 672 3011
735 16759 638 3023
672 16497 641 3037
736 18102 668 3009
734 17756 673 3010
699 17847 631 3025
731 17829 649 3015
669 16581 623 3034
738 17831 684 3006
740 18216 694 3004
675 16725 618 3034
676 16865 635 3033
712 18134 674 3008
787 18384 690 3005
688 16756 675 3022
685 17156 616 3034
695 17158 660 3016
719 17206 695 3010
770 18620 636 3021
666 16543 635 3056
664 17129 635 3027
686 16917 628 3030
694 17521 653 3015
693 16862 628 3030
680 16807 659 3024
