210 7.34778
775 18503 660 3032
736 18074 664 3079
735 18499 667 3082
763 18277 672 3068
783 18974 678 3029
760 18334 749 3034
755 18341 690 3023
752 18316 653 3035
750 18152 652 3120
747 17374 689 3041
773 19804 653 3015
780 19654 624 3044
779 19129 645 3026
978 22441 638 3024
801 18932 638 3035
743 18385 638 3049
827 20851 638 3025
749 19233 675 3016
750 19132 683 3011
756 18505 683 3010
756 19258 636 3049
851 19746 683 3004
716 17016 661 3098
797 19804 712 3002
805 17888 666 3067
752 18174 669 3074
766 19257 641 3040
988 22109 670 3007
732 18610 675 3042
808 19854 622 3058
788 19804 674 3005
829 20510 693 3000
739 17988 697 3060
824 19644 677 3012
858 21406 695 2999
775 18317 749 3012
837 19383 705 3004
774 18899 682 3030
765 18922 682 3006
803 19965 635 3028
873 21137 668 3008
873 21535 686 3002
952 24511 749 2986
761 18332 697 3010
819 19667 705 2993
763 18267 691 3022
852 21015 726 2990
794 20401 732 3002
800 18384 660 3020
836 19987 769 2989
777 19471 673 3022
992 25190 725 2990
803 20236 727 2999
928 22364 653 3014
840 21251 786 2988
848 20824 720 2992
835 20615 638 3027
870 20998 629 3040
747 18538 661 3036
775 19156 645 3047
824 21008 693 3002
910 22801 720 2991
778 17975 668 3048
788 18732 683 3005
790 19088 681 3023
810 20217 723 3000
814 20180 764 2994
824 19815 698 3000
909 22865 789 2985
795 19348 666 3023
924 21515 652 3018
966 23156 649 3015
809 19346 720 3003
786 18276 690 3018
829 19793 618 3044
