55 1.47606
763 18827 700 3056
743 18328 688 3071
809 19923 714 3044
828 20824 678 3057
745 17798 676 3079
746 17414 642 3121
844 20477 700 3053
757 17219 666 3083
774 18253 654 3072
776 19148 625 3085
884 20616 656 3063
746 18574 669 3067
757 18872 653 3083
774 18393 650 3071
798 18390 639 3084
861 19745 654 3069
871 20535 647 3067
804 18420 666 3068
753 18557 659 3080
860 21689 666 3055
771 19275 635 3079
792 18018 671 3076
874 21170 659 3055
705 17536 642 3100
729 18539 657 3099
754 18208 642 3084
779 19488 654 3070
800 18556 647 3078
801 20262 637 3070
815 19190 673 3058
839 18987 678 3054
734 18108 657 3087
738 18158 693 3069
771 18198 642 3086
780 19069 632 3072
805 18131 669 3072
747 18347 649 3088
792 19070 630 3105
746 18590 632 3103
784 18177 656 3070
845 19147 671 3066
731 17296 649 3106
741 18419 666 3069
755 19149 666 3063
771 19091 661 3079
772 18829 659 3079
930 21583 637 3061
735 17804 654 3090
742 18422 642 3094
751 18389 635 3091
798 18998 641 3077
799 18774 659 3067
885 20518 641 3064
739 17950 648 3097
741 17790 654 3083
758 18690 700 3062
765 18043 633 3097
786 18548 715 3066
811 19310 678 3059
