2132 47.79
714 16162 668 3039
724 16719 626 3069
711 17385 656 3045
735 17545 683 3036
753 17509 727 3033
740 17244 653 3042
711 16625 631 3076
708 16341 627 3094
873 20251 705 3013
838 20681 722 3013
761 16904 684 3037
737 17019 664 3040
835 20577 723 3012
805 17775 664 3039
760 18092 668 3028
728 16891 624 3080
726 16007 653 3049
971 22630 709 3008
759 16614 631 3064
745 16435 631 3074
884 21221 723 3007
794 18780 692 3018
815 20466 746 3002
717 15254 641 3058
731 16446 651 3056
770 18063 705 3016
837 20240 690 3019
900 22228 735 3003
781 17941 705 3025
785 19198 688 3026
809 18425 688 3026
681 15333 668 3045
672 15375 668 3044
676 15658 656 3055
728 16190 659 3046
872 20709 724 3004
682 15325 668 3043
798 18842 686 3021
833 20401 689 3020
787 17437 668 3038
766 17912 705 3033
674 15380 668 3043
727 16717 652 3045
829 20494 683 3023
684 15296 668 3043
863 21006 725 3006
693 15362 668 3041
833 20783 767 3001
671 15101 668 3046
731 16160 653 3048
682 15476 668 3042
837 20519 767 3001
706 15476 662 3041
797 19289 686 3021
712 14833 668 3054
671 15100 668 3051
739 16201 642 3056
659 15110 646 3066
764 16974 683 3038
744 16556 646 3055
668 15355 660 3053
754 15990 646 3056
718 15635 668 3039
717 15981 659 3048
738 16125 653 3048
870 20726 705 3009
760 16184 646 3055
677 15483 660 3044
687 15525 653 3050
699 16148 664 3042
708 16121 652 3053
681 14910 668 3052
770 16358 683 3036
679 15402 646 3057
683 15031 668 3045
673 14839 668 3054
691 15136 668 3044
699 14963 653 3054
810 19429 747 3005
848 20303 767 3001
668 14911 668 3053
656 15117 656 3057
701 15337 660 3049
811 16572 671 3038
686 14916 641 3063
687 15383 634 3079
695 16559 626 3090
672 15209 663 3054
689 15209 632 3060
667 14869 656 3059
769 18627 703 3016
671 15212 642 3058
698 15106 646 3057
669 14954 656 3057
714 15436 626 3078
670 14843 668 3055
690 14901 638 3065
768 18004 705 3022
669 15869 641 3060
857 20375 689 3019
647 14754 641 3074
674 14944 642 3058
675 14748 641 3074
691 14911 643 3061
769 15323 653 3048
656 14884 653 3058
647 14857 641 3071
682 14627 641 3074
785 18116 666 3038
668 14725 668 3057
671 14989 656 3056
657 14690 656 3070
680 15085 652 3054
664 15090 636 3061
693 14862 653 3058
668 14880 668 3055
674 14850 656 3057
661 14699 653 3061
748 16513 646 3045
680 14846 656 3059
663 14676 656 3070
848 20286 726 3009
731 16926 642 3048
654 14782 653 3061
695 14816 656 3057
656 14763 656 3070
660 14780 656 3069
663 15247 641 3063
664 14600 656 3069
668 14742 668 3056
673 14864 653 3058
673 15219 641 3060
