9 0.455184
655 16052 598 3315
641 15619 624 3293
684 16635 540 3334
731 18407 686 3250
618 13871 540 3335
721 17720 552 3316
743 17811 646 3261
776 17342 550 3333
883 20863 562 3293
630 15745 608 3326
632 14079 562 3316
648 16120 624 3282
656 15513 584 3308
676 16222 572 3295
688 16992 598 3281
692 15980 582 3308
698 15909 572 3267
716 16151 551 3321
719 15949 524 3349
722 16594 582 3265
745 17081 556 3305
746 18772 654 3253
753 18206 598 3263
788 18935 550 3328
836 20474 646 3253
913 20729 556 3304
