986 36.7468
625 14943 518 3342
576 14607 555 3401
587 14067 524 3324
606 14259 508 3377
668 14670 572 3229
702 15359 572 3218
704 16831 678 3204
616 14826 572 3242
589 13862 534 3296
612 15524 572 3243
696 15933 572 3222
654 16186 572 3222
736 15983 627 3210
620 14911 561 3244
581 14380 540 3343
631 15578 508 3338
638 15342 546 3255
676 15929 545 3254
649 15648 563 3233
631 14275 508 3360
624 14577 572 3247
592 14562 540 3286
668 15203 517 3327
616 14610 529 3280
663 15589 529 3270
641 14911 572 3241
694 16622 562 3231
755 17578 643 3207
653 15499 545 3260
634 16192 572 3222
812 18804 545 3246
603 14784 556 3255
640 15017 508 3336
759 18803 709 3199
635 14169 598 3229
699 16212 627 3210
651 15513 556 3237
611 14368 546 3269
750 18203 659 3205
617 14633 524 3283
803 19336 642 3207
606 14341 545 3273
708 16730 508 3331
730 17173 660 3205
678 15069 556 3237
651 14536 518 3336
715 17199 693 3201
596 14196 524 3303
691 16614 572 3218
721 17130 516 3327
689 16689 540 3253
683 16084 556 3235
633 15146 562 3240
646 16005 546 3254
698 16409 643 3209
626 14795 578 3216
674 16164 577 3217
697 16295 610 3211
688 14673 518 3325
675 17623 627 3209
686 16987 627 3209
686 16545 627 3210
565 13775 563 3266
817 19253 727 3197
606 14796 582 3243
586 14171 540 3332
599 14502 518 3357
671 15668 611 3212
698 15321 545 3254
642 16159 556 3235
709 16702 508 3331
673 16502 578 3215
683 16814 628 3209
665 15865 545 3256
629 15626 545 3263
680 16837 644 3207
615 14722 513 3358
648 16042 572 3223
727 16262 540 3253
663 15395 529 3273
609 14488 534 3291
725 15872 508 3330
706 17288 572 3217
677 16806 612 3211
605 14602 572 3246
712 16682 676 3204
720 16583 545 3247
720 17706 660 3205
688 15239 540 3264
807 19433 727 3197
601 14979 562 3267
718 16354 540 3258
632 14690 562 3247
715 17467 676 3203
669 14589 577 3234
627 15014 556 3246
641 14860 594 3213
651 14600 561 3254
712 17371 577 3215
704 16941 626 3209
618 14218 545 3267
661 14920 523 3331
634 15115 572 3229
563 13768 556 3292
720 17180 561 3231
709 16933 572 3217
749 18101 726 3198
712 16837 660 3206
716 17823 528 3281
715 16421 593 3213
636 15060 518 3341
658 14931 518 3313
674 15589 540 3260
701 17019 556 3233
703 17084 508 3328
637 15547 550 3259
725 17323 661 3205
693 16896 626 3210
659 14936 572 3224
613 14904 572 3245
641 15106 518 3316
752 16977 693 3201
806 19513 692 3201
699 15994 578 3215
640 15210 529 3274
591 13304 540 3300
623 14001 556 3266
615 14637 611 3231
786 18798 709 3200
593 14800 508 3348
676 15531 545 3256
629 13928 528 3348
720 16732 518 3311
669 15384 540 3262
711 17403 577 3216
623 14386 508 3348
620 15563 572 3232
735 16266 516 3325
703 17237 660 3206
712 16815 642 3208
629 14447 598 3245
719 16983 556 3234
604 14382 523 3372
589 14038 524 3308
632 15027 545 3261
693 16754 628 3209
716 17439 676 3203
709 16292 517 3325
714 16475 626 3209
612 14246 523 3339
639 14651 518 3333
704 17618 643 3207
724 17757 710 3199
625 14351 508 3353
690 17234 517 3326
696 16071 561 3232
643 14877 508 3334
662 14793 572 3226
703 17155 609 3211
693 16422 572 3218
719 16146 508 3330
810 19759 529 3268
695 15783 563 3232
691 16502 572 3220
601 14932 552 3273
662 15390 540 3262
630 14773 582 3235
761 18958 675 3203
605 15071 518 3339
617 14603 508 3372
645 15963 572 3226
649 15845 611 3212
698 15258 577 3217
668 15724 508 3332
780 18625 539 3261
615 16003 582 3237
651 14689 572 3231
629 15047 540 3265
734 18612 659 3205
600 13764 531 3343
618 13930 540 3288
643 14904 556 3250
697 16949 540 3248
648 14517 529 3284
660 15749 540 3264
668 15177 545 3260
626 15706 545 3266
677 16924 572 3221
680 16351 610 3212
617 15228 556 3246
594 14785 540 3274
763 16615 540 3251
696 16464 644 3207
855 21252 743 3195
641 13955 529 3288
736 16905 660 3205
679 16260 611 3211
819 19320 726 3197
787 19794 692 3201
