4798 57.3846
605 14810 539 3262
614 14758 539 3262
579 13555 539 3263
616 14528 539 3262
579 13570 529 3273
596 14369 529 3267
566 13771 524 3291
593 13826 524 3285
595 14341 529 3271
567 13601 529 3272
562 13693 529 3276
546 13448 524 3300
551 13296 516 3326
557 12921 518 3317
559 13063 508 3332
540 12808 540 3249
541 12773 540 3249
545 12864 545 3247
564 13403 515 3328
568 13106 524 3305
568 13451 524 3286
575 13252 515 3328
559 12959 518 3312
568 13292 515 3327
554 13294 524 3295
557 13118 508 3332
566 13053 508 3332
576 13192 515 3327
555 13576 508 3332
556 12887 516 3326
558 13147 508 3331
567 13115 508 3331
561 13573 515 3328
578 13103 537 3303
551 13258 524 3310
540 12687 540 3252
634 14534 524 3283
697 16032 518 3311
661 16182 660 3206
660 16274 660 3205
668 16131 660 3205
688 17056 516 3325
689 17007 524 3282
601 14938 545 3245
597 13745 529 3266
643 15640 539 3260
614 14877 539 3261
615 15277 528 3279
604 14873 546 3245
572 14150 540 3248
607 14665 546 3245
682 17366 518 3311
667 16060 529 3265
663 16110 529 3265
615 14276 545 3245
652 16176 529 3265
589 14452 540 3247
605 14698 545 3245
583 14152 545 3246
663 16154 659 3205
593 12283 593 3213
593 12024 577 3215
556 11785 556 3232
572 11737 572 3219
625 12908 625 3209
577 12064 577 3215
572 11861 572 3217
609 12592 609 3211
561 11865 561 3230
642 13343 642 3207
