16289 465.183
549 13364 524 3311
600 14282 539 3262
624 15568 609 3211
613 14546 539 3260
632 15227 628 3209
573 14243 540 3252
580 14484 572 3218
635 15200 626 3209
573 13833 528 3281
590 14912 539 3260
601 14468 528 3280
590 13858 546 3245
633 14027 624 3213
675 15725 675 3203
599 13812 598 3221
559 13276 517 3325
559 13305 540 3272
595 13897 556 3233
555 13431 540 3253
564 13152 540 3267
600 13525 556 3232
590 14376 578 3215
572 13665 572 3229
640 15716 625 3209
600 14534 524 3282
594 14573 545 3245
676 15674 676 3203
620 14343 528 3280
560 13234 540 3266
569 14117 508 3337
554 13770 508 3354
564 13637 556 3236
636 13899 572 3217
569 13587 529 3266
601 13691 572 3221
663 15192 658 3205
605 13258 539 3262
676 15532 676 3204
603 13558 529 3265
583 14078 524 3284
590 14755 517 3323
616 13424 524 3284
710 15309 710 3199
588 14490 572 3217
592 13826 516 3325
627 14460 625 3210
565 13474 556 3244
580 13190 518 3310
615 14492 508 3326
593 14289 562 3232
643 15155 518 3307
598 14547 539 3260
601 14310 518 3308
630 13847 572 3218
621 14080 572 3217
620 13586 539 3261
564 13407 524 3296
579 13690 516 3326
588 13910 546 3246
615 12934 524 3292
599 13883 545 3245
606 13426 545 3250
646 15072 646 3207
589 14354 562 3233
600 13994 561 3230
596 14416 594 3213
581 14377 524 3284
667 14324 644 3207
597 14002 572 3220
586 13811 577 3225
636 13524 572 3222
598 13894 572 3218
579 14010 572 3221
655 14296 625 3209
598 14657 508 3325
615 13035 529 3283
586 13594 572 3226
614 14857 593 3213
572 13012 572 3242
627 14394 516 3324
629 14851 609 3211
694 15314 692 3201
633 14591 610 3211
596 13694 508 3327
580 14240 556 3234
554 13278 524 3318
609 15021 593 3213
556 13592 529 3265
608 13995 539 3261
586 14478 539 3261
585 14368 556 3232
580 13450 539 3263
590 13628 524 3284
579 13770 556 3235
613 14549 508 3326
624 14341 524 3282
770 16327 743 3195
609 14905 593 3214
610 15076 610 3211
681 15211 675 3203
584 13687 529 3264
595 14369 561 3231
603 14125 539 3262
591 14445 562 3231
572 13368 518 3314
566 13584 545 3252
563 13322 508 3345
675 14101 645 3208
683 14429 609 3211
782 16170 743 3195
602 14251 539 3261
570 12665 556 3248
724 14577 659 3206
579 13935 508 3327
599 12955 572 3227
606 14053 518 3309
579 13513 540 3247
557 12927 524 3297
581 13201 540 3257
711 15931 709 3199
577 13755 540 3252
622 14201 508 3326
570 13159 508 3330
598 13686 556 3233
608 13740 572 3219
578 13113 546 3272
698 15111 675 3204
613 14922 528 3279
572 12691 540 3278
714 15563 709 3199
580 13525 508 3328
611 14038 594 3213
616 13928 539 3261
661 15570 658 3205
588 13366 563 3232
649 14813 627 3209
621 14870 611 3212
568 13967 518 3319
645 14235 593 3214
654 14492 643 3207
574 13882 556 3235
620 13726 561 3231
596 14087 572 3217
585 12979 518 3325
561 13916 524 3289
579 13278 540 3264
683 14687 676 3203
589 13683 524 3284
596 14191 562 3232
590 13403 540 3252
678 15284 676 3203
645 14431 642 3208
693 15422 693 3201
576 13444 524 3285
634 15577 626 3209
633 14801 593 3213
563 12889 540 3286
576 13144 518 3317
695 14700 692 3201
564 13828 524 3291
652 14923 625 3209
647 14520 610 3211
626 15802 626 3209
726 15522 726 3197
598 14043 556 3232
664 14674 659 3205
627 14019 572 3217
650 14082 593 3213
584 13190 556 3236
709 15888 709 3200
648 14634 528 3279
576 13119 529 3267
764 16342 743 3195
574 13163 524 3289
594 13428 529 3266
600 13770 577 3215
660 14332 660 3205
592 13514 572 3229
594 13878 517 3322
570 13528 529 3266
752 16284 743 3196
629 14146 524 3282
558 13358 540 3283
563 13339 529 3274
595 13460 572 3230
650 13960 610 3211
580 14517 545 3246
595 14060 524 3283
597 12996 540 3276
584 13390 524 3287
651 14674 642 3207
605 14265 518 3309
597 13378 545 3251
643 15078 643 3207
577 13525 508 3329
659 15179 659 3205
601 13402 546 3246
743 16363 743 3195
552 13314 524 3298
625 13579 598 3219
709 15960 709 3199
618 13867 561 3231
624 15067 516 3324
569 13559 508 3341
598 13338 572 3234
641 14971 626 3209
592 13729 572 3225
620 13586 572 3221
730 15409 709 3199
692 15629 692 3201
554 13884 540 3273
693 14860 692 3202
635 14694 609 3211
597 14007 593 3215
568 14000 508 3341
620 13679 572 3219
626 15750 626 3210
599 13481 508 3329
678 15504 675 3203
620 13892 518 3308
579 13136 545 3252
644 15485 641 3207
582 14350 524 3283
575 13922 572 3226
615 14016 539 3260
603 13596 517 3323
654 14809 641 3207
622 14122 611 3211
