5526 237.951
529 10798 529 3272
531 10992 529 3264
524 10830 524 3283
533 10985 529 3264
529 11001 529 3264
524 10836 524 3282
519 10633 518 3307
527 10798 524 3282
531 10791 524 3282
533 10819 529 3268
529 10826 529 3268
593 10990 593 3214
539 10793 517 3322
551 10777 517 3322
540 10596 529 3265
537 10779 517 3323
593 11003 593 3213
643 11329 643 3207
541 10420 529 3264
561 10684 561 3231
573 10731 572 3218
626 11151 626 3209
561 10695 561 3230
573 10742 572 3217
572 10746 572 3218
540 10496 528 3279
572 10757 572 3217
549 10316 540 3251
545 10358 545 3249
540 10335 540 3251
540 10722 508 3325
659 11561 659 3205
556 10458 556 3234
542 10318 540 3251
551 10435 539 3260
572 10613 572 3219
549 10360 529 3264
549 10390 540 3247
558 10398 556 3236
552 10426 539 3260
540 10411 540 3247
556 10412 556 3236
565 10380 556 3236
577 10960 577 3215
558 10472 556 3232
542 10392 540 3247
572 10602 572 3220
534 10329 529 3269
524 10626 524 3290
565 10454 556 3232
572 10580 572 3222
556 10486 556 3232
545 10432 545 3245
530 10639 508 3326
572 10591 572 3221
540 10487 528 3280
531 10336 529 3269
551 10337 529 3264
531 10428 524 3283
545 10643 517 3323
643 11318 643 3208
515 10720 508 3327
519 10560 518 3308
519 10570 508 3327
537 10559 518 3308
518 10692 508 3327
626 11137 626 3210
524 10546 524 3295
536 11617 516 3324
524 10706 524 3286
537 10618 518 3307
542 10363 529 3264
519 10690 508 3326
524 10669 524 3287
676 11954 676 3203
518 10744 518 3323
524 10574 524 3291
556 10349 556 3238
659 11543 659 3206
523 10733 508 3325
625 11193 625 3209
537 10622 508 3326
529 10660 508 3326
530 10459 524 3283
558 10420 556 3234
579 10940 577 3216
609 11001 609 3211
537 10728 508 3325
556 10712 517 3322
537 10611 517 3324
579 10952 577 3215
625 11171 625 3210
642 11345 642 3208
518 10789 518 3322
642 11367 642 3207
515 10774 508 3326
518 10718 508 3326
523 10623 518 3307
577 10944 577 3216
