11 0.215332
680 16331 540 3330
602 14377 552 3329
664 15095 572 3299
716 16622 540 3320
730 16756 572 3270
731 16913 545 3317
770 18896 524 3366
628 15723 572 3284
654 16375 551 3350
661 16501 568 3303
686 16129 542 3352
692 15977 601 3256
711 16127 540 3328
727 16892 572 3269
766 19090 552 3313
771 18306 556 3300
628 15169 572 3317
649 15698 556 3305
650 15694 568 3323
656 15601 556 3321
661 16662 543 3363
663 15866 546 3334
676 15633 561 3305
676 15715 598 3296
679 16803 567 3302
683 15912 551 3316
683 16012 602 3264
686 16399 540 3328
700 16285 540 3341
711 17173 572 3275
717 17703 556 3303
722 16909 562 3295
722 17596 561 3278
761 18160 534 3349
787 19488 611 3250
