1482 52.5225
578 13442 540 3302
608 13535 534 3312
630 14002 534 3304
632 14434 524 3313
586 13697 540 3291
602 13902 524 3329
568 13546 540 3298
560 13561 540 3302
636 14644 534 3291
595 14038 534 3309
622 14069 534 3304
603 13462 524 3329
563 13548 540 3315
610 14112 524 3317
569 13753 545 3290
641 13933 534 3310
620 14539 534 3304
603 13902 545 3263
557 13617 540 3318
642 15048 524 3312
629 15262 524 3309
648 15037 524 3308
565 13836 551 3299
597 13607 572 3236
757 17729 540 3260
663 14362 529 3314
720 16113 529 3291
733 16822 529 3286
660 14549 529 3304
568 14153 545 3286
587 13933 572 3236
574 13157 545 3267
596 14019 545 3263
623 14540 545 3258
629 14368 529 3305
605 13600 524 3323
625 15011 534 3285
648 14964 529 3298
655 14762 529 3299
652 14654 534 3285
617 14405 540 3273
622 15471 540 3272
632 14670 545 3255
581 13324 545 3266
714 16541 529 3292
673 14577 529 3293
644 15037 540 3269
721 16010 529 3291
737 16040 524 3300
637 15064 545 3254
572 14231 572 3242
616 14353 534 3305
587 13911 556 3246
607 15036 572 3229
642 14566 572 3231
662 15216 572 3228
628 15296 598 3228
606 13779 556 3243
640 15713 561 3240
593 13662 540 3282
621 14928 545 3258
664 15195 598 3228
655 14957 561 3241
604 14201 561 3244
592 13912 572 3233
647 15386 561 3239
590 14178 572 3232
588 14038 572 3233
581 14233 540 3277
627 14854 534 3282
593 13924 540 3280
661 16474 572 3228
733 16654 523 3331
653 15641 598 3225
609 14519 598 3231
611 14532 540 3273
592 14801 556 3242
632 15211 556 3241
565 13809 556 3247
600 13887 540 3274
672 14665 650 3229
587 13740 556 3247
592 13776 572 3241
655 14429 534 3287
556 13282 556 3253
622 14203 545 3259
645 14650 524 3309
641 15522 540 3268
648 15216 598 3228
632 14582 556 3242
705 17063 572 3226
576 13743 561 3252
622 14931 572 3229
584 13921 540 3281
580 13838 572 3241
628 15203 540 3269
573 13932 540 3287
576 13565 572 3246
742 16395 524 3297
617 15313 556 3241
636 14310 534 3295
596 13954 540 3274
602 14240 545 3260
624 14626 540 3270
706 16130 572 3227
603 14344 556 3243
602 14707 598 3229
642 13865 534 3309
620 14224 524 3316
691 15328 524 3301
670 15403 524 3301
597 14649 556 3243
599 14303 556 3245
