17 0.321433
602 14377 552 3329
679 15707 524 3340
628 14539 572 3265
643 16265 595 3228
621 14416 556 3293
630 15350 587 3258
721 17968 595 3227
600 14622 562 3291
605 14857 552 3304
608 14809 582 3259
628 15163 540 3292
633 14663 572 3258
641 15108 540 3274
658 15216 563 3259
665 14911 540 3303
667 16269 572 3240
674 14950 572 3247
704 16314 556 3251
716 17245 556 3246
717 16878 534 3286
755 19163 579 3229
612 14620 556 3270
632 14762 579 3237
632 15409 572 3246
636 15860 540 3286
651 14360 540 3320
661 15087 566 3262
688 16324 524 3334
605 15335 563 3271
608 15277 556 3273
613 14431 567 3280
617 14549 552 3315
628 15463 579 3236
644 14585 545 3297
644 15527 572 3243
647 15658 556 3267
650 16434 529 3295
651 15273 556 3253
652 15336 563 3249
674 16274 572 3231
684 15768 540 3269
692 16172 562 3246
703 15976 534 3293
721 17048 562 3245
842 19715 562 3241
