31 1.08947
649 15107 517 3398
587 13893 546 3265
562 13532 540 3302
607 14034 529 3287
601 14405 540 3271
736 16831 524 3283
784 16814 508 3329
595 15498 540 3271
610 14107 572 3257
591 14231 540 3292
599 14738 572 3232
608 14458 545 3270
635 15477 524 3285
670 14873 508 3336
620 15069 539 3265
627 13941 527 3364
629 15686 572 3225
634 15250 572 3226
636 14589 572 3230
649 15072 524 3284
657 14689 524 3284
686 16861 572 3220
599 14047 540 3273
616 15095 540 3268
686 15154 539 3263
776 17048 561 3232
791 19394 594 3215
590 14523 556 3257
599 14508 524 3316
605 14224 556 3240
605 14735 546 3258
610 14350 572 3234
630 13978 534 3285
653 15504 561 3233
659 14842 529 3266
675 15614 546 3246
682 17059 610 3213
734 18032 577 3217
742 18040 561 3232
756 17800 539 3261
611 13979 524 3307
628 15375 562 3239
629 14407 540 3260
635 14829 524 3286
639 15033 572 3221
641 14791 556 3235
643 14337 540 3265
651 15002 508 3360
658 13698 540 3271
659 14762 508 3354
680 15955 540 3248
706 15713 508 3333
710 17371 562 3231
781 17084 517 3324
588 14118 572 3238
590 14662 545 3264
614 14618 529 3282
619 14518 524 3287
623 14305 529 3268
626 14157 518 3312
633 15078 545 3247
666 14923 518 3311
693 15326 529 3265
700 16058 518 3310
702 16393 562 3232
725 17649 556 3233
729 18751 572 3219
754 16240 539 3262
581 14423 540 3295
584 14494 556 3283
607 14443 578 3230
614 14442 545 3259
626 14448 540 3249
633 15361 572 3231
638 15502 556 3239
664 15743 529 3265
674 15726 508 3332
677 16416 578 3218
690 16944 594 3216
696 16742 578 3216
700 16635 577 3218
709 16010 517 3325
709 16075 594 3220
709 16907 556 3234
749 17577 561 3232
796 16889 518 3309
