222 5.38969
577 14007 556 3282
596 13666 556 3287
559 13317 552 3319
576 13562 556 3289
618 14376 535 3310
593 13479 556 3290
735 16460 535 3300
589 13878 535 3311
670 15470 524 3315
628 14430 535 3302
680 15652 524 3313
579 13737 540 3296
590 14028 546 3286
649 15514 524 3314
598 14355 546 3282
607 14503 540 3291
616 14632 546 3274
582 14027 546 3288
647 15560 546 3271
585 13136 524 3324
604 14109 546 3283
609 14221 524 3317
613 14721 546 3273
621 14658 540 3289
628 14719 540 3288
631 14394 535 3307
684 15110 524 3314
707 16168 546 3270
577 13440 540 3310
570 13874 540 3297
588 14321 540 3293
627 14319 546 3278
577 13742 535 3314
593 13852 556 3264
583 13505 572 3258
607 14257 572 3252
622 14759 572 3248
671 15539 572 3243
692 16331 556 3256
645 14716 540 3287
710 16877 572 3241
584 13635 524 3319
670 15249 572 3247
588 13932 556 3263
622 14536 546 3276
638 15053 556 3257
603 13769 556 3275
595 14652 540 3290
687 16035 540 3282
682 15282 529 3315
602 13418 556 3315
583 14225 540 3294
591 13991 551 3294
595 13848 540 3293
623 14861 540 3284
593 13561 540 3298
606 14722 540 3285
568 13650 540 3298
584 14204 556 3279
594 14474 556 3261
598 13834 556 3263
625 14115 540 3292
690 15918 524 3312
