4 0.178538
736 17999 700 3347
731 17395 629 3351
717 18098 658 3331
761 17016 668 3346
679 17205 627 3367
707 18322 658 3327
719 16926 598 3397
736 17709 602 3374
773 19714 612 3314
668 16437 609 3405
674 16162 614 3382
682 16779 592 3424
684 16306 646 3350
704 18052 657 3343
704 18080 612 3385
715 17247 610 3378
715 17892 651 3348
732 17161 624 3380
739 17478 608 3377
740 17617 689 3341
742 18770 624 3361
747 17396 597 3348
756 18583 612 3326
767 18305 591 3371
772 19884 632 3320
776 17653 583 3427
884 21147 575 3407
