411 16.4663
563 11794 529 3268
545 12051 545 3245
538 12197 518 3308
631 12721 626 3210
540 12343 540 3251
577 12533 577 3215
540 12362 540 3247
542 11954 540 3247
547 11936 528 3317
558 12621 539 3260
625 12791 625 3209
534 12171 508 3326
536 11891 517 3322
538 12238 528 3303
660 13452 660 3205
557 11821 518 3321
659 13490 659 3205
531 12376 524 3283
536 11779 508 3326
544 11801 529 3264
574 11998 508 3325
559 12197 539 3260
562 12177 561 3230
538 12316 508 3325
593 12445 593 3213
536 11912 518 3321
676 13805 676 3203
550 11820 524 3282
539 12024 524 3294
556 11907 540 3255
567 11784 518 3307
642 12979 642 3207
531 12369 528 3279
556 12041 556 3232
572 12076 572 3219
668 13416 660 3205
693 13949 693 3201
561 12218 561 3230
613 12417 609 3211
677 13622 677 3203
710 14604 710 3199
538 11847 518 3321
567 12148 561 3230
572 12217 572 3217
657 12864 642 3208
662 12715 625 3209
665 13262 659 3206
533 12318 508 3326
540 12274 508 3325
609 12499 609 3211
538 12117 518 3312
539 11989 518 3307
541 12187 508 3325
