3676 263.475
431 10728 422 3733
433 10781 407 3760
434 10715 410 3754
431 10593 422 3751
434 10751 407 3760
446 10916 415 3734
459 11292 407 3737
472 11172 407 3737
446 10922 416 3726
432 10862 410 3743
446 10883 416 3728
442 10764 422 3719
442 10626 422 3728
433 10759 409 3755
468 10813 415 3731
433 10846 416 3735
438 10675 406 3763
467 10818 418 3711
431 10814 409 3751
431 10860 407 3749
433 10841 416 3743
433 10788 409 3750
450 11075 406 3745
433 10871 406 3754
433 10876 409 3744
449 10793 410 3738
456 10741 426 3708
442 10820 420 3726
441 10663 406 3763
443 10850 407 3740
442 10759 416 3732
454 10732 415 3732
433 10758 409 3760
442 10706 420 3729
466 10716 466 3671
443 10447 430 3701
463 10834 418 3711
448 10667 426 3709
437 10781 406 3754
498 10875 498 3661
434 10740 410 3741
453 10824 426 3708
456 10659 406 3752
466 10544 416 3725
448 10579 411 3746
434 10809 416 3733
460 10832 415 3731
464 10974 407 3739
430 10764 422 3731
433 10784 409 3752
454 10609 426 3709
430 10600 422 3739
496 11692 402 3756
481 11304 402 3760
432 10632 422 3722
454 10791 427 3707
441 10655 406 3765
456 10617 415 3732
461 10502 450 3680
442 10659 406 3763
453 10865 406 3745
433 10662 409 3762
443 10200 422 3721
448 10831 415 3734
448 11043 410 3737
439 10740 416 3734
454 10608 448 3690
535 11987 530 3625
443 10201 434 3703
461 10517 450 3679
450 10653 426 3709
459 10496 450 3683
444 10686 406 3754
445 10842 410 3738
452 10623 448 3690
430 10750 420 3738
439 10706 406 3752
460 10482 450 3683
481 10956 407 3739
496 11629 403 3755
459 10500 450 3682
463 10823 413 3736
466 10902 413 3735
431 10784 420 3730
448 10523 427 3708
442 10864 409 3740
457 10993 410 3737
535 11991 530 3624
459 11080 406 3742
442 10709 407 3745
482 11305 404 3747
432 10640 420 3748
466 10554 466 3673
443 10289 439 3694
443 10297 418 3714
432 10673 420 3737
466 10441 466 3682
443 10323 430 3703
432 10516 422 3737
514 11416 514 3639
464 10797 407 3743
515 11648 502 3639
452 10527 450 3685
431 10725 420 3741
443 10170 422 3729
450 10343 450 3686
432 10497 422 3739
443 10285 418 3716
463 10602 457 3678
432 10580 422 3729
457 10517 450 3683
443 10165 422 3730
445 10729 409 3742
442 10651 420 3738
431 10716 406 3765
435 10648 407 3747
466 10807 413 3736
442 10692 406 3752
482 11063 482 3660
466 10805 416 3723
482 10883 482 3661
482 11074 482 3658
482 10732 482 3666
461 10483 450 3681
445 10952 416 3730
444 10759 406 3750
443 10182 422 3728
437 10618 407 3763
445 10793 409 3740
438 10826 416 3732
443 10315 426 3710
435 10579 411 3757
439 10674 422 3720
443 10158 434 3716
443 10180 434 3704
443 10192 426 3716
479 11124 403 3759
433 10654 407 3763
436 10592 409 3761
486 11061 482 3658
459 11097 406 3740
460 10808 416 3723
507 11322 498 3645
473 11051 402 3761
456 10742 413 3738
493 11113 484 3653
498 11167 498 3646
454 10572 416 3725
459 10176 423 3723
443 10231 430 3710
466 10444 466 3680
468 10576 415 3732
475 10795 475 3670
440 10842 416 3731
475 10872 466 3665
486 10901 482 3660
438 10692 410 3743
463 11046 409 3739
490 10927 482 3659
440 10837 410 3739
443 10245 430 3707
444 10418 430 3701
439 10821 416 3732
498 11112 498 3652
535 12050 522 3629
443 10235 430 3708
449 10674 416 3726
546 12222 546 3618
430 10589 420 3754
461 10630 448 3684
432 10758 420 3728
474 10795 407 3743
458 10730 413 3738
514 11279 514 3640
537 11964 530 3624
431 10665 422 3735
444 10268 422 3719
456 10647 416 3724
453 10803 427 3707
448 10547 411 3759
457 10430 448 3685
466 10672 466 3672
518 11587 502 3643
482 10766 482 3665
446 10625 407 3752
482 10839 482 3662
496 11600 402 3757
552 12275 535 3622
500 10897 482 3660
473 11192 405 3760
441 10747 407 3745
481 11272 404 3749
457 10529 450 3679
491 11307 484 3652
448 10523 430 3700
443 10199 427 3715
451 10538 416 3726
448 10823 410 3738
434 10661 420 3745
443 10168 426 3719
453 10341 450 3687
459 10340 450 3686
473 11011 402 3768
457 10618 450 3678
535 11944 522 3630
515 11772 514 3632
530 11626 530 3631
433 10689 406 3765
435 10813 406 3754
493 11085 484 3656
498 11136 498 3647
437 10743 416 3733
550 12023 546 3618
518 11588 514 3637
459 10571 426 3709
496 11378 496 3651
432 10476 422 3748
443 10169 434 3705
467 10629 466 3672
475 10982 475 3664
530 11452 530 3635
459 10526 450 3679
517 11120 514 3648
443 10293 439 3692
493 11101 484 3654
518 11648 514 3633
519 11582 514 3637
443 10299 426 3711
450 10290 450 3689
454 11056 409 3739
454 10498 450 3685
498 11496 498 3645
445 10360 430 3701
443 10292 426 3712
443 10231 434 3697
442 10766 406 3750
437 10565 411 3757
503 11360 498 3645
432 10713 420 3735
450 10235 430 3707
430 10669 420 3745
446 10585 407 3763
549 12025 546 3618
482 10639 482 3667
546 12072 546 3619
451 10578 418 3712
466 10421 466 3685
469 10533 415 3734
435 10622 407 3758
546 11691 546 3625
498 10941 498 3655
530 11801 530 3626
449 10293 426 3711
500 11428 493 3651
473 11199 405 3758
578 12242 578 3610
498 10910 498 3656
498 10993 498 3653
443 10202 422 3720
507 12266 404 3745
441 10802 406 3750
562 11986 562 3614
432 10519 420 3756
436 10749 409 3742
493 11122 484 3652
473 10881 402 3779
487 11053 482 3658
433 10591 411 3757
443 10170 426 3717
452 10168 434 3705
437 10732 420 3730
562 12259 562 3611
434 10646 409 3762
448 10399 434 3694
553 11636 530 3629
483 10982 482 3659
538 11962 530 3624
514 11251 514 3641
558 12360 546 3616
438 10585 409 3748
517 11115 514 3649
489 11701 410 3736
530 11630 514 3633
435 10742 410 3740
443 10241 434 3695
519 11635 514 3633
468 10548 466 3673
490 11913 405 3744
530 11671 530 3627
562 12175 562 3612
578 12234 578 3611
435 10613 409 3761
444 10713 410 3740
450 10548 415 3733
448 10547 448 3691
457 10634 448 3684
469 10762 415 3731
473 10954 402 3772
501 11354 496 3651
433 10621 420 3749
551 12353 535 3622
546 11723 546 3621
562 12144 562 3613
464 10217 430 3712
515 11655 514 3633
435 10630 409 3753
461 10662 457 3677
549 12154 546 3617
546 11857 546 3620
578 12251 578 3609
443 10329 418 3713
546 11684 546 3626
443 10277 427 3709
545 11618 530 3631
452 10467 439 3691
450 10672 416 3726
461 10450 450 3683
498 10956 498 3654
515 11605 514 3637
578 12424 578 3606
449 10495 448 3691
515 11588 502 3643
562 11927 562 3615
593 12222 578 3610
481 11320 404 3747
535 12075 530 3623
578 12372 578 3607
530 11456 530 3634
503 11283 493 3651
516 11124 514 3650
440 10756 407 3746
