4 0.149533
811 20368 716 4486
850 21732 604 4515
861 21300 700 4389
904 21086 778 4421
942 23060 852 4343
814 20972 814 4432
816 21045 649 4551
837 21736 622 4438
843 21297 709 4467
847 22001 721 4425
849 20727 677 4466
882 21196 821 4398
923 22620 604 4502
932 21644 657 4492
944 24469 679 4383
846 21662 743 4440
881 21394 667 4399
856 19712 708 4429
886 20889 811 4354
1101 27145 755 4355
1105 27968 877 4327
782 19729 664 4494
881 22820 773 4349
913 24089 601 4491
1013 24247 844 4331
1297 30772 738 4312
