46795 900.016
586 14410 438 3950
586 14467 438 3949
510 12841 449 3910
517 13414 449 3906
508 12809 450 3898
507 12595 450 3907
512 12898 448 3927
503 12644 450 3919
516 12972 450 3881
503 12899 450 3906
506 12885 450 3907
516 13173 450 3872
683 16593 436 3811
587 15074 440 3786
642 16634 438 3766
669 16485 432 3824
688 16789 428 3795
721 17085 434 3779
636 15690 440 3779
610 15785 438 3841
721 18564 442 3723
720 17482 436 3773
771 19176 436 3756
711 18110 538 3611
696 17848 516 3623
698 17067 436 3791
662 17423 438 3743
758 19378 442 3722
664 16793 438 3751
667 16371 437 3761
707 17530 430 3759
685 16875 442 3727
741 18360 449 3692
664 16158 504 3628
574 14164 465 3664
546 13414 468 3665
524 12972 458 3670
511 12984 458 3669
552 13747 468 3664
551 13685 458 3665
568 13662 465 3666
532 13230 468 3666
535 13249 458 3667
488 11970 473 3661
561 13587 456 3680
531 12754 454 3687
530 12800 458 3680
518 12696 458 3682
538 12611 444 3703
529 12968 454 3682
540 12935 442 3728
518 12512 458 3686
518 12582 444 3718
518 12706 460 3677
524 12808 458 3676
520 12655 444 3703
521 12819 458 3675
518 12706 444 3704
518 12849 458 3676
520 12769 454 3684
525 12885 470 3670
529 12891 458 3671
534 12722 458 3676
518 12814 454 3684
528 12952 470 3669
529 12666 460 3683
529 12712 460 3673
539 12896 444 3696
576 13901 472 3651
531 12786 458 3673
533 12798 470 3670
518 12552 447 3697
518 12566 447 3693
540 13260 470 3662
518 12645 444 3707
540 13530 486 3643
574 14289 472 3651
563 14192 472 3652
511 12403 472 3659
535 13174 490 3630
524 13165 502 3630
525 12983 506 3624
539 12969 506 3624
541 13039 490 3630
532 13176 490 3630
505 12205 490 3637
504 12204 496 3636
505 12250 491 3634
510 12488 472 3659
501 12555 472 3658
508 12602 472 3657
505 12477 474 3648
501 12632 472 3654
502 12612 472 3654
536 13276 472 3653
506 12446 474 3648
506 12564 474 3647
500 12521 473 3659
501 12422 473 3659
505 12322 491 3633
504 12330 490 3636
504 12342 491 3633
504 12522 490 3635
504 12436 491 3632
488 11924 478 3647
488 11762 472 3665
488 11843 474 3652
488 11876 480 3649
488 11805 472 3664
488 11817 474 3653
488 11910 478 3648
505 12377 491 3632
560 13658 554 3607
570 13949 570 3602
549 13301 538 3612
538 13278 538 3613
550 13376 530 3617
558 13373 530 3617
549 13481 530 3617
563 13629 554 3607
554 13431 554 3609
554 13534 554 3608
506 12132 491 3632
507 12130 506 3630
506 12008 498 3636
538 12835 538 3615
539 12864 538 3613
506 12210 506 3626
508 12121 506 3631
524 12567 522 3618
538 12882 538 3614
539 12812 538 3614
524 12450 509 3624
495 12031 491 3638
502 11773 480 3655
502 11841 490 3643
490 11807 490 3646
488 11684 472 3682
488 11688 472 3681
488 11695 472 3679
488 11670 478 3669
488 11695 478 3667
506 11943 490 3638
488 11716 472 3678
488 11699 478 3666
506 11954 490 3637
490 11750 490 3657
489 11728 478 3658
506 12047 490 3635
510 12073 491 3632
522 12417 522 3619
522 12359 522 3624
522 12371 522 3620
522 12365 522 3623
506 12063 506 3634
506 12077 506 3632
509 12174 509 3625
509 12090 509 3631
510 12177 506 3626
506 12160 506 3628
497 12004 467 3688
495 12121 491 3637
506 12150 491 3631
507 12357 506 3625
505 12071 490 3638
499 11788 478 3652
504 11976 491 3637
499 11689 478 3657
499 11983 491 3637
496 12018 491 3637
517 12313 506 3625
506 12290 490 3632
491 12161 490 3638
500 12438 481 3646
506 12443 484 3644
495 12305 470 3671
484 11918 478 3658
482 12091 478 3660
505 12065 484 3645
488 11793 474 3655
488 11722 472 3667
488 11834 472 3662
500 11886 478 3647
505 11885 478 3647
489 11908 478 3647
488 11852 474 3650
488 11777 478 3661
499 12087 484 3645
494 12040 491 3638
490 11889 490 3639
490 11860 490 3644
506 12071 490 3633
490 11863 490 3642
488 11834 478 3651
485 12189 462 3675
495 12362 466 3674
478 12048 462 3680
479 12227 454 3703
495 12451 454 3695
483 12165 473 3671
486 12281 474 3668
479 12032 459 3692
478 12038 459 3692
478 11943 454 3704
488 12189 454 3697
493 12111 454 3697
486 12026 466 3691
478 11896 459 3693
479 11919 454 3704
483 12076 454 3703
486 11999 454 3698
480 11965 459 3692
485 12193 454 3696
489 12123 454 3697
499 12378 454 3695
508 12587 467 3672
500 12326 467 3673
515 12779 452 3714
505 12595 467 3672
508 12674 462 3674
514 12850 460 3685
527 12676 454 3690
505 12653 466 3672
516 12912 512 3624
509 12609 466 3671
517 12916 454 3694
515 12958 454 3694
500 12608 455 3689
493 12130 491 3638
490 11853 490 3645
488 11738 478 3662
