38 1.72119
807 20276 747 4383
756 20120 587 4415
843 20441 757 4350
864 20125 639 4375
884 20442 731 4338
791 19612 577 4488
868 21711 564 4418
776 19777 601 4411
757 18847 586 4511
760 19174 613 4483
765 20007 604 4462
805 20679 572 4424
833 21588 580 4408
841 21017 585 4404
1069 26349 614 4346
737 20199 594 4423
807 21637 583 4408
823 19515 765 4362
833 21088 764 4324
725 19331 628 4437
784 19813 714 4399
811 21164 550 4450
897 22354 691 4349
754 19824 647 4401
763 20144 686 4400
777 18994 613 4414
811 20655 575 4430
834 21359 619 4366
837 21047 585 4389
841 20637 578 4416
849 21359 574 4383
911 23586 560 4403
818 20798 642 4355
786 20301 590 4371
798 19189 612 4448
768 19566 623 4451
795 19614 599 4384
822 19605 612 4423
739 18481 626 4425
776 19133 580 4462
829 20640 580 4445
841 20784 560 4458
946 24084 571 4372
