13 0.580616
822 21653 761 4372
766 20091 659 4455
773 19539 640 4484
921 23120 689 4386
990 23905 683 4354
808 20015 773 4399
811 20602 717 4380
824 19343 676 4491
853 21035 791 4358
868 22379 588 4577
750 19269 727 4419
793 19748 658 4467
827 21058 660 4418
980 22860 699 4385
735 18456 665 4525
771 19701 697 4509
801 19352 648 4519
801 20237 654 4437
848 19933 612 4469
773 19617 669 4457
778 20062 717 4439
788 20133 648 4458
823 20071 628 4471
847 19943 634 4484
772 19130 632 4658
800 20035 667 4408
822 20528 599 4419
824 19499 675 4442
840 20850 695 4400
818 20516 608 4430
886 22129 653 4390
768 18806 638 4543
803 19332 600 4561
808 19213 701 4473
842 20809 748 4364
866 21328 706 4341
