44 1.59301
846 20376 790 4263
760 18585 598 4560
798 19059 728 4287
739 19361 682 4371
749 19023 577 4443
784 19934 701 4331
704 18295 678 4475
838 21059 823 4251
760 18691 605 4389
777 18900 646 4350
727 18918 654 4451
767 18761 712 4334
816 20234 565 4534
770 20511 713 4328
782 18900 582 4444
787 18703 721 4335
803 18774 681 4357
735 19515 648 4428
826 20942 566 4432
968 23541 796 4246
730 18810 644 4549
792 18622 706 4331
763 18960 621 4336
749 18581 696 4368
811 18834 672 4349
843 20793 675 4270
825 19925 651 4286
784 20536 574 4431
827 18927 637 4367
738 18158 633 4382
763 18543 704 4343
928 22057 601 4428
783 19629 640 4335
722 17877 681 4465
759 19199 638 4360
790 19047 665 4306
805 19485 607 4348
758 19802 715 4366
792 18689 695 4363
808 19475 638 4327
