10820 348.626
795 17060 752 5278
863 19363 752 5224
864 18475 752 5218
856 20046 752 5220
773 17153 752 5228
827 19082 752 5225
796 18029 752 5227
779 17065 752 5236
822 16776 752 5253
1054 25086 1054 5163
798 17081 732 5297
814 15223 757 5201
799 16941 732 5300
776 15422 757 5198
794 15304 757 5201
757 14101 757 5204
925 17767 732 5264
886 17458 732 5281
965 18934 732 5253
803 17204 732 5295
818 15578 783 5197
865 18267 732 5276
921 18435 732 5268
1052 26045 1040 5120
1065 25657 1065 5117
1101 26927 1025 5144
1047 24647 904 5177
892 18246 732 5269
1001 23688 937 5176
1104 28216 1002 5150
928 18489 732 5259
1079 25821 1065 5113
1075 27875 976 5165
1063 25901 1040 5116
1065 25290 1065 5120
1069 25741 1027 5122
1054 25637 1040 5121
1077 25706 1065 5114
1042 25164 1027 5134
1042 25559 1027 5123
1066 25309 1052 5119
1077 25579 1065 5115
1066 25184 1052 5120
1041 25682 1027 5124
1064 25363 1052 5120
1079 25180 1065 5114
1077 25200 1065 5116
1106 25300 1052 5119
1077 24892 1077 5118
1061 25958 1002 5165
1064 24728 1052 5122
772 14471 770 5200
855 18709 732 5279
804 17421 732 5284
951 22392 949 5194
802 17455 732 5290
807 17173 732 5294
772 14515 770 5198
802 15207 757 5202
1090 25039 1090 5117
1090 25330 1090 5112
989 23816 884 5185
960 23087 942 5181
804 17336 732 5289
979 24009 924 5178
760 14023 757 5206
982 23884 891 5192
949 22617 904 5185
1097 26449 975 5167
1091 25314 1090 5112
1115 25886 1115 5110
759 14057 757 5204
976 23379 942 5172
960 23489 879 5193
759 13906 757 5210
757 13948 757 5210
