2864 220.213
694 17090 694 5087
694 17375 694 5086
695 17020 694 5087
920 19003 911 5022
911 19178 911 5022
886 18799 886 5024
698 16341 694 5084
707 15993 707 5078
746 15328 746 5060
733 15240 733 5068
733 15289 733 5066
746 15313 746 5061
759 15452 759 5054
797 15697 797 5046
748 15300 746 5062
734 15234 733 5066
772 15647 772 5048
713 15200 707 5078
720 15201 720 5074
785 15918 785 5042
784 15501 784 5052
798 16183 798 5036
720 15237 720 5072
810 15931 810 5040
811 16503 811 5030
836 16479 836 5028
823 16190 823 5034
848 16392 848 5032
861 16679 861 5026
