4823 85.8415
784 18203 784 5066
809 18413 809 5064
801 19077 797 5060
824 20197 810 5042
864 22789 798 5039
894 23056 823 5035
873 23903 823 5035
875 23247 823 5035
915 24322 798 5037
890 22366 823 5038
763 18917 759 5062
814 19040 746 5067
771 19736 759 5060
883 22629 823 5039
882 23124 798 5038
923 23847 798 5037
864 22345 798 5041
791 20327 785 5046
816 19419 759 5059
810 19463 746 5061
772 19872 772 5049
767 20199 759 5056
773 20053 759 5055
766 20054 759 5060
768 20271 759 5055
775 19647 772 5054
785 20507 785 5043
820 19434 746 5061
822 18869 759 5057
775 19531 759 5055
851 19569 797 5049
749 19476 746 5061
746 19187 746 5066
746 19413 746 5062
723 18602 720 5073
746 19088 746 5067
761 19126 746 5062
752 18612 707 5079
759 19184 694 5085
745 18774 707 5079
762 19114 694 5085
741 19187 733 5067
759 19350 746 5063
746 19225 746 5064
757 19383 694 5085
754 19699 694 5085
718 19124 707 5079
732 18879 707 5079
771 19093 746 5064
733 17471 733 5068
720 17308 720 5074
707 17062 707 5083
733 17419 733 5070
707 16872 707 5089
707 16814 707 5091
707 17224 707 5080
694 16925 694 5089
694 16827 694 5095
720 17191 720 5077
733 17414 733 5071
694 16796 694 5097
694 17191 694 5088
707 17174 707 5082
720 17270 720 5076
696 17128 694 5086
694 17315 694 5087
694 17344 694 5086
696 17117 694 5088
722 17180 707 5080
707 16953 707 5085
694 16832 694 5091
733 17294 733 5073
720 17041 720 5079
