75 3.58821
776 20371 694 5109
778 20153 720 5094
807 20637 694 5099
800 20417 772 5054
819 20753 694 5089
831 21454 707 5080
894 21572 798 5041
770 20895 707 5102
800 21182 759 5066
777 20366 707 5087
806 20302 772 5052
709 19142 694 5132
799 19766 759 5069
869 22360 759 5055
746 19055 733 5100
798 20303 759 5069
857 22119 798 5038
845 20917 707 5082
780 20919 746 5072
808 20229 707 5100
869 21074 733 5067
887 21638 772 5049
773 20304 733 5092
791 20815 733 5068
846 22580 759 5055
877 21557 811 5032
761 20337 694 5122
800 20970 694 5092
873 22032 759 5055
971 23440 811 5030
782 20131 740 5093
804 20438 746 5061
867 21792 798 5041
699 18294 694 5153
743 19281 707 5107
764 20348 720 5106
800 20405 694 5104
826 20616 733 5071
826 21556 707 5079
843 20224 785 5050
858 21950 811 5034
858 22107 785 5042
872 21702 798 5039
774 20145 707 5105
781 20369 707 5085
806 20386 785 5046
829 19835 746 5061
838 22331 785 5042
861 22131 772 5048
867 22707 811 5031
887 21777 798 5037
722 18505 694 5123
768 19956 694 5120
788 20145 720 5073
806 21584 759 5057
812 20726 733 5072
816 21834 694 5085
825 20947 694 5087
835 21691 772 5049
838 21433 707 5084
841 21588 694 5085
843 21656 733 5067
887 22445 694 5084
899 23481 811 5030
702 18646 694 5145
805 20851 694 5097
834 22521 720 5072
904 22479 746 5060
953 24284 707 5078
763 20570 707 5104
778 19791 694 5114
813 21181 759 5056
818 20612 772 5051
832 21083 772 5050
841 22045 785 5044
841 22212 785 5042
866 21606 785 5044
877 21872 785 5043
897 23034 798 5036
908 23366 759 5054
