819 30.5414
709 16014 707 5080
694 16776 694 5084
709 16498 707 5078
708 15809 707 5082
746 16373 746 5061
709 15983 694 5086
823 17606 823 5034
707 15937 707 5081
797 16965 797 5048
720 16210 720 5073
707 15796 694 5088
694 15990 694 5086
714 16474 707 5078
873 18511 873 5031
724 16170 720 5073
724 16007 720 5074
724 16419 694 5084
751 16664 746 5060
733 16103 733 5068
733 15964 733 5070
696 15744 694 5090
707 16520 707 5078
848 17845 848 5033
699 16084 694 5085
785 17379 785 5042
724 16453 707 5078
707 15742 707 5090
759 16785 759 5054
720 15832 720 5078
720 16026 720 5074
720 16513 720 5072
696 15736 694 5092
734 15931 733 5070
694 15912 694 5087
707 16148 707 5079
733 16233 733 5067
720 15744 720 5082
798 17582 798 5036
707 15818 707 5082
733 16553 733 5066
709 16116 707 5079
724 16485 720 5072
797 17166 797 5046
694 15837 694 5088
707 15766 707 5084
759 16579 759 5055
774 17060 772 5048
873 18543 873 5030
715 16462 707 5078
798 17461 798 5037
810 17187 810 5041
724 16080 707 5079
746 16701 746 5060
772 17062 772 5048
810 17373 810 5040
734 15849 720 5076
714 16426 694 5084
784 16740 784 5053
697 15730 694 5092
720 15865 720 5076
724 15990 707 5080
759 16373 759 5058
759 16457 759 5056
823 17427 823 5035
751 16220 746 5062
771 16317 771 5060
772 16747 772 5052
772 16804 772 5050
694 15631 694 5096
746 16237 746 5062
694 15802 694 5090
784 16603 784 5054
797 17009 797 5047
704 16478 694 5084
707 16021 707 5080
751 16309 746 5061
785 17206 785 5043
848 17905 848 5032
898 19265 898 5028
694 16108 694 5085
699 15715 694 5092
709 16079 694 5085
709 16451 694 5084
746 16092 746 5064
772 16860 772 5049
