213 17.0593
694 17007 694 5086
720 16856 720 5075
720 17083 720 5074
733 16970 733 5069
694 16692 694 5087
733 17203 733 5068
772 17745 772 5050
696 16938 694 5086
723 17072 720 5074
746 17370 746 5062
811 18936 811 5038
707 16985 707 5080
746 17123 746 5063
759 17496 759 5056
836 19021 836 5036
707 16697 707 5081
894 19762 836 5035
759 17308 759 5057
802 19355 798 5040
880 21867 836 5028
746 17822 746 5060
772 17644 772 5051
856 20019 811 5030
772 18039 772 5048
730 17429 707 5078
735 18419 694 5085
767 19611 694 5084
804 18857 694 5084
720 17337 720 5072
842 20196 811 5030
720 17259 720 5073
733 17535 733 5066
834 19431 798 5036
881 20704 836 5029
785 18108 785 5045
785 18644 785 5042
811 19476 798 5038
759 18053 759 5054
799 19601 798 5038
802 18505 785 5044
812 19516 798 5036
815 19182 798 5039
818 19082 798 5038
841 20320 811 5030
843 19792 836 5032
886 21358 836 5028
