11784 483.598
818 21582 778 5174
1016 25750 758 5165
775 19703 694 5216
715 17400 694 5232
818 21755 694 5215
712 16966 694 5258
694 17104 694 5244
704 17391 694 5239
852 20627 694 5215
695 16989 694 5257
696 17155 694 5240
700 17052 694 5245
694 16968 694 5262
707 17117 694 5235
696 16813 694 5269
720 16833 694 5231
704 17441 694 5217
838 20911 745 5173
712 16234 707 5191
720 16267 720 5190
828 21447 804 5145
836 21631 804 5132
818 20935 816 5141
831 20964 829 5133
831 21011 829 5130
883 22746 778 5150
853 22266 778 5155
863 20960 732 5173
850 21389 804 5142
874 21264 732 5170
871 21301 745 5166
855 22048 765 5151
725 14428 707 5181
845 20778 745 5174
965 24202 778 5149
707 14230 707 5209
853 20664 745 5169
869 21871 791 5138
851 21466 752 5167
843 20975 758 5169
866 21632 791 5151
829 20990 829 5134
905 23572 765 5150
930 21394 707 5175
724 14150 707 5203
726 14327 707 5187
724 14154 707 5202
722 14559 707 5187
820 20875 816 5136
829 21054 829 5133
737 14361 720 5186
715 14206 707 5197
758 15193 720 5175
831 21268 765 5156
715 14241 707 5192
832 20809 829 5135
724 14195 707 5194
764 15065 720 5176
805 16085 707 5177
724 14155 707 5197
724 14377 707 5187
835 21396 804 5133
724 14205 707 5192
723 14529 707 5187
708 14243 707 5192
814 20632 791 5152
860 21387 804 5132
827 21596 765 5164
858 21131 778 5157
707 14255 707 5192
750 15024 733 5180
