1850 97.5315
797 16640 797 5047
746 16386 746 5060
733 16151 733 5066
885 18945 885 5034
759 16487 759 5054
746 16180 746 5061
774 16647 772 5048
810 16887 810 5041
733 15755 733 5069
694 15332 694 5091
720 15615 720 5073
694 15422 694 5085
707 15486 707 5079
772 16678 772 5048
707 15445 707 5081
772 16455 772 5049
697 15402 694 5085
860 18302 860 5036
835 17502 835 5038
785 16665 785 5043
835 17464 835 5039
720 15982 720 5072
695 15698 694 5084
733 15772 733 5067
720 15573 720 5075
694 15304 694 5093
707 15772 707 5078
759 16200 759 5058
785 16817 785 5042
694 15705 694 5084
764 16453 759 5054
694 15385 694 5087
759 16292 759 5055
772 16393 772 5052
810 16984 810 5040
