2 0.136968
1048 27807 1007 5366
1057 27783 1038 5318
1058 26413 1040 5357
1087 25912 1041 5366
1122 28261 1023 5322
1180 26915 1030 5360
1011 26470 1000 5417
1081 27937 1045 5302
1085 26822 1081 5346
1095 27569 927 5354
1101 27987 1028 5339
1123 28737 1021 5347
1143 29646 1065 5292
1238 28531 1098 5295
1004 27169 877 5433
1011 26492 924 5368
1022 25879 992 5371
1033 25256 1000 5375
1053 25335 943 5427
1053 27723 990 5348
1078 26253 986 5387
1114 28817 945 5296
1116 28459 1033 5332
1180 27573 1110 5269
