2327 21.4112
653 16487 487 5298
667 16417 541 5169
714 17854 431 5160
713 17772 466 5073
802 20129 476 5040
716 19487 420 5131
775 20196 459 5059
696 18472 448 5175
709 18128 427 5078
741 20648 474 5047
801 21715 442 5064
750 19562 472 5051
781 20310 480 5022
709 18185 469 5058
736 19628 422 5107
715 18343 452 5065
715 17825 456 5162
762 18655 495 4979
672 18150 438 5186
713 19264 432 5076
649 17363 458 5119
708 17574 460 5088
641 16942 461 5079
820 20864 448 5071
723 18884 468 5063
667 16806 494 4986
