311 24.2648
849 20753 530 4322
839 21358 527 4325
818 19435 568 4308
780 19143 586 4309
640 16787 351 4618
559 14171 360 4671
494 12823 394 4562
832 20302 557 4312
805 21112 520 4331
587 15019 355 4653
506 13114 375 4569
773 19799 486 4357
816 20630 531 4321
659 15271 352 4586
676 17329 568 4318
766 19162 511 4337
731 18900 468 4372
762 19504 493 4353
539 14593 363 4599
557 14300 357 4571
616 16116 352 4615
605 15848 374 4514
636 16367 365 4523
751 17765 459 4383
734 18422 449 4392
530 13454 375 4546
596 15591 551 4331
746 19081 495 4347
704 17184 505 4344
771 18636 527 4326
706 18668 451 4385
659 17081 499 4347
690 17462 540 4321
554 14954 356 4591
776 19617 515 4335
515 13209 377 4537
778 19014 515 4335
726 17782 443 4396
714 18052 518 4334
669 16868 490 4357
511 13299 455 4441
716 18962 496 4348
530 14021 375 4545
693 17809 403 4445
580 14945 385 4500
738 18264 568 4310
817 19579 555 4313
692 17497 413 4439
594 15039 407 4447
637 16603 474 4367
686 17658 542 4324
570 14839 410 4457
706 18273 545 4318
700 17359 556 4315
656 16229 352 4597
540 13844 479 4387
528 13292 377 4533
741 18205 544 4320
514 13716 364 4563
710 18182 513 4338
577 15081 487 4361
515 13196 447 4449
688 17644 432 4410
680 17891 461 4380
684 16983 424 4421
664 16119 481 4363
682 16856 455 4385
523 13334 431 4480
703 16445 521 4332
710 18362 436 4406
650 16358 555 4322
638 16633 537 4326
589 15601 525 4351
707 16859 533 4323
673 17243 426 4422
723 18298 544 4318
719 17193 544 4321
518 13431 438 4437
772 19468 473 4368
576 14998 381 4495
624 16590 537 4328
513 13376 429 4441
623 16748 545 4333
645 15315 415 4433
516 13245 443 4454
689 17920 568 4312
607 16020 493 4354
721 16383 556 4314
706 18132 471 4369
714 17966 425 4416
699 18110 398 4471
535 13387 463 4424
695 18004 531 4322
624 16119 529 4332
698 17698 422 4427
633 15520 433 4408
547 13485 406 4498
724 18404 495 4349
584 14831 378 4513
521 13242 417 4509
676 17111 497 4348
612 15817 490 4359
652 16042 515 4343
537 13886 381 4530
708 19048 530 4326
687 17573 515 4336
520 13674 406 4501
647 17138 412 4440
551 13530 457 4425
712 17603 387 4486
569 14626 411 4451
707 18219 543 4319
660 17052 527 4327
710 17345 479 4362
514 13819 417 4464
542 14827 375 4536
709 17892 431 4409
636 16064 379 4488
593 14229 400 4485
588 15554 495 4356
554 14059 510 4353
650 16602 532 4326
631 16147 469 4376
616 14678 385 4502
522 13398 397 4521
694 17708 507 4343
539 14171 389 4528
697 17153 556 4319
635 15071 465 4375
544 13412 427 4459
551 14562 386 4510
553 13448 406 4493
632 16372 523 4335
550 13393 397 4526
699 17410 496 4349
556 14588 481 4385
681 16883 377 4495
535 13633 439 4435
525 13434 414 4476
684 16395 439 4404
635 16776 401 4456
633 15759 391 4475
587 15283 535 4339
584 15633 460 4390
588 14848 446 4400
741 18167 555 4314
565 14475 396 4486
535 13723 415 4452
526 13762 390 4517
637 16296 527 4334
543 14417 376 4522
711 16860 470 4373
522 13565 412 4490
712 17722 555 4320
634 15673 402 4446
591 14701 398 4473
616 15836 509 4345
626 15568 419 4429
561 14073 445 4420
541 13958 448 4421
553 14175 363 4531
592 16214 467 4377
526 13819 401 4468
668 17867 459 4383
644 16199 393 4474
549 13801 471 4411
603 14380 429 4425
666 15400 443 4400
606 16037 375 4511
652 16104 453 4386
581 13700 390 4488
655 17269 544 4324
613 15006 379 4496
565 13970 462 4401
550 13998 467 4405
602 15793 521 4337
625 16567 460 4383
715 17874 417 4426
682 16431 483 4361
673 17288 423 4418
662 16398 527 4330
538 13791 483 4409
514 13555 419 4462
621 15178 523 4342
583 14394 396 4482
617 16067 535 4336
739 18644 527 4326
524 13997 400 4511
533 13769 455 4422
633 16679 465 4374
552 14490 474 4402
597 15464 376 4509
702 16891 443 4397
573 15045 417 4436
641 14906 422 4429
544 14138 469 4406
548 14048 421 4451
635 15722 399 4469
613 15722 418 4435
564 14599 473 4373
562 14734 405 4464
654 16522 426 4423
609 14971 495 4366
516 13359 455 4433
548 14115 390 4506
529 14365 388 4517
674 17348 472 4369
642 16261 460 4383
667 17243 521 4331
699 17976 437 4403
575 14742 459 4391
529 13700 393 4511
537 13978 413 4463
617 15661 405 4451
523 13541 407 4499
641 16340 450 4393
593 15662 521 4342
567 14455 496 4370
608 15443 521 4341
715 17576 448 4393
614 16208 433 4414
532 13712 426 4453
648 16274 397 4472
649 16939 495 4352
537 13595 403 4472
527 13851 450 4416
524 13699 364 4546
573 14461 435 4421
616 14769 391 4478
595 14359 435 4424
566 14730 497 4363
540 14017 454 4408
626 16481 440 4402
675 17752 471 4371
643 14877 417 4431
545 13588 402 4509
658 17269 521 4330
658 16257 519 4333
603 15891 519 4349
649 16330 389 4474
541 13927 423 4451
626 17293 455 4385
525 14106 391 4504
696 17773 555 4319
538 13713 418 4459
635 16701 462 4379
556 14374 464 4402
715 17584 511 4338
583 14991 427 4425
635 15423 388 4482
561 13434 415 4471
559 14657 443 4411
612 15378 486 4365
553 14527 418 4439
554 14247 399 4470
661 16108 451 4394
557 13600 418 4438
550 14435 415 4443
618 16198 508 4344
646 16421 506 4344
628 16188 484 4362
589 14812 479 4372
575 14734 457 4394
531 14085 417 4455
604 15246 388 4492
596 14952 375 4518
612 15209 453 4391
638 15608 484 4359
596 14294 398 4480
538 14345 400 4484
603 15439 441 4400
541 13640 506 4422
600 15776 441 4398
556 13781 391 4494
543 14114 453 4407
648 17054 473 4370
569 14794 403 4458
648 15937 543 4336
536 13597 393 4487
526 13396 419 4461
638 15914 519 4339
583 14410 465 4380
583 14401 454 4403
639 16254 451 4388
617 16123 377 4500
573 13876 443 4420
621 16260 507 4346
626 15358 493 4360
620 15332 453 4389
622 16022 438 4406
549 14043 418 4442
597 15771 520 4347
576 15014 509 4354
693 18278 507 4342
657 15619 387 4489
546 13348 431 4443
656 16590 508 4342
571 14197 445 4414
552 13907 449 4423
523 13398 441 4427
582 15186 484 4367
637 16712 521 4335
559 14256 443 4417
538 13825 461 4410
655 16583 483 4359
659 16937 495 4352
589 15937 507 4351
542 13782 436 4435
643 16892 495 4353
646 16684 453 4387
577 13859 449 4404
537 13749 413 4467
559 13516 457 4402
584 15092 377 4505
566 14250 379 4504
562 14178 451 4411
578 14984 426 4426
619 16647 484 4361
544 14089 484 4379
525 13890 391 4521
611 15397 479 4370
583 15103 467 4378
551 13762 387 4501
547 13770 437 4440
538 13845 424 4450
615 14761 453 4398
546 14750 448 4414
653 15578 520 4349
556 14587 438 4428
547 14726 443 4418
577 15080 508 4358
536 14093 407 4465
548 14077 421 4449
598 15438 521 4350
597 15066 484 4366
631 15815 485 4358
577 14909 470 4375
634 16214 483 4364
608 14663 403 4462
548 14426 377 4518
575 13543 431 4438
568 14476 427 4426
566 14672 375 4527
615 16635 453 4388
595 15560 415 4437
591 15177 507 4355
558 14489 484 4368
555 14438 391 4489
545 14475 400 4467
625 15927 462 4382
557 14508 469 4396
654 16478 521 4336
637 15147 471 4373
640 15586 387 4491
540 13702 461 4415
599 15128 460 4385
639 16406 439 4399
599 14783 436 4413
564 14056 448 4413
595 15367 389 4477
545 14349 448 4419
584 15546 479 4365
546 14545 483 4382
583 14941 485 4367
630 16203 453 4388
527 13791 429 4432
556 14146 376 4514
685 16885 544 4324
649 15693 472 4371
570 14313 389 4483
629 15185 443 4402
587 15361 453 4395
578 13854 389 4499
570 14077 439 4430
567 13971 391 4490
557 14741 413 4455
545 13650 450 4412
539 14014 461 4407
536 13939 443 4423
631 15164 521 4349
612 15989 507 4350
608 15995 496 4354
576 15042 441 4412
592 15055 472 4373
632 15705 401 4461
558 14085 474 4391
543 13889 423 4432
571 15359 426 4431
592 14610 412 4446
660 15775 507 4348
592 15486 376 4510
628 16305 447 4394
546 13410 425 4454
586 13673 417 4462
675 15649 493 4357
563 14207 443 4418
555 13729 474 4402
586 14954 450 4399
637 15872 449 4395
628 16310 436 4411
626 15953 496 4350
597 15112 391 4476
570 14708 462 4389
610 15860 509 4350
629 16166 413 4441
612 15740 453 4390
603 15412 497 4351
562 14342 417 4446
606 14683 497 4366
641 15796 495 4355
620 15032 495 4363
619 15745 485 4361
532 13830 419 4454
634 15886 462 4381
617 15814 401 4464
554 14128 407 4458
598 16051 509 4339
590 15504 479 4370
583 15315 377 4509
603 15491 401 4466
586 14701 393 4475
614 16037 446 4397
650 16165 495 4353
610 14956 496 4358
563 13897 407 4461
564 14449 474 4384
551 14561 469 4398
656 15995 515 4342
628 16346 473 4372
582 15319 443 4409
631 15509 496 4356
563 14010 405 4466
621 16034 424 4430
615 14909 401 4465
561 14783 415 4440
643 16072 459 4384
542 14191 455 4405
566 14119 469 4396
615 15783 403 4453
589 15331 379 4492
555 14183 474 4394
605 15962 508 4349
584 13969 437 4411
552 14238 417 4450
657 16374 521 4334
604 15372 462 4384
648 16514 461 4381
529 13776 417 4467
597 15921 398 4472
577 15049 427 4415
545 14203 450 4407
636 16383 472 4372
590 14234 465 4395
549 14246 436 4431
639 16296 426 4425
631 16046 474 4371
589 15076 415 4438
570 14420 481 4369
622 14742 453 4394
616 16081 485 4361
597 15297 453 4392
576 14924 461 4389
575 14356 441 4420
558 14111 429 4426
614 15780 507 4349
555 14274 429 4431
561 14293 469 4392
629 16342 497 4349
637 16496 483 4361
589 15217 453 4395
657 15924 483 4364
556 14380 455 4397
652 16679 521 4336
592 15239 391 4480
592 14891 461 4385
559 14322 439 4424
593 14680 407 4456
617 15773 493 4360
566 14726 413 4454
640 15397 486 4361
583 13886 429 4427
576 14357 448 4412
657 15965 461 4383
543 14059 438 4431
632 15633 465 4375
619 16011 493 4358
561 14569 450 4402
559 13691 441 4422
622 15892 496 4353
546 13672 401 4476
615 16188 437 4410
540 13909 412 4462
565 14287 437 4421
635 16511 459 4385
621 16149 508 4347
592 15635 460 4389
615 16409 479 4363
567 14313 467 4391
595 14999 507 4353
549 14048 455 4406
