25 1.45819
617 14925 451 4937
648 17139 432 4880
631 17024 523 4844
773 20253 393 4895
615 15855 429 4956
677 17349 384 4981
684 17964 435 4818
700 18555 400 4891
712 18132 438 4780
731 18567 392 4897
646 16288 406 4936
674 17317 457 4749
680 16958 418 4904
701 17651 393 4952
775 17700 404 4898
786 19670 399 4878
620 16498 409 4953
639 16351 439 4829
660 17846 417 4911
661 16943 426 4829
662 17594 417 4911
665 17179 406 4844
680 17966 454 4787
684 18550 408 4826
690 16214 440 4828
692 17720 434 4822
699 17916 426 4819
704 17828 403 4895
708 18725 400 4852
720 18524 425 4824
731 18134 384 4898
775 20446 433 4794
794 20497 426 4807
600 15548 444 4872
622 15069 420 4886
655 17272 464 4746
655 17333 444 4801
660 17403 393 4982
663 17172 425 4876
665 16964 418 4924
681 17325 425 4828
683 18203 446 4751
693 17962 445 4785
706 17888 404 4837
740 19180 418 4819
770 20437 410 4813
772 20489 402 4814
